0	-0.875000	0.937500
1	-1.000000	1.000000
2	-1.000000	1.000000
3	-0.812500	0.906250
4	-0.875000	0.937500
5	-1.000000	1.000000
6	-1.000000	1.000000
7	-1.000000	1.000000
8	-0.687500	0.687500
9	-0.937500	0.968750
10	-0.875000	0.906250
11	-0.937500	0.968750
12	-1.000000	1.000000
13	-0.843750	0.906250
14	-1.000000	1.000000
15	-1.000000	1.000000
16	-0.937500	0.968750
17	-1.000000	1.000000
18	-0.906250	0.937500
19	-0.937500	0.968750
20	-0.812500	0.843750
21	-1.000000	1.000000
22	-0.812500	0.906250
23	-0.937500	0.968750
24	-0.750000	0.812500
25	-0.875000	0.937500
26	-0.937500	0.968750
27	-0.937500	0.968750
28	-1.000000	1.000000
29	-0.812500	0.906250
30	-0.875000	0.937500
31	-1.000000	1.000000
32	-1.000000	1.000000
33	-0.875000	0.937500
34	-0.937500	0.968750
35	-1.000000	1.000000
36	-0.875000	0.937500
37	-0.843750	0.906250
38	-0.875000	0.937500
39	-0.812500	0.843750
40	-0.875000	0.937500
41	-0.937500	0.968750
42	-0.875000	0.906250
43	-0.937500	0.968750
44	-1.000000	1.000000
45	-0.937500	0.968750
46	-1.000000	1.000000
47	-0.875000	0.937500
48	-1.000000	1.000000
49	-0.937500	0.968750
50	-0.906250	0.937500
51	-1.000000	1.000000
52	-1.000000	1.000000
53	-0.937500	0.968750
54	-1.000000	1.000000
55	-0.843750	0.906250
56	-0.781250	0.750000
57	-1.000000	1.000000
58	-1.000000	1.000000
59	-1.000000	1.000000
60	-0.937500	0.968750
61	-1.000000	1.000000
62	-1.000000	1.000000
63	-0.906250	0.937500
64	-1.000000	1.000000
65	-0.937500	0.968750
66	-1.000000	1.000000
67	-0.937500	0.968750
68	-0.875000	0.906250
69	-0.937500	0.968750
70	-0.937500	0.968750
71	-1.000000	1.000000
72	-1.000000	1.000000
73	-1.000000	1.000000
74	-1.000000	1.000000
75	-0.843750	0.906250
76	-0.750000	0.843750
77	-1.000000	1.000000
78	-0.843750	0.906250
79	-0.781250	0.781250
80	-1.000000	1.000000
81	-1.000000	1.000000
82	-1.000000	1.000000
83	-1.000000	1.000000
84	-0.843750	0.906250
85	-0.843750	0.906250
86	-0.937500	0.968750
87	-0.937500	0.968750
88	-1.000000	1.000000
89	-0.937500	0.968750
90	-0.843750	0.906250
91	-1.000000	1.000000
92	-0.906250	0.937500
93	-0.843750	0.906250
94	-1.000000	1.000000
95	-1.000000	1.000000
96	-0.875000	0.906250
97	-0.906250	0.937500
98	-1.000000	1.000000
99	-1.000000	1.000000
100	-0.937500	0.968750
101	-1.000000	1.000000
102	-1.000000	1.000000
103	-0.937500	0.968750
104	-0.937500	0.968750
105	-0.937500	0.968750
106	-0.906250	0.937500
107	-1.000000	1.000000
108	-1.000000	1.000000
109	-0.937500	0.968750
110	-0.906250	0.937500
111	-0.875000	0.937500
112	-1.000000	1.000000
113	-0.875000	0.937500
114	-1.000000	1.000000
115	-1.000000	1.000000
116	-1.000000	1.000000
117	-0.875000	0.937500
118	-1.000000	1.000000
119	-1.000000	1.000000
120	-1.000000	1.000000
121	-0.812500	0.875000
122	-0.812500	0.875000
123	-0.937500	0.968750
124	-0.937500	0.968750
125	-1.000000	1.000000
126	-0.906250	0.937500
127	-0.750000	0.843750
128	-1.000000	1.000000
129	-0.937500	0.968750
130	-0.875000	0.937500
131	-0.875000	0.937500
132	-0.843750	0.906250
133	-0.937500	0.968750
134	-1.000000	1.000000
135	-0.937500	0.968750
136	-0.875000	0.937500
137	-0.875000	0.937500
138	-0.843750	0.906250
139	-1.000000	1.000000
140	-0.937500	0.968750
141	-0.843750	0.906250
142	-1.000000	1.000000
143	-0.937500	0.968750
144	-0.875000	0.937500
145	-0.843750	0.906250
146	-1.000000	1.000000
147	-0.906250	0.937500
148	-1.000000	1.000000
149	-0.937500	0.968750
150	-0.812500	0.875000
151	-0.937500	0.968750
152	-0.937500	0.968750
153	-1.000000	1.000000
154	-1.000000	1.000000
155	-0.906250	0.937500
156	-0.937500	0.968750
157	-0.937500	0.968750
158	-1.000000	1.000000
159	-0.937500	0.968750
160	-1.000000	1.000000
161	-0.906250	0.937500
162	-1.000000	1.000000
163	-1.000000	1.000000
164	-1.000000	1.000000
165	-1.000000	1.000000
166	-1.000000	1.000000
167	-0.906250	0.937500
168	-1.000000	1.000000
169	-0.875000	0.937500
170	-0.875000	0.937500
171	-1.000000	1.000000
172	-1.000000	1.000000
173	-1.000000	1.000000
174	-1.000000	1.000000
175	-1.000000	1.000000
176	-0.937500	0.968750
177	-0.875000	0.937500
178	-1.000000	1.000000
179	-1.000000	1.000000
180	-1.000000	1.000000
181	-0.937500	0.968750
182	-0.937500	0.968750
183	-1.000000	1.000000
184	-1.000000	1.000000
185	-0.937500	0.968750
186	-1.000000	1.000000
187	-1.000000	1.000000
188	-1.000000	1.000000
189	-0.906250	0.937500
190	-1.000000	1.000000
191	-0.937500	0.968750
192	-0.937500	0.968750
193	-1.000000	1.000000
194	-0.937500	0.968750
195	-1.000000	1.000000
196	-0.937500	0.968750
197	-0.750000	0.875000
198	-0.937500	0.968750
199	-0.937500	0.968750
200	-0.906250	0.937500
201	-1.000000	1.000000
202	-0.937500	0.968750
203	-1.000000	1.000000
204	-1.000000	1.000000
205	-0.937500	0.968750
206	-0.937500	0.968750
207	-1.000000	1.000000
208	-1.000000	1.000000
209	-0.812500	0.843750
210	-1.000000	1.000000
211	-0.937500	0.968750
212	-1.000000	1.000000
213	-1.000000	1.000000
214	-1.000000	1.000000
215	-1.000000	1.000000
216	-0.750000	0.812500
217	-0.937500	0.968750
218	-1.000000	1.000000
219	-0.937500	0.968750
220	-1.000000	1.000000
221	-0.937500	0.968750
222	-0.875000	0.937500
223	-0.875000	0.875000
224	-1.000000	1.000000
225	-1.000000	1.000000
226	-0.937500	0.968750
227	-0.937500	0.968750
228	-0.875000	0.937500
229	-0.937500	0.968750
230	-1.000000	1.000000
231	-1.000000	1.000000
232	-1.000000	1.000000
233	-0.937500	0.968750
234	-1.000000	1.000000
235	-0.781250	0.812500
236	-1.000000	1.000000
237	-0.687500	0.781250
238	-0.937500	0.968750
239	-1.000000	1.000000
240	-0.937500	0.968750
241	-1.000000	1.000000
242	-1.000000	1.000000
243	-0.937500	0.968750
244	-1.000000	1.000000
245	-1.000000	1.000000
246	-0.937500	0.968750
247	-0.937500	0.968750
248	-0.812500	0.906250
249	-1.000000	1.000000
250	-1.000000	1.000000
251	-1.000000	1.000000
252	-1.000000	1.000000
253	-0.937500	0.968750
254	-1.000000	1.000000
255	-1.000000	1.000000
256	-0.937500	0.968750
257	-0.781250	0.875000
258	-1.000000	1.000000
259	-1.000000	1.000000
260	-1.000000	1.000000
261	-1.000000	1.000000
262	-1.000000	1.000000
263	-0.875000	0.937500
264	-0.875000	0.875000
265	-0.906250	0.937500
266	-0.937500	0.968750
267	-0.843750	0.906250
268	-0.937500	0.968750
269	-0.687500	0.718750
270	-1.000000	1.000000
271	-0.781250	0.875000
272	-0.812500	0.875000
273	-0.937500	0.968750
274	-0.843750	0.906250
275	-0.906250	0.937500
276	-1.000000	1.000000
277	-0.937500	0.968750
278	-0.843750	0.875000
279	-0.812500	0.781250
280	-0.937500	0.968750
281	-1.000000	1.000000
282	-0.937500	0.968750
283	-0.937500	0.968750
284	-1.000000	1.000000
285	-0.937500	0.968750
286	-0.937500	0.968750
287	-1.000000	1.000000
288	-1.000000	1.000000
289	-1.000000	1.000000
290	-1.000000	1.000000
291	-1.000000	1.000000
292	-1.000000	1.000000
293	-0.937500	0.968750
294	-0.812500	0.781250
295	-0.937500	0.968750
296	-0.906250	0.937500
297	-0.812500	0.906250
298	-0.843750	0.875000
299	-0.937500	0.968750
300	-1.000000	1.000000
301	-0.812500	0.906250
302	-0.937500	0.968750
303	-1.000000	1.000000
304	-0.937500	0.968750
305	-0.937500	0.968750
306	-1.000000	1.000000
307	-0.937500	0.968750
308	-0.937500	0.968750
309	-0.906250	0.937500
310	-0.937500	0.968750
311	-0.750000	0.812500
312	-1.000000	1.000000
313	-1.000000	1.000000
314	-0.937500	0.968750
315	-0.937500	0.968750
316	-1.000000	1.000000
317	-0.937500	0.968750
318	-0.906250	0.937500
319	-1.000000	1.000000
320	-1.000000	1.000000
321	-0.906250	0.937500
322	-0.875000	0.937500
323	-0.906250	0.937500
324	-1.000000	1.000000
325	-1.000000	1.000000
326	-0.812500	0.875000
327	-0.875000	0.937500
328	-1.000000	1.000000
329	-0.937500	0.968750
330	-1.000000	1.000000
331	-0.937500	0.968750
332	-1.000000	1.000000
333	-0.937500	0.968750
334	-1.000000	1.000000
335	-1.000000	1.000000
336	-0.875000	0.937500
337	-1.000000	1.000000
338	-0.937500	0.968750
339	-0.937500	0.968750
340	-1.000000	1.000000
341	-1.000000	1.000000
342	-0.937500	0.968750
343	-1.000000	1.000000
344	-0.937500	0.968750
345	-0.937500	0.968750
346	-1.000000	1.000000
347	-0.875000	0.875000
348	-1.000000	1.000000
349	-1.000000	1.000000
350	-1.000000	1.000000
351	-1.000000	1.000000
352	-0.937500	0.968750
353	-1.000000	1.000000
354	-0.937500	0.968750
355	-1.000000	1.000000
356	-1.000000	1.000000
357	-0.906250	0.937500
358	-1.000000	1.000000
359	-0.937500	0.968750
360	-0.875000	0.937500
361	-0.937500	0.968750
362	-1.000000	1.000000
363	-1.000000	1.000000
364	-0.937500	0.968750
365	-1.000000	1.000000
366	-1.000000	1.000000
367	-1.000000	1.000000
368	-1.000000	1.000000
369	-1.000000	1.000000
370	-1.000000	1.000000
371	-0.937500	0.968750
372	-0.937500	0.968750
373	-0.906250	0.937500
374	-0.937500	0.968750
375	-1.000000	1.000000
376	-1.000000	1.000000
377	-1.000000	1.000000
378	-0.937500	0.968750
379	-1.000000	1.000000
380	-0.937500	0.968750
381	-1.000000	1.000000
382	-0.812500	0.875000
383	-0.937500	0.968750
384	-0.812500	0.906250
385	-0.937500	0.968750
386	-1.000000	1.000000
387	-1.000000	1.000000
388	-0.937500	0.968750
389	-1.000000	1.000000
390	-0.937500	0.968750
391	-0.875000	0.937500
392	-1.000000	1.000000
393	-0.937500	0.968750
394	-0.937500	0.968750
395	-0.937500	0.968750
396	-1.000000	1.000000
397	-1.000000	1.000000
398	-0.937500	0.968750
399	-1.000000	1.000000
400	-0.937500	0.968750
401	-1.000000	1.000000
402	-0.937500	0.968750
403	-1.000000	1.000000
404	-1.000000	1.000000
405	-1.000000	1.000000
406	-1.000000	1.000000
407	-0.875000	0.937500
408	-0.937500	0.968750
409	-0.875000	0.906250
410	-0.937500	0.968750
411	-1.000000	1.000000
412	-1.000000	1.000000
413	-0.937500	0.968750
414	-1.000000	1.000000
415	-0.937500	0.968750
416	-0.937500	0.968750
417	-1.000000	1.000000
418	-1.000000	1.000000
419	-1.000000	1.000000
420	-0.875000	0.937500
421	-0.937500	0.968750
422	-0.937500	0.968750
423	-1.000000	1.000000
424	-1.000000	1.000000
425	-0.937500	0.968750
426	-0.843750	0.906250
427	-1.000000	1.000000
428	-1.000000	1.000000
429	-1.000000	1.000000
430	-1.000000	1.000000
431	-1.000000	1.000000
432	-0.843750	0.906250
433	-0.875000	0.937500
434	-1.000000	1.000000
435	-0.875000	0.937500
436	-0.937500	0.968750
437	-1.000000	1.000000
438	-0.875000	0.906250
439	-1.000000	1.000000
440	-1.000000	1.000000
441	-1.000000	1.000000
442	-0.906250	0.937500
443	-1.000000	1.000000
444	-0.937500	0.968750
445	-0.843750	0.906250
446	-0.937500	0.968750
447	-0.843750	0.875000
448	-0.937500	0.968750
449	-1.000000	1.000000
450	-1.000000	1.000000
451	-1.000000	1.000000
452	-1.000000	1.000000
453	-0.875000	0.937500
454	-0.875000	0.937500
455	-1.000000	1.000000
456	-1.000000	1.000000
457	-0.812500	0.906250
458	-0.906250	0.937500
459	-0.937500	0.968750
460	-0.937500	0.968750
461	-0.937500	0.968750
462	-0.937500	0.968750
463	-0.843750	0.906250
464	-1.000000	1.000000
465	-0.937500	0.968750
466	-0.937500	0.968750
467	-0.843750	0.906250
468	-0.875000	0.937500
469	-1.000000	1.000000
470	-0.812500	0.875000
471	-1.000000	1.000000
472	-1.000000	1.000000
473	-1.000000	1.000000
474	-0.718750	0.781250
475	-0.812500	0.875000
476	-1.000000	1.000000
477	-1.000000	1.000000
478	-0.937500	0.968750
479	-1.000000	1.000000
480	-1.000000	1.000000
481	-1.000000	1.000000
482	-1.000000	1.000000
483	-1.000000	1.000000
484	-0.937500	0.968750
485	-0.906250	0.937500
486	-1.000000	1.000000
487	-1.000000	1.000000
488	-0.906250	0.937500
489	-0.937500	0.968750
490	-1.000000	1.000000
491	-0.937500	0.968750
492	-1.000000	1.000000
493	-1.000000	1.000000
494	-1.000000	1.000000
495	-1.000000	1.000000
496	-1.000000	1.000000
497	-0.812500	0.875000
498	-1.000000	1.000000
499	-1.000000	1.000000
500	-1.000000	1.000000
501	-0.937500	0.968750
502	-0.906250	0.937500
503	-1.000000	1.000000
504	-0.812500	0.875000
505	-0.937500	0.968750
506	-1.000000	1.000000
507	-0.937500	0.968750
508	-1.000000	1.000000
509	-1.000000	1.000000
510	-1.000000	1.000000
511	-1.000000	1.000000
512	-1.000000	1.000000
513	-1.000000	1.000000
514	-1.000000	1.000000
515	-0.937500	0.968750
516	-0.781250	0.875000
517	-1.000000	1.000000
518	-1.000000	1.000000
519	-1.000000	1.000000
520	-0.937500	0.968750
521	-0.812500	0.875000
522	-1.000000	1.000000
523	-0.875000	0.937500
524	-1.000000	1.000000
525	-1.000000	1.000000
526	-0.718750	0.843750
527	-0.937500	0.968750
528	-0.906250	0.937500
529	-0.937500	0.968750
530	-0.937500	0.968750
531	-0.937500	0.968750
532	-1.000000	1.000000
533	-1.000000	1.000000
534	-0.937500	0.968750
535	-0.937500	0.968750
536	-0.750000	0.875000
537	-1.000000	1.000000
538	-1.000000	1.000000
539	-0.843750	0.906250
540	-1.000000	1.000000
541	-0.937500	0.968750
542	-0.937500	0.968750
543	-0.937500	0.968750
544	-0.937500	0.968750
545	-1.000000	1.000000
546	-0.937500	0.968750
547	-0.937500	0.968750
548	-0.906250	0.937500
549	-0.937500	0.968750
550	-0.875000	0.906250
551	-1.000000	1.000000
552	-0.718750	0.812500
553	-0.875000	0.937500
554	-1.000000	1.000000
555	-0.937500	0.968750
556	-0.937500	0.968750
557	-0.843750	0.906250
558	-1.000000	1.000000
559	-0.937500	0.968750
560	-1.000000	1.000000
561	-0.875000	0.937500
562	-0.875000	0.937500
563	-1.000000	1.000000
564	-1.000000	1.000000
565	-1.000000	1.000000
566	-1.000000	1.000000
567	-0.937500	0.968750
568	-1.000000	1.000000
569	-0.906250	0.937500
570	-1.000000	1.000000
571	-0.875000	0.937500
572	-0.937500	0.968750
573	-0.875000	0.937500
574	-1.000000	1.000000
575	-0.937500	0.968750
576	-0.937500	0.968750
577	-0.906250	0.937500
578	-0.906250	0.937500
579	-1.000000	1.000000
580	-0.937500	0.968750
581	-0.937500	0.968750
582	-1.000000	1.000000
583	-0.937500	0.968750
584	-1.000000	1.000000
585	-1.000000	1.000000
586	-0.937500	0.968750
587	-0.937500	0.968750
588	-1.000000	1.000000
589	-0.875000	0.937500
590	-0.875000	0.937500
591	-0.875000	0.937500
592	-1.000000	1.000000
593	-0.937500	0.968750
594	-1.000000	1.000000
595	-1.000000	1.000000
596	-0.875000	0.937500
597	-0.875000	0.937500
598	-0.875000	0.937500
599	-0.937500	0.968750
600	-1.000000	1.000000
601	-0.937500	0.968750
602	-0.937500	0.968750
603	-0.937500	0.968750
604	-1.000000	1.000000
605	-1.000000	1.000000
606	-1.000000	1.000000
607	-1.000000	1.000000
608	-1.000000	1.000000
609	-1.000000	1.000000
610	-1.000000	1.000000
611	-0.812500	0.875000
612	-1.000000	1.000000
613	-1.000000	1.000000
614	-0.906250	0.937500
615	-0.875000	0.937500
616	-0.906250	0.937500
617	-0.875000	0.906250
618	-0.843750	0.906250
619	-0.718750	0.843750
620	-1.000000	1.000000
621	-0.906250	0.937500
622	-1.000000	1.000000
623	-0.937500	0.968750
624	-1.000000	1.000000
625	-0.937500	0.968750
626	-0.812500	0.906250
627	-0.750000	0.781250
628	-1.000000	1.000000
629	-0.875000	0.906250
630	-0.875000	0.937500
631	-0.906250	0.937500
632	-0.875000	0.937500
633	-1.000000	1.000000
634	-0.875000	0.937500
635	-1.000000	1.000000
636	-0.937500	0.968750
637	-1.000000	1.000000
638	-0.937500	0.968750
639	-0.937500	0.968750
640	-0.937500	0.968750
641	-0.875000	0.937500
642	-1.000000	1.000000
643	-1.000000	1.000000
644	-1.000000	1.000000
645	-0.906250	0.937500
646	-0.875000	0.937500
647	-1.000000	1.000000
648	-0.937500	0.968750
649	-1.000000	1.000000
650	-1.000000	1.000000
651	-1.000000	1.000000
652	-0.937500	0.968750
653	-0.937500	0.968750
654	-0.937500	0.968750
655	-0.781250	0.875000
656	-1.000000	1.000000
657	-0.812500	0.906250
658	-1.000000	1.000000
659	-1.000000	1.000000
660	-1.000000	1.000000
661	-0.937500	0.968750
662	-1.000000	1.000000
663	-0.812500	0.906250
664	-0.937500	0.968750
665	-1.000000	1.000000
666	-1.000000	1.000000
667	-1.000000	1.000000
668	-1.000000	1.000000
669	-0.937500	0.968750
670	-0.906250	0.937500
671	-0.937500	0.968750
672	-0.937500	0.968750
673	-1.000000	1.000000
674	-0.937500	0.968750
675	-0.906250	0.937500
676	-0.937500	0.968750
677	-1.000000	1.000000
678	-0.843750	0.906250
679	-1.000000	1.000000
680	-0.843750	0.906250
681	-1.000000	1.000000
682	-0.781250	0.875000
683	-1.000000	1.000000
684	-1.000000	1.000000
685	-1.000000	1.000000
686	-1.000000	1.000000
687	-1.000000	1.000000
688	-1.000000	1.000000
689	-0.937500	0.968750
690	-1.000000	1.000000
691	-0.937500	0.968750
692	-0.937500	0.968750
693	-0.937500	0.968750
694	-1.000000	1.000000
695	-0.875000	0.937500
696	-1.000000	1.000000
697	-0.937500	0.968750
698	-0.937500	0.968750
699	-0.937500	0.968750
700	-0.937500	0.968750
701	-1.000000	1.000000
702	-0.937500	0.968750
703	-0.906250	0.937500
704	-0.843750	0.906250
705	-1.000000	1.000000
706	-1.000000	1.000000
707	-1.000000	1.000000
708	-0.687500	0.781250
709	-0.937500	0.968750
710	-1.000000	1.000000
711	-0.937500	0.968750
712	-0.937500	0.968750
713	-0.937500	0.968750
714	-1.000000	1.000000
715	-1.000000	1.000000
716	-0.750000	0.843750
717	-1.000000	1.000000
718	-1.000000	1.000000
719	-0.812500	0.875000
720	-0.937500	0.968750
721	-1.000000	1.000000
722	-1.000000	1.000000
723	-0.843750	0.906250
724	-0.937500	0.968750
725	-1.000000	1.000000
726	-1.000000	1.000000
727	-0.906250	0.937500
728	-1.000000	1.000000
729	-0.937500	0.968750
730	-1.000000	1.000000
731	-1.000000	1.000000
732	-1.000000	1.000000
733	-1.000000	1.000000
734	-1.000000	1.000000
735	-1.000000	1.000000
736	-1.000000	1.000000
737	-0.906250	0.937500
738	-1.000000	1.000000
739	-0.875000	0.906250
740	-1.000000	1.000000
741	-0.937500	0.968750
742	-0.875000	0.906250
743	-0.875000	0.937500
744	-0.937500	0.968750
745	-0.875000	0.937500
746	-0.875000	0.937500
747	-1.000000	1.000000
748	-0.937500	0.968750
749	-0.937500	0.968750
750	-1.000000	1.000000
751	-1.000000	1.000000
752	-1.000000	1.000000
753	-0.937500	0.968750
754	-1.000000	1.000000
755	-1.000000	1.000000
756	-0.937500	0.968750
757	-1.000000	1.000000
758	-1.000000	1.000000
759	-0.937500	0.968750
760	-0.875000	0.937500
761	-1.000000	1.000000
762	-0.812500	0.875000
763	-1.000000	1.000000
764	-1.000000	1.000000
765	-0.937500	0.968750
766	-1.000000	1.000000
767	-0.843750	0.843750
768	-0.937500	0.968750
769	-0.812500	0.906250
770	-0.843750	0.812500
771	-0.937500	0.968750
772	-1.000000	1.000000
773	-1.000000	1.000000
774	-0.937500	0.968750
775	-0.875000	0.906250
776	-1.000000	1.000000
777	-1.000000	1.000000
778	-0.875000	0.937500
779	-1.000000	1.000000
780	-1.000000	1.000000
781	-1.000000	1.000000
782	-0.937500	0.968750
783	-1.000000	1.000000
784	-0.781250	0.875000
785	-1.000000	1.000000
786	-0.937500	0.968750
787	-1.000000	1.000000
788	-0.937500	0.968750
789	-0.937500	0.968750
790	-0.937500	0.968750
791	-1.000000	1.000000
792	-1.000000	1.000000
793	-0.781250	0.781250
794	-1.000000	1.000000
795	-0.937500	0.968750
796	-1.000000	1.000000
797	-0.937500	0.968750
798	-0.906250	0.937500
799	-1.000000	1.000000
800	-1.000000	1.000000
801	-0.875000	0.937500
802	-0.937500	0.968750
803	-1.000000	1.000000
804	-0.937500	0.968750
805	-0.843750	0.906250
806	-0.937500	0.968750
807	-0.906250	0.937500
808	-0.843750	0.906250
809	-0.937500	0.968750
810	-1.000000	1.000000
811	-0.937500	0.968750
812	-0.937500	0.968750
813	-1.000000	1.000000
814	-1.000000	1.000000
815	-0.906250	0.937500
816	-1.000000	1.000000
817	-0.937500	0.968750
818	-1.000000	1.000000
819	-0.937500	0.968750
820	-1.000000	1.000000
821	-0.843750	0.906250
822	-1.000000	1.000000
823	-1.000000	1.000000
824	-1.000000	1.000000
825	-0.937500	0.968750
826	-1.000000	1.000000
827	-0.937500	0.968750
828	-0.937500	0.968750
829	-0.937500	0.968750
830	-1.000000	1.000000
831	-0.875000	0.937500
832	-1.000000	1.000000
833	-1.000000	1.000000
834	-0.937500	0.968750
835	-0.937500	0.968750
836	-0.937500	0.968750
837	-0.843750	0.906250
838	-1.000000	1.000000
839	-0.812500	0.875000
840	-0.843750	0.906250
841	-1.000000	1.000000
842	-0.906250	0.937500
843	-0.875000	0.937500
844	-0.937500	0.968750
845	-0.937500	0.968750
846	-0.750000	0.875000
847	-0.937500	0.968750
848	-0.937500	0.968750
849	-1.000000	1.000000
850	-1.000000	1.000000
851	-0.875000	0.937500
852	-1.000000	1.000000
853	-1.000000	1.000000
854	-0.843750	0.875000
855	-0.937500	0.968750
856	-1.000000	1.000000
857	-1.000000	1.000000
858	-0.906250	0.937500
859	-1.000000	1.000000
860	-0.906250	0.937500
861	-1.000000	1.000000
862	-1.000000	1.000000
863	-0.937500	0.968750
864	-1.000000	1.000000
865	-0.812500	0.875000
866	-1.000000	1.000000
867	-1.000000	1.000000
868	-0.937500	0.968750
869	-1.000000	1.000000
870	-1.000000	1.000000
871	-0.656250	0.718750
872	-1.000000	1.000000
873	-0.937500	0.968750
874	-1.000000	1.000000
875	-1.000000	1.000000
876	-0.937500	0.968750
877	-0.906250	0.937500
878	-1.000000	1.000000
879	-0.937500	0.968750
880	-0.937500	0.968750
881	-0.937500	0.968750
882	-1.000000	1.000000
883	-0.875000	0.906250
884	-1.000000	1.000000
885	-0.937500	0.968750
886	-1.000000	1.000000
887	-0.812500	0.750000
888	-0.937500	0.968750
889	-0.937500	0.968750
890	-1.000000	1.000000
891	-0.781250	0.875000
892	-0.937500	0.968750
893	-0.937500	0.968750
894	-1.000000	1.000000
895	-1.000000	1.000000
896	-0.937500	0.968750
897	-0.937500	0.968750
898	-1.000000	1.000000
899	-1.000000	1.000000
900	-0.906250	0.937500
901	-1.000000	1.000000
902	-0.937500	0.968750
903	-1.000000	1.000000
904	-0.937500	0.968750
905	-1.000000	1.000000
906	-0.781250	0.843750
907	-0.937500	0.968750
908	-1.000000	1.000000
909	-1.000000	1.000000
910	-0.937500	0.968750
911	-0.937500	0.968750
912	-1.000000	1.000000
913	-0.937500	0.968750
914	-1.000000	1.000000
915	-0.937500	0.968750
916	-0.937500	0.968750
917	-0.781250	0.875000
918	-1.000000	1.000000
919	-0.750000	0.781250
920	-1.000000	1.000000
921	-0.875000	0.937500
922	-0.781250	0.875000
923	-0.875000	0.937500
924	-1.000000	1.000000
925	-1.000000	1.000000
926	-0.781250	0.843750
927	-1.000000	1.000000
928	-0.906250	0.937500
929	-0.937500	0.968750
930	-0.937500	0.968750
931	-0.937500	0.968750
932	-1.000000	1.000000
933	-1.000000	1.000000
934	-0.937500	0.968750
935	-1.000000	1.000000
936	-1.000000	1.000000
937	-0.937500	0.968750
938	-0.937500	0.968750
939	-0.937500	0.968750
940	-1.000000	1.000000
941	-0.781250	0.875000
942	-0.937500	0.968750
943	-0.875000	0.937500
944	-0.687500	0.781250
945	-1.000000	1.000000
946	-1.000000	1.000000
947	-0.937500	0.968750
948	-1.000000	1.000000
949	-1.000000	1.000000
950	-0.781250	0.812500
951	-0.937500	0.968750
952	-0.937500	0.968750
953	-0.937500	0.968750
954	-1.000000	1.000000
955	-0.875000	0.937500
956	-0.875000	0.937500
957	-0.937500	0.968750
958	-0.875000	0.937500
959	-0.937500	0.968750
960	-0.937500	0.968750
961	-0.937500	0.968750
962	-0.937500	0.968750
963	-0.937500	0.968750
964	-1.000000	1.000000
965	-0.906250	0.937500
966	-1.000000	1.000000
967	-0.937500	0.968750
968	-0.937500	0.968750
969	-1.000000	1.000000
970	-1.000000	1.000000
971	-1.000000	1.000000
972	-1.000000	1.000000
973	-1.000000	1.000000
974	-1.000000	1.000000
975	-0.875000	0.937500
976	-1.000000	1.000000
977	-0.843750	0.906250
978	-0.875000	0.937500
979	-0.843750	0.812500
980	-1.000000	1.000000
981	-1.000000	1.000000
982	-1.000000	1.000000
983	-0.937500	0.968750
984	-0.906250	0.937500
985	-1.000000	1.000000
986	-0.937500	0.968750
987	-1.000000	1.000000
988	-0.937500	0.968750
989	-1.000000	1.000000
990	-1.000000	1.000000
991	-1.000000	1.000000
992	-0.875000	0.937500
993	-1.000000	1.000000
994	-0.937500	0.968750
995	-0.875000	0.937500
996	-1.000000	1.000000
997	-1.000000	1.000000
998	-1.000000	1.000000
999	-0.875000	0.906250
