0	-0.031250	0.000000
1	-0.031250	-0.031250
2	-0.062500	0.000000
3	-0.156250	-0.093750
4	-0.218750	0.062500
5	-0.187500	0.000000
6	-0.125000	-0.031250
7	-0.187500	-0.218750
8	-0.031250	0.062500
9	-0.031250	-0.125000
10	0.000000	0.187500
11	0.031250	-0.125000
12	-0.093750	0.125000
13	-0.031250	-0.031250
14	0.000000	0.125000
15	-0.062500	-0.125000
16	-0.125000	0.062500
17	0.000000	0.062500
18	0.000000	-0.125000
19	-0.093750	0.093750
20	0.031250	-0.125000
21	-0.125000	0.062500
22	-0.031250	0.062500
23	-0.093750	0.031250
24	-0.093750	0.250000
25	-0.125000	-0.156250
26	-0.062500	0.000000
27	-0.187500	0.062500
28	-0.125000	-0.125000
29	-0.093750	0.000000
30	-0.093750	0.281250
31	0.062500	-0.187500
32	-0.031250	0.125000
33	-0.187500	-0.187500
34	-0.062500	-0.125000
35	-0.187500	0.000000
36	-0.218750	0.031250
37	-0.125000	0.031250
38	-0.031250	-0.093750
39	0.000000	-0.093750
40	-0.093750	-0.187500
41	-0.093750	0.062500
42	-0.125000	-0.031250
43	-0.031250	-0.062500
44	-0.031250	-0.031250
45	-0.062500	0.062500
46	-0.156250	-0.156250
47	-0.031250	0.156250
48	0.062500	0.031250
49	0.062500	0.093750
50	-0.125000	0.062500
51	-0.125000	-0.187500
52	-0.062500	0.062500
53	-0.031250	0.031250
54	-0.031250	0.093750
55	-0.156250	0.093750
56	-0.062500	-0.093750
57	-0.093750	0.218750
58	-0.156250	-0.312500
59	0.062500	0.187500
60	0.125000	0.000000
61	0.062500	0.031250
62	0.031250	0.062500
63	0.156250	-0.125000
64	-0.031250	0.062500
65	-0.062500	0.156250
66	-0.093750	-0.156250
67	-0.125000	0.218750
68	-0.093750	0.031250
69	0.031250	-0.031250
70	0.156250	0.062500
71	-0.031250	-0.031250
72	0.062500	0.093750
73	0.062500	-0.125000
74	-0.031250	0.125000
75	0.062500	0.000000
76	-0.031250	-0.093750
77	-0.062500	-0.125000
78	-0.187500	0.187500
79	-0.125000	-0.093750
80	-0.125000	-0.062500
81	-0.031250	0.062500
82	-0.125000	-0.187500
83	-0.093750	0.062500
84	-0.093750	-0.031250
85	-0.062500	0.031250
86	0.125000	-0.062500
87	0.156250	0.000000
88	-0.031250	0.062500
89	-0.093750	0.062500
90	-0.031250	0.187500
91	-0.062500	-0.093750
92	-0.031250	0.062500
93	-0.156250	0.187500
94	-0.125000	0.062500
95	0.000000	0.031250
96	0.062500	0.031250
97	0.093750	0.062500
98	0.125000	-0.218750
99	0.125000	0.218750
100	-0.187500	-0.156250
101	-0.031250	0.187500
102	-0.062500	-0.093750
103	-0.093750	0.000000
104	0.031250	-0.156250
105	0.062500	0.062500
106	0.031250	0.062500
107	-0.031250	0.000000
108	-0.125000	0.125000
109	0.000000	-0.125000
110	-0.031250	0.156250
111	0.000000	0.031250
112	-0.031250	0.031250
113	-0.062500	0.031250
114	-0.156250	-0.125000
115	-0.031250	0.187500
116	0.062500	-0.062500
117	0.125000	0.125000
118	0.031250	-0.062500
119	-0.062500	-0.062500
120	-0.156250	0.125000
121	0.000000	-0.093750
122	0.093750	0.093750
123	-0.125000	0.093750
124	-0.218750	0.031250
125	-0.125000	0.000000
126	-0.062500	0.031250
127	0.000000	-0.125000
128	-0.031250	0.062500
129	0.031250	0.125000
130	-0.031250	0.062500
131	-0.062500	-0.125000
132	-0.062500	0.093750
133	0.000000	0.062500
134	0.093750	-0.093750
135	0.093750	0.093750
136	0.093750	-0.187500
137	0.093750	0.125000
138	0.000000	-0.156250
139	0.031250	0.093750
140	-0.062500	-0.093750
141	-0.031250	0.000000
142	-0.031250	0.156250
143	-0.031250	0.062500
144	0.031250	0.125000
145	0.031250	-0.093750
146	0.062500	0.000000
147	-0.093750	0.031250
148	-0.093750	-0.031250
149	-0.125000	-0.093750
150	0.031250	-0.031250
151	0.062500	0.031250
152	0.031250	-0.156250
153	-0.093750	0.000000
154	0.000000	-0.156250
155	-0.062500	0.218750
156	0.031250	0.000000
157	-0.031250	-0.125000
158	0.062500	-0.062500
159	0.031250	0.093750
160	0.093750	0.062500
161	0.000000	-0.062500
162	-0.062500	-0.125000
163	-0.156250	0.218750
164	-0.125000	-0.187500
165	0.000000	0.218750
166	0.031250	-0.062500
167	-0.093750	0.031250
168	0.031250	0.125000
169	0.093750	-0.156250
170	0.156250	-0.031250
171	-0.031250	0.000000
172	-0.031250	0.031250
173	0.031250	0.031250
174	-0.093750	0.093750
175	-0.062500	-0.062500
176	-0.093750	0.156250
177	0.031250	0.031250
178	-0.093750	-0.250000
179	-0.031250	0.156250
180	-0.125000	-0.250000
181	-0.093750	0.343750
182	-0.156250	-0.343750
183	-0.125000	0.312500
184	-0.031250	-0.062500
185	0.000000	0.218750
186	0.093750	-0.062500
187	0.125000	0.093750
188	0.031250	-0.093750
189	0.031250	0.031250
190	0.000000	-0.187500
191	0.125000	0.000000
192	0.062500	0.031250
193	0.031250	-0.093750
194	0.093750	-0.062500
195	0.000000	0.062500
196	0.062500	-0.218750
197	0.093750	0.125000
198	-0.062500	-0.187500
199	-0.031250	0.125000
200	-0.031250	-0.031250
201	-0.093750	0.125000
202	0.093750	0.000000
203	-0.031250	0.000000
204	0.000000	0.093750
205	0.062500	-0.125000
206	0.000000	0.156250
207	0.062500	-0.125000
208	-0.093750	-0.031250
209	0.062500	-0.093750
210	0.062500	0.000000
211	0.031250	0.093750
212	0.062500	0.093750
213	-0.062500	0.156250
214	-0.031250	-0.093750
215	-0.062500	-0.093750
216	-0.062500	0.093750
217	0.000000	0.093750
218	-0.031250	0.031250
219	-0.093750	0.062500
220	0.000000	0.031250
221	-0.062500	0.031250
222	0.062500	0.031250
223	-0.093750	0.000000
224	-0.125000	0.062500
225	-0.062500	-0.125000
226	0.000000	0.218750
227	-0.031250	-0.156250
228	-0.062500	0.187500
229	0.031250	-0.125000
230	-0.031250	-0.031250
231	-0.062500	0.031250
232	-0.125000	0.218750
233	-0.093750	-0.125000
234	-0.156250	0.250000
235	-0.156250	-0.218750
236	-0.187500	0.281250
237	-0.062500	-0.250000
238	-0.031250	-0.062500
239	0.031250	0.031250
240	0.093750	0.125000
241	-0.031250	-0.343750
242	0.093750	0.218750
243	-0.062500	-0.187500
244	-0.125000	0.062500
245	-0.125000	0.031250
246	-0.031250	0.031250
247	0.062500	-0.062500
248	0.062500	0.156250
249	0.000000	-0.093750
250	-0.093750	-0.062500
251	-0.156250	0.156250
252	-0.218750	-0.187500
253	-0.218750	0.343750
254	-0.031250	-0.343750
255	-0.093750	0.062500
256	-0.031250	-0.031250
257	-0.125000	-0.187500
258	-0.093750	0.156250
259	-0.062500	-0.031250
260	-0.156250	-0.062500
261	0.000000	0.031250
262	0.031250	0.000000
263	-0.031250	-0.062500
264	-0.031250	0.031250
265	0.031250	0.093750
266	0.062500	-0.125000
267	0.031250	0.000000
268	-0.062500	-0.250000
269	-0.093750	-0.093750
270	-0.125000	0.125000
271	-0.062500	-0.093750
272	-0.093750	-0.156250
273	-0.156250	0.437500
274	-0.281250	-0.218750
275	-0.062500	0.000000
276	-0.062500	0.062500
277	-0.031250	0.000000
278	-0.218750	-0.343750
279	-0.062500	0.281250
280	-0.093750	-0.281250
281	-0.156250	0.218750
282	-0.062500	0.062500
283	-0.156250	0.062500
284	-0.093750	-0.093750
285	-0.093750	0.156250
286	-0.125000	-0.187500
287	-0.187500	0.093750
288	-0.156250	0.031250
289	-0.125000	-0.031250
290	-0.093750	0.093750
291	-0.031250	0.093750
292	0.000000	0.281250
293	-0.031250	-0.343750
294	0.156250	0.125000
295	0.125000	-0.156250
296	0.187500	0.000000
297	-0.062500	0.093750
298	-0.062500	-0.031250
299	-0.093750	-0.093750
300	-0.125000	0.156250
301	-0.250000	-0.281250
302	-0.218750	0.250000
303	-0.218750	-0.187500
304	-0.250000	0.218750
305	-0.218750	0.031250
306	-0.031250	-0.031250
307	-0.093750	0.000000
308	-0.031250	0.062500
309	-0.062500	0.031250
310	-0.093750	-0.031250
311	-0.031250	-0.031250
312	0.031250	-0.031250
313	0.062500	0.031250
314	0.093750	0.062500
315	-0.125000	-0.125000
316	-0.125000	0.125000
317	-0.093750	-0.125000
318	-0.093750	-0.093750
319	0.000000	0.187500
320	0.031250	-0.125000
321	0.062500	0.156250
322	-0.031250	0.062500
323	-0.031250	0.062500
324	-0.031250	-0.187500
325	-0.125000	-0.031250
326	0.000000	-0.062500
327	0.000000	0.093750
328	0.031250	0.031250
329	0.000000	-0.093750
330	0.031250	0.187500
331	0.062500	0.000000
332	0.156250	-0.062500
333	0.062500	0.093750
334	0.000000	-0.062500
335	0.125000	0.000000
336	-0.093750	-0.156250
337	-0.062500	0.125000
338	0.156250	-0.093750
339	0.031250	0.000000
340	-0.062500	0.093750
341	-0.093750	-0.156250
342	0.031250	0.218750
343	0.062500	-0.218750
344	0.000000	0.062500
345	-0.031250	-0.062500
346	-0.062500	0.156250
347	0.125000	0.031250
348	0.031250	-0.062500
349	-0.125000	-0.125000
350	0.000000	0.156250
351	0.093750	-0.125000
352	0.000000	0.156250
353	-0.218750	-0.250000
354	-0.125000	-0.062500
355	-0.093750	0.093750
356	-0.093750	0.031250
357	0.000000	-0.093750
358	-0.093750	0.031250
359	0.031250	0.062500
360	0.156250	0.000000
361	0.156250	-0.093750
362	0.062500	0.125000
363	0.062500	-0.031250
364	-0.031250	0.093750
365	-0.156250	-0.031250
366	-0.125000	-0.156250
367	-0.093750	0.000000
368	-0.093750	0.031250
369	0.000000	0.093750
370	0.000000	0.000000
371	-0.125000	0.000000
372	-0.093750	0.062500
373	-0.062500	0.093750
374	0.031250	0.000000
375	0.000000	-0.125000
376	0.000000	0.000000
377	-0.031250	-0.031250
378	0.062500	-0.031250
379	0.000000	0.031250
380	0.062500	0.000000
381	0.062500	0.062500
382	0.000000	-0.062500
383	-0.031250	0.031250
384	-0.093750	0.062500
385	-0.093750	-0.062500
386	-0.156250	0.187500
387	-0.125000	-0.156250
388	0.000000	-0.093750
389	0.000000	0.000000
390	-0.062500	0.062500
391	-0.062500	-0.250000
392	0.000000	0.375000
393	-0.031250	-0.156250
394	-0.062500	-0.156250
395	-0.062500	0.250000
396	0.062500	-0.218750
397	-0.031250	0.218750
398	0.125000	-0.031250
399	0.093750	-0.031250
400	0.031250	0.031250
401	0.093750	-0.187500
402	-0.031250	0.125000
403	-0.031250	-0.187500
404	-0.031250	0.125000
405	0.000000	0.125000
406	-0.031250	-0.218750
407	0.000000	0.218750
408	-0.093750	-0.156250
409	0.031250	0.000000
410	-0.125000	0.125000
411	-0.062500	-0.125000
412	-0.156250	0.218750
413	0.031250	-0.156250
414	-0.093750	0.156250
415	-0.125000	-0.031250
416	-0.125000	0.031250
417	-0.062500	0.156250
418	-0.250000	0.062500
419	-0.125000	-0.218750
420	-0.062500	0.093750
421	-0.125000	-0.156250
422	-0.125000	0.125000
423	-0.187500	0.000000
424	-0.187500	-0.093750
425	-0.062500	-0.125000
426	0.000000	0.125000
427	0.062500	-0.031250
428	-0.093750	0.000000
429	0.062500	0.062500
430	-0.156250	-0.031250
431	-0.125000	0.000000
432	0.062500	-0.031250
433	-0.031250	-0.156250
434	0.031250	0.031250
435	-0.156250	0.062500
436	-0.062500	0.062500
437	-0.062500	-0.187500
438	0.000000	0.187500
439	0.000000	-0.187500
440	-0.031250	0.250000
441	-0.125000	-0.031250
442	-0.093750	0.125000
443	-0.093750	-0.156250
444	-0.031250	0.093750
445	0.093750	-0.187500
446	-0.062500	0.250000
447	0.187500	-0.093750
448	0.125000	0.062500
449	0.000000	0.031250
450	-0.187500	-0.093750
451	-0.031250	0.062500
452	-0.031250	-0.125000
453	0.031250	0.062500
454	0.000000	0.000000
455	-0.062500	0.093750
456	-0.125000	0.156250
457	-0.062500	-0.187500
458	-0.093750	0.156250
459	0.000000	-0.031250
460	-0.062500	-0.125000
461	-0.125000	0.218750
462	0.000000	-0.250000
463	-0.062500	0.125000
464	0.156250	0.093750
465	0.093750	-0.062500
466	0.031250	0.000000
467	-0.062500	-0.031250
468	-0.062500	0.156250
469	-0.062500	-0.062500
470	-0.031250	0.093750
471	-0.156250	-0.062500
472	0.062500	-0.156250
473	-0.093750	0.093750
474	0.031250	-0.125000
475	0.031250	0.031250
476	0.125000	-0.062500
477	0.125000	0.156250
478	0.093750	-0.062500
479	0.093750	-0.093750
480	0.125000	0.031250
481	0.031250	-0.093750
482	-0.031250	0.218750
483	0.062500	-0.093750
484	0.062500	0.125000
485	-0.062500	0.156250
486	-0.187500	-0.156250
487	-0.062500	-0.093750
488	-0.062500	0.000000
489	-0.031250	-0.062500
490	0.000000	-0.093750
491	0.187500	0.093750
492	0.062500	-0.187500
493	0.062500	0.093750
494	0.031250	-0.156250
495	0.125000	0.093750
496	0.000000	-0.187500
497	0.093750	0.093750
498	-0.031250	-0.250000
499	0.031250	0.156250
500	0.031250	-0.062500
501	0.093750	0.031250
502	0.093750	0.156250
503	-0.031250	-0.125000
504	0.062500	0.000000
505	-0.031250	-0.062500
506	-0.062500	0.187500
507	-0.062500	0.093750
508	-0.062500	0.000000
509	-0.031250	-0.156250
510	-0.062500	0.187500
511	-0.062500	0.000000
512	-0.062500	-0.031250
513	-0.125000	0.062500
514	0.000000	-0.062500
515	0.000000	-0.125000
516	-0.187500	0.125000
517	-0.093750	-0.062500
518	-0.031250	-0.031250
519	0.062500	0.093750
520	0.000000	-0.031250
521	0.093750	0.093750
522	0.093750	0.031250
523	0.125000	-0.062500
524	0.062500	0.093750
525	0.125000	0.125000
526	0.062500	0.187500
527	-0.062500	-0.062500
528	-0.125000	0.031250
529	-0.250000	-0.093750
530	-0.125000	0.062500
531	-0.062500	0.062500
532	0.000000	-0.031250
533	-0.093750	-0.062500
534	-0.187500	0.093750
535	-0.125000	0.062500
536	-0.031250	0.000000
537	0.000000	-0.156250
538	0.000000	0.156250
539	0.000000	-0.156250
540	0.000000	-0.062500
541	0.062500	0.093750
542	-0.062500	0.093750
543	-0.062500	-0.031250
544	0.031250	0.093750
545	0.031250	0.062500
546	-0.062500	-0.093750
547	-0.062500	0.218750
548	-0.031250	-0.250000
549	0.062500	0.093750
550	-0.062500	-0.187500
551	-0.031250	0.093750
552	-0.125000	-0.312500
553	-0.062500	0.125000
554	-0.187500	-0.156250
555	-0.125000	0.093750
556	-0.125000	-0.031250
557	-0.093750	-0.062500
558	0.031250	0.093750
559	0.000000	0.031250
560	-0.062500	-0.062500
561	0.093750	-0.156250
562	0.187500	0.062500
563	0.125000	-0.062500
564	0.125000	0.000000
565	-0.031250	-0.156250
566	0.000000	-0.062500
567	0.093750	0.093750
568	-0.062500	-0.156250
569	0.000000	0.000000
570	0.125000	-0.031250
571	0.062500	0.093750
572	0.062500	-0.156250
573	0.000000	0.281250
574	-0.062500	-0.218750
575	-0.125000	0.187500
576	-0.187500	-0.156250
577	-0.031250	0.093750
578	0.062500	-0.062500
579	0.125000	0.000000
580	0.062500	-0.031250
581	-0.062500	-0.093750
582	-0.062500	-0.031250
583	-0.031250	0.250000
584	-0.062500	-0.125000
585	-0.156250	0.125000
586	-0.187500	-0.156250
587	-0.093750	0.062500
588	0.062500	0.093750
589	-0.093750	-0.031250
590	-0.156250	0.125000
591	0.093750	-0.062500
592	0.000000	0.156250
593	-0.156250	-0.031250
594	-0.156250	0.156250
595	0.031250	-0.125000
596	-0.093750	0.093750
597	-0.031250	-0.125000
598	-0.187500	0.000000
599	0.031250	-0.062500
600	-0.031250	0.062500
601	-0.125000	-0.062500
602	-0.031250	0.062500
603	-0.062500	-0.125000
604	-0.093750	0.031250
605	-0.093750	0.031250
606	0.031250	-0.093750
607	0.125000	0.000000
608	0.187500	-0.031250
609	0.156250	0.031250
610	-0.062500	0.031250
611	0.062500	0.000000
612	-0.031250	-0.156250
613	-0.093750	0.093750
614	0.000000	-0.062500
615	0.000000	0.062500
616	-0.031250	-0.125000
617	-0.156250	0.125000
618	-0.125000	-0.218750
619	-0.093750	0.031250
620	0.062500	-0.031250
621	0.031250	0.093750
622	-0.031250	0.093750
623	-0.125000	-0.218750
624	-0.062500	0.187500
625	0.031250	-0.093750
626	0.125000	0.031250
627	0.187500	-0.062500
628	0.125000	0.062500
629	-0.093750	0.218750
630	0.031250	-0.031250
631	0.000000	0.250000
632	0.000000	-0.156250
633	-0.156250	0.187500
634	-0.031250	0.062500
635	0.000000	-0.125000
636	0.187500	0.062500
637	0.000000	0.187500
638	0.000000	-0.156250
639	0.000000	0.093750
640	-0.031250	-0.093750
641	-0.093750	0.281250
642	-0.031250	0.000000
643	-0.125000	-0.187500
644	-0.031250	0.218750
645	0.000000	-0.156250
646	-0.062500	0.031250
647	-0.125000	0.062500
648	-0.250000	0.187500
649	-0.187500	-0.375000
650	-0.093750	0.156250
651	-0.156250	-0.031250
652	-0.062500	0.000000
653	-0.031250	0.187500
654	-0.031250	-0.125000
655	0.031250	-0.031250
656	-0.218750	0.250000
657	-0.093750	-0.125000
658	0.000000	0.093750
659	-0.156250	-0.375000
660	-0.062500	0.187500
661	-0.125000	-0.218750
662	-0.031250	0.187500
663	0.093750	-0.031250
664	0.031250	0.031250
665	0.000000	0.031250
666	0.062500	0.000000
667	0.125000	0.031250
668	0.125000	-0.125000
669	0.062500	0.187500
670	0.093750	-0.125000
671	0.062500	0.031250
672	0.125000	0.062500
673	0.000000	-0.250000
674	0.062500	0.156250
675	0.031250	-0.093750
676	0.093750	0.156250
677	0.187500	0.031250
678	0.062500	-0.250000
679	0.093750	0.156250
680	0.031250	0.062500
681	0.062500	-0.281250
682	0.062500	0.062500
683	-0.062500	-0.093750
684	0.093750	-0.093750
685	0.062500	0.187500
686	-0.031250	-0.125000
687	0.031250	0.218750
688	0.031250	-0.125000
689	0.031250	0.031250
690	0.093750	-0.062500
691	-0.031250	0.031250
692	0.000000	-0.093750
693	-0.031250	0.218750
694	-0.062500	-0.156250
695	0.000000	0.000000
696	-0.062500	0.031250
697	0.125000	-0.031250
698	0.093750	0.031250
699	0.062500	0.156250
700	0.000000	-0.093750
701	0.031250	0.093750
702	-0.062500	-0.156250
703	0.000000	0.093750
704	-0.125000	0.093750
705	0.031250	-0.062500
706	-0.062500	0.031250
707	0.062500	0.062500
708	0.062500	0.000000
709	0.062500	-0.031250
710	-0.062500	0.406250
711	-0.187500	-0.375000
712	-0.062500	0.062500
713	-0.093750	-0.062500
714	0.000000	0.031250
715	-0.062500	0.031250
716	-0.062500	-0.062500
717	-0.062500	0.062500
718	0.000000	-0.125000
719	-0.031250	0.156250
720	-0.062500	-0.125000
721	-0.093750	0.031250
722	-0.062500	0.000000
723	0.031250	0.062500
724	0.000000	-0.093750
725	-0.062500	0.093750
726	0.000000	0.156250
727	-0.031250	0.000000
728	-0.125000	-0.093750
729	-0.031250	-0.218750
730	-0.031250	0.312500
731	0.062500	-0.187500
732	0.062500	-0.156250
733	0.062500	0.062500
734	0.093750	-0.031250
735	-0.031250	0.093750
736	0.031250	-0.093750
737	-0.093750	0.093750
738	0.000000	-0.156250
739	-0.031250	0.125000
740	-0.125000	-0.218750
741	-0.031250	-0.031250
742	0.093750	-0.031250
743	-0.062500	0.031250
744	-0.062500	-0.125000
745	-0.093750	0.125000
746	0.000000	-0.031250
747	-0.062500	-0.062500
748	-0.218750	0.281250
749	-0.093750	0.000000
750	-0.093750	-0.062500
751	0.000000	-0.093750
752	-0.062500	0.031250
753	-0.093750	-0.125000
754	-0.093750	0.093750
755	-0.125000	0.062500
756	-0.062500	0.062500
757	-0.125000	-0.093750
758	-0.125000	-0.093750
759	-0.031250	0.031250
760	-0.062500	0.031250
761	-0.062500	-0.187500
762	-0.156250	0.062500
763	-0.093750	-0.187500
764	-0.062500	0.031250
765	0.062500	0.093750
766	0.062500	-0.031250
767	0.062500	0.062500
768	-0.093750	-0.062500
769	-0.031250	0.250000
770	-0.031250	-0.062500
771	0.031250	0.031250
772	0.093750	0.093750
773	0.093750	0.062500
774	-0.031250	-0.031250
775	0.062500	-0.031250
776	0.093750	0.093750
777	0.125000	0.062500
778	-0.031250	-0.062500
779	-0.031250	-0.093750
780	0.187500	0.000000
781	0.187500	0.000000
782	0.000000	-0.062500
783	0.093750	0.031250
784	0.125000	-0.125000
785	0.062500	0.125000
786	-0.031250	-0.250000
787	-0.031250	0.187500
788	-0.093750	-0.187500
789	-0.156250	0.250000
790	-0.031250	-0.062500
791	-0.031250	0.031250
792	0.031250	0.156250
793	-0.125000	0.093750
794	-0.125000	0.000000
795	0.000000	0.031250
796	0.031250	0.125000
797	0.000000	0.093750
798	-0.031250	0.031250
799	0.062500	-0.031250
800	-0.093750	-0.031250
801	-0.125000	0.281250
802	-0.218750	-0.125000
803	-0.156250	-0.093750
804	-0.062500	0.156250
805	-0.093750	-0.062500
806	0.000000	0.218750
807	-0.125000	-0.125000
808	-0.031250	0.000000
809	0.093750	0.031250
810	0.062500	0.093750
811	0.125000	-0.062500
812	0.031250	0.062500
813	-0.125000	0.187500
814	-0.031250	0.000000
815	-0.093750	0.125000
816	-0.218750	0.187500
817	-0.031250	-0.187500
818	-0.093750	0.031250
819	0.000000	-0.062500
820	-0.031250	0.062500
821	-0.125000	0.062500
822	-0.031250	0.000000
823	-0.062500	0.062500
824	-0.093750	-0.125000
825	-0.218750	0.062500
826	-0.125000	0.000000
827	-0.062500	-0.125000
828	-0.031250	0.000000
829	0.031250	-0.125000
830	-0.031250	0.093750
831	-0.187500	-0.093750
832	-0.031250	0.125000
833	-0.062500	-0.062500
834	-0.125000	0.218750
835	0.000000	0.000000
836	-0.031250	0.000000
837	0.000000	-0.125000
838	-0.093750	0.093750
839	-0.156250	0.062500
840	-0.125000	0.031250
841	-0.031250	-0.218750
842	0.062500	0.125000
843	-0.031250	-0.031250
844	-0.031250	0.031250
845	0.093750	-0.062500
846	0.093750	-0.031250
847	0.062500	-0.062500
848	0.093750	0.187500
849	-0.062500	-0.187500
850	-0.125000	0.187500
851	-0.062500	-0.250000
852	0.031250	0.093750
853	0.125000	-0.062500
854	0.062500	-0.156250
855	-0.031250	0.125000
856	0.031250	0.062500
857	-0.093750	0.031250
858	-0.062500	-0.125000
859	-0.062500	0.062500
860	-0.062500	0.093750
861	-0.093750	-0.062500
862	-0.125000	0.125000
863	0.000000	-0.156250
864	0.031250	0.250000
865	0.031250	-0.093750
866	0.000000	0.125000
867	0.000000	0.062500
868	-0.031250	0.062500
869	0.125000	0.093750
870	0.187500	0.093750
871	0.031250	0.062500
872	0.031250	-0.062500
873	-0.031250	0.093750
874	-0.031250	0.031250
875	-0.062500	-0.062500
876	-0.031250	0.062500
877	-0.156250	-0.062500
878	-0.062500	-0.125000
879	-0.031250	0.125000
880	0.000000	0.000000
881	-0.031250	0.000000
882	-0.156250	-0.312500
883	-0.125000	0.187500
884	-0.218750	-0.281250
885	-0.125000	-0.031250
886	-0.125000	0.156250
887	0.125000	-0.031250
888	0.062500	0.031250
889	-0.156250	0.156250
890	0.000000	-0.156250
891	0.000000	0.156250
892	0.031250	-0.218750
893	-0.062500	0.187500
894	-0.062500	-0.187500
895	-0.031250	0.031250
896	0.031250	-0.093750
897	-0.031250	0.187500
898	0.125000	0.031250
899	0.093750	0.000000
900	0.093750	0.093750
901	0.031250	-0.093750
902	-0.062500	0.218750
903	0.000000	-0.125000
904	0.031250	0.093750
905	-0.031250	-0.125000
906	-0.062500	0.187500
907	-0.031250	-0.125000
908	-0.093750	0.093750
909	-0.125000	-0.062500
910	-0.093750	-0.062500
911	-0.093750	0.093750
912	-0.062500	-0.187500
913	-0.031250	-0.062500
914	0.000000	-0.218750
915	0.031250	0.062500
916	0.000000	-0.156250
917	0.031250	0.187500
918	0.093750	0.000000
919	-0.093750	-0.062500
920	-0.031250	0.062500
921	0.062500	-0.062500
922	0.093750	-0.062500
923	-0.062500	-0.031250
924	0.000000	0.093750
925	0.062500	0.000000
926	0.062500	-0.125000
927	-0.093750	0.093750
928	0.093750	-0.062500
929	0.000000	0.187500
930	0.000000	-0.031250
931	-0.031250	0.187500
932	-0.156250	-0.093750
933	-0.062500	0.000000
934	0.062500	0.093750
935	0.093750	-0.031250
936	-0.031250	0.031250
937	-0.031250	0.031250
938	-0.062500	0.281250
939	-0.031250	-0.218750
940	-0.031250	0.125000
941	0.000000	-0.062500
942	0.062500	0.156250
943	0.093750	0.031250
944	0.000000	-0.156250
945	0.031250	0.000000
946	0.062500	0.031250
947	-0.031250	-0.156250
948	-0.031250	0.125000
949	-0.125000	-0.156250
950	-0.031250	0.125000
951	-0.093750	0.000000
952	-0.062500	0.000000
953	-0.031250	-0.031250
954	-0.031250	-0.187500
955	-0.125000	0.156250
956	-0.125000	-0.031250
957	0.000000	0.000000
958	0.031250	0.062500
959	-0.093750	-0.031250
960	-0.031250	0.031250
961	-0.062500	-0.125000
962	0.000000	0.062500
963	-0.062500	-0.125000
964	-0.093750	0.000000
965	-0.062500	-0.062500
966	-0.093750	-0.062500
967	0.031250	0.000000
968	0.031250	0.000000
969	0.062500	0.093750
970	-0.031250	0.156250
971	-0.093750	-0.031250
972	-0.031250	0.062500
973	-0.125000	0.000000
974	-0.062500	0.312500
975	-0.062500	-0.312500
976	-0.031250	0.250000
977	-0.031250	-0.156250
978	0.000000	0.062500
979	0.125000	-0.031250
980	-0.031250	-0.062500
981	0.000000	0.187500
982	0.000000	0.031250
983	-0.062500	-0.187500
984	0.000000	-0.062500
985	0.187500	0.062500
986	0.093750	-0.062500
987	0.062500	0.250000
988	0.093750	-0.125000
989	0.062500	0.062500
990	0.000000	0.093750
991	0.125000	-0.125000
992	-0.093750	0.000000
993	0.031250	0.000000
994	-0.031250	0.000000
995	0.031250	-0.125000
996	-0.125000	0.093750
997	-0.125000	-0.093750
998	0.062500	-0.062500
999	0.125000	0.218750
