0	-0.593750	0.718750
1	-0.906250	0.937500
2	-0.500000	0.625000
3	-0.781250	0.843750
4	-0.468750	0.406250
5	-0.812500	0.906250
6	-0.750000	0.843750
7	-0.562500	0.500000
8	-0.656250	0.781250
9	-0.875000	0.937500
10	-0.531250	0.093750
11	-0.812500	0.906250
12	-0.593750	-0.375000
13	-0.593750	-0.750000
14	-0.812500	-0.906250
15	-0.812500	-0.875000
16	-0.875000	-0.937500
17	-0.875000	-0.937500
18	-0.843750	-0.906250
19	-0.937500	-0.968750
20	-0.750000	-0.812500
21	-0.687500	-0.781250
22	-0.781250	-0.812500
23	-1.000000	-1.000000
24	-0.875000	-0.937500
25	-0.875000	-0.937500
26	-0.500000	-0.593750
27	-0.593750	-0.250000
28	-0.750000	-0.875000
29	-0.625000	-0.656250
30	-0.875000	-0.937500
31	-0.562500	-0.687500
32	-0.812500	-0.875000
33	-0.812500	-0.906250
34	-0.812500	-0.843750
35	-0.500000	-0.625000
36	-0.937500	-0.968750
37	-0.937500	-0.968750
38	-0.875000	-0.937500
39	-0.875000	-0.937500
40	-0.937500	-0.968750
41	-0.906250	-0.937500
42	-0.718750	-0.656250
43	-0.937500	-0.968750
44	-0.812500	-0.875000
45	-0.812500	-0.875000
46	-0.718750	-0.843750
47	-0.812500	-0.906250
48	-0.812500	-0.875000
49	-0.937500	-0.968750
50	-0.875000	-0.937500
51	-0.906250	-0.937500
52	-0.875000	-0.937500
53	-0.531250	-0.656250
54	-0.812500	-0.906250
55	-0.656250	-0.687500
56	-0.843750	-0.843750
57	-0.718750	-0.750000
58	-0.468750	0.187500
59	-0.468750	0.625000
60	-0.812500	0.875000
61	-0.656250	0.781250
62	-0.812500	0.812500
63	-0.937500	0.968750
64	-0.937500	0.968750
65	-0.843750	0.843750
66	-0.593750	0.593750
67	-0.937500	0.968750
68	-1.000000	1.000000
69	-0.625000	0.718750
70	-0.812500	0.875000
71	-0.875000	0.937500
72	-0.500000	0.625000
73	-0.875000	0.937500
74	-0.406250	-0.218750
75	-0.718750	0.718750
76	-0.781250	0.843750
77	-0.875000	0.937500
78	-1.000000	1.000000
79	-0.875000	0.937500
80	-1.000000	1.000000
81	-1.000000	1.000000
82	-0.843750	0.843750
83	-0.812500	0.906250
84	-0.625000	0.750000
85	-0.468750	0.343750
86	-0.500000	0.437500
87	-0.781250	0.843750
88	-0.687500	0.656250
89	-0.343750	0.500000
90	-0.562500	0.281250
91	-0.812500	0.906250
92	-0.812500	0.906250
93	-0.718750	0.781250
94	-0.906250	0.937500
95	-0.312500	0.187500
96	-0.875000	0.937500
97	-0.781250	0.843750
98	-0.906250	0.937500
99	-0.843750	0.906250
100	-0.812500	0.875000
101	-0.593750	0.687500
102	-0.937500	0.968750
103	-0.687500	0.750000
104	-0.500000	0.687500
105	-0.625000	0.562500
106	-0.593750	0.593750
107	-0.593750	0.656250
108	-0.656250	0.500000
109	-0.875000	0.906250
110	-0.781250	0.843750
111	-0.875000	0.906250
112	-0.843750	0.906250
113	-0.843750	0.906250
114	-0.812500	0.875000
115	-0.812500	0.875000
116	-0.937500	0.968750
117	-0.937500	0.968750
118	-0.843750	0.906250
119	-0.531250	-0.593750
120	-0.562500	-0.687500
121	-0.750000	-0.843750
122	-0.937500	-0.968750
123	-0.843750	-0.906250
124	-0.875000	-0.937500
125	-0.875000	-0.937500
126	-0.781250	-0.875000
127	-0.750000	-0.687500
128	-0.812500	-0.781250
129	-0.750000	-0.843750
130	-0.937500	-0.968750
131	-0.875000	-0.937500
132	-0.437500	-0.468750
133	-0.562500	-0.468750
134	-0.593750	-0.718750
135	-0.937500	-0.968750
136	-0.718750	-0.687500
137	-0.875000	-0.937500
138	-0.406250	-0.281250
139	-0.531250	-0.562500
140	-0.812500	-0.875000
141	-0.875000	-0.906250
142	-0.843750	-0.906250
143	-0.687500	-0.593750
144	-0.625000	-0.750000
145	-0.375000	-0.468750
146	-0.812500	-0.843750
147	-0.781250	-0.875000
148	-0.812500	-0.875000
149	-0.437500	-0.468750
150	-0.718750	-0.718750
151	-0.406250	-0.406250
152	-0.875000	-0.937500
153	-1.000000	-1.000000
154	-0.500000	-0.375000
155	-0.812500	-0.875000
156	-0.718750	-0.750000
157	-0.750000	-0.718750
158	-0.625000	-0.718750
159	-0.843750	-0.906250
160	-0.687500	-0.750000
161	-0.656250	-0.718750
162	-0.468750	-0.656250
163	-0.750000	-0.843750
164	-0.375000	-0.062500
165	-0.750000	-0.781250
166	-0.781250	-0.875000
167	-1.000000	-1.000000
168	-0.937500	-0.968750
169	-0.437500	-0.468750
170	-0.781250	-0.843750
171	-0.656250	-0.500000
172	-1.000000	-1.000000
173	-0.375000	-0.343750
174	-0.593750	0.468750
175	-0.656250	0.718750
176	-0.937500	0.968750
177	-0.562500	0.437500
178	-0.593750	0.187500
179	-0.656250	-0.437500
180	-0.750000	-0.843750
181	-0.812500	-0.906250
182	-0.718750	-0.843750
183	-0.906250	-0.937500
184	-0.656250	-0.718750
185	-0.781250	-0.875000
186	-0.812500	-0.875000
187	-0.718750	-0.812500
188	-0.750000	-0.718750
189	-0.625000	-0.500000
190	-0.875000	-0.937500
191	-0.937500	-0.968750
192	-0.750000	-0.656250
193	-0.500000	0.000000
194	-0.531250	0.250000
195	-0.625000	0.656250
196	-0.625000	0.625000
197	-0.875000	0.937500
198	-0.375000	-0.031250
199	-0.406250	0.500000
200	-0.937500	0.968750
201	-0.875000	0.937500
202	-0.718750	0.843750
203	-1.000000	1.000000
204	-0.562500	0.312500
205	-0.750000	0.812500
206	-0.812500	0.875000
207	-0.937500	0.968750
208	-0.812500	0.906250
209	-0.656250	0.593750
210	-0.562500	0.593750
211	-0.812500	0.906250
212	-0.625000	-0.718750
213	-0.906250	-0.937500
214	-0.562500	-0.343750
215	-0.593750	-0.687500
216	-0.875000	-0.937500
217	-1.000000	-1.000000
218	-1.000000	-1.000000
219	-0.656250	-0.781250
220	-0.750000	-0.781250
221	-0.656250	-0.781250
222	-0.812500	-0.906250
223	-0.656250	-0.812500
224	-0.750000	-0.843750
225	-0.781250	-0.875000
226	-0.593750	-0.593750
227	-0.843750	-0.875000
228	-0.937500	-0.968750
229	-0.687500	-0.781250
230	-0.718750	-0.812500
231	-0.937500	-0.968750
232	-0.781250	-0.843750
233	-0.937500	-0.968750
234	-0.750000	-0.750000
235	-0.687500	-0.687500
236	-0.562500	-0.562500
237	-0.937500	-0.968750
238	-0.750000	-0.875000
239	-0.781250	-0.875000
240	-0.406250	-0.531250
241	-0.437500	-0.500000
242	-0.781250	-0.875000
243	-0.718750	-0.718750
244	-0.468750	-0.531250
245	-0.687500	-0.718750
246	-0.468750	-0.500000
247	-0.687500	-0.718750
248	-0.812500	-0.906250
249	-0.718750	-0.812500
250	-0.812500	-0.906250
251	-0.937500	-0.968750
252	-0.500000	-0.406250
253	-0.718750	-0.812500
254	-0.875000	-0.906250
255	-0.437500	-0.281250
256	-0.531250	0.000000
257	-0.718750	0.781250
258	-0.656250	0.750000
259	-0.718750	0.843750
260	-0.656250	0.531250
261	-0.843750	0.906250
262	-0.625000	0.781250
263	-0.531250	0.625000
264	-0.937500	0.968750
265	-0.687500	0.656250
266	-0.593750	0.687500
267	-0.625000	0.593750
268	-0.750000	0.843750
269	-0.750000	0.781250
270	-1.000000	1.000000
271	-1.000000	1.000000
272	-0.593750	0.718750
273	-0.843750	0.906250
274	-0.875000	0.937500
275	-0.875000	0.937500
276	-0.625000	0.531250
277	-0.531250	0.625000
278	-0.718750	0.750000
279	-0.375000	0.500000
280	-0.875000	0.906250
281	-0.875000	0.937500
282	-0.718750	0.687500
283	-0.687500	0.562500
284	-0.687500	0.781250
285	-0.593750	0.593750
286	-0.468750	0.531250
287	-0.875000	0.937500
288	-0.750000	0.843750
289	-0.843750	0.906250
290	-0.781250	0.875000
291	-0.937500	0.968750
292	-0.687500	0.781250
293	-0.718750	0.812500
294	-0.781250	0.875000
295	-0.750000	0.812500
296	-0.937500	0.968750
297	-0.812500	0.906250
298	-0.531250	0.281250
299	-0.531250	0.406250
300	-0.718750	0.750000
301	-0.750000	0.781250
302	-1.000000	1.000000
303	-0.625000	0.718750
304	-0.593750	0.656250
305	-0.875000	0.906250
306	-0.812500	0.875000
307	-0.875000	0.937500
308	-0.937500	0.968750
309	-0.812500	0.875000
310	-0.937500	0.968750
311	-0.937500	0.968750
312	-0.656250	0.718750
313	-0.500000	0.625000
314	-0.812500	0.906250
315	-0.937500	0.968750
316	-0.718750	0.843750
317	-0.843750	0.875000
318	-0.656250	0.687500
319	-0.843750	0.906250
320	-0.687500	0.718750
321	-0.937500	0.968750
322	-0.812500	0.781250
323	-0.781250	0.750000
324	-0.343750	0.312500
325	-0.812500	0.906250
326	-0.750000	0.875000
327	-0.812500	0.906250
328	-0.812500	0.875000
329	-0.843750	0.906250
330	-0.718750	0.812500
331	-0.812500	0.843750
332	-1.000000	1.000000
333	-0.468750	0.500000
334	-0.687500	0.687500
335	-0.750000	0.812500
336	-0.843750	0.906250
337	-0.843750	0.906250
338	-0.718750	-0.843750
339	-0.500000	-0.500000
340	-0.812500	-0.875000
341	-0.718750	-0.812500
342	-0.687500	-0.843750
343	-0.562500	-0.718750
344	-0.875000	-0.937500
345	-0.875000	-0.937500
346	-0.843750	-0.906250
347	-0.843750	-0.906250
348	-0.750000	-0.812500
349	-0.843750	-0.906250
350	-0.625000	-0.687500
351	-0.281250	0.031250
352	-0.562500	0.062500
353	-0.781250	0.875000
354	-0.687500	0.718750
355	-0.750000	0.843750
356	-0.750000	0.750000
357	-0.562500	0.593750
358	-0.437500	0.406250
359	-0.500000	0.625000
360	-0.812500	0.875000
361	-0.843750	0.906250
362	-0.843750	0.843750
363	-0.875000	0.937500
364	-0.625000	0.500000
365	-0.687500	0.812500
366	-0.750000	-0.812500
367	-0.875000	-0.937500
368	-0.656250	-0.781250
369	-0.875000	-0.937500
370	-0.843750	-0.906250
371	-0.656250	-0.781250
372	-0.937500	-0.968750
373	-0.812500	-0.875000
374	-0.468750	-0.406250
375	-0.812500	-0.875000
376	-0.843750	-0.906250
377	-0.843750	-0.906250
378	-0.812500	-0.843750
379	-0.781250	-0.781250
380	-0.843750	-0.906250
381	-0.843750	-0.906250
382	-0.750000	-0.875000
383	-0.781250	-0.875000
384	-0.937500	-0.968750
385	-0.781250	-0.875000
386	-1.000000	-1.000000
387	-0.906250	-0.937500
388	-0.843750	-0.906250
389	-0.875000	-0.937500
390	-0.812500	-0.906250
391	-0.812500	-0.875000
392	-0.750000	-0.843750
393	-0.937500	-0.968750
394	-0.781250	-0.843750
395	-0.937500	-0.968750
396	-0.812500	-0.906250
397	-0.437500	0.031250
398	-0.625000	-0.593750
399	-0.656250	-0.531250
400	-0.843750	-0.906250
401	-0.750000	-0.843750
402	-0.718750	-0.812500
403	-0.875000	-0.937500
404	-0.531250	-0.468750
405	-0.875000	-0.937500
406	-0.875000	-0.937500
407	-0.718750	-0.812500
408	-0.468750	-0.375000
409	-0.500000	-0.593750
410	-0.750000	-0.843750
411	-0.656250	-0.750000
412	-0.812500	-0.843750
413	-1.000000	-1.000000
414	-0.718750	-0.812500
415	-0.718750	-0.718750
416	-0.718750	-0.843750
417	-0.750000	-0.875000
418	-0.875000	-0.937500
419	-0.687500	-0.750000
420	-1.000000	-1.000000
421	-0.875000	-0.937500
422	-0.875000	-0.937500
423	-0.750000	-0.843750
424	-0.812500	-0.875000
425	-0.812500	-0.843750
426	-0.937500	-0.968750
427	-0.875000	-0.937500
428	-0.875000	-0.937500
429	-0.781250	-0.750000
430	-0.781250	-0.875000
431	-0.718750	-0.812500
432	-0.656250	-0.625000
433	-0.562500	-0.656250
434	-0.937500	-0.968750
435	-0.625000	-0.718750
436	-0.718750	-0.656250
437	-0.281250	-0.031250
438	-0.937500	0.968750
439	-0.843750	0.906250
440	-0.843750	0.906250
441	-0.843750	0.906250
442	-0.656250	0.625000
443	-0.687500	0.812500
444	-0.531250	0.625000
445	-0.500000	0.281250
446	-0.593750	-0.750000
447	-0.937500	-0.968750
448	-0.812500	-0.875000
449	-0.781250	-0.843750
450	-0.937500	-0.968750
451	-0.750000	-0.812500
452	-0.812500	-0.781250
453	-0.812500	-0.906250
454	-0.781250	-0.875000
455	-0.937500	-0.968750
456	-0.843750	-0.906250
457	-1.000000	-1.000000
458	-0.750000	-0.875000
459	-0.593750	-0.718750
460	-0.812500	-0.875000
461	-0.843750	-0.906250
462	-0.718750	-0.843750
463	-0.937500	-0.968750
464	-0.843750	-0.906250
465	-0.843750	-0.906250
466	-0.718750	-0.781250
467	-0.875000	-0.937500
468	-0.937500	-0.968750
469	-0.812500	-0.875000
470	-0.687500	-0.781250
471	-0.875000	-0.937500
472	-0.687500	-0.812500
473	-0.812500	-0.906250
474	-0.781250	-0.875000
475	-0.875000	-0.906250
476	-0.937500	-0.968750
477	-0.562500	-0.500000
478	-0.468750	-0.468750
479	-0.687500	-0.812500
480	-0.875000	-0.906250
481	-0.500000	-0.250000
482	-0.656250	0.656250
483	-1.000000	1.000000
484	-0.750000	0.843750
485	-0.812500	0.906250
486	-0.750000	0.875000
487	-0.718750	0.843750
488	-0.687500	0.781250
489	-0.875000	0.937500
490	-0.718750	0.843750
491	-0.656250	0.781250
492	-0.750000	0.750000
493	-0.750000	0.750000
494	-0.500000	0.687500
495	-0.937500	0.968750
496	-0.593750	0.687500
497	-0.875000	0.937500
498	-0.843750	0.906250
499	-0.718750	0.812500
500	-0.562500	0.312500
501	-0.875000	0.937500
502	-0.906250	0.937500
503	-0.500000	0.593750
504	-0.718750	0.687500
505	-0.843750	0.906250
506	-0.875000	0.937500
507	-0.625000	0.750000
508	-0.937500	0.968750
509	-0.812500	0.875000
510	-0.937500	0.968750
511	-0.812500	0.875000
512	-0.937500	0.968750
513	-0.750000	0.843750
514	-0.875000	0.937500
515	-0.718750	0.812500
516	-0.781250	0.843750
517	-0.875000	0.937500
518	-0.937500	0.968750
519	-0.937500	0.968750
520	-0.687500	0.812500
521	-0.750000	0.843750
522	-0.937500	0.968750
523	-0.843750	0.906250
524	-0.937500	0.968750
525	-0.812500	0.875000
526	-0.718750	0.750000
527	-0.375000	0.062500
528	-0.718750	0.812500
529	-0.937500	0.968750
530	-0.593750	0.593750
531	-0.812500	0.875000
532	-0.781250	0.843750
533	-0.750000	0.812500
534	-0.687500	0.781250
535	-1.000000	1.000000
536	-0.843750	0.906250
537	-0.906250	0.937500
538	-0.562500	0.750000
539	-0.656250	0.718750
540	-0.718750	0.812500
541	-0.937500	0.968750
542	-0.843750	0.906250
543	-0.750000	0.843750
544	-0.687500	0.812500
545	-0.875000	0.937500
546	-0.875000	0.937500
547	-0.718750	0.750000
548	-1.000000	1.000000
549	-0.812500	0.906250
550	-0.562500	0.562500
551	-0.812500	0.906250
552	-0.843750	0.875000
553	-0.781250	0.875000
554	-0.562500	0.562500
555	-0.875000	0.937500
556	-0.687500	0.812500
557	-0.937500	0.968750
558	-0.843750	0.906250
559	-1.000000	1.000000
560	-0.937500	0.968750
561	-0.843750	0.875000
562	-0.531250	0.687500
563	-0.875000	0.937500
564	-0.750000	0.875000
565	-0.750000	0.718750
566	-0.937500	0.968750
567	-0.781250	0.812500
568	-0.406250	-0.062500
569	-0.750000	-0.843750
570	-0.875000	-0.937500
571	-0.375000	-0.312500
572	-0.812500	-0.875000
573	-0.812500	-0.875000
574	-0.875000	-0.937500
575	-0.937500	-0.968750
576	-0.781250	-0.843750
577	-0.781250	-0.750000
578	-0.781250	-0.843750
579	-1.000000	-1.000000
580	-0.562500	-0.718750
581	-0.750000	-0.843750
582	-0.781250	-0.875000
583	-0.562500	-0.562500
584	-0.562500	-0.718750
585	-0.593750	-0.625000
586	-0.937500	-0.968750
587	-0.937500	-0.968750
588	-0.750000	-0.843750
589	-0.375000	-0.187500
590	-0.562500	-0.218750
591	-0.937500	-0.968750
592	-0.937500	-0.968750
593	-0.500000	0.312500
594	-0.781250	0.781250
595	-0.843750	0.906250
596	-0.906250	0.937500
597	-0.718750	0.781250
598	-0.625000	0.625000
599	-0.468750	0.375000
600	-0.468750	0.406250
601	-0.843750	0.906250
602	-0.843750	0.906250
603	-0.593750	0.468750
604	-0.812500	0.906250
605	-0.437500	0.281250
606	-0.437500	0.218750
607	-0.625000	0.718750
608	-0.875000	0.937500
609	-0.750000	0.718750
610	-0.625000	0.781250
611	-0.812500	0.906250
612	-0.531250	0.187500
613	-0.531250	-0.250000
614	-0.593750	0.468750
615	-0.625000	0.406250
616	-0.750000	0.843750
617	-0.625000	0.562500
618	-0.718750	0.812500
619	-0.843750	0.906250
620	-0.937500	0.968750
621	-0.687500	0.781250
622	-0.750000	0.718750
623	-0.875000	0.937500
624	-0.875000	0.906250
625	-0.593750	0.750000
626	-0.875000	-0.937500
627	-0.906250	-0.937500
628	-0.937500	-0.968750
629	-0.937500	-0.968750
630	-0.875000	-0.937500
631	-0.937500	-0.968750
632	-0.656250	-0.656250
633	-0.718750	-0.843750
634	-0.687500	-0.781250
635	-0.781250	-0.875000
636	-0.906250	-0.937500
637	-0.750000	-0.843750
638	-0.718750	-0.812500
639	-0.656250	-0.718750
640	-0.531250	-0.625000
641	-0.750000	-0.875000
642	-0.875000	-0.937500
643	-0.625000	-0.656250
644	-0.812500	-0.906250
645	-0.687500	-0.812500
646	-0.937500	-0.968750
647	-0.843750	-0.875000
648	-0.687500	-0.750000
649	-0.937500	-0.968750
650	-0.875000	-0.937500
651	-0.718750	-0.750000
652	-0.875000	-0.937500
653	-0.906250	-0.937500
654	-0.750000	-0.812500
655	-0.687500	-0.718750
656	-0.625000	-0.750000
657	-0.781250	-0.875000
658	-0.937500	-0.968750
659	-0.750000	-0.843750
660	-0.500000	-0.156250
661	-0.531250	-0.218750
662	-0.437500	-0.406250
663	-0.937500	-0.968750
664	-0.718750	-0.843750
665	-0.625000	-0.343750
666	-0.906250	-0.937500
667	-0.593750	-0.562500
668	-0.875000	-0.937500
669	-0.625000	-0.687500
670	-0.468750	-0.593750
671	-0.750000	-0.750000
672	-0.656250	-0.718750
673	-0.500000	0.187500
674	-0.843750	0.906250
675	-0.562500	0.593750
676	-0.531250	0.375000
677	-0.437500	0.562500
678	-0.750000	0.875000
679	-0.875000	0.937500
680	-0.875000	0.937500
681	-1.000000	1.000000
682	-0.250000	-0.093750
683	-0.406250	0.375000
684	-0.406250	0.468750
685	-0.437500	0.000000
686	-0.593750	-0.750000
687	-0.593750	-0.343750
688	-0.281250	-0.062500
689	-0.468750	-0.343750
690	-1.000000	-1.000000
691	-0.656250	-0.718750
692	-0.531250	-0.687500
693	-0.906250	-0.937500
694	-0.656250	-0.812500
695	-0.812500	-0.906250
696	-0.406250	-0.156250
697	-0.718750	-0.781250
698	-0.875000	-0.937500
699	-0.937500	-0.968750
700	-1.000000	-1.000000
701	-0.812500	-0.875000
702	-0.875000	-0.937500
703	-0.687500	-0.812500
704	-0.937500	-0.968750
705	-0.875000	-0.937500
706	-0.781250	-0.781250
707	-0.625000	-0.718750
708	-0.843750	-0.875000
709	-0.875000	-0.937500
710	-0.750000	-0.812500
711	-0.500000	0.093750
712	-0.781250	0.875000
713	-0.843750	0.906250
714	-0.656250	0.718750
715	-0.343750	0.156250
716	-0.781250	-0.843750
717	-0.875000	-0.937500
718	-0.875000	-0.937500
719	-0.781250	-0.875000
720	-0.843750	-0.875000
721	-1.000000	-1.000000
722	-0.937500	-0.968750
723	-0.656250	-0.718750
724	-0.718750	-0.812500
725	-0.562500	-0.562500
726	-0.750000	-0.750000
727	-0.718750	-0.812500
728	-0.500000	-0.187500
729	-0.625000	-0.718750
730	-0.625000	-0.625000
731	-0.812500	-0.906250
732	-0.531250	-0.625000
733	-0.531250	-0.468750
734	-0.906250	-0.937500
735	-0.437500	-0.375000
736	-0.937500	-0.968750
737	-0.468750	-0.500000
738	-0.593750	-0.750000
739	-0.875000	-0.937500
740	-0.687500	-0.625000
741	-0.812500	-0.906250
742	-0.687500	-0.593750
743	-0.656250	-0.656250
744	-0.500000	-0.593750
745	-0.906250	-0.937500
746	-0.906250	-0.937500
747	-0.468750	0.218750
748	-0.500000	0.250000
749	-0.625000	-0.437500
750	-0.687500	-0.750000
751	-0.750000	-0.843750
752	-0.937500	-0.968750
753	-0.593750	-0.718750
754	-0.843750	-0.906250
755	-0.625000	-0.625000
756	-0.718750	-0.687500
757	-0.718750	-0.812500
758	-0.781250	-0.875000
759	-0.750000	-0.843750
760	-1.000000	-1.000000
761	-0.593750	-0.625000
762	-0.593750	-0.750000
763	-0.875000	-0.937500
764	-0.312500	-0.093750
765	-0.875000	0.937500
766	-0.625000	0.781250
767	-0.937500	0.968750
768	-0.656250	0.750000
769	-0.531250	0.406250
770	-0.812500	0.875000
771	-0.468750	0.562500
772	-0.406250	0.531250
773	-0.812500	0.875000
774	-0.625000	0.718750
775	-0.406250	-0.062500
776	-0.718750	0.843750
777	-0.781250	0.875000
778	-0.843750	0.906250
779	-1.000000	1.000000
780	-0.843750	0.906250
781	-0.875000	0.937500
782	-0.781250	0.875000
783	-0.687500	0.750000
784	-0.718750	0.812500
785	-0.437500	0.562500
786	-0.562500	-0.250000
787	-0.687500	-0.781250
788	-0.781250	-0.875000
789	-1.000000	-1.000000
790	-0.812500	-0.875000
791	-0.750000	-0.843750
792	-0.937500	-0.968750
793	-0.687500	-0.718750
794	-0.593750	0.656250
795	-0.312500	0.187500
796	-1.000000	1.000000
797	-0.843750	0.906250
798	-0.750000	0.843750
799	-0.937500	0.968750
800	-0.687500	0.812500
801	-0.875000	0.937500
802	-0.562500	0.750000
803	-1.000000	1.000000
804	-0.937500	0.968750
805	-0.468750	0.500000
806	-0.625000	-0.343750
807	-0.593750	0.718750
808	-0.781250	0.843750
809	-0.937500	0.968750
810	-0.812500	0.875000
811	-0.906250	0.937500
812	-0.812500	0.875000
813	-0.406250	0.312500
814	-0.406250	0.531250
815	-0.562500	0.250000
816	-0.687500	0.812500
817	-0.593750	0.281250
818	-0.750000	-0.687500
819	-0.843750	-0.906250
820	-0.718750	-0.843750
821	-0.718750	-0.718750
822	-0.812500	-0.875000
823	-0.875000	-0.937500
824	-0.843750	-0.906250
825	-0.843750	-0.875000
826	-0.937500	-0.968750
827	-0.812500	-0.875000
828	-0.937500	-0.968750
829	-0.781250	-0.812500
830	-0.687500	-0.687500
831	-0.625000	-0.781250
832	-0.593750	-0.656250
833	-0.812500	-0.906250
834	-0.531250	0.218750
835	-0.937500	0.968750
836	-0.718750	0.656250
837	-0.875000	0.875000
838	-0.906250	0.937500
839	-0.906250	0.937500
840	-0.750000	0.812500
841	-0.812500	0.906250
842	-0.937500	0.968750
843	-0.937500	0.968750
844	-0.718750	0.812500
845	-0.937500	-0.968750
846	-0.656250	-0.593750
847	-0.812500	-0.906250
848	-0.593750	-0.718750
849	-0.593750	-0.437500
850	-0.875000	-0.937500
851	-0.656250	-0.812500
852	-0.593750	0.656250
853	-0.937500	0.968750
854	-0.937500	0.968750
855	-0.718750	0.812500
856	-0.468750	0.500000
857	-0.781250	0.875000
858	-0.875000	0.937500
859	-0.562500	-0.062500
860	-0.843750	0.906250
861	-0.750000	0.812500
862	-0.750000	0.750000
863	-0.906250	0.937500
864	-0.750000	0.781250
865	-0.500000	-0.375000
866	-0.531250	0.218750
867	-0.625000	0.687500
868	-0.781250	0.843750
869	-0.937500	0.968750
870	-0.812500	0.906250
871	-0.593750	0.656250
872	-0.468750	0.406250
873	-0.812500	0.906250
874	-0.906250	0.937500
875	-0.625000	0.687500
876	-0.875000	0.906250
877	-0.625000	0.718750
878	-0.500000	0.281250
879	-0.531250	0.187500
880	-0.593750	0.718750
881	-0.937500	0.968750
882	-0.562500	0.656250
883	-0.593750	0.687500
884	-0.656250	0.593750
885	-0.812500	0.843750
886	-0.812500	0.906250
887	-0.406250	0.343750
888	-0.843750	0.906250
889	-0.468750	0.375000
890	-0.875000	0.906250
891	-0.875000	0.937500
892	-0.656250	0.718750
893	-0.750000	0.812500
894	-0.593750	0.718750
895	-1.000000	1.000000
896	-0.718750	0.843750
897	-0.218750	-0.031250
898	-0.375000	-0.031250
899	-0.718750	0.843750
900	-0.687500	0.718750
901	-0.781250	0.812500
902	-0.531250	0.562500
903	-0.687500	0.781250
904	-0.812500	0.906250
905	-0.937500	0.968750
906	-0.937500	0.968750
907	-0.593750	0.656250
908	-0.875000	0.906250
909	-0.875000	0.937500
910	-0.687500	0.750000
911	-0.687500	0.781250
912	-0.781250	-0.812500
913	-0.937500	-0.968750
914	-0.687500	-0.718750
915	-0.781250	-0.843750
916	-0.937500	-0.968750
917	-0.718750	-0.843750
918	-0.750000	-0.750000
919	-0.843750	-0.875000
920	-0.812500	-0.906250
921	-0.781250	-0.812500
922	-0.718750	-0.843750
923	-0.812500	-0.875000
924	-0.875000	-0.937500
925	-1.000000	-1.000000
926	-0.937500	-0.968750
927	-0.593750	-0.562500
928	-0.843750	-0.875000
929	-0.437500	-0.156250
930	-0.656250	-0.750000
931	-0.781250	-0.875000
932	-0.906250	-0.937500
933	-1.000000	-1.000000
934	-0.718750	-0.843750
935	-0.718750	-0.843750
936	-0.781250	-0.843750
937	-0.750000	-0.843750
938	-0.750000	-0.843750
939	-0.656250	-0.656250
940	-0.531250	-0.625000
941	-0.812500	-0.875000
942	-0.843750	-0.906250
943	-0.656250	-0.687500
944	-0.718750	-0.812500
945	-0.750000	-0.843750
946	-0.906250	-0.937500
947	-0.656250	-0.750000
948	-0.843750	-0.906250
949	-0.750000	-0.843750
950	-0.875000	-0.937500
951	-0.750000	-0.687500
952	-0.593750	-0.218750
953	-1.000000	1.000000
954	-0.750000	0.656250
955	-0.531250	0.687500
956	-0.718750	0.750000
957	-0.718750	0.812500
958	-0.875000	0.937500
959	-0.750000	0.781250
960	-0.656250	0.812500
961	-0.750000	0.812500
962	-0.937500	0.968750
963	-0.843750	0.906250
964	-0.812500	0.906250
965	-0.718750	0.843750
966	-0.687500	0.750000
967	-0.750000	0.843750
968	-0.843750	0.906250
969	-1.000000	1.000000
970	-0.625000	0.750000
971	-0.843750	0.906250
972	-0.468750	0.250000
973	-0.437500	0.500000
974	-0.718750	0.687500
975	-0.656250	0.531250
976	-0.812500	0.875000
977	-0.812500	0.875000
978	-0.906250	0.937500
979	-0.812500	0.875000
980	-0.843750	0.906250
981	-0.687500	0.750000
982	-0.781250	0.875000
983	-0.625000	0.750000
984	-0.625000	-0.750000
985	-0.843750	-0.906250
986	-0.937500	-0.968750
987	-0.531250	-0.718750
988	-0.656250	-0.781250
989	-0.937500	-0.968750
990	-0.875000	-0.937500
991	-0.656250	-0.656250
992	-0.656250	-0.812500
993	-0.718750	-0.843750
994	-0.937500	-0.968750
995	-1.000000	-1.000000
996	-0.718750	-0.781250
997	-0.937500	-0.968750
998	-0.687500	-0.750000
999	-1.000000	-1.000000
