0	-0.125000	-0.062500
1	-0.125000	-0.156250
2	-0.125000	0.156250
3	-0.281250	-0.031250
4	-0.031250	-0.125000
5	-0.093750	0.000000
6	-0.156250	0.312500
7	-0.125000	-0.062500
8	-0.093750	0.093750
9	-0.250000	0.375000
10	-0.187500	-0.281250
11	-0.312500	-0.218750
12	0.000000	-0.187500
13	-0.093750	0.000000
14	-0.031250	0.062500
15	-0.062500	-0.062500
16	-0.093750	0.250000
17	-0.406250	-0.406250
18	-0.281250	-0.187500
19	-0.031250	0.125000
20	-0.281250	-0.281250
21	-0.187500	-0.312500
22	-0.218750	-0.125000
23	-0.187500	0.062500
24	-0.125000	-0.062500
25	-0.375000	0.468750
26	-0.281250	0.125000
27	-0.031250	0.093750
28	-0.125000	-0.187500
29	-0.156250	0.125000
30	-0.125000	-0.312500
31	-0.156250	-0.125000
32	-0.062500	-0.093750
33	-0.031250	0.093750
34	0.000000	-0.125000
35	-0.062500	-0.031250
36	-0.156250	-0.031250
37	-0.156250	-0.031250
38	-0.312500	0.500000
39	-0.156250	-0.187500
40	-0.156250	0.031250
41	-0.218750	0.125000
42	-0.281250	0.250000
43	-0.250000	0.062500
44	-0.125000	0.062500
45	0.000000	0.000000
46	-0.093750	0.062500
47	-0.031250	-0.218750
48	-0.062500	0.031250
49	-0.093750	0.093750
50	-0.343750	0.187500
51	-0.031250	-0.125000
52	-0.156250	0.093750
53	-0.156250	-0.093750
54	-0.125000	0.093750
55	-0.156250	0.187500
56	-0.218750	0.093750
57	-0.187500	0.000000
58	-0.062500	0.312500
59	-0.031250	-0.281250
60	-0.250000	0.250000
61	-0.187500	-0.468750
62	-0.218750	-0.250000
63	-0.187500	0.031250
64	-0.187500	0.281250
65	-0.156250	-0.093750
66	-0.281250	0.406250
67	-0.093750	-0.031250
68	-0.125000	-0.218750
69	-0.093750	0.000000
70	-0.250000	-0.125000
71	-0.093750	-0.062500
72	0.000000	-0.156250
73	-0.218750	-0.312500
74	-0.062500	0.062500
75	-0.187500	0.187500
76	-0.187500	0.000000
77	-0.031250	0.093750
78	-0.187500	-0.093750
79	-0.156250	-0.218750
80	-0.062500	0.031250
81	-0.156250	-0.093750
82	-0.093750	-0.093750
83	-0.250000	-0.437500
84	-0.156250	-0.062500
85	-0.218750	-0.093750
86	-0.312500	-0.343750
87	-0.187500	0.000000
88	-0.187500	0.218750
89	-0.156250	-0.093750
90	-0.093750	-0.062500
91	0.000000	-0.031250
92	-0.187500	0.093750
93	-0.156250	0.250000
94	-0.062500	-0.125000
95	-0.156250	-0.156250
96	-0.093750	0.406250
97	-0.062500	0.000000
98	-0.218750	0.031250
99	-0.031250	0.187500
100	-0.312500	0.156250
101	-0.062500	0.093750
102	-0.312500	0.343750
103	-0.250000	-0.062500
104	-0.250000	-0.375000
105	-0.187500	0.125000
106	-0.218750	-0.125000
107	-0.156250	0.000000
108	-0.156250	0.187500
109	-0.343750	-0.343750
110	-0.093750	-0.125000
111	-0.218750	0.031250
112	-0.218750	0.000000
113	-0.281250	0.000000
114	-0.062500	0.031250
115	-0.125000	0.031250
116	-0.062500	-0.062500
117	-0.031250	0.250000
118	-0.218750	0.000000
119	-0.250000	0.125000
120	-0.156250	0.000000
121	-0.187500	0.250000
122	-0.093750	0.187500
123	-0.093750	-0.062500
124	-0.187500	-0.187500
125	-0.093750	0.031250
126	-0.218750	0.125000
127	-0.343750	0.406250
128	-0.062500	0.093750
129	-0.281250	0.093750
130	-0.218750	-0.187500
131	-0.093750	0.093750
132	-0.125000	0.125000
133	-0.156250	-0.062500
134	-0.031250	0.000000
135	-0.093750	-0.062500
136	-0.312500	-0.156250
137	-0.187500	0.312500
138	-0.312500	0.125000
139	-0.281250	0.187500
140	-0.218750	0.312500
141	-0.031250	0.000000
142	-0.125000	0.218750
143	-0.156250	0.250000
144	-0.062500	-0.375000
145	-0.062500	0.031250
146	-0.250000	-0.312500
147	-0.093750	0.093750
148	-0.031250	0.000000
149	-0.156250	0.187500
150	-0.218750	0.187500
151	-0.156250	0.125000
152	-0.187500	-0.156250
153	-0.187500	-0.250000
154	-0.125000	0.031250
155	-0.125000	-0.062500
156	-0.062500	0.093750
157	-0.156250	-0.125000
158	-0.062500	0.000000
159	-0.093750	0.156250
160	-0.062500	-0.218750
161	-0.156250	0.062500
162	-0.125000	0.062500
163	-0.062500	0.156250
164	-0.125000	0.000000
165	-0.125000	0.000000
166	-0.187500	0.218750
167	-0.062500	0.000000
168	-0.093750	0.093750
169	-0.250000	0.500000
170	-0.156250	-0.156250
171	-0.125000	-0.218750
172	-0.250000	-0.218750
173	-0.218750	-0.312500
174	-0.281250	-0.281250
175	-0.281250	-0.437500
176	-0.031250	-0.187500
177	-0.156250	0.031250
178	-0.093750	0.156250
179	-0.156250	0.250000
180	-0.156250	-0.250000
181	0.031250	0.000000
182	-0.218750	0.156250
183	-0.250000	-0.281250
184	-0.156250	-0.156250
185	-0.093750	-0.187500
186	-0.187500	-0.281250
187	-0.156250	0.000000
188	-0.250000	0.187500
189	-0.187500	0.125000
190	0.031250	0.000000
191	-0.125000	0.000000
192	-0.187500	0.187500
193	-0.093750	0.031250
194	-0.281250	0.437500
195	0.031250	0.218750
196	-0.187500	-0.093750
197	-0.125000	0.281250
198	-0.156250	0.312500
199	-0.031250	-0.187500
200	-0.250000	-0.187500
201	-0.281250	0.406250
202	-0.031250	-0.093750
203	-0.187500	0.187500
204	-0.093750	-0.031250
205	-0.156250	-0.156250
206	-0.250000	0.250000
207	-0.062500	0.062500
208	-0.062500	-0.031250
209	-0.156250	-0.093750
210	-0.125000	0.156250
211	-0.156250	-0.093750
212	-0.187500	-0.250000
213	-0.125000	0.218750
214	-0.343750	0.250000
215	-0.187500	-0.250000
216	-0.125000	-0.187500
217	-0.312500	-0.062500
218	-0.281250	0.156250
219	-0.062500	0.156250
220	-0.250000	0.312500
221	-0.093750	0.062500
222	-0.125000	0.031250
223	0.000000	-0.062500
224	0.031250	-0.062500
225	-0.125000	0.062500
226	-0.281250	-0.218750
227	-0.312500	-0.281250
228	-0.218750	0.281250
229	-0.125000	0.031250
230	-0.187500	-0.187500
231	-0.187500	-0.375000
232	-0.187500	0.281250
233	-0.031250	0.093750
234	-0.218750	-0.125000
235	-0.187500	0.218750
236	-0.187500	-0.187500
237	-0.218750	-0.062500
238	-0.281250	-0.125000
239	-0.156250	0.125000
240	-0.125000	-0.062500
241	-0.093750	0.125000
242	-0.093750	-0.031250
243	-0.125000	-0.312500
244	-0.187500	-0.125000
245	-0.125000	-0.062500
246	-0.343750	0.281250
247	-0.187500	-0.187500
248	-0.031250	0.000000
249	-0.125000	-0.156250
250	-0.281250	0.406250
251	-0.093750	0.000000
252	-0.062500	-0.031250
253	-0.125000	0.468750
254	-0.156250	-0.156250
255	-0.187500	0.156250
256	-0.156250	0.312500
257	-0.156250	0.187500
258	-0.187500	0.281250
259	-0.062500	-0.031250
260	-0.125000	0.312500
261	-0.031250	0.093750
262	-0.250000	0.187500
263	-0.125000	0.062500
264	-0.031250	-0.250000
265	-0.218750	0.406250
266	-0.312500	-0.156250
267	-0.187500	-0.250000
268	-0.031250	-0.062500
269	-0.250000	0.000000
270	-0.343750	0.531250
271	-0.062500	0.093750
272	0.031250	-0.031250
273	-0.156250	-0.093750
274	-0.312500	0.531250
275	-0.093750	0.156250
276	-0.125000	0.031250
277	-0.218750	-0.062500
278	-0.062500	0.062500
279	-0.156250	-0.250000
280	-0.125000	0.062500
281	-0.250000	0.125000
282	-0.187500	0.031250
283	-0.281250	0.000000
284	-0.375000	-0.125000
285	-0.125000	0.093750
286	-0.062500	0.125000
287	-0.156250	0.156250
288	-0.156250	0.093750
289	-0.343750	0.406250
290	-0.125000	-0.062500
291	-0.218750	-0.093750
292	-0.187500	0.187500
293	-0.312500	-0.343750
294	-0.312500	0.156250
295	-0.062500	-0.218750
296	-0.031250	-0.312500
297	-0.093750	-0.125000
298	-0.218750	0.000000
299	-0.281250	0.125000
300	-0.187500	0.000000
301	-0.062500	0.000000
302	-0.343750	-0.093750
303	-0.343750	0.250000
304	-0.093750	-0.187500
305	-0.062500	-0.093750
306	-0.343750	0.000000
307	-0.281250	0.062500
308	-0.093750	0.031250
309	-0.125000	0.187500
310	-0.250000	0.156250
311	-0.156250	0.062500
312	-0.187500	0.062500
313	-0.125000	-0.062500
314	-0.125000	-0.062500
315	-0.281250	-0.156250
316	-0.187500	-0.375000
317	-0.156250	0.062500
318	-0.437500	-0.437500
319	-0.343750	0.343750
320	-0.093750	0.250000
321	-0.093750	-0.156250
322	-0.312500	-0.250000
323	-0.125000	0.156250
324	-0.187500	0.281250
325	-0.281250	0.531250
326	-0.218750	0.062500
327	-0.125000	-0.187500
328	-0.250000	-0.156250
329	-0.187500	-0.156250
330	-0.187500	-0.125000
331	-0.031250	0.093750
332	-0.031250	-0.031250
333	-0.187500	0.000000
334	-0.343750	-0.218750
335	-0.187500	0.031250
336	-0.343750	0.406250
337	-0.250000	0.093750
338	-0.250000	-0.031250
339	-0.156250	0.187500
340	-0.062500	0.250000
341	-0.125000	-0.218750
342	-0.125000	0.000000
343	-0.187500	0.156250
344	0.000000	0.031250
345	-0.281250	-0.312500
346	-0.218750	-0.281250
347	-0.093750	-0.187500
348	-0.156250	0.062500
349	-0.125000	-0.031250
350	-0.093750	-0.031250
351	-0.281250	-0.062500
352	-0.437500	-0.312500
353	-0.281250	0.031250
354	-0.312500	-0.093750
355	0.000000	0.093750
356	-0.156250	0.000000
357	-0.093750	-0.156250
358	-0.125000	0.000000
359	-0.062500	0.062500
360	-0.187500	0.000000
361	-0.125000	-0.218750
362	-0.093750	0.062500
363	0.000000	0.031250
364	-0.093750	-0.281250
365	-0.187500	0.312500
366	-0.187500	0.187500
367	-0.125000	0.093750
368	-0.187500	0.187500
369	-0.031250	-0.125000
370	-0.093750	0.031250
371	-0.187500	-0.218750
372	0.000000	0.031250
373	-0.062500	-0.062500
374	-0.281250	0.250000
375	-0.343750	0.093750
376	-0.187500	-0.250000
377	-0.218750	-0.062500
378	-0.187500	-0.187500
379	-0.156250	0.156250
380	-0.125000	0.093750
381	-0.218750	0.187500
382	-0.312500	-0.031250
383	-0.156250	-0.125000
384	-0.093750	0.000000
385	-0.125000	0.062500
386	-0.156250	0.062500
387	-0.156250	0.062500
388	-0.093750	0.250000
389	-0.125000	0.062500
390	-0.093750	-0.031250
391	-0.187500	-0.062500
392	-0.093750	0.125000
393	-0.093750	0.062500
394	-0.125000	-0.156250
395	-0.062500	-0.062500
396	-0.031250	0.281250
397	-0.125000	0.000000
398	-0.156250	0.093750
399	-0.312500	0.031250
400	-0.125000	-0.187500
401	-0.062500	0.062500
402	-0.312500	0.218750
403	-0.250000	-0.031250
404	-0.156250	0.031250
405	-0.187500	0.031250
406	-0.156250	0.156250
407	-0.093750	-0.093750
408	-0.156250	0.062500
409	-0.062500	0.343750
410	-0.062500	0.218750
411	-0.281250	-0.218750
412	-0.187500	-0.093750
413	-0.437500	-0.281250
414	-0.156250	0.062500
415	-0.250000	0.218750
416	-0.187500	-0.031250
417	-0.218750	-0.250000
418	-0.250000	0.093750
419	-0.250000	0.093750
420	-0.250000	0.093750
421	0.000000	-0.156250
422	-0.093750	0.218750
423	-0.156250	0.062500
424	0.093750	0.031250
425	-0.093750	-0.062500
426	-0.218750	0.062500
427	-0.125000	0.093750
428	-0.093750	0.250000
429	-0.250000	-0.187500
430	-0.375000	-0.281250
431	-0.187500	0.250000
432	-0.062500	0.156250
433	-0.218750	0.343750
434	-0.093750	0.062500
435	-0.125000	-0.250000
436	-0.187500	0.281250
437	0.062500	0.093750
438	-0.125000	0.156250
439	-0.031250	0.031250
440	-0.250000	-0.156250
441	-0.312500	-0.218750
442	-0.187500	0.218750
443	0.031250	-0.062500
444	-0.093750	0.250000
445	-0.281250	0.250000
446	-0.187500	0.281250
447	-0.187500	-0.125000
448	-0.156250	0.125000
449	-0.093750	-0.156250
450	-0.031250	-0.218750
451	-0.187500	0.218750
452	-0.093750	0.031250
453	-0.125000	-0.031250
454	-0.093750	-0.156250
455	-0.156250	0.218750
456	-0.062500	0.031250
457	-0.062500	0.031250
458	-0.312500	0.031250
459	-0.093750	0.312500
460	-0.031250	0.093750
461	-0.093750	0.250000
462	-0.125000	0.000000
463	-0.156250	0.062500
464	0.000000	0.031250
465	-0.187500	0.093750
466	-0.281250	0.062500
467	-0.125000	0.000000
468	-0.062500	-0.062500
469	-0.093750	0.031250
470	-0.250000	0.312500
471	-0.093750	-0.187500
472	-0.375000	-0.500000
473	-0.156250	-0.125000
474	0.000000	-0.093750
475	-0.156250	-0.031250
476	-0.312500	-0.281250
477	-0.156250	0.000000
478	-0.093750	0.000000
479	-0.250000	0.250000
480	-0.125000	0.281250
481	-0.125000	0.093750
482	-0.156250	0.187500
483	-0.156250	-0.062500
484	-0.187500	0.250000
485	-0.250000	-0.218750
486	-0.281250	0.093750
487	-0.125000	-0.156250
488	-0.125000	0.000000
489	-0.062500	0.000000
490	-0.062500	0.000000
491	-0.156250	0.031250
492	-0.218750	-0.031250
493	-0.125000	-0.125000
494	-0.062500	0.000000
495	-0.062500	-0.031250
496	-0.281250	-0.093750
497	-0.062500	-0.031250
498	-0.218750	0.000000
499	-0.281250	-0.250000
500	-0.156250	0.187500
501	-0.062500	0.218750
502	-0.250000	-0.125000
503	-0.093750	0.031250
504	-0.187500	0.250000
505	-0.156250	-0.125000
506	-0.156250	-0.125000
507	-0.250000	0.406250
508	-0.312500	-0.312500
509	-0.218750	-0.093750
510	-0.125000	0.312500
511	-0.156250	-0.218750
512	-0.281250	-0.125000
513	-0.156250	0.250000
514	-0.187500	-0.250000
515	-0.062500	-0.031250
516	-0.031250	-0.093750
517	-0.187500	0.218750
518	-0.031250	-0.156250
519	-0.125000	0.031250
520	-0.187500	-0.250000
521	0.031250	-0.062500
522	-0.125000	0.281250
523	-0.125000	0.156250
524	-0.187500	0.125000
525	-0.218750	0.125000
526	-0.031250	0.062500
527	-0.125000	0.187500
528	-0.187500	-0.031250
529	-0.062500	-0.218750
530	-0.156250	-0.093750
531	-0.093750	0.156250
532	-0.156250	0.156250
533	-0.062500	-0.031250
534	-0.125000	0.156250
535	-0.218750	0.187500
536	-0.093750	-0.031250
537	-0.062500	0.250000
538	-0.187500	-0.125000
539	-0.187500	0.062500
540	-0.125000	0.156250
541	-0.125000	-0.218750
542	-0.125000	0.093750
543	-0.250000	0.250000
544	-0.156250	0.062500
545	0.031250	0.000000
546	-0.250000	0.281250
547	-0.281250	-0.156250
548	-0.250000	0.062500
549	-0.187500	-0.031250
550	-0.031250	0.031250
551	0.000000	-0.093750
552	-0.250000	-0.062500
553	-0.218750	0.000000
554	-0.125000	0.031250
555	-0.375000	-0.437500
556	-0.156250	-0.062500
557	-0.343750	0.312500
558	-0.281250	-0.156250
559	-0.343750	0.125000
560	-0.187500	0.000000
561	-0.156250	0.125000
562	-0.062500	0.218750
563	-0.062500	0.093750
564	-0.375000	0.375000
565	-0.062500	-0.125000
566	-0.093750	-0.250000
567	-0.312500	0.156250
568	-0.281250	-0.250000
569	-0.125000	-0.062500
570	-0.093750	0.031250
571	-0.218750	0.250000
572	-0.250000	-0.062500
573	-0.093750	0.093750
574	-0.156250	-0.156250
575	-0.187500	-0.281250
576	-0.125000	-0.093750
577	-0.187500	0.000000
578	-0.125000	-0.062500
579	-0.312500	-0.250000
580	-0.156250	0.343750
581	-0.187500	-0.093750
582	-0.125000	0.125000
583	-0.125000	-0.187500
584	-0.031250	-0.031250
585	-0.093750	-0.125000
586	-0.062500	-0.218750
587	-0.031250	0.156250
588	-0.093750	0.187500
589	-0.250000	-0.187500
590	-0.343750	-0.156250
591	-0.187500	-0.281250
592	-0.125000	-0.031250
593	-0.187500	-0.250000
594	-0.156250	-0.062500
595	-0.343750	0.062500
596	-0.218750	0.156250
597	-0.125000	-0.250000
598	-0.156250	-0.218750
599	-0.031250	0.093750
600	-0.093750	-0.062500
601	-0.125000	-0.031250
602	-0.187500	0.093750
603	-0.093750	-0.031250
604	-0.187500	-0.187500
605	-0.250000	0.281250
606	-0.093750	-0.125000
607	-0.187500	0.125000
608	-0.187500	0.156250
609	-0.218750	-0.281250
610	-0.218750	0.375000
611	-0.312500	-0.312500
612	-0.250000	0.062500
613	-0.156250	0.093750
614	-0.031250	0.031250
615	-0.156250	0.218750
616	-0.187500	0.062500
617	-0.250000	0.156250
618	-0.406250	0.000000
619	-0.281250	-0.281250
620	-0.156250	0.125000
621	-0.125000	-0.125000
622	0.000000	0.031250
623	-0.093750	-0.125000
624	-0.343750	0.187500
625	-0.062500	0.093750
626	-0.125000	0.218750
627	-0.062500	0.031250
628	-0.187500	-0.156250
629	-0.062500	0.156250
630	-0.031250	0.062500
631	-0.250000	0.000000
632	0.000000	0.125000
633	0.000000	0.281250
634	-0.062500	0.156250
635	-0.031250	0.187500
636	-0.312500	-0.500000
637	-0.125000	0.187500
638	-0.156250	0.218750
639	-0.093750	0.187500
640	-0.062500	0.125000
641	-0.218750	0.437500
642	-0.062500	-0.250000
643	-0.218750	-0.093750
644	-0.125000	-0.125000
645	-0.187500	0.093750
646	-0.031250	0.031250
647	-0.062500	-0.250000
648	-0.218750	0.031250
649	-0.218750	0.125000
650	-0.156250	-0.031250
651	-0.093750	-0.031250
652	-0.125000	-0.218750
653	-0.218750	0.218750
654	0.093750	-0.062500
655	-0.093750	0.156250
656	-0.062500	0.125000
657	-0.125000	0.062500
658	-0.062500	-0.312500
659	-0.187500	-0.156250
660	-0.062500	-0.031250
661	-0.062500	0.125000
662	-0.031250	0.187500
663	-0.093750	-0.031250
664	-0.031250	0.218750
665	-0.218750	-0.031250
666	-0.250000	-0.343750
667	-0.218750	0.281250
668	-0.031250	-0.156250
669	-0.156250	-0.187500
670	-0.312500	-0.031250
671	-0.218750	-0.125000
672	-0.250000	0.093750
673	-0.093750	0.000000
674	-0.156250	0.031250
675	-0.156250	-0.125000
676	-0.062500	-0.312500
677	-0.250000	0.093750
678	-0.062500	0.031250
679	-0.125000	0.062500
680	-0.281250	0.312500
681	-0.218750	-0.062500
682	0.031250	0.093750
683	-0.062500	0.062500
684	-0.156250	-0.031250
685	-0.031250	0.000000
686	-0.093750	0.156250
687	-0.156250	0.187500
688	-0.156250	-0.281250
689	-0.218750	0.000000
690	-0.250000	0.062500
691	-0.218750	-0.187500
692	-0.156250	0.125000
693	0.125000	-0.031250
694	-0.250000	-0.062500
695	-0.093750	-0.125000
696	-0.156250	0.125000
697	0.000000	0.062500
698	-0.281250	0.187500
699	-0.250000	-0.031250
700	-0.062500	-0.218750
701	-0.093750	-0.156250
702	-0.250000	0.062500
703	-0.187500	0.062500
704	-0.250000	0.062500
705	-0.156250	0.062500
706	-0.062500	0.125000
707	-0.218750	0.375000
708	-0.250000	-0.093750
709	-0.062500	0.093750
710	-0.062500	0.250000
711	-0.093750	0.093750
712	-0.062500	0.000000
713	0.000000	-0.125000
714	-0.250000	-0.437500
715	-0.218750	0.187500
716	-0.281250	-0.406250
717	-0.125000	-0.156250
718	-0.218750	0.031250
719	-0.156250	-0.281250
720	-0.250000	-0.218750
721	-0.156250	0.187500
722	-0.187500	-0.062500
723	-0.218750	0.218750
724	-0.187500	0.312500
725	-0.312500	-0.250000
726	-0.187500	-0.093750
727	-0.125000	-0.156250
728	-0.187500	-0.156250
729	-0.093750	0.218750
730	-0.093750	-0.062500
731	-0.093750	-0.125000
732	-0.093750	-0.125000
733	-0.156250	0.125000
734	-0.218750	0.125000
735	-0.062500	0.156250
736	-0.125000	-0.093750
737	-0.218750	-0.093750
738	-0.156250	0.093750
739	-0.156250	0.156250
740	-0.156250	-0.125000
741	-0.062500	0.093750
742	-0.031250	0.000000
743	-0.125000	0.250000
744	-0.437500	0.593750
745	-0.156250	0.000000
746	-0.125000	0.125000
747	-0.125000	0.250000
748	-0.187500	-0.062500
749	-0.125000	-0.218750
750	-0.031250	-0.093750
751	0.031250	-0.218750
752	-0.062500	0.062500
753	-0.187500	0.062500
754	-0.218750	0.187500
755	-0.093750	-0.125000
756	-0.062500	0.093750
757	-0.125000	0.031250
758	-0.156250	0.218750
759	-0.156250	-0.093750
760	0.062500	-0.250000
761	-0.156250	0.281250
762	-0.156250	-0.156250
763	-0.125000	0.250000
764	-0.250000	0.093750
765	-0.187500	0.093750
766	-0.406250	0.562500
767	-0.281250	0.406250
768	-0.312500	0.000000
769	-0.031250	0.062500
770	-0.250000	-0.187500
771	-0.187500	-0.093750
772	-0.218750	0.312500
773	-0.343750	-0.343750
774	-0.093750	-0.031250
775	-0.281250	-0.125000
776	-0.031250	0.000000
777	-0.156250	0.093750
778	-0.156250	-0.375000
779	-0.156250	0.218750
780	-0.218750	-0.375000
781	-0.156250	-0.187500
782	-0.093750	-0.156250
783	-0.218750	0.281250
784	-0.156250	0.093750
785	-0.062500	0.062500
786	-0.125000	-0.062500
787	-0.218750	-0.187500
788	-0.093750	-0.187500
789	-0.250000	-0.031250
790	-0.125000	0.281250
791	-0.250000	-0.187500
792	-0.218750	0.062500
793	-0.156250	0.062500
794	-0.156250	-0.093750
795	0.000000	-0.125000
796	-0.125000	-0.125000
797	-0.156250	-0.187500
798	-0.093750	-0.156250
799	-0.093750	-0.093750
800	-0.093750	-0.031250
801	-0.156250	-0.093750
802	-0.218750	-0.218750
803	-0.125000	0.093750
804	-0.218750	-0.156250
805	-0.156250	0.187500
806	-0.375000	-0.250000
807	-0.218750	-0.187500
808	-0.093750	0.125000
809	-0.250000	0.156250
810	-0.281250	0.343750
811	-0.312500	0.250000
812	-0.281250	-0.250000
813	-0.125000	-0.156250
814	-0.156250	0.281250
815	-0.093750	0.000000
816	-0.125000	0.156250
817	-0.031250	0.187500
818	-0.125000	-0.312500
819	-0.125000	0.093750
820	-0.062500	-0.187500
821	-0.031250	0.062500
822	-0.156250	0.000000
823	-0.156250	0.125000
824	-0.281250	-0.062500
825	-0.250000	-0.093750
826	-0.343750	-0.250000
827	-0.312500	0.125000
828	-0.218750	-0.125000
829	-0.281250	0.031250
830	-0.093750	-0.281250
831	-0.093750	0.062500
832	-0.218750	0.000000
833	-0.187500	-0.062500
834	-0.031250	0.125000
835	-0.250000	0.062500
836	-0.156250	-0.218750
837	0.000000	0.125000
838	-0.125000	0.187500
839	-0.187500	0.125000
840	-0.125000	0.031250
841	-0.031250	0.062500
842	-0.031250	-0.031250
843	-0.125000	-0.250000
844	-0.031250	-0.250000
845	-0.093750	0.000000
846	-0.093750	-0.156250
847	-0.218750	-0.156250
848	-0.250000	-0.343750
849	-0.031250	-0.250000
850	-0.281250	0.312500
851	-0.156250	-0.031250
852	-0.281250	0.093750
853	-0.187500	-0.031250
854	-0.125000	0.031250
855	-0.125000	0.062500
856	-0.187500	-0.312500
857	0.156250	-0.031250
858	0.000000	-0.281250
859	0.031250	0.031250
860	-0.187500	0.281250
861	-0.218750	0.062500
862	-0.312500	-0.250000
863	-0.062500	-0.031250
864	0.062500	0.062500
865	-0.218750	0.093750
866	-0.250000	0.031250
867	-0.250000	0.093750
868	-0.093750	-0.375000
869	-0.187500	-0.062500
870	-0.062500	0.031250
871	-0.093750	0.062500
872	-0.156250	0.281250
873	-0.062500	0.125000
874	-0.281250	0.312500
875	-0.156250	-0.125000
876	-0.125000	-0.125000
877	-0.125000	-0.031250
878	-0.125000	-0.187500
879	-0.156250	0.250000
880	-0.281250	-0.218750
881	-0.125000	0.250000
882	-0.218750	0.000000
883	-0.250000	0.093750
884	-0.031250	-0.187500
885	-0.093750	-0.156250
886	-0.281250	-0.031250
887	-0.156250	0.156250
888	-0.031250	0.125000
889	-0.218750	-0.218750
890	-0.125000	0.000000
891	-0.125000	-0.125000
892	-0.187500	0.125000
893	-0.125000	0.187500
894	-0.343750	0.250000
895	-0.093750	-0.031250
896	-0.312500	0.218750
897	-0.062500	0.125000
898	-0.187500	0.093750
899	-0.093750	-0.062500
900	-0.031250	0.031250
901	-0.281250	0.187500
902	-0.250000	0.218750
903	-0.281250	-0.187500
904	-0.031250	0.156250
905	-0.062500	-0.062500
906	-0.156250	0.031250
907	-0.062500	0.031250
908	-0.218750	-0.156250
909	-0.406250	0.250000
910	-0.250000	-0.125000
911	-0.187500	-0.031250
912	-0.218750	-0.031250
913	-0.187500	0.000000
914	-0.031250	0.093750
915	-0.031250	-0.062500
916	-0.250000	-0.343750
917	-0.062500	0.062500
918	-0.187500	-0.156250
919	0.000000	-0.125000
920	0.093750	0.156250
921	-0.156250	-0.187500
922	-0.062500	-0.218750
923	-0.156250	0.031250
924	-0.062500	-0.187500
925	-0.156250	0.093750
926	-0.343750	0.343750
927	-0.281250	-0.093750
928	-0.031250	-0.031250
929	-0.125000	-0.187500
930	-0.156250	-0.250000
931	-0.062500	-0.031250
932	-0.187500	0.062500
933	-0.187500	0.000000
934	-0.250000	0.000000
935	-0.062500	-0.093750
936	-0.093750	0.156250
937	-0.062500	-0.093750
938	-0.187500	-0.218750
939	-0.250000	0.281250
940	-0.218750	-0.031250
941	-0.187500	0.000000
942	-0.156250	-0.187500
943	-0.125000	0.125000
944	-0.343750	-0.343750
945	-0.031250	0.093750
946	-0.093750	0.093750
947	-0.125000	-0.125000
948	-0.156250	-0.156250
949	-0.156250	-0.250000
950	-0.093750	-0.156250
951	0.031250	-0.093750
952	-0.031250	-0.156250
953	-0.218750	0.218750
954	0.000000	0.000000
955	-0.218750	-0.250000
956	-0.250000	-0.156250
957	-0.375000	-0.062500
958	-0.093750	0.062500
959	-0.093750	0.031250
960	-0.125000	0.218750
961	-0.218750	-0.125000
962	-0.062500	0.156250
963	-0.156250	-0.093750
964	-0.187500	0.000000
965	-0.250000	-0.187500
966	-0.218750	0.000000
967	-0.250000	0.062500
968	0.000000	0.000000
969	-0.187500	-0.156250
970	-0.250000	-0.187500
971	-0.187500	0.093750
972	-0.187500	0.125000
973	-0.062500	-0.156250
974	-0.125000	0.031250
975	-0.281250	0.218750
976	-0.062500	0.031250
977	-0.156250	-0.125000
978	-0.218750	-0.281250
979	-0.250000	-0.062500
980	-0.281250	0.218750
981	-0.281250	0.187500
982	-0.125000	-0.156250
983	-0.218750	0.093750
984	-0.156250	-0.312500
985	-0.156250	0.156250
986	-0.281250	-0.406250
987	-0.250000	0.093750
988	-0.031250	0.093750
989	-0.250000	0.093750
990	-0.125000	0.218750
991	-0.218750	0.156250
992	-0.062500	0.125000
993	0.000000	-0.187500
994	-0.125000	0.000000
995	-0.125000	0.093750
996	-0.156250	0.218750
997	-0.125000	-0.093750
998	0.031250	-0.125000
999	-0.187500	0.093750
