0	-0.500000	0.562500
1	-0.562500	0.656250
2	-0.500000	0.625000
3	-0.375000	0.531250
4	-0.656250	0.812500
5	-0.406250	0.468750
6	-0.343750	0.000000
7	-0.093750	0.125000
8	-0.406250	0.156250
9	-0.562500	0.562500
10	-0.343750	0.343750
11	-0.156250	0.375000
12	-0.406250	0.375000
13	-0.312500	-0.031250
14	-0.343750	-0.062500
15	-0.281250	0.343750
16	-0.437500	0.281250
17	-0.468750	-0.562500
18	-0.312500	0.406250
19	-0.437500	-0.531250
20	-0.343750	0.000000
21	-0.343750	0.000000
22	-0.250000	-0.156250
23	-0.531250	0.656250
24	-0.468750	0.656250
25	-0.562500	-0.375000
26	-0.500000	0.625000
27	-0.375000	0.250000
28	-0.468750	0.437500
29	-0.437500	0.250000
30	-0.531250	-0.687500
31	-0.562500	0.593750
32	-0.625000	0.781250
33	-0.593750	0.406250
34	-0.468750	-0.187500
35	-0.468750	0.500000
36	-0.531250	-0.437500
37	-0.468750	-0.156250
38	-0.437500	0.562500
39	-0.312500	-0.125000
40	-0.281250	0.406250
41	-0.250000	0.437500
42	-0.593750	0.593750
43	-0.500000	0.000000
44	-0.437500	0.500000
45	-0.562500	0.593750
46	-0.468750	0.343750
47	-0.718750	0.812500
48	-0.375000	0.031250
49	-0.468750	0.562500
50	-0.500000	-0.593750
51	-0.281250	0.156250
52	-0.375000	0.187500
53	-0.250000	0.000000
54	-0.406250	-0.062500
55	-0.468750	-0.468750
56	-0.281250	-0.187500
57	-0.312500	-0.062500
58	-0.531250	-0.406250
59	-0.812500	0.906250
60	-0.437500	0.531250
61	-0.687500	0.718750
62	-0.531250	-0.406250
63	-0.406250	0.125000
64	-0.343750	-0.031250
65	-0.375000	-0.250000
66	-0.468750	-0.125000
67	-0.593750	0.625000
68	-0.500000	0.437500
69	-0.718750	0.812500
70	-0.437500	0.500000
71	-0.343750	0.093750
72	-0.750000	0.843750
73	-0.531250	0.531250
74	-0.375000	-0.500000
75	-0.562500	-0.656250
76	-0.500000	-0.656250
77	-0.500000	0.562500
78	-0.281250	-0.281250
79	-0.250000	0.125000
80	-0.437500	-0.125000
81	-0.437500	0.406250
82	-0.500000	0.437500
83	-0.343750	-0.093750
84	-0.531250	-0.375000
85	-0.312500	0.375000
86	-0.468750	0.375000
87	-0.593750	-0.031250
88	-0.312500	0.156250
89	-0.437500	-0.437500
90	-0.375000	-0.156250
91	-0.312500	-0.375000
92	-0.562500	0.312500
93	-0.375000	0.250000
94	-0.406250	0.500000
95	-0.281250	-0.125000
96	-0.218750	-0.281250
97	-0.125000	-0.062500
98	-0.437500	-0.375000
99	-0.468750	0.375000
100	-0.250000	-0.093750
101	-0.562500	-0.718750
102	-0.343750	0.531250
103	-0.437500	-0.593750
104	-0.312500	0.250000
105	-0.437500	-0.656250
106	-0.718750	-0.812500
107	-0.781250	-0.843750
108	-0.531250	-0.375000
109	-0.406250	-0.156250
110	-0.343750	0.187500
111	-0.406250	-0.406250
112	-0.375000	0.218750
113	-0.281250	0.281250
114	-0.437500	0.375000
115	-0.375000	0.281250
116	-0.062500	0.156250
117	-0.375000	-0.375000
118	-0.375000	0.093750
119	-0.625000	0.718750
120	-0.437500	0.531250
121	-0.500000	0.343750
122	-0.375000	-0.156250
123	-0.250000	-0.125000
124	-0.500000	-0.531250
125	-0.406250	-0.343750
126	-0.562500	-0.625000
127	-0.406250	0.437500
128	-0.375000	-0.093750
129	-0.406250	0.468750
130	-0.343750	-0.250000
131	-0.281250	-0.125000
132	-0.500000	-0.406250
133	-0.437500	-0.343750
134	-0.281250	0.000000
135	-0.406250	-0.468750
136	-0.531250	-0.437500
137	-0.375000	-0.312500
138	-0.468750	0.500000
139	-0.687500	0.812500
140	-0.406250	-0.187500
141	-0.500000	-0.593750
142	-0.593750	-0.593750
143	-0.406250	-0.468750
144	-0.562500	-0.687500
145	-0.468750	-0.250000
146	-0.406250	0.031250
147	-0.562500	0.562500
148	-0.562500	0.781250
149	-0.406250	-0.468750
150	-0.468750	0.062500
151	-0.250000	0.250000
152	-0.468750	0.093750
153	-0.312500	-0.093750
154	-0.218750	-0.062500
155	-0.406250	-0.218750
156	-0.406250	-0.281250
157	-0.562500	-0.687500
158	-0.343750	-0.312500
159	-0.125000	-0.062500
160	-0.593750	0.687500
161	-0.343750	-0.281250
162	-0.375000	0.468750
163	-0.468750	0.343750
164	-0.218750	0.000000
165	-0.375000	-0.281250
166	-0.343750	0.156250
167	-0.562500	0.562500
168	-0.812500	-0.906250
169	-0.562500	-0.343750
170	-0.312500	-0.343750
171	-0.468750	0.312500
172	-0.625000	0.718750
173	-0.406250	0.593750
174	-0.406250	0.343750
175	-0.343750	0.156250
176	-0.500000	-0.593750
177	-0.437500	-0.500000
178	-0.375000	-0.312500
179	-0.406250	-0.281250
180	-0.343750	-0.437500
181	-0.406250	0.562500
182	-0.468750	-0.406250
183	-0.468750	0.437500
184	-0.343750	0.093750
185	-0.343750	0.125000
186	-0.406250	-0.218750
187	-0.343750	0.312500
188	-0.375000	0.218750
189	-0.281250	-0.187500
190	-0.343750	0.218750
191	-0.468750	0.312500
192	-0.562500	0.562500
193	-0.437500	0.437500
194	-0.656250	0.625000
195	-0.343750	0.000000
196	-0.437500	0.625000
197	-0.406250	0.406250
198	-0.312500	-0.281250
199	-0.531250	0.468750
200	-0.406250	-0.562500
201	-0.406250	-0.093750
202	-0.468750	-0.500000
203	-0.312500	-0.062500
204	-0.281250	0.031250
205	-0.437500	-0.375000
206	-0.375000	-0.531250
207	-0.375000	-0.218750
208	-0.656250	-0.687500
209	-0.375000	0.250000
210	-0.437500	-0.625000
211	-0.187500	-0.375000
212	-0.406250	-0.312500
213	-0.812500	-0.875000
214	-0.406250	-0.375000
215	-0.468750	0.031250
216	-0.406250	-0.437500
217	-0.687500	-0.812500
218	-0.656250	-0.812500
219	-0.250000	0.062500
220	-0.250000	-0.250000
221	-0.437500	0.468750
222	-0.125000	0.156250
223	-0.406250	0.437500
224	-0.656250	0.781250
225	-0.718750	-0.781250
226	-0.625000	-0.312500
227	-0.531250	0.656250
228	-0.437500	0.562500
229	-0.437500	0.437500
230	-0.562500	0.406250
231	-0.343750	-0.468750
232	-0.250000	-0.250000
233	-0.468750	-0.468750
234	-0.781250	-0.875000
235	-0.468750	0.250000
236	-0.406250	-0.093750
237	-0.406250	0.031250
238	-0.281250	0.187500
239	-0.281250	-0.062500
240	-0.218750	0.343750
241	-0.500000	0.437500
242	-0.531250	0.406250
243	-0.437500	0.437500
244	-0.500000	0.125000
245	-0.656250	0.750000
246	-0.406250	-0.031250
247	-0.437500	0.281250
248	-0.406250	0.218750
249	-0.218750	-0.031250
250	-0.406250	0.531250
251	-0.312500	0.000000
252	-0.468750	0.031250
253	-0.406250	0.281250
254	-0.687500	0.625000
255	-0.406250	-0.125000
256	-0.562500	-0.687500
257	-0.437500	0.375000
258	-0.218750	-0.125000
259	-0.375000	0.187500
260	-0.343750	0.156250
261	-0.218750	-0.031250
262	-0.343750	0.187500
263	-0.281250	-0.343750
264	-0.312500	0.218750
265	-0.250000	-0.062500
266	-0.468750	-0.093750
267	-0.500000	0.093750
268	-0.343750	0.156250
269	-0.468750	0.500000
270	-0.406250	0.281250
271	-0.187500	0.031250
272	-0.406250	0.000000
273	-0.562500	-0.687500
274	-0.562500	-0.625000
275	-0.781250	-0.843750
276	-0.375000	-0.187500
277	-0.437500	0.406250
278	-0.218750	0.187500
279	-0.437500	0.531250
280	-0.343750	0.000000
281	-0.375000	0.062500
282	-0.468750	0.375000
283	-0.406250	-0.562500
284	-0.281250	0.093750
285	-0.406250	0.562500
286	-0.281250	-0.312500
287	-0.312500	0.281250
288	-0.343750	-0.156250
289	-0.343750	-0.562500
290	-0.750000	-0.781250
291	-0.437500	-0.593750
292	-0.281250	-0.125000
293	-0.437500	0.187500
294	-0.437500	-0.343750
295	-0.375000	-0.218750
296	-0.156250	-0.312500
297	-0.406250	-0.062500
298	-0.406250	0.281250
299	-0.406250	0.343750
300	-0.468750	-0.406250
301	-0.375000	-0.500000
302	-0.343750	0.218750
303	-0.500000	-0.656250
304	-0.437500	-0.531250
305	-0.281250	-0.062500
306	-0.750000	-0.843750
307	-0.468750	0.531250
308	-0.562500	0.718750
309	-0.406250	0.562500
310	-0.406250	0.187500
311	-0.312500	0.156250
312	-0.437500	-0.437500
313	-0.437500	-0.468750
314	-0.500000	-0.562500
315	-0.437500	-0.125000
316	-0.281250	0.218750
317	-0.250000	0.281250
318	-0.343750	0.468750
319	-0.343750	-0.312500
320	-0.312500	-0.125000
321	-0.500000	0.500000
322	-0.593750	-0.656250
323	-0.312500	-0.156250
324	-0.343750	0.468750
325	-0.312500	0.250000
326	-0.406250	0.000000
327	-0.437500	-0.500000
328	-0.593750	-0.687500
329	-0.468750	0.156250
330	-0.343750	-0.375000
331	-0.406250	0.343750
332	-0.531250	0.562500
333	-0.437500	0.187500
334	-0.375000	-0.187500
335	-0.375000	-0.250000
336	-0.625000	0.562500
337	-0.375000	0.531250
338	-0.437500	-0.187500
339	-0.562500	-0.531250
340	-0.343750	-0.375000
341	-0.250000	0.031250
342	-0.531250	-0.468750
343	-0.250000	0.250000
344	-0.781250	-0.875000
345	-0.437500	-0.218750
346	-0.375000	-0.406250
347	-0.468750	0.156250
348	-0.625000	-0.562500
349	-0.375000	0.187500
350	-0.406250	-0.031250
351	-0.468750	-0.531250
352	-0.375000	-0.281250
353	-0.500000	0.218750
354	-0.437500	0.500000
355	-0.593750	0.437500
356	-0.250000	-0.062500
357	-0.250000	0.156250
358	-0.343750	-0.187500
359	-0.406250	-0.062500
360	-0.343750	-0.250000
361	-0.500000	0.562500
362	-0.656250	0.781250
363	-0.218750	-0.093750
364	-0.406250	-0.312500
365	-0.468750	0.031250
366	-0.250000	0.000000
367	-0.375000	0.156250
368	-0.718750	-0.812500
369	-0.468750	0.531250
370	-0.406250	0.125000
371	-0.531250	-0.687500
372	-0.437500	0.281250
373	-0.406250	0.468750
374	-0.500000	-0.468750
375	-0.531250	-0.718750
376	-0.406250	-0.343750
377	-0.250000	-0.156250
378	-0.250000	-0.250000
379	-0.500000	0.250000
380	-0.375000	0.000000
381	-0.312500	0.218750
382	-0.406250	-0.500000
383	-0.343750	-0.156250
384	-0.343750	0.250000
385	-0.281250	0.062500
386	-0.406250	0.656250
387	-0.656250	0.718750
388	-0.562500	0.656250
389	-0.406250	-0.281250
390	-0.531250	-0.406250
391	-0.343750	-0.312500
392	-0.562500	-0.750000
393	-0.468750	-0.343750
394	-0.687500	-0.781250
395	-0.406250	-0.500000
396	-0.656250	0.687500
397	-0.062500	-0.218750
398	-0.218750	-0.031250
399	-0.406250	-0.593750
400	-0.406250	-0.406250
401	-0.468750	-0.375000
402	-0.562500	-0.718750
403	-0.312500	0.406250
404	-0.437500	0.187500
405	-0.406250	-0.500000
406	-0.312500	-0.218750
407	-0.593750	0.625000
408	-0.218750	-0.312500
409	-0.500000	0.312500
410	-0.375000	0.468750
411	-0.750000	0.812500
412	-0.406250	0.343750
413	-0.531250	0.406250
414	-0.562500	0.343750
415	-0.468750	0.437500
416	-0.250000	-0.125000
417	-0.406250	-0.062500
418	-0.437500	0.156250
419	-0.656250	0.781250
420	-0.500000	-0.250000
421	-0.343750	0.031250
422	-0.562500	-0.593750
423	-0.250000	-0.093750
424	-0.468750	-0.312500
425	-0.500000	-0.312500
426	-0.406250	0.156250
427	-0.562500	0.750000
428	-0.562500	0.718750
429	-0.281250	0.062500
430	-0.375000	0.125000
431	-0.281250	0.156250
432	-0.406250	-0.156250
433	-0.531250	-0.187500
434	-0.500000	-0.656250
435	-0.281250	0.437500
436	-0.375000	0.468750
437	-0.312500	0.375000
438	-0.500000	0.000000
439	-0.562500	0.312500
440	-0.468750	-0.500000
441	-0.468750	0.281250
442	-0.500000	0.500000
443	-0.375000	0.062500
444	-0.500000	0.500000
445	-0.343750	0.031250
446	-0.562500	0.656250
447	-0.281250	-0.343750
448	-0.375000	-0.281250
449	-0.468750	0.562500
450	-0.281250	0.218750
451	-0.281250	0.062500
452	-0.468750	-0.375000
453	-0.437500	-0.125000
454	-0.343750	0.281250
455	-0.406250	-0.437500
456	-0.312500	-0.093750
457	-0.562500	-0.437500
458	-0.218750	0.156250
459	-0.437500	0.406250
460	-0.656250	0.718750
461	-0.750000	0.812500
462	-0.750000	0.843750
463	-0.375000	0.187500
464	-0.531250	0.625000
465	-0.468750	0.000000
466	-0.375000	0.406250
467	-0.468750	0.031250
468	-0.531250	0.531250
469	-0.468750	0.406250
470	-0.312500	-0.187500
471	-0.593750	-0.656250
472	-0.750000	-0.812500
473	-0.250000	0.250000
474	-0.375000	-0.625000
475	-0.406250	-0.312500
476	-0.343750	-0.093750
477	-0.250000	0.093750
478	-0.437500	0.062500
479	-0.718750	-0.812500
480	-0.437500	0.218750
481	-0.437500	0.281250
482	-0.250000	0.406250
483	-0.312500	-0.375000
484	-0.468750	-0.406250
485	-0.312500	-0.281250
486	-0.531250	0.437500
487	-0.562500	0.593750
488	-0.562500	-0.656250
489	-0.531250	-0.500000
490	-0.437500	0.375000
491	-0.656250	0.718750
492	-0.250000	0.281250
493	-0.343750	0.250000
494	-0.312500	-0.062500
495	-0.718750	0.843750
496	-0.656250	0.812500
497	-0.500000	-0.593750
498	-0.562500	-0.593750
499	-0.531250	0.625000
500	-0.437500	0.593750
501	-0.343750	0.125000
502	-0.312500	-0.156250
503	-0.281250	-0.062500
504	-0.250000	0.218750
505	-0.406250	0.375000
506	-0.500000	0.343750
507	-0.343750	0.312500
508	-0.562500	0.562500
509	-0.218750	0.281250
510	-0.437500	-0.468750
511	-0.500000	0.625000
512	-0.406250	0.312500
513	-0.812500	0.906250
514	-0.593750	-0.437500
515	-0.312500	-0.031250
516	-0.468750	-0.468750
517	-0.281250	0.093750
518	-0.312500	-0.156250
519	-0.687500	0.812500
520	-0.468750	0.562500
521	-0.468750	-0.093750
522	-0.250000	-0.187500
523	-0.687500	-0.812500
524	-0.281250	-0.375000
525	-0.468750	-0.343750
526	-0.437500	-0.218750
527	-0.406250	0.156250
528	-0.437500	-0.187500
529	-0.687500	-0.843750
530	-0.937500	-0.968750
531	-0.312500	0.125000
532	-0.343750	-0.343750
533	-0.687500	-0.812500
534	-0.375000	0.031250
535	-0.406250	-0.250000
536	-0.468750	0.593750
537	-0.343750	-0.250000
538	-0.656250	-0.781250
539	-0.437500	-0.125000
540	-0.343750	0.468750
541	-0.468750	-0.656250
542	-0.437500	-0.531250
543	-0.781250	-0.875000
544	-0.156250	-0.187500
545	-0.312500	0.187500
546	-0.437500	-0.312500
547	-0.500000	0.031250
548	-0.468750	0.250000
549	-0.218750	-0.062500
550	-0.562500	0.656250
551	-0.500000	0.593750
552	-0.406250	0.031250
553	-0.500000	-0.375000
554	-0.375000	-0.437500
555	-0.343750	0.375000
556	-0.250000	-0.375000
557	-0.312500	0.000000
558	-0.406250	0.062500
559	-0.437500	0.468750
560	-0.406250	0.500000
561	-0.281250	0.093750
562	-0.500000	0.312500
563	-0.375000	0.187500
564	-0.281250	0.093750
565	-0.437500	0.500000
566	-0.312500	0.093750
567	-0.343750	-0.218750
568	-0.406250	0.093750
569	-0.375000	-0.468750
570	-0.312500	0.406250
571	-0.593750	-0.718750
572	-0.468750	0.468750
573	-0.468750	-0.187500
574	-0.218750	0.062500
575	-0.687500	-0.812500
576	-0.406250	0.250000
577	-0.250000	-0.093750
578	-0.531250	0.593750
579	-0.281250	-0.187500
580	-0.406250	-0.375000
581	-0.531250	0.593750
582	-0.281250	-0.187500
583	-0.437500	-0.250000
584	-0.500000	-0.593750
585	-0.625000	0.687500
586	-0.343750	0.531250
587	-0.437500	0.500000
588	-0.500000	0.468750
589	-0.562500	0.531250
590	-0.375000	0.312500
591	-0.281250	0.125000
592	-0.375000	0.000000
593	-0.375000	0.031250
594	-0.468750	-0.156250
595	-0.281250	0.250000
596	-0.250000	0.031250
597	-0.437500	-0.375000
598	-0.562500	0.593750
599	-0.531250	0.625000
600	-0.375000	0.093750
601	-0.375000	0.375000
602	-0.406250	0.218750
603	-0.406250	-0.500000
604	-0.562500	-0.625000
605	-0.468750	-0.625000
606	-0.312500	0.312500
607	-0.437500	0.281250
608	-0.406250	0.562500
609	-0.593750	-0.687500
610	-0.500000	-0.656250
611	-0.375000	-0.343750
612	-0.625000	-0.750000
613	-0.437500	-0.125000
614	-0.375000	0.156250
615	-0.187500	-0.343750
616	-0.718750	-0.750000
617	-0.500000	0.093750
618	-0.437500	0.218750
619	-0.281250	-0.312500
620	-0.375000	0.093750
621	-0.750000	-0.843750
622	-0.625000	-0.656250
623	-0.406250	-0.500000
624	-0.531250	0.718750
625	-0.312500	0.406250
626	-0.406250	-0.468750
627	-0.531250	-0.406250
628	-0.437500	-0.406250
629	-0.343750	0.125000
630	-0.406250	0.000000
631	-0.343750	-0.531250
632	-0.406250	-0.531250
633	-0.593750	-0.312500
634	-0.312500	0.218750
635	-0.312500	-0.343750
636	-0.343750	0.031250
637	-0.562500	-0.687500
638	-0.187500	-0.093750
639	-0.437500	-0.218750
640	-0.406250	-0.500000
641	-0.437500	0.437500
642	-0.343750	0.031250
643	-0.468750	0.468750
644	-0.437500	-0.093750
645	-0.218750	-0.156250
646	-0.437500	-0.375000
647	-0.406250	-0.312500
648	-0.531250	-0.593750
649	-0.406250	-0.375000
650	-0.437500	-0.156250
651	-0.312500	0.281250
652	-0.625000	0.750000
653	-0.343750	-0.312500
654	-0.343750	-0.093750
655	-0.468750	-0.250000
656	-0.500000	0.375000
657	-0.437500	0.468750
658	-0.250000	-0.250000
659	-0.500000	-0.312500
660	-0.500000	-0.593750
661	-0.562500	-0.500000
662	-0.375000	0.343750
663	-0.343750	0.093750
664	-0.187500	-0.250000
665	-0.312500	-0.406250
666	-0.375000	0.281250
667	-0.343750	-0.343750
668	-0.500000	0.531250
669	-0.281250	-0.187500
670	-0.593750	0.437500
671	-0.625000	0.656250
672	-0.687500	-0.750000
673	-0.343750	-0.562500
674	-0.375000	0.125000
675	-0.406250	0.000000
676	-0.281250	0.062500
677	-0.531250	0.500000
678	-0.531250	0.593750
679	-0.531250	-0.468750
680	-0.562500	-0.375000
681	-0.343750	-0.468750
682	-0.312500	-0.468750
683	-0.531250	-0.218750
684	-0.343750	-0.343750
685	-0.437500	0.312500
686	-0.156250	0.156250
687	-0.375000	-0.218750
688	-0.500000	0.500000
689	-0.281250	0.093750
690	-0.781250	-0.812500
691	-0.437500	0.093750
692	-0.468750	0.343750
693	-0.562500	0.468750
694	-0.343750	-0.156250
695	-0.437500	0.437500
696	-0.406250	-0.468750
697	-0.250000	0.343750
698	-0.500000	0.406250
699	-0.500000	0.031250
700	-0.406250	0.437500
701	-0.218750	-0.312500
702	-0.343750	0.218750
703	-0.562500	-0.312500
704	-0.437500	0.062500
705	-0.281250	-0.218750
706	-0.562500	-0.500000
707	-0.562500	-0.656250
708	-0.375000	0.218750
709	-0.468750	-0.562500
710	-0.593750	-0.625000
711	-0.250000	0.156250
712	-0.437500	0.468750
713	-0.593750	0.750000
714	-0.468750	0.468750
715	-0.312500	-0.187500
716	-0.375000	-0.250000
717	-0.250000	0.187500
718	-0.562500	0.406250
719	-0.437500	0.406250
720	-0.562500	0.593750
721	-0.468750	0.625000
722	-0.312500	0.312500
723	-0.343750	-0.156250
724	-0.281250	-0.343750
725	-0.312500	-0.281250
726	-0.375000	0.000000
727	-0.531250	-0.218750
728	-0.406250	0.156250
729	-0.343750	0.000000
730	-0.343750	0.343750
731	-0.375000	-0.437500
732	-0.218750	0.281250
733	-0.531250	0.562500
734	-0.625000	0.781250
735	-0.343750	-0.187500
736	-0.312500	-0.218750
737	-0.375000	0.281250
738	-0.187500	-0.375000
739	-0.312500	-0.156250
740	-0.500000	-0.625000
741	-0.312500	-0.125000
742	-0.375000	0.406250
743	-0.375000	0.218750
744	-0.343750	-0.218750
745	-0.406250	0.218750
746	-0.375000	0.312500
747	-0.406250	0.593750
748	-0.500000	-0.468750
749	-0.343750	0.000000
750	-0.343750	-0.187500
751	-0.593750	-0.750000
752	-0.781250	-0.812500
753	-0.375000	-0.312500
754	-0.687500	-0.625000
755	-0.468750	0.281250
756	-0.312500	0.312500
757	-0.312500	0.468750
758	-0.375000	0.000000
759	-0.406250	-0.375000
760	-0.781250	0.750000
761	-0.562500	0.687500
762	-0.531250	0.312500
763	-0.312500	-0.500000
764	-0.656250	0.750000
765	-0.468750	-0.062500
766	-0.468750	-0.625000
767	-0.343750	0.062500
768	-0.375000	0.031250
769	-0.500000	0.500000
770	-0.812500	0.875000
771	-0.343750	0.187500
772	-0.406250	0.500000
773	-0.250000	0.250000
774	-0.437500	-0.312500
775	-0.406250	-0.375000
776	-0.250000	0.218750
777	-0.500000	-0.562500
778	-0.375000	-0.125000
779	-0.406250	-0.562500
780	-0.468750	0.156250
781	-0.312500	-0.218750
782	-0.343750	0.468750
783	-0.281250	0.281250
784	-0.343750	0.437500
785	-0.406250	-0.250000
786	-0.500000	0.625000
787	-0.437500	0.125000
788	-0.781250	0.843750
789	-0.531250	0.250000
790	-0.218750	-0.031250
791	-0.406250	-0.406250
792	-0.343750	0.156250
793	-0.718750	-0.843750
794	-0.500000	0.500000
795	-0.343750	-0.375000
796	-0.500000	0.468750
797	-0.625000	-0.750000
798	-0.531250	0.500000
799	-0.656250	0.781250
800	-0.312500	-0.375000
801	-0.812500	0.843750
802	-0.343750	-0.187500
803	-0.437500	0.281250
804	-0.468750	-0.562500
805	-0.312500	0.156250
806	-0.218750	-0.281250
807	-0.500000	-0.312500
808	-0.406250	0.437500
809	-0.437500	-0.468750
810	-0.281250	0.093750
811	-0.187500	-0.375000
812	-0.375000	-0.468750
813	-0.468750	-0.375000
814	-0.312500	0.343750
815	-0.312500	0.000000
816	-0.218750	0.406250
817	-0.406250	-0.125000
818	-0.593750	-0.625000
819	-0.375000	0.125000
820	-0.625000	-0.093750
821	-0.437500	-0.093750
822	-0.625000	-0.593750
823	-0.375000	-0.406250
824	-0.281250	0.375000
825	-0.468750	0.000000
826	-0.375000	-0.156250
827	-0.281250	-0.062500
828	-0.375000	0.062500
829	-0.437500	0.531250
830	-0.250000	0.125000
831	-0.250000	0.062500
832	-0.281250	-0.437500
833	-0.375000	0.062500
834	-0.562500	-0.656250
835	-0.531250	0.625000
836	-0.343750	-0.062500
837	-0.375000	-0.312500
838	-0.406250	-0.312500
839	-0.406250	-0.375000
840	-0.406250	-0.437500
841	-0.468750	-0.562500
842	-0.812500	-0.875000
843	-0.156250	-0.375000
844	-0.437500	0.031250
845	-0.343750	0.375000
846	-0.375000	-0.093750
847	-0.531250	0.406250
848	-0.312500	0.031250
849	-0.500000	0.187500
850	-0.375000	-0.218750
851	-0.312500	-0.468750
852	-0.343750	0.343750
853	-0.437500	-0.468750
854	-0.468750	-0.093750
855	-0.312500	-0.468750
856	-0.687500	0.718750
857	-0.375000	0.093750
858	-0.468750	-0.531250
859	-0.375000	-0.500000
860	-0.625000	-0.687500
861	-0.343750	0.031250
862	-0.437500	-0.312500
863	-0.312500	-0.281250
864	-0.406250	0.062500
865	-0.281250	0.187500
866	-0.312500	-0.093750
867	-0.406250	0.343750
868	-0.406250	0.406250
869	-0.687500	-0.718750
870	-0.531250	-0.593750
871	-0.531250	0.031250
872	-0.406250	0.406250
873	-0.500000	-0.375000
874	-0.531250	-0.625000
875	-0.468750	-0.500000
876	-0.500000	0.406250
877	-0.500000	-0.343750
878	-0.375000	0.343750
879	-0.375000	-0.093750
880	-0.437500	0.312500
881	-0.312500	0.218750
882	-0.593750	0.593750
883	-0.468750	0.562500
884	-0.500000	0.500000
885	-0.562500	0.375000
886	-0.375000	-0.031250
887	-0.781250	-0.843750
888	-0.593750	-0.531250
889	-0.250000	0.187500
890	-0.406250	0.031250
891	-0.375000	-0.031250
892	-0.343750	-0.125000
893	-0.468750	0.468750
894	-0.375000	-0.375000
895	-0.343750	-0.343750
896	-0.437500	-0.500000
897	-0.406250	-0.562500
898	-0.500000	-0.500000
899	-0.500000	-0.656250
900	-0.312500	-0.437500
901	-0.375000	-0.250000
902	-0.625000	-0.718750
903	-0.343750	-0.312500
904	-0.531250	0.406250
905	-0.312500	-0.031250
906	-0.500000	0.625000
907	-0.468750	0.406250
908	-0.531250	0.406250
909	-0.468750	-0.093750
910	-0.281250	-0.281250
911	-0.406250	0.343750
912	-0.875000	0.937500
913	-0.406250	-0.187500
914	-0.281250	-0.218750
915	-0.531250	0.281250
916	-0.343750	-0.187500
917	-0.593750	-0.031250
918	-0.468750	-0.687500
919	-0.500000	0.562500
920	-0.500000	0.593750
921	-0.625000	-0.750000
922	-0.437500	-0.500000
923	-0.343750	-0.468750
924	-0.281250	-0.187500
925	-0.312500	0.031250
926	-0.406250	0.343750
927	-0.375000	-0.250000
928	-0.406250	-0.218750
929	-0.468750	-0.531250
930	-0.406250	-0.531250
931	-0.718750	-0.812500
932	-0.343750	0.375000
933	-0.250000	0.250000
934	-0.375000	-0.312500
935	-0.312500	0.343750
936	-0.468750	0.468750
937	-0.250000	-0.343750
938	-0.343750	0.531250
939	-0.468750	0.468750
940	-0.406250	0.312500
941	-0.562500	0.218750
942	-0.218750	0.312500
943	-0.531250	-0.375000
944	-0.593750	0.656250
945	-0.312500	-0.250000
946	-0.343750	0.156250
947	-0.312500	0.312500
948	-0.406250	0.468750
949	-0.281250	0.343750
950	-0.593750	0.718750
951	-0.375000	0.156250
952	-0.437500	-0.437500
953	-0.500000	-0.375000
954	-0.437500	-0.187500
955	-0.343750	0.343750
956	-0.343750	-0.031250
957	-0.250000	-0.187500
958	-0.187500	0.125000
959	-0.312500	-0.312500
960	-0.406250	0.093750
961	-0.406250	-0.593750
962	-0.343750	-0.375000
963	-0.500000	-0.656250
964	-0.281250	0.531250
965	-0.281250	0.406250
966	-0.406250	0.156250
967	-0.218750	-0.125000
968	-0.531250	0.656250
969	-0.343750	0.281250
970	-0.531250	0.250000
971	-0.406250	-0.156250
972	-0.187500	-0.062500
973	-0.187500	0.156250
974	-0.593750	0.656250
975	-0.562500	-0.375000
976	-0.531250	-0.656250
977	-0.343750	0.218750
978	-0.656250	-0.750000
979	-0.750000	0.875000
980	-0.437500	0.406250
981	-0.375000	0.218750
982	-0.406250	-0.437500
983	-0.468750	-0.468750
984	-0.406250	-0.250000
985	-0.437500	-0.437500
986	-0.437500	-0.343750
987	-0.437500	0.281250
988	-0.343750	-0.031250
989	-0.437500	-0.187500
990	-0.468750	0.437500
991	-0.437500	0.156250
992	-0.625000	-0.437500
993	-0.437500	0.406250
994	-0.468750	-0.156250
995	-0.281250	0.062500
996	-0.468750	0.343750
997	-0.343750	0.000000
998	-0.343750	-0.093750
999	-0.468750	-0.031250
