0	-0.406250	0.281250
1	-0.937500	0.968750
2	-0.468750	0.593750
3	-0.656250	0.625000
4	-0.593750	0.781250
5	-0.750000	0.843750
6	-0.562500	0.750000
7	-0.593750	0.531250
8	-0.437500	0.218750
9	-0.687500	-0.406250
10	-0.687500	-0.718750
11	-0.375000	0.125000
12	-0.250000	0.312500
13	-0.375000	0.312500
14	-0.781250	0.812500
15	-0.750000	0.781250
16	-0.812500	0.812500
17	-0.625000	0.718750
18	-0.812500	0.875000
19	-0.843750	-0.906250
20	-0.937500	-0.968750
21	-0.500000	-0.437500
22	-0.500000	-0.468750
23	-0.718750	-0.812500
24	-0.593750	-0.656250
25	-0.812500	-0.906250
26	-0.312500	0.000000
27	-0.562500	0.562500
28	-0.625000	0.625000
29	-0.531250	0.625000
30	-0.812500	0.906250
31	-0.687500	0.750000
32	-0.531250	0.656250
33	-0.593750	0.687500
34	-0.437500	0.000000
35	-0.406250	0.406250
36	-0.781250	0.812500
37	-0.468750	0.468750
38	-0.718750	-0.812500
39	-0.531250	-0.656250
40	-0.656250	-0.687500
41	-0.437500	-0.562500
42	-0.343750	0.031250
43	-0.562500	0.593750
44	-0.750000	0.812500
45	-0.781250	0.875000
46	-0.531250	0.156250
47	-0.562500	0.500000
48	-0.593750	0.718750
49	-0.812500	0.906250
50	-0.593750	0.531250
51	-0.281250	0.125000
52	-0.406250	0.531250
53	-0.437500	0.156250
54	-0.687500	-0.718750
55	-0.656250	-0.781250
56	-0.468750	-0.500000
57	-0.343750	-0.031250
58	-0.656250	0.562500
59	-0.593750	0.656250
60	-0.531250	0.593750
61	-0.531250	0.562500
62	-0.531250	0.468750
63	-0.625000	-0.656250
64	-0.750000	-0.812500
65	-0.656250	-0.781250
66	-0.437500	-0.312500
67	-0.437500	-0.343750
68	-0.625000	-0.718750
69	-0.375000	-0.312500
70	-0.375000	-0.250000
71	-0.718750	0.750000
72	-0.625000	0.750000
73	-0.593750	0.656250
74	-0.406250	-0.156250
75	-0.375000	0.531250
76	-0.343750	-0.031250
77	-0.531250	0.562500
78	-0.718750	0.843750
79	-0.625000	0.781250
80	-0.500000	0.343750
81	-0.687500	0.593750
82	-0.406250	-0.093750
83	-0.718750	-0.812500
84	-0.781250	-0.875000
85	-0.687500	-0.812500
86	-0.687500	-0.531250
87	-0.656250	-0.781250
88	-0.625000	-0.687500
89	-0.312500	-0.437500
90	-0.531250	-0.562500
91	-0.531250	-0.468750
92	-0.656250	0.781250
93	-0.468750	0.531250
94	-0.312500	-0.031250
95	-0.625000	0.562500
96	-0.812500	0.875000
97	-0.687500	0.656250
98	-0.625000	0.031250
99	-0.843750	0.906250
100	-0.718750	0.718750
101	-0.406250	0.437500
102	-0.656250	0.781250
103	-0.468750	0.562500
104	-0.656250	-0.750000
105	-0.437500	0.531250
106	-0.718750	0.812500
107	-0.625000	0.718750
108	-0.468750	0.437500
109	-0.625000	0.656250
110	-0.781250	0.812500
111	-0.500000	0.093750
112	-0.500000	0.093750
113	-0.562500	0.687500
114	-0.562500	0.468750
115	-0.718750	0.812500
116	-0.531250	0.312500
117	-0.687500	0.812500
118	-0.718750	0.781250
119	-0.531250	0.156250
120	-0.625000	0.500000
121	-0.531250	0.500000
122	-0.187500	0.000000
123	-0.593750	0.718750
124	-0.593750	0.687500
125	-0.375000	-0.187500
126	-0.437500	0.281250
127	-0.406250	0.562500
128	-0.437500	-0.187500
129	-0.312500	0.000000
130	-0.875000	0.937500
131	-0.500000	0.531250
132	-0.562500	-0.531250
133	-0.437500	0.062500
134	-0.468750	0.468750
135	-0.687500	0.656250
136	-0.812500	-0.906250
137	-0.843750	-0.843750
138	-0.500000	0.406250
139	-0.531250	0.156250
140	-0.531250	0.593750
141	-0.531250	-0.437500
142	-0.656250	-0.625000
143	-0.562500	-0.656250
144	-0.375000	-0.250000
145	-0.312500	0.375000
146	-0.625000	0.781250
147	-0.281250	-0.156250
148	-0.250000	0.062500
149	-0.437500	0.500000
150	-0.468750	-0.531250
151	-0.343750	0.406250
152	-0.218750	-0.031250
153	-0.500000	0.250000
154	-0.468750	0.500000
155	-0.531250	0.625000
156	-0.531250	0.531250
157	-0.437500	0.375000
158	-0.781250	0.843750
159	-0.656250	0.687500
160	-0.218750	0.281250
161	-0.500000	0.406250
162	-0.531250	-0.125000
163	-0.625000	-0.687500
164	-0.343750	0.218750
165	-0.437500	-0.031250
166	-0.531250	0.062500
167	-0.500000	0.125000
168	-0.875000	0.937500
169	-0.593750	0.531250
170	-0.781250	0.875000
171	-0.468750	0.281250
172	-0.531250	0.437500
173	-0.781250	-0.843750
174	-0.500000	-0.093750
175	-0.687500	-0.781250
176	-0.531250	0.593750
177	-0.531250	0.062500
178	-0.656250	0.750000
179	-0.718750	0.812500
180	-0.812500	0.875000
181	-0.718750	0.843750
182	-0.875000	0.937500
183	-0.656250	0.750000
184	-0.406250	0.093750
185	-0.875000	0.937500
186	-0.875000	0.937500
187	-0.875000	0.937500
188	-0.656250	0.750000
189	-0.562500	-0.500000
190	-0.718750	-0.812500
191	-0.687500	-0.531250
192	-0.500000	0.156250
193	-0.531250	0.218750
194	-0.593750	0.125000
195	-0.500000	-0.062500
196	-0.375000	-0.375000
197	-0.593750	0.468750
198	-0.656250	0.750000
199	-0.312500	0.000000
200	-0.562500	0.750000
201	-0.562500	0.468750
202	-0.562500	0.656250
203	-0.625000	0.718750
204	-0.562500	0.687500
205	-0.656250	0.718750
206	-0.656250	0.781250
207	-0.687500	0.812500
208	-0.843750	0.906250
209	-0.375000	0.406250
210	-0.781250	0.875000
211	-0.500000	0.562500
212	-0.593750	0.750000
213	-0.625000	0.750000
214	-0.593750	-0.312500
215	-0.718750	-0.812500
216	-0.875000	-0.937500
217	-0.468750	-0.687500
218	-0.625000	-0.687500
219	-0.343750	-0.500000
220	-0.750000	-0.875000
221	-0.781250	-0.843750
222	-0.406250	-0.375000
223	-0.562500	-0.625000
224	-0.687500	-0.812500
225	-0.406250	-0.312500
226	-0.625000	-0.468750
227	-0.406250	-0.500000
228	-0.687500	-0.812500
229	-0.781250	-0.875000
230	-0.593750	-0.625000
231	-0.562500	0.281250
232	-0.625000	-0.687500
233	-0.375000	-0.406250
234	-0.500000	-0.531250
235	-0.562500	-0.187500
236	-0.718750	0.750000
237	-0.437500	-0.312500
238	-0.843750	-0.906250
239	-0.312500	0.343750
240	-0.531250	-0.468750
241	-0.468750	-0.437500
242	-0.500000	0.406250
243	-0.531250	-0.593750
244	-0.500000	-0.500000
245	-0.656250	0.625000
246	-0.250000	0.250000
247	-0.812500	0.875000
248	-0.843750	0.906250
249	-0.468750	0.593750
250	-0.437500	0.218750
251	-0.406250	0.375000
252	-0.406250	-0.156250
253	-0.500000	-0.531250
254	-0.750000	-0.656250
255	-0.781250	-0.781250
256	-1.000000	-1.000000
257	-0.500000	-0.062500
258	-0.625000	0.687500
259	-0.312500	0.187500
260	-0.656250	0.718750
261	-0.687500	0.781250
262	-0.250000	-0.031250
263	-0.343750	-0.375000
264	-0.781250	-0.843750
265	-0.437500	-0.500000
266	-0.593750	-0.656250
267	-0.562500	0.656250
268	-0.843750	0.906250
269	-1.000000	1.000000
270	-0.750000	0.843750
271	-0.406250	-0.093750
272	-0.875000	0.906250
273	-0.687500	0.781250
274	-0.562500	0.531250
275	-0.718750	0.812500
276	-0.625000	-0.687500
277	-0.625000	-0.687500
278	-0.625000	-0.718750
279	-0.687500	-0.843750
280	-0.718750	-0.812500
281	-0.437500	0.218750
282	-0.375000	0.031250
283	-0.812500	-0.906250
284	-0.593750	-0.625000
285	-0.656250	-0.687500
286	-0.500000	0.125000
287	-0.718750	-0.843750
288	-0.500000	-0.656250
289	-0.531250	-0.437500
290	-0.718750	-0.781250
291	-0.812500	-0.906250
292	-0.687500	-0.718750
293	-0.781250	-0.843750
294	-0.750000	-0.843750
295	-0.500000	0.031250
296	-0.656250	-0.781250
297	-0.562500	-0.687500
298	-0.375000	-0.375000
299	-0.468750	-0.343750
300	-0.656250	-0.625000
301	-0.781250	-0.875000
302	-0.468750	-0.250000
303	-0.593750	-0.468750
304	-0.562500	0.062500
305	-0.375000	0.312500
306	-0.468750	-0.218750
307	-0.468750	-0.093750
308	-0.500000	-0.468750
309	-0.375000	0.218750
310	-0.437500	0.406250
311	-0.875000	0.906250
312	-0.437500	0.125000
313	-0.437500	0.500000
314	-0.718750	0.843750
315	-0.687500	0.750000
316	-0.562500	0.343750
317	-0.593750	-0.500000
318	-0.531250	0.062500
319	-0.718750	0.750000
320	-0.531250	0.468750
321	-0.562500	0.375000
322	-0.343750	-0.406250
323	-0.625000	-0.625000
324	-0.281250	-0.281250
325	-0.562500	-0.656250
326	-0.687500	-0.781250
327	-0.718750	-0.750000
328	-0.437500	-0.062500
329	-0.687500	0.750000
330	-1.000000	1.000000
331	-0.625000	0.687500
332	-0.687500	0.781250
333	-0.625000	0.750000
334	-0.500000	0.468750
335	-0.625000	0.437500
336	-0.875000	-0.937500
337	-0.656250	-0.750000
338	-0.500000	-0.593750
339	-0.875000	-0.937500
340	-0.437500	-0.156250
341	-0.500000	0.593750
342	-0.593750	0.343750
343	-0.500000	0.375000
344	-0.375000	-0.125000
345	-0.437500	-0.343750
346	-0.375000	0.156250
347	-0.500000	0.250000
348	-0.468750	0.000000
349	-0.750000	0.625000
350	-0.562500	0.625000
351	-0.625000	0.781250
352	-0.750000	0.812500
353	-0.937500	0.968750
354	-0.625000	0.781250
355	-0.250000	0.062500
356	-0.593750	0.718750
357	-0.500000	0.625000
358	-0.875000	0.937500
359	-0.562500	0.312500
360	-0.375000	0.125000
361	-0.500000	0.687500
362	-0.875000	0.937500
363	-0.750000	0.843750
364	-0.437500	0.531250
365	-0.250000	-0.125000
366	-0.656250	0.781250
367	-0.656250	0.687500
368	-0.468750	-0.562500
369	-0.718750	-0.812500
370	-0.656250	-0.656250
371	-0.625000	-0.781250
372	-0.875000	-0.937500
373	-0.562500	-0.625000
374	-0.562500	-0.593750
375	-0.437500	-0.406250
376	-0.656250	-0.781250
377	-0.812500	-0.875000
378	-0.593750	0.312500
379	-0.750000	-0.687500
380	-0.687500	-0.750000
381	-0.687500	-0.718750
382	-0.718750	-0.750000
383	-0.468750	-0.437500
384	-0.750000	-0.875000
385	-0.625000	-0.625000
386	-0.937500	-0.968750
387	-0.437500	0.312500
388	-0.500000	-0.093750
389	-0.937500	0.968750
390	-0.406250	0.312500
391	-0.843750	0.906250
392	-0.687500	0.656250
393	-0.468750	-0.500000
394	-0.468750	-0.093750
395	-0.531250	-0.375000
396	-0.656250	-0.531250
397	-0.531250	-0.031250
398	-0.375000	0.218750
399	-0.593750	-0.687500
400	-0.593750	-0.656250
401	-0.687500	-0.812500
402	-0.562500	-0.625000
403	-1.000000	-1.000000
404	-0.531250	-0.500000
405	-0.437500	-0.531250
406	-0.750000	-0.812500
407	-0.656250	-0.687500
408	-0.906250	-0.937500
409	-0.500000	-0.593750
410	-0.625000	-0.750000
411	-0.437500	-0.406250
412	-0.562500	-0.718750
413	-0.687500	-0.812500
414	-0.562500	-0.125000
415	-0.468750	-0.656250
416	-0.687500	-0.812500
417	-0.468750	0.218750
418	-0.625000	0.625000
419	-0.406250	0.000000
420	-0.656250	-0.781250
421	-0.562500	-0.656250
422	-0.750000	-0.781250
423	-0.375000	-0.437500
424	-0.750000	-0.781250
425	-0.718750	-0.812500
426	-0.687500	-0.625000
427	-0.187500	-0.437500
428	-0.531250	-0.031250
429	-0.593750	0.625000
430	-0.812500	0.906250
431	-0.656250	0.750000
432	-0.562500	0.718750
433	-0.343750	-0.093750
434	-0.406250	-0.125000
435	-0.593750	0.437500
436	-0.593750	0.718750
437	-0.406250	0.031250
438	-0.656250	0.468750
439	-0.687500	0.781250
440	-0.562500	0.500000
441	-0.781250	0.812500
442	-0.843750	0.906250
443	-0.437500	-0.343750
444	-0.687500	-0.812500
445	-0.937500	-0.968750
446	-0.500000	-0.437500
447	-0.593750	0.625000
448	-1.000000	1.000000
449	-0.750000	0.718750
450	-0.500000	0.468750
451	-0.437500	0.500000
452	-0.250000	0.156250
453	-0.406250	0.375000
454	-0.500000	0.625000
455	-0.593750	0.406250
456	-0.593750	0.625000
457	-0.687500	-0.843750
458	-0.593750	-0.437500
459	-0.500000	-0.656250
460	-0.562500	0.562500
461	-0.500000	0.250000
462	-0.500000	-0.468750
463	-0.625000	0.750000
464	-0.687500	0.781250
465	-0.500000	0.531250
466	-0.531250	0.031250
467	-0.406250	0.375000
468	-0.718750	0.781250
469	-0.625000	0.437500
470	-0.281250	-0.187500
471	-0.812500	0.906250
472	-0.781250	0.875000
473	-0.375000	0.031250
474	-0.375000	0.312500
475	-0.625000	0.718750
476	-0.187500	-0.093750
477	-0.343750	-0.281250
478	-0.343750	0.000000
479	-0.937500	-0.968750
480	-0.593750	0.750000
481	-0.781250	0.875000
482	-0.500000	0.656250
483	-0.593750	0.687500
484	-0.625000	0.781250
485	-0.468750	0.406250
486	-0.593750	0.656250
487	-0.656250	0.781250
488	-0.656250	0.562500
489	-0.750000	0.812500
490	-0.625000	-0.281250
491	-1.000000	-1.000000
492	-0.562500	-0.093750
493	-0.812500	-0.875000
494	-0.343750	-0.343750
495	-0.625000	-0.687500
496	-0.781250	-0.687500
497	-0.750000	-0.843750
498	-0.625000	-0.093750
499	-0.593750	-0.781250
500	-0.593750	-0.781250
501	-0.656250	-0.812500
502	-0.593750	0.437500
503	-0.625000	0.718750
504	-0.468750	0.343750
505	-0.812500	-0.906250
506	-0.562500	0.062500
507	-0.250000	0.093750
508	-0.531250	-0.125000
509	-0.406250	0.062500
510	-0.500000	-0.125000
511	-0.437500	0.562500
512	-0.500000	0.250000
513	-0.562500	0.468750
514	-0.781250	0.875000
515	-0.375000	-0.343750
516	-0.625000	-0.500000
517	-0.437500	0.281250
518	-0.750000	-0.843750
519	-0.468750	-0.468750
520	-0.500000	-0.437500
521	-0.312500	-0.312500
522	-0.343750	0.000000
523	-0.625000	0.718750
524	-0.500000	0.593750
525	-0.375000	-0.125000
526	-0.437500	-0.468750
527	-0.406250	-0.375000
528	-0.593750	-0.750000
529	-0.812500	-0.906250
530	-0.562500	-0.656250
531	-0.500000	-0.562500
532	-0.531250	-0.187500
533	-0.531250	0.093750
534	-0.812500	0.875000
535	-0.437500	0.312500
536	-0.437500	-0.031250
537	-0.718750	0.781250
538	-0.531250	0.531250
539	-0.375000	-0.125000
540	-0.437500	-0.437500
541	-0.656250	-0.718750
542	-0.250000	-0.218750
543	-0.562500	-0.531250
544	-0.812500	-0.875000
545	-0.468750	-0.625000
546	-0.843750	-0.906250
547	-0.812500	-0.906250
548	-0.843750	-0.906250
549	-0.781250	-0.875000
550	-0.312500	-0.187500
551	-0.531250	0.156250
552	-0.375000	0.312500
553	-0.656250	-0.375000
554	-0.593750	-0.718750
555	-0.718750	-0.812500
556	-0.906250	-0.937500
557	-0.687500	-0.781250
558	-0.687500	-0.750000
559	-0.281250	-0.312500
560	-0.375000	-0.312500
561	-0.750000	0.843750
562	-0.562500	0.468750
563	-0.406250	-0.312500
564	-0.531250	-0.500000
565	-0.468750	-0.562500
566	-0.687500	-0.656250
567	-0.718750	-0.843750
568	-0.718750	-0.812500
569	-0.500000	-0.687500
570	-0.562500	-0.562500
571	-0.625000	-0.718750
572	-0.437500	-0.406250
573	-0.812500	-0.875000
574	-0.781250	0.875000
575	-0.468750	0.562500
576	-0.750000	0.875000
577	-0.593750	-0.531250
578	-0.468750	-0.531250
579	-0.250000	-0.250000
580	-0.875000	-0.906250
581	-0.500000	-0.593750
582	-0.500000	-0.437500
583	-0.562500	-0.593750
584	-0.593750	-0.156250
585	-0.593750	-0.468750
586	-0.750000	-0.843750
587	-0.937500	-0.968750
588	-0.750000	-0.875000
589	-0.593750	-0.687500
590	-0.281250	0.062500
591	-0.562500	0.531250
592	-0.531250	0.687500
593	-0.406250	0.125000
594	-0.437500	0.250000
595	-0.812500	-0.875000
596	-0.687500	-0.781250
597	-0.562500	-0.156250
598	-0.468750	0.375000
599	-0.437500	0.531250
600	-0.531250	0.625000
601	-0.437500	0.312500
602	-0.531250	-0.531250
603	-0.562500	-0.625000
604	-0.562500	-0.468750
605	-0.625000	-0.562500
606	-0.468750	-0.468750
607	-0.625000	-0.750000
608	-0.468750	-0.437500
609	-0.437500	-0.093750
610	-0.625000	-0.718750
611	-0.687500	-0.812500
612	-0.406250	-0.500000
613	-0.656250	-0.718750
614	-0.625000	-0.500000
615	-0.687500	-0.812500
616	-0.593750	-0.687500
617	-0.781250	-0.687500
618	-0.531250	-0.437500
619	-0.718750	0.531250
620	-0.437500	0.343750
621	-0.593750	-0.687500
622	-0.906250	-0.937500
623	-0.812500	-0.875000
624	-0.812500	-0.875000
625	-0.593750	-0.281250
626	-0.406250	0.093750
627	-0.593750	0.625000
628	-0.312500	0.031250
629	-0.343750	0.000000
630	-0.656250	0.750000
631	-0.875000	0.906250
632	-0.656250	0.656250
633	-0.437500	0.187500
634	-0.687500	0.687500
635	-0.562500	0.500000
636	-0.750000	0.812500
637	-0.468750	0.125000
638	-0.531250	-0.031250
639	-0.875000	-0.937500
640	-0.718750	-0.843750
641	-0.656250	-0.750000
642	-0.718750	-0.812500
643	-0.531250	-0.625000
644	-0.687500	-0.718750
645	-0.437500	-0.468750
646	-0.468750	0.031250
647	-0.500000	0.343750
648	-0.312500	-0.093750
649	-0.843750	-0.906250
650	-0.656250	-0.718750
651	-0.531250	0.093750
652	-0.500000	-0.562500
653	-0.593750	-0.500000
654	-0.500000	0.625000
655	-0.531250	0.437500
656	-0.593750	0.593750
657	-0.437500	0.187500
658	-0.718750	0.687500
659	-0.406250	-0.218750
660	-0.468750	-0.343750
661	-0.531250	-0.593750
662	-0.593750	-0.656250
663	-0.531250	-0.625000
664	-0.406250	-0.031250
665	-0.875000	0.937500
666	-0.687500	0.625000
667	-0.437500	0.312500
668	-0.531250	0.593750
669	-0.625000	0.750000
670	-0.406250	0.250000
671	-0.437500	0.593750
672	-0.750000	0.875000
673	-0.562500	0.718750
674	-0.750000	0.843750
675	-0.562500	0.625000
676	-0.937500	0.968750
677	-0.937500	0.968750
678	-0.625000	0.562500
679	-0.500000	0.593750
680	-0.375000	0.093750
681	-0.500000	-0.187500
682	-0.437500	-0.531250
683	-0.562500	-0.437500
684	-0.312500	0.000000
685	-0.875000	0.937500
686	-0.343750	0.500000
687	-0.250000	0.093750
688	-0.781250	-0.781250
689	-0.656250	-0.687500
690	-0.437500	0.312500
691	-0.531250	-0.593750
692	-0.468750	0.343750
693	-0.343750	0.218750
694	-0.625000	0.687500
695	-0.812500	0.906250
696	-0.812500	0.781250
697	-0.593750	0.468750
698	-0.281250	0.031250
699	-0.625000	0.781250
700	-0.375000	0.156250
701	-0.500000	0.656250
702	-0.718750	0.718750
703	-0.781250	0.875000
704	-0.593750	0.562500
705	-0.687500	-0.750000
706	-0.625000	-0.500000
707	-0.875000	-0.937500
708	-0.750000	-0.875000
709	-0.343750	0.250000
710	-0.937500	0.968750
711	-0.468750	0.125000
712	-0.781250	0.875000
713	-0.906250	0.937500
714	-0.750000	0.875000
715	-0.531250	0.500000
716	-0.562500	0.562500
717	-0.375000	-0.281250
718	-0.875000	-0.937500
719	-0.406250	-0.156250
720	-0.718750	0.750000
721	-0.593750	0.687500
722	-0.750000	0.843750
723	-0.781250	0.875000
724	-0.656250	0.781250
725	-0.375000	0.125000
726	-0.375000	0.062500
727	-0.500000	-0.375000
728	-0.281250	0.156250
729	-0.593750	-0.750000
730	-0.593750	-0.718750
731	-0.343750	-0.031250
732	-0.406250	0.500000
733	-0.500000	0.500000
734	-0.875000	0.937500
735	-0.875000	0.937500
736	-0.781250	0.843750
737	-0.562500	0.656250
738	-0.593750	0.562500
739	-0.468750	0.593750
740	-0.625000	0.718750
741	-0.468750	-0.437500
742	-0.531250	-0.093750
743	-0.468750	-0.062500
744	-0.500000	0.187500
745	-0.468750	0.406250
746	-0.812500	0.906250
747	-0.781250	0.875000
748	-0.625000	0.750000
749	-0.687500	0.812500
750	-0.687500	0.687500
751	-0.500000	-0.250000
752	-0.718750	0.750000
753	-0.750000	0.875000
754	-0.593750	0.750000
755	-0.625000	0.468750
756	-0.625000	0.656250
757	-0.875000	0.937500
758	-0.718750	0.843750
759	-0.593750	0.093750
760	-0.343750	0.187500
761	-0.312500	-0.281250
762	-0.250000	-0.125000
763	-0.437500	0.343750
764	-0.531250	0.718750
765	-0.531250	0.031250
766	-0.843750	0.906250
767	-0.562500	0.625000
768	-0.625000	0.750000
769	-0.625000	0.687500
770	-0.625000	0.750000
771	-0.562500	0.437500
772	-0.531250	-0.500000
773	-0.500000	-0.562500
774	-0.656250	-0.750000
775	-0.656250	-0.625000
776	-0.843750	-0.906250
777	-0.812500	-0.875000
778	-0.562500	-0.093750
779	-0.406250	-0.031250
780	-0.531250	-0.312500
781	-0.500000	0.562500
782	-0.812500	0.875000
783	-0.656250	0.781250
784	-0.343750	0.125000
785	-0.750000	0.875000
786	-0.531250	0.437500
787	-0.843750	-0.906250
788	-0.656250	-0.750000
789	-0.343750	0.000000
790	-0.437500	-0.281250
791	-0.406250	0.406250
792	-0.937500	0.968750
793	-0.875000	0.906250
794	-0.656250	0.718750
795	-0.781250	0.875000
796	-0.906250	0.937500
797	-0.812500	0.906250
798	-0.718750	0.812500
799	-0.437500	0.375000
800	-0.593750	0.718750
801	-0.656250	0.718750
802	-1.000000	1.000000
803	-0.687500	0.781250
804	-0.406250	0.406250
805	-0.562500	-0.531250
806	-0.406250	-0.312500
807	-0.406250	-0.156250
808	-0.375000	-0.437500
809	-0.562500	-0.593750
810	-0.375000	0.406250
811	-0.531250	0.250000
812	-0.500000	-0.437500
813	-0.593750	-0.156250
814	-0.750000	0.812500
815	-0.750000	0.843750
816	-0.406250	0.312500
817	-0.281250	0.125000
818	-0.593750	-0.437500
819	-0.531250	-0.656250
820	-0.406250	-0.500000
821	-0.312500	0.125000
822	-0.750000	-0.812500
823	-0.500000	-0.656250
824	-0.718750	-0.781250
825	-0.531250	-0.125000
826	-0.468750	-0.437500
827	-0.468750	-0.031250
828	-0.937500	0.968750
829	-0.593750	0.531250
830	-0.687500	0.750000
831	-0.593750	0.625000
832	-0.562500	0.687500
833	-0.468750	0.343750
834	-0.625000	0.593750
835	-0.281250	0.000000
836	-0.468750	0.281250
837	-0.437500	0.312500
838	-0.531250	0.500000
839	-0.406250	0.500000
840	-0.500000	0.375000
841	-0.531250	0.656250
842	-0.812500	0.906250
843	-0.562500	0.468750
844	-0.437500	-0.125000
845	-0.625000	-0.718750
846	-0.437500	0.156250
847	-0.437500	0.500000
848	-0.562500	0.562500
849	-0.718750	0.812500
850	-0.656250	0.781250
851	-0.406250	0.062500
852	-0.625000	-0.625000
853	-0.250000	-0.093750
854	-0.343750	-0.625000
855	-0.593750	0.125000
856	-0.812500	-0.875000
857	-0.375000	0.218750
858	-0.437500	0.406250
859	-0.562500	0.718750
860	-0.750000	0.812500
861	-0.500000	0.500000
862	-0.562500	0.781250
863	-0.343750	-0.375000
864	-0.500000	0.031250
865	-0.468750	0.531250
866	-0.750000	0.812500
867	-0.593750	0.656250
868	-0.843750	0.906250
869	-0.812500	0.906250
870	-0.343750	0.531250
871	-0.812500	0.875000
872	-0.656250	0.750000
873	-0.500000	0.593750
874	-0.406250	-0.125000
875	-0.656250	-0.687500
876	-0.500000	-0.656250
877	-0.718750	0.781250
878	-0.343750	0.312500
879	-0.500000	0.250000
880	-0.406250	0.125000
881	-0.500000	-0.093750
882	-0.562500	0.687500
883	-0.437500	0.656250
884	-0.781250	0.875000
885	-0.625000	0.750000
886	-0.562500	0.531250
887	-0.437500	0.625000
888	-0.593750	0.656250
889	-0.656250	0.750000
890	-0.468750	0.250000
891	-0.468750	0.406250
892	-0.468750	0.500000
893	-0.593750	0.718750
894	-0.406250	-0.250000
895	-0.625000	0.718750
896	-0.718750	0.843750
897	-0.625000	0.625000
898	-0.375000	0.343750
899	-0.718750	-0.625000
900	-0.406250	0.000000
901	-0.437500	-0.125000
902	-0.187500	0.000000
903	-0.625000	-0.562500
904	-0.375000	-0.343750
905	-0.687500	-0.687500
906	-0.593750	0.437500
907	-0.718750	0.750000
908	-0.343750	-0.281250
909	-0.625000	-0.437500
910	-0.500000	-0.562500
911	-0.718750	-0.812500
912	-0.468750	-0.593750
913	-0.531250	-0.468750
914	-0.531250	-0.625000
915	-0.656250	-0.687500
916	-0.531250	-0.593750
917	-0.593750	-0.625000
918	-0.437500	0.593750
919	-0.781250	0.843750
920	-0.687500	0.750000
921	-0.718750	0.687500
922	-0.625000	0.593750
923	-0.312500	0.125000
924	-0.687500	0.781250
925	-0.562500	0.500000
926	-0.750000	0.718750
927	-0.562500	0.718750
928	-0.562500	-0.625000
929	-0.593750	-0.406250
930	-0.781250	-0.843750
931	-0.406250	-0.375000
932	-0.562500	-0.343750
933	-0.750000	0.812500
934	-0.531250	0.125000
935	-0.250000	-0.125000
936	-0.437500	-0.343750
937	-0.406250	0.218750
938	-0.781250	0.781250
939	-0.343750	0.218750
940	-0.812500	0.875000
941	-0.562500	-0.500000
942	-0.312500	0.406250
943	-0.750000	0.875000
944	-0.343750	0.406250
945	-0.343750	-0.062500
946	-0.375000	-0.031250
947	-0.437500	-0.562500
948	-0.468750	-0.625000
949	-0.500000	-0.218750
950	-0.625000	0.343750
951	-0.437500	0.437500
952	-0.281250	-0.187500
953	-0.531250	-0.343750
954	-0.500000	0.000000
955	-0.375000	-0.250000
956	-0.718750	-0.812500
957	-0.468750	-0.437500
958	-0.625000	-0.625000
959	-0.687500	-0.812500
960	-0.625000	-0.687500
961	-0.718750	-0.812500
962	-0.468750	-0.593750
963	-0.375000	0.218750
964	-0.437500	0.406250
965	-0.437500	0.593750
966	-0.937500	0.968750
967	-0.906250	0.937500
968	-0.281250	0.218750
969	-0.437500	-0.156250
970	-0.687500	-0.781250
971	-0.593750	0.531250
972	-0.593750	0.687500
973	-0.625000	0.687500
974	-0.812500	0.906250
975	-0.625000	0.750000
976	-0.718750	0.843750
977	-0.812500	0.906250
978	-0.562500	0.687500
979	-0.343750	0.312500
980	-0.812500	0.875000
981	-0.687500	0.781250
982	-0.625000	0.656250
983	-0.500000	0.312500
984	-0.875000	0.937500
985	-0.625000	0.656250
986	-0.750000	0.843750
987	-0.562500	0.625000
988	-0.875000	-0.937500
989	-0.656250	-0.718750
990	-0.500000	0.062500
991	-0.531250	-0.656250
992	-0.812500	-0.812500
993	-0.500000	-0.562500
994	-0.343750	0.031250
995	-0.406250	-0.093750
996	-0.531250	0.687500
997	-0.625000	0.718750
998	-0.656250	0.781250
999	-0.406250	0.218750
