0	-0.343750	-0.218750
1	-0.437500	0.625000
2	-0.406250	0.437500
3	-0.406250	0.343750
4	-0.250000	-0.125000
5	-0.437500	0.281250
6	-0.468750	-0.562500
7	-0.218750	-0.250000
8	-0.281250	-0.156250
9	-0.406250	0.218750
10	-0.343750	0.312500
11	-0.281250	0.000000
12	-0.500000	-0.250000
13	-0.468750	0.125000
14	-0.250000	-0.031250
15	-0.531250	-0.625000
16	-0.250000	-0.375000
17	-0.125000	-0.062500
18	-0.406250	0.187500
19	-0.250000	-0.062500
20	-0.218750	0.093750
21	-0.656250	-0.750000
22	-0.250000	-0.125000
23	-0.593750	-0.625000
24	-0.187500	0.000000
25	-0.375000	0.375000
26	-0.343750	0.000000
27	-0.187500	-0.218750
28	-0.375000	-0.406250
29	-0.218750	-0.312500
30	-0.437500	-0.156250
31	-0.156250	-0.187500
32	-0.343750	-0.343750
33	-0.468750	0.468750
34	-0.250000	-0.125000
35	-0.562500	-0.593750
36	-0.500000	-0.531250
37	-0.406250	0.281250
38	-0.781250	0.875000
39	-0.218750	0.031250
40	-0.343750	0.187500
41	-0.187500	-0.343750
42	-0.531250	-0.468750
43	-0.500000	0.437500
44	-0.281250	0.031250
45	-0.343750	-0.156250
46	-0.375000	-0.500000
47	-0.468750	-0.125000
48	-0.500000	-0.312500
49	-0.375000	-0.218750
50	-0.375000	0.281250
51	-0.687500	0.750000
52	-0.218750	0.187500
53	-0.500000	-0.500000
54	-0.218750	-0.156250
55	-0.218750	-0.062500
56	-0.687500	-0.781250
57	-0.281250	-0.093750
58	-0.437500	0.437500
59	-0.312500	0.250000
60	-0.281250	-0.343750
61	-0.500000	-0.593750
62	-0.343750	0.125000
63	-0.281250	-0.343750
64	-0.593750	-0.500000
65	-0.312500	-0.218750
66	-0.593750	0.531250
67	-0.562500	0.312500
68	-0.406250	0.062500
69	-0.625000	0.687500
70	-0.406250	0.468750
71	-0.437500	0.343750
72	-0.312500	0.312500
73	-0.468750	-0.343750
74	-0.281250	0.000000
75	-0.343750	-0.281250
76	-0.406250	0.343750
77	-0.406250	-0.437500
78	-0.437500	0.031250
79	-0.562500	-0.718750
80	-0.406250	0.218750
81	-0.312500	0.062500
82	-0.312500	0.406250
83	-0.468750	0.093750
84	-0.750000	0.781250
85	-0.343750	-0.093750
86	-0.656250	-0.750000
87	-0.281250	-0.062500
88	-0.312500	0.218750
89	-0.312500	0.187500
90	-0.593750	-0.625000
91	-0.562500	0.593750
92	-0.437500	-0.312500
93	-0.312500	-0.218750
94	-0.500000	0.406250
95	-0.375000	0.281250
96	-0.125000	0.062500
97	-0.375000	-0.312500
98	-0.156250	-0.031250
99	-0.312500	-0.156250
100	-0.343750	-0.250000
101	-0.406250	0.562500
102	-0.406250	0.187500
103	-0.437500	-0.531250
104	-0.437500	-0.531250
105	-0.375000	-0.218750
106	-0.281250	0.156250
107	-0.406250	-0.468750
108	-0.625000	-0.718750
109	-0.406250	-0.406250
110	-0.375000	-0.343750
111	-0.343750	-0.187500
112	-0.562500	-0.656250
113	-0.468750	-0.500000
114	-0.437500	-0.656250
115	-0.343750	0.125000
116	-0.625000	-0.781250
117	-0.625000	0.750000
118	-0.375000	0.187500
119	-0.343750	-0.156250
120	-0.343750	0.250000
121	-0.312500	0.187500
122	-0.437500	0.468750
123	-0.156250	-0.093750
124	-0.343750	-0.156250
125	-0.375000	0.312500
126	-0.375000	-0.125000
127	-0.468750	0.593750
128	-0.312500	-0.125000
129	-0.593750	-0.750000
130	-0.281250	-0.031250
131	-0.218750	0.062500
132	-0.343750	-0.093750
133	-0.406250	-0.281250
134	-0.343750	0.531250
135	-0.593750	0.750000
136	-0.468750	-0.500000
137	-0.375000	-0.531250
138	-0.500000	-0.437500
139	-0.343750	-0.312500
140	-0.562500	-0.250000
141	-0.531250	0.531250
142	-0.250000	0.031250
143	-0.218750	0.250000
144	-0.406250	0.531250
145	-0.312500	0.250000
146	-0.437500	-0.062500
147	-0.375000	0.281250
148	-0.218750	0.218750
149	-0.500000	-0.250000
150	-0.500000	-0.625000
151	-0.343750	-0.156250
152	-0.375000	0.375000
153	-0.281250	0.031250
154	-0.343750	0.187500
155	-0.406250	-0.593750
156	-0.531250	0.531250
157	-0.343750	0.531250
158	-0.343750	0.218750
159	-0.343750	-0.312500
160	-0.437500	0.250000
161	-0.406250	0.093750
162	-0.437500	-0.406250
163	-0.468750	0.000000
164	-0.312500	-0.406250
165	-0.500000	0.156250
166	-0.531250	-0.250000
167	-0.343750	0.062500
168	-0.687500	-0.750000
169	-0.312500	-0.062500
170	-0.375000	-0.125000
171	-0.250000	0.093750
172	-0.281250	-0.343750
173	-0.281250	-0.343750
174	-0.375000	0.093750
175	-0.343750	-0.250000
176	-0.718750	-0.812500
177	-0.562500	-0.375000
178	-0.843750	-0.906250
179	-0.375000	-0.406250
180	-0.312500	0.531250
181	-0.406250	-0.031250
182	-0.187500	0.000000
183	-0.250000	0.343750
184	-0.343750	0.062500
185	-0.250000	0.156250
186	-0.468750	-0.468750
187	-0.375000	-0.406250
188	-0.437500	0.343750
189	-0.375000	0.062500
190	-0.593750	-0.687500
191	-0.125000	0.093750
192	-0.406250	-0.031250
193	-0.312500	-0.218750
194	-0.406250	-0.375000
195	-0.406250	0.406250
196	-0.468750	0.562500
197	-0.218750	-0.031250
198	-0.500000	0.625000
199	-0.156250	-0.031250
200	-0.281250	-0.031250
201	-0.406250	-0.187500
202	-0.468750	-0.343750
203	-0.343750	-0.250000
204	-0.250000	-0.406250
205	-0.406250	0.250000
206	-0.343750	-0.218750
207	-0.406250	0.125000
208	-0.500000	0.437500
209	-0.281250	-0.218750
210	-0.718750	-0.843750
211	-0.343750	0.093750
212	-0.343750	0.125000
213	-0.468750	0.125000
214	-0.406250	-0.093750
215	-0.500000	0.406250
216	-0.218750	-0.281250
217	-0.312500	0.187500
218	-0.406250	-0.031250
219	-0.375000	0.062500
220	-0.593750	-0.718750
221	-0.406250	0.031250
222	-0.281250	0.187500
223	-0.375000	0.312500
224	-0.312500	0.312500
225	-0.437500	0.468750
226	-0.468750	-0.593750
227	-0.343750	0.093750
228	-0.437500	0.281250
229	-0.250000	-0.406250
230	-0.312500	-0.031250
231	-0.187500	0.187500
232	-0.406250	0.531250
233	-0.468750	-0.187500
234	-0.281250	-0.093750
235	-0.500000	0.343750
236	-0.406250	0.312500
237	-0.468750	-0.406250
238	-0.531250	-0.406250
239	-0.406250	0.187500
240	-0.437500	0.375000
241	-0.531250	0.281250
242	-0.343750	0.156250
243	-0.312500	0.000000
244	-0.406250	0.187500
245	-0.375000	-0.218750
246	-0.375000	0.531250
247	-0.343750	0.343750
248	-0.312500	0.250000
249	-0.312500	0.031250
250	-0.437500	-0.562500
251	-0.468750	-0.406250
252	-0.343750	-0.375000
253	-0.375000	0.343750
254	-0.687500	-0.843750
255	-0.281250	-0.187500
256	-0.343750	0.093750
257	-0.312500	0.000000
258	-0.343750	-0.093750
259	-0.312500	0.062500
260	-0.281250	-0.093750
261	-0.187500	0.250000
262	-0.406250	0.281250
263	-0.531250	-0.500000
264	-0.437500	-0.281250
265	-0.406250	0.531250
266	-0.343750	0.468750
267	-0.437500	0.031250
268	-0.218750	-0.156250
269	-0.343750	-0.125000
270	-0.406250	-0.156250
271	-0.437500	-0.437500
272	-0.250000	-0.125000
273	-0.375000	-0.187500
274	-0.437500	-0.406250
275	-0.500000	-0.406250
276	-0.250000	-0.125000
277	-0.406250	0.250000
278	-0.312500	0.156250
279	-0.250000	0.156250
280	-0.375000	-0.062500
281	-0.343750	-0.156250
282	-0.406250	0.093750
283	-0.343750	-0.281250
284	-0.281250	-0.031250
285	-0.375000	0.406250
286	-0.312500	-0.093750
287	-0.468750	0.187500
288	-0.281250	-0.375000
289	-0.437500	0.312500
290	-0.500000	-0.500000
291	-0.406250	-0.281250
292	-0.375000	0.125000
293	-0.500000	0.531250
294	-0.468750	0.500000
295	-0.343750	-0.156250
296	-0.343750	-0.031250
297	-0.375000	0.125000
298	-0.562500	-0.687500
299	-0.406250	0.468750
300	-0.437500	-0.281250
301	-0.531250	0.187500
302	-0.406250	0.343750
303	-0.437500	-0.250000
304	-0.531250	-0.250000
305	-0.406250	0.312500
306	-0.531250	-0.593750
307	-0.343750	-0.093750
308	-0.406250	0.125000
309	-0.437500	0.156250
310	-0.437500	0.593750
311	-0.437500	-0.343750
312	-0.406250	0.187500
313	-0.312500	-0.187500
314	-0.187500	0.031250
315	-0.750000	-0.812500
316	-0.312500	0.531250
317	-0.250000	0.156250
318	-0.250000	-0.343750
319	-0.250000	0.156250
320	-0.468750	-0.656250
321	-0.500000	-0.156250
322	-0.312500	-0.156250
323	-0.250000	-0.156250
324	-0.312500	-0.468750
325	-0.406250	-0.531250
326	-0.500000	0.437500
327	-0.500000	0.437500
328	-0.312500	-0.062500
329	-0.437500	-0.312500
330	-0.375000	-0.562500
331	-0.375000	0.125000
332	-0.218750	-0.125000
333	-0.343750	-0.250000
334	-0.312500	-0.156250
335	-0.687500	0.750000
336	-0.343750	0.000000
337	-0.500000	0.593750
338	-0.406250	0.437500
339	-0.406250	0.031250
340	-0.281250	-0.250000
341	-0.281250	-0.093750
342	-0.375000	-0.343750
343	-0.187500	-0.125000
344	-0.375000	-0.187500
345	-0.437500	0.031250
346	-0.593750	0.718750
347	-0.375000	0.406250
348	-0.218750	0.093750
349	-0.343750	0.281250
350	-0.406250	0.031250
351	-0.343750	-0.406250
352	-0.187500	-0.250000
353	-0.437500	-0.406250
354	-0.312500	-0.125000
355	-0.250000	0.125000
356	-0.437500	0.593750
357	-0.281250	0.218750
358	-0.531250	0.656250
359	-0.187500	0.250000
360	-0.656250	0.750000
361	-0.437500	-0.125000
362	-0.343750	-0.468750
363	-0.375000	0.125000
364	-0.406250	-0.250000
365	-0.531250	-0.562500
366	-0.218750	-0.187500
367	-0.656250	0.718750
368	-0.500000	0.625000
369	-0.406250	-0.156250
370	-0.187500	-0.062500
371	-0.218750	-0.031250
372	-0.468750	0.281250
373	-0.562500	-0.656250
374	-0.156250	-0.031250
375	-0.375000	0.031250
376	-0.375000	-0.250000
377	-0.312500	-0.187500
378	-0.406250	0.187500
379	-0.312500	-0.125000
380	-0.281250	0.250000
381	-0.406250	-0.218750
382	-0.468750	0.375000
383	-0.218750	0.187500
384	-0.500000	-0.593750
385	-0.187500	0.187500
386	-0.625000	0.781250
387	-0.312500	0.000000
388	-0.250000	-0.468750
389	-0.437500	-0.562500
390	-0.406250	-0.093750
391	-0.375000	-0.125000
392	-0.437500	0.500000
393	-0.375000	0.093750
394	-0.156250	-0.250000
395	-0.468750	0.437500
396	-0.406250	0.000000
397	-0.281250	-0.031250
398	-0.375000	0.343750
399	-0.468750	-0.156250
400	-0.312500	-0.312500
401	-0.250000	0.031250
402	-0.375000	-0.125000
403	-0.375000	0.125000
404	-0.468750	0.031250
405	-0.437500	-0.468750
406	-0.500000	-0.062500
407	-0.312500	-0.156250
408	-0.125000	-0.062500
409	-0.250000	-0.218750
410	-0.500000	0.093750
411	-0.343750	-0.281250
412	-0.437500	0.406250
413	-0.250000	0.250000
414	-0.156250	0.156250
415	-0.343750	-0.031250
416	-0.093750	-0.218750
417	-0.468750	0.656250
418	-0.375000	0.375000
419	-0.312500	-0.250000
420	-0.562500	0.625000
421	-0.312500	0.156250
422	-0.250000	0.218750
423	-0.281250	0.312500
424	-0.343750	0.281250
425	-0.375000	0.093750
426	-0.468750	0.281250
427	-0.437500	-0.125000
428	-0.468750	0.031250
429	-0.218750	0.031250
430	-0.593750	-0.500000
431	-0.343750	0.218750
432	-0.343750	-0.375000
433	-0.812500	-0.875000
434	-0.562500	0.593750
435	-0.500000	-0.500000
436	-0.281250	-0.187500
437	-0.218750	0.031250
438	-0.250000	-0.062500
439	-0.593750	0.656250
440	-0.406250	-0.250000
441	-0.281250	0.281250
442	-0.562500	-0.656250
443	-0.218750	-0.062500
444	-0.187500	-0.406250
445	-0.562500	-0.531250
446	-0.375000	-0.218750
447	-0.187500	0.000000
448	-0.406250	-0.343750
449	-0.625000	0.625000
450	-0.500000	-0.625000
451	-0.218750	0.312500
452	-0.250000	-0.218750
453	-0.156250	0.031250
454	-0.406250	-0.250000
455	-0.437500	-0.531250
456	-0.312500	-0.312500
457	-0.406250	0.093750
458	-0.437500	0.312500
459	-0.500000	-0.531250
460	-0.093750	0.218750
461	-0.468750	0.312500
462	-0.312500	-0.062500
463	-0.750000	-0.843750
464	-0.281250	0.000000
465	-0.343750	-0.093750
466	-0.406250	-0.437500
467	-0.625000	-0.750000
468	-0.531250	0.656250
469	-0.312500	0.468750
470	-0.562500	0.531250
471	-0.406250	-0.062500
472	-0.281250	-0.343750
473	-0.375000	0.000000
474	-0.250000	-0.218750
475	-0.187500	0.125000
476	-0.593750	-0.625000
477	-0.562500	-0.250000
478	-0.218750	-0.125000
479	-0.375000	-0.468750
480	-0.562500	0.468750
481	-0.437500	0.500000
482	-0.531250	-0.718750
483	-0.500000	-0.500000
484	-0.687500	0.781250
485	-0.593750	0.718750
486	-0.406250	0.062500
487	-0.437500	0.531250
488	-0.437500	-0.250000
489	-0.218750	-0.093750
490	-0.437500	-0.531250
491	-0.343750	-0.093750
492	-0.437500	-0.187500
493	-0.468750	-0.375000
494	-0.437500	0.500000
495	-0.437500	-0.218750
496	-0.437500	0.562500
497	-0.500000	-0.531250
498	-0.343750	0.343750
499	-0.187500	-0.187500
500	-0.343750	0.250000
501	-0.468750	-0.375000
502	-0.343750	-0.062500
503	-0.281250	0.343750
504	-0.375000	0.031250
505	-0.468750	0.468750
506	-0.500000	-0.312500
507	-0.343750	0.093750
508	-0.343750	-0.187500
509	-0.375000	0.406250
510	-0.593750	0.625000
511	-0.468750	0.250000
512	-0.312500	0.156250
513	-0.343750	0.406250
514	-0.437500	-0.531250
515	-0.687500	0.750000
516	-0.531250	-0.125000
517	-0.375000	0.406250
518	-0.437500	-0.218750
519	-0.312500	0.062500
520	-0.218750	-0.093750
521	-0.375000	0.031250
522	-0.406250	0.343750
523	-0.437500	-0.218750
524	-0.250000	0.000000
525	-0.562500	-0.656250
526	-0.593750	-0.281250
527	-0.250000	0.062500
528	-0.437500	0.656250
529	-0.375000	0.500000
530	-0.281250	0.125000
531	-0.437500	0.562500
532	-0.093750	0.156250
533	-0.375000	-0.281250
534	-0.250000	0.281250
535	-0.437500	-0.656250
536	-0.187500	0.031250
537	-0.562500	-0.718750
538	-0.343750	-0.093750
539	-0.312500	0.000000
540	-0.343750	0.156250
541	-0.343750	-0.375000
542	-0.468750	0.343750
543	-0.343750	0.468750
544	-0.343750	0.000000
545	-0.406250	0.500000
546	-0.281250	0.125000
547	-0.406250	0.437500
548	-0.343750	0.312500
549	-0.531250	-0.468750
550	-0.312500	-0.062500
551	-0.375000	-0.468750
552	-0.531250	-0.593750
553	-0.437500	0.562500
554	-0.437500	-0.312500
555	-0.312500	0.093750
556	-0.312500	-0.187500
557	-0.187500	-0.125000
558	-0.343750	0.500000
559	-0.250000	-0.343750
560	-0.281250	-0.156250
561	-0.250000	0.250000
562	-0.218750	-0.031250
563	-0.468750	-0.531250
564	-0.375000	-0.156250
565	-0.343750	0.250000
566	-0.468750	0.281250
567	-0.375000	-0.468750
568	-0.468750	0.125000
569	-0.531250	0.406250
570	-0.406250	0.343750
571	-0.281250	0.000000
572	-0.312500	-0.218750
573	-0.375000	0.218750
574	-0.406250	-0.093750
575	-0.343750	-0.031250
576	-0.375000	-0.343750
577	-0.500000	-0.156250
578	-0.593750	-0.687500
579	-0.187500	0.312500
580	-0.312500	0.000000
581	-0.250000	0.156250
582	-0.281250	0.218750
583	-0.750000	0.843750
584	-0.375000	0.281250
585	-0.531250	-0.625000
586	-0.343750	-0.062500
587	-0.375000	-0.437500
588	-0.343750	0.093750
589	-0.437500	0.500000
590	-0.468750	0.343750
591	-0.437500	-0.031250
592	-0.343750	-0.187500
593	-0.125000	0.375000
594	-0.312500	-0.031250
595	-0.375000	0.093750
596	-0.406250	-0.218750
597	-0.281250	0.031250
598	-0.343750	0.250000
599	-0.562500	-0.687500
600	-0.500000	0.468750
601	-0.343750	0.375000
602	-0.593750	-0.562500
603	-0.343750	-0.125000
604	-0.468750	0.218750
605	-0.312500	-0.187500
606	-0.156250	-0.281250
607	-0.406250	-0.406250
608	-0.500000	0.000000
609	-0.687500	-0.781250
610	-0.593750	0.406250
611	-0.593750	0.750000
612	-0.531250	0.437500
613	-0.468750	0.406250
614	-0.437500	0.437500
615	-0.218750	0.187500
616	-0.437500	0.093750
617	-0.218750	0.187500
618	-0.437500	0.281250
619	-0.281250	-0.093750
620	-0.468750	0.625000
621	-0.500000	-0.468750
622	-0.406250	-0.500000
623	-0.406250	0.125000
624	-0.375000	0.031250
625	-0.625000	0.750000
626	-0.562500	0.656250
627	-0.500000	0.500000
628	-0.375000	0.281250
629	-0.375000	0.062500
630	-0.500000	-0.468750
631	-0.531250	-0.281250
632	-0.250000	-0.312500
633	-0.281250	0.218750
634	-0.406250	-0.343750
635	-0.375000	0.500000
636	-0.500000	-0.437500
637	-0.531250	-0.593750
638	-0.468750	-0.343750
639	-0.406250	0.218750
640	-0.406250	-0.062500
641	-0.406250	-0.218750
642	-0.687500	-0.781250
643	-0.718750	-0.812500
644	-0.437500	0.093750
645	-0.343750	0.031250
646	-0.406250	-0.406250
647	-0.593750	0.750000
648	-0.156250	0.125000
649	-0.375000	-0.312500
650	-0.281250	-0.031250
651	-0.468750	0.593750
652	-0.156250	-0.312500
653	-0.406250	-0.312500
654	-0.687500	0.812500
655	-0.375000	0.156250
656	-0.437500	0.625000
657	-0.562500	-0.593750
658	-0.343750	-0.156250
659	-0.343750	0.187500
660	-0.343750	0.406250
661	-0.375000	0.218750
662	-0.250000	0.312500
663	-0.500000	0.625000
664	-0.531250	0.406250
665	-0.468750	-0.625000
666	-0.312500	0.156250
667	-0.312500	-0.093750
668	-0.562500	-0.375000
669	-0.312500	0.093750
670	-0.250000	-0.406250
671	-0.375000	-0.375000
672	-0.343750	-0.062500
673	-0.281250	0.312500
674	-0.437500	0.500000
675	-0.437500	0.187500
676	-0.343750	-0.468750
677	-0.406250	0.468750
678	-0.343750	0.343750
679	-0.312500	0.187500
680	-0.218750	0.250000
681	-0.406250	-0.218750
682	-0.437500	-0.343750
683	-0.375000	-0.437500
684	-0.437500	0.250000
685	-0.281250	0.406250
686	-0.656250	-0.750000
687	-0.375000	-0.093750
688	-0.687500	0.718750
689	-0.312500	0.156250
690	-0.343750	-0.312500
691	-0.406250	-0.156250
692	-0.375000	0.375000
693	-0.468750	-0.062500
694	-0.406250	0.375000
695	-0.406250	0.406250
696	-0.593750	-0.625000
697	-0.375000	-0.250000
698	-0.312500	0.468750
699	-0.125000	-0.375000
700	-0.562500	0.656250
701	-0.375000	-0.468750
702	-0.406250	0.500000
703	-0.218750	0.062500
704	-0.500000	0.125000
705	-0.250000	0.156250
706	-0.406250	0.531250
707	-0.312500	0.125000
708	-0.406250	0.156250
709	-0.156250	-0.187500
710	-0.687500	-0.812500
711	-0.593750	-0.625000
712	-0.406250	-0.468750
713	-0.406250	0.156250
714	-0.343750	-0.375000
715	-0.656250	-0.812500
716	-0.250000	0.000000
717	-0.468750	0.156250
718	-0.375000	0.125000
719	-0.281250	0.218750
720	-0.375000	-0.218750
721	-0.531250	0.562500
722	-0.312500	0.093750
723	-0.562500	-0.687500
724	-0.281250	-0.031250
725	-0.281250	0.281250
726	-0.343750	-0.187500
727	-0.468750	0.500000
728	-0.500000	-0.156250
729	-0.656250	0.687500
730	-0.312500	0.000000
731	-0.406250	0.593750
732	-0.406250	-0.218750
733	-0.281250	0.281250
734	-0.500000	0.000000
735	-0.406250	0.000000
736	-0.406250	0.406250
737	-0.437500	-0.468750
738	-0.343750	0.218750
739	-0.343750	0.343750
740	-0.312500	-0.187500
741	-0.593750	-0.687500
742	-0.406250	-0.531250
743	-0.437500	0.125000
744	-0.406250	0.156250
745	-0.156250	-0.093750
746	-0.781250	-0.875000
747	-0.312500	0.156250
748	-0.406250	0.406250
749	-0.281250	0.187500
750	-0.375000	-0.218750
751	-0.406250	-0.156250
752	-0.375000	0.031250
753	-0.218750	-0.062500
754	-0.812500	-0.875000
755	-0.250000	0.062500
756	-0.281250	-0.250000
757	-0.375000	0.093750
758	-0.531250	-0.531250
759	-0.406250	-0.125000
760	-0.312500	-0.312500
761	-0.500000	0.281250
762	-0.312500	0.156250
763	-0.312500	-0.093750
764	-0.218750	0.250000
765	-0.375000	-0.187500
766	-0.562500	-0.625000
767	-0.437500	-0.375000
768	-0.406250	-0.281250
769	-0.312500	0.125000
770	-0.500000	-0.406250
771	-0.406250	-0.312500
772	-0.437500	0.531250
773	-0.562500	0.062500
774	-0.406250	0.375000
775	-0.343750	0.281250
776	-0.312500	-0.437500
777	-0.312500	0.093750
778	-0.406250	0.125000
779	-0.343750	-0.343750
780	-0.343750	0.593750
781	-0.218750	0.125000
782	-0.468750	-0.437500
783	-0.500000	0.625000
784	-0.312500	-0.156250
785	-0.531250	-0.468750
786	-0.468750	0.062500
787	-0.281250	-0.187500
788	-0.406250	0.468750
789	-0.375000	0.187500
790	-0.375000	0.156250
791	-0.500000	0.562500
792	-0.625000	0.562500
793	-0.437500	0.000000
794	-0.281250	0.281250
795	-0.250000	0.062500
796	-0.375000	-0.031250
797	-0.312500	-0.531250
798	-0.343750	-0.218750
799	-0.437500	0.343750
800	-0.312500	0.156250
801	-0.250000	0.156250
802	-0.500000	-0.500000
803	-0.375000	0.375000
804	-0.562500	0.562500
805	-0.250000	-0.031250
806	-0.406250	0.187500
807	-0.406250	-0.500000
808	-0.343750	-0.375000
809	-0.375000	0.312500
810	-0.406250	-0.062500
811	-0.343750	-0.125000
812	-0.468750	-0.437500
813	-0.625000	-0.593750
814	-0.531250	-0.531250
815	-0.500000	0.406250
816	-0.406250	-0.187500
817	-0.531250	-0.531250
818	-0.281250	0.031250
819	-0.406250	-0.500000
820	-0.500000	0.656250
821	-0.437500	0.562500
822	-0.562500	-0.625000
823	-0.281250	0.093750
824	-0.406250	-0.125000
825	-0.375000	-0.531250
826	-0.281250	-0.218750
827	-0.250000	0.343750
828	-0.468750	0.500000
829	-0.406250	-0.343750
830	-0.250000	0.031250
831	-0.437500	0.437500
832	-0.625000	0.656250
833	-0.375000	0.031250
834	-0.500000	-0.656250
835	-0.281250	0.000000
836	-0.375000	-0.500000
837	-0.406250	-0.125000
838	-0.281250	0.031250
839	-0.281250	-0.156250
840	-0.281250	-0.218750
841	-0.406250	-0.593750
842	-0.437500	-0.625000
843	-0.281250	0.093750
844	-0.187500	0.156250
845	-0.281250	-0.125000
846	-0.375000	-0.437500
847	-0.343750	0.156250
848	-0.468750	-0.062500
849	-0.250000	0.187500
850	-0.500000	-0.468750
851	-0.281250	0.250000
852	-0.312500	-0.187500
853	-0.562500	-0.562500
854	-0.437500	-0.406250
855	-0.156250	0.218750
856	-0.406250	0.312500
857	-0.718750	-0.812500
858	-0.500000	0.375000
859	-0.562500	0.593750
860	-0.343750	0.281250
861	-0.312500	0.031250
862	-0.218750	-0.156250
863	-0.500000	0.406250
864	-0.531250	0.406250
865	-0.250000	0.218750
866	-0.531250	-0.656250
867	-0.375000	0.375000
868	-0.718750	-0.843750
869	-0.250000	0.187500
870	-0.343750	0.343750
871	-0.312500	0.250000
872	-0.406250	-0.218750
873	-0.406250	-0.531250
874	-0.156250	0.281250
875	-0.312500	-0.093750
876	-0.656250	0.687500
877	-0.531250	-0.500000
878	-0.500000	-0.531250
879	-0.250000	0.187500
880	-0.343750	-0.156250
881	-0.250000	0.343750
882	-0.281250	0.250000
883	-0.343750	0.125000
884	-0.375000	0.156250
885	-0.343750	0.187500
886	-0.562500	-0.468750
887	-0.406250	-0.375000
888	-0.437500	-0.406250
889	-0.562500	0.656250
890	-0.625000	0.593750
891	-0.812500	0.875000
892	-0.281250	-0.062500
893	-0.531250	-0.437500
894	-0.375000	-0.281250
895	-0.375000	-0.125000
896	-0.406250	0.093750
897	-0.468750	0.062500
898	-0.281250	-0.187500
899	-0.468750	-0.593750
900	-0.406250	0.281250
901	-0.750000	0.812500
902	-0.312500	-0.031250
903	-0.281250	0.437500
904	-0.218750	0.125000
905	-0.375000	-0.062500
906	-0.375000	-0.281250
907	-0.468750	-0.687500
908	-0.437500	-0.500000
909	-0.281250	0.343750
910	-0.593750	0.562500
911	-0.437500	0.500000
912	-0.437500	0.093750
913	-0.625000	0.687500
914	-0.312500	-0.125000
915	-0.437500	-0.281250
916	-0.468750	-0.375000
917	-0.281250	0.281250
918	-0.250000	0.093750
919	-0.343750	0.375000
920	-0.375000	-0.500000
921	-0.312500	0.031250
922	-0.250000	0.343750
923	-0.625000	0.781250
924	-0.343750	-0.031250
925	-0.531250	-0.656250
926	-0.312500	0.218750
927	-0.281250	0.187500
928	-0.156250	0.156250
929	-0.343750	-0.437500
930	-0.531250	-0.593750
931	-0.468750	-0.593750
932	-0.406250	-0.125000
933	-0.375000	-0.156250
934	-0.437500	0.187500
935	-0.406250	0.187500
936	-0.281250	0.062500
937	-0.531250	-0.500000
938	-0.406250	0.093750
939	-0.406250	0.125000
940	-0.250000	0.000000
941	-0.375000	0.250000
942	-0.093750	-0.125000
943	-0.468750	-0.031250
944	-0.343750	-0.156250
945	-0.562500	-0.750000
946	-0.125000	-0.062500
947	-0.375000	0.437500
948	-0.437500	0.281250
949	-0.375000	0.312500
950	-0.437500	0.406250
951	-0.468750	0.625000
952	-0.343750	0.437500
953	-0.312500	-0.343750
954	-0.406250	0.281250
955	-0.156250	0.062500
956	-0.375000	0.187500
957	-0.406250	-0.125000
958	-0.500000	-0.343750
959	-0.343750	0.250000
960	-0.218750	0.156250
961	-0.468750	-0.156250
962	-0.281250	-0.468750
963	-0.187500	0.031250
964	-0.500000	-0.406250
965	-0.156250	-0.031250
966	-0.375000	-0.375000
967	-0.437500	0.031250
968	-0.375000	-0.593750
969	-0.343750	-0.406250
970	-0.187500	0.062500
971	-0.312500	-0.125000
972	-0.343750	-0.062500
973	-0.406250	-0.281250
974	-0.562500	-0.562500
975	-0.281250	-0.093750
976	-0.250000	0.281250
977	-0.500000	0.625000
978	-0.406250	-0.187500
979	-0.468750	-0.562500
980	-0.375000	0.156250
981	-0.343750	0.531250
982	-0.312500	0.156250
983	-0.375000	0.062500
984	-0.343750	0.062500
985	-0.531250	-0.218750
986	-0.375000	-0.312500
987	-0.281250	0.187500
988	-0.375000	0.343750
989	-0.343750	0.156250
990	-0.312500	-0.031250
991	-0.375000	-0.062500
992	-0.437500	0.000000
993	-0.406250	0.343750
994	-0.156250	0.031250
995	-0.375000	-0.437500
996	-0.312500	-0.125000
997	-0.718750	0.781250
998	-0.750000	-0.843750
999	-0.687500	-0.750000
