0	0.125000	0.125000
1	-1.000000	-1.000000
2	-0.500000	-0.750000
3	0.000000	0.125000
4	-0.250000	-0.625000
5	-0.750000	-0.875000
6	-0.375000	0.500000
7	-0.500000	-0.750000
8	-0.250000	-0.375000
9	-0.375000	-0.500000
10	-0.625000	-0.750000
11	-1.000000	-1.000000
12	-0.250000	-0.250000
13	-0.250000	0.250000
14	-0.125000	-0.125000
15	-0.375000	-0.625000
16	-0.375000	-0.375000
17	-1.000000	-1.000000
18	-0.500000	0.750000
19	-0.375000	-0.500000
20	-0.750000	0.875000
21	-0.375000	0.500000
22	-1.000000	-1.000000
23	-0.250000	0.250000
24	-0.750000	0.875000
25	-0.500000	-0.625000
26	-0.250000	0.500000
27	0.000000	0.000000
28	-0.125000	0.375000
29	-0.375000	0.500000
30	-0.750000	-0.875000
31	-0.625000	-0.750000
32	-0.500000	-0.625000
33	-0.500000	-0.625000
34	-0.375000	0.625000
35	-1.000000	-1.000000
36	-0.375000	-0.625000
37	-0.750000	-0.875000
38	-0.250000	0.500000
39	-0.500000	0.625000
40	-0.250000	-0.625000
41	-0.750000	0.875000
42	-0.625000	-0.750000
43	-0.750000	0.875000
44	-0.500000	0.500000
45	-0.250000	0.375000
46	-0.250000	0.375000
47	-0.250000	0.125000
48	-0.250000	0.125000
49	-0.500000	-0.750000
50	-0.375000	-0.625000
51	-0.625000	0.750000
52	-0.500000	0.750000
53	-0.500000	-0.625000
54	-0.375000	-0.375000
55	-0.125000	0.125000
56	-0.375000	-0.625000
57	-0.750000	-0.875000
58	-0.250000	0.000000
59	-0.500000	0.625000
60	-0.250000	0.000000
61	0.000000	-0.250000
62	-0.250000	0.375000
63	0.000000	-0.250000
64	-1.000000	1.000000
65	-1.000000	1.000000
66	-0.500000	0.625000
67	-0.750000	0.875000
68	-1.000000	1.000000
69	-0.500000	-0.625000
70	-0.500000	-0.500000
71	-0.625000	-0.750000
72	-0.375000	0.250000
73	-0.750000	0.875000
74	-0.375000	0.375000
75	-1.000000	1.000000
76	-0.375000	0.625000
77	-0.250000	-0.125000
78	-1.000000	-1.000000
79	-0.500000	0.500000
80	-0.375000	-0.375000
81	-0.250000	0.250000
82	-0.500000	-0.750000
83	-0.750000	0.875000
84	-0.500000	-0.500000
85	-0.500000	0.625000
86	-0.250000	0.125000
87	-1.000000	1.000000
88	-0.125000	0.000000
89	-0.500000	0.750000
90	-0.750000	0.875000
91	-0.375000	-0.375000
92	-0.500000	0.500000
93	-0.250000	0.250000
94	0.000000	0.250000
95	-0.125000	-0.250000
96	-0.625000	0.750000
97	-0.250000	0.125000
98	-0.375000	0.625000
99	-0.625000	0.750000
100	-0.125000	0.125000
101	-0.500000	0.625000
102	-0.500000	-0.625000
103	-0.625000	0.750000
104	-1.000000	1.000000
105	-0.250000	-0.500000
106	-0.625000	-0.750000
107	-0.500000	0.000000
108	-0.375000	-0.500000
109	-0.375000	-0.500000
110	-0.750000	-0.875000
111	-0.125000	0.125000
112	0.125000	0.125000
113	-0.625000	0.750000
114	-0.750000	0.875000
115	-0.750000	0.875000
116	-0.125000	-0.125000
117	-0.375000	0.625000
118	-0.375000	0.625000
119	-0.500000	0.750000
120	-0.250000	0.250000
121	-0.375000	0.625000
122	-0.500000	-0.750000
123	-0.750000	0.875000
124	-0.750000	-0.875000
125	-0.750000	0.875000
126	-0.250000	0.375000
127	-0.375000	-0.500000
128	-0.250000	-0.125000
129	-0.750000	-0.875000
130	-0.250000	0.125000
131	-0.750000	0.875000
132	-0.750000	0.875000
133	-0.375000	-0.500000
134	-0.625000	0.750000
135	-1.000000	-1.000000
136	-0.250000	0.500000
137	-0.750000	-0.875000
138	0.000000	0.375000
139	-0.500000	0.750000
140	-0.125000	0.500000
141	-0.375000	-0.625000
142	0.000000	0.000000
143	-0.750000	-0.875000
144	-0.250000	-0.375000
145	-0.250000	-0.500000
146	-0.125000	0.500000
147	-0.250000	0.250000
148	-0.375000	-0.500000
149	-0.250000	-0.250000
150	-0.250000	-0.500000
151	-0.375000	-0.625000
152	-0.500000	0.000000
153	0.125000	0.125000
154	-0.375000	-0.625000
155	-0.500000	-0.750000
156	-1.000000	-1.000000
157	-0.375000	0.625000
158	-0.250000	0.500000
159	-1.000000	1.000000
160	-0.500000	0.750000
161	0.000000	-0.250000
162	-1.000000	1.000000
163	-0.125000	0.000000
164	-0.250000	-0.375000
165	-0.375000	-0.250000
166	-0.500000	-0.625000
167	-0.250000	0.625000
168	-0.250000	0.250000
169	-0.375000	0.500000
170	-0.625000	-0.750000
171	-0.625000	0.750000
172	-0.375000	0.625000
173	-0.125000	0.125000
174	-0.625000	-0.750000
175	-0.375000	0.500000
176	-0.375000	0.625000
177	-1.000000	1.000000
178	-0.250000	-0.625000
179	0.125000	0.000000
180	-0.500000	0.750000
181	-0.750000	-0.875000
182	-1.000000	1.000000
183	-1.000000	1.000000
184	-0.750000	-0.875000
185	-0.625000	0.750000
186	-0.250000	-0.250000
187	-0.750000	-0.875000
188	-0.375000	-0.125000
189	-1.000000	1.000000
190	-0.750000	0.875000
191	0.000000	-0.125000
192	-0.125000	-0.125000
193	-0.375000	-0.250000
194	-0.500000	-0.625000
195	0.000000	0.000000
196	-0.125000	-0.250000
197	-0.625000	-0.750000
198	-0.500000	-0.625000
199	-0.375000	0.500000
200	-0.375000	-0.625000
201	-0.375000	-0.625000
202	-0.125000	0.250000
203	-0.250000	0.250000
204	-0.750000	0.875000
205	-0.250000	0.250000
206	-1.000000	1.000000
207	-0.375000	0.625000
208	-0.500000	0.625000
209	-1.000000	1.000000
210	-0.125000	0.375000
211	-0.125000	0.000000
212	-0.250000	-0.500000
213	-1.000000	1.000000
214	-0.750000	-0.875000
215	-1.000000	-1.000000
216	-0.500000	0.625000
217	-0.500000	0.625000
218	-0.500000	-0.625000
219	-0.250000	-0.375000
220	-0.125000	0.500000
221	-0.125000	-0.250000
222	-0.125000	-0.250000
223	-0.375000	-0.500000
224	-0.250000	0.000000
225	-0.375000	0.625000
226	-0.500000	0.750000
227	-0.500000	0.625000
228	-0.250000	-0.625000
229	-0.375000	0.375000
230	-1.000000	-1.000000
231	0.000000	0.000000
232	-0.500000	-0.625000
233	-0.750000	-0.875000
234	0.000000	-0.250000
235	-1.000000	1.000000
236	-0.750000	0.875000
237	-0.375000	-0.375000
238	-0.250000	0.625000
239	0.000000	-0.125000
240	-0.500000	0.625000
241	-0.750000	-0.875000
242	-0.750000	-0.875000
243	-0.250000	0.375000
244	-0.375000	0.625000
245	-0.625000	-0.750000
246	-0.750000	-0.875000
247	-0.625000	-0.750000
248	-0.250000	-0.250000
249	-0.375000	0.375000
250	-0.375000	-0.500000
251	-0.750000	-0.875000
252	-0.750000	0.875000
253	0.000000	-0.250000
254	-0.500000	-0.750000
255	-0.375000	0.625000
256	-0.750000	0.875000
257	-1.000000	1.000000
258	-0.750000	-0.875000
259	-0.250000	0.000000
260	-0.250000	-0.375000
261	-0.250000	-0.375000
262	0.000000	0.125000
263	-0.750000	-0.875000
264	-0.250000	0.500000
265	-0.375000	0.625000
266	-0.250000	0.375000
267	-0.375000	0.125000
268	0.250000	0.000000
269	0.000000	-0.375000
270	0.000000	0.375000
271	-0.500000	0.625000
272	-0.625000	-0.750000
273	-0.125000	-0.500000
274	-0.500000	0.750000
275	-1.000000	-1.000000
276	-0.500000	0.625000
277	-0.500000	0.750000
278	-0.500000	-0.625000
279	-0.250000	-0.375000
280	-0.250000	0.000000
281	-0.375000	-0.375000
282	-0.125000	-0.250000
283	-0.625000	0.750000
284	-1.000000	1.000000
285	-0.250000	-0.250000
286	-0.250000	-0.250000
287	-0.375000	-0.250000
288	-0.250000	0.125000
289	-0.125000	-0.125000
290	-0.625000	-0.750000
291	-0.500000	0.625000
292	-0.250000	0.625000
293	-0.250000	-0.500000
294	-0.750000	-0.875000
295	-0.250000	0.375000
296	0.250000	0.125000
297	-0.500000	-0.500000
298	-0.625000	0.750000
299	-0.125000	0.125000
300	-1.000000	-1.000000
301	-0.500000	0.750000
302	-0.750000	0.875000
303	-0.375000	-0.125000
304	-0.750000	0.875000
305	-1.000000	-1.000000
306	0.125000	-0.125000
307	0.000000	0.000000
308	-1.000000	-1.000000
309	-0.250000	-0.250000
310	-1.000000	-1.000000
311	-0.250000	-0.500000
312	-0.375000	-0.625000
313	-1.000000	-1.000000
314	-0.125000	-0.250000
315	-0.125000	0.000000
316	-0.750000	0.875000
317	-0.375000	-0.500000
318	-0.125000	-0.250000
319	-1.000000	1.000000
320	-1.000000	-1.000000
321	-0.250000	-0.250000
322	-0.750000	0.875000
323	-0.500000	0.625000
324	-0.125000	0.125000
325	-0.250000	0.250000
326	-0.375000	-0.625000
327	-0.125000	0.000000
328	-0.250000	0.250000
329	-0.750000	0.875000
330	-0.625000	-0.750000
331	-0.750000	0.875000
332	-0.125000	-0.250000
333	-0.750000	0.875000
334	-0.500000	0.000000
335	-0.375000	0.625000
336	-0.250000	-0.500000
337	-0.250000	0.125000
338	-0.375000	-0.500000
339	-1.000000	-1.000000
340	-0.375000	0.375000
341	-0.500000	0.750000
342	-1.000000	-1.000000
343	-0.375000	0.500000
344	-0.500000	0.750000
345	-0.375000	-0.250000
346	-0.250000	0.250000
347	0.000000	0.125000
348	-0.625000	-0.750000
349	-0.500000	0.750000
350	-1.000000	1.000000
351	0.000000	-0.250000
352	-0.750000	0.875000
353	-0.500000	0.750000
354	-1.000000	1.000000
355	-0.250000	-0.125000
356	0.000000	-0.250000
357	-0.250000	0.000000
358	-1.000000	-1.000000
359	-0.250000	-0.500000
360	-0.250000	-0.250000
361	-0.625000	-0.750000
362	-0.500000	0.000000
363	-0.375000	0.625000
364	-1.000000	-1.000000
365	-0.750000	0.875000
366	-0.625000	0.750000
367	-1.000000	-1.000000
368	-1.000000	-1.000000
369	-0.250000	-0.250000
370	-0.500000	0.625000
371	-0.250000	0.375000
372	-0.500000	0.625000
373	-1.000000	-1.000000
374	-0.250000	-0.500000
375	-1.000000	1.000000
376	-0.500000	0.625000
377	0.000000	0.125000
378	-0.750000	0.875000
379	-1.000000	1.000000
380	-0.500000	0.750000
381	-0.500000	0.500000
382	-0.750000	-0.875000
383	-0.375000	0.625000
384	-0.750000	0.875000
385	-0.250000	0.250000
386	0.000000	0.125000
387	-0.250000	-0.375000
388	-0.125000	-0.500000
389	-0.375000	0.625000
390	-0.250000	0.250000
391	-0.375000	0.375000
392	-0.750000	-0.875000
393	-0.125000	-0.250000
394	-0.750000	-0.875000
395	-1.000000	-1.000000
396	-0.250000	0.375000
397	-1.000000	-1.000000
398	-0.125000	0.375000
399	-0.500000	0.625000
400	-0.250000	0.250000
401	-0.375000	0.375000
402	-0.250000	0.250000
403	-0.125000	-0.250000
404	-0.625000	-0.750000
405	-0.750000	-0.875000
406	-1.000000	-1.000000
407	-0.500000	-0.750000
408	-0.750000	-0.875000
409	-0.375000	0.125000
410	-0.500000	0.750000
411	-0.500000	0.625000
412	-0.500000	-0.750000
413	-1.000000	-1.000000
414	-0.750000	-0.875000
415	-0.250000	0.250000
416	-0.250000	0.250000
417	-0.250000	0.375000
418	-0.250000	0.500000
419	-1.000000	1.000000
420	-0.250000	-0.250000
421	-0.750000	0.875000
422	-0.125000	0.125000
423	-0.500000	0.750000
424	-0.250000	0.125000
425	-0.375000	-0.500000
426	-0.375000	0.375000
427	-0.375000	-0.375000
428	-0.250000	-0.250000
429	-0.625000	-0.750000
430	-0.375000	0.250000
431	-0.500000	-0.750000
432	-0.750000	0.875000
433	-0.750000	-0.875000
434	-0.375000	0.500000
435	0.000000	0.250000
436	-0.750000	0.875000
437	-0.250000	0.000000
438	-0.750000	-0.875000
439	-1.000000	-1.000000
440	-0.250000	0.375000
441	-0.625000	0.750000
442	-0.750000	-0.875000
443	-1.000000	-1.000000
444	-0.125000	0.375000
445	-0.750000	-0.875000
446	-0.375000	0.625000
447	-0.125000	0.000000
448	-0.375000	0.500000
449	-0.625000	0.750000
450	-0.375000	0.625000
451	-0.250000	0.250000
452	-0.125000	0.375000
453	-0.750000	0.875000
454	-0.375000	0.500000
455	0.000000	-0.125000
456	-0.250000	0.000000
457	-0.375000	-0.625000
458	-0.125000	-0.125000
459	-0.375000	0.250000
460	-0.125000	0.125000
461	-0.375000	-0.625000
462	0.000000	0.125000
463	-0.375000	0.375000
464	-0.500000	0.625000
465	-0.750000	0.875000
466	-0.250000	-0.500000
467	-0.750000	0.875000
468	-0.375000	-0.500000
469	-0.625000	0.750000
470	-1.000000	-1.000000
471	-0.500000	-0.625000
472	-0.750000	-0.875000
473	-0.500000	0.500000
474	-0.625000	0.750000
475	-0.750000	-0.875000
476	-0.750000	-0.875000
477	-0.375000	-0.625000
478	-0.250000	-0.625000
479	-0.375000	0.125000
480	0.000000	-0.250000
481	-1.000000	1.000000
482	-0.750000	-0.875000
483	-0.750000	-0.875000
484	-0.375000	-0.375000
485	-0.250000	0.250000
486	-0.500000	0.750000
487	-0.250000	-0.125000
488	-0.500000	0.625000
489	-0.250000	0.375000
490	-0.375000	0.500000
491	-0.375000	0.625000
492	-0.250000	0.500000
493	-0.500000	0.625000
494	-0.125000	0.125000
495	-0.625000	-0.750000
496	-0.625000	-0.750000
497	-0.125000	-0.375000
498	-0.125000	0.500000
499	-0.250000	-0.125000
500	-0.125000	0.000000
501	-0.750000	0.875000
502	-0.375000	0.375000
503	-0.500000	0.500000
504	-0.625000	-0.750000
505	-0.750000	0.875000
506	-1.000000	-1.000000
507	-0.250000	0.500000
508	-0.250000	-0.250000
509	-0.500000	0.000000
510	-0.750000	0.875000
511	-0.375000	0.625000
512	-0.375000	0.250000
513	-0.500000	-0.750000
514	-0.125000	0.250000
515	-0.375000	0.625000
516	-1.000000	-1.000000
517	-0.250000	-0.125000
518	0.000000	-0.375000
519	-0.750000	0.875000
520	-0.750000	-0.875000
521	-0.250000	0.625000
522	-0.625000	-0.750000
523	-0.375000	-0.125000
524	-0.375000	-0.500000
525	-0.750000	0.875000
526	-1.000000	-1.000000
527	-0.125000	-0.250000
528	-0.375000	-0.625000
529	-0.625000	-0.750000
530	-0.750000	-0.875000
531	-0.375000	-0.625000
532	-1.000000	-1.000000
533	-0.750000	0.875000
534	-1.000000	-1.000000
535	-0.250000	0.375000
536	-0.750000	0.875000
537	-0.250000	0.250000
538	-1.000000	-1.000000
539	-0.500000	-0.500000
540	0.125000	-0.250000
541	-0.625000	0.750000
542	-0.750000	-0.875000
543	-1.000000	1.000000
544	0.000000	0.250000
545	-0.750000	-0.875000
546	-0.250000	-0.375000
547	-0.250000	-0.125000
548	-0.375000	0.375000
549	-0.125000	-0.250000
550	-0.125000	-0.250000
551	-1.000000	1.000000
552	-0.125000	0.125000
553	-0.750000	-0.875000
554	-0.500000	-0.625000
555	-0.500000	-0.750000
556	-0.375000	-0.500000
557	-0.250000	0.500000
558	-0.625000	0.750000
559	-0.500000	0.750000
560	-0.250000	0.000000
561	-0.250000	0.500000
562	-0.250000	0.250000
563	-0.750000	-0.875000
564	-0.125000	0.250000
565	-0.375000	-0.250000
566	-0.250000	0.000000
567	-0.750000	0.875000
568	-0.625000	-0.750000
569	0.000000	0.250000
570	-0.500000	0.750000
571	-0.250000	0.125000
572	-1.000000	-1.000000
573	-0.625000	-0.750000
574	-0.375000	0.375000
575	-0.750000	-0.875000
576	-1.000000	1.000000
577	-0.750000	0.875000
578	-0.125000	-0.375000
579	-0.125000	-0.125000
580	-0.500000	-0.625000
581	-0.250000	0.000000
582	-0.375000	-0.375000
583	-0.375000	0.125000
584	-0.250000	0.000000
585	-0.625000	0.750000
586	-0.625000	0.750000
587	-0.125000	-0.375000
588	-0.250000	-0.375000
589	-0.375000	-0.625000
590	-0.250000	-0.250000
591	-0.375000	0.625000
592	-0.250000	-0.625000
593	-0.500000	-0.625000
594	-0.250000	0.250000
595	-0.250000	0.000000
596	-0.125000	0.000000
597	0.000000	-0.375000
598	-0.750000	-0.875000
599	0.000000	0.000000
600	-1.000000	1.000000
601	-0.500000	0.750000
602	0.000000	0.375000
603	-0.125000	0.250000
604	-0.125000	-0.375000
605	-0.750000	-0.875000
606	-0.250000	-0.250000
607	-0.250000	-0.375000
608	-0.250000	-0.500000
609	-0.500000	-0.625000
610	-0.750000	0.875000
611	-0.125000	0.250000
612	-0.500000	0.625000
613	-0.500000	0.750000
614	-0.500000	0.625000
615	-0.250000	-0.250000
616	0.000000	-0.250000
617	-0.750000	-0.875000
618	-0.250000	0.125000
619	-0.375000	-0.500000
620	-0.500000	0.750000
621	-0.250000	0.125000
622	-0.375000	0.500000
623	-0.500000	-0.750000
624	-0.250000	-0.250000
625	-0.125000	0.000000
626	-0.375000	-0.500000
627	-0.375000	-0.375000
628	-0.500000	0.750000
629	-0.625000	0.750000
630	-0.375000	-0.500000
631	-0.750000	-0.875000
632	-0.500000	-0.625000
633	-0.125000	0.125000
634	-0.500000	-0.750000
635	-0.250000	-0.125000
636	-0.625000	-0.750000
637	-1.000000	-1.000000
638	-0.750000	0.875000
639	-0.250000	-0.625000
640	-0.250000	0.375000
641	-0.750000	-0.875000
642	-0.750000	0.875000
643	-0.750000	0.875000
644	-0.375000	0.500000
645	-0.500000	-0.750000
646	-0.625000	0.750000
647	-0.500000	-0.625000
648	0.000000	-0.250000
649	0.000000	0.125000
650	-0.250000	0.000000
651	-0.125000	0.125000
652	-0.375000	-0.125000
653	-0.500000	-0.500000
654	-0.500000	-0.625000
655	-0.500000	-0.625000
656	-0.125000	-0.125000
657	-0.250000	0.375000
658	-0.125000	-0.375000
659	-0.250000	0.000000
660	-0.750000	0.875000
661	-0.375000	0.625000
662	-0.125000	-0.125000
663	-0.375000	0.625000
664	-1.000000	-1.000000
665	-0.125000	-0.125000
666	-1.000000	1.000000
667	-1.000000	-1.000000
668	-0.250000	0.125000
669	-0.250000	-0.500000
670	-0.375000	-0.375000
671	-0.250000	-0.375000
672	-0.750000	-0.875000
673	-0.375000	-0.625000
674	-0.250000	-0.375000
675	-0.250000	0.500000
676	-0.125000	0.000000
677	-0.500000	0.625000
678	-0.500000	0.500000
679	-0.375000	-0.500000
680	-0.250000	0.000000
681	-0.625000	0.750000
682	-0.375000	0.625000
683	-0.750000	0.875000
684	-1.000000	-1.000000
685	-0.375000	0.500000
686	-0.125000	0.000000
687	-0.125000	-0.375000
688	-1.000000	-1.000000
689	0.000000	0.250000
690	-0.750000	-0.875000
691	-0.625000	0.750000
692	-0.500000	0.625000
693	-0.625000	-0.750000
694	-1.000000	1.000000
695	-0.375000	-0.500000
696	-0.750000	0.875000
697	-0.250000	-0.125000
698	-1.000000	-1.000000
699	-0.375000	-0.625000
700	-0.500000	-0.625000
701	-0.125000	-0.375000
702	-0.750000	0.875000
703	-0.250000	-0.125000
704	-0.500000	-0.625000
705	-0.250000	-0.125000
706	-0.375000	0.625000
707	-0.375000	-0.500000
708	-0.625000	0.750000
709	0.000000	0.250000
710	-0.625000	-0.750000
711	-0.375000	0.125000
712	-0.125000	-0.500000
713	-0.625000	-0.750000
714	-0.750000	0.875000
715	-0.125000	-0.375000
716	-0.500000	0.625000
717	-0.125000	0.125000
718	-0.500000	0.625000
719	-0.250000	-0.250000
720	-0.250000	-0.375000
721	-0.750000	0.875000
722	-0.750000	0.875000
723	-0.250000	-0.125000
724	-0.500000	0.750000
725	-0.375000	-0.375000
726	-0.250000	-0.375000
727	-0.500000	-0.750000
728	-0.750000	0.875000
729	-0.250000	-0.500000
730	-0.250000	-0.125000
731	-0.750000	-0.875000
732	-0.750000	0.875000
733	-0.375000	-0.375000
734	-0.375000	0.125000
735	-0.250000	0.000000
736	-0.750000	-0.875000
737	-0.125000	-0.125000
738	-0.750000	-0.875000
739	-0.500000	-0.750000
740	-0.500000	0.625000
741	-0.750000	-0.875000
742	-0.750000	0.875000
743	-0.250000	0.125000
744	-0.250000	-0.125000
745	-0.125000	0.250000
746	0.000000	-0.250000
747	-0.500000	0.750000
748	-0.250000	0.250000
749	-0.500000	0.625000
750	-0.750000	0.875000
751	-0.125000	0.375000
752	-1.000000	1.000000
753	-0.250000	-0.125000
754	-0.375000	-0.250000
755	-1.000000	1.000000
756	-1.000000	-1.000000
757	-0.125000	0.500000
758	-0.625000	0.750000
759	-0.375000	-0.125000
760	-0.750000	-0.875000
761	-0.125000	0.375000
762	-1.000000	-1.000000
763	-0.625000	-0.750000
764	-0.625000	-0.750000
765	-0.750000	0.875000
766	-0.250000	0.250000
767	-0.375000	-0.500000
768	-0.750000	-0.875000
769	-0.250000	-0.250000
770	-0.125000	0.500000
771	-0.750000	-0.875000
772	-0.500000	-0.750000
773	-1.000000	-1.000000
774	-0.500000	0.625000
775	-0.375000	-0.625000
776	-0.500000	0.750000
777	-0.625000	-0.750000
778	-0.375000	-0.625000
779	-0.375000	-0.625000
780	-1.000000	-1.000000
781	-0.250000	-0.375000
782	-1.000000	-1.000000
783	-0.125000	0.250000
784	-0.250000	-0.375000
785	-0.125000	-0.250000
786	-0.500000	0.625000
787	-0.625000	0.750000
788	-0.625000	0.750000
789	-0.375000	0.500000
790	-1.000000	-1.000000
791	-0.250000	-0.250000
792	-0.750000	0.875000
793	-0.375000	-0.375000
794	-0.750000	0.875000
795	-0.250000	-0.125000
796	-0.250000	0.000000
797	-0.125000	-0.250000
798	-0.125000	-0.125000
799	-0.375000	0.375000
800	-0.250000	-0.500000
801	-1.000000	1.000000
802	-0.625000	0.750000
803	0.000000	0.000000
804	-0.375000	0.500000
805	-0.375000	-0.500000
806	-0.500000	-0.625000
807	-0.375000	-0.625000
808	-0.750000	-0.875000
809	-1.000000	-1.000000
810	-0.250000	-0.125000
811	0.000000	-0.125000
812	-0.125000	-0.500000
813	-0.750000	0.875000
814	-0.625000	0.750000
815	-0.625000	-0.750000
816	-0.750000	0.875000
817	0.000000	-0.125000
818	-0.750000	-0.875000
819	-1.000000	1.000000
820	-0.625000	-0.750000
821	-0.250000	0.500000
822	-0.500000	-0.750000
823	-0.250000	-0.500000
824	-0.375000	0.250000
825	-0.750000	0.875000
826	-0.375000	-0.250000
827	-1.000000	1.000000
828	0.000000	-0.125000
829	-0.375000	0.375000
830	-1.000000	1.000000
831	-0.250000	-0.250000
832	-0.250000	0.000000
833	-0.125000	0.375000
834	-0.750000	0.875000
835	-0.250000	-0.375000
836	-0.125000	0.125000
837	-0.375000	0.375000
838	-0.750000	0.875000
839	-0.250000	0.000000
840	-0.500000	0.625000
841	-0.250000	0.125000
842	-0.375000	0.625000
843	-0.250000	-0.500000
844	-0.750000	0.875000
845	-0.375000	-0.250000
846	-0.250000	-0.500000
847	-0.250000	0.375000
848	-0.625000	-0.750000
849	-0.250000	0.500000
850	-0.500000	-0.750000
851	-0.125000	0.125000
852	-0.500000	-0.625000
853	-0.375000	-0.375000
854	-0.250000	-0.250000
855	-0.250000	-0.500000
856	-0.125000	0.375000
857	-0.750000	-0.875000
858	-0.250000	0.125000
859	-0.375000	-0.375000
860	-0.375000	0.625000
861	-0.500000	-0.750000
862	-0.250000	-0.375000
863	-1.000000	1.000000
864	0.000000	0.125000
865	-0.375000	0.250000
866	-0.375000	-0.375000
867	-1.000000	1.000000
868	-1.000000	1.000000
869	-0.250000	-0.625000
870	-0.625000	-0.750000
871	-0.625000	-0.750000
872	-0.250000	0.125000
873	-0.625000	-0.750000
874	-1.000000	-1.000000
875	-0.250000	0.125000
876	-0.250000	-0.625000
877	-0.500000	0.625000
878	-1.000000	1.000000
879	-0.375000	0.250000
880	-0.250000	0.500000
881	0.125000	0.000000
882	-1.000000	1.000000
883	-0.750000	-0.875000
884	-0.250000	0.000000
885	-0.500000	-0.750000
886	-0.250000	-0.375000
887	-0.750000	0.875000
888	-0.625000	0.750000
889	-0.750000	0.875000
890	-0.375000	-0.375000
891	-0.375000	-0.375000
892	-0.750000	0.875000
893	-0.125000	-0.250000
894	-0.500000	-0.750000
895	0.000000	0.125000
896	-1.000000	-1.000000
897	0.000000	-0.125000
898	-0.375000	0.250000
899	-0.375000	-0.375000
900	-1.000000	1.000000
901	-1.000000	-1.000000
902	-0.250000	-0.250000
903	-0.375000	-0.250000
904	-0.375000	-0.375000
905	-0.750000	-0.875000
906	-0.125000	0.375000
907	-0.125000	0.500000
908	-1.000000	-1.000000
909	-0.125000	0.375000
910	-0.500000	-0.500000
911	-0.125000	0.000000
912	-0.125000	0.125000
913	-0.625000	0.750000
914	-0.375000	0.625000
915	-0.625000	-0.750000
916	-0.250000	-0.250000
917	-0.250000	-0.375000
918	-0.250000	-0.500000
919	-0.500000	-0.625000
920	-0.500000	0.625000
921	-0.375000	0.625000
922	0.000000	-0.250000
923	-0.500000	-0.625000
924	-0.125000	-0.250000
925	-0.125000	0.375000
926	-0.375000	-0.625000
927	-0.750000	0.875000
928	-0.500000	0.750000
929	-0.250000	-0.375000
930	-0.125000	-0.125000
931	-1.000000	-1.000000
932	-0.375000	0.375000
933	-1.000000	1.000000
934	-0.250000	-0.125000
935	-0.500000	0.750000
936	-1.000000	1.000000
937	-0.250000	-0.375000
938	-0.375000	0.500000
939	-0.500000	-0.625000
940	-0.375000	-0.625000
941	-0.625000	-0.750000
942	-0.750000	-0.875000
943	-1.000000	-1.000000
944	0.000000	-0.250000
945	-0.250000	-0.375000
946	-0.500000	-0.625000
947	-0.500000	-0.750000
948	-0.250000	0.000000
949	-0.625000	0.750000
950	-0.250000	0.125000
951	-0.125000	0.000000
952	-0.375000	-0.500000
953	-1.000000	-1.000000
954	-0.500000	-0.750000
955	-0.250000	-0.250000
956	-0.375000	-0.125000
957	-0.750000	0.875000
958	-0.750000	-0.875000
959	-0.500000	0.750000
960	-0.375000	0.125000
961	0.000000	0.000000
962	-0.375000	0.375000
963	-0.750000	-0.875000
964	-0.250000	-0.375000
965	-0.750000	-0.875000
966	0.000000	0.125000
967	-1.000000	1.000000
968	-0.500000	0.750000
969	-0.250000	0.125000
970	-0.375000	-0.625000
971	-0.625000	-0.750000
972	-0.625000	0.750000
973	-0.500000	0.500000
974	-0.125000	0.375000
975	-0.125000	-0.375000
976	-0.625000	0.750000
977	-0.375000	0.500000
978	-0.250000	-0.250000
979	-1.000000	1.000000
980	0.250000	0.125000
981	-0.125000	-0.375000
982	-0.375000	-0.250000
983	-0.750000	0.875000
984	-0.125000	-0.125000
985	-0.500000	0.625000
986	-1.000000	1.000000
987	-1.000000	-1.000000
988	-0.250000	-0.500000
989	-0.500000	0.750000
990	-0.125000	-0.250000
991	0.000000	0.000000
992	-0.500000	-0.625000
993	-0.500000	-0.625000
994	-0.750000	0.875000
995	-0.750000	0.875000
996	-0.375000	-0.625000
997	-0.250000	-0.375000
998	-0.750000	-0.875000
999	-0.750000	0.875000
