0	-0.375000	-0.125000
1	-0.250000	-0.500000
2	-0.250000	0.000000
3	-0.250000	0.000000
4	-0.375000	0.500000
5	-1.000000	1.000000
6	-0.625000	-0.750000
7	-0.375000	-0.625000
8	-0.125000	-0.375000
9	-0.125000	-0.125000
10	-0.375000	0.500000
11	-0.500000	0.000000
12	-1.000000	1.000000
13	-0.750000	0.875000
14	-0.125000	0.250000
15	-0.750000	-0.875000
16	-0.375000	0.625000
17	-0.625000	-0.750000
18	-0.375000	-0.250000
19	-0.375000	0.500000
20	-0.375000	-0.250000
21	-0.375000	-0.375000
22	-0.750000	0.875000
23	-0.375000	0.625000
24	-0.625000	0.750000
25	-0.125000	0.125000
26	-0.125000	0.125000
27	-0.250000	-0.375000
28	-0.500000	0.625000
29	-1.000000	1.000000
30	-0.500000	0.625000
31	-0.250000	0.000000
32	-1.000000	-1.000000
33	-0.750000	0.875000
34	-0.500000	-0.750000
35	-1.000000	1.000000
36	-0.625000	0.750000
37	-0.375000	0.500000
38	-1.000000	-1.000000
39	-0.625000	-0.750000
40	-0.250000	-0.500000
41	-0.500000	0.750000
42	-0.250000	0.125000
43	-0.375000	-0.375000
44	-1.000000	-1.000000
45	-1.000000	-1.000000
46	-0.375000	-0.625000
47	-0.750000	0.875000
48	-0.250000	0.250000
49	-0.375000	0.250000
50	-0.750000	0.875000
51	-0.750000	-0.875000
52	-1.000000	-1.000000
53	-0.750000	-0.875000
54	-0.250000	-0.625000
55	-0.250000	0.125000
56	-0.125000	0.000000
57	-0.125000	-0.250000
58	-0.625000	-0.750000
59	-0.625000	0.750000
60	-0.500000	0.750000
61	-1.000000	-1.000000
62	-0.375000	0.625000
63	-0.250000	-0.250000
64	-0.125000	0.250000
65	-1.000000	1.000000
66	-0.750000	0.875000
67	-0.500000	0.000000
68	-0.125000	0.000000
69	-0.750000	-0.875000
70	-0.125000	0.375000
71	-0.500000	-0.750000
72	-0.625000	-0.750000
73	-0.750000	0.875000
74	-0.750000	0.875000
75	-0.500000	-0.625000
76	-0.500000	0.625000
77	-0.250000	-0.500000
78	-0.250000	-0.500000
79	-0.125000	-0.250000
80	-1.000000	1.000000
81	-1.000000	1.000000
82	-0.750000	0.875000
83	-0.750000	-0.875000
84	-1.000000	-1.000000
85	-0.250000	-0.375000
86	-0.750000	0.875000
87	-0.375000	0.250000
88	-0.750000	0.875000
89	-0.375000	-0.250000
90	-0.250000	0.125000
91	-0.375000	0.375000
92	-0.250000	-0.375000
93	-0.250000	-0.625000
94	-0.500000	0.625000
95	0.000000	0.250000
96	-0.625000	0.750000
97	-0.250000	0.250000
98	-0.250000	0.125000
99	-0.750000	-0.875000
100	-0.500000	0.750000
101	-0.125000	0.250000
102	-0.250000	0.375000
103	-0.375000	0.500000
104	-0.125000	-0.375000
105	-1.000000	-1.000000
106	-1.000000	-1.000000
107	-1.000000	1.000000
108	-0.375000	-0.625000
109	-0.375000	0.250000
110	-0.500000	-0.625000
111	-0.625000	0.750000
112	-0.250000	0.000000
113	-1.000000	1.000000
114	-0.375000	-0.625000
115	-0.500000	0.750000
116	-1.000000	-1.000000
117	-0.250000	0.500000
118	-0.625000	-0.750000
119	-0.750000	-0.875000
120	-0.750000	-0.875000
121	-0.625000	-0.750000
122	-0.375000	0.500000
123	-0.500000	0.625000
124	-0.500000	0.750000
125	-1.000000	-1.000000
126	-0.125000	-0.375000
127	-0.625000	-0.750000
128	-0.500000	-0.750000
129	-0.125000	-0.250000
130	-0.375000	-0.500000
131	-0.500000	-0.625000
132	-0.500000	0.625000
133	-0.375000	0.375000
134	-0.125000	0.375000
135	-0.375000	-0.500000
136	-0.500000	0.625000
137	-0.500000	-0.625000
138	-1.000000	-1.000000
139	-1.000000	-1.000000
140	-0.375000	0.500000
141	-0.250000	0.500000
142	-0.375000	0.500000
143	-0.625000	0.750000
144	-0.375000	-0.250000
145	-0.125000	-0.250000
146	-1.000000	-1.000000
147	-0.375000	-0.500000
148	-0.125000	0.375000
149	-0.375000	0.250000
150	-0.500000	0.625000
151	0.000000	0.125000
152	-1.000000	1.000000
153	-1.000000	1.000000
154	-1.000000	1.000000
155	0.000000	-0.250000
156	-0.375000	0.375000
157	-1.000000	-1.000000
158	-0.750000	0.875000
159	-1.000000	-1.000000
160	-0.750000	-0.875000
161	-0.375000	-0.250000
162	-0.500000	-0.750000
163	-0.250000	0.250000
164	-0.750000	0.875000
165	-1.000000	-1.000000
166	-0.250000	-0.250000
167	-0.750000	-0.875000
168	-0.625000	-0.750000
169	-0.250000	0.500000
170	-1.000000	1.000000
171	-0.375000	-0.500000
172	-1.000000	-1.000000
173	-0.250000	0.500000
174	-0.125000	0.375000
175	-0.125000	-0.375000
176	-0.250000	-0.125000
177	-0.500000	0.625000
178	-1.000000	-1.000000
179	-0.500000	0.625000
180	-0.125000	-0.250000
181	-0.250000	-0.125000
182	-0.125000	0.375000
183	0.000000	0.000000
184	-0.250000	0.250000
185	-1.000000	-1.000000
186	-0.125000	0.375000
187	-1.000000	1.000000
188	-0.750000	0.875000
189	-0.375000	0.500000
190	-0.750000	-0.875000
191	-0.250000	-0.625000
192	-0.625000	0.750000
193	-0.375000	0.375000
194	-0.750000	0.875000
195	-0.125000	0.000000
196	-0.750000	-0.875000
197	-1.000000	-1.000000
198	-1.000000	-1.000000
199	-0.375000	-0.625000
200	-0.250000	-0.125000
201	0.000000	0.250000
202	-1.000000	-1.000000
203	-0.500000	-0.750000
204	-0.250000	-0.375000
205	-1.000000	1.000000
206	-1.000000	-1.000000
207	-0.375000	-0.375000
208	-0.250000	-0.500000
209	-0.625000	-0.750000
210	-0.625000	-0.750000
211	-0.625000	0.750000
212	-0.750000	-0.875000
213	-0.375000	0.375000
214	-0.250000	-0.125000
215	-0.375000	0.375000
216	-0.750000	0.875000
217	-0.750000	-0.875000
218	-0.375000	-0.625000
219	-0.375000	-0.500000
220	-1.000000	-1.000000
221	-0.750000	-0.875000
222	-0.250000	-0.125000
223	-0.250000	0.375000
224	-0.375000	-0.375000
225	-0.250000	-0.250000
226	-0.500000	0.500000
227	-0.625000	-0.750000
228	-0.375000	-0.625000
229	-0.375000	0.250000
230	-0.250000	0.625000
231	-1.000000	1.000000
232	-0.500000	0.000000
233	-0.625000	-0.750000
234	-0.500000	0.750000
235	-0.750000	-0.875000
236	-0.250000	0.125000
237	0.000000	-0.375000
238	-0.375000	0.375000
239	-0.250000	-0.375000
240	-1.000000	1.000000
241	-0.750000	0.875000
242	-0.375000	-0.625000
243	-1.000000	-1.000000
244	-0.125000	0.250000
245	-0.250000	0.250000
246	-0.750000	-0.875000
247	-0.625000	0.750000
248	-0.250000	-0.500000
249	-0.500000	-0.750000
250	-0.375000	0.500000
251	-0.375000	-0.500000
252	-0.125000	0.250000
253	-0.250000	-0.375000
254	-1.000000	1.000000
255	-1.000000	1.000000
256	-0.500000	-0.625000
257	-0.375000	-0.125000
258	-0.125000	-0.250000
259	-0.250000	0.125000
260	-0.750000	-0.875000
261	-0.250000	0.125000
262	-0.375000	-0.500000
263	-0.250000	0.250000
264	-1.000000	1.000000
265	-0.750000	0.875000
266	-1.000000	1.000000
267	-0.500000	-0.750000
268	-0.375000	0.500000
269	-0.250000	0.500000
270	-0.375000	0.500000
271	-0.750000	0.875000
272	-0.750000	-0.875000
273	-0.750000	0.875000
274	-0.750000	0.875000
275	-0.750000	-0.875000
276	-0.500000	-0.625000
277	-1.000000	1.000000
278	-0.750000	0.875000
279	-0.375000	0.375000
280	-0.625000	0.750000
281	-0.750000	0.875000
282	-1.000000	1.000000
283	-0.250000	0.250000
284	-0.750000	0.875000
285	-0.500000	0.750000
286	-0.125000	-0.250000
287	-0.750000	0.875000
288	-0.500000	0.625000
289	-0.375000	0.375000
290	-1.000000	1.000000
291	-0.750000	-0.875000
292	-1.000000	-1.000000
293	-0.750000	0.875000
294	-0.250000	0.125000
295	-0.500000	-0.625000
296	-0.250000	0.125000
297	-1.000000	-1.000000
298	-0.500000	0.625000
299	-1.000000	-1.000000
300	-0.125000	0.000000
301	-0.375000	0.375000
302	-0.375000	0.625000
303	-0.250000	0.250000
304	-0.125000	-0.125000
305	-0.750000	0.875000
306	-0.500000	-0.625000
307	-0.500000	0.750000
308	-0.250000	-0.375000
309	-0.250000	-0.250000
310	-0.750000	-0.875000
311	-0.250000	0.375000
312	-1.000000	-1.000000
313	-0.500000	-0.750000
314	-0.500000	-0.750000
315	-0.375000	-0.500000
316	-1.000000	1.000000
317	-0.750000	0.875000
318	-1.000000	1.000000
319	-0.250000	-0.125000
320	-0.750000	-0.875000
321	-0.375000	-0.625000
322	0.000000	0.000000
323	-0.250000	0.375000
324	-0.125000	-0.125000
325	-0.125000	0.250000
326	-1.000000	-1.000000
327	0.000000	0.125000
328	-0.375000	0.625000
329	-1.000000	1.000000
330	-0.500000	-0.750000
331	-0.375000	0.500000
332	-0.125000	-0.375000
333	-0.250000	-0.500000
334	-0.750000	-0.875000
335	-0.250000	-0.625000
336	-0.375000	0.375000
337	-0.750000	-0.875000
338	-0.625000	-0.750000
339	-0.250000	0.250000
340	-0.625000	-0.750000
341	-0.500000	-0.625000
342	-0.125000	-0.250000
343	-0.375000	-0.250000
344	-0.750000	-0.875000
345	-0.500000	-0.500000
346	-0.750000	0.875000
347	0.000000	0.250000
348	-0.750000	0.875000
349	-1.000000	1.000000
350	-0.750000	-0.875000
351	-0.250000	0.125000
352	-0.125000	-0.250000
353	-0.250000	-0.125000
354	-0.500000	0.750000
355	-0.125000	0.375000
356	-0.250000	0.500000
357	0.125000	0.250000
358	-0.625000	0.750000
359	-0.250000	0.375000
360	-0.375000	-0.625000
361	-0.750000	-0.875000
362	-0.375000	-0.500000
363	-1.000000	1.000000
364	-0.250000	-0.250000
365	-0.125000	-0.250000
366	-0.625000	-0.750000
367	-0.750000	-0.875000
368	-0.625000	-0.750000
369	-0.500000	-0.750000
370	-0.375000	0.625000
371	-0.500000	-0.750000
372	-0.250000	-0.250000
373	-0.500000	0.625000
374	-0.125000	-0.125000
375	-0.250000	0.125000
376	-0.750000	-0.875000
377	-0.625000	-0.750000
378	-0.750000	-0.875000
379	-0.250000	0.375000
380	-0.250000	0.375000
381	0.125000	0.125000
382	-1.000000	1.000000
383	-0.500000	-0.750000
384	-1.000000	-1.000000
385	-1.000000	1.000000
386	-0.750000	0.875000
387	-0.750000	0.875000
388	-0.625000	0.750000
389	-0.625000	-0.750000
390	-0.500000	0.750000
391	-0.250000	0.250000
392	-0.625000	0.750000
393	-0.500000	0.625000
394	-0.625000	-0.750000
395	-0.625000	-0.750000
396	-0.125000	-0.250000
397	-0.125000	0.125000
398	-0.625000	0.750000
399	-0.500000	0.750000
400	-0.750000	-0.875000
401	-0.125000	-0.375000
402	-0.375000	-0.500000
403	-0.375000	0.500000
404	-0.750000	-0.875000
405	-0.625000	-0.750000
406	-0.375000	0.125000
407	0.000000	0.125000
408	-0.375000	-0.625000
409	-0.625000	0.750000
410	-1.000000	1.000000
411	-0.250000	0.250000
412	-1.000000	1.000000
413	-0.125000	0.250000
414	-0.375000	-0.625000
415	-0.750000	0.875000
416	-0.750000	-0.875000
417	-0.375000	-0.125000
418	-0.375000	-0.375000
419	-0.375000	-0.625000
420	-0.625000	0.750000
421	-0.750000	0.875000
422	-0.250000	0.250000
423	-0.125000	-0.125000
424	-0.125000	-0.250000
425	-0.750000	0.875000
426	-0.125000	0.125000
427	-0.625000	0.750000
428	-0.625000	-0.750000
429	-0.625000	-0.750000
430	-0.375000	-0.375000
431	-0.375000	-0.500000
432	-0.500000	0.500000
433	-0.625000	0.750000
434	-1.000000	1.000000
435	-0.375000	-0.375000
436	-0.250000	0.000000
437	-0.500000	-0.750000
438	-0.375000	-0.250000
439	-0.375000	-0.625000
440	-0.375000	0.125000
441	-1.000000	1.000000
442	-0.750000	0.875000
443	-0.250000	0.500000
444	-1.000000	-1.000000
445	-0.250000	0.250000
446	-0.375000	0.625000
447	-0.625000	-0.750000
448	-0.250000	-0.375000
449	-0.250000	0.000000
450	-0.375000	-0.625000
451	-0.125000	0.375000
452	-0.125000	0.125000
453	-0.250000	-0.125000
454	-1.000000	1.000000
455	-1.000000	-1.000000
456	-0.750000	-0.875000
457	-0.375000	-0.125000
458	-0.250000	-0.375000
459	-0.375000	-0.125000
460	-0.750000	0.875000
461	-0.625000	0.750000
462	0.000000	-0.125000
463	-0.375000	-0.625000
464	-0.750000	-0.875000
465	-1.000000	-1.000000
466	-1.000000	-1.000000
467	-0.375000	-0.625000
468	-0.375000	-0.625000
469	-0.125000	-0.125000
470	-0.375000	0.625000
471	-0.500000	0.750000
472	-0.125000	0.250000
473	0.000000	-0.125000
474	-1.000000	1.000000
475	-0.500000	0.625000
476	-0.250000	-0.125000
477	0.000000	-0.250000
478	-0.375000	0.375000
479	-1.000000	-1.000000
480	-0.375000	0.625000
481	-0.750000	0.875000
482	-0.250000	-0.500000
483	-0.250000	0.125000
484	-0.500000	-0.625000
485	-0.250000	-0.375000
486	-0.625000	-0.750000
487	-0.375000	-0.375000
488	-0.500000	0.750000
489	-0.250000	-0.500000
490	-0.500000	-0.750000
491	-1.000000	-1.000000
492	-0.250000	0.500000
493	-0.500000	0.000000
494	-0.500000	0.625000
495	-0.375000	-0.625000
496	-0.500000	0.750000
497	-0.500000	-0.500000
498	-0.125000	0.375000
499	-0.625000	0.750000
500	-0.625000	-0.750000
501	-0.750000	0.875000
502	-0.625000	0.750000
503	-0.125000	-0.375000
504	-1.000000	1.000000
505	-0.125000	0.000000
506	-0.750000	-0.875000
507	0.000000	-0.375000
508	-0.375000	-0.250000
509	-1.000000	-1.000000
510	-0.625000	-0.750000
511	-0.750000	0.875000
512	-0.625000	0.750000
513	-0.375000	0.625000
514	-0.750000	-0.875000
515	-0.625000	-0.750000
516	-0.375000	-0.625000
517	0.125000	0.250000
518	-0.750000	0.875000
519	-0.250000	0.000000
520	-0.500000	-0.750000
521	-0.375000	-0.625000
522	-0.750000	-0.875000
523	-1.000000	1.000000
524	0.000000	0.125000
525	-0.375000	-0.500000
526	-0.375000	-0.500000
527	-0.250000	-0.250000
528	-0.375000	-0.500000
529	-0.500000	-0.625000
530	-1.000000	-1.000000
531	-1.000000	1.000000
532	-0.250000	-0.500000
533	-0.750000	-0.875000
534	-0.375000	-0.625000
535	-0.750000	-0.875000
536	-0.250000	0.000000
537	0.125000	-0.125000
538	-0.625000	-0.750000
539	-0.625000	-0.750000
540	-0.500000	0.750000
541	-0.500000	-0.625000
542	-1.000000	1.000000
543	-1.000000	1.000000
544	-1.000000	1.000000
545	-0.250000	0.375000
546	-0.750000	0.875000
547	-0.250000	0.250000
548	-0.625000	-0.750000
549	-0.250000	0.250000
550	-1.000000	-1.000000
551	-0.750000	-0.875000
552	-1.000000	1.000000
553	-0.250000	0.375000
554	-0.625000	0.750000
555	-0.625000	0.750000
556	-0.750000	0.875000
557	-1.000000	1.000000
558	-0.375000	0.375000
559	-1.000000	1.000000
560	-0.750000	-0.875000
561	-0.500000	-0.625000
562	-0.750000	-0.875000
563	-0.750000	-0.875000
564	-0.375000	-0.625000
565	-0.375000	0.500000
566	-0.750000	0.875000
567	-1.000000	-1.000000
568	-1.000000	-1.000000
569	-0.500000	0.000000
570	-1.000000	1.000000
571	-0.125000	-0.125000
572	-0.500000	0.750000
573	-0.750000	-0.875000
574	-0.750000	0.875000
575	-0.250000	-0.250000
576	-0.250000	-0.625000
577	-0.250000	0.375000
578	-0.375000	-0.625000
579	-1.000000	-1.000000
580	-0.750000	-0.875000
581	-0.500000	-0.750000
582	-0.750000	0.875000
583	-1.000000	-1.000000
584	-0.250000	-0.500000
585	-0.750000	-0.875000
586	-0.375000	0.250000
587	-0.250000	0.250000
588	-0.625000	0.750000
589	-0.250000	-0.375000
590	0.125000	0.125000
591	0.000000	-0.250000
592	-0.500000	0.750000
593	-1.000000	-1.000000
594	-0.375000	0.500000
595	-0.125000	0.000000
596	-0.750000	-0.875000
597	-0.625000	0.750000
598	-0.125000	-0.250000
599	-0.750000	-0.875000
600	-0.625000	0.750000
601	0.125000	-0.250000
602	-1.000000	-1.000000
603	-0.375000	-0.625000
604	0.000000	0.125000
605	-0.750000	-0.875000
606	-0.500000	-0.750000
607	-0.750000	-0.875000
608	-0.125000	0.000000
609	-0.125000	0.000000
610	-1.000000	1.000000
611	-0.375000	0.375000
612	-0.250000	-0.375000
613	-0.250000	0.000000
614	-0.750000	0.875000
615	-0.750000	0.875000
616	-0.250000	0.000000
617	-0.500000	-0.750000
618	0.125000	0.250000
619	-0.500000	0.750000
620	-0.250000	0.375000
621	-0.375000	-0.500000
622	-0.750000	-0.875000
623	-0.500000	-0.625000
624	-0.750000	-0.875000
625	-1.000000	-1.000000
626	-1.000000	-1.000000
627	0.125000	0.125000
628	-0.125000	0.000000
629	-0.375000	0.375000
630	-1.000000	1.000000
631	-1.000000	1.000000
632	-0.250000	0.500000
633	-0.750000	-0.875000
634	-1.000000	-1.000000
635	-1.000000	1.000000
636	-0.125000	-0.250000
637	-0.375000	-0.375000
638	-0.375000	0.125000
639	-0.125000	0.000000
640	-1.000000	1.000000
641	-0.500000	-0.750000
642	-0.750000	-0.875000
643	-0.500000	-0.500000
644	-1.000000	1.000000
645	-0.750000	-0.875000
646	-0.500000	-0.625000
647	-0.500000	-0.750000
648	-0.750000	0.875000
649	-0.500000	-0.625000
650	0.000000	-0.250000
651	-0.250000	-0.375000
652	-0.625000	-0.750000
653	-0.500000	0.625000
654	-0.125000	0.250000
655	-0.250000	-0.125000
656	-1.000000	-1.000000
657	-0.750000	0.875000
658	-0.250000	0.500000
659	-0.625000	0.750000
660	-0.375000	0.500000
661	-0.375000	-0.500000
662	-0.750000	0.875000
663	-1.000000	1.000000
664	-1.000000	1.000000
665	-0.375000	0.125000
666	-0.500000	-0.500000
667	-1.000000	1.000000
668	0.000000	-0.250000
669	-0.125000	0.250000
670	-0.750000	0.875000
671	-0.750000	0.875000
672	-0.750000	0.875000
673	-0.250000	0.500000
674	-1.000000	-1.000000
675	-0.625000	-0.750000
676	-0.750000	-0.875000
677	-0.750000	-0.875000
678	-1.000000	-1.000000
679	-0.625000	0.750000
680	-0.500000	0.500000
681	-0.375000	0.625000
682	-1.000000	1.000000
683	-0.500000	-0.750000
684	-1.000000	-1.000000
685	-1.000000	-1.000000
686	-0.375000	0.250000
687	-0.750000	0.875000
688	0.000000	-0.125000
689	-0.625000	0.750000
690	-0.625000	0.750000
691	-0.750000	0.875000
692	-0.625000	0.750000
693	-0.500000	-0.750000
694	-1.000000	-1.000000
695	-0.750000	0.875000
696	-0.750000	0.875000
697	-0.375000	0.500000
698	-0.750000	-0.875000
699	-0.625000	-0.750000
700	-0.375000	0.500000
701	0.000000	0.125000
702	-0.750000	0.875000
703	0.000000	-0.375000
704	-0.750000	-0.875000
705	-0.375000	0.625000
706	-0.375000	-0.375000
707	-0.250000	-0.250000
708	-0.250000	-0.250000
709	-0.500000	0.750000
710	-0.125000	0.000000
711	-0.750000	-0.875000
712	-1.000000	-1.000000
713	-0.250000	0.500000
714	-0.375000	0.500000
715	-0.375000	0.625000
716	-1.000000	-1.000000
717	-0.250000	-0.250000
718	-0.375000	-0.625000
719	-0.625000	-0.750000
720	-0.250000	-0.125000
721	-0.125000	0.375000
722	-0.250000	0.125000
723	-0.375000	-0.625000
724	-0.500000	-0.625000
725	-1.000000	-1.000000
726	-0.625000	0.750000
727	-0.500000	0.500000
728	-1.000000	-1.000000
729	-0.500000	0.625000
730	-0.750000	-0.875000
731	-0.125000	0.125000
732	-0.125000	0.250000
733	-0.125000	0.375000
734	-0.125000	-0.250000
735	-1.000000	1.000000
736	-0.750000	-0.875000
737	-0.375000	0.500000
738	-1.000000	1.000000
739	-1.000000	-1.000000
740	-0.750000	-0.875000
741	-0.250000	-0.375000
742	-1.000000	1.000000
743	-0.750000	-0.875000
744	-0.750000	-0.875000
745	-0.125000	-0.375000
746	-0.250000	0.250000
747	-0.750000	0.875000
748	-0.500000	-0.500000
749	-1.000000	-1.000000
750	-1.000000	-1.000000
751	-0.500000	-0.625000
752	-0.125000	-0.250000
753	-0.500000	-0.625000
754	-0.625000	-0.750000
755	-0.750000	-0.875000
756	-0.250000	0.500000
757	-0.375000	0.375000
758	-0.625000	0.750000
759	-0.625000	0.750000
760	-0.250000	-0.375000
761	0.000000	0.375000
762	-0.500000	0.750000
763	-0.250000	-0.625000
764	-0.250000	-0.625000
765	-0.375000	-0.375000
766	-0.500000	0.000000
767	0.000000	0.125000
768	-0.750000	0.875000
769	-1.000000	1.000000
770	-0.375000	-0.625000
771	-0.250000	-0.375000
772	-0.750000	0.875000
773	-0.750000	0.875000
774	-0.750000	0.875000
775	-0.750000	0.875000
776	-0.375000	0.125000
777	-0.500000	-0.750000
778	-0.500000	-0.750000
779	-1.000000	-1.000000
780	-0.250000	0.500000
781	-0.375000	0.500000
782	-0.500000	0.750000
783	-0.375000	0.500000
784	-0.500000	0.625000
785	-0.375000	-0.625000
786	-0.250000	-0.500000
787	-0.625000	-0.750000
788	0.000000	0.000000
789	-0.250000	-0.375000
790	-1.000000	-1.000000
791	-0.750000	-0.875000
792	-0.500000	0.750000
793	-0.500000	-0.625000
794	-0.750000	-0.875000
795	-0.250000	-0.500000
796	-1.000000	-1.000000
797	-0.500000	-0.750000
798	-0.750000	0.875000
799	-0.625000	0.750000
800	-0.750000	-0.875000
801	-0.750000	0.875000
802	-0.250000	0.500000
803	-0.750000	0.875000
804	-0.750000	0.875000
805	-0.250000	-0.375000
806	-0.125000	0.250000
807	-1.000000	-1.000000
808	-0.250000	-0.125000
809	-1.000000	1.000000
810	-0.500000	0.625000
811	-0.125000	-0.375000
812	-1.000000	1.000000
813	-0.375000	0.625000
814	-0.500000	0.625000
815	-0.375000	-0.125000
816	-0.625000	0.750000
817	-0.625000	0.750000
818	-0.625000	0.750000
819	-0.375000	0.625000
820	-0.750000	0.875000
821	-0.250000	0.375000
822	-1.000000	-1.000000
823	-0.250000	0.375000
824	-1.000000	1.000000
825	-0.500000	0.750000
826	-0.625000	-0.750000
827	-0.375000	-0.625000
828	-0.250000	0.500000
829	-0.250000	-0.250000
830	-0.625000	0.750000
831	-0.625000	-0.750000
832	-0.500000	-0.625000
833	-0.750000	-0.875000
834	-0.250000	-0.125000
835	-0.750000	-0.875000
836	-0.625000	0.750000
837	-0.625000	0.750000
838	-1.000000	-1.000000
839	-0.625000	-0.750000
840	-0.375000	-0.500000
841	-1.000000	1.000000
842	-0.750000	0.875000
843	-0.625000	0.750000
844	-0.625000	0.750000
845	-0.750000	0.875000
846	-0.625000	-0.750000
847	-1.000000	-1.000000
848	-0.750000	-0.875000
849	-0.250000	0.000000
850	-0.375000	-0.125000
851	-0.250000	-0.500000
852	-0.125000	0.000000
853	-0.375000	-0.500000
854	-0.750000	0.875000
855	-0.375000	-0.125000
856	-0.375000	0.500000
857	-0.750000	-0.875000
858	-0.125000	0.250000
859	-0.625000	0.750000
860	-0.375000	-0.500000
861	-0.125000	-0.375000
862	-1.000000	-1.000000
863	-0.125000	-0.125000
864	-0.250000	0.000000
865	-1.000000	1.000000
866	-0.375000	0.250000
867	-0.625000	0.750000
868	-0.750000	0.875000
869	-0.250000	0.000000
870	-0.250000	0.375000
871	-0.250000	-0.250000
872	-0.750000	-0.875000
873	-1.000000	-1.000000
874	-0.750000	0.875000
875	-0.750000	-0.875000
876	-0.125000	0.375000
877	-0.250000	0.125000
878	-0.375000	0.125000
879	-0.750000	0.875000
880	-0.375000	0.625000
881	-0.375000	0.125000
882	-0.125000	0.000000
883	-1.000000	1.000000
884	-0.750000	0.875000
885	-1.000000	-1.000000
886	-0.375000	-0.250000
887	-0.750000	0.875000
888	-0.375000	0.125000
889	-0.750000	-0.875000
890	0.000000	-0.125000
891	-0.375000	-0.500000
892	-0.125000	-0.375000
893	-0.625000	0.750000
894	-1.000000	1.000000
895	-0.500000	0.625000
896	-1.000000	1.000000
897	-0.250000	0.375000
898	-0.375000	0.375000
899	-0.625000	-0.750000
900	-0.250000	-0.625000
901	-0.250000	0.125000
902	-0.375000	0.375000
903	-1.000000	1.000000
904	-0.375000	0.375000
905	-0.375000	0.375000
906	-0.375000	-0.500000
907	-0.250000	0.000000
908	-0.500000	0.500000
909	-0.500000	-0.625000
910	-0.750000	-0.875000
911	-0.250000	0.500000
912	-0.375000	-0.375000
913	-0.500000	-0.500000
914	0.000000	0.000000
915	-1.000000	-1.000000
916	-0.625000	-0.750000
917	-0.750000	-0.875000
918	-0.750000	-0.875000
919	-1.000000	1.000000
920	-0.625000	-0.750000
921	-0.375000	-0.250000
922	0.000000	-0.250000
923	-0.375000	0.375000
924	-0.750000	0.875000
925	-0.750000	-0.875000
926	-0.125000	0.000000
927	-0.750000	0.875000
928	-0.375000	0.375000
929	-0.250000	-0.500000
930	-1.000000	1.000000
931	-1.000000	-1.000000
932	-0.375000	0.250000
933	-0.500000	-0.625000
934	-0.125000	0.000000
935	-0.625000	-0.750000
936	-0.625000	0.750000
937	-1.000000	1.000000
938	-0.750000	0.875000
939	-0.250000	-0.125000
940	-0.375000	0.500000
941	-0.125000	0.375000
942	-1.000000	1.000000
943	-0.750000	0.875000
944	-0.750000	-0.875000
945	-0.125000	0.125000
946	0.000000	0.125000
947	-1.000000	1.000000
948	-0.500000	-0.625000
949	-0.250000	-0.125000
950	-0.500000	-0.625000
951	-0.250000	0.250000
952	-0.500000	-0.750000
953	-0.375000	-0.500000
954	-0.500000	0.750000
955	-0.375000	-0.500000
956	-0.375000	-0.125000
957	-0.750000	-0.875000
958	-1.000000	-1.000000
959	-1.000000	-1.000000
960	-0.250000	-0.375000
961	-1.000000	-1.000000
962	-0.500000	-0.500000
963	-0.750000	0.875000
964	-0.250000	0.125000
965	-0.625000	0.750000
966	-0.625000	-0.750000
967	-0.625000	0.750000
968	-0.750000	-0.875000
969	-0.250000	-0.250000
970	-0.750000	-0.875000
971	-0.125000	0.250000
972	-0.125000	-0.125000
973	-0.125000	0.000000
974	-0.500000	0.625000
975	-0.375000	-0.625000
976	-0.125000	-0.500000
977	-0.750000	0.875000
978	-0.250000	-0.250000
979	-0.750000	0.875000
980	-0.250000	0.125000
981	-0.250000	0.250000
982	-0.625000	-0.750000
983	-0.375000	0.250000
984	-1.000000	-1.000000
985	-0.250000	0.000000
986	-0.125000	-0.250000
987	-0.250000	0.125000
988	-0.250000	-0.375000
989	-0.250000	-0.500000
990	0.000000	-0.250000
991	-0.750000	-0.875000
992	-0.250000	0.125000
993	-0.125000	0.250000
994	-0.500000	-0.625000
995	-0.375000	0.625000
996	-1.000000	1.000000
997	-0.500000	0.750000
998	-0.250000	-0.500000
999	-0.500000	0.625000
