0	-1.000000	-1.000000
1	-1.000000	-1.000000
2	-0.625000	-0.750000
3	-1.000000	-1.000000
4	-0.750000	-0.875000
5	-0.750000	-0.875000
6	-0.750000	-0.875000
7	-1.000000	-1.000000
8	-1.000000	-1.000000
9	-1.000000	-1.000000
10	-1.000000	-1.000000
11	-1.000000	-1.000000
12	-0.750000	-0.875000
13	-0.750000	-0.875000
14	-1.000000	-1.000000
15	-0.750000	-0.875000
16	-0.750000	-0.875000
17	-1.000000	-1.000000
18	-1.000000	-1.000000
19	-1.000000	-1.000000
20	-1.000000	-1.000000
21	-1.000000	1.000000
22	-1.000000	1.000000
23	-0.625000	0.750000
24	-1.000000	1.000000
25	-0.625000	0.750000
26	-1.000000	1.000000
27	-1.000000	1.000000
28	-1.000000	1.000000
29	-0.750000	0.875000
30	-0.750000	0.875000
31	-0.625000	0.750000
32	-0.750000	-0.875000
33	-0.750000	-0.875000
34	-1.000000	-1.000000
35	-1.000000	-1.000000
36	-0.500000	-0.750000
37	-0.625000	-0.750000
38	-0.500000	-0.625000
39	-1.000000	-1.000000
40	-1.000000	-1.000000
41	-0.750000	-0.875000
42	-0.500000	0.000000
43	-1.000000	1.000000
44	-1.000000	1.000000
45	-0.750000	0.875000
46	-0.750000	0.875000
47	-1.000000	1.000000
48	-1.000000	1.000000
49	-1.000000	1.000000
50	-1.000000	1.000000
51	-0.750000	0.875000
52	-0.750000	0.875000
53	-1.000000	1.000000
54	-1.000000	1.000000
55	-1.000000	1.000000
56	-0.750000	0.875000
57	-0.125000	0.000000
58	-0.750000	-0.875000
59	-0.750000	-0.875000
60	-0.500000	-0.750000
61	-1.000000	-1.000000
62	-0.750000	-0.875000
63	-0.625000	-0.750000
64	-0.625000	0.750000
65	-1.000000	1.000000
66	-1.000000	1.000000
67	-1.000000	1.000000
68	-1.000000	1.000000
69	-0.500000	0.750000
70	-0.750000	0.875000
71	-1.000000	1.000000
72	-0.750000	0.875000
73	-1.000000	1.000000
74	-1.000000	1.000000
75	-1.000000	1.000000
76	-1.000000	1.000000
77	-0.750000	0.875000
78	-1.000000	1.000000
79	-1.000000	1.000000
80	-1.000000	1.000000
81	-1.000000	1.000000
82	-0.750000	0.875000
83	-1.000000	-1.000000
84	-1.000000	-1.000000
85	-1.000000	-1.000000
86	-0.750000	-0.875000
87	-0.750000	-0.875000
88	-0.750000	-0.875000
89	-1.000000	-1.000000
90	-1.000000	-1.000000
91	-0.625000	-0.750000
92	-0.625000	-0.750000
93	-1.000000	-1.000000
94	-0.750000	-0.875000
95	-1.000000	-1.000000
96	-1.000000	-1.000000
97	-1.000000	-1.000000
98	-1.000000	-1.000000
99	-1.000000	-1.000000
100	-1.000000	-1.000000
101	-1.000000	-1.000000
102	-0.750000	-0.875000
103	-0.625000	0.750000
104	-0.750000	0.875000
105	-0.750000	0.875000
106	-1.000000	1.000000
107	-1.000000	1.000000
108	-1.000000	1.000000
109	-1.000000	1.000000
110	-0.625000	0.750000
111	-1.000000	1.000000
112	-0.750000	0.875000
113	-1.000000	1.000000
114	-1.000000	1.000000
115	-1.000000	1.000000
116	-0.750000	0.875000
117	-1.000000	1.000000
118	-1.000000	1.000000
119	-1.000000	1.000000
120	-1.000000	1.000000
121	-1.000000	1.000000
122	-0.750000	0.875000
123	-0.500000	0.000000
124	-1.000000	1.000000
125	-1.000000	1.000000
126	-1.000000	1.000000
127	-1.000000	1.000000
128	-1.000000	1.000000
129	-1.000000	1.000000
130	-1.000000	1.000000
131	-1.000000	1.000000
132	-0.625000	0.750000
133	-1.000000	1.000000
134	-1.000000	1.000000
135	-1.000000	1.000000
136	-1.000000	1.000000
137	-0.500000	0.625000
138	-1.000000	1.000000
139	-0.750000	0.875000
140	-1.000000	1.000000
141	-0.750000	0.875000
142	-1.000000	1.000000
143	-0.750000	0.875000
144	-0.375000	0.625000
145	-1.000000	1.000000
146	-0.750000	0.875000
147	-0.250000	0.000000
148	-0.500000	-0.625000
149	-1.000000	-1.000000
150	-1.000000	-1.000000
151	-0.750000	-0.875000
152	-1.000000	-1.000000
153	-0.375000	-0.500000
154	-0.750000	0.875000
155	-1.000000	1.000000
156	-1.000000	1.000000
157	-1.000000	1.000000
158	-0.750000	0.875000
159	-0.750000	0.875000
160	-0.500000	0.750000
161	-0.625000	0.750000
162	-1.000000	1.000000
163	-1.000000	1.000000
164	-1.000000	1.000000
165	-1.000000	1.000000
166	-1.000000	1.000000
167	-1.000000	1.000000
168	-0.750000	0.875000
169	-0.750000	0.875000
170	-0.750000	0.875000
171	-0.250000	0.500000
172	-1.000000	1.000000
173	-1.000000	1.000000
174	-1.000000	1.000000
175	-0.750000	0.875000
176	-0.500000	0.625000
177	-1.000000	1.000000
178	-0.375000	0.500000
179	-1.000000	1.000000
180	-1.000000	1.000000
181	-1.000000	1.000000
182	-0.750000	0.875000
183	-0.750000	0.875000
184	-1.000000	1.000000
185	-1.000000	1.000000
186	-0.750000	0.875000
187	-0.375000	0.375000
188	-0.625000	0.750000
189	-1.000000	1.000000
190	-1.000000	1.000000
191	-0.750000	0.875000
192	-1.000000	1.000000
193	-0.750000	0.875000
194	-0.625000	-0.750000
195	-0.750000	-0.875000
196	-1.000000	-1.000000
197	-1.000000	-1.000000
198	-0.750000	-0.875000
199	-0.500000	-0.750000
200	-1.000000	-1.000000
201	-1.000000	-1.000000
202	-0.750000	-0.875000
203	-0.625000	-0.750000
204	-1.000000	-1.000000
205	-0.250000	-0.500000
206	-1.000000	-1.000000
207	-0.750000	-0.875000
208	-0.750000	0.875000
209	-0.750000	0.875000
210	-1.000000	1.000000
211	-1.000000	1.000000
212	-0.750000	0.875000
213	-0.750000	0.875000
214	-1.000000	-1.000000
215	-1.000000	-1.000000
216	-1.000000	-1.000000
217	-0.375000	-0.500000
218	-0.750000	-0.875000
219	-1.000000	-1.000000
220	-1.000000	-1.000000
221	-1.000000	-1.000000
222	-1.000000	-1.000000
223	-1.000000	-1.000000
224	-1.000000	-1.000000
225	-1.000000	-1.000000
226	-1.000000	-1.000000
227	-0.500000	-0.625000
228	-1.000000	-1.000000
229	-0.625000	-0.750000
230	-1.000000	-1.000000
231	-0.625000	-0.750000
232	-1.000000	-1.000000
233	-0.625000	-0.750000
234	-1.000000	-1.000000
235	-0.625000	-0.750000
236	-1.000000	-1.000000
237	-1.000000	-1.000000
238	-0.750000	-0.875000
239	-0.750000	-0.875000
240	-0.125000	-0.125000
241	-0.750000	0.875000
242	-1.000000	1.000000
243	-1.000000	1.000000
244	-0.500000	0.625000
245	-1.000000	1.000000
246	-1.000000	1.000000
247	-1.000000	1.000000
248	-1.000000	1.000000
249	-1.000000	1.000000
250	-1.000000	1.000000
251	-0.625000	0.750000
252	-1.000000	1.000000
253	-0.750000	0.875000
254	-1.000000	1.000000
255	-1.000000	1.000000
256	-0.500000	0.750000
257	-1.000000	1.000000
258	-1.000000	1.000000
259	-1.000000	1.000000
260	-1.000000	1.000000
261	-1.000000	1.000000
262	-1.000000	1.000000
263	-0.750000	0.875000
264	-1.000000	1.000000
265	-1.000000	1.000000
266	-1.000000	1.000000
267	-1.000000	1.000000
268	-1.000000	1.000000
269	-1.000000	1.000000
270	-0.375000	0.625000
271	-1.000000	1.000000
272	-1.000000	1.000000
273	-1.000000	1.000000
274	-0.500000	0.750000
275	-1.000000	-1.000000
276	-1.000000	-1.000000
277	-0.500000	-0.625000
278	-1.000000	-1.000000
279	-0.625000	-0.750000
280	-1.000000	-1.000000
281	-0.500000	-0.625000
282	-1.000000	-1.000000
283	-0.250000	-0.500000
284	-1.000000	-1.000000
285	-0.750000	0.875000
286	-1.000000	1.000000
287	-1.000000	1.000000
288	-1.000000	1.000000
289	-1.000000	1.000000
290	-0.625000	0.750000
291	-1.000000	1.000000
292	-0.750000	0.875000
293	-0.750000	0.875000
294	-0.625000	0.750000
295	-0.750000	-0.875000
296	-0.625000	-0.750000
297	-1.000000	-1.000000
298	-0.625000	-0.750000
299	-1.000000	-1.000000
300	-1.000000	-1.000000
301	-0.375000	-0.625000
302	-0.750000	0.875000
303	-1.000000	1.000000
304	-1.000000	1.000000
305	-0.625000	0.750000
306	-0.250000	0.500000
307	-0.750000	-0.875000
308	-1.000000	-1.000000
309	-0.750000	-0.875000
310	-0.375000	-0.375000
311	-1.000000	-1.000000
312	-1.000000	-1.000000
313	-0.750000	-0.875000
314	-0.625000	-0.750000
315	-1.000000	-1.000000
316	-1.000000	-1.000000
317	-1.000000	-1.000000
318	-0.750000	-0.875000
319	-1.000000	-1.000000
320	-0.750000	-0.875000
321	-1.000000	-1.000000
322	-1.000000	-1.000000
323	-0.750000	-0.875000
324	-1.000000	-1.000000
325	-1.000000	-1.000000
326	-0.625000	-0.750000
327	-1.000000	-1.000000
328	-1.000000	-1.000000
329	-1.000000	-1.000000
330	-0.750000	-0.875000
331	-1.000000	-1.000000
332	-0.750000	-0.875000
333	-0.625000	-0.750000
334	-0.625000	-0.750000
335	-1.000000	1.000000
336	-1.000000	1.000000
337	-1.000000	1.000000
338	-0.375000	0.250000
339	-0.500000	-0.750000
340	-1.000000	-1.000000
341	-0.750000	-0.875000
342	-0.750000	-0.875000
343	-0.750000	-0.875000
344	-1.000000	-1.000000
345	-1.000000	-1.000000
346	-1.000000	-1.000000
347	-1.000000	-1.000000
348	-1.000000	-1.000000
349	-0.750000	-0.875000
350	-0.625000	-0.750000
351	-1.000000	-1.000000
352	-1.000000	-1.000000
353	-1.000000	-1.000000
354	-1.000000	-1.000000
355	-1.000000	-1.000000
356	-0.750000	-0.875000
357	-1.000000	-1.000000
358	-1.000000	-1.000000
359	-1.000000	-1.000000
360	-1.000000	-1.000000
361	-0.500000	-0.625000
362	-0.750000	-0.875000
363	-0.625000	-0.750000
364	-1.000000	-1.000000
365	-0.750000	-0.875000
366	-1.000000	-1.000000
367	-0.500000	-0.750000
368	-1.000000	-1.000000
369	-1.000000	1.000000
370	-0.750000	0.875000
371	-1.000000	1.000000
372	-1.000000	1.000000
373	-0.750000	0.875000
374	-0.750000	0.875000
375	-1.000000	1.000000
376	-0.625000	0.750000
377	-1.000000	1.000000
378	-0.750000	0.875000
379	-0.625000	0.750000
380	-0.750000	0.875000
381	-1.000000	1.000000
382	-0.750000	0.875000
383	-0.750000	0.875000
384	-1.000000	1.000000
385	-0.750000	0.875000
386	-0.750000	0.875000
387	-1.000000	1.000000
388	-1.000000	1.000000
389	-0.750000	0.875000
390	-1.000000	1.000000
391	-0.750000	0.875000
392	-1.000000	1.000000
393	-1.000000	1.000000
394	-1.000000	-1.000000
395	-0.625000	-0.750000
396	-0.500000	-0.750000
397	-1.000000	-1.000000
398	-1.000000	-1.000000
399	-0.750000	-0.875000
400	-1.000000	-1.000000
401	-1.000000	-1.000000
402	-1.000000	-1.000000
403	-0.750000	-0.875000
404	-1.000000	-1.000000
405	-1.000000	-1.000000
406	-0.500000	-0.750000
407	-0.750000	-0.875000
408	-0.375000	0.625000
409	-0.500000	0.750000
410	-1.000000	1.000000
411	-1.000000	1.000000
412	-0.750000	0.875000
413	-0.375000	0.375000
414	-1.000000	1.000000
415	-1.000000	1.000000
416	-1.000000	1.000000
417	-0.750000	0.875000
418	-1.000000	1.000000
419	-0.750000	0.875000
420	-0.625000	0.750000
421	-1.000000	1.000000
422	-0.750000	0.875000
423	-1.000000	1.000000
424	-1.000000	1.000000
425	-1.000000	1.000000
426	-1.000000	1.000000
427	-0.750000	0.875000
428	-1.000000	1.000000
429	-1.000000	1.000000
430	-1.000000	1.000000
431	-0.625000	0.750000
432	-0.375000	0.625000
433	-1.000000	1.000000
434	-1.000000	1.000000
435	-1.000000	1.000000
436	-0.750000	0.875000
437	-1.000000	1.000000
438	-0.500000	0.750000
439	-1.000000	1.000000
440	-1.000000	1.000000
441	-1.000000	1.000000
442	-1.000000	1.000000
443	-0.750000	0.875000
444	-1.000000	1.000000
445	-1.000000	1.000000
446	-1.000000	1.000000
447	-0.750000	0.875000
448	-1.000000	1.000000
449	-0.625000	0.750000
450	-0.750000	0.875000
451	-1.000000	1.000000
452	-0.750000	-0.875000
453	-1.000000	-1.000000
454	-0.625000	-0.750000
455	-1.000000	-1.000000
456	-1.000000	-1.000000
457	-1.000000	-1.000000
458	-1.000000	-1.000000
459	-1.000000	-1.000000
460	-1.000000	-1.000000
461	-1.000000	-1.000000
462	-0.375000	-0.375000
463	-1.000000	-1.000000
464	-1.000000	-1.000000
465	-0.750000	-0.875000
466	-1.000000	-1.000000
467	-1.000000	-1.000000
468	-1.000000	-1.000000
469	-1.000000	-1.000000
470	-1.000000	-1.000000
471	-1.000000	-1.000000
472	-1.000000	-1.000000
473	-0.500000	-0.625000
474	-0.750000	-0.875000
475	-1.000000	-1.000000
476	-1.000000	-1.000000
477	-0.625000	-0.750000
478	-0.500000	-0.625000
479	-0.625000	-0.750000
480	-1.000000	-1.000000
481	-1.000000	-1.000000
482	-1.000000	-1.000000
483	-1.000000	-1.000000
484	-0.500000	-0.750000
485	-0.750000	-0.875000
486	-0.750000	-0.875000
487	-0.500000	-0.750000
488	-1.000000	-1.000000
489	-1.000000	-1.000000
490	-1.000000	-1.000000
491	-1.000000	-1.000000
492	-1.000000	-1.000000
493	-1.000000	-1.000000
494	-1.000000	-1.000000
495	-1.000000	-1.000000
496	-1.000000	-1.000000
497	-1.000000	-1.000000
498	-1.000000	-1.000000
499	-0.750000	-0.875000
500	-0.500000	-0.625000
501	-1.000000	-1.000000
502	-1.000000	-1.000000
503	-1.000000	-1.000000
504	-1.000000	-1.000000
505	-1.000000	-1.000000
506	-0.750000	-0.875000
507	-1.000000	-1.000000
508	-0.750000	-0.875000
509	-1.000000	-1.000000
510	-0.750000	-0.875000
511	-1.000000	-1.000000
512	-1.000000	-1.000000
513	-1.000000	-1.000000
514	-1.000000	-1.000000
515	-0.750000	-0.875000
516	-0.750000	-0.875000
517	-1.000000	-1.000000
518	-0.750000	-0.875000
519	-0.500000	-0.750000
520	-0.750000	-0.875000
521	-0.625000	-0.750000
522	-1.000000	1.000000
523	-1.000000	1.000000
524	-1.000000	1.000000
525	-0.750000	0.875000
526	-1.000000	1.000000
527	-0.625000	0.750000
528	-1.000000	1.000000
529	-0.750000	0.875000
530	-1.000000	1.000000
531	-0.375000	0.625000
532	-1.000000	1.000000
533	-0.500000	0.000000
534	-0.750000	0.875000
535	-0.375000	0.375000
536	-0.125000	-0.375000
537	-1.000000	-1.000000
538	-1.000000	-1.000000
539	-1.000000	-1.000000
540	-1.000000	1.000000
541	-1.000000	1.000000
542	-1.000000	1.000000
543	-0.750000	0.875000
544	-0.750000	0.875000
545	-1.000000	1.000000
546	-1.000000	1.000000
547	-1.000000	1.000000
548	-1.000000	1.000000
549	-0.750000	0.875000
550	-0.375000	0.500000
551	-1.000000	1.000000
552	-1.000000	1.000000
553	-1.000000	1.000000
554	-1.000000	1.000000
555	-1.000000	1.000000
556	-0.375000	0.125000
557	-1.000000	1.000000
558	-0.750000	-0.875000
559	-0.750000	-0.875000
560	-0.625000	-0.750000
561	-1.000000	-1.000000
562	-1.000000	-1.000000
563	-1.000000	-1.000000
564	-1.000000	-1.000000
565	-1.000000	-1.000000
566	-1.000000	-1.000000
567	-0.500000	-0.625000
568	-1.000000	-1.000000
569	-1.000000	-1.000000
570	-1.000000	-1.000000
571	-1.000000	-1.000000
572	-0.750000	-0.875000
573	-1.000000	-1.000000
574	-0.750000	-0.875000
575	-1.000000	-1.000000
576	-0.750000	-0.875000
577	-1.000000	-1.000000
578	-1.000000	-1.000000
579	-0.750000	-0.875000
580	-1.000000	-1.000000
581	-0.750000	-0.875000
582	-1.000000	-1.000000
583	-1.000000	-1.000000
584	-1.000000	-1.000000
585	-1.000000	-1.000000
586	-1.000000	-1.000000
587	-0.500000	-0.750000
588	-1.000000	-1.000000
589	-0.750000	-0.875000
590	-1.000000	-1.000000
591	-0.750000	-0.875000
592	-1.000000	-1.000000
593	-0.125000	-0.250000
594	-1.000000	-1.000000
595	-1.000000	-1.000000
596	-1.000000	-1.000000
597	-1.000000	-1.000000
598	-1.000000	-1.000000
599	-1.000000	-1.000000
600	-1.000000	-1.000000
601	-1.000000	-1.000000
602	-0.750000	-0.875000
603	-0.625000	0.750000
604	-1.000000	1.000000
605	-1.000000	1.000000
606	-1.000000	1.000000
607	-1.000000	1.000000
608	-1.000000	-1.000000
609	-0.625000	-0.750000
610	-1.000000	-1.000000
611	-0.750000	-0.875000
612	-1.000000	-1.000000
613	-1.000000	-1.000000
614	-1.000000	-1.000000
615	-0.375000	-0.375000
616	-1.000000	1.000000
617	-0.750000	0.875000
618	-1.000000	1.000000
619	-0.750000	0.875000
620	-0.500000	-0.625000
621	-1.000000	-1.000000
622	-1.000000	-1.000000
623	-1.000000	-1.000000
624	-0.625000	-0.750000
625	-1.000000	-1.000000
626	-1.000000	-1.000000
627	-1.000000	-1.000000
628	-1.000000	-1.000000
629	-0.375000	-0.250000
630	-1.000000	-1.000000
631	-0.500000	-0.750000
632	-0.500000	-0.625000
633	-0.500000	-0.750000
634	-1.000000	-1.000000
635	-0.625000	-0.750000
636	-1.000000	-1.000000
637	-0.625000	-0.750000
638	-1.000000	-1.000000
639	-0.625000	-0.750000
640	-0.500000	-0.750000
641	-1.000000	-1.000000
642	-1.000000	-1.000000
643	-1.000000	-1.000000
644	-1.000000	-1.000000
645	-1.000000	-1.000000
646	-0.750000	-0.875000
647	-0.750000	-0.875000
648	-1.000000	-1.000000
649	-0.500000	-0.625000
650	-1.000000	-1.000000
651	-0.750000	-0.875000
652	-0.750000	-0.875000
653	-1.000000	-1.000000
654	-1.000000	-1.000000
655	-0.750000	-0.875000
656	-1.000000	-1.000000
657	-1.000000	-1.000000
658	-0.375000	-0.625000
659	-1.000000	-1.000000
660	-0.250000	-0.250000
661	-1.000000	1.000000
662	-0.375000	0.500000
663	-1.000000	1.000000
664	-0.625000	0.750000
665	-0.750000	0.875000
666	-0.500000	0.750000
667	-1.000000	1.000000
668	-1.000000	1.000000
669	-1.000000	1.000000
670	-1.000000	1.000000
671	-0.500000	0.625000
672	-1.000000	1.000000
673	-1.000000	1.000000
674	-1.000000	1.000000
675	-1.000000	1.000000
676	-1.000000	1.000000
677	-0.750000	0.875000
678	-1.000000	1.000000
679	-1.000000	1.000000
680	-1.000000	1.000000
681	-0.500000	0.500000
682	-0.750000	0.875000
683	-1.000000	1.000000
684	-0.500000	0.625000
685	-1.000000	1.000000
686	-1.000000	1.000000
687	-0.750000	0.875000
688	-0.375000	-0.250000
689	-1.000000	-1.000000
690	-1.000000	-1.000000
691	-1.000000	-1.000000
692	-1.000000	-1.000000
693	-1.000000	-1.000000
694	-0.750000	-0.875000
695	-1.000000	-1.000000
696	-1.000000	-1.000000
697	-0.750000	-0.875000
698	-0.750000	-0.875000
699	-1.000000	-1.000000
700	-0.750000	-0.875000
701	-0.750000	-0.875000
702	-0.500000	-0.625000
703	-1.000000	-1.000000
704	-1.000000	-1.000000
705	-1.000000	-1.000000
706	-0.750000	-0.875000
707	-0.500000	-0.500000
708	-1.000000	-1.000000
709	-0.750000	-0.875000
710	-1.000000	-1.000000
711	-1.000000	-1.000000
712	-0.625000	-0.750000
713	-1.000000	-1.000000
714	-1.000000	-1.000000
715	-1.000000	-1.000000
716	-1.000000	-1.000000
717	-0.500000	-0.625000
718	-1.000000	-1.000000
719	-1.000000	-1.000000
720	-1.000000	-1.000000
721	-1.000000	-1.000000
722	-1.000000	-1.000000
723	-0.750000	-0.875000
724	-1.000000	-1.000000
725	-1.000000	-1.000000
726	-1.000000	-1.000000
727	-0.375000	-0.500000
728	-1.000000	-1.000000
729	-1.000000	-1.000000
730	-0.375000	-0.375000
731	-0.750000	-0.875000
732	-1.000000	-1.000000
733	-0.750000	-0.875000
734	-1.000000	-1.000000
735	-0.750000	-0.875000
736	-0.500000	0.500000
737	-1.000000	1.000000
738	-1.000000	1.000000
739	-1.000000	1.000000
740	-0.250000	0.375000
741	-1.000000	1.000000
742	-1.000000	1.000000
743	-1.000000	1.000000
744	-0.750000	0.875000
745	-0.750000	0.875000
746	-1.000000	1.000000
747	-1.000000	1.000000
748	-1.000000	1.000000
749	-1.000000	1.000000
750	-0.500000	0.750000
751	-1.000000	1.000000
752	-0.750000	0.875000
753	-1.000000	1.000000
754	-1.000000	1.000000
755	-1.000000	1.000000
756	-0.750000	0.875000
757	-1.000000	1.000000
758	-0.250000	0.250000
759	-0.375000	0.500000
760	-1.000000	-1.000000
761	-1.000000	-1.000000
762	-0.500000	-0.750000
763	-1.000000	-1.000000
764	-1.000000	-1.000000
765	-0.375000	-0.500000
766	-1.000000	-1.000000
767	-0.625000	-0.750000
768	-1.000000	-1.000000
769	-1.000000	-1.000000
770	-0.500000	-0.500000
771	-0.750000	-0.875000
772	-1.000000	-1.000000
773	-0.500000	0.625000
774	-0.750000	0.875000
775	-1.000000	1.000000
776	-0.500000	0.625000
777	-0.375000	-0.625000
778	-0.375000	-0.250000
779	-1.000000	-1.000000
780	-1.000000	-1.000000
781	-1.000000	1.000000
782	-1.000000	1.000000
783	-1.000000	1.000000
784	-0.750000	0.875000
785	-1.000000	1.000000
786	-0.375000	0.625000
787	-1.000000	1.000000
788	-1.000000	1.000000
789	-0.500000	0.750000
790	-1.000000	1.000000
791	-1.000000	1.000000
792	-1.000000	1.000000
793	-0.750000	0.875000
794	-0.750000	0.875000
795	-1.000000	1.000000
796	-1.000000	1.000000
797	-0.500000	0.750000
798	-1.000000	1.000000
799	-0.625000	-0.750000
800	-0.500000	-0.750000
801	-1.000000	-1.000000
802	-1.000000	-1.000000
803	-0.500000	-0.750000
804	-0.750000	-0.875000
805	-0.625000	-0.750000
806	-1.000000	-1.000000
807	-1.000000	-1.000000
808	-0.750000	-0.875000
809	-1.000000	-1.000000
810	-0.500000	-0.625000
811	-1.000000	-1.000000
812	-1.000000	-1.000000
813	-0.625000	-0.750000
814	-1.000000	-1.000000
815	-1.000000	-1.000000
816	-0.750000	-0.875000
817	-0.750000	-0.875000
818	-0.750000	-0.875000
819	-1.000000	-1.000000
820	-1.000000	-1.000000
821	-1.000000	-1.000000
822	-0.750000	-0.875000
823	-0.375000	-0.500000
824	-1.000000	-1.000000
825	-1.000000	-1.000000
826	-1.000000	-1.000000
827	-1.000000	-1.000000
828	-1.000000	-1.000000
829	-1.000000	-1.000000
830	-1.000000	-1.000000
831	-1.000000	-1.000000
832	-1.000000	-1.000000
833	-1.000000	-1.000000
834	-1.000000	-1.000000
835	-1.000000	-1.000000
836	-1.000000	-1.000000
837	-0.500000	-0.750000
838	-1.000000	-1.000000
839	-1.000000	1.000000
840	-0.750000	0.875000
841	-1.000000	1.000000
842	-0.750000	0.875000
843	-1.000000	1.000000
844	-0.750000	0.875000
845	-1.000000	1.000000
846	-1.000000	1.000000
847	-1.000000	1.000000
848	-1.000000	1.000000
849	-0.750000	0.875000
850	-1.000000	1.000000
851	-1.000000	1.000000
852	-1.000000	1.000000
853	-0.750000	0.875000
854	-1.000000	1.000000
855	-1.000000	1.000000
856	-1.000000	1.000000
857	-1.000000	1.000000
858	-1.000000	1.000000
859	-1.000000	1.000000
860	-0.750000	0.875000
861	-0.750000	0.875000
862	-1.000000	1.000000
863	-0.750000	0.875000
864	-1.000000	1.000000
865	-0.375000	0.375000
866	-1.000000	1.000000
867	-1.000000	1.000000
868	-0.750000	0.875000
869	-1.000000	1.000000
870	-0.500000	0.625000
871	-0.625000	0.750000
872	-1.000000	1.000000
873	-1.000000	1.000000
874	-1.000000	1.000000
875	-1.000000	1.000000
876	-1.000000	1.000000
877	-1.000000	1.000000
878	-1.000000	1.000000
879	-0.500000	0.500000
880	-1.000000	1.000000
881	-0.750000	0.875000
882	-0.750000	0.875000
883	-1.000000	1.000000
884	-0.750000	0.875000
885	-1.000000	1.000000
886	-0.500000	0.750000
887	-1.000000	1.000000
888	-0.625000	0.750000
889	-1.000000	1.000000
890	-0.750000	0.875000
891	-1.000000	1.000000
892	-1.000000	1.000000
893	-0.750000	0.875000
894	-1.000000	1.000000
895	-1.000000	1.000000
896	-0.750000	0.875000
897	-1.000000	1.000000
898	-0.750000	0.875000
899	-1.000000	1.000000
900	-1.000000	1.000000
901	-1.000000	1.000000
902	-0.750000	0.875000
903	-1.000000	1.000000
904	-0.750000	0.875000
905	-0.750000	0.875000
906	-0.375000	0.375000
907	-1.000000	1.000000
908	-1.000000	1.000000
909	-0.750000	0.875000
910	-1.000000	1.000000
911	-1.000000	1.000000
912	-0.500000	0.750000
913	-1.000000	1.000000
914	-0.500000	0.500000
915	-0.250000	0.250000
916	-1.000000	1.000000
917	-1.000000	1.000000
918	-0.750000	0.875000
919	-1.000000	1.000000
920	-1.000000	1.000000
921	-1.000000	1.000000
922	-0.750000	0.875000
923	-0.750000	0.875000
924	-0.750000	0.875000
925	-0.750000	0.875000
926	-0.625000	-0.750000
927	-1.000000	-1.000000
928	-0.750000	-0.875000
929	-1.000000	-1.000000
930	-1.000000	-1.000000
931	-1.000000	-1.000000
932	-0.250000	-0.375000
933	-1.000000	1.000000
934	-1.000000	1.000000
935	-1.000000	1.000000
936	-0.750000	0.875000
937	-1.000000	-1.000000
938	-0.375000	-0.375000
939	-0.750000	-0.875000
940	-1.000000	-1.000000
941	-0.750000	-0.875000
942	-1.000000	-1.000000
943	-0.500000	-0.625000
944	-0.500000	-0.750000
945	-1.000000	-1.000000
946	-0.500000	-0.625000
947	-1.000000	1.000000
948	-1.000000	1.000000
949	-1.000000	1.000000
950	-1.000000	1.000000
951	-1.000000	1.000000
952	-0.375000	0.250000
953	-1.000000	1.000000
954	-0.250000	0.250000
955	-1.000000	1.000000
956	-1.000000	1.000000
957	-0.375000	0.625000
958	-1.000000	1.000000
959	-0.750000	0.875000
960	-1.000000	1.000000
961	-1.000000	1.000000
962	-0.500000	0.750000
963	-1.000000	1.000000
964	-0.750000	0.875000
965	-1.000000	1.000000
966	-0.750000	0.875000
967	-0.750000	0.875000
968	-1.000000	1.000000
969	-1.000000	1.000000
970	-1.000000	1.000000
971	-0.375000	0.625000
972	-0.750000	0.875000
973	-1.000000	1.000000
974	-1.000000	1.000000
975	-1.000000	1.000000
976	-0.625000	0.750000
977	-1.000000	1.000000
978	-1.000000	1.000000
979	-1.000000	1.000000
980	-1.000000	1.000000
981	-1.000000	1.000000
982	-1.000000	1.000000
983	-1.000000	1.000000
984	-1.000000	1.000000
985	-1.000000	1.000000
986	-0.750000	0.875000
987	-1.000000	1.000000
988	-1.000000	1.000000
989	-1.000000	1.000000
990	-0.625000	0.750000
991	-0.750000	0.875000
992	-0.750000	0.875000
993	-0.500000	0.625000
994	-1.000000	1.000000
995	-1.000000	1.000000
996	-1.000000	1.000000
997	-0.375000	0.250000
998	-0.750000	0.875000
999	-1.000000	1.000000
