0	-0.250000	-0.250000
1	-0.250000	-0.250000
2	-0.375000	-0.375000
3	0.000000	0.125000
4	-0.250000	-0.125000
5	0.000000	-0.375000
6	-0.500000	-0.500000
7	-0.375000	0.375000
8	-0.250000	-0.125000
9	-0.250000	0.375000
10	-0.250000	-0.125000
11	-0.125000	0.000000
12	0.000000	-0.250000
13	-0.125000	-0.125000
14	0.000000	-0.375000
15	0.250000	-0.125000
16	-0.125000	0.250000
17	-0.375000	-0.375000
18	-0.375000	0.500000
19	0.000000	0.125000
20	0.125000	-0.125000
21	-0.375000	-0.375000
22	-1.000000	1.000000
23	-0.375000	-0.500000
24	-0.625000	0.750000
25	0.125000	-0.125000
26	-0.375000	0.625000
27	0.125000	-0.250000
28	-0.250000	0.375000
29	-0.125000	0.250000
30	-0.750000	-0.875000
31	-0.250000	-0.375000
32	-0.375000	0.375000
33	-0.625000	-0.750000
34	-0.250000	0.375000
35	-0.500000	0.750000
36	-0.500000	-0.625000
37	-0.375000	0.625000
38	-0.250000	0.000000
39	-0.625000	-0.750000
40	0.000000	0.000000
41	-0.250000	0.000000
42	-0.500000	-0.500000
43	-0.250000	-0.125000
44	-0.250000	-0.125000
45	-0.625000	0.750000
46	-0.375000	-0.125000
47	-0.250000	0.125000
48	0.000000	-0.250000
49	-0.125000	0.375000
50	-0.625000	0.750000
51	-0.375000	-0.250000
52	-0.125000	0.375000
53	-0.500000	0.625000
54	-0.250000	-0.375000
55	-0.500000	0.750000
56	-0.375000	0.375000
57	-0.250000	-0.375000
58	-0.250000	0.125000
59	-0.250000	-0.500000
60	-0.500000	0.750000
61	-0.250000	0.250000
62	-0.625000	0.750000
63	0.125000	-0.125000
64	-0.125000	0.000000
65	-0.500000	-0.750000
66	-0.125000	0.125000
67	-0.250000	0.500000
68	-0.500000	0.500000
69	0.000000	0.375000
70	-1.000000	-1.000000
71	-0.500000	0.625000
72	-0.500000	-0.625000
73	0.125000	0.250000
74	-0.125000	0.375000
75	-0.125000	0.125000
76	-0.375000	-0.125000
77	0.125000	-0.125000
78	-0.500000	-0.625000
79	-0.750000	-0.875000
80	0.000000	0.250000
81	0.000000	0.000000
82	-0.375000	-0.500000
83	-0.375000	-0.500000
84	-0.375000	0.625000
85	-0.375000	-0.375000
86	0.000000	-0.250000
87	-0.375000	-0.500000
88	-0.375000	0.625000
89	-0.250000	-0.625000
90	-0.125000	0.250000
91	-0.375000	-0.625000
92	-0.250000	-0.125000
93	-0.500000	0.625000
94	-0.250000	-0.375000
95	-0.125000	-0.125000
96	-0.375000	-0.625000
97	-0.750000	0.875000
98	-0.500000	0.750000
99	-0.125000	-0.125000
100	-0.625000	0.750000
101	-0.375000	0.375000
102	0.000000	0.375000
103	-0.250000	-0.125000
104	-0.500000	-0.625000
105	-0.125000	0.250000
106	-0.250000	0.500000
107	-0.500000	-0.750000
108	-0.250000	0.000000
109	-0.250000	-0.375000
110	-0.375000	-0.500000
111	-0.750000	-0.875000
112	-0.125000	0.125000
113	-0.250000	0.250000
114	-0.250000	0.500000
115	-0.125000	0.125000
116	0.000000	0.000000
117	-0.750000	-0.875000
118	0.000000	-0.125000
119	-0.250000	-0.250000
120	-0.375000	-0.250000
121	-0.125000	0.250000
122	-0.250000	0.125000
123	-1.000000	1.000000
124	-0.750000	0.875000
125	0.250000	-0.125000
126	-0.500000	-0.750000
127	-0.750000	-0.875000
128	-0.375000	0.375000
129	0.000000	0.125000
130	0.000000	0.125000
131	-0.625000	0.750000
132	0.000000	-0.250000
133	-0.250000	-0.250000
134	0.000000	0.000000
135	-0.375000	-0.500000
136	-0.500000	0.625000
137	-0.500000	-0.750000
138	-0.625000	-0.750000
139	-0.625000	-0.750000
140	-0.250000	0.000000
141	-0.625000	0.750000
142	-0.625000	0.750000
143	-0.250000	-0.125000
144	-0.375000	0.375000
145	-0.375000	0.500000
146	-0.250000	0.500000
147	-0.750000	0.875000
148	0.125000	-0.250000
149	-0.125000	-0.250000
150	-0.125000	-0.125000
151	0.000000	0.125000
152	-0.125000	-0.125000
153	-0.250000	0.500000
154	-0.500000	0.750000
155	-0.750000	-0.875000
156	-0.750000	0.875000
157	-0.250000	0.125000
158	-0.500000	-0.750000
159	-0.125000	-0.250000
160	-0.250000	-0.375000
161	0.000000	0.375000
162	-0.375000	0.500000
163	-0.250000	-0.625000
164	-0.250000	0.250000
165	-1.000000	-1.000000
166	-0.375000	-0.625000
167	-0.375000	0.500000
168	-0.375000	0.500000
169	-0.375000	-0.625000
170	-0.125000	-0.125000
171	-0.375000	0.125000
172	-0.500000	0.500000
173	-0.250000	-0.250000
174	-0.375000	-0.500000
175	-0.500000	-0.500000
176	-0.125000	-0.375000
177	-1.000000	1.000000
178	-0.375000	0.500000
179	-0.500000	-0.625000
180	-0.250000	0.000000
181	-0.250000	0.125000
182	-0.500000	0.625000
183	-0.500000	-0.625000
184	0.000000	0.375000
185	0.000000	-0.250000
186	-0.125000	0.250000
187	-0.500000	-0.625000
188	-0.250000	0.125000
189	-0.375000	0.500000
190	-0.250000	0.250000
191	-0.750000	0.875000
192	-0.500000	0.500000
193	0.000000	0.375000
194	-0.125000	0.000000
195	-0.500000	-0.625000
196	-0.250000	0.125000
197	-0.375000	0.500000
198	-0.750000	0.875000
199	-0.750000	-0.875000
200	-0.500000	0.750000
201	-0.125000	-0.250000
202	0.250000	0.125000
203	-0.625000	0.750000
204	-0.125000	-0.500000
205	-0.250000	-0.250000
206	0.000000	0.250000
207	-0.375000	0.375000
208	-0.125000	-0.375000
209	-0.625000	-0.750000
210	-0.500000	-0.625000
211	-0.375000	0.500000
212	-0.375000	-0.625000
213	-0.125000	0.375000
214	-0.750000	0.875000
215	-0.250000	-0.250000
216	0.000000	0.125000
217	-1.000000	1.000000
218	-0.125000	-0.250000
219	-0.250000	0.125000
220	-0.125000	0.000000
221	-0.500000	-0.750000
222	0.000000	-0.125000
223	-0.375000	-0.250000
224	-0.125000	0.250000
225	-0.125000	0.500000
226	-0.125000	-0.125000
227	-0.750000	-0.875000
228	-0.250000	0.250000
229	-0.750000	0.875000
230	-0.125000	-0.125000
231	-0.125000	0.375000
232	-0.250000	-0.500000
233	-1.000000	1.000000
234	0.000000	0.000000
235	-0.750000	-0.875000
236	-0.500000	-0.500000
237	-0.250000	0.500000
238	-0.375000	0.625000
239	-0.250000	0.000000
240	-0.375000	0.625000
241	-0.125000	0.000000
242	-0.125000	0.250000
243	-0.250000	0.625000
244	-0.250000	0.500000
245	-0.750000	0.875000
246	-0.375000	-0.625000
247	-0.375000	-0.375000
248	-0.500000	-0.625000
249	-0.250000	-0.250000
250	-0.375000	0.250000
251	-0.750000	-0.875000
252	-0.125000	0.000000
253	-0.250000	0.500000
254	-1.000000	1.000000
255	-0.750000	-0.875000
256	-0.375000	0.625000
257	-0.250000	0.125000
258	-0.250000	-0.250000
259	-0.125000	-0.250000
260	-0.250000	-0.625000
261	-0.125000	-0.125000
262	0.000000	0.250000
263	-0.500000	-0.625000
264	-0.250000	0.250000
265	-0.375000	-0.625000
266	-1.000000	-1.000000
267	-0.625000	-0.750000
268	-0.125000	0.250000
269	-0.375000	-0.375000
270	-0.250000	-0.500000
271	-0.375000	-0.625000
272	-0.500000	0.625000
273	-0.375000	0.500000
274	-0.125000	0.125000
275	-0.500000	-0.750000
276	-0.750000	0.875000
277	-0.750000	0.875000
278	-0.750000	-0.875000
279	-0.125000	0.250000
280	-1.000000	-1.000000
281	-0.375000	-0.625000
282	-0.250000	0.375000
283	-0.250000	-0.500000
284	-0.750000	0.875000
285	-0.500000	0.625000
286	-0.250000	-0.125000
287	-0.125000	0.125000
288	-0.125000	0.250000
289	-0.250000	-0.375000
290	-0.250000	0.000000
291	-0.625000	0.750000
292	-0.625000	-0.750000
293	-1.000000	1.000000
294	-0.375000	-0.625000
295	-0.250000	0.125000
296	-0.750000	-0.875000
297	-0.125000	-0.375000
298	-0.125000	-0.125000
299	-0.125000	0.375000
300	-0.625000	-0.750000
301	-0.375000	-0.625000
302	-0.375000	-0.375000
303	0.250000	0.125000
304	-0.250000	0.000000
305	0.000000	-0.375000
306	-0.250000	0.375000
307	-0.125000	-0.250000
308	-0.125000	0.500000
309	-0.750000	-0.875000
310	-0.250000	0.250000
311	-0.250000	0.000000
312	-0.750000	-0.875000
313	-0.500000	-0.500000
314	-0.375000	-0.125000
315	-1.000000	-1.000000
316	-0.500000	0.625000
317	-0.750000	0.875000
318	-0.125000	0.000000
319	-0.750000	0.875000
320	-0.250000	-0.250000
321	0.000000	-0.250000
322	-1.000000	1.000000
323	-0.750000	0.875000
324	-0.375000	0.500000
325	-0.250000	0.500000
326	-0.125000	0.250000
327	-0.375000	0.250000
328	-0.125000	0.375000
329	-0.375000	0.625000
330	-0.250000	0.375000
331	-0.750000	-0.875000
332	0.000000	0.250000
333	-0.250000	0.375000
334	-0.125000	-0.125000
335	-0.375000	-0.500000
336	-0.375000	-0.625000
337	-0.250000	0.125000
338	-0.375000	0.625000
339	-0.375000	-0.250000
340	-0.250000	-0.375000
341	-1.000000	1.000000
342	-0.125000	0.125000
343	-0.250000	0.000000
344	-0.250000	-0.125000
345	-0.250000	0.125000
346	-0.500000	0.625000
347	-0.500000	-0.750000
348	-0.125000	0.250000
349	-0.125000	0.125000
350	-1.000000	-1.000000
351	-0.250000	0.625000
352	-0.500000	0.750000
353	-0.125000	0.375000
354	-0.375000	-0.625000
355	-0.125000	-0.125000
356	-0.250000	-0.375000
357	-0.500000	0.750000
358	-0.750000	-0.875000
359	-0.500000	-0.625000
360	-0.125000	-0.125000
361	-0.125000	0.125000
362	-0.375000	0.375000
363	-0.500000	-0.750000
364	-0.375000	0.500000
365	-0.375000	-0.375000
366	-0.500000	-0.750000
367	-0.625000	0.750000
368	-0.750000	-0.875000
369	0.000000	-0.375000
370	-1.000000	1.000000
371	-0.250000	-0.250000
372	-0.500000	0.625000
373	-0.750000	0.875000
374	0.125000	0.000000
375	-0.125000	0.125000
376	-0.375000	-0.625000
377	-0.250000	0.000000
378	0.000000	-0.250000
379	-0.250000	0.000000
380	-0.125000	0.375000
381	-0.375000	-0.375000
382	-0.125000	0.250000
383	-0.250000	0.375000
384	-0.250000	-0.125000
385	-0.125000	0.250000
386	0.000000	0.250000
387	0.000000	0.250000
388	-0.250000	0.500000
389	-0.375000	-0.250000
390	-0.250000	-0.500000
391	-0.375000	-0.625000
392	0.125000	-0.250000
393	0.000000	-0.125000
394	-1.000000	-1.000000
395	-0.250000	0.125000
396	-0.125000	0.375000
397	-0.250000	-0.500000
398	-0.250000	0.250000
399	-0.125000	-0.125000
400	-0.250000	0.000000
401	-0.625000	-0.750000
402	0.125000	0.125000
403	-0.250000	-0.250000
404	-0.750000	0.875000
405	-0.250000	-0.250000
406	-0.125000	-0.250000
407	-0.125000	-0.125000
408	-0.500000	-0.625000
409	-0.625000	-0.750000
410	-0.250000	-0.250000
411	-0.750000	-0.875000
412	-1.000000	-1.000000
413	-0.500000	0.750000
414	-0.125000	-0.375000
415	-0.375000	0.375000
416	0.000000	0.125000
417	-0.125000	-0.125000
418	-0.500000	0.625000
419	-0.375000	-0.625000
420	-0.375000	-0.125000
421	-0.375000	-0.500000
422	-0.375000	-0.500000
423	-0.750000	-0.875000
424	-0.750000	-0.875000
425	0.000000	-0.250000
426	-0.250000	0.625000
427	-0.250000	-0.250000
428	-0.500000	0.625000
429	-0.250000	0.125000
430	-0.375000	-0.625000
431	-0.125000	0.125000
432	-0.250000	0.000000
433	-0.375000	-0.375000
434	-0.375000	0.250000
435	-0.375000	-0.375000
436	-0.500000	-0.750000
437	-0.375000	-0.625000
438	-0.250000	-0.500000
439	-0.375000	0.625000
440	-0.500000	-0.500000
441	-0.125000	0.250000
442	-0.625000	0.750000
443	-0.750000	-0.875000
444	0.000000	0.000000
445	-0.250000	-0.375000
446	-0.250000	0.500000
447	-0.125000	-0.250000
448	-0.125000	-0.125000
449	-0.500000	0.750000
450	-0.500000	0.625000
451	-0.250000	0.000000
452	-0.250000	0.375000
453	-0.500000	-0.625000
454	-0.500000	0.750000
455	-0.500000	0.500000
456	-0.125000	-0.375000
457	-0.375000	-0.250000
458	-0.500000	0.625000
459	0.000000	0.000000
460	0.000000	0.000000
461	-0.250000	0.000000
462	-0.125000	-0.125000
463	-0.375000	0.500000
464	-0.250000	0.125000
465	-0.125000	-0.375000
466	-0.125000	-0.375000
467	-0.500000	0.750000
468	-0.500000	-0.750000
469	-0.375000	-0.125000
470	-0.375000	0.625000
471	-0.375000	-0.375000
472	-0.250000	0.500000
473	0.000000	-0.250000
474	-0.125000	0.375000
475	-0.500000	0.750000
476	-0.250000	-0.500000
477	-0.500000	-0.750000
478	-0.250000	0.000000
479	-0.375000	0.500000
480	-0.375000	-0.250000
481	-0.750000	0.875000
482	-1.000000	1.000000
483	0.000000	0.375000
484	-0.250000	0.375000
485	-0.375000	-0.625000
486	-0.750000	0.875000
487	-0.250000	0.500000
488	-0.500000	0.625000
489	-0.250000	-0.125000
490	-0.500000	0.750000
491	-0.750000	-0.875000
492	0.000000	0.375000
493	-0.125000	-0.250000
494	-0.750000	-0.875000
495	-0.750000	-0.875000
496	-0.750000	-0.875000
497	-0.125000	-0.375000
498	-0.750000	0.875000
499	-0.125000	0.375000
500	-0.125000	-0.125000
501	-0.375000	0.500000
502	-1.000000	-1.000000
503	-0.500000	0.625000
504	-0.500000	-0.500000
505	-0.375000	-0.375000
506	-0.250000	0.000000
507	-0.500000	-0.625000
508	-0.375000	0.625000
509	-0.125000	0.000000
510	-0.250000	-0.375000
511	-0.250000	0.125000
512	-0.500000	-0.500000
513	-0.750000	-0.875000
514	-0.250000	-0.250000
515	0.000000	0.125000
516	0.000000	-0.125000
517	-0.500000	0.625000
518	-0.250000	-0.125000
519	-0.125000	-0.250000
520	0.000000	-0.375000
521	-0.125000	-0.375000
522	-0.500000	-0.625000
523	-0.125000	-0.250000
524	-0.250000	-0.375000
525	0.000000	0.000000
526	-0.375000	-0.625000
527	-0.125000	-0.375000
528	-0.750000	-0.875000
529	-0.500000	-0.625000
530	-0.125000	-0.375000
531	-0.250000	0.000000
532	-0.500000	-0.750000
533	-0.500000	0.750000
534	-0.750000	-0.875000
535	0.000000	0.250000
536	-0.125000	-0.125000
537	-0.125000	-0.500000
538	-0.250000	-0.625000
539	-0.125000	-0.125000
540	-0.375000	-0.500000
541	-0.250000	-0.250000
542	-0.750000	-0.875000
543	-0.375000	0.500000
544	-0.750000	-0.875000
545	-0.375000	-0.125000
546	-0.250000	0.000000
547	-0.125000	0.500000
548	-0.125000	-0.375000
549	-0.750000	0.875000
550	-0.625000	-0.750000
551	-0.375000	0.625000
552	-0.250000	-0.375000
553	-0.250000	0.500000
554	-0.375000	0.625000
555	-0.250000	0.500000
556	0.000000	-0.375000
557	-0.500000	0.625000
558	-0.750000	-0.875000
559	-0.625000	-0.750000
560	-0.750000	0.875000
561	0.125000	0.000000
562	0.000000	-0.250000
563	-0.500000	-0.625000
564	-0.625000	0.750000
565	-0.625000	0.750000
566	-0.625000	0.750000
567	-0.500000	-0.625000
568	-0.250000	0.500000
569	-0.500000	0.750000
570	0.125000	-0.375000
571	-1.000000	1.000000
572	-0.625000	-0.750000
573	-0.375000	0.625000
574	-0.250000	-0.125000
575	-0.125000	0.125000
576	-0.750000	0.875000
577	-0.250000	0.500000
578	-0.625000	0.750000
579	-0.625000	-0.750000
580	-0.250000	-0.625000
581	-0.125000	0.125000
582	-0.250000	-0.250000
583	-0.250000	-0.250000
584	-0.250000	-0.375000
585	0.000000	-0.250000
586	-0.125000	0.125000
587	-0.250000	0.250000
588	-0.250000	0.250000
589	-0.750000	-0.875000
590	-0.125000	-0.250000
591	-0.500000	0.750000
592	-0.375000	0.375000
593	-0.375000	-0.500000
594	-0.125000	-0.375000
595	-0.125000	0.000000
596	-0.250000	-0.375000
597	-0.750000	-0.875000
598	-0.375000	-0.625000
599	-0.625000	-0.750000
600	-0.250000	-0.125000
601	-0.250000	-0.125000
602	-0.750000	0.875000
603	-0.250000	-0.125000
604	-1.000000	-1.000000
605	-0.375000	-0.375000
606	-0.250000	-0.250000
607	-0.250000	0.500000
608	-0.250000	0.125000
609	-0.625000	-0.750000
610	-0.625000	0.750000
611	-0.375000	0.375000
612	0.000000	0.250000
613	-0.375000	-0.250000
614	-0.125000	-0.125000
615	-0.375000	0.500000
616	-0.500000	0.625000
617	-0.375000	0.500000
618	-1.000000	-1.000000
619	-0.250000	0.125000
620	-0.375000	0.250000
621	0.000000	-0.125000
622	-0.250000	-0.125000
623	-0.250000	0.250000
624	-0.625000	0.750000
625	-0.625000	-0.750000
626	-0.250000	-0.500000
627	-0.250000	0.250000
628	-0.125000	-0.125000
629	-0.250000	0.500000
630	0.000000	-0.250000
631	-0.750000	0.875000
632	-0.750000	-0.875000
633	-0.375000	0.250000
634	-0.250000	0.500000
635	0.125000	0.250000
636	-0.250000	0.125000
637	-0.250000	-0.625000
638	0.000000	0.125000
639	0.250000	0.250000
640	-0.250000	-0.625000
641	-0.125000	0.000000
642	-0.500000	0.500000
643	-0.375000	-0.375000
644	0.125000	0.000000
645	0.000000	0.000000
646	-0.125000	-0.125000
647	-0.500000	-0.750000
648	-0.250000	-0.250000
649	-0.500000	-0.750000
650	-0.125000	0.000000
651	-0.125000	0.000000
652	-0.125000	-0.375000
653	-1.000000	-1.000000
654	-0.375000	-0.500000
655	-0.250000	0.500000
656	-0.500000	0.750000
657	-0.125000	0.125000
658	-0.250000	-0.500000
659	-0.250000	0.500000
660	0.000000	0.125000
661	-0.250000	0.000000
662	-0.250000	0.000000
663	0.000000	-0.125000
664	-0.250000	-0.250000
665	-0.125000	0.125000
666	-0.250000	0.250000
667	-0.500000	-0.625000
668	-0.625000	0.750000
669	-0.375000	-0.500000
670	-0.500000	-0.625000
671	-0.750000	0.875000
672	-0.250000	0.000000
673	-0.500000	-0.750000
674	-0.500000	-0.500000
675	-0.625000	-0.750000
676	-0.750000	0.875000
677	0.000000	-0.125000
678	-0.250000	0.250000
679	-0.750000	-0.875000
680	-0.250000	0.000000
681	-0.250000	-0.500000
682	-0.250000	-0.250000
683	-0.250000	-0.500000
684	-0.500000	-0.625000
685	-0.375000	-0.625000
686	-0.750000	-0.875000
687	-0.375000	0.375000
688	-0.500000	0.625000
689	-0.750000	0.875000
690	-0.125000	-0.375000
691	-0.375000	0.625000
692	-0.500000	-0.625000
693	-0.250000	-0.250000
694	-0.125000	0.250000
695	-0.500000	-0.500000
696	-0.250000	0.500000
697	-0.250000	0.500000
698	-0.250000	0.000000
699	-0.500000	0.750000
700	-1.000000	1.000000
701	-0.375000	0.500000
702	-0.125000	-0.375000
703	-0.250000	0.375000
704	-0.250000	0.500000
705	0.000000	0.250000
706	0.000000	0.375000
707	-0.500000	0.500000
708	-0.625000	0.750000
709	-1.000000	-1.000000
710	-0.250000	0.000000
711	-1.000000	-1.000000
712	-0.625000	-0.750000
713	-0.125000	0.250000
714	0.000000	-0.125000
715	-0.125000	-0.375000
716	-0.125000	-0.500000
717	-0.625000	-0.750000
718	-0.125000	-0.250000
719	-0.125000	-0.125000
720	-0.375000	0.125000
721	-0.250000	0.125000
722	-0.375000	0.500000
723	-0.375000	0.250000
724	-0.625000	0.750000
725	-0.500000	-0.625000
726	-0.500000	0.625000
727	-0.500000	0.750000
728	-0.375000	-0.625000
729	-0.500000	0.625000
730	-0.125000	-0.250000
731	-0.125000	0.125000
732	-0.125000	-0.375000
733	-0.250000	0.000000
734	-0.500000	-0.625000
735	-0.375000	-0.375000
736	-0.500000	0.750000
737	-0.250000	0.125000
738	-0.500000	0.625000
739	-0.250000	0.125000
740	-0.750000	0.875000
741	-0.375000	0.625000
742	0.000000	0.125000
743	-0.500000	-0.750000
744	-0.625000	0.750000
745	-0.250000	0.625000
746	-0.375000	0.500000
747	-0.125000	0.250000
748	-0.250000	-0.125000
749	-0.375000	-0.500000
750	0.000000	-0.375000
751	-0.250000	-0.125000
752	-0.125000	-0.250000
753	-0.375000	-0.500000
754	-0.625000	0.750000
755	-0.125000	-0.375000
756	-0.500000	0.625000
757	-0.750000	0.875000
758	-0.125000	0.000000
759	-0.500000	0.625000
760	-0.500000	0.625000
761	-0.500000	0.750000
762	-0.250000	0.000000
763	-0.375000	0.375000
764	-0.500000	0.625000
765	-0.375000	0.500000
766	-0.750000	-0.875000
767	0.000000	-0.375000
768	-0.125000	-0.375000
769	-0.375000	-0.375000
770	-0.250000	0.000000
771	-0.375000	0.250000
772	-0.250000	-0.500000
773	-0.500000	-0.625000
774	-0.125000	0.500000
775	-0.375000	0.500000
776	-0.750000	0.875000
777	-0.125000	-0.500000
778	-0.125000	0.250000
779	-0.250000	0.625000
780	-0.125000	0.375000
781	0.000000	0.125000
782	-0.125000	-0.375000
783	-0.375000	0.375000
784	-0.250000	0.375000
785	0.000000	-0.375000
786	-0.125000	0.125000
787	-0.375000	-0.500000
788	-0.750000	0.875000
789	-0.125000	0.000000
790	-0.500000	0.750000
791	-0.375000	-0.250000
792	-0.250000	0.000000
793	0.000000	-0.125000
794	0.000000	0.000000
795	-0.375000	0.375000
796	-0.250000	-0.125000
797	-0.250000	0.500000
798	0.000000	-0.125000
799	-0.500000	-0.750000
800	-0.375000	0.625000
801	-0.500000	-0.625000
802	-0.500000	-0.625000
803	-0.750000	-0.875000
804	-0.125000	-0.250000
805	-0.125000	-0.250000
806	-0.750000	-0.875000
807	-0.375000	0.500000
808	-0.250000	0.000000
809	-0.750000	0.875000
810	-0.125000	-0.500000
811	-0.250000	0.500000
812	0.000000	-0.125000
813	-0.250000	0.250000
814	-0.375000	-0.500000
815	-0.625000	-0.750000
816	-0.375000	-0.375000
817	-0.250000	0.125000
818	-0.375000	-0.500000
819	-0.250000	-0.625000
820	-0.250000	-0.250000
821	-0.125000	-0.125000
822	-0.375000	0.375000
823	-0.750000	0.875000
824	-1.000000	-1.000000
825	-0.250000	0.000000
826	0.000000	0.000000
827	-0.250000	0.625000
828	-0.250000	-0.625000
829	-0.125000	0.250000
830	-0.500000	-0.750000
831	0.000000	0.125000
832	-0.250000	-0.375000
833	-0.250000	-0.500000
834	-0.500000	0.750000
835	-0.375000	0.625000
836	-0.375000	0.500000
837	0.125000	-0.250000
838	-0.750000	-0.875000
839	-0.250000	0.375000
840	-0.500000	0.625000
841	-0.375000	-0.375000
842	-0.125000	-0.500000
843	-0.250000	-0.375000
844	0.125000	0.000000
845	-0.250000	0.000000
846	-0.625000	-0.750000
847	-0.125000	-0.125000
848	-0.375000	0.500000
849	-0.125000	-0.125000
850	-0.250000	0.625000
851	-0.750000	0.875000
852	-0.500000	0.750000
853	-0.375000	0.250000
854	-0.250000	0.375000
855	-0.375000	0.500000
856	-0.250000	-0.250000
857	-0.125000	-0.125000
858	-0.250000	-0.125000
859	-0.250000	-0.125000
860	-0.750000	0.875000
861	0.000000	-0.250000
862	0.000000	-0.250000
863	-0.375000	0.375000
864	-0.125000	0.125000
865	-0.500000	0.625000
866	-0.250000	0.125000
867	-0.125000	0.250000
868	-0.750000	0.875000
869	-0.250000	0.375000
870	-0.250000	0.000000
871	-0.125000	0.125000
872	0.125000	0.125000
873	-0.625000	-0.750000
874	0.000000	-0.125000
875	-0.250000	0.500000
876	-0.375000	0.500000
877	-0.250000	-0.125000
878	-0.625000	0.750000
879	-0.625000	0.750000
880	-0.500000	0.750000
881	0.000000	-0.125000
882	-0.250000	-0.250000
883	-0.500000	0.750000
884	-1.000000	-1.000000
885	-0.250000	-0.250000
886	-0.125000	0.250000
887	-0.250000	-0.250000
888	-0.375000	-0.375000
889	-0.250000	0.125000
890	-0.250000	0.500000
891	0.000000	0.250000
892	-0.375000	-0.625000
893	-0.250000	-0.250000
894	-0.125000	-0.250000
895	-0.125000	0.125000
896	-0.125000	0.000000
897	0.125000	-0.125000
898	-0.250000	0.375000
899	-0.250000	0.000000
900	0.000000	0.125000
901	-0.375000	-0.500000
902	-0.375000	0.125000
903	-0.375000	0.250000
904	0.000000	0.375000
905	-0.500000	-0.625000
906	-0.250000	0.000000
907	-0.375000	0.250000
908	-0.125000	0.250000
909	-0.125000	0.125000
910	-0.625000	0.750000
911	-0.625000	-0.750000
912	-0.750000	0.875000
913	0.000000	0.000000
914	-0.500000	-0.750000
915	-0.375000	-0.500000
916	-0.375000	-0.500000
917	-0.125000	0.250000
918	-0.250000	0.375000
919	-0.375000	-0.375000
920	-0.500000	0.750000
921	0.125000	-0.125000
922	-0.375000	0.500000
923	-0.500000	0.750000
924	-0.375000	0.375000
925	-0.125000	0.375000
926	-0.625000	-0.750000
927	-0.250000	0.000000
928	-0.250000	-0.500000
929	0.000000	-0.250000
930	-0.750000	0.875000
931	-0.250000	0.250000
932	-0.250000	0.125000
933	-0.250000	0.125000
934	0.000000	0.125000
935	-0.125000	-0.250000
936	-0.125000	0.375000
937	0.000000	0.125000
938	-0.125000	-0.500000
939	-0.250000	0.000000
940	-0.375000	-0.500000
941	-0.750000	0.875000
942	-0.375000	-0.375000
943	-0.375000	0.375000
944	-0.750000	-0.875000
945	-0.375000	0.625000
946	-0.500000	-0.625000
947	-0.375000	-0.125000
948	-0.500000	-0.500000
949	-0.375000	-0.375000
950	-0.125000	0.250000
951	-0.750000	-0.875000
952	-0.125000	0.000000
953	-0.375000	-0.375000
954	-0.375000	0.250000
955	-0.250000	-0.250000
956	-0.375000	-0.125000
957	-0.250000	-0.375000
958	-0.250000	-0.125000
959	-0.250000	-0.375000
960	-0.750000	0.875000
961	-0.250000	0.250000
962	-0.250000	0.125000
963	-0.125000	-0.375000
964	-0.500000	0.625000
965	0.000000	-0.125000
966	-1.000000	1.000000
967	0.000000	-0.250000
968	-0.375000	0.500000
969	0.000000	0.125000
970	-0.375000	0.500000
971	-0.250000	-0.375000
972	-0.500000	0.625000
973	0.000000	0.500000
974	-0.250000	-0.125000
975	-0.250000	0.500000
976	-0.500000	0.625000
977	0.000000	-0.375000
978	-0.125000	0.125000
979	-0.125000	0.375000
980	-0.250000	-0.500000
981	-0.500000	-0.625000
982	0.000000	-0.250000
983	-0.375000	0.500000
984	-0.625000	0.750000
985	-0.500000	-0.750000
986	-0.125000	0.375000
987	-0.125000	0.000000
988	-0.375000	-0.125000
989	-0.500000	0.750000
990	-0.625000	-0.750000
991	-0.375000	0.625000
992	-0.500000	0.750000
993	0.000000	0.250000
994	-0.500000	-0.625000
995	-0.125000	-0.125000
996	-0.750000	-0.875000
997	-0.250000	0.625000
998	-0.500000	0.500000
999	-0.375000	-0.500000
