0	-0.125000	0.375000
1	0.250000	-0.250000
2	0.125000	-0.125000
3	0.000000	0.125000
4	-0.375000	0.500000
5	-0.125000	0.000000
6	-0.250000	0.625000
7	-0.125000	0.000000
8	-0.125000	-0.250000
9	-0.125000	-0.375000
10	0.000000	0.250000
11	0.250000	0.000000
12	0.000000	0.375000
13	0.125000	-0.125000
14	0.125000	0.250000
15	-0.250000	-0.250000
16	-0.125000	0.500000
17	0.000000	-0.125000
18	-0.500000	-0.500000
19	-0.250000	-0.250000
20	0.000000	0.125000
21	0.000000	0.125000
22	-0.250000	0.250000
23	-0.125000	0.125000
24	-0.250000	0.500000
25	-0.375000	-0.625000
26	-0.125000	0.250000
27	0.000000	-0.125000
28	-0.375000	0.625000
29	0.000000	-0.250000
30	-0.125000	0.375000
31	-0.125000	0.250000
32	-0.125000	0.375000
33	0.250000	0.000000
34	-0.250000	-0.375000
35	0.000000	-0.125000
36	0.000000	0.125000
37	0.000000	-0.125000
38	0.000000	0.000000
39	-0.250000	0.250000
40	-0.375000	-0.250000
41	-0.375000	-0.625000
42	-0.500000	0.625000
43	0.125000	-0.125000
44	-0.375000	0.375000
45	-0.125000	0.375000
46	-0.375000	-0.625000
47	-0.125000	-0.250000
48	-0.125000	-0.500000
49	-0.250000	-0.500000
50	-0.500000	0.750000
51	0.000000	-0.125000
52	-0.250000	0.375000
53	0.000000	-0.125000
54	-0.250000	-0.125000
55	0.000000	0.125000
56	-0.250000	0.250000
57	0.000000	0.375000
58	-0.125000	0.500000
59	-0.125000	0.125000
60	-0.375000	-0.250000
61	-0.125000	0.250000
62	-0.250000	-0.250000
63	-0.375000	-0.625000
64	-0.250000	0.000000
65	-0.125000	-0.375000
66	-0.250000	0.250000
67	-0.125000	0.000000
68	-0.250000	0.250000
69	0.125000	0.125000
70	0.000000	0.000000
71	-0.125000	0.250000
72	-0.375000	-0.500000
73	0.125000	0.125000
74	0.125000	-0.125000
75	0.000000	0.375000
76	0.000000	-0.125000
77	0.000000	0.125000
78	0.000000	-0.125000
79	-0.125000	-0.250000
80	-0.250000	0.375000
81	-0.125000	0.125000
82	-0.125000	0.000000
83	0.000000	-0.375000
84	-0.250000	-0.125000
85	0.125000	0.000000
86	-0.125000	0.000000
87	-0.250000	0.250000
88	-0.125000	0.125000
89	-0.625000	-0.750000
90	-0.250000	-0.500000
91	-0.625000	0.750000
92	-0.375000	0.125000
93	0.000000	0.250000
94	-0.125000	-0.375000
95	-0.125000	-0.375000
96	0.000000	-0.125000
97	-0.375000	0.625000
98	-0.125000	0.500000
99	-0.375000	-0.500000
100	-0.375000	0.625000
101	-0.250000	-0.250000
102	0.000000	0.000000
103	0.000000	-0.125000
104	0.125000	-0.125000
105	-0.125000	0.250000
106	0.000000	0.000000
107	-0.125000	0.250000
108	-0.250000	-0.375000
109	-0.125000	0.000000
110	-0.375000	-0.500000
111	-0.375000	0.375000
112	-0.375000	0.500000
113	-0.125000	0.375000
114	-0.250000	-0.500000
115	-0.125000	0.000000
116	0.000000	0.250000
117	-0.625000	0.750000
118	-0.750000	-0.875000
119	0.000000	-0.125000
120	-0.125000	-0.125000
121	0.250000	0.125000
122	-0.125000	-0.375000
123	-0.250000	-0.375000
124	-0.125000	0.125000
125	0.000000	-0.125000
126	-0.125000	-0.250000
127	-0.250000	-0.500000
128	-0.125000	-0.125000
129	-0.250000	0.125000
130	-0.250000	0.000000
131	-0.375000	0.250000
132	-0.375000	0.375000
133	-0.125000	-0.125000
134	0.000000	0.000000
135	-0.125000	0.125000
136	0.000000	0.250000
137	-0.375000	0.625000
138	-0.125000	0.375000
139	0.125000	-0.250000
140	0.125000	0.250000
141	-0.125000	0.375000
142	-0.125000	0.250000
143	-0.125000	0.500000
144	0.000000	0.250000
145	0.000000	0.000000
146	-0.125000	-0.250000
147	-0.250000	0.375000
148	-0.125000	0.250000
149	0.125000	0.250000
150	-0.250000	-0.250000
151	-0.250000	0.125000
152	0.000000	0.375000
153	-0.125000	0.000000
154	0.000000	0.000000
155	-0.125000	-0.125000
156	-0.250000	0.125000
157	0.250000	-0.125000
158	-0.500000	0.625000
159	-0.250000	-0.625000
160	0.000000	0.000000
161	-0.250000	0.000000
162	-0.125000	-0.250000
163	-0.250000	0.500000
164	-0.375000	0.500000
165	0.125000	0.000000
166	-0.125000	0.000000
167	-0.375000	-0.625000
168	-0.375000	-0.375000
169	-0.375000	0.250000
170	-0.250000	0.250000
171	0.000000	0.000000
172	-0.250000	-0.500000
173	-0.375000	0.500000
174	-0.125000	0.250000
175	-0.250000	-0.125000
176	0.000000	0.375000
177	-0.625000	-0.750000
178	-0.250000	-0.125000
179	0.000000	0.250000
180	-0.125000	-0.375000
181	-0.125000	-0.375000
182	0.000000	0.000000
183	-0.250000	-0.625000
184	0.000000	-0.125000
185	0.125000	0.000000
186	0.000000	0.000000
187	0.000000	0.125000
188	-0.250000	-0.375000
189	-0.250000	0.125000
190	-0.375000	-0.625000
191	0.375000	0.125000
192	0.125000	0.000000
193	-0.250000	0.500000
194	0.000000	0.000000
195	-0.250000	0.125000
196	0.000000	-0.125000
197	0.125000	-0.125000
198	0.125000	0.125000
199	0.000000	0.125000
200	0.000000	0.000000
201	-0.125000	-0.250000
202	-0.250000	0.500000
203	0.000000	-0.250000
204	0.000000	0.250000
205	0.125000	0.125000
206	-0.250000	-0.250000
207	-0.125000	-0.500000
208	0.125000	-0.125000
209	-0.125000	-0.250000
210	-0.250000	-0.250000
211	-0.125000	0.125000
212	-0.625000	-0.750000
213	-0.125000	0.500000
214	-0.250000	0.250000
215	0.000000	0.125000
216	0.250000	0.125000
217	-0.500000	-0.750000
218	-0.250000	0.000000
219	-0.125000	0.125000
220	0.000000	0.250000
221	-0.125000	0.125000
222	-0.125000	0.000000
223	-0.250000	0.125000
224	-0.250000	0.500000
225	0.000000	0.000000
226	0.125000	0.000000
227	0.250000	0.250000
228	0.000000	0.125000
229	0.000000	0.250000
230	0.000000	0.000000
231	0.125000	-0.250000
232	-0.250000	-0.625000
233	-0.250000	0.500000
234	-0.125000	0.000000
235	0.250000	0.000000
236	-0.125000	0.375000
237	-0.250000	-0.125000
238	-0.125000	0.250000
239	0.000000	0.375000
240	-0.125000	0.000000
241	-0.125000	0.000000
242	-0.375000	-0.500000
243	0.250000	0.125000
244	0.000000	0.250000
245	-0.125000	-0.375000
246	-0.250000	0.375000
247	-0.125000	0.000000
248	-0.125000	-0.375000
249	0.000000	0.125000
250	0.125000	0.250000
251	0.000000	-0.125000
252	-0.250000	0.125000
253	0.125000	0.000000
254	-0.125000	-0.125000
255	0.000000	-0.125000
256	0.000000	0.125000
257	-0.375000	0.500000
258	0.000000	-0.125000
259	-0.375000	0.125000
260	0.000000	0.000000
261	-0.250000	0.500000
262	0.125000	-0.375000
263	-0.125000	-0.250000
264	-0.500000	0.625000
265	-0.125000	-0.250000
266	-0.250000	-0.375000
267	-0.125000	-0.375000
268	0.250000	0.125000
269	-0.250000	0.125000
270	-0.375000	-0.375000
271	0.375000	0.000000
272	0.000000	0.000000
273	0.000000	0.000000
274	0.000000	0.125000
275	0.000000	-0.375000
276	0.000000	0.000000
277	0.125000	0.000000
278	-0.250000	-0.125000
279	0.250000	-0.125000
280	-0.375000	0.625000
281	-0.250000	-0.250000
282	-0.125000	-0.500000
283	-0.125000	-0.500000
284	-0.125000	0.125000
285	-0.125000	0.375000
286	0.000000	-0.250000
287	-0.250000	0.125000
288	-0.250000	-0.375000
289	-0.125000	0.000000
290	-0.375000	0.375000
291	-0.125000	-0.500000
292	-0.125000	-0.125000
293	-1.000000	1.000000
294	-0.750000	-0.875000
295	-0.750000	0.875000
296	-0.250000	-0.375000
297	0.125000	-0.250000
298	-0.500000	0.625000
299	0.000000	-0.250000
300	-0.125000	-0.125000
301	0.125000	-0.125000
302	-0.250000	0.125000
303	0.000000	0.250000
304	-0.250000	0.375000
305	-0.250000	-0.500000
306	-0.250000	-0.500000
307	-0.375000	0.500000
308	-0.125000	0.000000
309	-0.125000	0.000000
310	-0.125000	0.125000
311	-0.125000	0.125000
312	-0.375000	-0.375000
313	-0.125000	0.250000
314	-0.250000	0.125000
315	-0.375000	-0.375000
316	0.000000	-0.250000
317	0.000000	-0.125000
318	-0.375000	-0.375000
319	-0.375000	-0.250000
320	-0.125000	-0.125000
321	-0.375000	0.500000
322	-0.375000	-0.500000
323	0.000000	0.250000
324	0.000000	-0.250000
325	-0.500000	0.500000
326	-0.375000	0.375000
327	0.000000	-0.125000
328	0.000000	0.250000
329	-0.125000	0.000000
330	0.000000	0.125000
331	-0.125000	-0.250000
332	-0.250000	-0.375000
333	0.000000	0.125000
334	-0.125000	-0.250000
335	-0.250000	-0.250000
336	-0.125000	0.250000
337	0.000000	0.000000
338	-0.250000	0.250000
339	-0.250000	-0.375000
340	-0.125000	-0.375000
341	-0.125000	0.375000
342	-0.375000	-0.500000
343	-0.125000	-0.375000
344	0.125000	-0.125000
345	-0.250000	-0.375000
346	-0.250000	-0.500000
347	0.125000	-0.125000
348	0.125000	0.000000
349	0.125000	0.000000
350	0.125000	-0.125000
351	-0.125000	-0.250000
352	-0.125000	0.125000
353	-0.375000	0.375000
354	0.000000	0.375000
355	0.000000	-0.125000
356	0.125000	-0.125000
357	0.250000	-0.250000
358	0.125000	0.250000
359	0.000000	0.250000
360	0.000000	0.375000
361	-0.375000	0.625000
362	0.000000	-0.125000
363	0.000000	-0.125000
364	0.000000	-0.250000
365	-0.125000	-0.125000
366	-0.500000	0.500000
367	-0.250000	0.125000
368	-0.125000	-0.250000
369	0.000000	-0.250000
370	0.000000	-0.375000
371	-0.125000	-0.375000
372	0.000000	0.250000
373	-0.125000	-0.250000
374	-0.125000	0.000000
375	-0.125000	0.500000
376	-0.750000	0.875000
377	-0.125000	0.250000
378	-0.250000	0.500000
379	-0.125000	0.375000
380	-0.375000	0.500000
381	-0.625000	-0.750000
382	0.000000	0.375000
383	-0.125000	-0.375000
384	-0.250000	0.125000
385	-0.125000	0.500000
386	0.000000	0.000000
387	-0.125000	0.250000
388	-0.250000	-0.500000
389	-0.125000	0.125000
390	0.125000	-0.250000
391	-0.250000	0.375000
392	-0.125000	0.250000
393	0.000000	-0.250000
394	0.000000	-0.250000
395	0.125000	0.250000
396	0.000000	0.375000
397	-0.250000	-0.500000
398	0.000000	-0.125000
399	-0.375000	0.500000
400	-0.250000	-0.250000
401	0.000000	0.250000
402	-0.750000	-0.875000
403	-0.250000	0.000000
404	-0.250000	-0.125000
405	-0.125000	-0.125000
406	-0.250000	0.375000
407	0.125000	0.000000
408	0.250000	0.125000
409	0.000000	0.375000
410	-0.375000	-0.625000
411	-0.125000	-0.250000
412	-0.250000	-0.125000
413	-0.250000	-0.500000
414	-0.250000	0.125000
415	-0.250000	-0.250000
416	0.000000	-0.250000
417	-0.375000	-0.500000
418	-0.250000	0.000000
419	-0.125000	-0.125000
420	0.000000	-0.250000
421	-0.375000	0.625000
422	-0.125000	0.250000
423	-0.375000	-0.500000
424	-0.125000	-0.375000
425	-0.375000	0.375000
426	0.125000	0.000000
427	0.250000	0.125000
428	0.000000	0.000000
429	0.000000	0.250000
430	-0.375000	0.375000
431	0.000000	-0.250000
432	-0.125000	0.375000
433	-0.750000	0.875000
434	-0.250000	0.000000
435	0.000000	0.000000
436	-0.375000	-0.500000
437	0.000000	0.250000
438	0.000000	0.250000
439	-0.250000	0.000000
440	-0.125000	-0.250000
441	0.000000	0.125000
442	0.000000	-0.250000
443	0.000000	0.000000
444	-0.125000	-0.250000
445	0.000000	0.000000
446	-0.125000	0.125000
447	-0.250000	-0.250000
448	0.250000	0.000000
449	-0.125000	-0.125000
450	-0.250000	-0.375000
451	-0.125000	-0.125000
452	-0.250000	-0.375000
453	-0.125000	-0.125000
454	0.375000	-0.125000
455	-0.125000	-0.125000
456	-0.500000	0.750000
457	-0.375000	-0.625000
458	-0.375000	0.375000
459	0.375000	0.125000
460	-0.250000	-0.500000
461	-0.375000	0.500000
462	-0.125000	-0.125000
463	-0.125000	-0.125000
464	-0.375000	-0.125000
465	-0.125000	0.375000
466	-0.500000	-0.625000
467	-0.250000	0.250000
468	-0.125000	0.000000
469	-0.125000	0.500000
470	-0.125000	-0.375000
471	-0.250000	-0.500000
472	-0.375000	0.125000
473	0.000000	-0.125000
474	-0.250000	0.375000
475	0.250000	0.000000
476	0.125000	0.250000
477	-0.125000	-0.375000
478	-0.375000	0.500000
479	-0.125000	-0.375000
480	-0.375000	0.625000
481	-0.375000	0.625000
482	0.000000	0.125000
483	0.000000	0.000000
484	0.000000	0.125000
485	-0.125000	0.000000
486	0.000000	0.250000
487	-0.125000	0.500000
488	0.125000	0.000000
489	-0.125000	0.125000
490	0.000000	-0.125000
491	-0.125000	-0.125000
492	0.000000	-0.250000
493	0.000000	0.250000
494	-0.250000	-0.250000
495	0.000000	-0.125000
496	-0.125000	0.000000
497	-0.625000	0.750000
498	-0.125000	-0.250000
499	-0.125000	-0.125000
500	-0.125000	0.250000
501	0.000000	0.125000
502	0.125000	0.250000
503	0.000000	-0.125000
504	0.125000	0.125000
505	0.000000	0.125000
506	-0.125000	0.000000
507	-0.125000	-0.250000
508	-0.250000	0.375000
509	-0.125000	-0.375000
510	-0.125000	-0.250000
511	0.000000	-0.500000
512	-0.375000	-0.250000
513	-0.125000	-0.250000
514	0.000000	0.000000
515	0.125000	0.125000
516	-0.125000	0.375000
517	-0.250000	-0.125000
518	-0.250000	0.500000
519	-0.125000	-0.125000
520	0.250000	0.000000
521	-0.250000	-0.250000
522	0.000000	-0.250000
523	0.000000	-0.375000
524	0.250000	0.250000
525	0.000000	-0.125000
526	0.000000	0.375000
527	0.125000	0.375000
528	0.125000	0.000000
529	0.000000	-0.125000
530	-0.375000	0.375000
531	-0.125000	-0.500000
532	0.000000	-0.250000
533	-0.125000	0.000000
534	-0.500000	-0.625000
535	-0.250000	-0.500000
536	-0.125000	-0.375000
537	0.125000	-0.125000
538	0.000000	0.000000
539	-0.250000	-0.500000
540	-0.125000	0.250000
541	-0.250000	0.125000
542	-0.375000	-0.500000
543	0.125000	0.250000
544	0.125000	-0.250000
545	-0.250000	0.000000
546	-0.125000	0.500000
547	-0.125000	0.250000
548	-0.500000	0.500000
549	0.125000	-0.125000
550	0.000000	-0.125000
551	0.000000	0.000000
552	-0.250000	-0.250000
553	-0.500000	-0.625000
554	0.000000	0.000000
555	-0.125000	0.125000
556	-0.375000	-0.375000
557	-0.750000	-0.875000
558	0.125000	0.125000
559	-0.250000	-0.375000
560	-0.250000	0.500000
561	-0.125000	0.500000
562	-0.250000	0.625000
563	-0.125000	-0.375000
564	-0.125000	0.250000
565	-0.125000	0.000000
566	-0.250000	0.000000
567	-0.250000	-0.625000
568	0.375000	0.000000
569	-0.250000	-0.250000
570	-0.375000	-0.625000
571	-0.125000	0.125000
572	-0.375000	-0.375000
573	0.125000	0.000000
574	-0.625000	-0.750000
575	-0.250000	0.500000
576	-0.250000	-0.250000
577	0.125000	-0.125000
578	-0.375000	0.625000
579	-0.250000	0.125000
580	-0.250000	-0.500000
581	-0.125000	0.000000
582	0.000000	-0.250000
583	-0.250000	-0.125000
584	-0.250000	0.500000
585	-0.250000	0.250000
586	-0.375000	-0.625000
587	-0.375000	0.125000
588	-0.250000	-0.250000
589	-0.250000	-0.500000
590	0.000000	0.000000
591	0.250000	-0.250000
592	-0.125000	-0.250000
593	-0.500000	-0.750000
594	-0.250000	0.500000
595	-0.125000	-0.250000
596	-0.375000	0.625000
597	-0.375000	0.500000
598	-0.375000	-0.375000
599	-0.250000	-0.500000
600	-0.250000	-0.125000
601	-0.375000	-0.375000
602	0.000000	0.125000
603	-0.125000	-0.375000
604	-0.125000	0.375000
605	-0.500000	0.750000
606	0.000000	0.000000
607	-0.125000	0.000000
608	0.000000	-0.125000
609	-0.375000	0.500000
610	-0.250000	0.125000
611	0.125000	-0.250000
612	0.125000	0.000000
613	0.125000	0.125000
614	0.000000	0.125000
615	-0.125000	0.500000
616	0.000000	0.000000
617	0.000000	-0.125000
618	0.000000	-0.250000
619	-0.375000	-0.625000
620	-0.250000	0.000000
621	-0.125000	0.250000
622	0.125000	0.000000
623	-0.250000	-0.500000
624	-0.125000	-0.125000
625	-0.125000	-0.375000
626	0.125000	0.000000
627	0.125000	0.000000
628	-0.250000	-0.250000
629	0.125000	0.000000
630	-0.250000	0.250000
631	0.000000	-0.375000
632	-0.125000	0.500000
633	0.125000	0.250000
634	-0.250000	0.375000
635	0.000000	0.250000
636	0.000000	-0.250000
637	-0.375000	-0.625000
638	-0.250000	0.500000
639	-0.125000	0.375000
640	-0.125000	0.000000
641	0.000000	-0.250000
642	-0.375000	-0.625000
643	-0.375000	0.250000
644	-0.125000	-0.375000
645	-0.125000	0.375000
646	-0.500000	-0.750000
647	-0.250000	-0.375000
648	0.000000	-0.375000
649	0.125000	0.250000
650	-0.375000	0.625000
651	-0.250000	-0.125000
652	0.125000	0.000000
653	-0.125000	0.375000
654	0.000000	0.250000
655	0.000000	-0.125000
656	0.125000	0.125000
657	-0.250000	0.125000
658	-0.250000	0.375000
659	0.250000	0.000000
660	0.000000	-0.250000
661	0.250000	-0.125000
662	-0.250000	-0.250000
663	-0.250000	0.000000
664	-0.250000	0.000000
665	-0.250000	0.250000
666	-0.750000	-0.875000
667	-0.500000	-0.625000
668	0.000000	0.375000
669	0.000000	-0.375000
670	-0.250000	0.000000
671	-0.250000	-0.375000
672	-0.250000	-0.250000
673	-0.250000	0.125000
674	0.000000	0.375000
675	-0.250000	-0.250000
676	-0.375000	0.500000
677	-0.125000	-0.125000
678	0.000000	0.250000
679	0.000000	0.375000
680	0.125000	0.125000
681	0.125000	0.000000
682	-0.250000	0.000000
683	0.000000	0.250000
684	-0.250000	0.375000
685	-0.250000	0.250000
686	-0.250000	0.000000
687	0.000000	0.375000
688	0.000000	0.375000
689	-0.250000	-0.375000
690	0.000000	-0.250000
691	0.000000	0.500000
692	-0.375000	-0.250000
693	0.125000	-0.125000
694	0.000000	-0.375000
695	0.000000	0.000000
696	0.000000	-0.125000
697	0.000000	-0.125000
698	0.000000	0.000000
699	0.000000	-0.125000
700	-0.125000	-0.500000
701	0.125000	-0.375000
702	-0.125000	0.125000
703	-0.250000	-0.125000
704	-0.250000	-0.500000
705	0.000000	0.000000
706	0.000000	0.375000
707	-0.125000	-0.125000
708	-0.125000	0.250000
709	0.000000	-0.125000
710	0.000000	-0.125000
711	-0.250000	0.375000
712	-0.250000	0.625000
713	-0.125000	-0.250000
714	0.000000	0.000000
715	-0.125000	-0.500000
716	-0.500000	0.500000
717	0.125000	0.125000
718	-0.125000	-0.375000
719	-0.500000	0.750000
720	-0.375000	0.500000
721	0.000000	0.250000
722	-0.375000	-0.250000
723	0.000000	0.375000
724	-0.375000	-0.625000
725	-0.125000	0.375000
726	0.000000	-0.125000
727	0.000000	-0.250000
728	0.000000	0.250000
729	-0.375000	-0.500000
730	-0.375000	0.500000
731	-0.125000	0.125000
732	0.000000	-0.250000
733	0.000000	0.000000
734	0.125000	0.000000
735	-0.250000	0.000000
736	0.000000	-0.375000
737	-0.125000	0.125000
738	-0.250000	0.000000
739	-0.375000	-0.375000
740	-0.500000	-0.625000
741	-0.500000	0.625000
742	-0.125000	0.125000
743	0.000000	-0.250000
744	-0.125000	0.125000
745	0.000000	0.125000
746	0.000000	-0.250000
747	-0.375000	0.375000
748	-0.500000	-0.750000
749	0.000000	-0.125000
750	-0.125000	-0.250000
751	0.000000	0.250000
752	0.000000	0.125000
753	-0.250000	0.125000
754	0.000000	0.250000
755	0.125000	-0.125000
756	-0.750000	0.875000
757	-0.250000	-0.500000
758	-0.125000	0.250000
759	0.000000	0.375000
760	0.125000	0.000000
761	-0.250000	0.625000
762	-0.250000	0.375000
763	0.000000	0.000000
764	-0.250000	0.500000
765	0.250000	0.250000
766	-0.125000	-0.125000
767	-0.500000	0.750000
768	-0.375000	0.500000
769	0.000000	0.125000
770	0.000000	0.125000
771	-0.250000	0.125000
772	0.125000	0.125000
773	-0.125000	0.125000
774	0.000000	-0.125000
775	0.000000	-0.375000
776	-0.250000	-0.500000
777	-0.625000	-0.750000
778	-0.125000	0.375000
779	-0.750000	0.875000
780	-0.250000	0.125000
781	-0.250000	0.250000
782	0.125000	-0.125000
783	-0.375000	0.625000
784	0.000000	0.250000
785	-0.125000	-0.250000
786	-0.125000	0.250000
787	-0.250000	0.500000
788	-0.250000	-0.250000
789	-0.125000	0.375000
790	0.000000	0.000000
791	-0.125000	0.375000
792	0.000000	0.000000
793	0.125000	-0.250000
794	0.000000	0.000000
795	0.000000	0.125000
796	0.000000	-0.125000
797	-0.125000	-0.500000
798	0.000000	0.000000
799	-0.500000	0.750000
800	0.000000	0.250000
801	-0.625000	-0.750000
802	-0.125000	-0.250000
803	0.000000	0.125000
804	-0.250000	-0.500000
805	-0.250000	0.500000
806	0.125000	0.250000
807	0.000000	-0.125000
808	-0.250000	-0.125000
809	0.000000	0.125000
810	-0.125000	-0.250000
811	-0.125000	0.125000
812	-0.250000	0.250000
813	-0.250000	0.500000
814	-0.125000	0.250000
815	-0.250000	-0.375000
816	-0.125000	0.250000
817	-0.250000	0.000000
818	-0.125000	-0.125000
819	-0.125000	-0.250000
820	-0.250000	-0.500000
821	-0.250000	0.500000
822	-0.250000	0.500000
823	-0.375000	-0.500000
824	0.000000	0.000000
825	0.000000	-0.375000
826	-0.125000	0.125000
827	0.000000	-0.375000
828	-0.375000	0.500000
829	0.000000	-0.375000
830	-0.125000	-0.250000
831	-0.375000	0.250000
832	0.000000	0.000000
833	-0.125000	-0.125000
834	0.000000	0.125000
835	-0.250000	-0.125000
836	-0.500000	-0.625000
837	0.125000	-0.250000
838	0.000000	-0.250000
839	0.000000	0.250000
840	-0.500000	-0.625000
841	-0.125000	-0.375000
842	-0.125000	0.000000
843	-0.125000	0.375000
844	-0.250000	-0.125000
845	-0.125000	0.000000
846	-0.375000	0.125000
847	0.125000	0.000000
848	-0.250000	0.500000
849	-0.125000	0.500000
850	-0.250000	0.500000
851	0.000000	-0.250000
852	-0.250000	-0.500000
853	0.375000	0.125000
854	0.000000	-0.125000
855	0.000000	0.000000
856	-0.125000	0.000000
857	0.000000	0.250000
858	-0.250000	0.500000
859	-0.125000	0.250000
860	-0.250000	0.000000
861	-0.125000	0.125000
862	-0.125000	0.375000
863	-0.125000	-0.375000
864	0.000000	0.125000
865	-0.125000	-0.125000
866	-0.125000	0.125000
867	-0.250000	-0.250000
868	-0.125000	-0.500000
869	-0.250000	0.375000
870	0.125000	-0.250000
871	0.000000	-0.250000
872	-0.250000	-0.125000
873	-0.375000	0.250000
874	0.125000	0.125000
875	0.125000	0.000000
876	0.125000	0.250000
877	0.000000	0.250000
878	-0.125000	0.000000
879	-0.250000	0.500000
880	-0.375000	0.500000
881	0.000000	0.250000
882	-0.125000	0.125000
883	-0.250000	0.000000
884	0.000000	0.125000
885	-0.125000	-0.250000
886	0.000000	0.125000
887	0.125000	0.000000
888	0.125000	0.125000
889	0.125000	0.125000
890	0.125000	0.250000
891	-0.125000	0.375000
892	-0.125000	-0.125000
893	0.000000	0.125000
894	-0.500000	-0.750000
895	-0.125000	-0.250000
896	0.125000	0.000000
897	-0.250000	-0.125000
898	-0.250000	-0.250000
899	0.125000	0.000000
900	0.000000	0.500000
901	-0.250000	-0.125000
902	-0.250000	0.125000
903	0.000000	0.125000
904	-0.500000	-0.750000
905	-0.125000	0.000000
906	0.000000	0.250000
907	-0.500000	0.625000
908	0.000000	0.250000
909	-0.125000	-0.250000
910	-0.375000	0.500000
911	-0.750000	-0.875000
912	-0.125000	0.375000
913	0.125000	-0.250000
914	0.000000	0.125000
915	-0.125000	0.375000
916	-0.250000	-0.375000
917	0.000000	0.000000
918	0.125000	0.125000
919	-0.375000	0.500000
920	-0.125000	0.375000
921	0.000000	-0.250000
922	-0.125000	0.375000
923	0.250000	0.125000
924	0.000000	-0.375000
925	-0.250000	0.500000
926	-0.125000	0.250000
927	0.000000	-0.125000
928	-0.125000	0.250000
929	0.000000	-0.250000
930	-0.250000	-0.375000
931	-0.250000	0.000000
932	0.125000	0.125000
933	-0.125000	-0.375000
934	-0.250000	-0.625000
935	-0.125000	-0.375000
936	-0.125000	0.000000
937	0.000000	0.125000
938	-0.250000	0.250000
939	0.000000	0.250000
940	0.000000	-0.250000
941	-0.125000	-0.375000
942	-0.125000	-0.375000
943	0.125000	0.000000
944	-0.125000	-0.125000
945	-0.125000	0.000000
946	0.000000	0.125000
947	0.000000	0.250000
948	0.000000	0.250000
949	-0.250000	0.500000
950	-0.250000	-0.250000
951	-0.500000	-0.750000
952	-0.250000	0.125000
953	0.125000	0.125000
954	0.000000	0.250000
955	0.000000	0.000000
956	-0.250000	-0.125000
957	-0.125000	-0.125000
958	-0.500000	0.625000
959	-0.375000	0.125000
960	0.125000	0.000000
961	0.000000	-0.125000
962	-0.250000	-0.500000
963	-0.125000	0.125000
964	0.000000	0.250000
965	0.000000	0.125000
966	-0.750000	0.875000
967	0.000000	-0.125000
968	-0.250000	-0.625000
969	0.125000	-0.375000
970	-0.375000	-0.375000
971	-0.250000	0.500000
972	-0.125000	0.250000
973	0.125000	-0.250000
974	-0.375000	0.500000
975	-0.125000	0.250000
976	0.000000	0.000000
977	-0.125000	0.500000
978	0.125000	0.125000
979	-0.250000	0.000000
980	0.000000	0.000000
981	0.000000	-0.250000
982	-0.500000	0.750000
983	0.000000	-0.375000
984	0.000000	0.000000
985	-0.125000	0.000000
986	-0.125000	0.500000
987	-0.125000	-0.125000
988	-0.125000	-0.125000
989	0.000000	-0.125000
990	-0.125000	0.250000
991	-0.375000	-0.375000
992	-0.500000	-0.750000
993	-0.125000	0.000000
994	-0.125000	0.500000
995	-0.250000	-0.250000
996	0.000000	-0.125000
997	-0.125000	-0.375000
998	-1.000000	-1.000000
999	-0.375000	0.625000
