0	-1.000000	1.000000
1	-0.250000	-0.125000
2	-0.125000	-0.500000
3	-0.500000	-0.750000
4	0.000000	-0.375000
5	-0.375000	-0.125000
6	-0.250000	0.500000
7	-0.250000	0.500000
8	-0.125000	-0.500000
9	-0.625000	0.750000
10	-0.250000	-0.375000
11	-0.125000	0.125000
12	-0.250000	0.000000
13	-0.250000	0.000000
14	-0.250000	-0.500000
15	-0.125000	0.000000
16	-0.375000	-0.625000
17	0.000000	-0.125000
18	0.000000	-0.250000
19	0.000000	0.000000
20	-0.375000	0.375000
21	0.000000	-0.125000
22	-0.250000	-0.125000
23	-0.750000	0.875000
24	-0.125000	-0.250000
25	-0.375000	0.625000
26	0.000000	0.250000
27	-0.250000	0.250000
28	-0.250000	0.375000
29	-0.125000	0.375000
30	-0.250000	0.000000
31	-0.750000	-0.875000
32	-0.250000	-0.375000
33	0.125000	-0.125000
34	-0.125000	0.375000
35	-0.250000	-0.125000
36	-0.250000	0.250000
37	-0.500000	-0.500000
38	0.000000	-0.500000
39	-0.375000	0.125000
40	-0.125000	0.000000
41	-0.500000	-0.750000
42	0.000000	0.375000
43	-0.250000	0.625000
44	-0.375000	-0.375000
45	-0.250000	-0.375000
46	-0.250000	-0.250000
47	-0.250000	0.625000
48	-0.250000	-0.500000
49	-0.250000	0.500000
50	-0.250000	-0.375000
51	-0.500000	-0.625000
52	-0.375000	-0.250000
53	0.000000	0.000000
54	-0.375000	0.625000
55	-0.250000	0.125000
56	-0.375000	0.625000
57	-0.250000	-0.375000
58	-0.125000	-0.125000
59	-0.375000	0.250000
60	-0.125000	0.250000
61	-0.375000	0.500000
62	-0.375000	-0.500000
63	-0.375000	0.625000
64	-0.125000	0.375000
65	0.125000	0.125000
66	-0.125000	0.125000
67	0.000000	-0.250000
68	-0.250000	0.375000
69	0.125000	0.000000
70	-0.250000	-0.625000
71	-0.125000	0.375000
72	0.000000	0.250000
73	-0.125000	0.250000
74	-0.125000	0.500000
75	-0.375000	0.125000
76	-0.500000	0.750000
77	-0.500000	0.750000
78	-0.500000	-0.750000
79	-0.250000	0.625000
80	-0.250000	0.625000
81	0.000000	0.000000
82	-0.625000	-0.750000
83	-0.500000	0.750000
84	-0.250000	-0.500000
85	-0.375000	0.625000
86	-0.125000	0.125000
87	0.000000	-0.375000
88	-0.250000	-0.375000
89	-0.375000	-0.125000
90	-0.250000	0.000000
91	-0.375000	-0.375000
92	-0.250000	-0.500000
93	-0.250000	-0.125000
94	0.000000	0.125000
95	0.000000	-0.250000
96	-0.250000	0.125000
97	0.000000	0.125000
98	-0.125000	0.500000
99	0.000000	0.000000
100	-0.375000	-0.125000
101	-0.250000	0.375000
102	-0.125000	0.375000
103	-0.500000	-0.750000
104	0.000000	0.250000
105	0.125000	0.250000
106	-0.250000	-0.625000
107	-0.250000	-0.375000
108	-0.125000	0.375000
109	-0.250000	0.250000
110	-0.750000	-0.875000
111	-0.125000	0.125000
112	0.000000	0.000000
113	0.000000	0.125000
114	-0.125000	0.125000
115	-0.375000	-0.375000
116	-0.125000	0.375000
117	-0.125000	-0.375000
118	-0.125000	-0.375000
119	-0.500000	0.500000
120	-0.750000	0.875000
121	-0.375000	-0.625000
122	0.000000	0.000000
123	-0.750000	0.875000
124	0.000000	0.000000
125	-0.375000	-0.500000
126	-0.125000	0.250000
127	-0.500000	-0.500000
128	-0.375000	-0.500000
129	-0.375000	0.375000
130	-0.250000	-0.500000
131	-0.625000	0.750000
132	-0.250000	-0.250000
133	-0.250000	0.375000
134	-0.125000	0.375000
135	-0.250000	0.000000
136	-0.125000	0.125000
137	-0.250000	-0.500000
138	-0.125000	0.000000
139	0.000000	0.375000
140	0.125000	-0.125000
141	-0.375000	-0.375000
142	0.000000	0.000000
143	-0.125000	-0.125000
144	-0.125000	0.000000
145	0.000000	-0.250000
146	-0.125000	-0.125000
147	-0.250000	0.375000
148	-0.125000	0.500000
149	-0.125000	0.125000
150	-0.375000	-0.250000
151	-0.500000	0.500000
152	-0.375000	0.125000
153	-0.375000	-0.500000
154	-0.250000	0.000000
155	0.000000	-0.375000
156	-0.125000	0.250000
157	-0.500000	0.750000
158	-0.250000	-0.375000
159	-0.125000	-0.125000
160	-0.250000	0.125000
161	0.000000	0.125000
162	-0.500000	-0.625000
163	-1.000000	1.000000
164	-0.500000	0.500000
165	-0.125000	0.250000
166	-0.250000	-0.625000
167	-0.500000	-0.625000
168	-0.250000	-0.625000
169	-1.000000	1.000000
170	-0.250000	0.375000
171	-0.125000	-0.125000
172	0.000000	0.250000
173	-0.500000	0.750000
174	0.000000	0.250000
175	-0.250000	0.000000
176	-0.500000	-0.500000
177	0.000000	-0.125000
178	-0.625000	0.750000
179	-0.375000	0.375000
180	-0.250000	0.500000
181	-0.125000	-0.375000
182	-0.500000	0.625000
183	-0.250000	0.000000
184	-0.500000	-0.625000
185	-0.250000	0.500000
186	0.125000	-0.125000
187	-0.250000	-0.625000
188	0.000000	0.125000
189	0.000000	-0.125000
190	0.125000	0.125000
191	-0.375000	0.375000
192	-0.250000	-0.125000
193	0.000000	0.125000
194	-0.375000	-0.125000
195	-0.125000	-0.125000
196	-1.000000	-1.000000
197	-0.375000	0.375000
198	-0.125000	0.125000
199	0.000000	0.250000
200	-0.250000	0.250000
201	0.125000	-0.375000
202	-0.125000	-0.250000
203	-0.375000	-0.250000
204	0.125000	0.375000
205	-0.125000	-0.375000
206	-0.125000	-0.250000
207	-0.125000	0.125000
208	-0.375000	0.625000
209	0.125000	-0.125000
210	-0.250000	0.500000
211	-0.500000	-0.625000
212	0.000000	0.375000
213	-0.625000	-0.750000
214	-0.125000	-0.125000
215	-0.375000	0.375000
216	-0.375000	-0.625000
217	-0.125000	-0.375000
218	-0.125000	0.250000
219	-0.125000	0.000000
220	-0.125000	-0.125000
221	0.000000	0.250000
222	-0.250000	0.000000
223	-0.250000	0.250000
224	-0.125000	0.500000
225	-0.500000	-0.750000
226	0.000000	0.000000
227	-0.375000	-0.500000
228	-0.500000	-0.750000
229	-0.250000	-0.250000
230	-0.125000	-0.250000
231	-0.625000	0.750000
232	-0.125000	0.000000
233	0.000000	0.000000
234	-0.500000	-0.750000
235	-0.250000	0.250000
236	-0.250000	0.375000
237	0.000000	0.250000
238	-0.250000	0.250000
239	-0.125000	0.250000
240	-0.375000	-0.250000
241	-0.125000	0.250000
242	-0.250000	0.000000
243	-0.125000	0.250000
244	-0.250000	0.125000
245	0.000000	0.000000
246	-0.125000	0.125000
247	-0.125000	0.375000
248	-0.500000	0.000000
249	-0.125000	-0.125000
250	-0.625000	0.750000
251	-0.250000	0.250000
252	-0.125000	0.375000
253	-0.250000	0.500000
254	0.125000	-0.125000
255	-0.250000	-0.500000
256	0.000000	0.375000
257	-0.375000	0.250000
258	-0.125000	0.250000
259	-0.500000	0.625000
260	0.250000	0.125000
261	-0.375000	-0.375000
262	-0.375000	-0.500000
263	-0.125000	-0.125000
264	-0.375000	0.500000
265	-0.500000	0.750000
266	-0.375000	-0.625000
267	0.000000	0.250000
268	-0.250000	0.250000
269	-0.500000	-0.625000
270	-0.125000	0.500000
271	-0.625000	-0.750000
272	0.000000	0.000000
273	0.000000	-0.125000
274	-0.125000	-0.375000
275	-0.250000	-0.250000
276	-0.125000	0.375000
277	0.250000	0.250000
278	-0.125000	0.000000
279	-0.625000	0.750000
280	-0.500000	-0.625000
281	0.125000	-0.250000
282	-0.250000	-0.625000
283	-0.250000	0.500000
284	-1.000000	-1.000000
285	0.000000	-0.375000
286	-0.750000	-0.875000
287	-0.750000	0.875000
288	0.250000	0.000000
289	-0.375000	0.625000
290	-0.375000	0.625000
291	-0.375000	0.625000
292	-0.375000	-0.625000
293	-0.125000	-0.250000
294	-0.250000	-0.250000
295	-0.500000	0.750000
296	-0.375000	0.625000
297	-0.125000	-0.500000
298	-0.500000	0.625000
299	-0.125000	0.125000
300	0.000000	0.125000
301	-0.250000	-0.375000
302	-0.375000	0.500000
303	-0.125000	0.250000
304	-0.500000	0.625000
305	0.125000	0.000000
306	-0.625000	0.750000
307	-0.125000	-0.375000
308	-0.250000	-0.625000
309	-0.375000	-0.375000
310	-0.500000	0.500000
311	-0.125000	-0.125000
312	-0.375000	0.500000
313	-0.375000	0.500000
314	-0.500000	-0.750000
315	-0.125000	0.000000
316	-0.500000	0.625000
317	-0.250000	-0.125000
318	0.000000	-0.250000
319	0.000000	-0.125000
320	0.000000	0.250000
321	-0.125000	0.375000
322	-0.500000	0.625000
323	-0.375000	0.125000
324	0.000000	-0.250000
325	-0.375000	0.375000
326	-0.250000	0.125000
327	-0.375000	-0.625000
328	-0.125000	0.125000
329	0.000000	0.375000
330	-0.125000	-0.375000
331	-0.125000	-0.125000
332	0.000000	0.000000
333	0.000000	0.000000
334	-0.375000	-0.500000
335	-0.500000	0.750000
336	-0.375000	-0.375000
337	-0.125000	0.250000
338	0.000000	-0.125000
339	-0.250000	-0.500000
340	-0.250000	0.500000
341	-0.250000	0.000000
342	-0.250000	-0.500000
343	-0.375000	-0.375000
344	-0.500000	0.750000
345	-0.375000	0.250000
346	0.000000	-0.250000
347	-0.375000	0.500000
348	-0.750000	0.875000
349	0.000000	0.500000
350	-0.125000	0.500000
351	-0.250000	0.000000
352	-0.250000	0.250000
353	-0.125000	-0.375000
354	-0.250000	0.000000
355	0.000000	0.000000
356	-0.250000	-0.125000
357	-0.125000	0.250000
358	-0.500000	-0.750000
359	-0.750000	0.875000
360	0.000000	0.250000
361	-0.250000	-0.375000
362	-0.125000	-0.250000
363	-0.250000	0.250000
364	-0.375000	-0.625000
365	-0.125000	-0.125000
366	-0.125000	0.250000
367	-0.125000	-0.125000
368	-0.250000	0.375000
369	-0.125000	0.000000
370	-0.750000	0.875000
371	0.000000	0.250000
372	-0.500000	-0.750000
373	-0.250000	-0.375000
374	-0.250000	0.250000
375	0.000000	0.250000
376	-0.500000	0.000000
377	-0.375000	-0.625000
378	-0.500000	0.750000
379	-0.250000	-0.375000
380	-0.250000	0.250000
381	-0.125000	-0.125000
382	-0.375000	-0.625000
383	-0.500000	-0.750000
384	-0.125000	-0.125000
385	-0.125000	-0.125000
386	-0.375000	0.375000
387	-0.125000	-0.375000
388	-0.250000	-0.500000
389	-0.125000	-0.375000
390	0.125000	-0.125000
391	-0.375000	-0.375000
392	-0.125000	0.000000
393	0.000000	-0.125000
394	-0.125000	-0.375000
395	-0.125000	0.125000
396	-0.250000	0.250000
397	-0.125000	0.000000
398	-0.250000	0.625000
399	0.000000	0.125000
400	0.000000	-0.125000
401	-0.125000	0.125000
402	0.000000	0.000000
403	0.000000	0.000000
404	-0.375000	-0.375000
405	-0.500000	-0.625000
406	0.000000	0.125000
407	-0.125000	-0.250000
408	-0.375000	0.500000
409	-0.375000	-0.375000
410	-0.125000	0.000000
411	-0.250000	0.000000
412	0.000000	0.000000
413	-0.250000	0.250000
414	-0.125000	-0.250000
415	-0.125000	0.125000
416	-0.125000	0.375000
417	-0.250000	0.000000
418	-0.250000	0.500000
419	-0.375000	-0.625000
420	0.000000	0.125000
421	-0.125000	0.125000
422	-0.250000	0.250000
423	-0.125000	0.000000
424	-0.375000	0.500000
425	-0.250000	0.250000
426	-0.125000	-0.500000
427	0.000000	0.000000
428	-0.125000	0.250000
429	-0.250000	-0.375000
430	-0.250000	-0.500000
431	0.125000	0.000000
432	-0.250000	-0.125000
433	-0.500000	-0.625000
434	-0.375000	-0.250000
435	-0.125000	0.375000
436	-0.375000	0.625000
437	-0.125000	0.250000
438	-0.375000	-0.500000
439	-0.375000	-0.375000
440	-0.250000	0.250000
441	-0.250000	-0.500000
442	-0.125000	-0.500000
443	-0.250000	0.250000
444	-0.500000	-0.500000
445	-0.250000	-0.500000
446	-0.125000	-0.375000
447	-0.250000	0.500000
448	-0.125000	-0.375000
449	0.000000	-0.250000
450	-0.125000	-0.125000
451	-0.375000	0.500000
452	-0.125000	0.250000
453	0.000000	0.375000
454	-0.375000	0.375000
455	-0.250000	-0.500000
456	-0.250000	0.500000
457	-0.250000	0.125000
458	-0.125000	0.375000
459	-0.125000	-0.125000
460	-0.125000	0.375000
461	-0.500000	0.750000
462	-0.125000	0.250000
463	-0.375000	-0.625000
464	0.000000	0.500000
465	-0.125000	-0.500000
466	-0.250000	0.375000
467	-0.250000	0.500000
468	-0.125000	0.250000
469	-0.250000	0.125000
470	-0.125000	-0.125000
471	0.000000	0.125000
472	-0.375000	-0.375000
473	-0.250000	-0.250000
474	-0.250000	0.125000
475	0.125000	0.000000
476	-0.125000	-0.125000
477	-0.125000	-0.250000
478	-0.125000	-0.250000
479	-0.250000	0.375000
480	-0.125000	-0.250000
481	-0.125000	0.000000
482	-0.375000	0.125000
483	0.000000	0.375000
484	0.000000	0.000000
485	-0.125000	0.375000
486	-0.750000	-0.875000
487	-0.125000	0.500000
488	-0.750000	-0.875000
489	-0.250000	0.250000
490	-0.125000	0.000000
491	-1.000000	1.000000
492	-0.250000	-0.500000
493	-0.250000	0.125000
494	-0.250000	0.000000
495	-0.375000	0.250000
496	-0.250000	-0.125000
497	-0.250000	0.500000
498	-0.125000	0.125000
499	-0.500000	-0.625000
500	-0.250000	0.500000
501	0.000000	-0.375000
502	-0.125000	0.125000
503	-0.250000	0.500000
504	0.000000	-0.125000
505	-0.250000	0.000000
506	0.000000	0.125000
507	-0.375000	0.375000
508	-0.250000	-0.250000
509	-0.125000	0.500000
510	-0.250000	-0.500000
511	-0.125000	-0.125000
512	-0.125000	0.375000
513	0.000000	0.000000
514	0.000000	0.000000
515	-0.125000	-0.250000
516	-0.125000	0.250000
517	-0.125000	-0.125000
518	-0.250000	-0.375000
519	-0.250000	0.375000
520	0.125000	-0.250000
521	-0.250000	-0.375000
522	0.125000	0.000000
523	-0.250000	0.375000
524	-0.500000	0.500000
525	-0.250000	0.250000
526	0.000000	-0.250000
527	-0.250000	0.500000
528	-0.625000	-0.750000
529	0.125000	0.000000
530	-0.250000	0.125000
531	0.000000	0.250000
532	-0.125000	0.000000
533	0.000000	0.000000
534	-0.500000	0.750000
535	0.000000	-0.250000
536	0.125000	-0.125000
537	-0.125000	0.375000
538	-0.375000	-0.500000
539	0.000000	-0.250000
540	-0.250000	0.500000
541	-0.125000	-0.125000
542	-0.500000	0.625000
543	0.000000	0.000000
544	-0.375000	0.625000
545	0.000000	-0.250000
546	0.125000	-0.250000
547	-0.375000	0.125000
548	-0.625000	-0.750000
549	-0.125000	0.125000
550	-0.250000	-0.125000
551	0.000000	0.250000
552	-0.375000	0.375000
553	-0.250000	-0.125000
554	-0.375000	-0.375000
555	-0.250000	0.375000
556	-1.000000	-1.000000
557	-0.125000	0.375000
558	-0.125000	0.125000
559	-0.125000	-0.125000
560	-0.250000	0.250000
561	-0.375000	-0.500000
562	-0.625000	0.750000
563	0.000000	0.000000
564	-0.625000	0.750000
565	0.125000	0.250000
566	-0.250000	0.500000
567	0.000000	-0.250000
568	-0.500000	0.625000
569	-0.375000	0.375000
570	-0.125000	0.250000
571	0.000000	0.250000
572	-0.375000	-0.500000
573	-0.250000	0.375000
574	-0.375000	0.375000
575	-0.250000	-0.375000
576	-0.375000	0.250000
577	-0.375000	-0.250000
578	0.000000	-0.125000
579	-0.125000	-0.125000
580	-0.250000	-0.375000
581	-0.125000	0.375000
582	-0.125000	0.125000
583	-0.250000	-0.375000
584	0.000000	0.000000
585	-0.375000	-0.500000
586	-0.125000	-0.250000
587	-0.375000	0.625000
588	-0.250000	-0.375000
589	-0.375000	0.625000
590	-0.375000	-0.375000
591	-0.625000	-0.750000
592	-0.125000	-0.375000
593	0.125000	-0.250000
594	-0.250000	0.500000
595	-0.250000	-0.625000
596	-0.125000	0.125000
597	-0.125000	0.125000
598	-0.375000	-0.250000
599	-0.250000	0.250000
600	0.125000	-0.250000
601	-0.500000	0.625000
602	-0.125000	0.375000
603	0.000000	-0.125000
604	-0.500000	0.625000
605	-0.375000	-0.625000
606	0.125000	-0.125000
607	-0.625000	-0.750000
608	-0.250000	0.375000
609	-0.125000	0.375000
610	-0.250000	-0.250000
611	-0.250000	0.125000
612	-0.125000	0.250000
613	-0.750000	0.875000
614	0.000000	0.125000
615	-0.250000	-0.125000
616	-0.500000	-0.750000
617	-0.750000	0.875000
618	-0.250000	0.000000
619	-0.125000	0.125000
620	0.000000	0.000000
621	-0.625000	0.750000
622	-0.250000	0.500000
623	-0.375000	0.125000
624	-0.375000	-0.500000
625	-0.500000	-0.750000
626	0.000000	-0.250000
627	-0.125000	0.125000
628	-0.375000	0.375000
629	-0.250000	0.000000
630	-0.250000	0.375000
631	-0.375000	0.250000
632	-0.250000	-0.375000
633	-0.750000	-0.875000
634	-0.375000	-0.625000
635	-0.250000	0.375000
636	0.000000	0.125000
637	-0.500000	-0.750000
638	0.000000	0.000000
639	0.000000	-0.375000
640	0.000000	0.250000
641	0.000000	0.250000
642	-0.250000	0.000000
643	-0.250000	0.000000
644	-0.500000	0.750000
645	-0.125000	0.250000
646	-0.500000	0.625000
647	-0.625000	-0.750000
648	-0.125000	-0.375000
649	-0.125000	0.250000
650	-0.750000	0.875000
651	-0.500000	0.750000
652	-0.125000	0.500000
653	0.000000	-0.250000
654	-0.125000	-0.250000
655	-0.125000	0.000000
656	-0.125000	-0.250000
657	-0.750000	0.875000
658	-0.250000	0.625000
659	-0.125000	-0.125000
660	0.000000	-0.375000
661	0.125000	0.125000
662	-0.250000	-0.500000
663	0.000000	-0.125000
664	-0.125000	-0.375000
665	-0.750000	0.875000
666	-0.750000	-0.875000
667	-0.375000	-0.625000
668	-0.375000	-0.500000
669	-0.125000	-0.250000
670	-0.125000	0.375000
671	-0.250000	0.375000
672	-0.625000	0.750000
673	0.000000	0.125000
674	-0.375000	0.625000
675	0.000000	-0.250000
676	-0.250000	0.500000
677	0.250000	0.000000
678	-0.250000	0.125000
679	0.000000	0.000000
680	0.250000	0.125000
681	0.000000	-0.375000
682	-0.125000	0.250000
683	0.000000	0.250000
684	0.125000	-0.125000
685	-0.250000	0.500000
686	-0.250000	-0.375000
687	-0.250000	0.125000
688	0.000000	0.000000
689	-0.375000	-0.375000
690	-0.125000	-0.375000
691	0.000000	-0.375000
692	0.125000	0.250000
693	0.000000	0.250000
694	-0.250000	0.250000
695	-0.250000	0.500000
696	-0.125000	-0.375000
697	-0.125000	0.375000
698	0.250000	0.000000
699	-0.375000	-0.500000
700	-0.500000	0.500000
701	-0.250000	0.500000
702	-0.250000	-0.500000
703	-0.375000	0.250000
704	-0.375000	0.375000
705	0.000000	-0.125000
706	-0.125000	-0.375000
707	-0.250000	0.000000
708	-0.250000	-0.375000
709	-0.125000	0.125000
710	-0.125000	-0.250000
711	-0.500000	0.750000
712	-0.125000	0.000000
713	-0.750000	-0.875000
714	-0.625000	-0.750000
715	-0.500000	0.625000
716	-0.125000	-0.125000
717	-0.125000	-0.250000
718	0.125000	-0.250000
719	-0.375000	-0.500000
720	-0.125000	0.000000
721	0.000000	0.250000
722	0.125000	-0.250000
723	0.125000	0.000000
724	-0.250000	0.000000
725	-0.125000	-0.500000
726	0.125000	0.000000
727	0.000000	0.125000
728	-0.250000	0.125000
729	-0.750000	-0.875000
730	-0.375000	-0.125000
731	-0.500000	-0.750000
732	0.000000	0.000000
733	-0.375000	-0.625000
734	-0.500000	0.625000
735	-0.500000	-0.625000
736	-0.500000	0.625000
737	-0.250000	0.125000
738	-0.375000	-0.500000
739	-0.500000	-0.750000
740	-0.375000	0.625000
741	-0.125000	0.500000
742	0.000000	0.250000
743	-0.250000	-0.125000
744	-0.125000	0.125000
745	-0.500000	-0.625000
746	-0.500000	0.625000
747	-0.375000	0.500000
748	-0.375000	-0.375000
749	-0.125000	0.000000
750	-0.125000	-0.375000
751	-0.125000	0.000000
752	-0.250000	0.125000
753	-0.250000	0.500000
754	0.000000	-0.125000
755	-0.125000	0.000000
756	-0.250000	-0.250000
757	0.375000	0.125000
758	0.000000	0.125000
759	-0.375000	-0.375000
760	-0.250000	0.000000
761	-0.250000	-0.375000
762	-0.375000	0.625000
763	-0.625000	-0.750000
764	-0.250000	0.250000
765	-0.125000	-0.375000
766	-0.250000	0.250000
767	-0.125000	-0.125000
768	-0.375000	-0.375000
769	-0.625000	0.750000
770	-0.500000	-0.625000
771	-0.250000	0.000000
772	0.000000	0.000000
773	-0.375000	0.125000
774	-0.125000	0.000000
775	0.125000	0.125000
776	-1.000000	-1.000000
777	-0.250000	-0.500000
778	-0.750000	-0.875000
779	-0.250000	0.500000
780	-0.125000	0.375000
781	-0.375000	0.500000
782	-0.125000	0.375000
783	-0.375000	0.625000
784	-0.375000	-0.375000
785	-0.500000	-0.625000
786	0.125000	-0.125000
787	0.000000	0.125000
788	-0.250000	-0.500000
789	-0.250000	-0.250000
790	-0.125000	0.125000
791	-0.500000	0.625000
792	-0.750000	0.875000
793	-0.750000	0.875000
794	-0.625000	0.750000
795	-0.125000	0.000000
796	-0.125000	-0.375000
797	-0.125000	0.250000
798	-0.125000	0.250000
799	-0.125000	0.000000
800	-0.250000	0.500000
801	-0.375000	0.125000
802	-0.375000	0.500000
803	-0.375000	0.625000
804	-0.250000	-0.500000
805	0.125000	-0.250000
806	0.000000	-0.125000
807	-0.125000	0.000000
808	-0.250000	0.000000
809	-0.500000	-0.625000
810	-0.125000	-0.500000
811	-0.250000	0.250000
812	-0.625000	0.750000
813	-0.250000	0.375000
814	-0.250000	-0.250000
815	-0.250000	0.125000
816	-0.500000	0.750000
817	-0.500000	-0.625000
818	-0.125000	0.250000
819	-0.250000	0.125000
820	-0.375000	0.250000
821	0.000000	0.000000
822	-0.375000	0.500000
823	-0.125000	-0.125000
824	-0.250000	-0.375000
825	-0.500000	0.750000
826	-0.250000	-0.250000
827	0.000000	0.000000
828	-0.125000	0.250000
829	-0.375000	0.125000
830	-0.125000	0.250000
831	-0.125000	-0.250000
832	-0.125000	0.000000
833	-0.500000	-0.750000
834	0.000000	-0.125000
835	-0.250000	0.625000
836	-0.125000	-0.125000
837	-0.625000	-0.750000
838	-0.250000	-0.250000
839	-0.250000	0.000000
840	-0.125000	0.125000
841	-0.500000	0.500000
842	-0.250000	-0.375000
843	-0.250000	0.000000
844	-0.250000	0.125000
845	0.000000	0.125000
846	-0.375000	0.625000
847	-0.375000	0.625000
848	-0.250000	-0.125000
849	-0.500000	-0.750000
850	-0.250000	-0.625000
851	-0.250000	-0.250000
852	-0.500000	0.625000
853	0.000000	0.250000
854	-0.125000	0.250000
855	-0.500000	-0.750000
856	-0.125000	0.125000
857	-0.125000	-0.250000
858	-0.125000	-0.375000
859	-0.125000	0.125000
860	-0.375000	-0.500000
861	0.000000	0.000000
862	-0.250000	0.375000
863	-0.250000	-0.125000
864	-0.125000	-0.500000
865	-0.500000	0.750000
866	-0.125000	0.000000
867	-0.375000	0.500000
868	-0.375000	-0.625000
869	-0.125000	0.125000
870	-0.250000	0.125000
871	0.000000	0.375000
872	0.125000	-0.250000
873	-0.375000	0.625000
874	-0.375000	-0.500000
875	0.125000	0.125000
876	0.000000	0.000000
877	-0.125000	0.125000
878	-0.250000	0.000000
879	-0.250000	0.500000
880	0.000000	-0.125000
881	-0.250000	0.375000
882	-0.375000	0.375000
883	-0.500000	-0.750000
884	-0.250000	0.375000
885	-0.125000	-0.125000
886	0.000000	-0.125000
887	-0.250000	-0.625000
888	0.125000	0.125000
889	-0.250000	-0.500000
890	-0.750000	0.875000
891	-1.000000	1.000000
892	-0.125000	0.375000
893	0.000000	-0.375000
894	-0.375000	0.625000
895	-0.250000	0.375000
896	-0.125000	0.375000
897	-0.375000	0.375000
898	-0.250000	-0.375000
899	-0.125000	-0.250000
900	-0.250000	0.000000
901	-0.500000	0.625000
902	-0.500000	0.500000
903	-0.125000	0.125000
904	-0.375000	0.625000
905	-0.125000	0.000000
906	-0.125000	-0.375000
907	0.000000	-0.125000
908	-0.250000	-0.500000
909	-0.125000	0.500000
910	0.000000	-0.250000
911	-0.125000	-0.250000
912	-0.250000	0.250000
913	-0.125000	0.000000
914	-0.125000	0.125000
915	-0.125000	0.125000
916	-0.125000	0.250000
917	-0.250000	0.625000
918	-0.250000	-0.250000
919	-0.750000	0.875000
920	-0.125000	0.250000
921	-0.375000	-0.500000
922	0.000000	-0.375000
923	0.000000	0.125000
924	-0.125000	-0.250000
925	0.125000	0.000000
926	0.000000	0.375000
927	-0.500000	-0.625000
928	-0.250000	0.000000
929	-0.250000	-0.250000
930	-0.375000	0.500000
931	-0.250000	-0.250000
932	-0.250000	-0.125000
933	-0.125000	-0.250000
934	0.000000	-0.375000
935	0.000000	-0.125000
936	-0.250000	0.125000
937	-0.125000	0.250000
938	-0.500000	-0.625000
939	-0.125000	0.375000
940	-1.000000	-1.000000
941	-0.250000	0.500000
942	-0.375000	0.500000
943	-0.375000	-0.625000
944	-0.500000	-0.750000
945	-0.375000	0.625000
946	-0.250000	0.000000
947	-0.125000	0.500000
948	-0.125000	-0.250000
949	-0.250000	0.500000
950	-0.250000	-0.125000
951	-0.125000	0.250000
952	-0.125000	-0.375000
953	-0.375000	0.625000
954	-0.125000	0.125000
955	-0.375000	-0.375000
956	-0.250000	-0.250000
957	-0.125000	-0.375000
958	-0.250000	0.375000
959	-0.125000	0.375000
960	-0.375000	-0.625000
961	-0.500000	0.625000
962	-0.125000	0.375000
963	-0.250000	0.250000
964	-0.250000	0.000000
965	-0.250000	0.375000
966	-0.250000	-0.125000
967	-0.250000	0.250000
968	-0.125000	-0.125000
969	-0.250000	-0.500000
970	-0.125000	0.250000
971	-0.125000	0.000000
972	-0.125000	0.250000
973	-0.375000	0.625000
974	-0.125000	0.375000
975	0.000000	-0.250000
976	-0.125000	0.250000
977	-0.125000	0.000000
978	-0.375000	-0.625000
979	0.000000	-0.125000
980	-0.125000	-0.375000
981	-0.250000	-0.500000
982	0.000000	0.125000
983	-0.500000	-0.625000
984	-0.500000	-0.625000
985	-0.375000	0.250000
986	0.250000	0.000000
987	-0.250000	0.375000
988	-0.375000	0.625000
989	0.000000	0.250000
990	0.000000	0.500000
991	-0.500000	-0.625000
992	-0.500000	-0.750000
993	-0.125000	-0.125000
994	-0.250000	0.500000
995	-0.375000	0.500000
996	-0.125000	-0.375000
997	0.125000	0.375000
998	-0.250000	0.375000
999	-0.250000	0.500000
