0	-0.250000	-0.125000
1	-0.250000	0.250000
2	-0.625000	0.750000
3	0.125000	-0.125000
4	-0.500000	0.500000
5	-0.375000	-0.375000
6	-0.125000	0.250000
7	-0.250000	0.500000
8	-0.125000	-0.250000
9	0.125000	0.125000
10	0.000000	-0.250000
11	0.000000	0.250000
12	-0.375000	-0.375000
13	-0.375000	-0.625000
14	-0.125000	0.250000
15	0.000000	-0.500000
16	0.000000	0.000000
17	0.000000	0.125000
18	-0.125000	-0.125000
19	0.000000	0.125000
20	-0.125000	-0.125000
21	-0.500000	-0.625000
22	-0.125000	-0.125000
23	-0.125000	-0.125000
24	0.125000	0.000000
25	-0.125000	0.125000
26	-0.250000	0.125000
27	-0.375000	0.500000
28	-0.125000	0.250000
29	-0.250000	0.125000
30	0.125000	0.125000
31	-0.125000	0.125000
32	-0.125000	0.375000
33	0.000000	0.000000
34	-0.125000	-0.500000
35	-0.250000	-0.500000
36	-0.500000	-0.750000
37	0.000000	0.250000
38	-0.250000	0.000000
39	-0.125000	-0.375000
40	-0.250000	-0.125000
41	-0.125000	-0.375000
42	0.125000	0.125000
43	0.000000	0.000000
44	-0.375000	0.625000
45	0.000000	0.250000
46	-0.375000	-0.500000
47	-0.500000	-0.625000
48	0.000000	0.125000
49	0.000000	-0.250000
50	-0.250000	0.250000
51	-0.375000	-0.375000
52	0.125000	0.250000
53	-0.125000	0.500000
54	-0.125000	-0.125000
55	0.000000	0.125000
56	0.000000	0.250000
57	0.000000	0.125000
58	0.000000	0.250000
59	-0.500000	-0.625000
60	-0.750000	-0.875000
61	-0.250000	-0.375000
62	-0.125000	0.000000
63	-0.250000	0.500000
64	0.000000	0.125000
65	0.125000	-0.250000
66	-0.375000	0.250000
67	0.000000	0.000000
68	-0.250000	-0.625000
69	-0.250000	-0.375000
70	-0.125000	0.250000
71	-0.125000	0.500000
72	-0.375000	0.625000
73	-0.250000	0.250000
74	0.125000	-0.125000
75	-0.125000	-0.250000
76	-0.125000	0.375000
77	-0.250000	0.500000
78	-0.125000	-0.125000
79	-0.750000	-0.875000
80	0.250000	0.250000
81	0.000000	-0.250000
82	-0.375000	0.375000
83	-0.250000	-0.500000
84	-0.125000	-0.375000
85	-0.375000	0.500000
86	-0.250000	-0.500000
87	0.125000	0.125000
88	0.125000	-0.375000
89	0.000000	-0.250000
90	-0.125000	-0.125000
91	-0.250000	0.375000
92	-0.125000	-0.500000
93	0.125000	0.125000
94	-0.250000	0.125000
95	0.000000	-0.125000
96	-0.125000	0.500000
97	-0.125000	0.375000
98	-0.125000	-0.250000
99	-0.125000	0.375000
100	-0.250000	0.000000
101	-0.375000	0.500000
102	-0.250000	0.500000
103	-0.250000	-0.375000
104	-0.750000	-0.875000
105	-0.250000	0.500000
106	-0.250000	0.500000
107	-0.250000	0.375000
108	0.125000	0.375000
109	0.250000	-0.125000
110	-0.125000	-0.375000
111	0.125000	0.125000
112	-0.500000	-0.625000
113	-0.125000	0.250000
114	-0.375000	-0.625000
115	-0.375000	0.125000
116	-0.125000	0.125000
117	0.125000	0.125000
118	-0.250000	-0.375000
119	-0.125000	0.125000
120	0.000000	-0.250000
121	-0.250000	0.250000
122	-0.500000	-0.500000
123	-0.250000	0.375000
124	-0.125000	0.375000
125	-0.250000	-0.125000
126	0.000000	0.000000
127	-0.125000	0.375000
128	-0.250000	0.250000
129	0.125000	0.000000
130	-0.250000	-0.125000
131	0.000000	0.375000
132	-0.250000	0.375000
133	-0.250000	0.250000
134	-0.375000	0.625000
135	0.000000	0.250000
136	-0.250000	-0.625000
137	0.125000	-0.125000
138	0.000000	0.000000
139	-0.375000	0.625000
140	0.000000	-0.250000
141	0.000000	0.000000
142	-0.375000	0.250000
143	0.000000	-0.250000
144	-0.125000	-0.250000
145	0.000000	0.125000
146	-0.500000	-0.625000
147	0.000000	0.000000
148	-0.250000	0.125000
149	-0.375000	-0.375000
150	0.000000	0.125000
151	-0.375000	0.500000
152	-0.250000	-0.125000
153	-0.250000	0.125000
154	0.125000	0.000000
155	-0.125000	0.500000
156	-0.250000	-0.375000
157	-0.250000	-0.250000
158	0.000000	0.250000
159	0.000000	-0.125000
160	-0.250000	-0.375000
161	0.000000	-0.375000
162	-0.375000	0.375000
163	0.000000	-0.250000
164	-0.375000	-0.375000
165	-0.125000	0.000000
166	0.125000	0.125000
167	0.000000	-0.125000
168	-0.125000	0.000000
169	-0.125000	0.375000
170	-0.125000	-0.375000
171	-0.125000	0.125000
172	-0.375000	0.500000
173	0.000000	0.250000
174	-0.250000	0.375000
175	-0.125000	-0.250000
176	-0.250000	0.000000
177	-0.250000	0.250000
178	-0.125000	0.250000
179	-0.125000	-0.250000
180	-0.250000	0.000000
181	-0.250000	0.500000
182	-0.250000	0.500000
183	-0.125000	0.125000
184	0.125000	-0.125000
185	0.000000	0.250000
186	-0.375000	-0.625000
187	0.000000	0.000000
188	0.125000	0.000000
189	-0.125000	-0.125000
190	0.250000	-0.125000
191	-0.750000	0.875000
192	0.000000	0.000000
193	0.000000	0.000000
194	-0.375000	0.625000
195	-0.250000	0.250000
196	-0.250000	-0.250000
197	0.000000	0.125000
198	-0.250000	-0.500000
199	-0.375000	-0.625000
200	0.000000	0.250000
201	0.125000	-0.250000
202	-0.125000	-0.125000
203	-0.125000	0.250000
204	-0.250000	0.250000
205	0.000000	-0.375000
206	-0.250000	-0.250000
207	-0.375000	-0.500000
208	-0.250000	-0.375000
209	-0.125000	-0.375000
210	-0.250000	0.250000
211	-0.375000	0.500000
212	-0.125000	-0.375000
213	-0.125000	0.375000
214	-0.625000	-0.750000
215	-0.750000	-0.875000
216	-0.250000	-0.125000
217	0.000000	-0.250000
218	0.000000	0.125000
219	0.000000	0.000000
220	-0.125000	0.125000
221	0.000000	-0.250000
222	-0.250000	-0.500000
223	-0.250000	0.375000
224	0.125000	0.125000
225	0.125000	0.000000
226	-0.250000	-0.375000
227	-0.125000	0.250000
228	0.250000	0.125000
229	-0.125000	0.500000
230	-0.250000	-0.125000
231	0.000000	0.125000
232	0.000000	0.000000
233	0.250000	0.000000
234	0.000000	0.125000
235	-0.125000	0.250000
236	-0.125000	0.250000
237	-0.125000	-0.250000
238	0.250000	0.125000
239	-0.125000	0.125000
240	0.000000	0.125000
241	0.125000	0.375000
242	-0.250000	0.375000
243	-0.125000	0.000000
244	-0.125000	0.250000
245	-0.250000	-0.500000
246	-0.500000	0.625000
247	0.125000	-0.125000
248	-0.250000	-0.625000
249	0.000000	0.375000
250	-0.250000	0.625000
251	0.000000	0.000000
252	0.125000	-0.125000
253	-0.500000	0.750000
254	0.000000	0.500000
255	-0.125000	-0.375000
256	-0.250000	0.375000
257	0.125000	0.000000
258	-0.125000	0.250000
259	-0.125000	0.000000
260	-0.250000	0.500000
261	0.125000	0.375000
262	-0.250000	-0.500000
263	-0.125000	-0.375000
264	-0.250000	-0.500000
265	-0.125000	-0.250000
266	-0.125000	0.250000
267	-0.125000	0.375000
268	-0.125000	0.250000
269	-0.125000	-0.375000
270	-0.250000	0.000000
271	-0.125000	0.375000
272	-0.250000	-0.250000
273	-0.250000	0.125000
274	0.125000	0.000000
275	-0.250000	0.125000
276	0.000000	0.250000
277	-0.250000	0.000000
278	-0.250000	-0.500000
279	-0.125000	0.125000
280	0.125000	-0.125000
281	-0.500000	-0.750000
282	-0.125000	0.375000
283	-0.375000	0.500000
284	-0.375000	0.375000
285	-0.500000	-0.625000
286	0.000000	0.250000
287	-0.250000	0.250000
288	-0.250000	-0.500000
289	-0.125000	0.125000
290	-0.125000	0.000000
291	0.000000	0.250000
292	-0.250000	0.125000
293	-0.250000	-0.375000
294	-0.125000	0.250000
295	0.125000	0.000000
296	-0.125000	-0.125000
297	-0.125000	-0.250000
298	0.000000	0.375000
299	0.125000	-0.125000
300	-0.375000	0.500000
301	-0.250000	-0.250000
302	-0.125000	-0.250000
303	-0.250000	0.125000
304	-0.125000	-0.250000
305	0.000000	0.125000
306	-0.125000	0.125000
307	0.250000	-0.250000
308	-0.500000	-0.625000
309	0.000000	0.250000
310	-0.125000	0.375000
311	-0.125000	0.500000
312	-0.125000	0.000000
313	-0.250000	-0.250000
314	0.000000	0.250000
315	0.000000	-0.125000
316	0.125000	0.000000
317	-0.750000	0.875000
318	-0.375000	-0.375000
319	-0.250000	0.125000
320	-0.125000	0.250000
321	-0.125000	-0.375000
322	0.000000	0.000000
323	-0.250000	-0.250000
324	0.000000	0.500000
325	0.000000	0.250000
326	-0.500000	-0.750000
327	-0.250000	0.500000
328	-0.125000	0.000000
329	0.000000	-0.125000
330	-0.500000	0.625000
331	-0.500000	-0.750000
332	-0.250000	0.000000
333	0.125000	-0.250000
334	-0.125000	-0.125000
335	-0.250000	0.000000
336	0.000000	0.250000
337	0.000000	0.125000
338	0.250000	-0.250000
339	-0.250000	0.625000
340	-0.250000	-0.500000
341	-0.250000	0.000000
342	-0.125000	0.375000
343	-0.250000	0.500000
344	-0.125000	0.500000
345	-0.125000	-0.250000
346	0.000000	0.000000
347	-0.250000	-0.375000
348	-0.250000	0.000000
349	0.125000	0.125000
350	-0.375000	-0.500000
351	0.000000	-0.125000
352	-0.375000	-0.125000
353	0.000000	-0.375000
354	-1.000000	-1.000000
355	0.125000	0.000000
356	-0.375000	0.125000
357	-0.250000	-0.250000
358	-0.125000	0.125000
359	-0.375000	0.500000
360	-0.250000	0.500000
361	-0.250000	-0.625000
362	-0.500000	0.750000
363	-0.125000	-0.250000
364	-0.125000	0.250000
365	-0.250000	0.500000
366	-0.125000	-0.125000
367	-0.625000	-0.750000
368	0.250000	0.125000
369	-0.250000	0.500000
370	0.000000	0.125000
371	0.125000	-0.250000
372	0.000000	-0.250000
373	-0.125000	-0.250000
374	-0.125000	0.125000
375	0.375000	-0.125000
376	-0.250000	-0.125000
377	-0.125000	0.375000
378	-0.500000	-0.625000
379	-0.500000	-0.750000
380	-0.250000	0.125000
381	-0.250000	0.000000
382	0.000000	0.000000
383	-0.125000	0.375000
384	0.000000	0.000000
385	-0.375000	0.500000
386	0.000000	0.000000
387	-0.250000	0.500000
388	0.125000	-0.250000
389	0.125000	0.125000
390	-0.375000	0.625000
391	0.000000	-0.125000
392	-0.125000	0.000000
393	-0.250000	0.000000
394	-0.250000	0.250000
395	-0.250000	0.375000
396	-0.375000	0.250000
397	-0.375000	-0.500000
398	-0.250000	0.125000
399	-0.250000	-0.500000
400	0.250000	-0.250000
401	-0.250000	0.000000
402	-0.125000	-0.250000
403	-0.125000	-0.500000
404	0.000000	-0.250000
405	-0.625000	0.750000
406	-0.250000	-0.375000
407	0.000000	0.125000
408	-0.625000	-0.750000
409	-0.375000	-0.500000
410	0.000000	0.125000
411	-0.250000	-0.375000
412	-0.125000	-0.125000
413	-0.125000	0.000000
414	-0.250000	0.000000
415	0.250000	0.125000
416	0.125000	-0.250000
417	-0.375000	0.375000
418	-0.125000	-0.125000
419	-0.375000	0.500000
420	-0.125000	-0.125000
421	-0.250000	0.125000
422	-0.375000	0.375000
423	-0.375000	0.125000
424	-0.250000	0.250000
425	-0.250000	0.375000
426	-0.125000	-0.500000
427	-0.375000	-0.500000
428	-0.250000	0.375000
429	-0.500000	0.750000
430	0.000000	0.250000
431	-0.250000	-0.500000
432	-0.125000	0.125000
433	0.000000	0.125000
434	0.000000	0.375000
435	0.375000	-0.250000
436	-0.250000	-0.375000
437	-0.250000	-0.500000
438	-0.375000	-0.250000
439	-0.125000	0.125000
440	-0.125000	-0.500000
441	-0.125000	0.000000
442	-0.125000	-0.375000
443	-0.625000	-0.750000
444	-0.125000	0.125000
445	-0.250000	0.500000
446	0.000000	0.125000
447	-0.500000	-0.625000
448	-0.500000	-0.625000
449	-0.500000	0.625000
450	0.000000	-0.375000
451	0.000000	-0.125000
452	-0.375000	0.625000
453	-0.250000	-0.500000
454	-0.250000	0.375000
455	-0.125000	0.000000
456	-0.250000	-0.125000
457	-0.750000	-0.875000
458	-0.250000	-0.625000
459	-0.250000	0.250000
460	-0.375000	0.625000
461	-0.125000	0.375000
462	-0.250000	0.000000
463	-0.125000	0.000000
464	-0.500000	-0.625000
465	-0.250000	0.000000
466	-0.125000	0.125000
467	-0.250000	-0.375000
468	-0.250000	0.500000
469	-0.125000	-0.375000
470	-0.250000	-0.250000
471	0.000000	-0.375000
472	-0.125000	-0.125000
473	0.000000	0.125000
474	-0.125000	0.000000
475	-0.500000	-0.750000
476	0.000000	0.250000
477	-0.500000	-0.750000
478	0.000000	0.250000
479	-0.250000	-0.125000
480	0.000000	0.250000
481	-0.125000	-0.125000
482	-0.250000	-0.500000
483	-0.250000	0.500000
484	-0.375000	-0.625000
485	-0.125000	-0.375000
486	-0.125000	-0.500000
487	0.000000	-0.375000
488	-0.125000	0.125000
489	-0.250000	-0.125000
490	-0.250000	-0.125000
491	0.250000	0.125000
492	-0.250000	0.000000
493	-0.250000	-0.125000
494	-0.375000	0.375000
495	0.000000	-0.250000
496	-0.250000	-0.125000
497	-0.375000	-0.375000
498	-0.125000	-0.375000
499	0.000000	0.375000
500	0.000000	0.500000
501	-0.125000	-0.250000
502	-0.250000	-0.375000
503	0.000000	-0.250000
504	-0.375000	-0.625000
505	-0.250000	0.125000
506	-0.500000	0.625000
507	-0.500000	-0.750000
508	0.000000	-0.375000
509	0.000000	0.000000
510	0.000000	0.000000
511	-0.500000	-0.750000
512	-0.500000	0.625000
513	0.000000	0.000000
514	0.000000	0.250000
515	0.000000	0.000000
516	0.000000	0.125000
517	-0.125000	-0.500000
518	0.125000	-0.250000
519	-0.125000	0.000000
520	-0.125000	0.250000
521	-0.375000	0.625000
522	-0.500000	0.625000
523	-0.125000	-0.250000
524	-0.125000	-0.375000
525	-0.250000	0.625000
526	0.000000	0.000000
527	-0.125000	0.500000
528	0.000000	0.250000
529	0.000000	0.375000
530	-0.250000	0.375000
531	-0.250000	-0.250000
532	-0.125000	0.125000
533	0.125000	0.250000
534	-0.250000	-0.125000
535	-0.125000	-0.125000
536	0.000000	-0.250000
537	-0.375000	-0.375000
538	-0.125000	0.375000
539	-0.375000	0.500000
540	0.000000	0.000000
541	-0.375000	0.125000
542	-0.500000	0.750000
543	-0.375000	-0.625000
544	0.125000	0.000000
545	-0.500000	0.625000
546	0.125000	-0.250000
547	-0.750000	0.875000
548	-0.125000	-0.500000
549	-0.125000	-0.500000
550	-0.250000	0.000000
551	0.000000	0.250000
552	-0.500000	-0.750000
553	-0.250000	-0.625000
554	-0.125000	0.375000
555	-0.125000	0.125000
556	-0.250000	0.375000
557	-0.125000	-0.375000
558	0.250000	0.000000
559	-0.250000	0.000000
560	-0.375000	-0.625000
561	-0.125000	0.000000
562	-0.125000	0.250000
563	-0.500000	-0.750000
564	-0.250000	0.625000
565	-0.750000	-0.875000
566	-0.125000	0.375000
567	-0.500000	0.625000
568	-0.125000	0.125000
569	0.125000	-0.125000
570	0.000000	-0.125000
571	0.000000	0.375000
572	0.000000	0.250000
573	-0.375000	-0.625000
574	0.000000	0.250000
575	-0.500000	-0.625000
576	-0.375000	-0.375000
577	-0.125000	0.250000
578	-0.250000	0.375000
579	0.000000	0.125000
580	-0.250000	0.250000
581	-0.125000	-0.375000
582	-0.125000	0.250000
583	-0.250000	-0.375000
584	0.000000	0.250000
585	0.000000	0.375000
586	-0.125000	-0.125000
587	-0.250000	0.500000
588	-0.500000	0.625000
589	-0.250000	0.250000
590	-0.500000	-0.750000
591	-0.250000	-0.250000
592	-0.125000	-0.250000
593	-0.250000	0.125000
594	-0.250000	0.125000
595	-0.375000	-0.500000
596	0.000000	0.000000
597	-0.250000	0.250000
598	0.250000	0.000000
599	0.125000	0.000000
600	-0.250000	0.500000
601	-0.500000	-0.625000
602	-0.250000	0.375000
603	-0.250000	0.250000
604	-0.250000	-0.500000
605	-0.125000	0.250000
606	0.000000	-0.375000
607	0.000000	-0.375000
608	-0.250000	0.000000
609	0.000000	0.000000
610	0.000000	-0.250000
611	0.000000	0.000000
612	-0.250000	0.000000
613	-0.250000	-0.625000
614	0.125000	0.000000
615	0.125000	0.125000
616	-0.125000	-0.125000
617	0.000000	-0.375000
618	-0.250000	-0.125000
619	-0.375000	-0.250000
620	-0.125000	-0.375000
621	-0.375000	0.375000
622	-0.250000	-0.250000
623	-0.125000	0.000000
624	-0.125000	0.125000
625	-0.125000	-0.250000
626	-0.250000	-0.500000
627	0.000000	0.000000
628	-0.125000	0.375000
629	-0.125000	-0.250000
630	-0.125000	-0.375000
631	-0.375000	-0.250000
632	-0.250000	0.125000
633	-0.125000	-0.250000
634	-0.375000	-0.500000
635	-0.250000	-0.125000
636	-0.250000	0.000000
637	-0.625000	-0.750000
638	-0.250000	-0.125000
639	-0.250000	0.250000
640	-0.250000	0.125000
641	0.000000	-0.125000
642	-0.125000	0.000000
643	0.000000	0.125000
644	-0.250000	-0.250000
645	-0.250000	-0.500000
646	-0.250000	0.125000
647	-0.125000	-0.250000
648	-0.125000	0.125000
649	0.000000	0.000000
650	0.125000	0.250000
651	0.000000	0.125000
652	-0.250000	0.000000
653	0.000000	0.000000
654	-0.125000	0.125000
655	-0.125000	0.250000
656	-0.500000	-0.500000
657	-0.125000	0.375000
658	-0.125000	-0.500000
659	-0.250000	0.250000
660	-0.375000	-0.250000
661	-0.375000	0.625000
662	-0.250000	-0.625000
663	0.125000	-0.125000
664	-0.250000	0.375000
665	0.000000	-0.250000
666	-0.250000	-0.250000
667	-0.250000	-0.375000
668	0.000000	-0.500000
669	0.000000	-0.125000
670	-0.625000	0.750000
671	-0.125000	-0.375000
672	-0.250000	-0.250000
673	-0.250000	0.500000
674	-0.250000	-0.125000
675	-0.250000	0.625000
676	-0.250000	-0.500000
677	-0.250000	0.500000
678	-0.125000	0.000000
679	-0.375000	0.125000
680	0.000000	0.375000
681	-0.375000	-0.625000
682	-0.125000	-0.500000
683	-0.375000	0.625000
684	-0.500000	-0.625000
685	0.250000	0.125000
686	0.000000	-0.250000
687	-0.250000	0.000000
688	-0.125000	0.250000
689	0.000000	-0.125000
690	0.000000	0.125000
691	0.000000	-0.125000
692	-0.125000	-0.500000
693	-0.125000	0.000000
694	-0.250000	0.250000
695	0.000000	-0.250000
696	-0.125000	-0.250000
697	-0.250000	-0.250000
698	0.000000	0.000000
699	-0.250000	0.500000
700	-0.250000	-0.500000
701	-0.125000	0.125000
702	-0.250000	0.375000
703	-0.375000	-0.625000
704	-0.125000	0.250000
705	-0.250000	-0.250000
706	0.250000	-0.125000
707	0.000000	-0.250000
708	0.250000	0.000000
709	-0.125000	0.250000
710	0.125000	0.250000
711	-0.375000	-0.250000
712	0.000000	0.250000
713	0.000000	0.125000
714	-0.125000	0.375000
715	-0.375000	-0.500000
716	0.000000	-0.250000
717	0.000000	-0.250000
718	-0.250000	-0.125000
719	0.000000	-0.250000
720	0.000000	0.000000
721	-0.375000	0.500000
722	0.125000	0.000000
723	0.000000	0.250000
724	0.000000	-0.125000
725	-0.375000	0.375000
726	0.125000	0.000000
727	0.125000	-0.125000
728	0.125000	0.250000
729	0.000000	-0.250000
730	0.000000	0.125000
731	-0.500000	0.625000
732	-0.250000	0.000000
733	0.000000	0.125000
734	0.000000	-0.375000
735	0.250000	0.250000
736	-0.250000	0.500000
737	0.000000	0.000000
738	-0.250000	0.000000
739	0.000000	0.125000
740	0.625000	0.000000
741	-0.125000	0.500000
742	0.000000	0.500000
743	0.000000	-0.250000
744	-0.125000	0.125000
745	-0.250000	0.250000
746	-0.125000	0.500000
747	-0.500000	-0.625000
748	-0.500000	0.625000
749	0.000000	-0.125000
750	-0.250000	0.125000
751	-0.375000	-0.625000
752	0.000000	-0.250000
753	0.125000	-0.250000
754	0.250000	0.000000
755	-0.250000	-0.375000
756	0.000000	0.125000
757	0.000000	-0.375000
758	0.000000	-0.250000
759	0.125000	-0.125000
760	-0.125000	-0.375000
761	-0.250000	0.625000
762	-0.375000	0.500000
763	-0.375000	-0.500000
764	0.000000	0.000000
765	0.125000	-0.125000
766	-0.250000	0.500000
767	-0.125000	0.250000
768	0.125000	0.125000
769	-0.375000	-0.375000
770	-0.375000	0.500000
771	-0.125000	-0.500000
772	0.000000	0.250000
773	0.000000	-0.375000
774	0.000000	0.250000
775	-0.250000	0.500000
776	-0.375000	-0.500000
777	0.125000	-0.250000
778	0.000000	0.000000
779	0.000000	0.000000
780	0.125000	-0.125000
781	-0.500000	0.750000
782	-0.375000	0.375000
783	-0.125000	-0.500000
784	0.000000	0.375000
785	-0.375000	0.625000
786	0.250000	-0.250000
787	-0.250000	0.375000
788	0.000000	-0.125000
789	0.000000	0.000000
790	-0.125000	0.375000
791	-0.125000	0.375000
792	0.000000	-0.125000
793	0.000000	0.125000
794	-0.375000	-0.250000
795	-0.250000	-0.250000
796	0.125000	0.125000
797	-0.250000	0.125000
798	0.000000	-0.125000
799	0.000000	0.125000
800	-0.250000	-0.125000
801	-0.125000	-0.125000
802	-0.375000	0.500000
803	-0.375000	-0.250000
804	0.125000	0.250000
805	-0.375000	0.250000
806	-0.250000	0.000000
807	0.125000	-0.125000
808	-0.250000	-0.250000
809	-0.375000	-0.625000
810	-0.125000	0.125000
811	-0.250000	-0.500000
812	-0.250000	-0.125000
813	-0.125000	0.375000
814	-0.125000	0.375000
815	-0.625000	-0.750000
816	-0.250000	-0.125000
817	-0.250000	0.125000
818	-0.125000	0.375000
819	-0.500000	-0.625000
820	-0.375000	0.625000
821	-0.625000	0.750000
822	-0.125000	0.375000
823	-0.125000	-0.125000
824	0.000000	-0.125000
825	0.000000	0.125000
826	-0.250000	-0.125000
827	-0.125000	-0.500000
828	-0.500000	-0.750000
829	-0.250000	0.375000
830	-0.250000	0.375000
831	0.000000	0.000000
832	-0.250000	-0.125000
833	-0.125000	0.500000
834	-0.125000	-0.125000
835	-0.250000	-0.375000
836	0.000000	-0.125000
837	-0.125000	-0.375000
838	0.000000	-0.250000
839	0.125000	-0.125000
840	-0.500000	-0.750000
841	-0.125000	-0.250000
842	-0.250000	-0.500000
843	-0.125000	0.125000
844	-0.250000	0.125000
845	0.000000	0.000000
846	-0.250000	0.125000
847	-0.250000	0.125000
848	-0.125000	-0.250000
849	-0.250000	0.625000
850	0.000000	0.000000
851	-0.125000	-0.250000
852	-0.125000	-0.375000
853	-0.625000	0.750000
854	0.125000	-0.125000
855	-0.250000	0.000000
856	-0.375000	-0.625000
857	0.000000	-0.250000
858	-0.250000	0.250000
859	-0.375000	0.625000
860	-0.500000	-0.750000
861	-0.375000	-0.250000
862	0.000000	-0.250000
863	-0.125000	0.250000
864	-0.250000	-0.250000
865	-0.250000	0.375000
866	-0.250000	0.125000
867	-0.625000	-0.750000
868	-0.125000	-0.125000
869	-0.125000	-0.250000
870	0.000000	-0.125000
871	0.000000	0.000000
872	-0.375000	0.500000
873	0.000000	0.250000
874	-0.125000	0.000000
875	-0.500000	-0.625000
876	-0.125000	0.000000
877	0.125000	0.000000
878	0.000000	0.125000
879	0.000000	-0.375000
880	0.125000	0.000000
881	0.000000	-0.250000
882	-0.250000	0.250000
883	-0.125000	-0.250000
884	-0.250000	0.500000
885	-0.250000	0.000000
886	0.000000	0.250000
887	-0.125000	0.000000
888	0.000000	-0.125000
889	0.125000	-0.125000
890	-0.125000	-0.375000
891	0.250000	0.000000
892	0.000000	0.125000
893	0.000000	-0.250000
894	-0.125000	-0.375000
895	0.125000	0.250000
896	0.125000	0.000000
897	0.000000	-0.125000
898	0.000000	0.250000
899	-0.125000	0.375000
900	-0.125000	0.500000
901	-0.250000	-0.250000
902	0.000000	0.250000
903	-0.125000	-0.500000
904	-0.375000	-0.500000
905	-0.250000	0.375000
906	-0.125000	0.250000
907	-0.125000	-0.375000
908	-0.125000	-0.125000
909	-0.125000	-0.250000
910	-0.250000	-0.125000
911	0.000000	-0.125000
912	0.000000	0.125000
913	0.000000	0.250000
914	-0.125000	0.125000
915	-0.125000	-0.250000
916	-0.250000	0.125000
917	-0.125000	0.250000
918	-0.500000	-0.500000
919	-0.625000	-0.750000
920	-0.125000	0.125000
921	-0.250000	-0.375000
922	0.125000	0.125000
923	-0.125000	0.250000
924	0.000000	0.000000
925	-0.375000	-0.625000
926	-0.125000	-0.250000
927	-0.125000	0.375000
928	-0.125000	-0.500000
929	-0.375000	-0.125000
930	0.000000	0.000000
931	0.000000	-0.125000
932	-0.375000	-0.500000
933	-0.375000	-0.375000
934	0.000000	0.250000
935	-0.500000	0.750000
936	-0.125000	-0.375000
937	0.125000	0.000000
938	-0.250000	-0.125000
939	-0.125000	0.375000
940	0.000000	0.125000
941	-0.250000	-0.250000
942	-0.125000	-0.125000
943	-0.250000	0.500000
944	-0.250000	-0.375000
945	-0.250000	0.125000
946	0.000000	0.375000
947	-0.125000	0.250000
948	-0.125000	0.250000
949	-0.125000	0.000000
950	-0.125000	0.125000
951	-0.375000	-0.500000
952	-0.125000	0.000000
953	-0.125000	-0.375000
954	0.000000	-0.375000
955	-0.125000	-0.375000
956	-0.250000	0.375000
957	-0.250000	0.375000
958	0.000000	0.000000
959	-0.500000	0.750000
960	-0.125000	0.000000
961	-0.125000	0.500000
962	0.000000	-0.250000
963	0.000000	0.000000
964	0.000000	-0.125000
965	-0.250000	0.000000
966	-0.125000	0.250000
967	-0.125000	0.125000
968	0.000000	0.000000
969	0.125000	0.125000
970	-0.375000	0.500000
971	-0.250000	0.125000
972	-0.250000	-0.375000
973	-0.125000	-0.250000
974	-0.500000	0.750000
975	-0.750000	-0.875000
976	-0.250000	0.625000
977	0.125000	-0.250000
978	0.000000	-0.125000
979	-0.375000	-0.375000
980	-0.375000	0.375000
981	0.000000	-0.125000
982	-0.375000	0.625000
983	-0.750000	-0.875000
984	0.000000	0.000000
985	-0.250000	-0.250000
986	0.000000	-0.250000
987	0.000000	0.125000
988	0.000000	0.000000
989	-0.500000	0.500000
990	-0.375000	0.500000
991	-0.250000	-0.250000
992	-0.500000	-0.750000
993	-0.625000	-0.750000
994	0.000000	-0.375000
995	-0.375000	0.625000
996	-0.125000	-0.500000
997	-0.750000	0.875000
998	0.250000	-0.250000
999	0.000000	0.000000
