0	-0.500000	-0.500000
1	-0.750000	-0.875000
2	-0.250000	0.375000
3	-0.250000	0.375000
4	-0.250000	0.375000
5	0.000000	0.000000
6	-0.125000	-0.250000
7	-0.250000	0.125000
8	-0.375000	-0.500000
9	-0.125000	-0.375000
10	-0.375000	-0.375000
11	0.125000	-0.250000
12	-0.625000	-0.750000
13	-0.125000	-0.375000
14	-0.250000	0.125000
15	-0.125000	-0.375000
16	-0.125000	0.500000
17	-0.375000	0.625000
18	-0.500000	0.000000
19	-1.000000	1.000000
20	-0.500000	-0.750000
21	-0.250000	-0.375000
22	-0.375000	0.375000
23	0.000000	0.000000
24	-0.375000	0.500000
25	-0.500000	0.625000
26	-0.125000	0.375000
27	-0.250000	-0.500000
28	0.000000	-0.125000
29	-0.250000	0.375000
30	-0.750000	-0.875000
31	0.000000	-0.250000
32	-1.000000	-1.000000
33	0.125000	-0.125000
34	-0.250000	0.125000
35	-0.250000	0.000000
36	-0.500000	0.750000
37	-0.625000	-0.750000
38	-0.375000	0.625000
39	-0.125000	-0.375000
40	-0.500000	-0.625000
41	-0.500000	-0.625000
42	-0.125000	0.125000
43	-0.500000	0.750000
44	0.000000	0.125000
45	-0.500000	0.625000
46	-0.250000	0.375000
47	-0.500000	-0.625000
48	-0.375000	0.125000
49	-0.250000	0.625000
50	0.000000	0.250000
51	0.125000	0.000000
52	0.125000	-0.125000
53	-0.250000	0.125000
54	-0.750000	-0.875000
55	-0.250000	-0.250000
56	-0.750000	-0.875000
57	-0.250000	0.625000
58	-0.750000	-0.875000
59	-0.125000	0.125000
60	-0.625000	0.750000
61	-0.625000	0.750000
62	-0.375000	0.375000
63	-0.125000	-0.250000
64	-0.625000	0.750000
65	-1.000000	-1.000000
66	-0.250000	0.500000
67	-0.375000	0.375000
68	-0.625000	0.750000
69	-0.625000	-0.750000
70	-0.625000	-0.750000
71	-0.500000	-0.625000
72	-0.125000	0.250000
73	-0.250000	0.375000
74	-0.750000	0.875000
75	0.000000	0.125000
76	-0.125000	0.250000
77	0.000000	0.250000
78	-0.500000	-0.625000
79	-0.500000	0.625000
80	-0.250000	-0.625000
81	-1.000000	-1.000000
82	-0.750000	0.875000
83	-0.250000	-0.250000
84	-0.500000	0.750000
85	-1.000000	-1.000000
86	0.000000	0.250000
87	-0.250000	0.625000
88	-0.625000	0.750000
89	0.000000	0.000000
90	-0.250000	0.375000
91	-0.625000	0.750000
92	-0.375000	-0.375000
93	-0.500000	-0.625000
94	-0.125000	0.125000
95	-0.375000	-0.625000
96	0.000000	-0.125000
97	-0.500000	-0.750000
98	-0.375000	-0.500000
99	-0.500000	0.625000
100	-0.375000	0.625000
101	-0.750000	0.875000
102	-0.125000	0.375000
103	-0.625000	-0.750000
104	-0.125000	-0.125000
105	0.125000	-0.125000
106	-0.250000	0.250000
107	-0.750000	0.875000
108	-0.375000	-0.375000
109	-0.625000	-0.750000
110	0.000000	0.000000
111	-0.375000	0.250000
112	-0.125000	0.000000
113	-0.250000	0.375000
114	0.250000	0.125000
115	-0.375000	-0.500000
116	0.000000	0.250000
117	-0.375000	-0.625000
118	-0.250000	-0.250000
119	-0.125000	-0.125000
120	0.125000	0.250000
121	-0.125000	-0.500000
122	-0.750000	0.875000
123	-0.500000	0.625000
124	-0.250000	-0.250000
125	-0.500000	0.000000
126	0.000000	-0.250000
127	-0.125000	-0.250000
128	-0.250000	-0.125000
129	-0.500000	0.625000
130	-0.250000	0.500000
131	-0.375000	-0.625000
132	0.000000	0.500000
133	-0.250000	-0.500000
134	-0.250000	-0.125000
135	-1.000000	1.000000
136	-0.750000	-0.875000
137	-0.375000	0.250000
138	-0.125000	0.375000
139	-0.250000	0.000000
140	-0.250000	-0.375000
141	-0.375000	0.375000
142	-0.750000	0.875000
143	-0.375000	-0.375000
144	-0.250000	0.000000
145	-0.250000	0.000000
146	-0.250000	-0.500000
147	0.000000	0.375000
148	-0.125000	-0.125000
149	-0.750000	-0.875000
150	-0.125000	0.250000
151	-0.250000	-0.500000
152	-0.500000	0.750000
153	-0.250000	0.000000
154	-0.250000	0.375000
155	-0.750000	0.875000
156	-0.625000	0.750000
157	0.000000	-0.250000
158	0.125000	-0.125000
159	-0.750000	0.875000
160	-0.375000	0.625000
161	-0.375000	0.375000
162	-0.500000	-0.625000
163	-0.500000	-0.750000
164	-0.250000	-0.500000
165	-0.250000	-0.375000
166	-0.500000	-0.625000
167	-0.125000	-0.125000
168	-0.250000	0.250000
169	-0.250000	0.125000
170	-0.375000	-0.375000
171	-0.750000	-0.875000
172	0.000000	0.000000
173	-0.250000	0.375000
174	-0.250000	-0.375000
175	-0.375000	0.500000
176	-0.125000	-0.375000
177	-0.250000	-0.375000
178	-0.750000	0.875000
179	-0.500000	-0.500000
180	0.000000	-0.125000
181	-0.500000	-0.500000
182	-0.250000	0.375000
183	-0.250000	0.250000
184	0.000000	-0.250000
185	-0.125000	-0.125000
186	-0.125000	-0.375000
187	-0.250000	0.125000
188	-0.500000	0.750000
189	0.000000	0.000000
190	-0.750000	0.875000
191	0.000000	0.250000
192	-0.500000	0.500000
193	-0.250000	0.000000
194	-0.375000	0.250000
195	-0.250000	0.250000
196	-0.125000	0.375000
197	-0.375000	-0.375000
198	-0.125000	0.375000
199	-0.375000	-0.125000
200	-0.375000	-0.250000
201	-0.125000	0.500000
202	-0.500000	0.625000
203	0.000000	-0.250000
204	-0.250000	0.125000
205	-0.250000	0.125000
206	-0.500000	-0.750000
207	-0.625000	0.750000
208	-0.125000	-0.250000
209	-1.000000	-1.000000
210	-0.125000	-0.250000
211	-0.250000	-0.250000
212	-0.250000	0.375000
213	-0.250000	-0.500000
214	-0.375000	-0.125000
215	-0.500000	0.750000
216	-0.500000	0.625000
217	-0.250000	0.375000
218	-0.125000	-0.125000
219	-0.375000	0.375000
220	-0.250000	-0.250000
221	-0.375000	0.250000
222	-0.125000	0.250000
223	-0.125000	-0.250000
224	-0.500000	0.625000
225	-0.375000	-0.625000
226	-0.125000	-0.250000
227	-0.750000	-0.875000
228	-0.250000	-0.125000
229	-0.125000	0.250000
230	-0.375000	-0.625000
231	-1.000000	1.000000
232	-0.375000	0.500000
233	-0.250000	0.000000
234	-0.250000	0.250000
235	-0.250000	0.250000
236	-0.125000	-0.375000
237	-0.250000	-0.500000
238	-0.500000	0.750000
239	-0.125000	0.250000
240	-0.375000	-0.375000
241	-0.250000	0.125000
242	-0.250000	-0.250000
243	-1.000000	-1.000000
244	-0.625000	0.750000
245	-0.250000	0.125000
246	-0.250000	-0.250000
247	-0.625000	-0.750000
248	-0.250000	0.500000
249	-0.375000	-0.375000
250	0.125000	0.000000
251	0.000000	-0.125000
252	-0.250000	0.375000
253	-1.000000	-1.000000
254	-0.375000	0.625000
255	-0.250000	0.250000
256	-0.250000	0.625000
257	-0.375000	-0.375000
258	-0.125000	0.000000
259	-0.375000	0.375000
260	-0.250000	0.000000
261	-0.125000	-0.375000
262	-0.375000	-0.625000
263	-0.125000	0.500000
264	-0.500000	0.750000
265	-0.375000	-0.500000
266	-0.250000	-0.375000
267	-0.125000	0.250000
268	-0.375000	-0.500000
269	-0.125000	0.000000
270	-0.500000	0.750000
271	-0.375000	0.625000
272	-0.375000	-0.625000
273	-0.250000	0.375000
274	-0.125000	-0.250000
275	-0.125000	-0.250000
276	-0.500000	-0.500000
277	-0.125000	0.250000
278	-0.750000	0.875000
279	-0.375000	0.500000
280	-0.250000	-0.250000
281	-0.125000	-0.125000
282	-0.375000	-0.375000
283	-0.125000	-0.375000
284	-0.375000	-0.375000
285	-0.125000	0.125000
286	-0.500000	-0.625000
287	-0.125000	0.500000
288	-0.125000	-0.250000
289	-0.375000	0.375000
290	-0.125000	0.375000
291	-0.500000	-0.625000
292	-0.250000	-0.125000
293	0.000000	-0.125000
294	-0.250000	0.375000
295	-0.250000	0.000000
296	-0.125000	0.125000
297	-0.250000	0.375000
298	-0.250000	0.625000
299	-0.125000	0.250000
300	-0.250000	0.000000
301	-0.250000	0.000000
302	-0.125000	-0.250000
303	-0.750000	0.875000
304	-0.250000	0.125000
305	-0.250000	0.000000
306	-0.125000	0.375000
307	-0.750000	-0.875000
308	-0.250000	0.375000
309	-0.375000	-0.375000
310	-0.125000	-0.125000
311	-0.375000	0.250000
312	-0.625000	-0.750000
313	-0.625000	0.750000
314	0.000000	0.500000
315	-0.125000	0.375000
316	-0.250000	0.375000
317	-0.125000	-0.250000
318	-0.250000	-0.500000
319	0.000000	0.000000
320	-0.125000	0.375000
321	-0.125000	-0.125000
322	-0.125000	-0.375000
323	-0.250000	0.250000
324	-0.250000	-0.375000
325	-0.500000	0.750000
326	-0.375000	0.625000
327	-0.750000	0.875000
328	-1.000000	-1.000000
329	-0.125000	0.500000
330	-0.375000	-0.375000
331	-0.375000	-0.500000
332	-0.125000	0.375000
333	-0.375000	-0.500000
334	-0.500000	0.625000
335	0.000000	0.125000
336	-0.375000	-0.625000
337	0.000000	0.250000
338	-0.375000	0.625000
339	-0.375000	-0.625000
340	-0.250000	0.375000
341	0.000000	0.375000
342	-0.250000	0.125000
343	-0.375000	-0.375000
344	-0.750000	-0.875000
345	-1.000000	1.000000
346	-0.125000	0.125000
347	0.125000	0.125000
348	0.000000	-0.250000
349	-0.250000	0.000000
350	-0.250000	0.250000
351	-0.125000	0.000000
352	-0.125000	-0.250000
353	-0.375000	-0.625000
354	-0.250000	0.000000
355	-0.375000	-0.625000
356	-0.750000	0.875000
357	-0.500000	-0.750000
358	0.125000	0.250000
359	-0.500000	-0.625000
360	-0.250000	-0.250000
361	-0.125000	0.125000
362	-0.125000	-0.250000
363	-0.125000	0.375000
364	-0.375000	0.625000
365	-0.250000	0.000000
366	-0.750000	0.875000
367	-0.125000	0.000000
368	-0.125000	-0.250000
369	-0.125000	0.375000
370	0.000000	-0.250000
371	-0.250000	-0.250000
372	0.000000	-0.125000
373	-0.500000	-0.500000
374	-0.250000	0.250000
375	-0.500000	0.750000
376	-0.250000	-0.500000
377	-0.250000	-0.375000
378	-0.500000	0.750000
379	0.000000	0.250000
380	-0.500000	0.000000
381	0.000000	0.125000
382	-0.125000	0.125000
383	-0.500000	-0.625000
384	-0.250000	0.125000
385	0.000000	0.250000
386	-0.375000	0.625000
387	-0.375000	0.375000
388	-0.250000	-0.250000
389	-0.250000	0.375000
390	-1.000000	-1.000000
391	-0.375000	-0.625000
392	-0.375000	-0.500000
393	-0.125000	-0.500000
394	-0.250000	-0.250000
395	-0.750000	-0.875000
396	-0.375000	0.375000
397	-0.750000	-0.875000
398	-0.125000	0.250000
399	-0.125000	0.250000
400	-0.375000	-0.500000
401	-0.250000	0.375000
402	-0.250000	-0.375000
403	-0.125000	0.500000
404	-0.625000	-0.750000
405	0.000000	0.250000
406	-0.250000	0.250000
407	-0.250000	0.250000
408	0.125000	0.000000
409	0.000000	0.375000
410	-0.750000	0.875000
411	-0.375000	0.375000
412	-0.750000	-0.875000
413	0.000000	0.000000
414	-0.125000	0.250000
415	-0.500000	0.750000
416	-0.125000	-0.500000
417	-0.250000	-0.500000
418	-0.125000	0.500000
419	-0.750000	-0.875000
420	-0.250000	-0.250000
421	-0.250000	0.375000
422	-0.375000	-0.625000
423	-0.625000	-0.750000
424	-0.500000	0.500000
425	-0.375000	0.375000
426	-0.250000	0.000000
427	-0.250000	0.500000
428	-0.750000	-0.875000
429	0.125000	0.125000
430	-0.750000	-0.875000
431	-0.375000	-0.500000
432	-0.250000	0.250000
433	-0.125000	-0.250000
434	-0.500000	0.625000
435	0.000000	0.125000
436	-0.375000	-0.375000
437	-0.250000	-0.250000
438	-0.250000	-0.375000
439	-0.500000	-0.625000
440	-0.250000	0.250000
441	-0.250000	0.500000
442	0.000000	0.000000
443	-0.250000	-0.375000
444	-0.250000	0.125000
445	-0.250000	-0.125000
446	-0.125000	-0.375000
447	-0.250000	-0.250000
448	-0.250000	0.000000
449	-0.250000	-0.500000
450	-1.000000	-1.000000
451	0.000000	-0.125000
452	-0.375000	-0.500000
453	-0.500000	-0.750000
454	-0.250000	-0.250000
455	-0.125000	0.125000
456	-0.250000	0.125000
457	0.000000	-0.125000
458	-0.750000	-0.875000
459	-0.750000	-0.875000
460	-0.250000	0.500000
461	-0.250000	-0.625000
462	-0.250000	-0.500000
463	-0.375000	0.500000
464	-0.125000	0.125000
465	0.000000	-0.250000
466	-0.375000	-0.500000
467	-0.125000	0.125000
468	-0.125000	-0.250000
469	-0.250000	-0.250000
470	-0.375000	-0.625000
471	-0.250000	-0.500000
472	-0.625000	0.750000
473	-0.375000	0.625000
474	-0.500000	-0.750000
475	-0.250000	0.250000
476	-0.375000	0.375000
477	-0.250000	0.000000
478	-0.375000	-0.500000
479	0.000000	0.000000
480	-0.500000	0.750000
481	-0.125000	0.125000
482	-0.375000	-0.250000
483	-0.125000	0.250000
484	-0.750000	0.875000
485	0.000000	0.250000
486	-0.500000	-0.750000
487	-0.125000	0.125000
488	-0.125000	0.125000
489	-0.375000	0.625000
490	-0.750000	-0.875000
491	-0.250000	0.500000
492	-0.375000	-0.625000
493	0.000000	0.000000
494	-0.125000	0.250000
495	0.125000	0.000000
496	-0.375000	-0.250000
497	-0.250000	-0.500000
498	-0.625000	0.750000
499	-0.125000	-0.375000
500	-0.375000	-0.250000
501	-0.500000	-0.625000
502	-0.500000	0.750000
503	-0.250000	0.500000
504	-0.375000	0.375000
505	0.000000	-0.250000
506	-0.500000	0.625000
507	-0.125000	0.375000
508	-1.000000	-1.000000
509	-0.125000	0.125000
510	0.125000	-0.125000
511	-0.250000	-0.375000
512	-0.125000	0.125000
513	-0.750000	0.875000
514	-0.250000	0.500000
515	-0.125000	0.125000
516	-0.375000	0.625000
517	-0.625000	-0.750000
518	0.000000	0.125000
519	0.000000	0.125000
520	-0.750000	0.875000
521	-0.750000	-0.875000
522	-1.000000	1.000000
523	-0.500000	-0.625000
524	0.000000	0.000000
525	-0.375000	0.375000
526	-0.250000	0.625000
527	-0.500000	-0.750000
528	-0.125000	0.125000
529	-0.375000	-0.125000
530	-0.375000	-0.500000
531	-0.375000	0.625000
532	-1.000000	-1.000000
533	-0.375000	0.500000
534	-0.250000	0.125000
535	-0.375000	0.625000
536	-0.250000	-0.250000
537	-0.125000	-0.500000
538	-0.375000	0.625000
539	-0.250000	-0.375000
540	-0.375000	-0.500000
541	-0.250000	-0.375000
542	-0.375000	0.625000
543	-0.375000	0.375000
544	-0.125000	0.125000
545	-0.750000	0.875000
546	-0.375000	-0.500000
547	-0.250000	0.125000
548	-0.625000	0.750000
549	-0.125000	0.125000
550	-0.375000	0.375000
551	-0.375000	-0.625000
552	-0.250000	0.000000
553	-0.375000	-0.250000
554	-0.250000	-0.250000
555	-0.125000	-0.250000
556	-0.375000	-0.625000
557	-0.750000	0.875000
558	-0.625000	0.750000
559	-0.125000	0.000000
560	-0.375000	0.375000
561	-1.000000	-1.000000
562	-0.250000	-0.500000
563	-0.250000	-0.125000
564	-0.125000	0.250000
565	-0.625000	0.750000
566	0.000000	-0.125000
567	-0.375000	0.500000
568	-0.500000	0.625000
569	0.000000	0.125000
570	-0.125000	-0.125000
571	0.000000	0.000000
572	-0.250000	-0.125000
573	-0.250000	-0.625000
574	-0.375000	-0.500000
575	-0.500000	-0.625000
576	-0.250000	0.125000
577	0.000000	0.125000
578	-0.250000	0.250000
579	-0.250000	-0.375000
580	-0.500000	-0.625000
581	-0.250000	-0.375000
582	-0.375000	-0.625000
583	0.000000	0.000000
584	-0.250000	0.000000
585	-0.750000	0.875000
586	-0.500000	-0.750000
587	-0.250000	-0.625000
588	-0.375000	0.500000
589	-0.750000	-0.875000
590	-0.250000	0.125000
591	-0.250000	0.125000
592	-0.750000	-0.875000
593	-0.500000	0.750000
594	-1.000000	-1.000000
595	0.000000	-0.250000
596	-0.125000	-0.125000
597	-0.500000	-0.750000
598	-0.125000	-0.375000
599	-0.250000	0.000000
600	-0.250000	-0.375000
601	-0.500000	0.750000
602	-1.000000	-1.000000
603	0.000000	0.000000
604	-0.375000	-0.125000
605	0.000000	-0.250000
606	0.000000	0.000000
607	-0.250000	-0.125000
608	-0.250000	0.125000
609	-0.500000	-0.750000
610	-0.250000	-0.125000
611	-0.250000	0.125000
612	0.000000	0.000000
613	-0.375000	0.375000
614	-0.500000	-0.750000
615	-0.250000	0.250000
616	-0.375000	0.250000
617	-0.125000	-0.375000
618	-0.125000	0.125000
619	-0.250000	0.000000
620	-0.125000	-0.125000
621	-0.250000	0.250000
622	-0.125000	-0.125000
623	-0.375000	-0.625000
624	-0.125000	0.250000
625	-0.250000	-0.375000
626	-0.375000	0.375000
627	0.000000	0.000000
628	-0.250000	-0.125000
629	-0.125000	0.125000
630	-0.250000	0.000000
631	-0.375000	-0.500000
632	-1.000000	-1.000000
633	-0.500000	0.750000
634	-0.375000	-0.500000
635	0.000000	-0.375000
636	-0.125000	-0.375000
637	-0.250000	0.375000
638	-0.375000	0.375000
639	-0.250000	0.125000
640	-0.500000	0.750000
641	-0.250000	0.625000
642	-0.500000	0.625000
643	-1.000000	-1.000000
644	-0.250000	0.250000
645	-0.500000	0.750000
646	0.000000	0.000000
647	-0.125000	-0.375000
648	-0.375000	-0.500000
649	-1.000000	1.000000
650	-0.375000	-0.500000
651	-0.375000	0.625000
652	-0.750000	0.875000
653	0.000000	0.250000
654	0.250000	0.250000
655	-0.375000	-0.125000
656	-0.750000	-0.875000
657	-0.500000	0.625000
658	-0.500000	0.750000
659	-0.125000	0.125000
660	0.000000	-0.125000
661	-0.250000	0.250000
662	-0.250000	-0.125000
663	0.000000	0.000000
664	-0.375000	-0.250000
665	-0.250000	0.125000
666	-0.125000	0.375000
667	-0.125000	0.250000
668	-1.000000	-1.000000
669	-0.125000	0.250000
670	-0.125000	0.125000
671	-0.625000	-0.750000
672	-0.750000	0.875000
673	0.000000	0.250000
674	-0.125000	-0.250000
675	-0.125000	-0.250000
676	0.125000	-0.250000
677	-1.000000	-1.000000
678	-0.375000	0.500000
679	-1.000000	1.000000
680	-0.250000	-0.125000
681	-0.125000	0.375000
682	-0.250000	0.500000
683	-0.500000	0.750000
684	-0.250000	0.375000
685	-0.750000	-0.875000
686	-0.125000	0.000000
687	-0.375000	0.500000
688	-0.250000	0.500000
689	-0.375000	-0.375000
690	-1.000000	1.000000
691	-0.250000	-0.500000
692	-0.125000	0.000000
693	-0.500000	0.750000
694	-0.250000	0.000000
695	0.000000	-0.250000
696	-0.375000	0.500000
697	-0.750000	-0.875000
698	-0.375000	0.250000
699	-0.375000	-0.375000
700	-0.375000	0.375000
701	-0.750000	-0.875000
702	-0.250000	0.500000
703	-0.375000	-0.625000
704	-0.750000	-0.875000
705	-0.125000	0.000000
706	-0.375000	-0.625000
707	-0.250000	-0.375000
708	-0.375000	0.250000
709	0.000000	0.250000
710	-0.500000	-0.500000
711	-0.500000	0.625000
712	-0.125000	-0.250000
713	-0.500000	0.625000
714	-0.125000	0.250000
715	-0.250000	-0.250000
716	-0.500000	-0.625000
717	-0.125000	0.500000
718	-0.125000	0.000000
719	-0.250000	-0.375000
720	-0.125000	0.250000
721	-0.250000	-0.250000
722	-1.000000	-1.000000
723	-0.750000	0.875000
724	-0.125000	0.125000
725	-0.125000	0.125000
726	-0.125000	-0.375000
727	-0.500000	-0.625000
728	-0.250000	-0.250000
729	-0.750000	0.875000
730	-0.375000	0.125000
731	0.000000	-0.375000
732	-0.125000	0.500000
733	-0.250000	0.500000
734	-0.125000	-0.250000
735	-0.250000	-0.125000
736	-0.750000	-0.875000
737	-0.125000	-0.250000
738	-0.750000	0.875000
739	-0.125000	-0.375000
740	-0.375000	0.500000
741	-0.375000	0.625000
742	0.000000	0.000000
743	0.000000	0.250000
744	-0.250000	-0.375000
745	-0.250000	0.000000
746	-0.250000	0.500000
747	0.000000	0.375000
748	-0.250000	0.375000
749	-0.125000	-0.375000
750	-0.125000	0.000000
751	-0.250000	0.375000
752	-0.500000	-0.750000
753	-0.250000	-0.375000
754	-0.250000	0.125000
755	-0.250000	0.250000
756	-0.375000	-0.500000
757	-0.250000	-0.125000
758	-0.250000	0.375000
759	-0.500000	-0.500000
760	0.125000	-0.125000
761	-0.375000	0.250000
762	-0.625000	-0.750000
763	-0.250000	0.125000
764	-0.500000	0.750000
765	-0.750000	0.875000
766	-0.500000	0.500000
767	-0.500000	-0.750000
768	-0.125000	0.375000
769	0.000000	0.000000
770	-0.750000	-0.875000
771	-0.375000	0.500000
772	-0.375000	0.625000
773	-0.250000	0.500000
774	-0.375000	-0.625000
775	-0.125000	0.125000
776	-0.250000	0.125000
777	-0.125000	-0.125000
778	-0.250000	0.125000
779	-0.125000	0.000000
780	-0.250000	-0.250000
781	-0.125000	0.125000
782	-0.125000	0.375000
783	-0.750000	0.875000
784	-0.750000	-0.875000
785	-0.250000	-0.500000
786	-0.250000	0.000000
787	-0.625000	0.750000
788	-0.375000	-0.625000
789	-0.125000	-0.125000
790	-0.750000	-0.875000
791	-0.500000	-0.500000
792	-0.500000	0.750000
793	-0.375000	-0.500000
794	-0.500000	-0.625000
795	-0.250000	-0.375000
796	-0.750000	0.875000
797	-1.000000	-1.000000
798	-0.375000	-0.500000
799	-0.250000	-0.500000
800	-0.125000	-0.375000
801	-0.750000	-0.875000
802	-0.250000	-0.250000
803	-0.125000	0.125000
804	-0.375000	0.250000
805	-0.625000	-0.750000
806	-0.375000	0.625000
807	-1.000000	-1.000000
808	-0.625000	0.750000
809	-0.125000	-0.125000
810	-0.125000	0.500000
811	-0.625000	0.750000
812	-0.500000	-0.625000
813	-0.500000	0.625000
814	-0.625000	-0.750000
815	-0.125000	0.000000
816	-0.250000	0.000000
817	-0.500000	0.625000
818	-0.250000	0.250000
819	-0.125000	0.375000
820	-0.125000	-0.500000
821	-0.250000	-0.375000
822	-0.125000	-0.250000
823	-0.500000	0.625000
824	-0.500000	0.625000
825	-0.250000	0.250000
826	-0.750000	-0.875000
827	-0.500000	0.625000
828	-0.250000	-0.250000
829	-0.125000	0.375000
830	-0.250000	0.000000
831	-0.250000	0.250000
832	-0.375000	0.625000
833	-0.500000	-0.625000
834	-0.250000	-0.375000
835	-0.500000	-0.625000
836	-0.250000	0.250000
837	-1.000000	1.000000
838	-0.375000	-0.500000
839	-0.375000	-0.500000
840	-0.375000	0.500000
841	-0.750000	-0.875000
842	0.125000	0.125000
843	0.125000	-0.250000
844	-0.250000	-0.250000
845	-0.750000	-0.875000
846	-0.125000	0.000000
847	-0.375000	0.625000
848	-0.250000	-0.250000
849	-0.250000	0.375000
850	0.125000	0.250000
851	-0.250000	-0.375000
852	-0.625000	0.750000
853	-0.500000	0.750000
854	-0.125000	-0.375000
855	-0.250000	0.250000
856	0.000000	0.250000
857	0.000000	-0.125000
858	-0.250000	0.250000
859	-0.250000	0.625000
860	-0.125000	0.375000
861	-0.375000	0.375000
862	-0.250000	-0.375000
863	-0.125000	0.250000
864	0.000000	0.000000
865	-0.250000	0.250000
866	-0.375000	0.500000
867	-0.375000	0.500000
868	-0.250000	0.500000
869	-0.375000	-0.625000
870	-0.375000	-0.500000
871	-0.125000	0.000000
872	-0.375000	0.625000
873	-0.250000	-0.500000
874	-0.625000	-0.750000
875	-0.500000	-0.750000
876	-0.375000	-0.500000
877	-0.125000	0.250000
878	-0.250000	0.250000
879	-0.500000	-0.625000
880	-0.375000	0.375000
881	-0.750000	-0.875000
882	-0.250000	-0.500000
883	0.000000	-0.250000
884	-0.250000	-0.125000
885	-0.500000	-0.750000
886	-0.250000	0.625000
887	-0.375000	0.625000
888	-0.500000	0.625000
889	-0.250000	-0.125000
890	-1.000000	1.000000
891	-0.125000	0.500000
892	-0.500000	-0.625000
893	-0.500000	0.500000
894	-0.125000	0.125000
895	-0.250000	-0.500000
896	-0.500000	-0.625000
897	-0.125000	-0.250000
898	0.000000	-0.125000
899	-0.375000	-0.625000
900	-0.375000	-0.500000
901	-0.250000	0.375000
902	-0.125000	-0.250000
903	-0.250000	0.500000
904	-0.375000	0.125000
905	-0.250000	-0.375000
906	-0.250000	0.000000
907	-0.625000	-0.750000
908	-0.250000	0.000000
909	-0.250000	0.125000
910	-0.250000	-0.500000
911	-0.125000	0.125000
912	0.125000	0.000000
913	-0.750000	0.875000
914	-0.250000	0.125000
915	-0.125000	-0.250000
916	-0.375000	0.375000
917	-0.125000	0.375000
918	-0.250000	0.000000
919	-0.375000	0.625000
920	-0.125000	-0.375000
921	0.000000	0.375000
922	-0.125000	0.250000
923	-0.375000	-0.625000
924	-0.500000	0.750000
925	-0.250000	0.000000
926	-0.250000	0.125000
927	-0.375000	-0.500000
928	-0.250000	0.000000
929	-0.375000	-0.625000
930	-0.125000	-0.500000
931	-0.500000	0.625000
932	-0.250000	0.500000
933	-0.250000	0.000000
934	-0.625000	0.750000
935	0.000000	-0.250000
936	-0.500000	0.625000
937	-0.375000	0.625000
938	-0.250000	-0.375000
939	-0.625000	-0.750000
940	-0.250000	-0.375000
941	0.000000	-0.125000
942	-0.125000	0.250000
943	-0.250000	-0.500000
944	-0.250000	0.000000
945	-0.250000	0.000000
946	-0.250000	-0.125000
947	0.125000	0.250000
948	-0.250000	-0.250000
949	-0.125000	0.375000
950	-0.125000	-0.375000
951	-0.250000	0.375000
952	-0.125000	0.000000
953	-0.375000	-0.375000
954	-0.375000	0.625000
955	-0.500000	-0.625000
956	-0.750000	0.875000
957	-0.750000	0.875000
958	-0.125000	-0.250000
959	0.000000	0.375000
960	-0.375000	0.375000
961	-0.250000	0.000000
962	-0.500000	0.750000
963	0.000000	0.250000
964	-0.125000	-0.250000
965	-1.000000	1.000000
966	0.125000	0.000000
967	-0.375000	0.500000
968	-1.000000	1.000000
969	-0.500000	0.750000
970	-0.250000	0.125000
971	-0.250000	0.250000
972	-0.125000	0.125000
973	-0.375000	-0.500000
974	-0.125000	0.125000
975	-0.375000	-0.375000
976	-0.625000	-0.750000
977	-0.375000	-0.625000
978	0.125000	0.125000
979	-0.125000	-0.250000
980	-0.250000	0.375000
981	-0.625000	-0.750000
982	-0.375000	-0.500000
983	-0.125000	-0.125000
984	-0.500000	0.625000
985	-0.375000	-0.500000
986	-0.125000	0.125000
987	0.000000	0.000000
988	-0.375000	-0.375000
989	-0.125000	0.000000
990	0.000000	0.000000
991	-0.500000	-0.625000
992	-0.500000	-0.750000
993	-0.250000	0.500000
994	0.000000	0.125000
995	-0.500000	-0.625000
996	-0.250000	0.500000
997	-0.125000	0.250000
998	-0.250000	-0.125000
999	-0.250000	0.500000
