0	-0.649414	-0.046387
1	-0.649414	0.014160
2	-0.639648	-0.086426
3	-0.673340	-0.209473
4	-0.679688	-0.220703
5	-0.665039	-0.186523
6	-0.677246	-0.210938
7	-0.707520	-0.274414
8	-0.658691	-0.234863
9	-0.659180	-0.244629
10	-0.662598	-0.211426
11	-0.633789	-0.291992
12	-0.677246	-0.349609
13	-0.688477	-0.378906
14	-0.686035	-0.457031
15	-0.645020	-0.417969
16	-0.641602	-0.465820
17	-0.677734	-0.442383
18	-0.676270	-0.443848
19	-0.677246	-0.442383
20	-0.631836	-0.328125
21	-0.615234	-0.366699
22	-0.664063	-0.487305
23	-0.684082	-0.458496
24	-0.674805	-0.396973
25	-0.634277	-0.395020
26	-0.672363	-0.377930
27	-0.656738	-0.322266
28	-0.658203	-0.357910
29	-0.661133	-0.357910
30	-0.651367	-0.330078
31	-0.683105	-0.336426
32	-0.669434	-0.354004
33	-0.680176	-0.342773
34	-0.689941	-0.424805
35	-0.635742	-0.310059
36	-0.655273	-0.351563
37	-0.621094	-0.199707
38	-0.658691	-0.184082
39	-0.638184	-0.093750
40	-0.635742	-0.066406
41	-0.649902	-0.057617
42	-0.646973	-0.218750
43	-0.661133	-0.260742
44	-0.633301	-0.269531
45	-0.625488	-0.254883
46	-0.651367	-0.316406
47	-0.637695	-0.227539
48	-0.584961	-0.130859
49	-0.644043	-0.126953
50	-0.653809	-0.126953
51	-0.636719	-0.044922
52	-0.677246	-0.057129
53	-0.657715	-0.049316
54	-0.647949	-0.009766
55	-0.637695	-0.062988
56	-0.632813	-0.060059
57	-0.660645	0.004883
58	-0.640625	0.036621
59	-0.644043	-0.043457
60	-0.649902	-0.047363
61	-0.666504	-0.160156
62	-0.674805	-0.137207
63	-0.674805	-0.256836
64	-0.671387	-0.236328
65	-0.659668	-0.228027
66	-0.681152	-0.282715
67	-0.679688	-0.346680
68	-0.691895	-0.408203
69	-0.672852	-0.353516
70	-0.656738	-0.344727
71	-0.697266	-0.331543
72	-0.649414	-0.234863
73	-0.674805	-0.269531
74	-0.658691	-0.225098
75	-0.640137	-0.056152
76	-0.637695	-0.068848
77	-0.623047	-0.000977
78	-0.625488	-0.002441
79	-0.632324	0.072266
80	-0.630371	0.048828
81	-0.673340	0.036133
82	-0.660156	0.132324
83	-0.626465	0.135254
84	-0.670898	0.126465
85	-0.609375	-0.003418
86	-0.628906	-0.028320
87	-0.665039	0.000488
88	-0.679199	0.035156
89	-0.693848	-0.076660
90	-0.674316	-0.097168
91	-0.644531	-0.127930
92	-0.654785	-0.229980
93	-0.639648	-0.194336
94	-0.682129	-0.087891
95	-0.647949	-0.067383
96	-0.647461	-0.076172
97	-0.650391	-0.152832
98	-0.620117	-0.125977
99	-0.685059	-0.122559
100	-0.647461	-0.090332
101	-0.655762	-0.012207
102	-0.644531	-0.088867
103	-0.666992	-0.093262
104	-0.643066	-0.134277
105	-0.650879	-0.173340
106	-0.661133	-0.089844
107	-0.669922	-0.164063
108	-0.655273	-0.229004
109	-0.638672	-0.235840
110	-0.653320	-0.308105
111	-0.610352	-0.194336
112	-0.625000	-0.012695
113	-0.661621	0.033203
114	-0.655762	0.141113
115	-0.640137	0.191895
116	-0.651855	0.160645
117	-0.623047	0.242676
118	-0.661133	0.308594
119	-0.648438	0.302734
120	-0.648438	0.258301
121	-0.645996	0.202637
122	-0.651855	0.132813
123	-0.652832	0.125488
124	-0.615234	0.082520
125	-0.645020	0.113770
126	-0.697754	0.182617
127	-0.675293	0.241699
128	-0.666016	0.114746
129	-0.681152	0.106934
130	-0.640625	0.033203
131	-0.616699	0.114746
132	-0.604492	0.016602
133	-0.627441	-0.086426
134	-0.638184	-0.079590
135	-0.634277	-0.061035
136	-0.637207	0.016602
137	-0.653809	-0.135254
138	-0.684082	-0.161133
139	-0.664063	-0.185547
140	-0.616699	-0.295898
141	-0.647949	-0.301758
142	-0.670898	-0.371094
143	-0.679199	-0.383301
144	-0.678223	-0.444336
145	-0.706055	-0.493164
146	-0.665527	-0.461914
147	-0.689453	-0.454590
148	-0.651855	-0.364746
149	-0.644043	-0.372559
150	-0.657715	-0.340332
151	-0.666016	-0.428711
152	-0.649902	-0.467285
153	-0.634766	-0.565430
154	-0.671387	-0.616211
155	-0.699707	-0.618652
156	-0.681152	-0.641113
157	-0.700684	-0.638184
158	-0.684570	-0.632324
159	-0.668945	-0.625488
160	-0.687012	-0.626953
161	-0.729980	-0.645508
162	-0.711914	-0.624023
163	-0.696777	-0.648438
164	-0.716797	-0.619629
165	-0.672363	-0.604004
166	-0.701660	-0.614746
167	-0.685547	-0.540039
168	-0.707031	-0.558594
169	-0.693359	-0.524414
170	-0.677734	-0.558594
171	-0.690430	-0.545898
172	-0.651855	-0.509277
173	-0.700684	-0.571289
174	-0.666992	-0.455078
175	-0.692383	-0.533691
176	-0.692383	-0.485352
177	-0.666016	-0.464844
178	-0.685059	-0.454102
179	-0.657227	-0.317383
180	-0.685059	-0.277832
181	-0.696777	-0.260254
182	-0.691895	-0.329590
183	-0.660645	-0.434570
184	-0.678223	-0.492676
185	-0.659668	-0.450195
186	-0.630371	-0.386719
187	-0.649414	-0.292480
188	-0.629395	-0.282715
189	-0.645996	-0.326660
190	-0.641113	-0.312988
191	-0.645508	-0.144043
192	-0.645508	-0.080078
193	-0.638672	0.043457
194	-0.632324	-0.015625
195	-0.645020	-0.081055
196	-0.604492	-0.105469
197	-0.634277	-0.229980
198	-0.597168	-0.056641
199	-0.610840	0.064941
200	-0.652832	0.187012
201	-0.660156	0.133789
202	-0.632324	0.171387
203	-0.649902	0.142090
204	-0.614258	0.099609
205	-0.653320	0.044922
206	-0.648926	-0.048340
207	-0.631836	-0.062988
208	-0.678223	-0.153320
209	-0.651367	-0.132813
210	-0.658691	-0.193359
211	-0.671387	-0.175781
212	-0.685547	-0.173828
213	-0.650879	-0.128418
214	-0.653320	-0.078613
215	-0.678223	-0.142090
216	-0.663574	-0.086426
217	-0.683594	-0.113770
218	-0.659668	-0.148926
219	-0.661621	-0.158691
220	-0.648438	-0.291016
221	-0.647949	-0.154785
222	-0.685547	-0.180176
223	-0.676270	-0.217773
224	-0.674316	-0.263672
225	-0.633301	-0.145020
226	-0.610352	-0.205078
227	-0.649414	-0.277344
228	-0.644043	-0.378418
229	-0.659180	-0.288086
230	-0.651855	-0.203613
231	-0.650879	-0.202148
232	-0.635742	-0.315430
233	-0.660156	-0.370605
234	-0.679688	-0.336914
235	-0.681152	-0.471680
236	-0.683105	-0.441895
237	-0.693848	-0.547852
238	-0.692871	-0.564941
239	-0.704590	-0.579590
240	-0.670410	-0.448730
241	-0.639648	-0.422363
242	-0.656250	-0.459961
243	-0.666992	-0.524414
244	-0.681641	-0.598145
245	-0.706543	-0.647461
246	-0.686523	-0.594727
247	-0.682129	-0.668457
248	-0.717285	-0.692383
249	-0.679199	-0.639160
250	-0.700684	-0.640137
251	-0.731445	-0.715820
252	-0.658691	-0.593262
253	-0.699219	-0.572266
254	-0.670898	-0.568359
255	-0.694824	-0.611328
256	-0.713379	-0.604004
257	-0.697266	-0.578613
258	-0.654297	-0.509277
259	-0.666504	-0.537109
260	-0.666504	-0.547363
261	-0.644043	-0.479004
262	-0.656738	-0.525391
263	-0.663574	-0.542480
264	-0.677734	-0.525391
265	-0.712402	-0.522949
266	-0.687012	-0.497070
267	-0.694336	-0.391602
268	-0.687500	-0.321289
269	-0.645508	-0.384766
270	-0.651367	-0.367188
271	-0.679199	-0.327637
272	-0.681641	-0.321289
273	-0.660645	-0.326172
274	-0.668457	-0.319336
275	-0.653320	-0.326660
276	-0.686035	-0.286133
277	-0.668457	-0.242188
278	-0.635742	-0.331055
279	-0.635254	-0.329102
280	-0.648926	-0.310059
281	-0.655273	-0.323730
282	-0.644043	-0.234375
283	-0.655762	-0.286133
284	-0.665527	-0.389648
285	-0.657715	-0.366211
286	-0.654785	-0.317383
287	-0.648438	-0.293945
288	-0.652344	-0.284180
289	-0.643066	-0.188477
290	-0.681152	-0.201172
291	-0.708984	-0.157715
292	-0.679199	-0.142090
293	-0.658691	-0.119629
294	-0.655273	-0.107910
295	-0.627930	-0.147949
296	-0.665527	-0.230957
297	-0.636230	-0.170410
298	-0.670898	-0.190918
299	-0.658691	-0.177246
300	-0.616211	-0.109375
301	-0.649902	-0.090332
302	-0.640625	-0.087891
303	-0.668945	-0.145508
304	-0.673340	-0.258301
305	-0.663086	-0.305664
306	-0.670898	-0.337891
307	-0.677246	-0.411133
308	-0.668457	-0.374023
309	-0.670898	-0.412598
310	-0.693848	-0.364746
311	-0.649902	-0.407227
312	-0.723633	-0.480957
313	-0.706055	-0.520996
314	-0.710938	-0.616211
315	-0.676758	-0.622559
316	-0.650391	-0.500977
317	-0.656738	-0.529297
318	-0.674805	-0.592285
319	-0.695801	-0.593262
320	-0.688477	-0.531250
321	-0.676270	-0.514160
322	-0.682129	-0.486328
323	-0.686523	-0.471680
324	-0.676758	-0.383789
325	-0.668945	-0.373047
326	-0.653809	-0.277832
327	-0.650391	-0.295898
328	-0.639160	-0.282227
329	-0.630859	-0.263672
330	-0.687500	-0.336914
331	-0.683105	-0.331055
332	-0.666504	-0.310059
333	-0.676758	-0.259277
334	-0.703613	-0.297363
335	-0.680176	-0.281250
336	-0.627441	-0.269043
337	-0.644531	-0.272461
338	-0.684570	-0.312500
339	-0.652344	-0.209961
340	-0.680176	-0.236328
341	-0.645996	-0.247070
342	-0.651855	-0.260254
343	-0.652344	-0.239258
344	-0.652832	-0.396484
345	-0.636230	-0.334961
346	-0.601563	-0.175293
347	-0.645020	-0.108398
348	-0.650391	-0.102051
349	-0.642090	-0.087402
350	-0.623535	-0.131348
351	-0.648438	-0.128418
352	-0.650391	-0.028809
353	-0.659668	-0.066895
354	-0.623047	-0.162598
355	-0.646973	-0.131836
356	-0.623047	-0.113281
357	-0.635742	-0.130859
358	-0.642578	-0.212891
359	-0.664551	-0.316895
360	-0.692383	-0.304199
361	-0.676758	-0.293457
362	-0.672363	-0.284668
363	-0.659668	-0.298340
364	-0.667969	-0.302734
365	-0.674316	-0.304199
366	-0.676758	-0.358887
367	-0.687012	-0.350098
368	-0.696289	-0.400391
369	-0.672363	-0.407227
370	-0.657227	-0.346680
371	-0.694824	-0.365723
372	-0.683594	-0.420410
373	-0.701660	-0.417480
374	-0.676758	-0.434082
375	-0.698730	-0.409180
376	-0.676270	-0.396484
377	-0.660156	-0.440430
378	-0.714355	-0.416992
379	-0.677246	-0.480469
380	-0.663574	-0.452148
381	-0.692383	-0.482422
382	-0.664063	-0.525879
383	-0.712891	-0.589844
384	-0.676270	-0.531738
385	-0.692383	-0.578125
386	-0.723633	-0.627930
387	-0.719238	-0.594238
388	-0.685059	-0.537109
389	-0.688477	-0.529785
390	-0.657227	-0.491699
391	-0.626953	-0.367188
392	-0.646973	-0.206055
393	-0.622559	-0.182129
394	-0.645020	-0.338379
395	-0.641113	-0.325684
396	-0.661621	-0.335449
397	-0.667480	-0.342773
398	-0.659180	-0.289551
399	-0.650879	-0.308594
400	-0.638672	-0.363281
401	-0.643555	-0.337891
402	-0.645508	-0.261230
403	-0.638184	-0.242188
404	-0.670898	-0.228516
405	-0.686035	-0.241699
406	-0.670898	-0.201172
407	-0.661133	-0.261230
408	-0.641602	-0.363281
409	-0.648438	-0.324707
410	-0.660156	-0.290039
411	-0.659180	-0.223633
412	-0.677734	-0.211914
413	-0.667969	-0.197266
414	-0.648438	-0.112305
415	-0.698242	-0.190430
416	-0.656738	-0.100586
417	-0.690430	-0.042480
418	-0.648438	-0.113770
419	-0.654785	-0.110352
420	-0.660156	-0.175781
421	-0.660645	-0.166016
422	-0.661133	-0.190918
423	-0.658691	-0.127930
424	-0.666992	-0.062500
425	-0.624023	-0.029297
426	-0.658203	-0.001953
427	-0.669922	0.039063
428	-0.656250	0.017578
429	-0.635742	-0.009277
430	-0.606934	0.037598
431	-0.615234	0.035645
432	-0.618164	-0.043945
433	-0.652344	-0.001465
434	-0.657227	0.091309
435	-0.655273	0.094238
436	-0.685547	0.128418
437	-0.629395	0.224609
438	-0.658203	0.315430
439	-0.675781	0.368652
440	-0.679688	0.392090
441	-0.697266	0.385254
442	-0.723633	0.434082
443	-0.679688	0.341309
444	-0.707520	0.339844
445	-0.652832	0.342773
446	-0.640137	0.400879
447	-0.660645	0.387695
448	-0.667969	0.347168
449	-0.632324	0.397949
450	-0.662109	0.415527
451	-0.663574	0.442871
452	-0.656250	0.497070
453	-0.674805	0.582520
454	-0.682617	0.542969
455	-0.683105	0.491699
456	-0.693848	0.514648
457	-0.641113	0.409668
458	-0.677734	0.501465
459	-0.658203	0.476563
460	-0.672363	0.463867
461	-0.692383	0.456543
462	-0.673340	0.520508
463	-0.643555	0.373047
464	-0.638672	0.382813
465	-0.659180	0.341309
466	-0.624023	0.332031
467	-0.641113	0.308594
468	-0.677734	0.416992
469	-0.659668	0.353027
470	-0.654785	0.312500
471	-0.625977	0.287598
472	-0.656250	0.278320
473	-0.637695	0.255859
474	-0.651367	0.321777
475	-0.661621	0.305664
476	-0.635254	0.268066
477	-0.652344	0.333984
478	-0.673828	0.413086
479	-0.692383	0.406738
480	-0.683105	0.493652
481	-0.710449	0.557617
482	-0.670898	0.551758
483	-0.654297	0.501465
484	-0.674316	0.516602
485	-0.658691	0.532227
486	-0.662109	0.526855
487	-0.680664	0.551270
488	-0.687988	0.561523
489	-0.666992	0.533691
490	-0.690918	0.597168
491	-0.687012	0.520508
492	-0.695801	0.583496
493	-0.700195	0.585938
494	-0.682129	0.581055
495	-0.711426	0.641113
496	-0.706543	0.649414
497	-0.718262	0.705078
498	-0.717285	0.657227
499	-0.715820	0.625000
500	-0.701172	0.583984
501	-0.669434	0.550781
502	-0.654297	0.577637
503	-0.713379	0.634766
504	-0.672852	0.564453
505	-0.674805	0.533691
506	-0.658691	0.556152
507	-0.682129	0.579102
508	-0.682617	0.605957
509	-0.683105	0.525391
510	-0.682617	0.384766
511	-0.700195	0.432617
512	-0.671387	0.473145
513	-0.645508	0.306641
514	-0.635742	0.355957
515	-0.699707	0.339355
516	-0.683594	0.427734
517	-0.679199	0.437012
518	-0.662109	0.533691
519	-0.669922	0.512207
520	-0.639648	0.419434
521	-0.630371	0.415039
522	-0.657715	0.384277
523	-0.647461	0.363281
524	-0.663574	0.396484
525	-0.660156	0.419434
526	-0.669434	0.426270
527	-0.662598	0.357910
528	-0.649414	0.279785
529	-0.697266	0.263672
530	-0.671875	0.189941
531	-0.637695	0.127930
532	-0.631836	0.242676
533	-0.638672	0.196777
534	-0.628906	0.138184
535	-0.666016	0.203613
536	-0.676270	0.194336
537	-0.670898	0.235352
538	-0.661133	0.145996
539	-0.691895	0.221191
540	-0.668945	0.215332
541	-0.645020	0.289063
542	-0.640625	0.308105
543	-0.650879	0.369141
544	-0.632813	0.382813
545	-0.669922	0.341309
546	-0.615723	0.303223
547	-0.640625	0.278809
548	-0.667969	0.265625
549	-0.669434	0.270508
550	-0.635254	0.379883
551	-0.670898	0.311035
552	-0.665527	0.366211
553	-0.665527	0.377441
554	-0.664063	0.356445
555	-0.670410	0.350098
556	-0.687012	0.410645
557	-0.659668	0.365234
558	-0.676758	0.425293
559	-0.630371	0.433105
560	-0.665039	0.408203
561	-0.691895	0.519043
562	-0.690430	0.510742
563	-0.688477	0.488281
564	-0.682129	0.456543
565	-0.679199	0.452148
566	-0.710938	0.493652
567	-0.670410	0.488770
568	-0.686523	0.554199
569	-0.722656	0.602051
570	-0.714355	0.566406
571	-0.702148	0.588379
572	-0.738281	0.607910
573	-0.708984	0.641113
574	-0.691406	0.621582
575	-0.666016	0.522461
576	-0.686523	0.536621
577	-0.706543	0.636230
578	-0.726074	0.680176
579	-0.694336	0.657715
580	-0.690918	0.683105
581	-0.662109	0.562012
582	-0.667969	0.558594
583	-0.691406	0.542969
584	-0.670410	0.487793
585	-0.665039	0.344727
586	-0.674316	0.328613
587	-0.649902	0.344238
588	-0.659668	0.243164
589	-0.647461	0.274902
590	-0.661621	0.298828
591	-0.676270	0.389648
592	-0.669922	0.360840
593	-0.637207	0.223145
594	-0.619629	0.190430
595	-0.618164	0.131836
596	-0.615723	0.147461
597	-0.596191	-0.056641
598	-0.618164	-0.141602
599	-0.651855	-0.102539
600	-0.612305	-0.141113
601	-0.660645	-0.110352
602	-0.646973	-0.038574
603	-0.644531	-0.038574
604	-0.653809	-0.013672
605	-0.635254	0.006348
606	-0.646973	0.033203
607	-0.632324	0.116699
608	-0.645508	0.147949
609	-0.671875	0.145020
610	-0.669434	0.178223
611	-0.668945	0.172852
612	-0.667480	0.062500
613	-0.639648	0.111816
614	-0.680664	0.044922
615	-0.644043	0.021973
616	-0.648438	-0.030762
617	-0.672852	-0.018066
618	-0.645020	0.023438
619	-0.637695	0.001465
620	-0.671387	0.070313
621	-0.657715	0.115723
622	-0.655762	0.115723
623	-0.639648	0.108887
624	-0.640137	0.182129
625	-0.636719	0.086914
626	-0.626953	0.131348
627	-0.641602	0.145508
628	-0.659180	0.221680
629	-0.654785	0.273438
630	-0.644531	0.301270
631	-0.659180	0.313965
632	-0.647461	0.436035
633	-0.647949	0.364746
634	-0.632813	0.329590
635	-0.635254	0.373047
636	-0.684082	0.482422
637	-0.674805	0.515625
638	-0.678711	0.489746
639	-0.670410	0.437012
640	-0.637207	0.324219
641	-0.673340	0.347168
642	-0.629395	0.208496
643	-0.660156	0.222168
644	-0.652344	0.237305
645	-0.636230	0.284180
646	-0.686035	0.301270
647	-0.667969	0.408691
648	-0.647949	0.412598
649	-0.673828	0.462891
650	-0.649414	0.415527
651	-0.661621	0.458984
652	-0.678711	0.470703
653	-0.660645	0.369141
654	-0.662598	0.319824
655	-0.657227	0.267578
656	-0.705078	0.238770
657	-0.642578	0.313477
658	-0.669922	0.235840
659	-0.636230	0.269531
660	-0.650391	0.250977
661	-0.627930	0.250488
662	-0.621094	0.200195
663	-0.628418	0.276855
664	-0.649902	0.231934
665	-0.637207	0.346680
666	-0.643066	0.343262
667	-0.668945	0.348633
668	-0.679199	0.410645
669	-0.641113	0.298340
670	-0.656738	0.326660
671	-0.649414	0.235352
672	-0.653809	0.358887
673	-0.675781	0.462891
674	-0.660645	0.420410
675	-0.701660	0.407227
676	-0.647949	0.404297
677	-0.681641	0.359863
678	-0.635254	0.379395
679	-0.625488	0.386719
680	-0.643066	0.425293
681	-0.689453	0.493652
682	-0.693848	0.549805
683	-0.685059	0.542969
684	-0.701660	0.538574
685	-0.660645	0.529785
686	-0.724609	0.552246
687	-0.665527	0.518066
688	-0.672852	0.485352
689	-0.665527	0.389160
690	-0.651855	0.411133
691	-0.674805	0.331055
692	-0.649414	0.311523
693	-0.681152	0.271484
694	-0.680176	0.319824
695	-0.677734	0.347168
696	-0.699707	0.372559
697	-0.674316	0.457031
698	-0.657227	0.465332
699	-0.692383	0.591309
700	-0.732910	0.650391
701	-0.668945	0.571289
702	-0.731934	0.668945
703	-0.704590	0.643555
704	-0.689941	0.621094
705	-0.666992	0.558105
706	-0.668945	0.540039
707	-0.669922	0.552734
708	-0.708984	0.575684
709	-0.691895	0.477051
710	-0.670898	0.434082
711	-0.665527	0.379883
712	-0.653809	0.362305
713	-0.668945	0.415527
714	-0.645996	0.393555
715	-0.654785	0.410645
716	-0.672852	0.450684
717	-0.657227	0.339844
718	-0.648438	0.371094
719	-0.664551	0.340820
720	-0.665039	0.448242
721	-0.665039	0.402344
722	-0.707520	0.511719
723	-0.693359	0.469238
724	-0.685059	0.474121
725	-0.671387	0.498535
726	-0.658203	0.496582
727	-0.672363	0.498047
728	-0.669434	0.470703
729	-0.707031	0.495605
730	-0.674805	0.414551
731	-0.660645	0.359375
732	-0.701172	0.330566
733	-0.678223	0.210938
734	-0.665039	0.155762
735	-0.678711	0.144531
736	-0.654785	0.189453
737	-0.634766	0.176758
738	-0.633301	0.083984
739	-0.665527	0.161133
740	-0.690918	0.162109
741	-0.673828	0.118164
742	-0.701660	0.178223
743	-0.685547	0.295898
744	-0.684570	0.402832
745	-0.663574	0.387207
746	-0.647461	0.385742
747	-0.648926	0.330078
748	-0.656250	0.358887
749	-0.682617	0.440918
750	-0.670410	0.362305
751	-0.650391	0.221191
752	-0.664551	0.164551
753	-0.676758	0.199707
754	-0.684082	0.251953
755	-0.637207	0.189453
756	-0.644531	0.170898
757	-0.673828	0.105469
758	-0.627930	-0.060059
759	-0.639160	-0.055176
760	-0.667480	-0.031250
761	-0.682129	-0.024414
762	-0.677246	0.076172
763	-0.663086	0.108887
764	-0.646973	0.158691
765	-0.637207	0.149902
766	-0.673340	0.214355
767	-0.688477	0.190430
768	-0.699707	0.113281
769	-0.674805	0.150879
770	-0.668945	0.176270
771	-0.657227	0.133789
772	-0.636230	0.131836
773	-0.692871	0.177734
774	-0.646484	0.207520
775	-0.654785	0.223633
776	-0.688477	0.224121
777	-0.665039	0.149902
778	-0.663574	0.124023
779	-0.660645	0.164551
780	-0.646484	0.183105
781	-0.678223	0.229980
782	-0.669922	0.269043
783	-0.656250	0.168945
784	-0.666016	0.236328
785	-0.657227	0.239746
786	-0.648438	0.169434
787	-0.640625	0.177734
788	-0.647949	0.175781
789	-0.648438	0.116699
790	-0.677734	0.174316
791	-0.647461	0.170898
792	-0.657715	0.091309
793	-0.659180	0.105957
794	-0.650391	0.140625
795	-0.668457	0.102539
796	-0.672363	0.099121
797	-0.663086	0.080566
798	-0.634277	0.208984
799	-0.635742	0.194824
800	-0.654785	0.229004
801	-0.633301	0.184082
802	-0.626465	0.137207
803	-0.627441	0.161133
804	-0.658203	0.163086
805	-0.637695	-0.010742
806	-0.638184	0.037598
807	-0.637695	-0.049316
808	-0.646973	-0.177734
809	-0.654785	-0.221680
810	-0.649902	-0.185547
811	-0.659668	-0.158203
812	-0.599609	-0.244141
813	-0.660645	-0.274902
814	-0.646973	-0.261719
815	-0.646973	-0.238770
816	-0.668457	-0.147949
817	-0.633301	-0.180664
818	-0.606934	-0.179688
819	-0.646484	-0.348633
820	-0.655273	-0.404297
821	-0.639648	-0.310547
822	-0.697754	-0.424316
823	-0.691895	-0.405273
824	-0.684570	-0.453125
825	-0.674805	-0.466797
826	-0.702637	-0.521484
827	-0.702637	-0.490234
828	-0.674316	-0.470703
829	-0.658203	-0.423828
830	-0.685547	-0.341309
831	-0.653809	-0.318359
832	-0.696777	-0.288086
833	-0.698730	-0.254395
834	-0.661133	-0.163086
835	-0.665039	-0.117676
836	-0.672852	-0.125000
837	-0.677734	-0.202637
838	-0.661621	-0.140137
839	-0.651367	-0.150391
840	-0.618164	-0.095703
841	-0.657227	-0.114258
842	-0.666992	-0.187012
843	-0.666992	-0.275879
844	-0.652832	-0.205078
845	-0.668945	-0.343750
846	-0.682129	-0.289551
847	-0.686523	-0.393066
848	-0.676270	-0.317383
849	-0.676270	-0.320801
850	-0.659668	-0.303711
851	-0.669922	-0.359375
852	-0.677246	-0.480469
853	-0.700684	-0.497559
854	-0.690918	-0.506836
855	-0.657227	-0.437988
856	-0.654785	-0.450684
857	-0.686035	-0.461914
858	-0.675781	-0.324219
859	-0.678711	-0.307617
860	-0.670410	-0.315430
861	-0.665527	-0.294434
862	-0.665039	-0.332031
863	-0.684082	-0.341797
864	-0.679199	-0.350586
865	-0.675293	-0.290527
866	-0.630859	-0.188477
867	-0.621582	-0.164063
868	-0.647949	-0.214844
869	-0.664551	-0.379883
870	-0.699707	-0.432129
871	-0.715820	-0.481934
872	-0.669922	-0.442871
873	-0.674316	-0.463379
874	-0.671387	-0.387207
875	-0.647461	-0.272949
876	-0.678223	-0.345703
877	-0.684570	-0.356934
878	-0.661133	-0.278809
879	-0.647949	-0.270996
880	-0.662598	-0.374512
881	-0.664063	-0.318359
882	-0.636719	-0.395020
883	-0.657227	-0.311035
884	-0.647949	-0.299805
885	-0.653320	-0.302734
886	-0.656250	-0.265625
887	-0.688477	-0.198242
888	-0.663574	-0.183105
889	-0.664551	-0.214844
890	-0.665039	-0.291504
891	-0.666504	-0.372070
892	-0.672852	-0.379395
893	-0.659668	-0.340332
894	-0.641113	-0.376953
895	-0.685547	-0.457520
896	-0.660645	-0.489746
897	-0.671387	-0.421875
898	-0.689941	-0.554688
899	-0.652344	-0.442871
900	-0.652832	-0.469727
901	-0.686523	-0.546387
902	-0.684570	-0.557617
903	-0.688965	-0.563965
904	-0.686523	-0.463379
905	-0.661621	-0.441895
906	-0.707031	-0.497559
907	-0.698730	-0.464355
908	-0.684082	-0.437012
909	-0.697266	-0.425293
910	-0.661133	-0.477539
911	-0.667480	-0.429199
912	-0.669922	-0.446777
913	-0.695801	-0.416016
914	-0.655762	-0.359375
915	-0.677734	-0.428711
916	-0.645508	-0.334473
917	-0.606445	-0.314453
918	-0.631348	-0.361328
919	-0.670410	-0.376953
920	-0.687500	-0.489746
921	-0.701660	-0.536133
922	-0.669434	-0.511230
923	-0.678223	-0.483887
924	-0.665039	-0.439941
925	-0.675293	-0.507324
926	-0.695313	-0.516113
927	-0.705566	-0.547852
928	-0.665039	-0.478516
929	-0.673828	-0.424805
930	-0.626465	-0.337402
931	-0.631348	-0.323730
932	-0.660645	-0.420898
933	-0.664063	-0.479980
934	-0.659180	-0.486816
935	-0.656250	-0.462891
936	-0.645020	-0.492676
937	-0.718750	-0.646484
938	-0.691895	-0.599609
939	-0.703613	-0.651855
940	-0.725586	-0.674805
941	-0.637695	-0.526855
942	-0.618652	-0.444824
943	-0.666992	-0.479980
944	-0.677734	-0.477051
945	-0.707031	-0.588867
946	-0.712402	-0.530762
947	-0.707520	-0.632813
948	-0.716309	-0.613770
949	-0.681641	-0.562012
950	-0.676758	-0.601563
951	-0.676270	-0.604980
952	-0.684082	-0.610840
953	-0.685547	-0.613770
954	-0.693359	-0.611816
955	-0.705078	-0.592773
956	-0.687012	-0.481934
957	-0.701660	-0.524902
958	-0.690430	-0.516602
959	-0.686523	-0.474609
960	-0.650391	-0.403809
961	-0.660156	-0.490723
962	-0.684570	-0.486816
963	-0.691895	-0.523926
964	-0.709473	-0.575195
965	-0.717285	-0.560059
966	-0.710938	-0.612793
967	-0.708008	-0.581055
968	-0.692383	-0.617188
969	-0.661133	-0.544434
970	-0.664551	-0.503906
971	-0.669922	-0.540527
972	-0.682129	-0.533691
973	-0.664063	-0.533691
974	-0.675293	-0.427246
975	-0.691895	-0.500488
976	-0.738770	-0.585449
977	-0.690918	-0.563477
978	-0.679688	-0.514648
979	-0.673340	-0.530762
980	-0.678223	-0.541016
981	-0.687012	-0.580566
982	-0.691895	-0.565918
983	-0.702148	-0.551270
984	-0.681641	-0.548828
985	-0.664063	-0.491699
986	-0.679688	-0.531250
987	-0.687988	-0.651367
988	-0.695801	-0.643066
989	-0.672363	-0.553223
990	-0.667969	-0.544434
991	-0.658691	-0.476074
992	-0.657227	-0.395996
993	-0.665039	-0.414551
994	-0.676270	-0.490723
995	-0.705078	-0.497559
996	-0.671875	-0.414063
997	-0.688477	-0.386719
998	-0.663574	-0.263184
999	-0.656738	-0.243652
