0	-0.625000	-0.781250
1	-0.312500	-0.187500
2	-0.375000	-0.500000
3	-0.468750	0.500000
4	-0.343750	-0.468750
5	-0.312500	-0.343750
6	-0.250000	-0.031250
7	-0.250000	-0.312500
8	-0.156250	-0.250000
9	-0.062500	0.062500
10	-0.343750	-0.031250
11	-0.093750	0.156250
12	-0.343750	-0.031250
13	-0.375000	0.343750
14	-0.218750	-0.375000
15	-0.406250	-0.437500
16	-0.500000	0.468750
17	-0.343750	-0.250000
18	-0.312500	0.281250
19	-0.093750	0.125000
20	-0.125000	0.125000
21	-0.312500	-0.156250
22	-0.062500	-0.187500
23	-0.031250	0.000000
24	-0.343750	-0.406250
25	-0.218750	-0.218750
26	-0.343750	0.156250
27	-0.281250	0.125000
28	-0.468750	0.375000
29	-0.375000	0.062500
30	-0.406250	0.375000
31	-0.218750	0.093750
32	-0.343750	0.156250
33	-0.218750	-0.156250
34	-0.281250	0.250000
35	-0.156250	0.000000
36	-0.187500	0.437500
37	-0.125000	0.187500
38	-0.187500	0.312500
39	-0.187500	-0.031250
40	-0.156250	0.031250
41	-0.343750	0.000000
42	-0.093750	0.125000
43	-0.218750	-0.093750
44	-0.250000	0.156250
45	-0.250000	0.093750
46	-0.312500	0.187500
47	-0.156250	0.093750
48	-0.250000	0.312500
49	-0.312500	-0.281250
50	-0.125000	-0.125000
51	-0.062500	0.156250
52	-0.250000	-0.156250
53	-0.250000	-0.031250
54	-0.406250	0.125000
55	-0.375000	0.562500
56	-0.406250	-0.218750
57	-0.156250	0.125000
58	-0.343750	0.156250
59	-0.281250	0.187500
60	-0.187500	0.156250
61	-0.187500	0.093750
62	-0.281250	-0.531250
63	-0.343750	-0.218750
64	-0.093750	0.125000
65	-0.250000	0.000000
66	-0.218750	-0.406250
67	-0.406250	-0.031250
68	-0.218750	-0.125000
69	-0.250000	0.218750
70	-0.281250	0.250000
71	-0.281250	0.062500
72	-0.343750	-0.218750
73	-0.125000	-0.125000
74	-0.250000	-0.312500
75	-0.218750	-0.093750
76	-0.250000	0.281250
77	-0.281250	0.468750
78	-0.125000	0.031250
79	-0.375000	0.375000
80	-0.250000	-0.406250
81	-0.218750	-0.062500
82	-0.281250	0.156250
83	-0.250000	-0.031250
84	-0.218750	-0.125000
85	-0.343750	0.312500
86	-0.093750	0.031250
87	-0.281250	-0.156250
88	-0.281250	-0.093750
89	-0.250000	-0.312500
90	-0.375000	0.062500
91	-0.218750	-0.125000
92	-0.031250	0.000000
93	-0.250000	0.281250
94	-0.375000	0.500000
95	-0.250000	0.000000
96	-0.250000	0.125000
97	-0.156250	0.250000
98	-0.437500	0.437500
99	-0.312500	-0.312500
100	-0.468750	-0.562500
101	-0.281250	-0.250000
102	-0.250000	-0.093750
103	-0.218750	0.093750
104	-0.250000	-0.187500
105	-0.187500	0.281250
106	-0.125000	-0.062500
107	-0.156250	0.000000
108	-0.125000	0.156250
109	-0.125000	0.250000
110	-0.312500	0.406250
111	-0.281250	-0.312500
112	-0.312500	0.062500
113	-0.187500	0.000000
114	-0.281250	0.281250
115	-0.250000	0.218750
116	-0.218750	0.187500
117	-0.125000	-0.218750
118	-0.343750	0.031250
119	0.031250	-0.125000
120	-0.218750	0.031250
121	-0.250000	-0.093750
122	-0.281250	0.062500
123	-0.343750	0.468750
124	-0.218750	-0.343750
125	-0.125000	-0.125000
126	-0.312500	0.031250
127	-0.125000	0.062500
128	-0.187500	-0.031250
129	-0.218750	0.281250
130	-0.343750	-0.031250
131	-0.406250	0.375000
132	-0.187500	-0.031250
133	-0.281250	0.281250
134	-0.281250	0.250000
135	-0.125000	-0.062500
136	-0.062500	0.031250
137	-0.312500	-0.375000
138	-0.281250	-0.125000
139	-0.187500	0.093750
140	-0.593750	0.656250
141	-0.437500	0.406250
142	-0.218750	0.062500
143	-0.312500	0.281250
144	-0.281250	-0.187500
145	-0.312500	-0.031250
146	-0.468750	0.406250
147	-0.250000	0.250000
148	-0.250000	-0.031250
149	-0.218750	0.343750
150	-0.281250	-0.062500
151	-0.281250	0.312500
152	-0.156250	-0.125000
153	-0.218750	-0.093750
154	-0.531250	-0.687500
155	-0.125000	-0.062500
156	-0.437500	0.281250
157	-0.437500	-0.093750
158	-0.312500	0.062500
159	-0.312500	0.312500
160	-0.500000	-0.437500
161	-0.375000	-0.031250
162	-0.312500	0.125000
163	-0.187500	-0.250000
164	-0.250000	0.062500
165	-0.125000	0.000000
166	-0.250000	0.156250
167	-0.343750	-0.125000
168	-0.468750	-0.218750
169	-0.343750	0.125000
170	-0.687500	0.687500
171	-0.250000	0.062500
172	-0.406250	0.500000
173	-0.375000	0.062500
174	-0.250000	0.250000
175	-0.281250	-0.375000
176	-0.156250	-0.156250
177	-0.281250	0.406250
178	-0.187500	0.125000
179	-0.343750	-0.375000
180	-0.281250	-0.437500
181	-0.187500	0.031250
182	-0.187500	0.093750
183	-0.281250	-0.343750
184	-0.312500	-0.062500
185	-0.250000	0.312500
186	-0.187500	0.187500
187	-0.343750	0.343750
188	-0.281250	-0.156250
189	-0.343750	-0.406250
190	-0.281250	-0.406250
191	-0.187500	-0.031250
192	-0.312500	0.093750
193	-0.187500	0.281250
194	-0.343750	0.343750
195	-0.187500	-0.093750
196	-0.250000	-0.437500
197	-0.281250	0.281250
198	-0.187500	0.250000
199	-0.406250	-0.343750
200	-0.218750	0.281250
201	-0.250000	-0.187500
202	-0.250000	0.000000
203	-0.218750	0.093750
204	-0.375000	-0.312500
205	-0.406250	-0.375000
206	-0.031250	0.093750
207	-0.281250	-0.093750
208	-0.250000	0.156250
209	-0.437500	0.531250
210	-0.250000	0.125000
211	-0.250000	0.093750
212	-0.218750	0.031250
213	-0.281250	0.281250
214	-0.218750	0.093750
215	-0.375000	0.468750
216	-0.218750	0.093750
217	-0.125000	0.218750
218	-0.187500	0.312500
219	-0.343750	-0.125000
220	-0.156250	-0.031250
221	-0.250000	-0.031250
222	-0.281250	0.312500
223	-0.218750	-0.125000
224	-0.125000	0.031250
225	-0.281250	-0.187500
226	-0.375000	-0.125000
227	-0.187500	0.125000
228	-0.156250	-0.281250
229	-0.343750	-0.187500
230	-0.187500	0.468750
231	-0.093750	0.000000
232	-0.125000	0.000000
233	-0.250000	-0.125000
234	-0.250000	0.250000
235	-0.343750	0.437500
236	-0.343750	-0.375000
237	-0.406250	0.343750
238	-0.406250	0.312500
239	-0.343750	-0.375000
240	-0.250000	-0.062500
241	-0.218750	-0.218750
242	-0.343750	0.000000
243	-0.375000	0.343750
244	-0.156250	0.000000
245	-0.218750	0.343750
246	-0.218750	0.218750
247	-0.312500	0.281250
248	-0.218750	0.062500
249	-0.375000	0.093750
250	-0.250000	-0.031250
251	-0.281250	0.125000
252	-0.500000	0.343750
253	-0.312500	0.062500
254	-0.375000	0.250000
255	-0.250000	-0.281250
256	-0.093750	0.312500
257	-0.312500	-0.343750
258	-0.156250	-0.375000
259	-0.375000	-0.093750
260	-0.093750	0.093750
261	-0.281250	0.156250
262	-0.156250	-0.218750
263	-0.218750	-0.218750
264	-0.156250	0.125000
265	-0.343750	-0.250000
266	-0.437500	0.250000
267	-0.093750	0.125000
268	-0.375000	-0.281250
269	-0.125000	0.031250
270	-0.187500	0.125000
271	-0.156250	0.281250
272	-0.312500	-0.406250
273	-0.250000	-0.093750
274	-0.218750	-0.093750
275	-0.156250	-0.250000
276	-0.125000	0.218750
277	-0.343750	-0.343750
278	-0.156250	-0.187500
279	-0.250000	0.062500
280	-0.281250	-0.312500
281	-0.343750	0.250000
282	-0.218750	-0.187500
283	-0.250000	-0.093750
284	-0.250000	-0.031250
285	-0.343750	-0.281250
286	-0.406250	0.406250
287	-0.218750	-0.125000
288	-0.187500	-0.281250
289	-0.375000	0.312500
290	-0.343750	0.437500
291	-0.218750	-0.093750
292	-0.218750	0.250000
293	-0.312500	-0.125000
294	-0.281250	0.156250
295	-0.125000	0.156250
296	-0.468750	0.312500
297	-0.531250	-0.562500
298	-0.375000	0.312500
299	-0.312500	-0.218750
300	-0.218750	0.156250
301	-0.187500	-0.250000
302	-0.218750	0.156250
303	-0.281250	-0.093750
304	-0.406250	0.406250
305	-0.406250	0.406250
306	-0.343750	0.250000
307	-0.218750	0.218750
308	-0.468750	-0.468750
309	-0.375000	-0.281250
310	-0.093750	-0.031250
311	-0.156250	-0.093750
312	-0.218750	0.156250
313	-0.437500	0.406250
314	-0.406250	-0.500000
315	-0.218750	0.000000
316	-0.312500	0.031250
317	-0.375000	0.156250
318	-0.156250	0.218750
319	-0.437500	0.343750
320	-0.375000	-0.437500
321	-0.281250	0.093750
322	-0.125000	0.406250
323	-0.406250	-0.500000
324	-0.312500	0.312500
325	-0.312500	-0.125000
326	-0.250000	-0.062500
327	-0.281250	-0.031250
328	-0.343750	-0.156250
329	-0.250000	0.312500
330	-0.187500	0.000000
331	-0.250000	0.125000
332	-0.156250	-0.062500
333	-0.281250	-0.093750
334	-0.093750	0.125000
335	-0.312500	0.218750
336	-0.375000	0.000000
337	-0.250000	-0.250000
338	-0.125000	-0.031250
339	-0.187500	-0.156250
340	-0.500000	0.343750
341	-0.187500	-0.031250
342	-0.250000	-0.281250
343	-0.156250	-0.218750
344	-0.250000	0.000000
345	-0.156250	-0.062500
346	-0.437500	-0.593750
347	-0.187500	-0.281250
348	-0.156250	0.125000
349	-0.312500	-0.375000
350	-0.093750	-0.093750
351	-0.343750	0.343750
352	-0.312500	-0.531250
353	-0.343750	0.343750
354	-0.343750	0.062500
355	-0.218750	0.031250
356	-0.343750	0.562500
357	-0.375000	0.281250
358	-0.125000	0.031250
359	-0.187500	0.093750
360	-0.281250	-0.062500
361	-0.250000	-0.406250
362	-0.343750	0.406250
363	-0.343750	-0.437500
364	-0.218750	0.218750
365	-0.406250	-0.062500
366	-0.343750	0.281250
367	-0.343750	-0.281250
368	-0.218750	0.187500
369	-0.343750	-0.062500
370	-0.375000	0.218750
371	-0.187500	0.000000
372	-0.062500	0.093750
373	-0.187500	0.031250
374	0.000000	-0.031250
375	-0.312500	0.187500
376	0.000000	-0.187500
377	-0.281250	-0.437500
378	-0.250000	-0.250000
379	-0.281250	-0.187500
380	-0.281250	0.000000
381	-0.218750	0.125000
382	-0.250000	0.031250
383	-0.250000	0.281250
384	-0.375000	-0.250000
385	-0.281250	-0.281250
386	-0.312500	0.187500
387	-0.406250	-0.156250
388	-0.250000	0.125000
389	-0.156250	0.093750
390	-0.312500	-0.281250
391	-0.156250	0.062500
392	-0.250000	0.062500
393	-0.281250	-0.062500
394	-0.437500	0.031250
395	-0.343750	0.093750
396	-0.125000	0.031250
397	-0.343750	-0.125000
398	-0.250000	-0.187500
399	-0.250000	0.375000
400	-0.125000	0.156250
401	-0.312500	-0.375000
402	-0.281250	0.250000
403	-0.156250	-0.062500
404	-0.437500	0.500000
405	-0.437500	-0.062500
406	-0.468750	-0.656250
407	-0.250000	-0.125000
408	-0.156250	-0.187500
409	-0.250000	-0.031250
410	-0.156250	-0.093750
411	-0.125000	0.156250
412	-0.250000	-0.031250
413	-0.375000	0.031250
414	-0.312500	0.156250
415	-0.218750	-0.093750
416	-0.218750	0.250000
417	-0.156250	0.218750
418	-0.156250	0.281250
419	-0.156250	0.062500
420	-0.312500	0.062500
421	-0.125000	-0.062500
422	-0.187500	0.093750
423	-0.281250	0.218750
424	-0.093750	0.031250
425	-0.281250	-0.093750
426	-0.250000	0.375000
427	-0.375000	-0.406250
428	-0.218750	0.343750
429	-0.250000	0.187500
430	-0.281250	-0.093750
431	-0.218750	0.093750
432	-0.312500	0.406250
433	-0.218750	-0.187500
434	-0.281250	-0.312500
435	-0.375000	0.531250
436	-0.281250	0.437500
437	-0.281250	-0.187500
438	-0.281250	0.406250
439	-0.062500	0.093750
440	-0.281250	0.343750
441	-0.312500	0.375000
442	-0.312500	0.000000
443	-0.156250	0.031250
444	-0.406250	0.375000
445	-0.250000	0.218750
446	-0.375000	-0.437500
447	-0.312500	0.468750
448	-0.281250	-0.031250
449	-0.187500	-0.062500
450	-0.281250	-0.093750
451	-0.281250	-0.218750
452	-0.218750	0.218750
453	-0.187500	0.000000
454	-0.312500	-0.156250
455	-0.312500	0.156250
456	-0.218750	0.250000
457	-0.218750	-0.093750
458	-0.187500	-0.343750
459	-0.250000	-0.218750
460	-0.312500	0.156250
461	-0.343750	-0.031250
462	-0.156250	0.218750
463	-0.281250	0.312500
464	-0.187500	0.343750
465	-0.343750	0.562500
466	-0.250000	-0.062500
467	-0.437500	-0.218750
468	-0.437500	-0.437500
469	-0.156250	0.187500
470	-0.187500	0.000000
471	-0.156250	0.000000
472	-0.250000	-0.343750
473	-0.125000	-0.031250
474	-0.343750	0.500000
475	-0.187500	-0.031250
476	-0.250000	0.187500
477	-0.250000	0.187500
478	-0.156250	0.062500
479	-0.281250	-0.031250
480	-0.281250	0.156250
481	-0.343750	-0.343750
482	-0.062500	0.000000
483	-0.250000	-0.187500
484	-0.218750	0.125000
485	-0.250000	-0.031250
486	-0.250000	-0.062500
487	-0.093750	-0.062500
488	-0.281250	0.375000
489	-0.218750	-0.062500
490	-0.187500	0.218750
491	-0.343750	0.218750
492	-0.187500	-0.250000
493	-0.468750	0.468750
494	-0.531250	0.625000
495	-0.406250	-0.031250
496	-0.218750	0.000000
497	-0.406250	-0.218750
498	-0.312500	-0.312500
499	-0.093750	-0.062500
500	-0.312500	0.281250
501	-0.312500	0.062500
502	-0.312500	-0.062500
503	-0.250000	-0.375000
504	-0.312500	-0.062500
505	-0.375000	-0.375000
506	-0.187500	-0.031250
507	-0.406250	-0.218750
508	-0.125000	-0.093750
509	-0.031250	-0.125000
510	-0.343750	-0.281250
511	-0.250000	0.187500
512	-0.187500	0.312500
513	-0.250000	-0.031250
514	-0.500000	-0.562500
515	-0.281250	0.187500
516	-0.312500	-0.031250
517	-0.312500	0.062500
518	-0.343750	-0.093750
519	-0.218750	-0.250000
520	-0.375000	-0.375000
521	-0.281250	-0.312500
522	-0.156250	0.031250
523	-0.062500	-0.156250
524	-0.250000	-0.031250
525	-0.468750	0.531250
526	-0.468750	0.500000
527	-0.281250	0.156250
528	-0.281250	-0.343750
529	-0.343750	-0.125000
530	-0.406250	-0.500000
531	-0.343750	0.187500
532	-0.375000	-0.437500
533	-0.281250	-0.187500
534	-0.343750	-0.312500
535	-0.406250	0.187500
536	-0.125000	-0.437500
537	-0.062500	-0.031250
538	-0.375000	0.187500
539	-0.375000	-0.093750
540	-0.312500	-0.187500
541	-0.343750	-0.125000
542	-0.281250	-0.062500
543	-0.187500	0.187500
544	-0.187500	0.031250
545	-0.250000	0.218750
546	-0.312500	-0.281250
547	-0.187500	-0.062500
548	-0.312500	0.031250
549	-0.312500	0.000000
550	-0.156250	0.062500
551	-0.562500	0.437500
552	-0.250000	0.156250
553	-0.187500	0.156250
554	-0.406250	-0.593750
555	-0.218750	-0.250000
556	-0.343750	-0.406250
557	-0.343750	0.187500
558	-0.250000	0.000000
559	-0.312500	-0.375000
560	-0.468750	-0.312500
561	-0.281250	-0.218750
562	-0.718750	-0.781250
563	-0.187500	0.000000
564	-0.250000	-0.250000
565	-0.031250	0.031250
566	-0.312500	0.000000
567	-0.312500	0.062500
568	-0.531250	-0.656250
569	-0.375000	-0.437500
570	-0.406250	0.218750
571	-0.218750	-0.062500
572	-0.218750	-0.250000
573	-0.406250	-0.218750
574	-0.156250	0.000000
575	-0.343750	-0.312500
576	-0.343750	0.093750
577	-0.156250	0.093750
578	-0.250000	0.250000
579	-0.093750	0.093750
580	-0.218750	-0.093750
581	-0.218750	0.000000
582	-0.125000	0.093750
583	-0.218750	0.187500
584	-0.218750	0.031250
585	-0.343750	-0.468750
586	-0.218750	0.187500
587	-0.218750	-0.125000
588	-0.343750	0.000000
589	-0.312500	0.031250
590	-0.218750	0.437500
591	-0.125000	0.031250
592	-0.156250	0.093750
593	-0.343750	-0.562500
594	-0.156250	0.000000
595	-0.343750	0.343750
596	-0.281250	0.250000
597	-0.218750	0.031250
598	-0.406250	0.062500
599	-0.281250	-0.250000
600	-0.281250	0.250000
601	-0.250000	-0.156250
602	-0.156250	-0.156250
603	-0.312500	0.312500
604	-0.250000	-0.187500
605	-0.312500	-0.312500
606	-0.250000	0.250000
607	-0.156250	-0.031250
608	-0.375000	0.093750
609	-0.375000	0.312500
610	-0.218750	0.187500
611	-0.250000	0.218750
612	-0.187500	0.218750
613	-0.187500	0.093750
614	-0.156250	-0.187500
615	-0.187500	0.062500
616	-0.250000	-0.218750
617	-0.312500	-0.031250
618	-0.281250	0.031250
619	-0.312500	0.281250
620	-0.156250	0.125000
621	-0.531250	-0.343750
622	-0.343750	0.531250
623	-0.156250	-0.062500
624	-0.250000	-0.250000
625	-0.156250	0.093750
626	-0.218750	-0.250000
627	-0.093750	0.000000
628	-0.343750	-0.500000
629	-0.156250	0.031250
630	-0.250000	-0.250000
631	-0.125000	0.031250
632	-0.312500	0.250000
633	-0.281250	0.031250
634	-0.281250	0.250000
635	-0.468750	-0.437500
636	-0.156250	0.250000
637	-0.375000	0.375000
638	-0.250000	-0.093750
639	-0.343750	-0.343750
640	-0.250000	-0.187500
641	-0.281250	-0.343750
642	-0.312500	-0.250000
643	-0.156250	-0.125000
644	-0.406250	-0.281250
645	-0.281250	0.250000
646	-0.281250	0.281250
647	-0.218750	0.031250
648	-0.250000	0.343750
649	-0.406250	-0.375000
650	-0.343750	0.406250
651	-0.187500	0.031250
652	-0.156250	-0.156250
653	-0.125000	0.125000
654	-0.343750	-0.187500
655	-0.062500	0.000000
656	-0.218750	-0.343750
657	-0.312500	-0.062500
658	-0.343750	-0.468750
659	-0.250000	0.062500
660	-0.250000	0.093750
661	-0.375000	-0.093750
662	-0.343750	0.468750
663	-0.187500	-0.125000
664	-0.093750	-0.218750
665	-0.187500	0.031250
666	-0.125000	-0.062500
667	-0.406250	0.093750
668	-0.343750	-0.156250
669	-0.250000	0.093750
670	-0.187500	0.000000
671	-0.312500	-0.031250
672	-0.343750	-0.062500
673	-0.250000	-0.250000
674	-0.156250	0.062500
675	-0.125000	-0.156250
676	-0.281250	-0.125000
677	-0.218750	0.000000
678	-0.187500	0.156250
679	-0.125000	0.000000
680	-0.125000	0.031250
681	-0.218750	-0.093750
682	-0.312500	0.406250
683	-0.218750	0.250000
684	-0.250000	-0.375000
685	-0.281250	0.343750
686	-0.343750	-0.312500
687	-0.156250	0.187500
688	-0.156250	-0.031250
689	-0.281250	-0.250000
690	-0.156250	0.343750
691	-0.218750	0.312500
692	-0.250000	0.250000
693	-0.250000	0.062500
694	-0.218750	-0.125000
695	-0.375000	0.218750
696	-0.312500	-0.343750
697	-0.343750	-0.406250
698	-0.218750	-0.062500
699	-0.406250	0.281250
700	-0.187500	-0.250000
701	-0.281250	0.000000
702	-0.281250	-0.250000
703	-0.312500	0.375000
704	-0.343750	-0.375000
705	-0.375000	-0.218750
706	-0.218750	-0.031250
707	-0.343750	-0.031250
708	-0.187500	-0.125000
709	-0.343750	0.281250
710	-0.312500	-0.343750
711	-0.343750	-0.187500
712	-0.156250	-0.250000
713	-0.218750	-0.281250
714	-0.406250	0.218750
715	-0.343750	-0.187500
716	-0.281250	0.031250
717	-0.062500	0.000000
718	-0.250000	0.312500
719	-0.218750	-0.062500
720	-0.250000	-0.250000
721	-0.250000	-0.031250
722	-0.156250	0.062500
723	-0.281250	-0.281250
724	-0.218750	-0.156250
725	-0.281250	-0.062500
726	-0.375000	0.250000
727	-0.343750	-0.281250
728	-0.156250	0.093750
729	-0.250000	-0.031250
730	-0.187500	-0.187500
731	-0.187500	0.062500
732	-0.156250	-0.093750
733	-0.312500	-0.156250
734	-0.281250	-0.125000
735	-0.187500	-0.031250
736	-0.250000	-0.343750
737	-0.375000	-0.312500
738	-0.062500	-0.062500
739	-0.062500	-0.093750
740	-0.343750	0.156250
741	-0.156250	0.093750
742	-0.062500	-0.312500
743	-0.093750	0.093750
744	-0.187500	0.125000
745	-0.187500	0.312500
746	-0.281250	-0.406250
747	-0.250000	-0.156250
748	-0.281250	0.062500
749	-0.218750	-0.187500
750	-0.218750	0.250000
751	-0.218750	0.156250
752	-0.406250	-0.062500
753	-0.343750	-0.312500
754	-0.187500	-0.156250
755	-0.312500	0.468750
756	-0.187500	0.156250
757	-0.281250	0.187500
758	-0.156250	-0.281250
759	-0.093750	-0.156250
760	-0.250000	0.218750
761	-0.187500	0.125000
762	-0.093750	0.031250
763	-0.156250	0.093750
764	-0.156250	0.250000
765	-0.031250	-0.218750
766	-0.375000	-0.125000
767	-0.312500	-0.218750
768	-0.437500	0.437500
769	-0.187500	-0.281250
770	-0.093750	-0.187500
771	-0.281250	0.187500
772	-0.250000	-0.125000
773	-0.156250	0.031250
774	-0.156250	0.156250
775	-0.187500	-0.156250
776	-0.218750	-0.031250
777	-0.187500	-0.312500
778	-0.312500	0.156250
779	-0.343750	-0.437500
780	-0.187500	-0.125000
781	-0.187500	-0.062500
782	-0.312500	-0.312500
783	-0.250000	-0.125000
784	-0.218750	0.156250
785	-0.250000	-0.093750
786	-0.312500	0.250000
787	-0.218750	-0.093750
788	-0.125000	-0.125000
789	-0.156250	-0.125000
790	-0.281250	-0.218750
791	-0.281250	0.281250
792	-0.218750	0.187500
793	-0.156250	0.250000
794	-0.250000	0.125000
795	-0.406250	0.093750
796	-0.187500	0.125000
797	-0.218750	0.156250
798	-0.218750	-0.031250
799	-0.156250	-0.187500
800	-0.125000	-0.062500
801	-0.218750	0.031250
802	-0.375000	-0.156250
803	-0.312500	0.000000
804	-0.343750	-0.375000
805	-0.062500	0.031250
806	-0.437500	-0.218750
807	-0.218750	-0.218750
808	-0.343750	0.281250
809	-0.250000	0.093750
810	-0.406250	0.062500
811	-0.218750	-0.062500
812	-0.250000	0.156250
813	-0.218750	0.000000
814	-0.312500	0.125000
815	-0.125000	0.187500
816	-0.406250	0.187500
817	-0.406250	-0.468750
818	-0.437500	-0.312500
819	-0.187500	0.218750
820	-0.187500	0.031250
821	-0.343750	0.343750
822	-0.437500	0.500000
823	-0.187500	0.281250
824	-0.218750	-0.031250
825	-0.218750	0.031250
826	-0.281250	0.125000
827	0.000000	0.125000
828	-0.125000	0.000000
829	-0.093750	-0.031250
830	-0.343750	0.250000
831	-0.343750	-0.343750
832	-0.343750	-0.343750
833	-0.312500	0.218750
834	-0.218750	0.343750
835	-0.281250	0.187500
836	-0.437500	0.531250
837	-0.500000	-0.406250
838	-0.250000	0.250000
839	-0.218750	0.000000
840	-0.500000	-0.343750
841	-0.281250	0.000000
842	-0.031250	0.062500
843	-0.187500	-0.125000
844	-0.312500	0.281250
845	-0.218750	-0.156250
846	-0.093750	0.156250
847	-0.093750	0.218750
848	-0.281250	-0.125000
849	-0.437500	-0.031250
850	-0.093750	0.125000
851	-0.156250	-0.062500
852	-0.218750	0.125000
853	-0.187500	-0.281250
854	-0.187500	-0.031250
855	-0.062500	0.125000
856	-0.218750	0.312500
857	-0.312500	0.187500
858	-0.375000	0.343750
859	-0.125000	0.031250
860	-0.343750	-0.250000
861	-0.250000	0.156250
862	-0.281250	0.125000
863	-0.312500	-0.125000
864	-0.125000	0.406250
865	-0.281250	0.093750
866	-0.187500	0.000000
867	-0.187500	-0.062500
868	-0.250000	0.093750
869	-0.062500	0.093750
870	-0.281250	-0.062500
871	-0.281250	0.062500
872	-0.250000	0.062500
873	-0.250000	-0.250000
874	-0.250000	-0.031250
875	-0.437500	0.406250
876	-0.312500	0.468750
877	-0.187500	0.062500
878	-0.406250	-0.093750
879	-0.250000	0.062500
880	-0.343750	-0.343750
881	-0.312500	0.000000
882	-0.375000	-0.468750
883	-0.218750	0.312500
884	-0.187500	-0.093750
885	-0.468750	-0.625000
886	-0.312500	-0.500000
887	-0.187500	-0.062500
888	-0.343750	-0.343750
889	-0.312500	0.375000
890	-0.187500	-0.093750
891	-0.281250	0.031250
892	-0.343750	-0.031250
893	-0.281250	0.062500
894	-0.437500	0.343750
895	-0.406250	-0.156250
896	-0.125000	0.125000
897	-0.156250	0.250000
898	-0.156250	0.031250
899	-0.218750	0.281250
900	-0.156250	-0.281250
901	-0.250000	0.093750
902	-0.031250	0.031250
903	-0.343750	0.343750
904	-0.312500	-0.062500
905	-0.312500	0.218750
906	-0.375000	-0.312500
907	-0.093750	0.000000
908	-0.218750	0.218750
909	-0.312500	-0.062500
910	-0.218750	-0.125000
911	-0.312500	-0.031250
912	-0.343750	0.000000
913	-0.218750	-0.250000
914	-0.250000	-0.156250
915	-0.218750	0.125000
916	-0.218750	0.281250
917	-0.281250	0.187500
918	-0.312500	-0.125000
919	-0.218750	-0.125000
920	-0.125000	-0.031250
921	-0.312500	0.156250
922	-0.312500	0.000000
923	-0.406250	-0.468750
924	-0.125000	-0.187500
925	-0.281250	0.281250
926	-0.250000	0.125000
927	-0.343750	0.250000
928	-0.156250	-0.031250
929	-0.406250	0.312500
930	-0.218750	-0.187500
931	-0.281250	0.250000
932	-0.218750	-0.187500
933	-0.343750	-0.437500
934	-0.375000	-0.406250
935	-0.125000	-0.250000
936	-0.281250	0.156250
937	-0.375000	0.437500
938	-0.218750	-0.187500
939	-0.343750	-0.468750
940	-0.343750	0.437500
941	-0.343750	-0.281250
942	-0.281250	-0.031250
943	-0.062500	-0.031250
944	-0.531250	-0.562500
945	-0.437500	0.062500
946	-0.125000	0.125000
947	-0.281250	0.218750
948	-0.156250	0.093750
949	-0.156250	-0.062500
950	-0.218750	0.281250
951	-0.187500	-0.375000
952	-0.406250	-0.062500
953	-0.218750	0.250000
954	-0.250000	-0.156250
955	-0.187500	-0.281250
956	-0.250000	0.093750
957	-0.625000	0.562500
958	-0.250000	-0.281250
959	-0.187500	0.031250
960	-0.343750	0.250000
961	-0.625000	-0.750000
962	-0.250000	-0.375000
963	-0.218750	-0.093750
964	-0.187500	-0.375000
965	-0.343750	0.250000
966	-0.531250	0.093750
967	-0.343750	-0.343750
968	-0.281250	-0.187500
969	-0.375000	0.250000
970	-0.375000	0.281250
971	-0.187500	0.375000
972	-0.125000	-0.125000
973	-0.281250	0.093750
974	-0.281250	0.375000
975	-0.281250	0.406250
976	-0.250000	0.000000
977	-0.281250	0.125000
978	-0.187500	0.125000
979	-0.250000	0.250000
980	-0.281250	0.031250
981	-0.218750	0.250000
982	-0.281250	-0.156250
983	-0.375000	0.343750
984	-0.062500	0.125000
985	-0.343750	0.468750
986	-0.406250	-0.281250
987	-0.250000	0.218750
988	-0.218750	-0.218750
989	-0.375000	0.000000
990	-0.250000	0.343750
991	-0.343750	0.343750
992	-0.343750	0.218750
993	-0.125000	-0.093750
994	-0.187500	-0.031250
995	-0.187500	0.156250
996	-0.343750	0.250000
997	-0.343750	0.312500
998	-0.187500	-0.031250
999	-0.218750	0.156250
