0	-1.000000	1.000000
1	-1.000000	1.000000
2	-0.875000	0.937500
3	-1.000000	1.000000
4	-1.000000	1.000000
5	-0.875000	0.937500
6	-1.000000	1.000000
7	-1.000000	1.000000
8	-1.000000	1.000000
9	-1.000000	1.000000
10	-0.937500	0.968750
11	-0.937500	0.968750
12	-1.000000	1.000000
13	-1.000000	1.000000
14	-0.937500	0.968750
15	-1.000000	1.000000
16	-1.000000	1.000000
17	-1.000000	1.000000
18	-0.937500	0.968750
19	-0.937500	0.968750
20	-1.000000	1.000000
21	-0.937500	0.968750
22	-1.000000	1.000000
23	-1.000000	1.000000
24	-0.875000	0.937500
25	-1.000000	1.000000
26	-0.937500	0.968750
27	-1.000000	1.000000
28	-0.937500	0.968750
29	-1.000000	1.000000
30	-1.000000	1.000000
31	-1.000000	1.000000
32	-1.000000	1.000000
33	-1.000000	1.000000
34	-1.000000	1.000000
35	-1.000000	1.000000
36	-1.000000	1.000000
37	-1.000000	1.000000
38	-1.000000	1.000000
39	-1.000000	1.000000
40	-1.000000	1.000000
41	-1.000000	1.000000
42	-1.000000	1.000000
43	-0.937500	0.968750
44	-1.000000	1.000000
45	-1.000000	1.000000
46	-1.000000	1.000000
47	-0.937500	0.968750
48	-1.000000	1.000000
49	-1.000000	1.000000
50	-1.000000	1.000000
51	-1.000000	1.000000
52	-1.000000	1.000000
53	-1.000000	1.000000
54	-1.000000	1.000000
55	-1.000000	1.000000
56	-0.875000	0.937500
57	-1.000000	1.000000
58	-1.000000	1.000000
59	-1.000000	1.000000
60	-0.906250	0.937500
61	-1.000000	1.000000
62	-0.906250	0.937500
63	-1.000000	1.000000
64	-1.000000	1.000000
65	-1.000000	1.000000
66	-0.875000	0.937500
67	-1.000000	1.000000
68	-0.937500	0.968750
69	-0.937500	0.968750
70	-1.000000	1.000000
71	-1.000000	1.000000
72	-1.000000	1.000000
73	-1.000000	1.000000
74	-1.000000	1.000000
75	-1.000000	1.000000
76	-1.000000	1.000000
77	-1.000000	1.000000
78	-1.000000	1.000000
79	-1.000000	1.000000
80	-1.000000	1.000000
81	-1.000000	1.000000
82	-1.000000	1.000000
83	-1.000000	1.000000
84	-1.000000	1.000000
85	-0.937500	0.968750
86	-1.000000	1.000000
87	-1.000000	1.000000
88	-1.000000	1.000000
89	-1.000000	1.000000
90	-1.000000	1.000000
91	-1.000000	1.000000
92	-1.000000	1.000000
93	-1.000000	1.000000
94	-1.000000	1.000000
95	-1.000000	1.000000
96	-1.000000	1.000000
97	-1.000000	1.000000
98	-1.000000	1.000000
99	-1.000000	1.000000
100	-0.937500	0.968750
101	-0.875000	0.937500
102	-0.937500	0.968750
103	-1.000000	1.000000
104	-0.906250	0.937500
105	-0.937500	0.968750
106	-1.000000	1.000000
107	-1.000000	1.000000
108	-1.000000	1.000000
109	-1.000000	1.000000
110	-1.000000	1.000000
111	-1.000000	1.000000
112	-1.000000	1.000000
113	-1.000000	1.000000
114	-0.812500	0.875000
115	-1.000000	1.000000
116	-1.000000	1.000000
117	-0.937500	0.968750
118	-1.000000	1.000000
119	-1.000000	1.000000
120	-1.000000	1.000000
121	-1.000000	1.000000
122	-1.000000	1.000000
123	-0.937500	0.968750
124	-1.000000	1.000000
125	-1.000000	1.000000
126	-1.000000	1.000000
127	-1.000000	1.000000
128	-0.875000	0.937500
129	-1.000000	1.000000
130	-1.000000	1.000000
131	-1.000000	1.000000
132	-1.000000	1.000000
133	-1.000000	1.000000
134	-0.937500	0.968750
135	-0.906250	0.937500
136	-1.000000	1.000000
137	-0.937500	0.968750
138	-1.000000	1.000000
139	-1.000000	1.000000
140	-1.000000	1.000000
141	-0.937500	0.968750
142	-1.000000	1.000000
143	-1.000000	1.000000
144	-1.000000	1.000000
145	-1.000000	1.000000
146	-1.000000	1.000000
147	-1.000000	1.000000
148	-1.000000	1.000000
149	-1.000000	1.000000
150	-1.000000	1.000000
151	-0.937500	0.968750
152	-1.000000	1.000000
153	-1.000000	1.000000
154	-1.000000	1.000000
155	-0.937500	0.968750
156	-1.000000	1.000000
157	-0.875000	0.937500
158	-0.937500	0.968750
159	-1.000000	1.000000
160	-0.937500	0.968750
161	-1.000000	1.000000
162	-0.937500	0.968750
163	-1.000000	1.000000
164	-1.000000	1.000000
165	-0.937500	0.968750
166	-0.937500	0.968750
167	-0.937500	0.968750
168	-1.000000	1.000000
169	-1.000000	1.000000
170	-1.000000	1.000000
171	-1.000000	1.000000
172	-1.000000	1.000000
173	-1.000000	1.000000
174	-1.000000	1.000000
175	-1.000000	1.000000
176	-1.000000	1.000000
177	-1.000000	1.000000
178	-1.000000	1.000000
179	-1.000000	1.000000
180	-1.000000	1.000000
181	-1.000000	1.000000
182	-1.000000	1.000000
183	-0.937500	0.968750
184	-1.000000	1.000000
185	-0.937500	0.968750
186	-1.000000	1.000000
187	-1.000000	1.000000
188	-1.000000	1.000000
189	-1.000000	1.000000
190	-1.000000	1.000000
191	-1.000000	1.000000
192	-0.937500	0.968750
193	-0.937500	0.968750
194	-0.937500	0.968750
195	-1.000000	1.000000
196	-1.000000	1.000000
197	-1.000000	1.000000
198	-1.000000	1.000000
199	-1.000000	1.000000
200	-1.000000	1.000000
201	-1.000000	1.000000
202	-0.937500	0.968750
203	-1.000000	1.000000
204	-1.000000	1.000000
205	-0.937500	0.968750
206	-1.000000	1.000000
207	-1.000000	1.000000
208	-0.937500	0.968750
209	-1.000000	1.000000
210	-1.000000	1.000000
211	-1.000000	1.000000
212	-1.000000	1.000000
213	-1.000000	1.000000
214	-1.000000	1.000000
215	-1.000000	1.000000
216	-1.000000	1.000000
217	-1.000000	1.000000
218	-0.937500	0.968750
219	-0.937500	0.968750
220	-1.000000	1.000000
221	-1.000000	1.000000
222	-1.000000	1.000000
223	-1.000000	1.000000
224	-1.000000	1.000000
225	-1.000000	1.000000
226	-0.937500	0.968750
227	-1.000000	1.000000
228	-1.000000	1.000000
229	-0.937500	0.968750
230	-1.000000	1.000000
231	-1.000000	1.000000
232	-0.937500	0.968750
233	-1.000000	1.000000
234	-1.000000	1.000000
235	-0.906250	0.937500
236	-1.000000	1.000000
237	-0.937500	0.968750
238	-1.000000	1.000000
239	-1.000000	1.000000
240	-1.000000	1.000000
241	-1.000000	1.000000
242	-1.000000	1.000000
243	-1.000000	1.000000
244	-1.000000	1.000000
245	-1.000000	1.000000
246	-0.937500	0.968750
247	-0.937500	0.968750
248	-1.000000	1.000000
249	-1.000000	1.000000
250	-0.937500	0.968750
251	-1.000000	1.000000
252	-1.000000	1.000000
253	-0.937500	0.968750
254	-0.875000	0.937500
255	-1.000000	1.000000
256	-0.937500	0.968750
257	-1.000000	1.000000
258	-1.000000	1.000000
259	-0.937500	0.968750
260	-1.000000	1.000000
261	-1.000000	1.000000
262	-1.000000	1.000000
263	-1.000000	1.000000
264	-1.000000	1.000000
265	-1.000000	1.000000
266	-0.937500	0.968750
267	-1.000000	1.000000
268	-1.000000	1.000000
269	-1.000000	1.000000
270	-0.937500	0.968750
271	-0.937500	0.968750
272	-1.000000	1.000000
273	-1.000000	1.000000
274	-1.000000	1.000000
275	-1.000000	1.000000
276	-1.000000	1.000000
277	-1.000000	1.000000
278	-1.000000	1.000000
279	-0.937500	0.968750
280	-1.000000	1.000000
281	-1.000000	1.000000
282	-1.000000	1.000000
283	-0.937500	0.968750
284	-1.000000	1.000000
285	-1.000000	1.000000
286	-0.937500	0.968750
287	-0.937500	0.968750
288	-0.937500	0.968750
289	-1.000000	1.000000
290	-1.000000	1.000000
291	-1.000000	1.000000
292	-1.000000	1.000000
293	-1.000000	1.000000
294	-0.906250	0.937500
295	-1.000000	1.000000
296	-0.937500	0.968750
297	-1.000000	1.000000
298	-1.000000	1.000000
299	-1.000000	1.000000
300	-0.906250	0.937500
301	-0.937500	0.968750
302	-1.000000	1.000000
303	-1.000000	1.000000
304	-1.000000	1.000000
305	-1.000000	1.000000
306	-1.000000	1.000000
307	-1.000000	1.000000
308	-1.000000	1.000000
309	-0.875000	0.937500
310	-1.000000	1.000000
311	-1.000000	1.000000
312	-0.937500	0.968750
313	-1.000000	1.000000
314	-1.000000	1.000000
315	-0.937500	0.968750
316	-1.000000	1.000000
317	-1.000000	1.000000
318	-0.937500	0.968750
319	-0.937500	0.968750
320	-1.000000	1.000000
321	-1.000000	1.000000
322	-0.937500	0.968750
323	-0.937500	0.968750
324	-1.000000	1.000000
325	-0.937500	0.968750
326	-0.812500	0.875000
327	-0.937500	0.968750
328	-0.937500	0.968750
329	-1.000000	1.000000
330	-0.937500	0.968750
331	-0.906250	0.937500
332	-1.000000	1.000000
333	-1.000000	1.000000
334	-1.000000	1.000000
335	-1.000000	1.000000
336	-1.000000	1.000000
337	-1.000000	1.000000
338	-1.000000	1.000000
339	-1.000000	1.000000
340	-1.000000	1.000000
341	-1.000000	1.000000
342	-1.000000	1.000000
343	-1.000000	1.000000
344	-0.812500	0.906250
345	-1.000000	1.000000
346	-1.000000	1.000000
347	-1.000000	1.000000
348	-1.000000	1.000000
349	-0.937500	0.968750
350	-1.000000	1.000000
351	-0.937500	0.968750
352	-1.000000	1.000000
353	-0.937500	0.968750
354	-1.000000	1.000000
355	-1.000000	1.000000
356	-1.000000	1.000000
357	-1.000000	1.000000
358	-1.000000	1.000000
359	-1.000000	1.000000
360	-0.937500	0.968750
361	-1.000000	1.000000
362	-1.000000	1.000000
363	-0.906250	0.937500
364	-0.906250	0.937500
365	-1.000000	1.000000
366	-0.937500	0.968750
367	-1.000000	1.000000
368	-1.000000	1.000000
369	-0.937500	0.968750
370	-1.000000	1.000000
371	-1.000000	1.000000
372	-1.000000	1.000000
373	-1.000000	1.000000
374	-0.937500	0.968750
375	-1.000000	1.000000
376	-0.937500	0.968750
377	-1.000000	1.000000
378	-0.937500	0.968750
379	-1.000000	1.000000
380	-1.000000	1.000000
381	-1.000000	1.000000
382	-1.000000	1.000000
383	-0.937500	0.968750
384	-1.000000	1.000000
385	-1.000000	1.000000
386	-1.000000	1.000000
387	-1.000000	1.000000
388	-1.000000	1.000000
389	-0.937500	0.968750
390	-0.875000	0.937500
391	-1.000000	1.000000
392	-1.000000	1.000000
393	-1.000000	1.000000
394	-1.000000	1.000000
395	-1.000000	1.000000
396	-1.000000	1.000000
397	-1.000000	1.000000
398	-1.000000	1.000000
399	-1.000000	1.000000
400	-1.000000	1.000000
401	-1.000000	1.000000
402	-0.937500	0.968750
403	-1.000000	1.000000
404	-0.937500	0.968750
405	-0.937500	0.968750
406	-1.000000	1.000000
407	-1.000000	1.000000
408	-1.000000	1.000000
409	-0.875000	0.906250
410	-1.000000	1.000000
411	-1.000000	1.000000
412	-1.000000	1.000000
413	-1.000000	1.000000
414	-1.000000	1.000000
415	-1.000000	1.000000
416	-1.000000	1.000000
417	-1.000000	1.000000
418	-0.937500	0.968750
419	-1.000000	1.000000
420	-1.000000	1.000000
421	-0.875000	0.937500
422	-1.000000	1.000000
423	-1.000000	1.000000
424	-1.000000	1.000000
425	-1.000000	1.000000
426	-1.000000	1.000000
427	-1.000000	1.000000
428	-0.937500	0.968750
429	-1.000000	1.000000
430	-0.875000	0.937500
431	-1.000000	1.000000
432	-1.000000	1.000000
433	-1.000000	1.000000
434	-1.000000	1.000000
435	-0.937500	0.968750
436	-1.000000	1.000000
437	-1.000000	1.000000
438	-0.937500	0.968750
439	-0.906250	0.937500
440	-1.000000	1.000000
441	-1.000000	1.000000
442	-1.000000	1.000000
443	-1.000000	1.000000
444	-1.000000	1.000000
445	-1.000000	1.000000
446	-1.000000	1.000000
447	-1.000000	1.000000
448	-1.000000	1.000000
449	-1.000000	1.000000
450	-1.000000	1.000000
451	-1.000000	1.000000
452	-1.000000	1.000000
453	-1.000000	1.000000
454	-1.000000	1.000000
455	-1.000000	1.000000
456	-1.000000	1.000000
457	-1.000000	1.000000
458	-1.000000	1.000000
459	-0.937500	0.968750
460	-1.000000	1.000000
461	-0.937500	0.968750
462	-1.000000	1.000000
463	-1.000000	1.000000
464	-0.937500	0.968750
465	-1.000000	1.000000
466	-1.000000	1.000000
467	-0.937500	0.968750
468	-1.000000	1.000000
469	-1.000000	1.000000
470	-0.937500	0.968750
471	-0.937500	0.968750
472	-1.000000	1.000000
473	-0.937500	0.968750
474	-1.000000	1.000000
475	-1.000000	1.000000
476	-0.937500	0.968750
477	-1.000000	1.000000
478	-1.000000	1.000000
479	-0.937500	0.968750
480	-0.937500	0.968750
481	-1.000000	1.000000
482	-0.937500	0.968750
483	-1.000000	1.000000
484	-1.000000	1.000000
485	-0.937500	0.968750
486	-1.000000	1.000000
487	-1.000000	1.000000
488	-1.000000	1.000000
489	-1.000000	1.000000
490	-1.000000	1.000000
491	-1.000000	1.000000
492	-1.000000	1.000000
493	-1.000000	1.000000
494	-0.937500	0.968750
495	-1.000000	1.000000
496	-0.937500	0.968750
497	-0.937500	0.968750
498	-1.000000	1.000000
499	-1.000000	1.000000
500	-1.000000	1.000000
501	-1.000000	1.000000
502	-1.000000	1.000000
503	-1.000000	1.000000
504	-1.000000	1.000000
505	-1.000000	1.000000
506	-1.000000	1.000000
507	-1.000000	1.000000
508	-0.937500	0.968750
509	-1.000000	1.000000
510	-0.812500	0.906250
511	-1.000000	1.000000
512	-1.000000	1.000000
513	-1.000000	1.000000
514	-1.000000	1.000000
515	-1.000000	1.000000
516	-1.000000	1.000000
517	-0.937500	0.968750
518	-1.000000	1.000000
519	-0.937500	0.968750
520	-1.000000	1.000000
521	-0.937500	0.968750
522	-1.000000	1.000000
523	-1.000000	1.000000
524	-1.000000	1.000000
525	-0.906250	0.937500
526	-1.000000	1.000000
527	-1.000000	1.000000
528	-1.000000	1.000000
529	-1.000000	1.000000
530	-1.000000	1.000000
531	-1.000000	1.000000
532	-1.000000	1.000000
533	-0.937500	0.968750
534	-1.000000	1.000000
535	-1.000000	1.000000
536	-1.000000	1.000000
537	-1.000000	1.000000
538	-0.937500	0.968750
539	-0.937500	0.968750
540	-1.000000	1.000000
541	-1.000000	1.000000
542	-0.937500	0.968750
543	-1.000000	1.000000
544	-1.000000	1.000000
545	-0.906250	0.937500
546	-1.000000	1.000000
547	-1.000000	1.000000
548	-0.937500	0.968750
549	-1.000000	1.000000
550	-0.843750	0.906250
551	-1.000000	1.000000
552	-1.000000	1.000000
553	-1.000000	1.000000
554	-1.000000	1.000000
555	-1.000000	1.000000
556	-0.937500	0.968750
557	-1.000000	1.000000
558	-0.937500	0.968750
559	-1.000000	1.000000
560	-0.937500	0.968750
561	-1.000000	1.000000
562	-1.000000	1.000000
563	-1.000000	1.000000
564	-1.000000	1.000000
565	-1.000000	1.000000
566	-1.000000	1.000000
567	-1.000000	1.000000
568	-1.000000	1.000000
569	-1.000000	1.000000
570	-0.875000	0.937500
571	-1.000000	1.000000
572	-1.000000	1.000000
573	-1.000000	1.000000
574	-1.000000	1.000000
575	-1.000000	1.000000
576	-1.000000	1.000000
577	-1.000000	1.000000
578	-1.000000	1.000000
579	-0.937500	0.968750
580	-1.000000	1.000000
581	-1.000000	1.000000
582	-1.000000	1.000000
583	-1.000000	1.000000
584	-1.000000	1.000000
585	-1.000000	1.000000
586	-0.906250	0.937500
587	-0.937500	0.968750
588	-1.000000	1.000000
589	-1.000000	1.000000
590	-0.937500	0.968750
591	-0.937500	0.968750
592	-0.937500	0.968750
593	-1.000000	1.000000
594	-1.000000	1.000000
595	-1.000000	1.000000
596	-0.937500	0.968750
597	-1.000000	1.000000
598	-0.937500	0.968750
599	-1.000000	1.000000
600	-1.000000	1.000000
601	-1.000000	1.000000
602	-1.000000	1.000000
603	-0.843750	0.906250
604	-1.000000	1.000000
605	-0.937500	0.968750
606	-1.000000	1.000000
607	-1.000000	1.000000
608	-1.000000	1.000000
609	-0.937500	0.968750
610	-1.000000	1.000000
611	-1.000000	1.000000
612	-1.000000	1.000000
613	-1.000000	1.000000
614	-1.000000	1.000000
615	-1.000000	1.000000
616	-1.000000	1.000000
617	-1.000000	1.000000
618	-1.000000	1.000000
619	-0.937500	0.968750
620	-1.000000	1.000000
621	-1.000000	1.000000
622	-1.000000	1.000000
623	-0.937500	0.968750
624	-1.000000	1.000000
625	-1.000000	1.000000
626	-1.000000	1.000000
627	-1.000000	1.000000
628	-1.000000	1.000000
629	-1.000000	1.000000
630	-1.000000	1.000000
631	-0.906250	0.937500
632	-1.000000	1.000000
633	-1.000000	1.000000
634	-0.937500	0.968750
635	-1.000000	1.000000
636	-0.937500	0.968750
637	-1.000000	1.000000
638	-1.000000	1.000000
639	-1.000000	1.000000
640	-0.937500	0.968750
641	-1.000000	1.000000
642	-0.937500	0.968750
643	-0.906250	0.937500
644	-1.000000	1.000000
645	-1.000000	1.000000
646	-1.000000	1.000000
647	-1.000000	1.000000
648	-1.000000	1.000000
649	-1.000000	1.000000
650	-1.000000	1.000000
651	-1.000000	1.000000
652	-0.937500	0.968750
653	-1.000000	1.000000
654	-1.000000	1.000000
655	-0.937500	0.968750
656	-1.000000	1.000000
657	-1.000000	1.000000
658	-1.000000	1.000000
659	-0.937500	0.968750
660	-1.000000	1.000000
661	-1.000000	1.000000
662	-1.000000	1.000000
663	-1.000000	1.000000
664	-0.937500	0.968750
665	-1.000000	1.000000
666	-1.000000	1.000000
667	-0.937500	0.968750
668	-1.000000	1.000000
669	-1.000000	1.000000
670	-1.000000	1.000000
671	-1.000000	1.000000
672	-1.000000	1.000000
673	-0.937500	0.968750
674	-1.000000	1.000000
675	-1.000000	1.000000
676	-1.000000	1.000000
677	-1.000000	1.000000
678	-0.937500	0.968750
679	-1.000000	1.000000
680	-0.906250	0.937500
681	-0.937500	0.968750
682	-1.000000	1.000000
683	-1.000000	1.000000
684	-1.000000	1.000000
685	-1.000000	1.000000
686	-1.000000	1.000000
687	-1.000000	1.000000
688	-1.000000	1.000000
689	-1.000000	1.000000
690	-1.000000	1.000000
691	-1.000000	1.000000
692	-1.000000	1.000000
693	-0.906250	0.937500
694	-0.937500	0.968750
695	-1.000000	1.000000
696	-1.000000	1.000000
697	-1.000000	1.000000
698	-0.937500	0.968750
699	-1.000000	1.000000
700	-1.000000	1.000000
701	-0.937500	0.968750
702	-0.937500	0.968750
703	-1.000000	1.000000
704	-1.000000	1.000000
705	-1.000000	1.000000
706	-1.000000	1.000000
707	-1.000000	1.000000
708	-0.843750	0.906250
709	-1.000000	1.000000
710	-1.000000	1.000000
711	-1.000000	1.000000
712	-0.937500	0.968750
713	-0.937500	0.968750
714	-1.000000	1.000000
715	-1.000000	1.000000
716	-1.000000	1.000000
717	-1.000000	1.000000
718	-1.000000	1.000000
719	-1.000000	1.000000
720	-1.000000	1.000000
721	-1.000000	1.000000
722	-1.000000	1.000000
723	-0.937500	0.968750
724	-1.000000	1.000000
725	-0.906250	0.937500
726	-1.000000	1.000000
727	-1.000000	1.000000
728	-1.000000	1.000000
729	-1.000000	1.000000
730	-1.000000	1.000000
731	-1.000000	1.000000
732	-0.937500	0.968750
733	-1.000000	1.000000
734	-1.000000	1.000000
735	-1.000000	1.000000
736	-1.000000	1.000000
737	-0.843750	0.906250
738	-1.000000	1.000000
739	-0.937500	0.968750
740	-1.000000	1.000000
741	-1.000000	1.000000
742	-0.937500	0.968750
743	-1.000000	1.000000
744	-0.937500	0.968750
745	-0.937500	0.968750
746	-1.000000	1.000000
747	-1.000000	1.000000
748	-1.000000	1.000000
749	-1.000000	1.000000
750	-1.000000	1.000000
751	-1.000000	1.000000
752	-1.000000	1.000000
753	-1.000000	1.000000
754	-0.937500	0.968750
755	-1.000000	1.000000
756	-0.937500	0.968750
757	-1.000000	1.000000
758	-1.000000	1.000000
759	-0.937500	0.968750
760	-1.000000	1.000000
761	-1.000000	1.000000
762	-1.000000	1.000000
763	-1.000000	1.000000
764	-1.000000	1.000000
765	-0.937500	0.968750
766	-0.937500	0.968750
767	-1.000000	1.000000
768	-0.937500	0.968750
769	-0.906250	0.937500
770	-1.000000	1.000000
771	-1.000000	1.000000
772	-1.000000	1.000000
773	-0.937500	0.968750
774	-0.906250	0.937500
775	-1.000000	1.000000
776	-1.000000	1.000000
777	-1.000000	1.000000
778	-1.000000	1.000000
779	-1.000000	1.000000
780	-1.000000	1.000000
781	-1.000000	1.000000
782	-1.000000	1.000000
783	-1.000000	1.000000
784	-0.937500	0.968750
785	-0.937500	0.968750
786	-1.000000	1.000000
787	-1.000000	1.000000
788	-0.906250	0.937500
789	-1.000000	1.000000
790	-1.000000	1.000000
791	-1.000000	1.000000
792	-1.000000	1.000000
793	-0.937500	0.968750
794	-0.875000	0.937500
795	-1.000000	1.000000
796	-1.000000	1.000000
797	-0.937500	0.968750
798	-1.000000	1.000000
799	-1.000000	1.000000
800	-1.000000	1.000000
801	-1.000000	1.000000
802	-0.937500	0.968750
803	-1.000000	1.000000
804	-1.000000	1.000000
805	-1.000000	1.000000
806	-1.000000	1.000000
807	-1.000000	1.000000
808	-1.000000	1.000000
809	-1.000000	1.000000
810	-1.000000	1.000000
811	-1.000000	1.000000
812	-1.000000	1.000000
813	-1.000000	1.000000
814	-1.000000	1.000000
815	-0.937500	0.968750
816	-0.875000	0.937500
817	-1.000000	1.000000
818	-1.000000	1.000000
819	-0.937500	0.968750
820	-0.937500	0.968750
821	-1.000000	1.000000
822	-1.000000	1.000000
823	-1.000000	1.000000
824	-1.000000	1.000000
825	-0.875000	0.937500
826	-0.906250	0.937500
827	-1.000000	1.000000
828	-1.000000	1.000000
829	-0.937500	0.968750
830	-1.000000	1.000000
831	-1.000000	1.000000
832	-0.937500	0.968750
833	-1.000000	1.000000
834	-1.000000	1.000000
835	-0.937500	0.968750
836	-1.000000	1.000000
837	-1.000000	1.000000
838	-1.000000	1.000000
839	-1.000000	1.000000
840	-0.937500	0.968750
841	-1.000000	1.000000
842	-0.937500	0.968750
843	-0.937500	0.968750
844	-1.000000	1.000000
845	-1.000000	1.000000
846	-1.000000	1.000000
847	-0.906250	0.937500
848	-1.000000	1.000000
849	-1.000000	1.000000
850	-1.000000	1.000000
851	-1.000000	1.000000
852	-0.937500	0.968750
853	-1.000000	1.000000
854	-1.000000	1.000000
855	-0.937500	0.968750
856	-1.000000	1.000000
857	-0.937500	0.968750
858	-1.000000	1.000000
859	-1.000000	1.000000
860	-0.937500	0.968750
861	-1.000000	1.000000
862	-0.875000	0.937500
863	-1.000000	1.000000
864	-1.000000	1.000000
865	-1.000000	1.000000
866	-1.000000	1.000000
867	-1.000000	1.000000
868	-1.000000	1.000000
869	-0.937500	0.968750
870	-1.000000	1.000000
871	-1.000000	1.000000
872	-0.937500	0.968750
873	-1.000000	1.000000
874	-0.937500	0.968750
875	-0.937500	0.968750
876	-1.000000	1.000000
877	-1.000000	1.000000
878	-1.000000	1.000000
879	-0.937500	0.968750
880	-0.937500	0.968750
881	-1.000000	1.000000
882	-1.000000	1.000000
883	-1.000000	1.000000
884	-0.875000	0.937500
885	-1.000000	1.000000
886	-1.000000	1.000000
887	-1.000000	1.000000
888	-1.000000	1.000000
889	-1.000000	1.000000
890	-1.000000	1.000000
891	-1.000000	1.000000
892	-1.000000	1.000000
893	-1.000000	1.000000
894	-1.000000	1.000000
895	-0.937500	0.968750
896	-1.000000	1.000000
897	-1.000000	1.000000
898	-1.000000	1.000000
899	-1.000000	1.000000
900	-1.000000	1.000000
901	-1.000000	1.000000
902	-0.937500	0.968750
903	-1.000000	1.000000
904	-1.000000	1.000000
905	-1.000000	1.000000
906	-1.000000	1.000000
907	-1.000000	1.000000
908	-1.000000	1.000000
909	-1.000000	1.000000
910	-1.000000	1.000000
911	-1.000000	1.000000
912	-1.000000	1.000000
913	-1.000000	1.000000
914	-0.937500	0.968750
915	-1.000000	1.000000
916	-1.000000	1.000000
917	-1.000000	1.000000
918	-1.000000	1.000000
919	-1.000000	1.000000
920	-0.937500	0.968750
921	-0.937500	0.968750
922	-0.937500	0.968750
923	-1.000000	1.000000
924	-1.000000	1.000000
925	-1.000000	1.000000
926	-1.000000	1.000000
927	-1.000000	1.000000
928	-1.000000	1.000000
929	-1.000000	1.000000
930	-0.937500	0.968750
931	-1.000000	1.000000
932	-1.000000	1.000000
933	-1.000000	1.000000
934	-1.000000	1.000000
935	-1.000000	1.000000
936	-1.000000	1.000000
937	-1.000000	1.000000
938	-1.000000	1.000000
939	-0.937500	0.968750
940	-0.875000	0.937500
941	-1.000000	1.000000
942	-1.000000	1.000000
943	-1.000000	1.000000
944	-1.000000	1.000000
945	-0.937500	0.968750
946	-1.000000	1.000000
947	-1.000000	1.000000
948	-1.000000	1.000000
949	-1.000000	1.000000
950	-1.000000	1.000000
951	-1.000000	1.000000
952	-1.000000	1.000000
953	-0.875000	0.937500
954	-1.000000	1.000000
955	-1.000000	1.000000
956	-1.000000	1.000000
957	-0.937500	0.968750
958	-1.000000	1.000000
959	-0.937500	0.968750
960	-0.937500	0.968750
961	-0.937500	0.968750
962	-1.000000	1.000000
963	-1.000000	1.000000
964	-1.000000	1.000000
965	-1.000000	1.000000
966	-1.000000	1.000000
967	-1.000000	1.000000
968	-1.000000	1.000000
969	-1.000000	1.000000
970	-1.000000	1.000000
971	-0.937500	0.968750
972	-1.000000	1.000000
973	-1.000000	1.000000
974	-1.000000	1.000000
975	-1.000000	1.000000
976	-0.812500	0.875000
977	-1.000000	1.000000
978	-1.000000	1.000000
979	-1.000000	1.000000
980	-0.937500	0.968750
981	-0.937500	0.968750
982	-1.000000	1.000000
983	-1.000000	1.000000
984	-1.000000	1.000000
985	-1.000000	1.000000
986	-1.000000	1.000000
987	-1.000000	1.000000
988	-1.000000	1.000000
989	-1.000000	1.000000
990	-1.000000	1.000000
991	-1.000000	1.000000
992	-1.000000	1.000000
993	-1.000000	1.000000
994	-1.000000	1.000000
995	-0.937500	0.968750
996	-1.000000	1.000000
997	-0.937500	0.968750
998	-0.937500	0.968750
999	-1.000000	1.000000
