0	-0.918457	-0.950439
1	-0.923950	-0.952515
2	-0.918335	-0.947144
3	-0.925781	-0.956177
4	-0.921509	-0.953613
5	-0.929321	-0.955688
6	-0.911499	-0.941650
7	-0.928955	-0.955566
8	-0.922852	-0.950073
9	-0.920044	-0.949951
10	-0.921021	-0.947754
11	-0.916504	-0.947144
12	-0.924194	-0.953735
13	-0.925537	-0.956909
14	-0.924438	-0.954224
15	-0.919312	-0.951050
16	-0.906738	-0.940796
17	-0.922607	-0.952881
18	-0.918701	-0.949341
19	-0.918823	-0.948975
20	-0.921997	-0.950195
21	-0.917480	-0.947388
22	-0.920044	-0.951050
23	-0.918335	-0.949463
24	-0.928589	-0.957520
25	-0.921509	-0.953369
26	-0.919189	-0.950073
27	-0.919678	-0.949341
28	-0.919556	-0.949341
29	-0.929565	-0.955688
30	-0.919312	-0.949097
31	-0.921021	-0.950317
32	-0.923706	-0.954346
33	-0.927734	-0.955444
34	-0.930054	-0.957397
35	-0.926392	-0.954224
36	-0.923828	-0.950928
37	-0.916260	-0.945801
38	-0.930054	-0.955688
39	-0.923828	-0.952759
40	-0.922119	-0.951172
41	-0.923584	-0.953369
42	-0.922241	-0.950806
43	-0.928833	-0.956299
44	-0.915161	-0.946777
45	-0.931030	-0.957764
46	-0.924805	-0.953369
47	-0.929688	-0.957520
48	-0.918701	-0.949951
49	-0.931274	-0.957275
50	-0.921631	-0.952271
51	-0.928101	-0.957520
52	-0.925781	-0.954956
53	-0.925049	-0.954956
54	-0.920044	-0.950684
55	-0.920532	-0.952881
56	-0.928711	-0.956299
57	-0.921509	-0.949463
58	-0.922241	-0.950317
59	-0.918091	-0.948608
60	-0.919067	-0.950317
61	-0.921143	-0.950806
62	-0.917969	-0.947876
63	-0.928223	-0.956421
64	-0.922485	-0.954712
65	-0.922974	-0.952881
66	-0.920410	-0.949585
67	-0.915161	-0.946533
68	-0.924438	-0.953613
69	-0.923950	-0.954224
70	-0.918579	-0.949707
71	-0.915161	-0.943970
72	-0.918335	-0.948486
73	-0.920898	-0.951416
74	-0.921753	-0.952271
75	-0.920776	-0.952271
76	-0.935181	-0.960571
77	-0.917114	-0.950806
78	-0.925781	-0.953003
79	-0.913574	-0.946655
80	-0.926392	-0.954102
81	-0.927734	-0.951782
82	-0.914063	-0.945190
83	-0.925293	-0.954956
84	-0.922363	-0.952271
85	-0.923950	-0.952026
86	-0.921021	-0.951660
87	-0.930664	-0.957642
88	-0.914673	-0.942627
89	-0.925415	-0.954956
90	-0.912354	-0.945801
91	-0.919434	-0.945679
92	-0.920166	-0.950195
93	-0.925049	-0.953613
94	-0.922485	-0.952393
95	-0.913452	-0.947266
96	-0.914795	-0.944702
97	-0.923950	-0.953247
98	-0.928711	-0.956055
99	-0.913330	-0.945923
100	-0.920654	-0.949707
101	-0.915649	-0.945801
102	-0.920776	-0.951416
103	-0.919312	-0.949219
104	-0.924927	-0.953857
105	-0.916748	-0.949219
106	-0.919800	-0.952271
107	-0.923828	-0.953979
108	-0.922119	-0.951050
109	-0.926758	-0.954956
110	-0.915894	-0.944702
111	-0.925293	-0.955444
112	-0.916870	-0.947876
113	-0.919800	-0.946777
114	-0.923218	-0.953857
115	-0.929932	-0.958862
116	-0.921265	-0.951172
117	-0.920410	-0.950439
118	-0.922852	-0.947266
119	-0.921387	-0.952637
120	-0.928711	-0.955200
121	-0.924072	-0.953247
122	-0.910400	-0.940186
123	-0.923462	-0.951172
124	-0.914185	-0.944702
125	-0.926758	-0.954224
126	-0.919922	-0.948853
127	-0.923340	-0.952026
128	-0.919678	-0.950195
129	-0.925903	-0.954468
130	-0.919067	-0.948364
131	-0.933228	-0.959839
132	-0.920044	-0.949585
133	-0.923096	-0.952881
134	-0.929688	-0.957275
135	-0.925293	-0.954224
136	-0.923584	-0.953613
137	-0.922485	-0.952759
138	-0.921997	-0.952271
139	-0.918579	-0.946289
140	-0.923950	-0.953613
141	-0.922852	-0.953125
142	-0.926880	-0.948975
143	-0.921875	-0.953003
144	-0.930786	-0.958130
145	-0.917480	-0.949463
146	-0.919922	-0.949951
147	-0.924438	-0.952759
148	-0.920776	-0.952148
149	-0.926392	-0.953125
150	-0.919556	-0.947266
151	-0.921509	-0.948730
152	-0.925659	-0.952759
153	-0.925293	-0.954956
154	-0.914917	-0.945557
155	-0.924805	-0.954102
156	-0.919678	-0.951538
157	-0.921143	-0.952637
158	-0.925537	-0.952148
159	-0.918701	-0.945068
160	-0.923828	-0.951782
161	-0.915283	-0.944824
162	-0.931885	-0.958740
163	-0.923096	-0.953857
164	-0.921387	-0.946289
165	-0.917114	-0.948608
166	-0.922485	-0.953003
167	-0.924194	-0.953857
168	-0.919312	-0.946655
169	-0.921631	-0.948975
170	-0.920776	-0.951416
171	-0.921753	-0.950684
172	-0.923218	-0.953125
173	-0.910889	-0.942871
174	-0.919434	-0.951172
175	-0.917725	-0.948486
176	-0.919189	-0.950806
177	-0.931274	-0.958496
178	-0.920288	-0.949341
179	-0.921997	-0.952271
180	-0.921509	-0.951172
181	-0.919678	-0.950439
182	-0.930176	-0.957397
183	-0.925659	-0.954834
184	-0.932373	-0.959351
185	-0.928467	-0.957153
186	-0.923096	-0.953979
187	-0.920898	-0.953125
188	-0.920532	-0.951904
189	-0.923096	-0.953857
190	-0.923096	-0.949463
191	-0.919189	-0.945801
192	-0.918457	-0.949463
193	-0.920288	-0.947876
194	-0.919556	-0.950195
195	-0.930054	-0.958130
196	-0.923584	-0.952881
197	-0.927246	-0.956299
198	-0.920654	-0.948608
199	-0.931519	-0.958862
200	-0.921143	-0.949707
201	-0.920776	-0.950073
202	-0.915527	-0.945068
203	-0.930908	-0.957642
204	-0.927612	-0.956787
205	-0.916504	-0.947998
206	-0.924072	-0.953857
207	-0.924438	-0.953613
208	-0.921387	-0.951904
209	-0.925415	-0.953247
210	-0.923462	-0.946289
211	-0.921631	-0.951416
212	-0.923950	-0.950562
213	-0.921265	-0.952393
214	-0.921875	-0.952271
215	-0.916870	-0.944702
216	-0.918945	-0.949951
217	-0.924438	-0.953369
218	-0.923950	-0.953003
219	-0.926880	-0.952759
220	-0.921753	-0.950439
221	-0.918213	-0.946045
222	-0.925537	-0.951416
223	-0.922852	-0.951050
224	-0.912598	-0.943359
225	-0.916138	-0.947998
226	-0.928711	-0.954346
227	-0.922119	-0.951660
228	-0.919434	-0.948730
229	-0.931763	-0.958984
230	-0.917969	-0.951294
231	-0.923340	-0.951050
232	-0.907837	-0.942383
233	-0.923584	-0.952148
234	-0.916748	-0.948730
235	-0.927856	-0.956299
236	-0.922974	-0.953369
237	-0.930786	-0.959473
238	-0.924072	-0.953003
239	-0.927246	-0.955688
240	-0.921875	-0.951416
241	-0.923218	-0.951172
242	-0.920044	-0.946655
243	-0.922119	-0.950684
244	-0.920044	-0.951172
245	-0.920532	-0.948120
246	-0.923584	-0.953003
247	-0.915894	-0.947876
248	-0.929810	-0.956543
249	-0.911743	-0.945679
250	-0.922607	-0.953857
251	-0.920776	-0.950684
252	-0.928833	-0.955811
253	-0.921387	-0.950928
254	-0.921143	-0.950806
255	-0.917114	-0.950195
256	-0.918457	-0.950439
257	-0.923950	-0.952515
258	-0.918335	-0.947144
259	-0.925781	-0.956177
260	-0.921509	-0.953613
261	-0.929321	-0.955688
262	-0.911499	-0.941650
263	-0.928955	-0.955566
264	-0.922852	-0.950073
265	-0.920044	-0.949951
266	-0.921021	-0.947754
267	-0.916504	-0.947144
268	-0.924194	-0.953735
269	-0.925537	-0.956909
270	-0.924438	-0.954224
271	-0.919312	-0.951050
272	-0.906738	-0.940796
273	-0.922607	-0.952881
274	-0.918701	-0.949341
275	-0.918823	-0.948975
276	-0.921997	-0.950195
277	-0.917480	-0.947388
278	-0.920044	-0.951050
279	-0.918335	-0.949463
280	-0.928589	-0.957520
281	-0.921509	-0.953369
282	-0.919189	-0.950073
283	-0.919678	-0.949341
284	-0.919556	-0.949341
285	-0.929565	-0.955688
286	-0.919312	-0.949097
287	-0.921021	-0.950317
288	-0.923706	-0.954346
289	-0.927734	-0.955444
290	-0.930054	-0.957397
291	-0.926392	-0.954224
292	-0.923828	-0.950928
293	-0.916260	-0.945801
294	-0.930054	-0.955688
295	-0.923828	-0.952759
296	-0.922119	-0.951172
297	-0.923584	-0.953369
298	-0.922241	-0.950806
299	-0.928833	-0.956299
300	-0.915161	-0.946777
301	-0.931030	-0.957764
302	-0.924805	-0.953369
303	-0.929688	-0.957520
304	-0.918701	-0.949951
305	-0.931274	-0.957275
306	-0.921631	-0.952271
307	-0.928101	-0.957520
308	-0.925781	-0.954956
309	-0.925049	-0.954956
310	-0.920044	-0.950684
311	-0.920532	-0.952881
312	-0.928711	-0.956299
313	-0.921509	-0.949463
314	-0.922241	-0.950317
315	-0.918091	-0.948608
316	-0.919067	-0.950317
317	-0.921143	-0.950806
318	-0.917969	-0.947876
319	-0.928223	-0.956421
320	-0.922485	-0.954712
321	-0.922974	-0.952881
322	-0.920410	-0.949585
323	-0.915161	-0.946533
324	-0.924438	-0.953613
325	-0.923950	-0.954224
326	-0.918579	-0.949707
327	-0.915161	-0.943970
328	-0.918335	-0.948486
329	-0.920898	-0.951416
330	-0.921753	-0.952271
331	-0.920776	-0.952271
332	-0.935181	-0.960571
333	-0.917114	-0.950806
334	-0.925781	-0.953003
335	-0.913574	-0.946655
336	-0.926392	-0.954102
337	-0.927734	-0.951782
338	-0.914063	-0.945190
339	-0.925293	-0.954956
340	-0.922363	-0.952271
341	-0.923950	-0.952026
342	-0.921021	-0.951660
343	-0.930664	-0.957642
344	-0.914673	-0.942627
345	-0.925415	-0.954956
346	-0.912354	-0.945801
347	-0.919434	-0.945679
348	-0.920166	-0.950195
349	-0.925049	-0.953613
350	-0.922485	-0.952393
351	-0.913452	-0.947266
352	-0.914795	-0.944702
353	-0.923950	-0.953247
354	-0.928711	-0.956055
355	-0.913330	-0.945923
356	-0.920654	-0.949707
357	-0.915649	-0.945801
358	-0.920776	-0.951416
359	-0.919312	-0.949219
360	-0.924927	-0.953857
361	-0.916748	-0.949219
362	-0.919800	-0.952271
363	-0.923828	-0.953979
364	-0.922119	-0.951050
365	-0.926758	-0.954956
366	-0.915894	-0.944702
367	-0.925293	-0.955444
368	-0.916870	-0.947876
369	-0.919800	-0.946777
370	-0.923218	-0.953857
371	-0.929932	-0.958862
372	-0.921265	-0.951172
373	-0.920410	-0.950439
374	-0.922852	-0.947266
375	-0.921387	-0.952637
376	-0.928711	-0.955200
377	-0.924072	-0.953247
378	-0.910400	-0.940186
379	-0.923462	-0.951172
380	-0.914185	-0.944702
381	-0.926758	-0.954224
382	-0.919922	-0.948853
383	-0.923340	-0.952026
384	-0.919678	-0.950195
385	-0.925903	-0.954468
386	-0.919067	-0.948364
387	-0.933228	-0.959839
388	-0.920044	-0.949585
389	-0.923096	-0.952881
390	-0.929688	-0.957275
391	-0.925293	-0.954224
392	-0.923584	-0.953613
393	-0.922485	-0.952759
394	-0.921997	-0.952271
395	-0.918579	-0.946289
396	-0.923950	-0.953613
397	-0.922852	-0.953125
398	-0.926880	-0.948975
399	-0.921875	-0.953003
400	-0.930786	-0.958130
401	-0.917480	-0.949463
402	-0.919922	-0.949951
403	-0.924438	-0.952759
404	-0.920776	-0.952148
405	-0.926392	-0.953125
406	-0.919556	-0.947266
407	-0.921509	-0.948730
408	-0.925659	-0.952759
409	-0.925293	-0.954956
410	-0.914917	-0.945557
411	-0.924805	-0.954102
412	-0.919678	-0.951538
413	-0.921143	-0.952637
414	-0.925537	-0.952148
415	-0.918701	-0.945068
416	-0.923828	-0.951782
417	-0.915283	-0.944824
418	-0.931885	-0.958740
419	-0.923096	-0.953857
420	-0.921387	-0.946289
421	-0.917114	-0.948608
422	-0.922485	-0.953003
423	-0.924194	-0.953857
424	-0.919312	-0.946655
425	-0.921631	-0.948975
426	-0.920776	-0.951416
427	-0.921753	-0.950684
428	-0.923218	-0.953125
429	-0.910889	-0.942871
430	-0.919434	-0.951172
431	-0.917725	-0.948486
432	-0.919189	-0.950806
433	-0.931274	-0.958496
434	-0.920288	-0.949341
435	-0.921997	-0.952271
436	-0.921509	-0.951172
437	-0.919678	-0.950439
438	-0.930176	-0.957397
439	-0.925659	-0.954834
440	-0.932373	-0.959351
441	-0.928467	-0.957153
442	-0.923096	-0.953979
443	-0.920898	-0.953125
444	-0.920532	-0.951904
445	-0.923096	-0.953857
446	-0.923096	-0.949463
447	-0.919189	-0.945801
448	-0.918457	-0.949463
449	-0.920288	-0.947876
450	-0.919556	-0.950195
451	-0.930054	-0.958130
452	-0.923584	-0.952881
453	-0.927246	-0.956299
454	-0.920654	-0.948608
455	-0.931519	-0.958862
456	-0.921143	-0.949707
457	-0.920776	-0.950073
458	-0.915527	-0.945068
459	-0.930908	-0.957642
460	-0.927612	-0.956787
461	-0.916504	-0.947998
462	-0.924072	-0.953857
463	-0.924438	-0.953613
464	-0.921387	-0.951904
465	-0.925415	-0.953247
466	-0.923462	-0.946289
467	-0.921631	-0.951416
468	-0.923950	-0.950562
469	-0.921265	-0.952393
470	-0.921875	-0.952271
471	-0.916870	-0.944702
472	-0.918945	-0.949951
473	-0.924438	-0.953369
474	-0.923950	-0.953003
475	-0.926880	-0.952759
476	-0.921753	-0.950439
477	-0.918213	-0.946045
478	-0.925537	-0.951416
479	-0.922852	-0.951050
480	-0.912598	-0.943359
481	-0.916138	-0.947998
482	-0.928711	-0.954346
483	-0.922119	-0.951660
484	-0.919434	-0.948730
485	-0.931763	-0.958984
486	-0.917969	-0.951294
487	-0.923340	-0.951050
488	-0.907837	-0.942383
489	-0.923584	-0.952148
490	-0.916748	-0.948730
491	-0.927856	-0.956299
492	-0.922974	-0.953369
493	-0.930786	-0.959473
494	-0.924072	-0.953003
495	-0.927246	-0.955688
496	-0.921875	-0.951416
497	-0.923218	-0.951172
498	-0.920044	-0.946655
499	-0.922119	-0.950684
500	-0.920044	-0.951172
501	-0.920532	-0.948120
502	-0.923584	-0.953003
503	-0.915894	-0.947876
504	-0.929810	-0.956543
505	-0.911743	-0.945679
506	-0.922607	-0.953857
507	-0.920776	-0.950684
508	-0.928833	-0.955811
509	-0.921387	-0.950928
510	-0.921143	-0.950806
511	-0.917114	-0.950195
512	-0.918457	-0.950439
513	-0.923950	-0.952515
514	-0.918335	-0.947144
515	-0.925781	-0.956177
516	-0.921509	-0.953613
517	-0.929321	-0.955688
518	-0.911499	-0.941650
519	-0.928955	-0.955566
520	-0.922852	-0.950073
521	-0.920044	-0.949951
522	-0.921021	-0.947754
523	-0.916504	-0.947144
524	-0.924194	-0.953735
525	-0.925537	-0.956909
526	-0.924438	-0.954224
527	-0.919312	-0.951050
528	-0.906738	-0.940796
529	-0.922607	-0.952881
530	-0.918701	-0.949341
531	-0.918823	-0.948975
532	-0.921997	-0.950195
533	-0.917480	-0.947388
534	-0.920044	-0.951050
535	-0.918335	-0.949463
536	-0.928589	-0.957520
537	-0.921509	-0.953369
538	-0.919189	-0.950073
539	-0.919678	-0.949341
540	-0.919556	-0.949341
541	-0.929565	-0.955688
542	-0.919312	-0.949097
543	-0.921021	-0.950317
544	-0.923706	-0.954346
545	-0.927734	-0.955444
546	-0.930054	-0.957397
547	-0.926392	-0.954224
548	-0.923828	-0.950928
549	-0.916260	-0.945801
550	-0.930054	-0.955688
551	-0.923828	-0.952759
552	-0.922119	-0.951172
553	-0.923584	-0.953369
554	-0.922241	-0.950806
555	-0.928833	-0.956299
556	-0.915161	-0.946777
557	-0.931030	-0.957764
558	-0.924805	-0.953369
559	-0.929688	-0.957520
560	-0.918701	-0.949951
561	-0.931274	-0.957275
562	-0.921631	-0.952271
563	-0.928101	-0.957520
564	-0.925781	-0.954956
565	-0.925049	-0.954956
566	-0.920044	-0.950684
567	-0.920532	-0.952881
568	-0.928711	-0.956299
569	-0.921509	-0.949463
570	-0.922241	-0.950317
571	-0.918091	-0.948608
572	-0.919067	-0.950317
573	-0.921143	-0.950806
574	-0.917969	-0.947876
575	-0.928223	-0.956421
576	-0.922485	-0.954712
577	-0.922974	-0.952881
578	-0.920410	-0.949585
579	-0.915161	-0.946533
580	-0.924438	-0.953613
581	-0.923950	-0.954224
582	-0.918579	-0.949707
583	-0.915161	-0.943970
584	-0.918335	-0.948486
585	-0.920898	-0.951416
586	-0.921753	-0.952271
587	-0.920776	-0.952271
588	-0.935181	-0.960571
589	-0.917114	-0.950806
590	-0.925781	-0.953003
591	-0.913574	-0.946655
592	-0.926392	-0.954102
593	-0.927734	-0.951782
594	-0.914063	-0.945190
595	-0.925293	-0.954956
596	-0.922363	-0.952271
597	-0.923950	-0.952026
598	-0.921021	-0.951660
599	-0.930664	-0.957642
600	-0.914673	-0.942627
601	-0.925415	-0.954956
602	-0.912354	-0.945801
603	-0.919434	-0.945679
604	-0.920166	-0.950195
605	-0.925049	-0.953613
606	-0.922485	-0.952393
607	-0.913452	-0.947266
608	-0.914795	-0.944702
609	-0.923950	-0.953247
610	-0.928711	-0.956055
611	-0.913330	-0.945923
612	-0.920654	-0.949707
613	-0.915649	-0.945801
614	-0.920776	-0.951416
615	-0.919312	-0.949219
616	-0.924927	-0.953857
617	-0.916748	-0.949219
618	-0.919800	-0.952271
619	-0.923828	-0.953979
620	-0.922119	-0.951050
621	-0.926758	-0.954956
622	-0.915894	-0.944702
623	-0.925293	-0.955444
624	-0.916870	-0.947876
625	-0.919800	-0.946777
626	-0.923218	-0.953857
627	-0.929932	-0.958862
628	-0.921265	-0.951172
629	-0.920410	-0.950439
630	-0.922852	-0.947266
631	-0.921387	-0.952637
632	-0.928711	-0.955200
633	-0.924072	-0.953247
634	-0.910400	-0.940186
635	-0.923462	-0.951172
636	-0.914185	-0.944702
637	-0.926758	-0.954224
638	-0.919922	-0.948853
639	-0.923340	-0.952026
640	-0.919678	-0.950195
641	-0.925903	-0.954468
642	-0.919067	-0.948364
643	-0.933228	-0.959839
644	-0.920044	-0.949585
645	-0.923096	-0.952881
646	-0.929688	-0.957275
647	-0.925293	-0.954224
648	-0.923584	-0.953613
649	-0.922485	-0.952759
650	-0.921997	-0.952271
651	-0.918579	-0.946289
652	-0.923950	-0.953613
653	-0.922852	-0.953125
654	-0.926880	-0.948975
655	-0.921875	-0.953003
656	-0.930786	-0.958130
657	-0.917480	-0.949463
658	-0.919922	-0.949951
659	-0.924438	-0.952759
660	-0.920776	-0.952148
661	-0.926392	-0.953125
662	-0.919556	-0.947266
663	-0.921509	-0.948730
664	-0.925659	-0.952759
665	-0.925293	-0.954956
666	-0.914917	-0.945557
667	-0.924805	-0.954102
668	-0.919678	-0.951538
669	-0.921143	-0.952637
670	-0.925537	-0.952148
671	-0.918701	-0.945068
672	-0.923828	-0.951782
673	-0.915283	-0.944824
674	-0.931885	-0.958740
675	-0.923096	-0.953857
676	-0.921387	-0.946289
677	-0.917114	-0.948608
678	-0.922485	-0.953003
679	-0.924194	-0.953857
680	-0.919312	-0.946655
681	-0.921631	-0.948975
682	-0.920776	-0.951416
683	-0.921753	-0.950684
684	-0.923218	-0.953125
685	-0.910889	-0.942871
686	-0.919434	-0.951172
687	-0.917725	-0.948486
688	-0.919189	-0.950806
689	-0.931274	-0.958496
690	-0.920288	-0.949341
691	-0.921997	-0.952271
692	-0.921509	-0.951172
693	-0.919678	-0.950439
694	-0.930176	-0.957397
695	-0.925659	-0.954834
696	-0.932373	-0.959351
697	-0.928467	-0.957153
698	-0.923096	-0.953979
699	-0.920898	-0.953125
700	-0.920532	-0.951904
701	-0.923096	-0.953857
702	-0.923096	-0.949463
703	-0.919189	-0.945801
704	-0.918457	-0.949463
705	-0.920288	-0.947876
706	-0.919556	-0.950195
707	-0.930054	-0.958130
708	-0.923584	-0.952881
709	-0.927246	-0.956299
710	-0.920654	-0.948608
711	-0.931519	-0.958862
712	-0.921143	-0.949707
713	-0.920776	-0.950073
714	-0.915527	-0.945068
715	-0.930908	-0.957642
716	-0.927612	-0.956787
717	-0.916504	-0.947998
718	-0.924072	-0.953857
719	-0.924438	-0.953613
720	-0.921387	-0.951904
721	-0.925415	-0.953247
722	-0.923462	-0.946289
723	-0.921631	-0.951416
724	-0.923950	-0.950562
725	-0.921265	-0.952393
726	-0.921875	-0.952271
727	-0.916870	-0.944702
728	-0.918945	-0.949951
729	-0.924438	-0.953369
730	-0.923950	-0.953003
731	-0.926880	-0.952759
732	-0.921753	-0.950439
733	-0.918213	-0.946045
734	-0.925537	-0.951416
735	-0.922852	-0.951050
736	-0.912598	-0.943359
737	-0.916138	-0.947998
738	-0.928711	-0.954346
739	-0.922119	-0.951660
740	-0.919434	-0.948730
741	-0.931763	-0.958984
742	-0.917969	-0.951294
743	-0.923340	-0.951050
744	-0.907837	-0.942383
745	-0.923584	-0.952148
746	-0.916748	-0.948730
747	-0.927856	-0.956299
748	-0.922974	-0.953369
749	-0.930786	-0.959473
750	-0.924072	-0.953003
751	-0.927246	-0.955688
752	-0.921875	-0.951416
753	-0.923218	-0.951172
754	-0.920044	-0.946655
755	-0.922119	-0.950684
756	-0.920044	-0.951172
757	-0.920532	-0.948120
758	-0.923584	-0.953003
759	-0.915894	-0.947876
760	-0.929810	-0.956543
761	-0.911743	-0.945679
762	-0.922607	-0.953857
763	-0.920776	-0.950684
764	-0.928833	-0.955811
765	-0.921387	-0.950928
766	-0.921143	-0.950806
767	-0.917114	-0.950195
768	-0.918457	-0.950439
769	-0.923950	-0.952515
770	-0.918335	-0.947144
771	-0.925781	-0.956177
772	-0.921509	-0.953613
773	-0.929321	-0.955688
774	-0.911499	-0.941650
775	-0.928955	-0.955566
776	-0.922852	-0.950073
777	-0.920044	-0.949951
778	-0.921021	-0.947754
779	-0.916504	-0.947144
780	-0.924194	-0.953735
781	-0.925537	-0.956909
782	-0.924438	-0.954224
783	-0.919312	-0.951050
784	-0.906738	-0.940796
785	-0.922607	-0.952881
786	-0.918701	-0.949341
787	-0.918823	-0.948975
788	-0.921997	-0.950195
789	-0.917480	-0.947388
790	-0.920044	-0.951050
791	-0.918335	-0.949463
792	-0.928589	-0.957520
793	-0.921509	-0.953369
794	-0.919189	-0.950073
795	-0.919678	-0.949341
796	-0.919556	-0.949341
797	-0.929565	-0.955688
798	-0.919312	-0.949097
799	-0.921021	-0.950317
800	-0.923706	-0.954346
801	-0.927734	-0.955444
802	-0.930054	-0.957397
803	-0.926392	-0.954224
804	-0.923828	-0.950928
805	-0.916260	-0.945801
806	-0.930054	-0.955688
807	-0.923828	-0.952759
808	-0.922119	-0.951172
809	-0.923584	-0.953369
810	-0.922241	-0.950806
811	-0.928833	-0.956299
812	-0.915161	-0.946777
813	-0.931030	-0.957764
814	-0.924805	-0.953369
815	-0.929688	-0.957520
816	-0.918701	-0.949951
817	-0.931274	-0.957275
818	-0.921631	-0.952271
819	-0.928101	-0.957520
820	-0.925781	-0.954956
821	-0.925049	-0.954956
822	-0.920044	-0.950684
823	-0.920532	-0.952881
824	-0.928711	-0.956299
825	-0.921509	-0.949463
826	-0.922241	-0.950317
827	-0.918091	-0.948608
828	-0.919067	-0.950317
829	-0.921143	-0.950806
830	-0.917969	-0.947876
831	-0.928223	-0.956421
832	-0.922485	-0.954712
833	-0.922974	-0.952881
834	-0.920410	-0.949585
835	-0.915161	-0.946533
836	-0.924438	-0.953613
837	-0.923950	-0.954224
838	-0.918579	-0.949707
839	-0.915161	-0.943970
840	-0.918335	-0.948486
841	-0.920898	-0.951416
842	-0.921753	-0.952271
843	-0.920776	-0.952271
844	-0.935181	-0.960571
845	-0.917114	-0.950806
846	-0.925781	-0.953003
847	-0.913574	-0.946655
848	-0.926392	-0.954102
849	-0.927734	-0.951782
850	-0.914063	-0.945190
851	-0.925293	-0.954956
852	-0.922363	-0.952271
853	-0.923950	-0.952026
854	-0.921021	-0.951660
855	-0.930664	-0.957642
856	-0.914673	-0.942627
857	-0.925415	-0.95495