0	-1.000000	1.000000
1	-0.875000	0.937500
2	-0.843750	0.906250
3	-1.000000	1.000000
4	-1.000000	1.000000
5	-1.000000	1.000000
6	-1.000000	1.000000
7	-0.937500	0.968750
8	-1.000000	1.000000
9	-1.000000	1.000000
10	-1.000000	1.000000
11	-1.000000	1.000000
12	-1.000000	1.000000
13	-1.000000	1.000000
14	-1.000000	1.000000
15	-1.000000	1.000000
16	-1.000000	1.000000
17	-1.000000	1.000000
18	-1.000000	1.000000
19	-1.000000	1.000000
20	-1.000000	1.000000
21	-1.000000	1.000000
22	-1.000000	1.000000
23	-1.000000	1.000000
24	-0.937500	0.968750
25	-1.000000	1.000000
26	-1.000000	1.000000
27	-1.000000	1.000000
28	-1.000000	1.000000
29	-1.000000	1.000000
30	-1.000000	1.000000
31	-1.000000	1.000000
32	-1.000000	1.000000
33	-0.875000	0.937500
34	-0.937500	0.968750
35	-1.000000	1.000000
36	-1.000000	1.000000
37	-0.937500	0.968750
38	-1.000000	1.000000
39	-0.937500	0.968750
40	-1.000000	1.000000
41	-1.000000	1.000000
42	-1.000000	1.000000
43	-1.000000	1.000000
44	-0.937500	0.968750
45	-0.875000	0.937500
46	-1.000000	1.000000
47	-1.000000	1.000000
48	-1.000000	1.000000
49	-0.937500	0.968750
50	-1.000000	1.000000
51	-0.937500	0.968750
52	-0.906250	0.937500
53	-0.937500	0.968750
54	-1.000000	1.000000
55	-1.000000	1.000000
56	-1.000000	1.000000
57	-0.937500	0.968750
58	-1.000000	1.000000
59	-1.000000	1.000000
60	-1.000000	1.000000
61	-0.875000	0.937500
62	-1.000000	1.000000
63	-0.937500	0.968750
64	-1.000000	1.000000
65	-1.000000	1.000000
66	-1.000000	1.000000
67	-0.937500	0.968750
68	-0.937500	0.968750
69	-1.000000	1.000000
70	-1.000000	1.000000
71	-1.000000	1.000000
72	-0.875000	0.937500
73	-1.000000	1.000000
74	-1.000000	1.000000
75	-1.000000	1.000000
76	-1.000000	1.000000
77	-1.000000	1.000000
78	-0.906250	0.937500
79	-0.937500	0.968750
80	-1.000000	1.000000
81	-0.937500	0.968750
82	-1.000000	1.000000
83	-1.000000	1.000000
84	-1.000000	1.000000
85	-0.937500	0.968750
86	-1.000000	1.000000
87	-1.000000	1.000000
88	-1.000000	1.000000
89	-0.937500	0.968750
90	-1.000000	1.000000
91	-1.000000	1.000000
92	-0.937500	0.968750
93	-1.000000	1.000000
94	-0.875000	0.937500
95	-1.000000	1.000000
96	-0.875000	0.937500
97	-1.000000	1.000000
98	-0.875000	0.937500
99	-1.000000	1.000000
100	-1.000000	1.000000
101	-0.937500	0.968750
102	-0.906250	0.937500
103	-0.937500	0.968750
104	-0.937500	0.968750
105	-1.000000	1.000000
106	-0.937500	0.968750
107	-0.937500	0.968750
108	-1.000000	1.000000
109	-0.937500	0.968750
110	-1.000000	1.000000
111	-1.000000	1.000000
112	-1.000000	1.000000
113	-0.875000	0.937500
114	-1.000000	1.000000
115	-0.937500	0.968750
116	-1.000000	1.000000
117	-1.000000	1.000000
118	-1.000000	1.000000
119	-1.000000	1.000000
120	-1.000000	1.000000
121	-1.000000	1.000000
122	-1.000000	1.000000
123	-1.000000	1.000000
124	-1.000000	1.000000
125	-1.000000	1.000000
126	-0.937500	0.968750
127	-0.937500	0.968750
128	-0.937500	0.968750
129	-0.937500	0.968750
130	-1.000000	1.000000
131	-1.000000	1.000000
132	-1.000000	1.000000
133	-0.937500	0.968750
134	-1.000000	1.000000
135	-0.906250	0.937500
136	-1.000000	1.000000
137	-1.000000	1.000000
138	-1.000000	1.000000
139	-1.000000	1.000000
140	-1.000000	1.000000
141	-1.000000	1.000000
142	-1.000000	1.000000
143	-0.875000	0.937500
144	-0.937500	0.968750
145	-0.937500	0.968750
146	-0.937500	0.968750
147	-1.000000	1.000000
148	-1.000000	1.000000
149	-0.937500	0.968750
150	-1.000000	1.000000
151	-1.000000	1.000000
152	-0.937500	0.968750
153	-0.937500	0.968750
154	-1.000000	1.000000
155	-1.000000	1.000000
156	-1.000000	1.000000
157	-1.000000	1.000000
158	-1.000000	1.000000
159	-0.906250	0.937500
160	-0.875000	0.937500
161	-1.000000	1.000000
162	-0.937500	0.968750
163	-1.000000	1.000000
164	-1.000000	1.000000
165	-0.937500	0.968750
166	-1.000000	1.000000
167	-0.937500	0.968750
168	-1.000000	1.000000
169	-0.875000	0.937500
170	-1.000000	1.000000
171	-1.000000	1.000000
172	-1.000000	1.000000
173	-1.000000	1.000000
174	-0.937500	0.968750
175	-1.000000	1.000000
176	-0.937500	0.968750
177	-1.000000	1.000000
178	-0.937500	0.968750
179	-1.000000	1.000000
180	-0.937500	0.968750
181	-1.000000	1.000000
182	-1.000000	1.000000
183	-1.000000	1.000000
184	-0.937500	0.968750
185	-1.000000	1.000000
186	-1.000000	1.000000
187	-1.000000	1.000000
188	-1.000000	1.000000
189	-1.000000	1.000000
190	-1.000000	1.000000
191	-1.000000	1.000000
192	-1.000000	1.000000
193	-1.000000	1.000000
194	-0.937500	0.968750
195	-1.000000	1.000000
196	-0.937500	0.968750
197	-0.875000	0.937500
198	-0.937500	0.968750
199	-1.000000	1.000000
200	-1.000000	1.000000
201	-1.000000	1.000000
202	-1.000000	1.000000
203	-1.000000	1.000000
204	-0.937500	0.968750
205	-0.937500	0.968750
206	-0.875000	0.937500
207	-0.937500	0.968750
208	-1.000000	1.000000
209	-1.000000	1.000000
210	-1.000000	1.000000
211	-1.000000	1.000000
212	-0.812500	0.906250
213	-1.000000	1.000000
214	-0.937500	0.968750
215	-1.000000	1.000000
216	-1.000000	1.000000
217	-1.000000	1.000000
218	-1.000000	1.000000
219	-1.000000	1.000000
220	-1.000000	1.000000
221	-1.000000	1.000000
222	-1.000000	1.000000
223	-1.000000	1.000000
224	-0.875000	0.906250
225	-1.000000	1.000000
226	-0.937500	0.968750
227	-1.000000	1.000000
228	-1.000000	1.000000
229	-0.937500	0.968750
230	-0.843750	0.906250
231	-1.000000	1.000000
232	-1.000000	1.000000
233	-0.937500	0.968750
234	-0.843750	0.906250
235	-0.875000	0.937500
236	-1.000000	1.000000
237	-1.000000	1.000000
238	-1.000000	1.000000
239	-0.906250	0.937500
240	-1.000000	1.000000
241	-0.937500	0.968750
242	-1.000000	1.000000
243	-1.000000	1.000000
244	-1.000000	1.000000
245	-1.000000	1.000000
246	-0.906250	0.937500
247	-0.937500	0.968750
248	-1.000000	1.000000
249	-1.000000	1.000000
250	-1.000000	1.000000
251	-1.000000	1.000000
252	-1.000000	1.000000
253	-1.000000	1.000000
254	-0.937500	0.968750
255	-1.000000	1.000000
256	-1.000000	1.000000
257	-1.000000	1.000000
258	-0.875000	0.875000
259	-1.000000	1.000000
260	-0.937500	0.968750
261	-1.000000	1.000000
262	-1.000000	1.000000
263	-1.000000	1.000000
264	-0.937500	0.968750
265	-1.000000	1.000000
266	-0.937500	0.968750
267	-1.000000	1.000000
268	-0.937500	0.968750
269	-1.000000	1.000000
270	-0.937500	0.968750
271	-0.937500	0.968750
272	-0.843750	0.906250
273	-0.937500	0.968750
274	-1.000000	1.000000
275	-1.000000	1.000000
276	-0.906250	0.937500
277	-1.000000	1.000000
278	-1.000000	1.000000
279	-1.000000	1.000000
280	-1.000000	1.000000
281	-0.937500	0.968750
282	-1.000000	1.000000
283	-0.875000	0.937500
284	-1.000000	1.000000
285	-0.937500	0.968750
286	-1.000000	1.000000
287	-1.000000	1.000000
288	-1.000000	1.000000
289	-1.000000	1.000000
290	-1.000000	1.000000
291	-0.937500	0.968750
292	-1.000000	1.000000
293	-1.000000	1.000000
294	-0.875000	0.937500
295	-0.937500	0.968750
296	-0.937500	0.968750
297	-1.000000	1.000000
298	-0.906250	0.937500
299	-0.937500	0.968750
300	-1.000000	1.000000
301	-1.000000	1.000000
302	-1.000000	1.000000
303	-1.000000	1.000000
304	-1.000000	1.000000
305	-0.937500	0.968750
306	-0.875000	0.906250
307	-1.000000	1.000000
308	-1.000000	1.000000
309	-1.000000	1.000000
310	-0.875000	0.906250
311	-1.000000	1.000000
312	-1.000000	1.000000
313	-1.000000	1.000000
314	-1.000000	1.000000
315	-1.000000	1.000000
316	-1.000000	1.000000
317	-1.000000	1.000000
318	-1.000000	1.000000
319	-1.000000	1.000000
320	-1.000000	1.000000
321	-1.000000	1.000000
322	-0.937500	0.968750
323	-0.937500	0.968750
324	-1.000000	1.000000
325	-1.000000	1.000000
326	-0.937500	0.968750
327	-0.875000	0.937500
328	-1.000000	1.000000
329	-0.937500	0.968750
330	-0.937500	0.968750
331	-1.000000	1.000000
332	-1.000000	1.000000
333	-1.000000	1.000000
334	-0.937500	0.968750
335	-1.000000	1.000000
336	-0.906250	0.937500
337	-1.000000	1.000000
338	-1.000000	1.000000
339	-1.000000	1.000000
340	-0.937500	0.968750
341	-0.937500	0.968750
342	-1.000000	1.000000
343	-0.937500	0.968750
344	-1.000000	1.000000
345	-1.000000	1.000000
346	-1.000000	1.000000
347	-0.937500	0.968750
348	-1.000000	1.000000
349	-0.937500	0.968750
350	-1.000000	1.000000
351	-1.000000	1.000000
352	-0.937500	0.968750
353	-1.000000	1.000000
354	-1.000000	1.000000
355	-0.937500	0.968750
356	-0.937500	0.968750
357	-0.937500	0.968750
358	-1.000000	1.000000
359	-1.000000	1.000000
360	-0.937500	0.968750
361	-0.937500	0.968750
362	-1.000000	1.000000
363	-0.937500	0.968750
364	-1.000000	1.000000
365	-1.000000	1.000000
366	-0.937500	0.968750
367	-0.875000	0.937500
368	-1.000000	1.000000
369	-0.937500	0.968750
370	-1.000000	1.000000
371	-0.937500	0.968750
372	-1.000000	1.000000
373	-1.000000	1.000000
374	-0.937500	0.968750
375	-1.000000	1.000000
376	-0.937500	0.968750
377	-1.000000	1.000000
378	-1.000000	1.000000
379	-1.000000	1.000000
380	-1.000000	1.000000
381	-1.000000	1.000000
382	-0.781250	0.843750
383	-1.000000	1.000000
384	-1.000000	1.000000
385	-0.750000	0.812500
386	-1.000000	1.000000
387	-1.000000	1.000000
388	-0.937500	0.968750
389	-1.000000	1.000000
390	-1.000000	1.000000
391	-0.937500	0.968750
392	-1.000000	1.000000
393	-0.906250	0.937500
394	-1.000000	1.000000
395	-1.000000	1.000000
396	-0.875000	0.937500
397	-1.000000	1.000000
398	-1.000000	1.000000
399	-0.937500	0.968750
400	-0.937500	0.968750
401	-1.000000	1.000000
402	-0.937500	0.968750
403	-0.875000	0.937500
404	-1.000000	1.000000
405	-0.937500	0.968750
406	-1.000000	1.000000
407	-1.000000	1.000000
408	-0.875000	0.906250
409	-1.000000	1.000000
410	-1.000000	1.000000
411	-1.000000	1.000000
412	-1.000000	1.000000
413	-1.000000	1.000000
414	-1.000000	1.000000
415	-1.000000	1.000000
416	-0.937500	0.968750
417	-0.937500	0.968750
418	-1.000000	1.000000
419	-0.937500	0.968750
420	-1.000000	1.000000
421	-1.000000	1.000000
422	-0.937500	0.968750
423	-1.000000	1.000000
424	-1.000000	1.000000
425	-0.843750	0.906250
426	-0.937500	0.968750
427	-1.000000	1.000000
428	-1.000000	1.000000
429	-1.000000	1.000000
430	-1.000000	1.000000
431	-1.000000	1.000000
432	-1.000000	1.000000
433	-0.875000	0.937500
434	-0.937500	0.968750
435	-1.000000	1.000000
436	-1.000000	1.000000
437	-0.937500	0.968750
438	-1.000000	1.000000
439	-0.843750	0.906250
440	-1.000000	1.000000
441	-0.937500	0.968750
442	-0.937500	0.968750
443	-0.937500	0.968750
444	-0.937500	0.968750
445	-1.000000	1.000000
446	-1.000000	1.000000
447	-0.937500	0.968750
448	-0.937500	0.968750
449	-1.000000	1.000000
450	-1.000000	1.000000
451	-1.000000	1.000000
452	-0.937500	0.968750
453	-1.000000	1.000000
454	-1.000000	1.000000
455	-0.937500	0.968750
456	-1.000000	1.000000
457	-1.000000	1.000000
458	-0.906250	0.937500
459	-0.906250	0.937500
460	-1.000000	1.000000
461	-0.937500	0.968750
462	-0.937500	0.968750
463	-0.937500	0.968750
464	-0.937500	0.968750
465	-0.937500	0.968750
466	-1.000000	1.000000
467	-0.937500	0.968750
468	-0.937500	0.968750
469	-0.937500	0.968750
470	-1.000000	1.000000
471	-1.000000	1.000000
472	-1.000000	1.000000
473	-0.875000	0.937500
474	-0.875000	0.937500
475	-1.000000	1.000000
476	-1.000000	1.000000
477	-1.000000	1.000000
478	-0.937500	0.968750
479	-1.000000	1.000000
480	-1.000000	1.000000
481	-1.000000	1.000000
482	-1.000000	1.000000
483	-1.000000	1.000000
484	-1.000000	1.000000
485	-0.937500	0.968750
486	-0.937500	0.968750
487	-1.000000	1.000000
488	-1.000000	1.000000
489	-1.000000	1.000000
490	-1.000000	1.000000
491	-1.000000	1.000000
492	-1.000000	1.000000
493	-1.000000	1.000000
494	-1.000000	1.000000
495	-1.000000	1.000000
496	-1.000000	1.000000
497	-1.000000	1.000000
498	-1.000000	1.000000
499	-1.000000	1.000000
500	-0.937500	0.968750
501	-1.000000	1.000000
502	-1.000000	1.000000
503	-1.000000	1.000000
504	-0.937500	0.968750
505	-0.937500	0.968750
506	-0.875000	0.937500
507	-0.937500	0.968750
508	-1.000000	1.000000
509	-1.000000	1.000000
510	-1.000000	1.000000
511	-1.000000	1.000000
512	-1.000000	1.000000
513	-1.000000	1.000000
514	-1.000000	1.000000
515	-1.000000	1.000000
516	-0.781250	0.875000
517	-1.000000	1.000000
518	-1.000000	1.000000
519	-0.875000	0.937500
520	-1.000000	1.000000
521	-1.000000	1.000000
522	-0.937500	0.968750
523	-1.000000	1.000000
524	-1.000000	1.000000
525	-1.000000	1.000000
526	-1.000000	1.000000
527	-0.937500	0.968750
528	-0.937500	0.968750
529	-0.937500	0.968750
530	-1.000000	1.000000
531	-0.937500	0.968750
532	-1.000000	1.000000
533	-0.937500	0.968750
534	-0.875000	0.937500
535	-0.937500	0.968750
536	-1.000000	1.000000
537	-1.000000	1.000000
538	-1.000000	1.000000
539	-0.906250	0.937500
540	-0.937500	0.968750
541	-1.000000	1.000000
542	-1.000000	1.000000
543	-0.937500	0.968750
544	-1.000000	1.000000
545	-0.937500	0.968750
546	-1.000000	1.000000
547	-1.000000	1.000000
548	-1.000000	1.000000
549	-1.000000	1.000000
550	-0.875000	0.937500
551	-0.937500	0.968750
552	-1.000000	1.000000
553	-1.000000	1.000000
554	-1.000000	1.000000
555	-0.937500	0.968750
556	-0.937500	0.968750
557	-1.000000	1.000000
558	-1.000000	1.000000
559	-0.906250	0.937500
560	-1.000000	1.000000
561	-1.000000	1.000000
562	-1.000000	1.000000
563	-1.000000	1.000000
564	-1.000000	1.000000
565	-0.937500	0.968750
566	-1.000000	1.000000
567	-1.000000	1.000000
568	-1.000000	1.000000
569	-1.000000	1.000000
570	-1.000000	1.000000
571	-1.000000	1.000000
572	-0.937500	0.968750
573	-1.000000	1.000000
574	-1.000000	1.000000
575	-1.000000	1.000000
576	-1.000000	1.000000
577	-0.937500	0.968750
578	-0.937500	0.968750
579	-1.000000	1.000000
580	-0.875000	0.937500
581	-1.000000	1.000000
582	-1.000000	1.000000
583	-1.000000	1.000000
584	-1.000000	1.000000
585	-0.937500	0.968750
586	-1.000000	1.000000
587	-0.937500	0.968750
588	-1.000000	1.000000
589	-1.000000	1.000000
590	-1.000000	1.000000
591	-1.000000	1.000000
592	-1.000000	1.000000
593	-1.000000	1.000000
594	-1.000000	1.000000
595	-1.000000	1.000000
596	-1.000000	1.000000
597	-1.000000	1.000000
598	-0.937500	0.968750
599	-0.937500	0.968750
600	-0.906250	0.937500
601	-1.000000	1.000000
602	-1.000000	1.000000
603	-1.000000	1.000000
604	-0.937500	0.968750
605	-0.937500	0.968750
606	-0.937500	0.968750
607	-1.000000	1.000000
608	-0.937500	0.968750
609	-1.000000	1.000000
610	-0.843750	0.906250
611	-0.875000	0.937500
612	-1.000000	1.000000
613	-1.000000	1.000000
614	-1.000000	1.000000
615	-0.937500	0.968750
616	-0.906250	0.937500
617	-0.937500	0.968750
618	-1.000000	1.000000
619	-1.000000	1.000000
620	-0.937500	0.968750
621	-1.000000	1.000000
622	-1.000000	1.000000
623	-1.000000	1.000000
624	-0.937500	0.968750
625	-1.000000	1.000000
626	-0.875000	0.906250
627	-0.906250	0.937500
628	-1.000000	1.000000
629	-0.937500	0.968750
630	-0.812500	0.906250
631	-0.781250	0.875000
632	-0.937500	0.968750
633	-1.000000	1.000000
634	-0.875000	0.937500
635	-0.906250	0.937500
636	-1.000000	1.000000
637	-1.000000	1.000000
638	-0.937500	0.968750
639	-1.000000	1.000000
640	-1.000000	1.000000
641	-1.000000	1.000000
642	-1.000000	1.000000
643	-1.000000	1.000000
644	-1.000000	1.000000
645	-1.000000	1.000000
646	-1.000000	1.000000
647	-1.000000	1.000000
648	-1.000000	1.000000
649	-1.000000	1.000000
650	-1.000000	1.000000
651	-1.000000	1.000000
652	-1.000000	1.000000
653	-0.937500	0.968750
654	-1.000000	1.000000
655	-0.906250	0.937500
656	-0.875000	0.937500
657	-0.937500	0.968750
658	-0.937500	0.968750
659	-1.000000	1.000000
660	-1.000000	1.000000
661	-0.937500	0.968750
662	-0.906250	0.937500
663	-1.000000	1.000000
664	-1.000000	1.000000
665	-1.000000	1.000000
666	-0.906250	0.937500
667	-1.000000	1.000000
668	-1.000000	1.000000
669	-0.937500	0.968750
670	-1.000000	1.000000
671	-0.937500	0.968750
672	-1.000000	1.000000
673	-1.000000	1.000000
674	-1.000000	1.000000
675	-0.937500	0.968750
676	-1.000000	1.000000
677	-1.000000	1.000000
678	-1.000000	1.000000
679	-1.000000	1.000000
680	-1.000000	1.000000
681	-1.000000	1.000000
682	-1.000000	1.000000
683	-1.000000	1.000000
684	-1.000000	1.000000
685	-1.000000	1.000000
686	-1.000000	1.000000
687	-1.000000	1.000000
688	-0.937500	0.968750
689	-0.875000	0.937500
690	-1.000000	1.000000
691	-1.000000	1.000000
692	-1.000000	1.000000
693	-0.875000	0.937500
694	-1.000000	1.000000
695	-1.000000	1.000000
696	-1.000000	1.000000
697	-0.875000	0.937500
698	-1.000000	1.000000
699	-0.906250	0.937500
700	-1.000000	1.000000
701	-1.000000	1.000000
702	-1.000000	1.000000
703	-1.000000	1.000000
704	-0.937500	0.968750
705	-1.000000	1.000000
706	-0.906250	0.937500
707	-0.906250	0.937500
708	-1.000000	1.000000
709	-1.000000	1.000000
710	-0.937500	0.968750
711	-1.000000	1.000000
712	-0.937500	0.968750
713	-1.000000	1.000000
714	-1.000000	1.000000
715	-0.937500	0.968750
716	-0.875000	0.937500
717	-0.937500	0.968750
718	-0.875000	0.937500
719	-1.000000	1.000000
720	-1.000000	1.000000
721	-0.937500	0.968750
722	-0.937500	0.968750
723	-1.000000	1.000000
724	-1.000000	1.000000
725	-1.000000	1.000000
726	-1.000000	1.000000
727	-1.000000	1.000000
728	-1.000000	1.000000
729	-0.937500	0.968750
730	-1.000000	1.000000
731	-1.000000	1.000000
732	-1.000000	1.000000
733	-1.000000	1.000000
734	-1.000000	1.000000
735	-1.000000	1.000000
736	-0.937500	0.968750
737	-0.875000	0.937500
738	-1.000000	1.000000
739	-1.000000	1.000000
740	-1.000000	1.000000
741	-1.000000	1.000000
742	-1.000000	1.000000
743	-1.000000	1.000000
744	-1.000000	1.000000
745	-1.000000	1.000000
746	-1.000000	1.000000
747	-1.000000	1.000000
748	-1.000000	1.000000
749	-1.000000	1.000000
750	-1.000000	1.000000
751	-0.937500	0.968750
752	-0.875000	0.937500
753	-1.000000	1.000000
754	-1.000000	1.000000
755	-0.937500	0.968750
756	-1.000000	1.000000
757	-1.000000	1.000000
758	-1.000000	1.000000
759	-1.000000	1.000000
760	-1.000000	1.000000
761	-0.875000	0.937500
762	-0.937500	0.968750
763	-0.937500	0.968750
764	-1.000000	1.000000
765	-0.875000	0.937500
766	-1.000000	1.000000
767	-1.000000	1.000000
768	-1.000000	1.000000
769	-1.000000	1.000000
770	-1.000000	1.000000
771	-1.000000	1.000000
772	-1.000000	1.000000
773	-1.000000	1.000000
774	-1.000000	1.000000
775	-1.000000	1.000000
776	-1.000000	1.000000
777	-0.937500	0.968750
778	-1.000000	1.000000
779	-1.000000	1.000000
780	-1.000000	1.000000
781	-1.000000	1.000000
782	-1.000000	1.000000
783	-1.000000	1.000000
784	-0.937500	0.968750
785	-1.000000	1.000000
786	-1.000000	1.000000
787	-1.000000	1.000000
788	-1.000000	1.000000
789	-0.875000	0.937500
790	-1.000000	1.000000
791	-0.875000	0.937500
792	-0.937500	0.968750
793	-0.937500	0.968750
794	-0.937500	0.968750
795	-1.000000	1.000000
796	-1.000000	1.000000
797	-1.000000	1.000000
798	-1.000000	1.000000
799	-1.000000	1.000000
800	-1.000000	1.000000
801	-1.000000	1.000000
802	-1.000000	1.000000
803	-1.000000	1.000000
804	-0.875000	0.937500
805	-1.000000	1.000000
806	-1.000000	1.000000
807	-1.000000	1.000000
808	-0.937500	0.968750
809	-0.937500	0.968750
810	-1.000000	1.000000
811	-1.000000	1.000000
812	-1.000000	1.000000
813	-0.937500	0.968750
814	-0.875000	0.906250
815	-0.937500	0.968750
816	-1.000000	1.000000
817	-1.000000	1.000000
818	-1.000000	1.000000
819	-1.000000	1.000000
820	-0.781250	0.875000
821	-1.000000	1.000000
822	-0.937500	0.968750
823	-1.000000	1.000000
824	-1.000000	1.000000
825	-1.000000	1.000000
826	-1.000000	1.000000
827	-0.937500	0.968750
828	-1.000000	1.000000
829	-1.000000	1.000000
830	-1.000000	1.000000
831	-0.875000	0.937500
832	-0.937500	0.968750
833	-1.000000	1.000000
834	-0.937500	0.968750
835	-1.000000	1.000000
836	-0.937500	0.968750
837	-0.875000	0.937500
838	-0.937500	0.968750
839	-1.000000	1.000000
840	-1.000000	1.000000
841	-0.937500	0.968750
842	-0.937500	0.968750
843	-1.000000	1.000000
844	-0.875000	0.937500
845	-1.000000	1.000000
846	-1.000000	1.000000
847	-0.875000	0.937500
848	-0.937500	0.968750
849	-1.000000	1.000000
850	-0.937500	0.968750
851	-1.000000	1.000000
852	-0.937500	0.968750
853	-1.000000	1.000000
854	-0.937500	0.968750
855	-1.000000	1.000000
856	-0.937500	0.968750
857	-0.937500	0.968750
858	-1.000000	1.000000
859	-0.937500	0.968750
860	-0.875000	0.875000
861	-1.000000	1.000000
862	-0.937500	0.968750
863	-1.000000	1.000000
864	-0.937500	0.968750
865	-1.000000	1.000000
866	-1.000000	1.000000
867	-0.937500	0.968750
868	-1.000000	1.000000
869	-1.000000	1.000000
870	-1.000000	1.000000
871	-1.000000	1.000000
872	-0.937500	0.968750
873	-1.000000	1.000000
874	-0.937500	0.968750
875	-1.000000	1.000000
876	-1.000000	1.000000
877	-1.000000	1.000000
878	-1.000000	1.000000
879	-1.000000	1.000000
880	-1.000000	1.000000
881	-0.937500	0.968750
882	-1.000000	1.000000
883	-0.906250	0.937500
884	-1.000000	1.000000
885	-1.000000	1.000000
886	-1.000000	1.000000
887	-1.000000	1.000000
888	-1.000000	1.000000
889	-0.937500	0.968750
890	-1.000000	1.000000
891	-0.937500	0.968750
892	-1.000000	1.000000
893	-1.000000	1.000000
894	-0.937500	0.968750
895	-1.000000	1.000000
896	-1.000000	1.000000
897	-1.000000	1.000000
898	-1.000000	1.000000
899	-1.000000	1.000000
900	-0.937500	0.968750
901	-1.000000	1.000000
902	-0.906250	0.937500
903	-1.000000	1.000000
904	-1.000000	1.000000
905	-1.000000	1.000000
906	-0.937500	0.968750
907	-1.000000	1.000000
908	-1.000000	1.000000
909	-0.875000	0.937500
910	-0.906250	0.937500
911	-0.843750	0.906250
912	-0.906250	0.937500
913	-0.875000	0.937500
914	-0.750000	0.812500
915	-1.000000	1.000000
916	-1.000000	1.000000
917	-0.906250	0.937500
918	-1.000000	1.000000
919	-1.000000	1.000000
920	-0.937500	0.968750
921	-1.000000	1.000000
922	-1.000000	1.000000
923	-1.000000	1.000000
924	-1.000000	1.000000
925	-1.000000	1.000000
926	-1.000000	1.000000
927	-1.000000	1.000000
928	-1.000000	1.000000
929	-0.875000	0.906250
930	-0.937500	0.968750
931	-1.000000	1.000000
932	-1.000000	1.000000
933	-1.000000	1.000000
934	-1.000000	1.000000
935	-0.937500	0.968750
936	-1.000000	1.000000
937	-1.000000	1.000000
938	-0.906250	0.937500
939	-1.000000	1.000000
940	-1.000000	1.000000
941	-0.937500	0.968750
942	-1.000000	1.000000
943	-1.000000	1.000000
944	-1.000000	1.000000
945	-1.000000	1.000000
946	-1.000000	1.000000
947	-1.000000	1.000000
948	-1.000000	1.000000
949	-0.937500	0.968750
950	-1.000000	1.000000
951	-1.000000	1.000000
952	-1.000000	1.000000
953	-1.000000	1.000000
954	-1.000000	1.000000
955	-0.875000	0.937500
956	-1.000000	1.000000
957	-1.000000	1.000000
958	-1.000000	1.000000
959	-1.000000	1.000000
960	-1.000000	1.000000
961	-0.875000	0.937500
962	-1.000000	1.000000
963	-1.000000	1.000000
964	-0.875000	0.875000
965	-0.937500	0.968750
966	-0.875000	0.937500
967	-1.000000	1.000000
968	-1.000000	1.000000
969	-0.937500	0.968750
970	-0.937500	0.968750
971	-1.000000	1.000000
972	-1.000000	1.000000
973	-1.000000	1.000000
974	-1.000000	1.000000
975	-1.000000	1.000000
976	-1.000000	1.000000
977	-0.937500	0.968750
978	-1.000000	1.000000
979	-0.875000	0.937500
980	-1.000000	1.000000
981	-1.000000	1.000000
982	-1.000000	1.000000
983	-1.000000	1.000000
984	-0.937500	0.968750
985	-0.937500	0.968750
986	-1.000000	1.000000
987	-1.000000	1.000000
988	-1.000000	1.000000
989	-1.000000	1.000000
990	-0.937500	0.968750
991	-1.000000	1.000000
992	-1.000000	1.000000
993	-0.875000	0.875000
994	-1.000000	1.000000
995	-1.000000	1.000000
996	-0.937500	0.968750
997	-1.000000	1.000000
998	-1.000000	1.000000
999	-1.000000	1.000000
