0	-0.312500	0.156250
1	-0.375000	-0.093750
2	-0.125000	-0.125000
3	-0.125000	-0.125000
4	-0.250000	-0.062500
5	-0.187500	-0.218750
6	-0.125000	-0.062500
7	-0.250000	-0.281250
8	-0.250000	0.343750
9	-0.093750	0.250000
10	-0.187500	-0.312500
11	-0.093750	-0.187500
12	-0.156250	0.218750
13	-0.312500	0.218750
14	-0.218750	-0.125000
15	-0.156250	-0.031250
16	-0.156250	0.218750
17	-0.312500	0.062500
18	-0.062500	-0.125000
19	-0.187500	0.031250
20	-0.250000	-0.062500
21	-0.156250	0.000000
22	-0.343750	0.250000
23	-0.468750	-0.562500
24	-0.281250	-0.093750
25	0.000000	-0.156250
26	-0.156250	0.218750
27	-0.156250	-0.093750
28	-0.250000	0.281250
29	-0.187500	-0.031250
30	-0.156250	-0.125000
31	-0.218750	-0.156250
32	-0.281250	0.437500
33	-0.250000	0.250000
34	-0.531250	0.375000
35	-0.218750	-0.343750
36	-0.218750	-0.281250
37	-0.250000	0.000000
38	-0.187500	0.187500
39	-0.156250	0.062500
40	-0.406250	0.156250
41	-0.312500	0.312500
42	-0.187500	0.156250
43	-0.343750	-0.343750
44	-0.125000	0.062500
45	-0.093750	0.093750
46	-0.187500	-0.375000
47	-0.093750	-0.218750
48	-0.281250	0.406250
49	-0.500000	-0.531250
50	-0.218750	0.156250
51	-0.187500	-0.093750
52	-0.218750	-0.281250
53	-0.437500	-0.312500
54	-0.531250	-0.656250
55	-0.250000	-0.250000
56	-0.375000	0.031250
57	-0.187500	-0.125000
58	-0.156250	0.156250
59	-0.281250	-0.187500
60	-0.250000	0.093750
61	-0.218750	0.000000
62	-0.218750	0.312500
63	-0.218750	0.031250
64	0.000000	-0.125000
65	-0.343750	-0.093750
66	-0.437500	0.312500
67	-0.406250	-0.562500
68	-0.218750	-0.156250
69	-0.343750	0.125000
70	-0.218750	-0.312500
71	-0.281250	0.093750
72	-0.312500	-0.031250
73	-0.250000	0.125000
74	-0.437500	0.406250
75	-0.343750	0.000000
76	-0.218750	0.406250
77	-0.437500	-0.375000
78	-0.312500	-0.093750
79	-0.281250	-0.468750
80	-0.250000	-0.437500
81	-0.312500	0.125000
82	-0.250000	-0.218750
83	-0.312500	-0.375000
84	0.000000	0.062500
85	-0.031250	0.218750
86	-0.312500	-0.156250
87	-0.250000	-0.250000
88	-0.125000	-0.187500
89	-0.156250	-0.031250
90	-0.187500	-0.062500
91	-0.156250	-0.156250
92	0.062500	0.031250
93	-0.281250	-0.281250
94	-0.187500	-0.031250
95	-0.125000	-0.125000
96	-0.125000	-0.062500
97	-0.343750	-0.500000
98	-0.156250	0.125000
99	-0.093750	0.031250
100	-0.156250	-0.125000
101	-0.312500	-0.062500
102	-0.250000	-0.187500
103	-0.375000	-0.437500
104	-0.218750	0.312500
105	-0.406250	0.187500
106	-0.218750	0.093750
107	-0.312500	-0.187500
108	-0.218750	0.187500
109	-0.125000	0.000000
110	-0.187500	-0.156250
111	-0.125000	0.000000
112	-0.281250	0.250000
113	-0.093750	0.093750
114	-0.281250	-0.250000
115	-0.250000	0.406250
116	-0.250000	0.093750
117	-0.031250	0.062500
118	-0.125000	0.000000
119	-0.406250	0.500000
120	-0.250000	-0.156250
121	-0.125000	0.281250
122	-0.187500	-0.187500
123	-0.312500	0.031250
124	-0.156250	-0.218750
125	-0.218750	0.000000
126	-0.250000	0.125000
127	-0.312500	0.093750
128	-0.343750	-0.187500
129	-0.468750	0.062500
130	-0.312500	0.312500
131	-0.156250	-0.031250
132	-0.250000	0.281250
133	-0.281250	-0.125000
134	-0.343750	0.406250
135	-0.156250	-0.156250
136	-0.343750	0.343750
137	-0.250000	-0.375000
138	-0.343750	0.187500
139	-0.156250	0.156250
140	-0.250000	0.187500
141	-0.593750	-0.625000
142	-0.281250	0.250000
143	-0.343750	0.156250
144	-0.093750	0.000000
145	-0.125000	-0.062500
146	-0.312500	-0.343750
147	-0.250000	-0.125000
148	-0.281250	0.031250
149	-0.218750	-0.062500
150	-0.187500	-0.031250
151	-0.312500	-0.125000
152	-0.218750	-0.187500
153	-0.281250	0.000000
154	-0.031250	0.062500
155	-0.125000	0.031250
156	-0.218750	-0.062500
157	-0.250000	0.000000
158	-0.250000	0.031250
159	-0.218750	-0.125000
160	-0.468750	0.250000
161	-0.468750	0.406250
162	-0.281250	0.156250
163	-0.281250	0.250000
164	-0.156250	0.218750
165	-0.125000	-0.062500
166	-0.125000	-0.031250
167	-0.343750	0.156250
168	-0.437500	-0.562500
169	-0.156250	0.031250
170	-0.468750	0.375000
171	-0.531250	0.343750
172	-0.406250	-0.093750
173	-0.093750	0.031250
174	-0.312500	0.156250
175	-0.437500	0.468750
176	-0.156250	0.125000
177	-0.281250	0.250000
178	-0.250000	0.187500
179	-0.312500	0.218750
180	-0.125000	-0.218750
181	-0.281250	-0.375000
182	-0.406250	-0.312500
183	-0.156250	-0.312500
184	-0.281250	-0.343750
185	-0.156250	-0.093750
186	-0.343750	0.125000
187	-0.218750	0.375000
188	-0.187500	-0.312500
189	-0.218750	0.281250
190	-0.187500	0.125000
191	-0.125000	-0.093750
192	0.000000	-0.125000
193	-0.187500	0.093750
194	-0.156250	0.031250
195	-0.156250	0.125000
196	-0.156250	-0.031250
197	-0.218750	0.000000
198	-0.312500	-0.093750
199	-0.406250	-0.343750
200	-0.312500	-0.218750
201	-0.187500	0.218750
202	-0.218750	0.062500
203	-0.187500	0.000000
204	-0.281250	0.437500
205	-0.250000	-0.062500
206	-0.125000	-0.125000
207	-0.281250	-0.437500
208	-0.187500	0.000000
209	-0.312500	-0.250000
210	-0.281250	0.062500
211	-0.156250	0.156250
212	-0.125000	0.187500
213	-0.187500	-0.125000
214	-0.187500	-0.187500
215	-0.218750	0.000000
216	-0.281250	0.281250
217	-0.093750	0.093750
218	-0.187500	0.312500
219	-0.187500	0.250000
220	-0.218750	0.000000
221	-0.250000	-0.218750
222	-0.250000	-0.250000
223	-0.218750	0.187500
224	-0.093750	-0.187500
225	-0.093750	0.062500
226	-0.218750	-0.125000
227	-0.187500	0.000000
228	-0.281250	-0.125000
229	-0.156250	-0.031250
230	-0.187500	-0.062500
231	-0.218750	-0.406250
232	-0.343750	0.000000
233	-0.343750	0.312500
234	-0.281250	-0.406250
235	-0.218750	-0.125000
236	-0.312500	-0.093750
237	-0.093750	0.062500
238	-0.218750	0.281250
239	-0.187500	-0.093750
240	-0.375000	-0.187500
241	-0.343750	0.187500
242	-0.187500	0.312500
243	-0.187500	-0.187500
244	-0.312500	0.375000
245	-0.281250	-0.250000
246	-0.156250	-0.093750
247	-0.218750	0.000000
248	-0.406250	-0.250000
249	-0.156250	0.156250
250	-0.187500	0.218750
251	-0.156250	-0.031250
252	-0.468750	0.468750
253	-0.156250	0.156250
254	-0.187500	0.187500
255	-0.125000	0.000000
256	-0.093750	-0.187500
257	-0.343750	0.218750
258	-0.250000	0.437500
259	-0.312500	0.156250
260	0.000000	0.062500
261	-0.187500	0.062500
262	-0.281250	0.093750
263	-0.156250	0.062500
264	-0.156250	0.312500
265	-0.343750	-0.156250
266	-0.218750	-0.156250
267	-0.156250	-0.156250
268	-0.312500	0.312500
269	-0.375000	-0.468750
270	-0.375000	-0.218750
271	-0.343750	-0.062500
272	-0.187500	-0.125000
273	-0.437500	-0.187500
274	-0.281250	0.125000
275	-0.406250	-0.062500
276	-0.312500	-0.093750
277	-0.281250	-0.187500
278	-0.343750	-0.437500
279	-0.156250	-0.218750
280	-0.187500	0.093750
281	-0.437500	-0.343750
282	0.000000	0.000000
283	-0.093750	-0.062500
284	-0.187500	-0.093750
285	-0.125000	-0.156250
286	-0.250000	0.125000
287	-0.125000	-0.156250
288	-0.281250	-0.250000
289	-0.281250	0.156250
290	-0.281250	-0.250000
291	-0.125000	0.093750
292	-0.156250	-0.343750
293	-0.218750	0.468750
294	-0.156250	-0.156250
295	-0.125000	-0.281250
296	-0.312500	0.437500
297	-0.250000	-0.250000
298	-0.250000	0.312500
299	-0.218750	0.000000
300	-0.187500	0.156250
301	-0.218750	-0.125000
302	-0.343750	-0.312500
303	-0.312500	0.375000
304	-0.437500	0.093750
305	-0.156250	-0.031250
306	-0.437500	0.406250
307	-0.218750	0.250000
308	-0.187500	0.062500
309	-0.093750	0.031250
310	-0.375000	0.406250
311	-0.156250	-0.187500
312	-0.312500	-0.093750
313	-0.250000	-0.125000
314	-0.250000	0.281250
315	-0.218750	-0.062500
316	-0.343750	-0.281250
317	-0.312500	0.000000
318	-0.343750	0.000000
319	-0.156250	0.062500
320	-0.281250	0.312500
321	-0.156250	0.000000
322	-0.218750	-0.187500
323	-0.281250	0.000000
324	-0.218750	-0.343750
325	-0.281250	0.281250
326	-0.250000	0.281250
327	-0.250000	-0.125000
328	-0.500000	-0.468750
329	-0.125000	0.031250
330	-0.156250	0.156250
331	-0.281250	0.281250
332	-0.187500	-0.031250
333	-0.250000	0.312500
334	-0.312500	-0.375000
335	-0.250000	-0.343750
336	-0.375000	-0.187500
337	-0.156250	-0.125000
338	-0.156250	-0.156250
339	-0.375000	0.000000
340	-0.093750	-0.187500
341	-0.312500	-0.343750
342	-0.187500	-0.062500
343	-0.062500	-0.062500
344	-0.312500	-0.187500
345	-0.250000	0.437500
346	-0.156250	-0.156250
347	-0.406250	0.500000
348	-0.281250	0.062500
349	-0.281250	-0.031250
350	-0.093750	0.125000
351	-0.031250	-0.218750
352	-0.281250	-0.031250
353	-0.218750	0.093750
354	-0.312500	0.218750
355	-0.312500	-0.218750
356	-0.406250	-0.437500
357	-0.093750	-0.062500
358	-0.281250	-0.312500
359	-0.250000	0.250000
360	-0.250000	-0.156250
361	-0.343750	-0.250000
362	-0.281250	-0.468750
363	-0.156250	0.000000
364	-0.500000	-0.312500
365	-0.250000	0.281250
366	-0.312500	0.281250
367	-0.343750	-0.125000
368	-0.312500	-0.343750
369	-0.156250	-0.187500
370	-0.218750	0.031250
371	-0.250000	-0.187500
372	-0.156250	-0.218750
373	-0.343750	-0.062500
374	-0.156250	-0.156250
375	-0.281250	0.312500
376	-0.250000	0.187500
377	-0.218750	0.406250
378	-0.281250	0.343750
379	-0.156250	0.218750
380	-0.281250	-0.062500
381	-0.281250	0.093750
382	-0.375000	0.093750
383	-0.281250	0.062500
384	-0.406250	0.281250
385	-0.093750	0.062500
386	-0.093750	0.062500
387	-0.125000	0.187500
388	-0.125000	0.093750
389	-0.187500	-0.187500
390	-0.312500	-0.031250
391	-0.343750	-0.031250
392	-0.093750	-0.156250
393	0.000000	-0.156250
394	-0.062500	0.000000
395	-0.218750	-0.375000
396	-0.093750	-0.187500
397	-0.250000	0.312500
398	-0.343750	-0.437500
399	-0.125000	0.281250
400	-0.281250	-0.093750
401	-0.125000	0.125000
402	-0.281250	-0.312500
403	-0.187500	0.031250
404	-0.406250	0.281250
405	-0.187500	0.062500
406	-0.062500	0.187500
407	0.000000	-0.062500
408	-0.281250	-0.156250
409	-0.250000	-0.062500
410	-0.375000	0.375000
411	-0.281250	0.093750
412	-0.125000	0.156250
413	-0.062500	0.062500
414	-0.250000	-0.468750
415	-0.187500	0.000000
416	-0.093750	0.218750
417	-0.218750	-0.062500
418	-0.156250	0.187500
419	-0.250000	-0.125000
420	-0.218750	0.187500
421	-0.312500	-0.062500
422	-0.437500	0.593750
423	-0.375000	-0.406250
424	-0.187500	0.062500
425	-0.218750	0.156250
426	-0.281250	0.156250
427	-0.218750	-0.031250
428	-0.281250	-0.125000
429	-0.187500	0.031250
430	-0.312500	0.156250
431	-0.031250	-0.062500
432	-0.218750	0.031250
433	-0.375000	0.312500
434	-0.156250	0.062500
435	-0.218750	0.000000
436	-0.156250	0.031250
437	-0.250000	0.093750
438	-0.343750	-0.062500
439	-0.343750	-0.062500
440	-0.125000	0.187500
441	-0.187500	-0.125000
442	-0.125000	-0.031250
443	-0.218750	-0.281250
444	-0.312500	0.562500
445	-0.031250	0.281250
446	-0.187500	-0.125000
447	-0.281250	-0.093750
448	-0.250000	-0.156250
449	-0.281250	0.062500
450	-0.156250	-0.031250
451	-0.218750	0.250000
452	-0.218750	-0.062500
453	-0.187500	0.375000
454	-0.062500	0.187500
455	-0.156250	0.312500
456	-0.312500	-0.468750
457	-0.375000	-0.062500
458	-0.125000	-0.062500
459	-0.437500	-0.125000
460	-0.406250	-0.562500
461	-0.187500	0.031250
462	-0.250000	-0.062500
463	-0.125000	0.187500
464	-0.281250	0.031250
465	-0.281250	0.156250
466	-0.281250	-0.312500
467	-0.156250	0.250000
468	-0.031250	-0.125000
469	-0.218750	0.000000
470	-0.343750	-0.312500
471	-0.187500	-0.187500
472	-0.343750	-0.281250
473	-0.437500	-0.125000
474	-0.250000	0.125000
475	-0.375000	-0.593750
476	-0.343750	0.093750
477	-0.156250	-0.125000
478	-0.312500	-0.062500
479	-0.406250	0.218750
480	-0.250000	-0.125000
481	-0.187500	0.125000
482	-0.125000	-0.062500
483	-0.187500	-0.093750
484	-0.281250	0.093750
485	-0.437500	0.500000
486	-0.156250	0.093750
487	-0.250000	0.218750
488	-0.375000	0.062500
489	-0.218750	-0.156250
490	-0.218750	0.062500
491	-0.343750	0.343750
492	-0.187500	0.093750
493	-0.031250	0.187500
494	-0.281250	-0.062500
495	-0.312500	0.343750
496	-0.156250	-0.187500
497	-0.156250	0.375000
498	-0.156250	-0.031250
499	-0.281250	0.218750
500	-0.312500	-0.125000
501	-0.187500	0.062500
502	-0.406250	0.093750
503	-0.187500	-0.218750
504	-0.187500	-0.093750
505	-0.343750	-0.375000
506	-0.125000	-0.062500
507	-0.562500	0.718750
508	-0.125000	-0.125000
509	-0.218750	0.000000
510	-0.218750	-0.031250
511	-0.187500	0.281250
512	-0.062500	0.031250
513	-0.312500	0.031250
514	-0.062500	0.187500
515	-0.281250	0.375000
516	-0.218750	0.250000
517	-0.343750	-0.375000
518	-0.375000	-0.031250
519	-0.187500	0.406250
520	-0.375000	-0.312500
521	-0.250000	-0.093750
522	-0.281250	0.343750
523	-0.250000	0.343750
524	-0.156250	0.125000
525	-0.156250	0.312500
526	-0.281250	0.187500
527	-0.281250	0.281250
528	-0.062500	0.000000
529	-0.218750	-0.312500
530	-0.312500	-0.375000
531	-0.187500	-0.125000
532	-0.187500	0.062500
533	-0.500000	-0.562500
534	-0.093750	0.062500
535	-0.375000	0.375000
536	-0.125000	-0.093750
537	-0.281250	0.000000
538	-0.281250	0.062500
539	-0.281250	-0.031250
540	-0.218750	0.093750
541	-0.062500	-0.093750
542	-0.375000	-0.187500
543	-0.250000	0.125000
544	-0.406250	-0.218750
545	-0.375000	-0.156250
546	-0.343750	0.000000
547	-0.250000	-0.125000
548	-0.125000	0.000000
549	-0.468750	0.468750
550	-0.250000	0.375000
551	-0.281250	-0.281250
552	-0.375000	-0.218750
553	-0.250000	0.000000
554	-0.250000	0.031250
555	-0.156250	-0.281250
556	-0.125000	0.125000
557	-0.312500	-0.125000
558	-0.281250	0.125000
559	-0.125000	0.062500
560	-0.218750	-0.312500
561	-0.218750	-0.125000
562	-0.312500	0.093750
563	-0.125000	0.218750
564	-0.375000	0.218750
565	-0.250000	0.187500
566	-0.250000	-0.125000
567	-0.343750	-0.125000
568	-0.093750	0.031250
569	-0.156250	0.000000
570	-0.062500	0.000000
571	-0.187500	0.125000
572	-0.343750	-0.062500
573	-0.031250	0.156250
574	-0.218750	0.000000
575	-0.187500	-0.125000
576	-0.250000	0.281250
577	-0.312500	-0.125000
578	-0.156250	0.312500
579	-0.125000	0.156250
580	-0.187500	0.062500
581	-0.156250	-0.093750
582	-0.218750	-0.281250
583	-0.250000	-0.031250
584	-0.250000	-0.062500
585	-0.375000	0.218750
586	-0.093750	0.000000
587	-0.218750	-0.218750
588	-0.218750	0.187500
589	-0.250000	0.031250
590	-0.187500	-0.031250
591	-0.312500	0.281250
592	-0.187500	0.125000
593	-0.093750	0.187500
594	-0.218750	-0.250000
595	-0.250000	-0.250000
596	-0.093750	-0.093750
597	-0.312500	0.218750
598	-0.312500	-0.156250
599	-0.406250	0.093750
600	-0.156250	-0.093750
601	-0.062500	0.250000
602	-0.218750	-0.031250
603	-0.218750	-0.031250
604	-0.187500	-0.062500
605	-0.343750	0.062500
606	-0.218750	0.031250
607	-0.187500	-0.187500
608	-0.281250	-0.062500
609	-0.187500	-0.250000
610	-0.343750	-0.281250
611	-0.281250	-0.218750
612	-0.187500	0.218750
613	-0.468750	-0.031250
614	-0.187500	0.000000
615	-0.281250	-0.312500
616	-0.343750	-0.062500
617	-0.281250	0.156250
618	-0.187500	-0.062500
619	-0.031250	0.062500
620	-0.187500	0.125000
621	-0.531250	0.093750
622	-0.343750	0.062500
623	-0.281250	0.187500
624	-0.250000	-0.281250
625	-0.156250	-0.156250
626	-0.312500	0.343750
627	-0.093750	-0.031250
628	-0.375000	0.156250
629	-0.250000	0.250000
630	-0.437500	0.468750
631	-0.375000	-0.531250
632	-0.218750	-0.125000
633	-0.375000	0.062500
634	-0.156250	-0.218750
635	-0.281250	0.281250
636	-0.218750	0.093750
637	-0.500000	0.562500
638	-0.093750	-0.062500
639	-0.156250	0.312500
640	-0.093750	0.156250
641	-0.250000	-0.468750
642	-0.093750	0.250000
643	-0.187500	0.000000
644	-0.062500	0.156250
645	-0.218750	0.343750
646	0.000000	0.000000
647	-0.250000	0.250000
648	-0.218750	0.000000
649	-0.281250	-0.312500
650	-0.218750	0.250000
651	-0.437500	-0.125000
652	-0.343750	0.187500
653	-0.250000	0.000000
654	-0.281250	-0.062500
655	-0.343750	0.062500
656	-0.156250	-0.187500
657	-0.375000	-0.406250
658	-0.250000	0.218750
659	-0.281250	0.156250
660	-0.250000	0.093750
661	-0.125000	0.156250
662	-0.187500	-0.156250
663	-0.312500	0.125000
664	-0.187500	-0.250000
665	-0.375000	-0.187500
666	-0.312500	-0.187500
667	-0.281250	0.125000
668	-0.125000	0.062500
669	-0.125000	0.062500
670	-0.375000	-0.593750
671	-0.250000	-0.031250
672	-0.250000	-0.187500
673	-0.187500	0.125000
674	-0.250000	-0.250000
675	-0.031250	0.125000
676	-0.312500	-0.187500
677	-0.250000	0.125000
678	-0.218750	-0.156250
679	-0.250000	0.250000
680	-0.156250	0.218750
681	-0.125000	-0.125000
682	-0.312500	-0.187500
683	-0.187500	-0.093750
684	-0.156250	-0.156250
685	-0.250000	0.125000
686	-0.250000	0.343750
687	-0.312500	-0.250000
688	-0.406250	0.312500
689	-0.187500	0.031250
690	-0.343750	0.250000
691	-0.187500	-0.250000
692	-0.156250	-0.062500
693	-0.218750	-0.218750
694	-0.281250	-0.437500
695	-0.156250	0.125000
696	-0.468750	-0.156250
697	-0.312500	0.218750
698	-0.437500	0.468750
699	-0.312500	-0.031250
700	-0.375000	0.406250
701	-0.312500	-0.250000
702	-0.250000	0.125000
703	-0.312500	-0.281250
704	-0.312500	0.093750
705	-0.375000	-0.406250
706	-0.218750	0.125000
707	-0.343750	0.437500
708	-0.250000	0.093750
709	-0.281250	-0.218750
710	-0.281250	0.000000
711	-0.281250	-0.250000
712	-0.250000	-0.031250
713	-0.437500	0.437500
714	-0.125000	0.125000
715	-0.125000	-0.093750
716	-0.125000	0.093750
717	-0.250000	0.312500
718	-0.343750	-0.031250
719	-0.156250	0.125000
720	-0.531250	-0.562500
721	-0.218750	-0.281250
722	-0.187500	0.187500
723	-0.156250	-0.218750
724	-0.375000	0.062500
725	-0.312500	-0.156250
726	-0.062500	0.218750
727	-0.312500	0.312500
728	-0.125000	0.000000
729	-0.312500	-0.031250
730	-0.250000	-0.218750
731	-0.218750	-0.062500
732	-0.250000	-0.062500
733	-0.187500	-0.156250
734	-0.250000	-0.031250
735	-0.250000	0.156250
736	-0.156250	-0.093750
737	-0.281250	-0.343750
738	-0.156250	0.000000
739	-0.187500	0.156250
740	-0.375000	0.500000
741	-0.281250	0.062500
742	-0.156250	0.062500
743	-0.312500	-0.125000
744	-0.187500	-0.125000
745	-0.218750	0.156250
746	-0.156250	-0.187500
747	-0.218750	0.250000
748	-0.062500	-0.093750
749	-0.218750	-0.375000
750	-0.093750	0.062500
751	-0.125000	-0.156250
752	-0.250000	0.375000
753	-0.125000	0.125000
754	-0.312500	0.281250
755	-0.312500	0.000000
756	-0.093750	0.000000
757	-0.031250	0.218750
758	-0.031250	-0.187500
759	-0.125000	0.125000
760	-0.156250	0.281250
761	-0.375000	0.000000
762	-0.281250	-0.093750
763	-0.093750	-0.156250
764	-0.281250	0.031250
765	-0.187500	0.250000
766	-0.187500	0.000000
767	-0.281250	-0.343750
768	-0.062500	-0.250000
769	-0.062500	-0.125000
770	-0.093750	0.343750
771	-0.125000	0.031250
772	-0.062500	-0.125000
773	-0.281250	0.187500
774	-0.375000	0.187500
775	-0.187500	0.125000
776	-0.281250	0.125000
777	-0.093750	-0.125000
778	-0.156250	0.343750
779	-0.343750	0.093750
780	-0.218750	0.250000
781	-0.218750	-0.125000
782	-0.156250	-0.031250
783	-0.281250	0.406250
784	-0.312500	0.218750
785	-0.281250	-0.062500
786	-0.031250	-0.062500
787	-0.125000	-0.062500
788	-0.406250	-0.375000
789	-0.156250	0.062500
790	-0.093750	0.000000
791	-0.093750	-0.125000
792	-0.093750	0.031250
793	-0.281250	-0.031250
794	-0.187500	-0.093750
795	-0.343750	0.343750
796	-0.187500	0.093750
797	-0.062500	0.062500
798	-0.187500	0.000000
799	-0.375000	0.218750
800	-0.156250	-0.093750
801	-0.250000	0.125000
802	-0.218750	-0.312500
803	-0.281250	0.187500
804	-0.312500	-0.375000
805	-0.062500	0.093750
806	-0.718750	0.812500
807	-0.218750	-0.156250
808	-0.312500	-0.125000
809	-0.250000	-0.062500
810	-0.312500	-0.031250
811	-0.312500	0.062500
812	-0.375000	-0.062500
813	-0.343750	-0.062500
814	-0.218750	0.218750
815	-0.062500	-0.062500
816	-0.218750	-0.125000
817	-0.312500	0.000000
818	-0.218750	-0.125000
819	-0.125000	0.062500
820	-0.187500	0.187500
821	-0.312500	-0.343750
822	-0.218750	0.125000
823	-0.187500	-0.031250
824	-0.281250	0.312500
825	-0.250000	0.156250
826	-0.343750	-0.125000
827	-0.250000	-0.093750
828	-0.281250	0.125000
829	-0.375000	0.218750
830	-0.312500	-0.093750
831	-0.187500	0.250000
832	-0.093750	0.187500
833	-0.281250	0.250000
834	-0.406250	-0.312500
835	-0.156250	0.187500
836	-0.062500	0.000000
837	-0.218750	0.093750
838	-0.187500	0.218750
839	-0.062500	0.125000
840	-0.312500	0.250000
841	-0.218750	0.281250
842	-0.250000	0.062500
843	-0.250000	0.000000
844	-0.187500	0.000000
845	-0.187500	0.093750
846	-0.125000	0.250000
847	-0.468750	0.000000
848	-0.093750	0.093750
849	-0.312500	0.281250
850	-0.250000	0.218750
851	-0.156250	0.031250
852	-0.281250	0.093750
853	-0.187500	0.093750
854	-0.281250	0.062500
855	-0.062500	0.031250
856	-0.312500	0.312500
857	-0.218750	0.093750
858	-0.343750	0.125000
859	-0.312500	0.000000
860	-0.312500	0.062500
861	-0.218750	0.062500
862	-0.156250	0.187500
863	-0.281250	-0.250000
864	-0.437500	-0.562500
865	-0.156250	0.093750
866	-0.250000	-0.187500
867	-0.187500	0.375000
868	-0.187500	0.093750
869	-0.250000	0.187500
870	-0.093750	0.062500
871	-0.250000	0.312500
872	-0.312500	0.218750
873	-0.312500	0.406250
874	-0.343750	0.312500
875	-0.250000	-0.125000
876	-0.375000	0.531250
877	-0.125000	0.187500
878	-0.218750	0.031250
879	-0.156250	0.093750
880	-0.375000	0.281250
881	-0.187500	-0.156250
882	-0.281250	0.281250
883	-0.218750	0.250000
884	-0.093750	-0.187500
885	-0.187500	-0.093750
886	-0.281250	-0.125000
887	-0.437500	0.531250
888	-0.250000	0.187500
889	-0.312500	-0.312500
890	-0.406250	0.031250
891	-0.250000	0.000000
892	-0.156250	0.156250
893	-0.468750	0.375000
894	-0.156250	-0.062500
895	-0.218750	0.062500
896	-0.218750	-0.125000
897	-0.218750	0.156250
898	-0.156250	0.031250
899	-0.281250	-0.406250
900	-0.468750	-0.468750
901	-0.250000	-0.250000
902	-0.406250	-0.312500
903	-0.218750	-0.031250
904	-0.375000	0.312500
905	-0.218750	0.062500
906	-0.406250	0.000000
907	-0.343750	-0.125000
908	-0.250000	0.093750
909	-0.187500	-0.187500
910	-0.218750	0.093750
911	-0.187500	0.156250
912	-0.250000	0.031250
913	-0.156250	0.156250
914	-0.062500	0.125000
915	-0.343750	0.031250
916	-0.250000	-0.406250
917	-0.218750	-0.062500
918	-0.156250	-0.187500
919	-0.218750	0.031250
920	-0.343750	-0.062500
921	-0.437500	-0.500000
922	-0.281250	0.343750
923	-0.406250	-0.406250
924	-0.187500	0.031250
925	-0.281250	0.312500
926	-0.375000	-0.125000
927	-0.187500	-0.218750
928	-0.343750	0.093750
929	-0.218750	0.156250
930	-0.218750	-0.312500
931	-0.156250	0.000000
932	-0.218750	-0.281250
933	-0.343750	-0.406250
934	-0.156250	-0.031250
935	-0.218750	0.031250
936	-0.250000	-0.250000
937	-0.406250	-0.312500
938	-0.218750	0.187500
939	-0.406250	0.156250
940	-0.312500	-0.468750
941	-0.281250	0.187500
942	-0.468750	0.187500
943	-0.468750	-0.437500
944	-0.125000	-0.031250
945	-0.125000	0.218750
946	-0.312500	0.218750
947	-0.125000	0.156250
948	-0.218750	-0.062500
949	-0.062500	0.062500
950	-0.406250	0.250000
951	-0.093750	-0.062500
952	-0.375000	0.156250
953	-0.406250	0.062500
954	-0.312500	0.156250
955	-0.125000	0.000000
956	-0.187500	0.093750
957	-0.312500	0.312500
958	-0.125000	-0.187500
959	-0.062500	0.000000
960	-0.250000	0.406250
961	-0.218750	0.218750
962	-0.250000	0.375000
963	-0.156250	-0.062500
964	-0.250000	0.187500
965	-0.125000	0.062500
966	-0.281250	-0.187500
967	-0.281250	-0.062500
968	-0.187500	-0.093750
969	-0.343750	0.312500
970	-0.250000	0.031250
971	-0.375000	-0.187500
972	-0.218750	-0.218750
973	-0.250000	0.031250
974	-0.125000	-0.062500
975	-0.125000	-0.218750
976	-0.125000	-0.156250
977	-0.312500	-0.500000
978	0.000000	-0.031250
979	-0.250000	0.156250
980	-0.218750	-0.125000
981	-0.500000	-0.343750
982	0.000000	0.031250
983	-0.125000	0.062500
984	-0.375000	-0.093750
985	-0.406250	-0.500000
986	-0.312500	-0.406250
987	-0.343750	-0.031250
988	-0.218750	0.031250
989	-0.093750	-0.156250
990	-0.062500	0.093750
991	-0.281250	-0.093750
992	-0.218750	0.312500
993	-0.218750	0.031250
994	-0.281250	-0.187500
995	-0.156250	0.218750
996	-0.187500	-0.187500
997	-0.218750	-0.093750
998	-0.187500	-0.250000
999	-0.312500	0.343750
