0	-1.000000	-1.000000
1	-0.875000	-0.937500
2	-1.000000	-1.000000
3	-0.937500	-0.968750
4	-0.937500	-0.968750
5	-1.000000	-1.000000
6	-0.843750	-0.906250
7	-0.875000	-0.937500
8	-0.937500	-0.968750
9	-0.812500	-0.906250
10	-0.937500	-0.968750
11	-1.000000	-1.000000
12	-1.000000	-1.000000
13	-0.937500	-0.968750
14	-0.906250	-0.937500
15	-0.875000	-0.937500
16	-0.937500	-0.968750
17	-1.000000	-1.000000
18	-0.812500	-0.906250
19	-1.000000	-1.000000
20	-0.875000	-0.937500
21	-0.875000	-0.937500
22	-0.937500	-0.968750
23	-0.875000	-0.937500
24	-0.843750	-0.906250
25	-1.000000	-1.000000
26	-0.875000	-0.937500
27	-0.843750	-0.906250
28	-0.812500	-0.875000
29	-0.875000	-0.937500
30	-0.843750	-0.843750
31	-1.000000	-1.000000
32	-0.937500	-0.968750
33	-0.875000	-0.937500
34	-0.937500	-0.968750
35	-1.000000	-1.000000
36	-0.937500	-0.968750
37	-0.875000	-0.906250
38	-0.937500	-0.968750
39	-1.000000	-1.000000
40	-0.875000	-0.906250
41	-1.000000	-1.000000
42	-1.000000	-1.000000
43	-0.812500	-0.906250
44	-1.000000	-1.000000
45	-1.000000	-1.000000
46	-0.812500	-0.906250
47	-0.937500	-0.968750
48	-0.843750	-0.906250
49	-0.937500	-0.968750
50	-0.937500	-0.968750
51	-0.875000	-0.937500
52	-1.000000	-1.000000
53	-0.812500	-0.906250
54	-1.000000	-1.000000
55	-0.937500	-0.968750
56	-0.875000	-0.906250
57	-0.937500	-0.968750
58	-0.937500	-0.968750
59	-0.656250	-0.812500
60	-0.937500	-0.968750
61	-1.000000	-1.000000
62	-0.906250	-0.937500
63	-1.000000	-1.000000
64	-0.687500	-0.750000
65	-1.000000	-1.000000
66	-0.937500	-0.968750
67	-0.718750	-0.843750
68	-1.000000	-1.000000
69	-1.000000	-1.000000
70	-0.906250	-0.937500
71	-1.000000	-1.000000
72	-1.000000	-1.000000
73	-0.937500	-0.968750
74	-0.937500	-0.968750
75	-1.000000	-1.000000
76	-1.000000	-1.000000
77	-0.812500	-0.906250
78	-0.718750	-0.781250
79	-0.937500	-0.968750
80	-1.000000	-1.000000
81	-0.875000	-0.937500
82	-1.000000	-1.000000
83	-1.000000	-1.000000
84	-0.937500	-0.968750
85	-1.000000	-1.000000
86	-0.843750	-0.906250
87	-0.812500	-0.875000
88	-1.000000	-1.000000
89	-0.937500	-0.968750
90	-1.000000	-1.000000
91	-0.937500	-0.968750
92	-0.875000	-0.937500
93	-0.875000	-0.937500
94	-1.000000	-1.000000
95	-0.750000	-0.875000
96	-0.906250	-0.937500
97	-1.000000	-1.000000
98	-0.937500	-0.968750
99	-0.843750	-0.906250
100	-0.906250	-0.937500
101	-0.875000	-0.937500
102	-0.875000	-0.906250
103	-1.000000	-1.000000
104	-0.843750	-0.875000
105	-0.781250	-0.875000
106	-1.000000	-1.000000
107	-0.781250	-0.875000
108	-0.937500	-0.968750
109	-0.656250	-0.781250
110	-0.937500	-0.968750
111	-1.000000	-1.000000
112	-0.937500	-0.968750
113	-0.843750	-0.906250
114	-1.000000	-1.000000
115	-1.000000	-1.000000
116	-0.906250	-0.937500
117	-1.000000	-1.000000
118	-0.937500	-0.968750
119	-0.750000	-0.843750
120	-1.000000	-1.000000
121	-1.000000	-1.000000
122	-0.875000	-0.906250
123	-0.937500	-0.968750
124	-0.937500	-0.968750
125	-0.937500	-0.968750
126	-0.781250	-0.875000
127	-0.875000	-0.906250
128	-1.000000	-1.000000
129	-0.937500	-0.968750
130	-1.000000	-1.000000
131	-0.937500	-0.968750
132	-0.843750	-0.906250
133	-0.843750	-0.906250
134	-0.906250	-0.937500
135	-0.781250	-0.843750
136	-1.000000	-1.000000
137	-0.781250	-0.843750
138	-0.812500	-0.906250
139	-0.875000	-0.937500
140	-0.937500	-0.968750
141	-1.000000	-1.000000
142	-0.875000	-0.937500
143	-0.781250	-0.843750
144	-0.875000	-0.937500
145	-0.937500	-0.968750
146	-0.875000	-0.937500
147	-1.000000	-1.000000
148	-0.875000	-0.937500
149	-0.937500	-0.968750
150	-0.937500	-0.968750
151	-0.937500	-0.968750
152	-1.000000	-1.000000
153	-0.937500	-0.968750
154	-0.875000	-0.937500
155	-1.000000	-1.000000
156	-1.000000	-1.000000
157	-0.875000	-0.937500
158	-0.937500	-0.968750
159	-0.937500	-0.968750
160	-0.937500	-0.968750
161	-1.000000	-1.000000
162	-0.937500	-0.968750
163	-0.937500	-0.968750
164	-0.875000	-0.906250
165	-0.937500	-0.968750
166	-0.937500	-0.968750
167	-0.843750	-0.906250
168	-0.937500	-0.968750
169	-0.937500	-0.968750
170	-1.000000	-1.000000
171	-0.875000	-0.937500
172	-0.937500	-0.968750
173	-0.875000	-0.937500
174	-0.812500	-0.906250
175	-1.000000	-1.000000
176	-0.875000	-0.937500
177	-1.000000	-1.000000
178	-0.937500	-0.968750
179	-1.000000	-1.000000
180	-0.937500	-0.968750
181	-0.812500	-0.875000
182	-0.937500	-0.968750
183	-0.937500	-0.968750
184	-1.000000	-1.000000
185	-1.000000	-1.000000
186	-0.937500	-0.968750
187	-0.937500	-0.968750
188	-0.843750	-0.843750
189	-0.812500	-0.875000
190	-1.000000	-1.000000
191	-1.000000	-1.000000
192	-0.937500	-0.968750
193	-0.875000	-0.937500
194	-0.875000	-0.937500
195	-1.000000	-1.000000
196	-0.937500	-0.968750
197	-0.937500	-0.968750
198	-1.000000	-1.000000
199	-1.000000	-1.000000
200	-0.906250	-0.937500
201	-0.937500	-0.968750
202	-1.000000	-1.000000
203	-0.906250	-0.937500
204	-0.937500	-0.968750
205	-0.937500	-0.968750
206	-0.843750	-0.906250
207	-0.906250	-0.937500
208	-1.000000	-1.000000
209	-0.937500	-0.968750
210	-1.000000	-1.000000
211	-1.000000	-1.000000
212	-0.937500	-0.968750
213	-0.937500	-0.968750
214	-0.937500	-0.968750
215	-0.937500	-0.968750
216	-0.937500	-0.968750
217	-0.937500	-0.968750
218	-0.875000	-0.937500
219	-0.812500	-0.906250
220	-1.000000	-1.000000
221	-1.000000	-1.000000
222	-0.843750	-0.906250
223	-0.906250	-0.937500
224	-0.656250	-0.812500
225	-0.906250	-0.937500
226	-0.906250	-0.937500
227	-0.937500	-0.968750
228	-0.875000	-0.937500
229	-0.937500	-0.968750
230	-1.000000	-1.000000
231	-1.000000	-1.000000
232	-1.000000	-1.000000
233	-0.875000	-0.906250
234	-0.875000	-0.937500
235	-0.937500	-0.968750
236	-0.812500	-0.875000
237	-1.000000	-1.000000
238	-0.937500	-0.968750
239	-0.781250	-0.812500
240	-0.687500	-0.843750
241	-0.875000	-0.937500
242	-0.937500	-0.968750
243	-0.718750	-0.656250
244	-0.875000	-0.906250
245	-0.843750	-0.875000
246	-1.000000	-1.000000
247	-1.000000	-1.000000
248	-1.000000	-1.000000
249	-0.843750	-0.906250
250	-0.875000	-0.937500
251	-0.937500	-0.968750
252	-0.937500	-0.968750
253	-0.937500	-0.968750
254	-0.781250	-0.875000
255	-0.937500	-0.968750
256	-0.812500	-0.843750
257	-0.812500	-0.875000
258	-0.812500	-0.750000
259	-1.000000	-1.000000
260	-0.812500	-0.906250
261	-0.937500	-0.968750
262	-0.906250	-0.937500
263	-0.937500	-0.968750
264	-1.000000	-1.000000
265	-1.000000	-1.000000
266	-0.843750	-0.906250
267	-1.000000	-1.000000
268	-0.937500	-0.968750
269	-0.843750	-0.906250
270	-0.718750	-0.812500
271	-0.812500	-0.906250
272	-1.000000	-1.000000
273	-0.812500	-0.875000
274	-1.000000	-1.000000
275	-0.937500	-0.968750
276	-0.875000	-0.937500
277	-1.000000	-1.000000
278	-0.937500	-0.968750
279	-0.843750	-0.906250
280	-0.781250	-0.875000
281	-0.750000	-0.843750
282	-1.000000	-1.000000
283	-1.000000	-1.000000
284	-0.906250	-0.937500
285	-1.000000	-1.000000
286	-0.906250	-0.937500
287	-0.875000	-0.937500
288	-1.000000	-1.000000
289	-0.812500	-0.906250
290	-0.875000	-0.937500
291	-0.937500	-0.968750
292	-0.937500	-0.968750
293	-1.000000	-1.000000
294	-0.812500	-0.906250
295	-1.000000	-1.000000
296	-0.875000	-0.875000
297	-0.937500	-0.968750
298	-0.937500	-0.968750
299	-0.875000	-0.937500
300	-0.843750	-0.906250
301	-0.875000	-0.937500
302	-0.875000	-0.937500
303	-1.000000	-1.000000
304	-0.812500	-0.906250
305	-1.000000	-1.000000
306	-0.906250	-0.937500
307	-0.937500	-0.968750
308	-1.000000	-1.000000
309	-0.937500	-0.968750
310	-1.000000	-1.000000
311	-1.000000	-1.000000
312	-1.000000	-1.000000
313	-0.937500	-0.968750
314	-0.875000	-0.937500
315	-0.875000	-0.937500
316	-0.937500	-0.968750
317	-1.000000	-1.000000
318	-1.000000	-1.000000
319	-1.000000	-1.000000
320	-0.937500	-0.968750
321	-0.687500	-0.750000
322	-0.781250	-0.875000
323	-0.906250	-0.937500
324	-0.875000	-0.937500
325	-0.812500	-0.906250
326	-0.937500	-0.968750
327	-0.875000	-0.937500
328	-0.843750	-0.875000
329	-0.687500	0.343750
330	-0.656250	0.750000
331	-0.937500	0.968750
332	-0.875000	0.937500
333	-0.875000	0.937500
334	-0.937500	0.968750
335	-1.000000	1.000000
336	-0.937500	0.968750
337	-0.937500	0.968750
338	-1.000000	1.000000
339	-0.781250	0.875000
340	-0.812500	0.906250
341	-0.812500	0.906250
342	-0.875000	0.937500
343	-1.000000	1.000000
344	-1.000000	1.000000
345	-0.750000	0.843750
346	-0.843750	0.906250
347	-0.937500	0.968750
348	-0.937500	0.968750
349	-1.000000	1.000000
350	-0.937500	0.968750
351	-0.781250	0.843750
352	-1.000000	1.000000
353	-1.000000	1.000000
354	-0.937500	0.968750
355	-0.843750	0.906250
356	-0.937500	0.968750
357	-1.000000	1.000000
358	-0.937500	0.968750
359	-0.937500	0.968750
360	-0.875000	0.937500
361	-0.906250	0.937500
362	-0.937500	0.968750
363	-0.937500	0.968750
364	-1.000000	1.000000
365	-1.000000	1.000000
366	-1.000000	1.000000
367	-1.000000	1.000000
368	-0.718750	0.781250
369	-1.000000	1.000000
370	-0.937500	0.968750
371	-0.812500	0.781250
372	-0.906250	0.937500
373	-0.937500	0.968750
374	-0.812500	0.812500
375	-0.875000	0.937500
376	-0.812500	0.875000
377	-0.843750	0.906250
378	-1.000000	1.000000
379	-1.000000	1.000000
380	-0.937500	0.968750
381	-0.687500	0.812500
382	-1.000000	1.000000
383	-0.937500	0.968750
384	-1.000000	1.000000
385	-0.937500	0.968750
386	-1.000000	1.000000
387	-1.000000	1.000000
388	-0.875000	0.906250
389	-1.000000	1.000000
390	-0.875000	0.937500
391	-0.843750	0.906250
392	-0.937500	0.968750
393	-0.937500	0.968750
394	-1.000000	1.000000
395	-1.000000	1.000000
396	-0.937500	0.968750
397	-1.000000	1.000000
398	-0.937500	0.968750
399	-0.937500	0.968750
400	-0.781250	0.875000
401	-0.937500	0.968750
402	-0.906250	0.937500
403	-0.812500	0.906250
404	-1.000000	1.000000
405	-0.875000	0.937500
406	-0.937500	0.968750
407	-1.000000	1.000000
408	-0.937500	0.968750
409	-0.812500	0.906250
410	-0.750000	0.843750
411	-1.000000	1.000000
412	-0.843750	0.906250
413	-0.781250	0.875000
414	-1.000000	1.000000
415	-0.812500	0.843750
416	-0.875000	0.937500
417	-0.875000	0.937500
418	-1.000000	1.000000
419	-0.875000	0.937500
420	-0.843750	0.906250
421	-0.812500	0.906250
422	-0.750000	0.812500
423	-0.937500	0.968750
424	-1.000000	1.000000
425	-0.937500	0.968750
426	-0.875000	0.937500
427	-1.000000	1.000000
428	-0.937500	0.968750
429	-0.937500	0.968750
430	-1.000000	1.000000
431	-0.875000	0.937500
432	-0.875000	0.937500
433	-1.000000	1.000000
434	-1.000000	1.000000
435	-0.812500	0.875000
436	-0.656250	0.812500
437	-1.000000	1.000000
438	-0.812500	0.875000
439	-0.781250	0.687500
440	-0.750000	0.843750
441	-0.875000	0.937500
442	-0.812500	0.906250
443	-0.812500	0.843750
444	-0.937500	0.968750
445	-1.000000	1.000000
446	-1.000000	1.000000
447	-0.937500	0.968750
448	-0.750000	0.875000
449	-0.937500	0.968750
450	-0.750000	0.812500
451	-1.000000	1.000000
452	-0.843750	0.906250
453	-1.000000	1.000000
454	-1.000000	1.000000
455	-0.937500	0.968750
456	-0.906250	0.937500
457	-0.812500	0.906250
458	-0.937500	0.968750
459	-1.000000	1.000000
460	-0.906250	0.937500
461	-0.812500	0.906250
462	-0.937500	0.968750
463	-1.000000	1.000000
464	-0.812500	0.781250
465	-0.937500	0.968750
466	-0.875000	0.937500
467	-0.875000	0.937500
468	-1.000000	1.000000
469	-0.875000	0.937500
470	-0.843750	0.906250
471	-1.000000	1.000000
472	-0.937500	0.968750
473	-1.000000	1.000000
474	-0.937500	0.968750
475	-0.937500	0.968750
476	-1.000000	1.000000
477	-0.687500	0.781250
478	-0.812500	0.781250
479	-0.875000	0.937500
480	-1.000000	1.000000
481	-0.937500	0.968750
482	-0.843750	0.906250
483	-0.937500	0.968750
484	-0.937500	0.968750
485	-0.875000	0.937500
486	-0.937500	0.968750
487	-0.937500	0.968750
488	-0.875000	0.937500
489	-0.937500	0.968750
490	-0.937500	0.968750
491	-0.937500	0.968750
492	-1.000000	1.000000
493	-1.000000	1.000000
494	-0.843750	0.843750
495	-0.937500	0.968750
496	-0.937500	0.968750
497	-0.906250	0.937500
498	-0.843750	0.906250
499	-0.812500	0.875000
500	-0.937500	0.968750
501	-0.906250	0.937500
502	-0.843750	0.906250
503	-1.000000	1.000000
504	-0.906250	0.937500
505	-1.000000	1.000000
506	-0.812500	0.906250
507	-1.000000	1.000000
508	-0.781250	0.875000
509	-1.000000	1.000000
510	-0.937500	0.968750
511	-0.875000	0.937500
512	-1.000000	1.000000
513	-0.937500	0.968750
514	-0.937500	0.968750
515	-0.875000	0.937500
516	-0.937500	0.968750
517	-0.843750	0.906250
518	-0.937500	0.968750
519	-0.750000	0.843750
520	-0.875000	0.875000
521	-1.000000	1.000000
522	-1.000000	1.000000
523	-1.000000	1.000000
524	-0.937500	0.968750
525	-0.843750	0.843750
526	-0.843750	0.906250
527	-0.937500	0.968750
528	-0.906250	0.937500
529	-0.812500	0.875000
530	-1.000000	1.000000
531	-1.000000	1.000000
532	-0.687500	0.843750
533	-1.000000	1.000000
534	-0.937500	0.968750
535	-0.937500	0.968750
536	-0.875000	0.937500
537	-1.000000	1.000000
538	-1.000000	1.000000
539	-0.875000	0.937500
540	-0.906250	0.937500
541	-0.875000	0.937500
542	-1.000000	1.000000
543	-0.781250	0.843750
544	-0.718750	0.812500
545	-0.906250	0.937500
546	-0.937500	0.968750
547	-0.812500	0.843750
548	-0.937500	0.968750
549	-0.937500	0.968750
550	-1.000000	1.000000
551	-1.000000	1.000000
552	-0.875000	0.937500
553	-1.000000	1.000000
554	-1.000000	1.000000
555	-1.000000	1.000000
556	-1.000000	1.000000
557	-1.000000	1.000000
558	-0.875000	0.937500
559	-1.000000	1.000000
560	-0.937500	0.968750
561	-0.937500	0.968750
562	-0.937500	0.968750
563	-1.000000	1.000000
564	-0.937500	0.968750
565	-0.781250	0.875000
566	-0.937500	0.968750
567	-1.000000	1.000000
568	-0.906250	0.937500
569	-0.875000	0.875000
570	-1.000000	1.000000
571	-1.000000	1.000000
572	-1.000000	1.000000
573	-0.812500	0.875000
574	-0.937500	0.968750
575	-0.875000	0.937500
576	-1.000000	1.000000
577	-0.875000	0.937500
578	-0.937500	0.968750
579	-0.781250	0.843750
580	-1.000000	1.000000
581	-1.000000	1.000000
582	-1.000000	1.000000
583	-0.906250	0.937500
584	-0.875000	0.937500
585	-0.937500	0.968750
586	-1.000000	1.000000
587	-1.000000	1.000000
588	-0.843750	0.906250
589	-0.937500	0.968750
590	-0.937500	0.968750
591	-0.875000	0.937500
592	-1.000000	1.000000
593	-0.812500	0.906250
594	-0.875000	0.937500
595	-0.718750	0.843750
596	-0.906250	0.937500
597	-0.937500	0.968750
598	-1.000000	1.000000
599	-0.781250	0.875000
600	-1.000000	1.000000
601	-1.000000	1.000000
602	-0.781250	0.875000
603	-1.000000	1.000000
604	-1.000000	1.000000
605	-0.937500	0.968750
606	-0.875000	0.937500
607	-1.000000	1.000000
608	-0.750000	0.843750
609	-0.937500	0.968750
610	-0.937500	0.968750
611	-1.000000	1.000000
612	-0.875000	0.906250
613	-0.906250	0.937500
614	-0.843750	0.906250
615	-0.812500	0.906250
616	-0.937500	0.968750
617	-0.812500	0.843750
618	-0.937500	0.968750
619	-0.843750	0.906250
620	-0.937500	0.968750
621	-1.000000	1.000000
622	-0.781250	0.843750
623	-1.000000	1.000000
624	-0.937500	0.968750
625	-0.812500	0.875000
626	-0.781250	0.875000
627	-0.875000	0.937500
628	-0.937500	0.968750
629	-0.875000	0.875000
630	-0.875000	0.937500
631	-0.875000	0.937500
632	-0.937500	0.968750
633	-1.000000	1.000000
634	-0.937500	0.968750
635	-0.937500	0.968750
636	-0.937500	0.968750
637	-0.875000	0.937500
638	-1.000000	1.000000
639	-0.937500	0.968750
640	-0.906250	0.937500
641	-0.937500	0.968750
642	-0.906250	0.937500
643	-0.937500	0.968750
644	-0.812500	0.781250
645	-1.000000	1.000000
646	-0.937500	0.968750
647	-0.937500	0.968750
648	-0.937500	0.968750
649	-1.000000	1.000000
650	-1.000000	1.000000
651	-0.937500	0.968750
652	-1.000000	1.000000
653	-0.937500	0.968750
654	-0.625000	0.656250
655	-0.937500	0.968750
656	-0.937500	0.968750
657	-1.000000	1.000000
658	-0.875000	0.937500
659	-0.875000	0.937500
660	-0.875000	0.937500
661	-1.000000	1.000000
662	-0.937500	0.968750
663	-0.875000	0.937500
664	-0.781250	0.875000
665	-0.875000	0.937500
666	-0.937500	0.968750
667	-0.937500	0.968750
668	-1.000000	1.000000
669	-1.000000	1.000000
670	-1.000000	1.000000
671	-1.000000	1.000000
672	-0.843750	0.906250
673	-1.000000	1.000000
674	-0.875000	0.937500
675	-1.000000	1.000000
676	-0.843750	0.906250
677	-1.000000	1.000000
678	-1.000000	1.000000
679	-1.000000	1.000000
680	-0.875000	0.937500
681	-1.000000	1.000000
682	-0.937500	0.968750
683	-0.937500	0.968750
684	-1.000000	1.000000
685	-1.000000	1.000000
686	-1.000000	1.000000
687	-0.875000	0.937500
688	-0.843750	0.906250
689	-0.718750	0.812500
690	-1.000000	1.000000
691	-0.937500	0.968750
692	-0.906250	0.937500
693	-1.000000	1.000000
694	-0.937500	0.968750
695	-1.000000	1.000000
696	-0.906250	0.937500
697	-0.937500	0.968750
698	-1.000000	1.000000
699	-1.000000	1.000000
700	-1.000000	1.000000
701	-0.906250	0.937500
702	-1.000000	1.000000
703	-0.937500	0.968750
704	-1.000000	1.000000
705	-0.937500	0.968750
706	-1.000000	1.000000
707	-0.937500	0.968750
708	-1.000000	1.000000
709	-0.937500	0.968750
710	-0.937500	0.968750
711	-0.843750	0.843750
712	-0.781250	0.718750
713	-0.906250	0.937500
714	-0.875000	0.937500
715	-0.906250	0.937500
716	-0.843750	0.906250
717	-0.812500	0.906250
718	-0.875000	0.937500
719	-1.000000	1.000000
720	-0.937500	0.968750
721	-0.906250	0.937500
722	-1.000000	1.000000
723	-1.000000	1.000000
724	-1.000000	1.000000
725	-0.875000	0.937500
726	-0.843750	0.875000
727	-0.843750	0.906250
728	-0.812500	0.875000
729	-0.843750	0.906250
730	-0.937500	0.968750
731	-0.937500	0.968750
732	-1.000000	1.000000
733	-0.625000	0.750000
734	-0.875000	0.937500
735	-0.875000	0.937500
736	-0.937500	0.968750
737	-1.000000	1.000000
738	-1.000000	1.000000
739	-0.875000	0.937500
740	-0.937500	0.968750
741	-0.781250	0.843750
742	-0.906250	0.937500
743	-0.781250	0.812500
744	-1.000000	1.000000
745	-1.000000	1.000000
746	-0.812500	0.875000
747	-0.875000	0.937500
748	-0.875000	0.875000
749	-1.000000	1.000000
750	-1.000000	1.000000
751	-1.000000	1.000000
752	-0.718750	0.781250
753	-1.000000	1.000000
754	-0.875000	0.937500
755	-1.000000	1.000000
756	-0.937500	0.968750
757	-0.906250	0.937500
758	-1.000000	1.000000
759	-0.937500	0.968750
760	-0.875000	0.937500
761	-0.937500	0.968750
762	-0.937500	0.968750
763	-1.000000	1.000000
764	-1.000000	1.000000
765	-0.843750	0.906250
766	-0.875000	0.937500
767	-0.937500	0.968750
768	-0.843750	0.875000
769	-0.937500	0.968750
770	-0.656250	0.687500
771	-0.906250	0.937500
772	-0.937500	0.968750
773	-1.000000	1.000000
774	-1.000000	1.000000
775	-0.656250	0.812500
776	-0.937500	0.968750
777	-0.937500	0.968750
778	-0.875000	0.906250
779	-0.875000	0.906250
780	-0.937500	0.968750
781	-0.687500	0.781250
782	-0.781250	0.718750
783	-0.812500	0.906250
784	-0.937500	0.968750
785	-0.937500	0.968750
786	-0.937500	0.968750
787	-0.937500	0.968750
788	-0.906250	0.937500
789	-0.875000	0.937500
790	-0.843750	0.906250
791	-0.812500	0.875000
792	-0.750000	0.843750
793	-0.875000	0.937500
794	-1.000000	1.000000
795	-0.781250	0.812500
796	-1.000000	1.000000
797	-0.906250	0.937500
798	-1.000000	1.000000
799	-1.000000	1.000000
800	-1.000000	1.000000
801	-0.875000	0.937500
802	-0.937500	0.968750
803	-0.937500	0.968750
804	-0.875000	0.937500
805	-0.937500	0.968750
806	-0.937500	0.968750
807	-1.000000	1.000000
808	-0.906250	0.937500
809	-0.937500	0.968750
810	-1.000000	1.000000
811	-0.937500	0.968750
812	-0.875000	0.937500
813	-0.781250	0.875000
814	-1.000000	1.000000
815	-1.000000	1.000000
816	-0.875000	0.937500
817	-1.000000	1.000000
818	-0.875000	0.937500
819	-0.937500	0.968750
820	-0.937500	0.968750
821	-0.937500	0.968750
822	-0.937500	0.968750
823	-0.843750	0.906250
824	-0.781250	0.750000
825	-0.937500	0.968750
826	-0.843750	0.906250
827	-1.000000	1.000000
828	-0.906250	0.937500
829	-1.000000	1.000000
830	-0.718750	0.781250
831	-1.000000	1.000000
832	-0.812500	0.906250
833	-0.843750	0.906250
834	-0.843750	0.906250
835	-1.000000	1.000000
836	-0.937500	0.968750
837	-0.937500	0.968750
838	-1.000000	1.000000
839	-0.937500	0.968750
840	-1.000000	1.000000
841	-1.000000	1.000000
842	-0.906250	0.937500
843	-0.875000	0.937500
844	-1.000000	1.000000
845	-0.937500	0.968750
846	-0.937500	0.968750
847	-0.812500	0.906250
848	-1.000000	1.000000
849	-0.906250	0.937500
850	-1.000000	1.000000
851	-0.656250	0.500000
852	-1.000000	1.000000
853	-0.937500	0.968750
854	-0.937500	0.968750
855	-0.937500	0.968750
856	-0.937500	0.968750
857	-0.875000	0.906250
858	-0.906250	0.937500
859	-0.937500	0.968750
860	-0.843750	0.875000
861	-0.812500	0.875000
862	-0.937500	0.968750
863	-0.875000	0.937500
864	-0.812500	0.906250
865	-0.687500	0.812500
866	-0.937500	0.968750
867	-0.937500	0.968750
868	-0.781250	0.875000
869	-1.000000	1.000000
870	-0.937500	0.968750
871	-0.781250	0.875000
872	-0.937500	0.968750
873	-1.000000	1.000000
874	-0.781250	0.781250
875	-0.750000	0.875000
876	-0.875000	0.937500
877	-0.812500	0.906250
878	-0.875000	0.937500
879	-0.718750	0.843750
880	-1.000000	1.000000
881	-0.843750	0.906250
882	-1.000000	1.000000
883	-0.875000	0.937500
884	-0.937500	0.968750
885	-1.000000	1.000000
886	-0.687500	0.687500
887	-0.937500	0.968750
888	-0.937500	0.968750
889	-1.000000	1.000000
890	-0.843750	0.906250
891	-0.687500	0.468750
892	-0.843750	0.906250
893	-0.937500	0.968750
894	-0.812500	0.812500
895	-0.937500	0.968750
896	-1.000000	1.000000
897	-0.937500	0.968750
898	-0.875000	0.906250
899	-0.937500	0.968750
900	-0.875000	0.906250
901	-1.000000	1.000000
902	-0.875000	0.937500
903	-0.906250	0.937500
904	-1.000000	1.000000
905	-0.937500	0.968750
906	-0.562500	0.687500
907	-0.875000	0.937500
908	-0.875000	0.937500
909	-0.937500	0.968750
910	-1.000000	1.000000
911	-0.937500	0.968750
912	-0.812500	0.906250
913	-0.812500	0.875000
914	-1.000000	1.000000
915	-0.937500	0.968750
916	-0.937500	0.968750
917	-0.937500	0.968750
918	-0.875000	0.937500
919	-0.781250	0.843750
920	-0.937500	0.968750
921	-0.906250	0.937500
922	-1.000000	1.000000
923	-0.906250	0.937500
924	-0.937500	0.968750
925	-1.000000	1.000000
926	-1.000000	1.000000
927	-0.937500	0.968750
928	-1.000000	1.000000
929	-0.937500	0.968750
930	-1.000000	1.000000
931	-1.000000	1.000000
932	-0.937500	0.968750
933	-1.000000	1.000000
934	-0.937500	0.968750
935	-0.875000	0.937500
936	-1.000000	1.000000
937	-0.906250	0.937500
938	-0.937500	0.968750
939	-0.875000	0.937500
940	-0.906250	0.937500
941	-1.000000	1.000000
942	-0.937500	0.968750
943	-0.937500	0.968750
944	-0.875000	0.937500
945	-0.875000	0.937500
946	-0.875000	0.937500
947	-0.843750	0.906250
948	-0.875000	0.937500
949	-1.000000	1.000000
950	-1.000000	1.000000
951	-0.937500	0.968750
952	-0.937500	0.968750
953	-0.875000	0.906250
954	-0.781250	0.843750
955	-1.000000	1.000000
956	-0.875000	0.937500
957	-1.000000	1.000000
958	-0.937500	0.968750
959	-0.812500	0.906250
960	-0.937500	0.968750
961	-1.000000	1.000000
962	-1.000000	1.000000
963	-0.937500	0.968750
964	-0.875000	0.937500
965	-1.000000	1.000000
966	-1.000000	1.000000
967	-0.718750	0.843750
968	-0.937500	0.968750
969	-0.906250	0.937500
970	-1.000000	1.000000
971	-0.875000	0.937500
972	-0.875000	0.937500
973	-1.000000	1.000000
974	-1.000000	1.000000
975	-0.781250	0.812500
976	-0.937500	0.968750
977	-1.000000	1.000000
978	-0.781250	0.875000
979	-1.000000	1.000000
980	-0.875000	0.937500
981	-0.937500	0.968750
982	-0.937500	0.968750
983	-1.000000	1.000000
984	-0.750000	0.843750
985	-0.875000	0.937500
986	-1.000000	1.000000
987	-0.937500	0.968750
988	-1.000000	1.000000
989	-0.937500	0.968750
990	-0.937500	0.968750
991	-0.906250	0.937500
992	-0.843750	0.906250
993	-0.781250	0.843750
994	-1.000000	1.000000
995	-0.875000	0.937500
996	-1.000000	1.000000
997	-1.000000	1.000000
998	-0.937500	0.968750
999	-0.937500	0.968750
