0	-0.940674	-0.964233
1	-0.926025	-0.956055
2	-0.931519	-0.957764
3	-0.920166	-0.951050
4	-0.932129	-0.957520
5	-0.937256	-0.962036
6	-0.922607	-0.952515
7	-0.932739	-0.960327
8	-0.927246	-0.955322
9	-0.932617	-0.957886
10	-0.928101	-0.956177
11	-0.940552	-0.964478
12	-0.922363	-0.948608
13	-0.934326	-0.961182
14	-0.922485	-0.953003
15	-0.927612	-0.954346
16	-0.932251	-0.958740
17	-0.933960	-0.959717
18	-0.930908	-0.958008
19	-0.921875	-0.953125
20	-0.925537	-0.953247
21	-0.931274	-0.957764
22	-0.938599	-0.963867
23	-0.923584	-0.953003
24	-0.929077	-0.955688
25	-0.922363	-0.950562
26	-0.930420	-0.958374
27	-0.927368	-0.954224
28	-0.933960	-0.959839
29	-0.923584	-0.953003
30	-0.926514	-0.957031
31	-0.930908	-0.958008
32	-0.930664	-0.956299
33	-0.933350	-0.959473
34	-0.925537	-0.952271
35	-0.933594	-0.961182
36	-0.925049	-0.953735
37	-0.929199	-0.955078
38	-0.930908	-0.958496
39	-0.937378	-0.964111
40	-0.927856	-0.956421
41	-0.934937	-0.961792
42	-0.931763	-0.955200
43	-0.931396	-0.959473
44	-0.935425	-0.959229
45	-0.932251	-0.959961
46	-0.920776	-0.947876
47	-0.932739	-0.958130
48	-0.919922	-0.948975
49	-0.934814	-0.960083
50	-0.926392	-0.953857
51	-0.929077	-0.956055
52	-0.930542	-0.957031
53	-0.935547	-0.961182
54	-0.926880	-0.953735
55	-0.940430	-0.964844
56	-0.927734	-0.955444
57	-0.931885	-0.958862
58	-0.934692	-0.961060
59	-0.932251	-0.958984
60	-0.930786	-0.958984
61	-0.928101	-0.956787
62	-0.932007	-0.958984
63	-0.927368	-0.952637
64	-0.931519	-0.958984
65	-0.929443	-0.957275
66	-0.934082	-0.955444
67	-0.929688	-0.958862
68	-0.938721	-0.963257
69	-0.926514	-0.956055
70	-0.924927	-0.954224
71	-0.931519	-0.958252
72	-0.927612	-0.956543
73	-0.936646	-0.961914
74	-0.926514	-0.952515
75	-0.931030	-0.956665
76	-0.932129	-0.957153
77	-0.933228	-0.960083
78	-0.923828	-0.951904
79	-0.933105	-0.959351
80	-0.925293	-0.954956
81	-0.928345	-0.957397
82	-0.930786	-0.955811
83	-0.930054	-0.953369
84	-0.930664	-0.956299
85	-0.926025	-0.952759
86	-0.937256	-0.962402
87	-0.929077	-0.957520
88	-0.931030	-0.954102
89	-0.925781	-0.954224
90	-0.931519	-0.959473
91	-0.933228	-0.959351
92	-0.931396	-0.957275
93	-0.928833	-0.954956
94	-0.927124	-0.956055
95	-0.928345	-0.955078
96	-0.931763	-0.958496
97	-0.921509	-0.950317
98	-0.931152	-0.958496
99	-0.923096	-0.952026
100	-0.927368	-0.956421
101	-0.938599	-0.963501
102	-0.926270	-0.954102
103	-0.930054	-0.957275
104	-0.929932	-0.957886
105	-0.926514	-0.955444
106	-0.936646	-0.961914
107	-0.934204	-0.960938
108	-0.938843	-0.963623
109	-0.934570	-0.960815
110	-0.930176	-0.958984
111	-0.929077	-0.958984
112	-0.928955	-0.957520
113	-0.932129	-0.959839
114	-0.932617	-0.955933
115	-0.929199	-0.953613
116	-0.927124	-0.955688
117	-0.930176	-0.955566
118	-0.927734	-0.957031
119	-0.938843	-0.963745
120	-0.933105	-0.959595
121	-0.933594	-0.960938
122	-0.928955	-0.954712
123	-0.940186	-0.964722
124	-0.931274	-0.957275
125	-0.932617	-0.959106
126	-0.924805	-0.953003
127	-0.936157	-0.960815
128	-0.934326	-0.961060
129	-0.925903	-0.955078
130	-0.933594	-0.960449
131	-0.934204	-0.960693
132	-0.929932	-0.958008
133	-0.931763	-0.957642
134	-0.932007	-0.953491
135	-0.925659	-0.954102
136	-0.931763	-0.957397
137	-0.927368	-0.956909
138	-0.928345	-0.956665
139	-0.927856	-0.953979
140	-0.927490	-0.956299
141	-0.931030	-0.958496
142	-0.932861	-0.959473
143	-0.935059	-0.960083
144	-0.926758	-0.954956
145	-0.927734	-0.953003
146	-0.933716	-0.957153
147	-0.928833	-0.954956
148	-0.923706	-0.952026
149	-0.926514	-0.955444
150	-0.933838	-0.957764
151	-0.929810	-0.957153
152	-0.931030	-0.958008
153	-0.937256	-0.963257
154	-0.926392	-0.956055
155	-0.932129	-0.957642
156	-0.918091	-0.948853
157	-0.931152	-0.957153
158	-0.926514	-0.956299
159	-0.936035	-0.961426
160	-0.929810	-0.957397
161	-0.937256	-0.963745
162	-0.929810	-0.957520
163	-0.935059	-0.961304
164	-0.930786	-0.957031
165	-0.932739	-0.958008
166	-0.930420	-0.954346
167	-0.929932	-0.957520
168	-0.929565	-0.957642
169	-0.930298	-0.957764
170	-0.932251	-0.958496
171	-0.926147	-0.955200
172	-0.937134	-0.961060
173	-0.920166	-0.952515
174	-0.931030	-0.959473
175	-0.929932	-0.956787
176	-0.936401	-0.961426
177	-0.930664	-0.958374
178	-0.927124	-0.954956
179	-0.924805	-0.955811
180	-0.925659	-0.955322
181	-0.933105	-0.959229
182	-0.927612	-0.954712
183	-0.932129	-0.960571
184	-0.927612	-0.958008
185	-0.935791	-0.961060
186	-0.917847	-0.945801
187	-0.935913	-0.961060
188	-0.930176	-0.956177
189	-0.927368	-0.955200
190	-0.929321	-0.954834
191	-0.924438	-0.953735
192	-0.933105	-0.959473
193	-0.933716	-0.962524
194	-0.931763	-0.959473
195	-0.929321	-0.957275
196	-0.915161	-0.946777
197	-0.930542	-0.958496
198	-0.923218	-0.952271
199	-0.927979	-0.956299
200	-0.930054	-0.956665
201	-0.925659	-0.952515
202	-0.928833	-0.956421
203	-0.928711	-0.958008
204	-0.938110	-0.963867
205	-0.928833	-0.958008
206	-0.928833	-0.956787
207	-0.928223	-0.956665
208	-0.925659	-0.953369
209	-0.937744	-0.962280
210	-0.930054	-0.958618
211	-0.929688	-0.956665
212	-0.934082	-0.961304
213	-0.930664	-0.958252
214	-0.937500	-0.962402
215	-0.933838	-0.959717
216	-0.932373	-0.957397
217	-0.921875	-0.949707
218	-0.937256	-0.961304
219	-0.930786	-0.958252
220	-0.932983	-0.960449
221	-0.932129	-0.959229
222	-0.930908	-0.957520
223	-0.934937	-0.959961
224	-0.921387	-0.951172
225	-0.937988	-0.963135
226	-0.932251	-0.958130
227	-0.937012	-0.963013
228	-0.927979	-0.956909
229	-0.939819	-0.962891
230	-0.930908	-0.958496
231	-0.936523	-0.963013
232	-0.932739	-0.959595
233	-0.935181	-0.962402
234	-0.924927	-0.953735
235	-0.928467	-0.958008
236	-0.932373	-0.959351
237	-0.927979	-0.953857
238	-0.929565	-0.956543
239	-0.926758	-0.956299
240	-0.929321	-0.957397
241	-0.929443	-0.957886
242	-0.930176	-0.955566
243	-0.935913	-0.961182
244	-0.929199	-0.959351
245	-0.929321	-0.957397
246	-0.930664	-0.956543
247	-0.924316	-0.954224
248	-0.930298	-0.957275
249	-0.931885	-0.959351
250	-0.926880	-0.956665
251	-0.926147	-0.952881
252	-0.927246	-0.954834
253	-0.929077	-0.956665
254	-0.928223	-0.956543
255	-0.928955	-0.958008
256	-0.940674	-0.964233
257	-0.926025	-0.956055
258	-0.931519	-0.957764
259	-0.920166	-0.951050
260	-0.932129	-0.957520
261	-0.937256	-0.962036
262	-0.922607	-0.952515
263	-0.932739	-0.960327
264	-0.927246	-0.955322
265	-0.932617	-0.957886
266	-0.928101	-0.956177
267	-0.940552	-0.964478
268	-0.922363	-0.948608
269	-0.934326	-0.961182
270	-0.922485	-0.953003
271	-0.927612	-0.954346
272	-0.932251	-0.958740
273	-0.933960	-0.959717
274	-0.930908	-0.958008
275	-0.921875	-0.953125
276	-0.925537	-0.953247
277	-0.931274	-0.957764
278	-0.938599	-0.963867
279	-0.923584	-0.953003
280	-0.929077	-0.955688
281	-0.922363	-0.950562
282	-0.930420	-0.958374
283	-0.927368	-0.954224
284	-0.933960	-0.959839
285	-0.923584	-0.953003
286	-0.926514	-0.957031
287	-0.930908	-0.958008
288	-0.930664	-0.956299
289	-0.933350	-0.959473
290	-0.925537	-0.952271
291	-0.933594	-0.961182
292	-0.925049	-0.953735
293	-0.929199	-0.955078
294	-0.930908	-0.958496
295	-0.937378	-0.964111
296	-0.927856	-0.956421
297	-0.934937	-0.961792
298	-0.931763	-0.955200
299	-0.931396	-0.959473
300	-0.935425	-0.959229
301	-0.932251	-0.959961
302	-0.920776	-0.947876
303	-0.932739	-0.958130
304	-0.919922	-0.948975
305	-0.934814	-0.960083
306	-0.926392	-0.953857
307	-0.929077	-0.956055
308	-0.930542	-0.957031
309	-0.935547	-0.961182
310	-0.926880	-0.953735
311	-0.940430	-0.964844
312	-0.927734	-0.955444
313	-0.931885	-0.958862
314	-0.934692	-0.961060
315	-0.932251	-0.958984
316	-0.930786	-0.958984
317	-0.928101	-0.956787
318	-0.932007	-0.958984
319	-0.927368	-0.952637
320	-0.931519	-0.958984
321	-0.929443	-0.957275
322	-0.934082	-0.955444
323	-0.929688	-0.958862
324	-0.938721	-0.963257
325	-0.926514	-0.956055
326	-0.924927	-0.954224
327	-0.931519	-0.958252
328	-0.927612	-0.956543
329	-0.936646	-0.961914
330	-0.926514	-0.952515
331	-0.931030	-0.956665
332	-0.932129	-0.957153
333	-0.933228	-0.960083
334	-0.923828	-0.951904
335	-0.933105	-0.959351
336	-0.925293	-0.954956
337	-0.928345	-0.957397
338	-0.930786	-0.955811
339	-0.930054	-0.953369
340	-0.930664	-0.956299
341	-0.926025	-0.952759
342	-0.937256	-0.962402
343	-0.929077	-0.957520
344	-0.931030	-0.954102
345	-0.925781	-0.954224
346	-0.931519	-0.959473
347	-0.933228	-0.959351
348	-0.931396	-0.957275
349	-0.928833	-0.954956
350	-0.927124	-0.956055
351	-0.928345	-0.955078
352	-0.931763	-0.958496
353	-0.921509	-0.950317
354	-0.931152	-0.958496
355	-0.923096	-0.952026
356	-0.927368	-0.956421
357	-0.938599	-0.963501
358	-0.926270	-0.954102
359	-0.930054	-0.957275
360	-0.929932	-0.957886
361	-0.926514	-0.955444
362	-0.936646	-0.961914
363	-0.934204	-0.960938
364	-0.938843	-0.963623
365	-0.934570	-0.960815
366	-0.930176	-0.958984
367	-0.929077	-0.958984
368	-0.928955	-0.957520
369	-0.932129	-0.959839
370	-0.932617	-0.955933
371	-0.929199	-0.953613
372	-0.927124	-0.955688
373	-0.930176	-0.955566
374	-0.927734	-0.957031
375	-0.938843	-0.963745
376	-0.933105	-0.959595
377	-0.933594	-0.960938
378	-0.928955	-0.954712
379	-0.940186	-0.964722
380	-0.931274	-0.957275
381	-0.932617	-0.959106
382	-0.924805	-0.953003
383	-0.936157	-0.960815
384	-0.934326	-0.961060
385	-0.925903	-0.955078
386	-0.933594	-0.960449
387	-0.934204	-0.960693
388	-0.929932	-0.958008
389	-0.931763	-0.957642
390	-0.932007	-0.953491
391	-0.925659	-0.954102
392	-0.931763	-0.957397
393	-0.927368	-0.956909
394	-0.928345	-0.956665
395	-0.927856	-0.953979
396	-0.927490	-0.956299
397	-0.931030	-0.958496
398	-0.932861	-0.959473
399	-0.935059	-0.960083
400	-0.926758	-0.954956
401	-0.927734	-0.953003
402	-0.933716	-0.957153
403	-0.928833	-0.954956
404	-0.923706	-0.952026
405	-0.926514	-0.955444
406	-0.933838	-0.957764
407	-0.929810	-0.957153
408	-0.931030	-0.958008
409	-0.937256	-0.963257
410	-0.926392	-0.956055
411	-0.932129	-0.957642
412	-0.918091	-0.948853
413	-0.931152	-0.957153
414	-0.926514	-0.956299
415	-0.936035	-0.961426
416	-0.929810	-0.957397
417	-0.937256	-0.963745
418	-0.929810	-0.957520
419	-0.935059	-0.961304
420	-0.930786	-0.957031
421	-0.932739	-0.958008
422	-0.930420	-0.954346
423	-0.929932	-0.957520
424	-0.929565	-0.957642
425	-0.930298	-0.957764
426	-0.932251	-0.958496
427	-0.926147	-0.955200
428	-0.937134	-0.961060
429	-0.920166	-0.952515
430	-0.931030	-0.959473
431	-0.929932	-0.956787
432	-0.936401	-0.961426
433	-0.930664	-0.958374
434	-0.927124	-0.954956
435	-0.924805	-0.955811
436	-0.925659	-0.955322
437	-0.933105	-0.959229
438	-0.927612	-0.954712
439	-0.932129	-0.960571
440	-0.927612	-0.958008
441	-0.935791	-0.961060
442	-0.917847	-0.945801
443	-0.935913	-0.961060
444	-0.930176	-0.956177
445	-0.927368	-0.955200
446	-0.929321	-0.954834
447	-0.924438	-0.953735
448	-0.933105	-0.959473
449	-0.933716	-0.962524
450	-0.931763	-0.959473
451	-0.929321	-0.957275
452	-0.915161	-0.946777
453	-0.930542	-0.958496
454	-0.923218	-0.952271
455	-0.927979	-0.956299
456	-0.930054	-0.956665
457	-0.925659	-0.952515
458	-0.928833	-0.956421
459	-0.928711	-0.958008
460	-0.938110	-0.963867
461	-0.928833	-0.958008
462	-0.928833	-0.956787
463	-0.928223	-0.956665
464	-0.925659	-0.953369
465	-0.937744	-0.962280
466	-0.930054	-0.958618
467	-0.929688	-0.956665
468	-0.934082	-0.961304
469	-0.930664	-0.958252
470	-0.937500	-0.962402
471	-0.933838	-0.959717
472	-0.932373	-0.957397
473	-0.921875	-0.949707
474	-0.937256	-0.961304
475	-0.930786	-0.958252
476	-0.932983	-0.960449
477	-0.932129	-0.959229
478	-0.930908	-0.957520
479	-0.934937	-0.959961
480	-0.921387	-0.951172
481	-0.937988	-0.963135
482	-0.932251	-0.958130
483	-0.937012	-0.963013
484	-0.927979	-0.956909
485	-0.939819	-0.962891
486	-0.930908	-0.958496
487	-0.936523	-0.963013
488	-0.932739	-0.959595
489	-0.935181	-0.962402
490	-0.924927	-0.953735
491	-0.928467	-0.958008
492	-0.932373	-0.959351
493	-0.927979	-0.953857
494	-0.929565	-0.956543
495	-0.926758	-0.956299
496	-0.929321	-0.957397
497	-0.929443	-0.957886
498	-0.930176	-0.955566
499	-0.935913	-0.961182
500	-0.929199	-0.959351
501	-0.929321	-0.957397
502	-0.930664	-0.956543
503	-0.924316	-0.954224
504	-0.930298	-0.957275
505	-0.931885	-0.959351
506	-0.926880	-0.956665
507	-0.926147	-0.952881
508	-0.927246	-0.954834
509	-0.929077	-0.956665
510	-0.928223	-0.956543
511	-0.928955	-0.958008
512	-0.940674	-0.964233
513	-0.926025	-0.956055
514	-0.931519	-0.957764
515	-0.920166	-0.951050
516	-0.932129	-0.957520
517	-0.937256	-0.962036
518	-0.922607	-0.952515
519	-0.932739	-0.960327
520	-0.927246	-0.955322
521	-0.932617	-0.957886
522	-0.928101	-0.956177
523	-0.940552	-0.964478
524	-0.922363	-0.948608
525	-0.934326	-0.961182
526	-0.922485	-0.953003
527	-0.927612	-0.954346
528	-0.932251	-0.958740
529	-0.933960	-0.959717
530	-0.930908	-0.958008
531	-0.921875	-0.953125
532	-0.925537	-0.953247
533	-0.931274	-0.957764
534	-0.938599	-0.963867
535	-0.923584	-0.953003
536	-0.929077	-0.955688
537	-0.922363	-0.950562
538	-0.930420	-0.958374
539	-0.927368	-0.954224
540	-0.933960	-0.959839
541	-0.923584	-0.953003
542	-0.926514	-0.957031
543	-0.930908	-0.958008
544	-0.930664	-0.956299
545	-0.933350	-0.959473
546	-0.925537	-0.952271
547	-0.933594	-0.961182
548	-0.925049	-0.953735
549	-0.929199	-0.955078
550	-0.930908	-0.958496
551	-0.937378	-0.964111
552	-0.927856	-0.956421
553	-0.934937	-0.961792
554	-0.931763	-0.955200
555	-0.931396	-0.959473
556	-0.935425	-0.959229
557	-0.932251	-0.959961
558	-0.920776	-0.947876
559	-0.932739	-0.958130
560	-0.919922	-0.948975
561	-0.934814	-0.960083
562	-0.926392	-0.953857
563	-0.929077	-0.956055
564	-0.930542	-0.957031
565	-0.935547	-0.961182
566	-0.926880	-0.953735
567	-0.940430	-0.964844
568	-0.927734	-0.955444
569	-0.931885	-0.958862
570	-0.934692	-0.961060
571	-0.932251	-0.958984
572	-0.930786	-0.958984
573	-0.928101	-0.956787
574	-0.932007	-0.958984
575	-0.927368	-0.952637
576	-0.931519	-0.958984
577	-0.929443	-0.957275
578	-0.934082	-0.955444
579	-0.929688	-0.958862
580	-0.938721	-0.963257
581	-0.926514	-0.956055
582	-0.924927	-0.954224
583	-0.931519	-0.958252
584	-0.927612	-0.956543
585	-0.936646	-0.961914
586	-0.926514	-0.952515
587	-0.931030	-0.956665
588	-0.932129	-0.957153
589	-0.933228	-0.960083
590	-0.923828	-0.951904
591	-0.933105	-0.959351
592	-0.925293	-0.954956
593	-0.928345	-0.957397
594	-0.930786	-0.955811
595	-0.930054	-0.953369
596	-0.930664	-0.956299
597	-0.926025	-0.952759
598	-0.937256	-0.962402
599	-0.929077	-0.957520
600	-0.931030	-0.954102
601	-0.925781	-0.954224
602	-0.931519	-0.959473
603	-0.933228	-0.959351
604	-0.931396	-0.957275
605	-0.928833	-0.954956
606	-0.927124	-0.956055
607	-0.928345	-0.955078
608	-0.931763	-0.958496
609	-0.921509	-0.950317
610	-0.931152	-0.958496
611	-0.923096	-0.952026
612	-0.927368	-0.956421
613	-0.938599	-0.963501
614	-0.926270	-0.954102
615	-0.930054	-0.957275
616	-0.929932	-0.957886
617	-0.926514	-0.955444
618	-0.936646	-0.961914
619	-0.934204	-0.960938
620	-0.938843	-0.963623
621	-0.934570	-0.960815
622	-0.930176	-0.958984
623	-0.929077	-0.958984
624	-0.928955	-0.957520
625	-0.932129	-0.959839
626	-0.932617	-0.955933
627	-0.929199	-0.953613
628	-0.927124	-0.955688
629	-0.930176	-0.955566
630	-0.927734	-0.957031
631	-0.938843	-0.963745
632	-0.933105	-0.959595
633	-0.933594	-0.960938
634	-0.928955	-0.954712
635	-0.940186	-0.964722
636	-0.931274	-0.957275
637	-0.932617	-0.959106
638	-0.924805	-0.953003
639	-0.936157	-0.960815
640	-0.934326	-0.961060
641	-0.925903	-0.955078
642	-0.933594	-0.960449
643	-0.934204	-0.960693
644	-0.929932	-0.958008
645	-0.931763	-0.957642
646	-0.932007	-0.953491
647	-0.925659	-0.954102
648	-0.931763	-0.957397
649	-0.927368	-0.956909
650	-0.928345	-0.956665
651	-0.927856	-0.953979
652	-0.927490	-0.956299
653	-0.931030	-0.958496
654	-0.932861	-0.959473
655	-0.935059	-0.960083
656	-0.926758	-0.954956
657	-0.927734	-0.953003
658	-0.933716	-0.957153
659	-0.928833	-0.954956
660	-0.923706	-0.952026
661	-0.926514	-0.955444
662	-0.933838	-0.957764
663	-0.929810	-0.957153
664	-0.931030	-0.958008
665	-0.937256	-0.963257
666	-0.926392	-0.956055
667	-0.932129	-0.957642
668	-0.918091	-0.948853
669	-0.931152	-0.957153
670	-0.926514	-0.956299
671	-0.936035	-0.961426
672	-0.929810	-0.957397
673	-0.937256	-0.963745
674	-0.929810	-0.957520
675	-0.935059	-0.961304
676	-0.930786	-0.957031
677	-0.932739	-0.958008
678	-0.930420	-0.954346
679	-0.929932	-0.957520
680	-0.929565	-0.957642
681	-0.930298	-0.957764
682	-0.932251	-0.958496
683	-0.926147	-0.955200
684	-0.937134	-0.961060
685	-0.920166	-0.952515
686	-0.931030	-0.959473
687	-0.929932	-0.956787
688	-0.936401	-0.961426
689	-0.930664	-0.958374
690	-0.927124	-0.954956
691	-0.924805	-0.955811
692	-0.925659	-0.955322
693	-0.933105	-0.959229
694	-0.927612	-0.954712
695	-0.932129	-0.960571
696	-0.927612	-0.958008
697	-0.935791	-0.961060
698	-0.917847	-0.945801
699	-0.935913	-0.961060
700	-0.930176	-0.956177
701	-0.927368	-0.955200
702	-0.929321	-0.954834
703	-0.924438	-0.953735
704	-0.933105	-0.959473
705	-0.933716	-0.962524
706	-0.931763	-0.959473
707	-0.929321	-0.957275
708	-0.915161	-0.946777
709	-0.930542	-0.958496
710	-0.923218	-0.952271
711	-0.927979	-0.956299
712	-0.930054	-0.956665
713	-0.925659	-0.952515
714	-0.928833	-0.956421
715	-0.928711	-0.958008
716	-0.938110	-0.963867
717	-0.928833	-0.958008
718	-0.928833	-0.956787
719	-0.928223	-0.956665
720	-0.925659	-0.953369
721	-0.937744	-0.962280
722	-0.930054	-0.958618
723	-0.929688	-0.956665
724	-0.934082	-0.961304
725	-0.930664	-0.958252
726	-0.937500	-0.962402
727	-0.933838	-0.959717
728	-0.932373	-0.957397
729	-0.921875	-0.949707
730	-0.937256	-0.961304
731	-0.930786	-0.958252
732	-0.932983	-0.960449
733	-0.932129	-0.959229
734	-0.930908	-0.957520
735	-0.934937	-0.959961
736	-0.921387	-0.951172
737	-0.937988	-0.963135
738	-0.932251	-0.958130
739	-0.937012	-0.963013
740	-0.927979	-0.956909
741	-0.939819	-0.962891
742	-0.930908	-0.958496
743	-0.936523	-0.963013
744	-0.932739	-0.959595
745	-0.935181	-0.962402
746	-0.924927	-0.953735
747	-0.928467	-0.958008
748	-0.932373	-0.959351
749	-0.927979	-0.953857
750	-0.929565	-0.956543
751	-0.926758	-0.956299
752	-0.929321	-0.957397
753	-0.929443	-0.957886
754	-0.930176	-0.955566
755	-0.935913	-0.961182
756	-0.929199	-0.959351
757	-0.929321	-0.957397
758	-0.930664	-0.956543
759	-0.924316	-0.954224
760	-0.930298	-0.957275
761	-0.931885	-0.959351
762	-0.926880	-0.956665
763	-0.926147	-0.952881
764	-0.927246	-0.954834
765	-0.929077	-0.956665
766	-0.928223	-0.956543
767	-0.928955	-0.958008
768	-0.940674	-0.964233
769	-0.926025	-0.956055
770	-0.931519	-0.957764
771	-0.920166	-0.951050
772	-0.932129	-0.957520
773	-0.937256	-0.962036
774	-0.922607	-0.952515
775	-0.932739	-0.960327
776	-0.927246	-0.955322
777	-0.932617	-0.957886
778	-0.928101	-0.956177
779	-0.940552	-0.964478
780	-0.922363	-0.948608
781	-0.934326	-0.961182
782	-0.922485	-0.953003
783	-0.927612	-0.954346
784	-0.932251	-0.958740
785	-0.933960	-0.959717
786	-0.930908	-0.958008
787	-0.921875	-0.953125
788	-0.925537	-0.953247
789	-0.931274	-0.957764
790	-0.938599	-0.963867
791	-0.923584	-0.953003
792	-0.929077	-0.955688
793	-0.922363	-0.950562
794	-0.930420	-0.958374
795	-0.927368	-0.954224
796	-0.933960	-0.959839
797	-0.923584	-0.953003
798	-0.926514	-0.957031
799	-0.930908	-0.958008
800	-0.930664	-0.956299
801	-0.933350	-0.959473
802	-0.925537	-0.952271
803	-0.933594	-0.961182
804	-0.925049	-0.953735
805	-0.929199	-0.955078
806	-0.930908	-0.958496
807	-0.937378	-0.964111
808	-0.927856	-0.956421
809	-0.934937	-0.961792
810	-0.931763	-0.955200
811	-0.931396	-0.959473
812	-0.935425	-0.959229
813	-0.932251	-0.959961
814	-0.920776	-0.947876
815	-0.932739	-0.958130
816	-0.919922	-0.948975
817	-0.934814	-0.960083
818	-0.926392	-0.953857
819	-0.929077	-0.956055
820	-0.930542	-0.957031
821	-0.935547	-0.961182
822	-0.926880	-0.953735
823	-0.940430	-0.964844
824	-0.927734	-0.955444
825	-0.931885	-0.958862
826	-0.934692	-0.961060
827	-0.932251	-0.958984
828	-0.930786	-0.958984
829	-0.928101	-0.956787
830	-0.932007	-0.958984
831	-0.927368	-0.952637
832	-0.931519	-0.958984
833	-0.929443	-0.957275
834	-0.934082	-0.955444
835	-0.929688	-0.958862
836	-0.938721	-0.963257
837	-0.926514	-0.956055
838	-0.924927	-0.954224
839	-0.931519	-0.958252
840	-0.927612	-0.956543
841	-0.936646	-0.961914
842	-0.926514	-0.952515
843	-0.931030	-0.956665
844	-0.932129	-0.957153
845	-0.933228	-0.960083
846	-0.923828	-0.951904
847	-0.933105	-0.959351
848	-0.925293	-0.954956
849	-0.928345	-0.957397
850	-0.930786	-0.955811
851	-0.930054	-0.953369
852	-0.930664	-0.956299
853	-0.926025	-0.952759
854	-0.937256	-0.962402
855	-0.929077	-0.957520
856	-0.931030	-0.954102
857	-0.925781	-0.95422