0	-0.375000	0.531250
1	-0.281250	0.093750
2	-0.375000	0.250000
3	-0.375000	0.312500
4	-0.500000	-0.343750
5	-0.312500	0.343750
6	-0.500000	0.343750
7	-0.343750	-0.218750
8	-0.312500	0.187500
9	-0.437500	0.031250
10	-0.375000	0.562500
11	-0.312500	0.218750
12	-0.312500	-0.437500
13	-0.562500	-0.718750
14	-0.406250	0.406250
15	-0.343750	0.187500
16	-0.250000	-0.187500
17	-0.343750	0.468750
18	-0.312500	0.437500
19	-0.250000	0.062500
20	-0.468750	-0.406250
21	-0.312500	-0.062500
22	-0.562500	-0.281250
23	-0.406250	0.250000
24	-0.250000	-0.218750
25	-0.500000	-0.375000
26	-0.500000	-0.531250
27	-0.468750	-0.437500
28	-0.312500	0.343750
29	-0.375000	0.468750
30	-0.218750	-0.062500
31	-0.125000	0.000000
32	-0.531250	0.562500
33	-0.281250	0.187500
34	-0.406250	-0.406250
35	-0.250000	-0.281250
36	-0.468750	-0.437500
37	-0.250000	-0.125000
38	-0.375000	-0.531250
39	-0.218750	0.000000
40	-0.281250	0.218750
41	-0.218750	-0.281250
42	-0.312500	0.156250
43	-0.343750	0.437500
44	-0.218750	-0.125000
45	-0.468750	0.406250
46	-0.312500	0.093750
47	-0.218750	0.031250
48	-0.468750	-0.250000
49	-0.406250	-0.281250
50	-0.500000	0.625000
51	-0.281250	0.031250
52	-0.343750	0.281250
53	-0.281250	-0.250000
54	-0.406250	0.437500
55	-0.500000	-0.406250
56	-0.343750	0.187500
57	-0.312500	0.250000
58	-0.343750	0.000000
59	-0.468750	-0.218750
60	-0.250000	0.062500
61	-0.343750	0.343750
62	-0.406250	0.250000
63	-0.406250	0.562500
64	-0.500000	-0.156250
65	-0.343750	0.343750
66	-0.437500	0.156250
67	-0.468750	-0.562500
68	-0.343750	-0.125000
69	-0.343750	0.000000
70	-0.468750	-0.406250
71	-0.343750	-0.343750
72	-0.375000	0.437500
73	-0.375000	-0.031250
74	-0.593750	0.625000
75	-0.468750	-0.312500
76	-0.125000	-0.250000
77	-0.468750	-0.218750
78	-0.406250	0.062500
79	-0.312500	-0.093750
80	-0.187500	0.218750
81	-0.468750	0.375000
82	-0.312500	0.375000
83	-0.375000	-0.312500
84	-0.218750	-0.156250
85	-0.031250	0.062500
86	-0.468750	-0.031250
87	-0.312500	0.343750
88	-0.250000	-0.062500
89	-0.531250	-0.156250
90	-0.250000	-0.343750
91	-0.562500	-0.687500
92	-0.468750	-0.343750
93	-0.406250	0.156250
94	-0.312500	-0.062500
95	-0.218750	0.062500
96	-0.562500	-0.687500
97	-0.281250	0.187500
98	-0.187500	0.000000
99	-0.406250	0.531250
100	-0.406250	0.093750
101	-0.531250	-0.281250
102	-0.593750	0.562500
103	-0.500000	-0.343750
104	-0.312500	-0.343750
105	-0.281250	0.093750
106	-0.656250	0.687500
107	-0.312500	0.343750
108	-0.656250	0.656250
109	-0.187500	0.062500
110	-0.406250	-0.437500
111	-0.437500	-0.281250
112	-0.343750	-0.218750
113	-0.343750	0.093750
114	-0.343750	-0.031250
115	-0.500000	0.500000
116	-0.281250	-0.250000
117	-0.281250	0.187500
118	-0.375000	-0.187500
119	-0.312500	0.375000
120	-0.500000	-0.625000
121	-0.343750	0.375000
122	-0.312500	0.125000
123	-0.343750	0.406250
124	-0.468750	-0.281250
125	-0.562500	-0.718750
126	-0.156250	-0.031250
127	-0.625000	-0.718750
128	-0.406250	-0.187500
129	-0.437500	0.312500
130	-0.375000	-0.156250
131	-0.281250	-0.156250
132	-0.343750	0.062500
133	-0.218750	0.343750
134	-0.250000	-0.093750
135	-0.375000	0.062500
136	-0.406250	-0.218750
137	-0.281250	0.093750
138	-0.281250	-0.156250
139	-0.500000	0.468750
140	-0.406250	0.531250
141	-0.312500	-0.312500
142	-0.531250	0.125000
143	-0.375000	-0.593750
144	-0.281250	-0.500000
145	-0.281250	-0.125000
146	-0.343750	0.312500
147	-0.312500	0.375000
148	-0.281250	0.281250
149	-0.281250	0.031250
150	-0.406250	0.125000
151	-0.687500	-0.781250
152	-0.406250	0.156250
153	-0.468750	0.312500
154	-0.281250	0.062500
155	-0.281250	-0.312500
156	-0.281250	-0.343750
157	-0.468750	-0.343750
158	-0.562500	-0.718750
159	-0.343750	0.406250
160	-0.406250	0.281250
161	-0.468750	-0.031250
162	-0.531250	-0.718750
163	-0.375000	0.062500
164	-0.312500	0.125000
165	-0.375000	-0.093750
166	-0.312500	-0.250000
167	-0.406250	-0.343750
168	-0.281250	0.250000
169	-0.500000	-0.656250
170	-0.312500	0.187500
171	-0.250000	-0.125000
172	-0.437500	-0.406250
173	-0.500000	-0.125000
174	-0.593750	-0.687500
175	-0.437500	-0.531250
176	-0.343750	0.375000
177	-0.468750	-0.593750
178	-0.218750	-0.093750
179	-0.468750	0.531250
180	-0.406250	0.531250
181	-0.343750	0.343750
182	-0.531250	-0.656250
183	-0.375000	0.218750
184	-0.375000	-0.093750
185	-0.375000	0.468750
186	-0.343750	0.000000
187	-0.343750	-0.218750
188	-0.437500	-0.250000
189	-0.500000	-0.468750
190	-0.250000	-0.312500
191	-0.437500	-0.375000
192	-0.187500	-0.062500
193	-0.406250	-0.250000
194	-0.468750	0.093750
195	-0.281250	-0.250000
196	-0.437500	-0.125000
197	-0.281250	-0.156250
198	0.031250	-0.062500
199	-0.375000	0.281250
200	-0.562500	0.500000
201	-0.218750	0.125000
202	-0.406250	-0.250000
203	-0.406250	-0.250000
204	-0.250000	0.000000
205	-0.468750	0.437500
206	-0.375000	0.031250
207	-0.437500	-0.375000
208	-0.312500	0.000000
209	-0.281250	-0.250000
210	-0.531250	-0.562500
211	-0.375000	0.468750
212	-0.437500	-0.531250
213	-0.343750	0.468750
214	-0.250000	-0.031250
215	-0.375000	-0.156250
216	-0.468750	0.437500
217	-0.156250	0.250000
218	-0.312500	-0.312500
219	-0.343750	-0.125000
220	-0.625000	-0.750000
221	-0.343750	0.281250
222	-0.312500	-0.531250
223	-0.218750	0.000000
224	-0.500000	0.625000
225	-0.406250	-0.593750
226	-0.375000	0.218750
227	-0.500000	-0.687500
228	-0.218750	-0.031250
229	-0.312500	0.125000
230	-0.250000	-0.156250
231	-0.312500	-0.250000
232	-0.312500	-0.093750
233	-0.375000	0.125000
234	-0.500000	-0.531250
235	-0.312500	-0.250000
236	-0.250000	0.187500
237	-0.375000	0.218750
238	-0.375000	-0.250000
239	-0.343750	0.062500
240	-0.281250	-0.281250
241	-0.312500	-0.187500
242	-0.343750	0.187500
243	-0.468750	-0.125000
244	-0.375000	0.031250
245	-0.437500	-0.593750
246	-0.406250	0.093750
247	-0.343750	0.093750
248	-0.375000	0.187500
249	-0.375000	0.406250
250	-0.281250	0.187500
251	-0.187500	-0.281250
252	-0.656250	0.750000
253	-0.312500	-0.187500
254	-0.312500	0.125000
255	-0.375000	0.031250
256	-0.281250	0.125000
257	-0.312500	0.312500
258	-0.281250	0.250000
259	-0.281250	-0.156250
260	-0.250000	-0.125000
261	-0.312500	-0.218750
262	-0.218750	0.218750
263	-0.437500	-0.562500
264	-0.437500	0.500000
265	-0.625000	0.718750
266	-0.343750	0.125000
267	-0.312500	0.062500
268	-0.375000	0.000000
269	-0.375000	0.437500
270	-0.468750	0.437500
271	-0.281250	0.000000
272	-0.375000	-0.281250
273	-0.187500	0.343750
274	-0.781250	-0.875000
275	-0.250000	0.437500
276	-0.250000	0.125000
277	-0.250000	-0.218750
278	-0.375000	0.281250
279	-0.406250	-0.343750
280	-0.406250	-0.437500
281	-0.250000	-0.125000
282	-0.218750	-0.250000
283	-0.281250	-0.156250
284	-0.312500	0.125000
285	-0.375000	-0.156250
286	-0.500000	-0.687500
287	-0.406250	0.562500
288	-0.406250	0.500000
289	-0.593750	0.531250
290	-0.156250	0.031250
291	-0.281250	0.250000
292	-0.281250	-0.093750
293	-0.375000	0.125000
294	-0.437500	-0.093750
295	-0.343750	-0.562500
296	-0.468750	-0.593750
297	-0.343750	-0.031250
298	-0.468750	-0.406250
299	-0.750000	0.843750
300	-0.406250	0.281250
301	-0.187500	0.187500
302	-0.281250	0.312500
303	-0.625000	0.656250
304	-0.187500	-0.125000
305	-0.562500	0.687500
306	-0.281250	0.250000
307	-0.437500	-0.375000
308	-0.531250	0.562500
309	-0.281250	0.093750
310	-0.406250	-0.093750
311	-0.406250	0.437500
312	-0.343750	0.031250
313	-0.375000	-0.625000
314	-0.312500	0.468750
315	-0.375000	0.468750
316	-0.343750	0.406250
317	-0.281250	-0.156250
318	-0.531250	0.718750
319	-0.531250	-0.625000
320	-0.468750	-0.375000
321	-0.343750	0.375000
322	-0.343750	-0.500000
323	-0.218750	-0.187500
324	-0.500000	-0.031250
325	-0.531250	-0.750000
326	-0.312500	-0.281250
327	-0.281250	-0.093750
328	-0.187500	0.312500
329	-0.375000	0.343750
330	-0.281250	0.281250
331	-0.156250	-0.281250
332	-0.468750	0.031250
333	-0.281250	-0.343750
334	-0.250000	0.187500
335	-0.218750	-0.031250
336	-0.406250	0.062500
337	-0.562500	-0.468750
338	-0.531250	-0.562500
339	-0.531250	0.718750
340	-0.281250	-0.312500
341	-0.312500	0.500000
342	-0.500000	0.687500
343	-0.375000	0.156250
344	-0.187500	0.218750
345	-0.375000	0.625000
346	-0.562500	-0.531250
347	-0.375000	0.000000
348	-0.312500	-0.031250
349	-0.250000	0.281250
350	-0.406250	-0.093750
351	-0.468750	-0.062500
352	-0.406250	-0.031250
353	-0.656250	-0.781250
354	-0.468750	-0.625000
355	-0.593750	0.656250
356	-0.343750	0.250000
357	-0.406250	-0.062500
358	-0.562500	0.031250
359	-0.312500	-0.312500
360	-0.250000	-0.375000
361	-0.437500	-0.531250
362	-0.218750	-0.125000
363	-0.250000	-0.218750
364	-0.343750	-0.250000
365	-0.312500	0.468750
366	-0.343750	-0.125000
367	-0.375000	-0.062500
368	-0.281250	-0.375000
369	-0.343750	0.156250
370	-0.593750	0.718750
371	-0.312500	0.312500
372	-0.437500	-0.187500
373	-0.437500	-0.281250
374	-0.218750	0.218750
375	-0.375000	0.281250
376	-0.281250	0.343750
377	-0.281250	0.031250
378	-0.187500	0.218750
379	-0.281250	-0.031250
380	-0.343750	-0.625000
381	-0.187500	-0.281250
382	-0.375000	-0.062500
383	-0.406250	-0.437500
384	-0.250000	-0.312500
385	-0.437500	-0.437500
386	-0.562500	0.625000
387	-0.437500	0.156250
388	-0.281250	0.031250
389	-0.343750	-0.156250
390	-0.562500	0.656250
391	-0.218750	-0.343750
392	-0.375000	0.000000
393	-0.406250	0.062500
394	-0.500000	-0.718750
395	-0.531250	-0.625000
396	-0.375000	-0.250000
397	-0.281250	0.031250
398	-0.281250	0.156250
399	-0.468750	0.281250
400	-0.625000	-0.750000
401	-0.218750	-0.156250
402	-0.375000	0.375000
403	-0.468750	0.562500
404	-0.406250	-0.375000
405	-0.281250	-0.218750
406	-0.468750	-0.375000
407	-0.500000	0.406250
408	-0.187500	0.125000
409	-0.468750	-0.593750
410	-0.437500	-0.093750
411	-0.500000	0.656250
412	-0.468750	0.406250
413	-0.343750	-0.187500
414	-0.406250	-0.593750
415	-0.312500	0.312500
416	-0.437500	0.281250
417	-0.437500	-0.125000
418	-0.437500	0.593750
419	-0.312500	0.093750
420	-0.406250	-0.312500
421	-0.375000	0.250000
422	-0.218750	0.218750
423	-0.593750	0.375000
424	-0.250000	0.093750
425	-0.625000	0.312500
426	-0.531250	-0.156250
427	-0.281250	-0.343750
428	-0.281250	0.031250
429	-0.281250	0.218750
430	-0.406250	-0.093750
431	-0.437500	-0.093750
432	-0.375000	-0.593750
433	-0.156250	-0.343750
434	-0.375000	-0.093750
435	-0.500000	0.406250
436	-0.437500	-0.468750
437	-0.250000	0.343750
438	-0.156250	-0.062500
439	-0.406250	0.000000
440	-0.375000	0.187500
441	-0.156250	-0.281250
442	-0.250000	0.187500
443	-0.281250	0.406250
444	-0.312500	0.406250
445	-0.375000	0.218750
446	-0.343750	0.187500
447	-0.656250	-0.750000
448	-0.156250	0.250000
449	-0.406250	-0.218750
450	-0.437500	-0.250000
451	-0.437500	-0.312500
452	-0.375000	-0.093750
453	-0.343750	-0.031250
454	-0.375000	-0.437500
455	-0.593750	0.750000
456	-0.343750	-0.031250
457	-0.406250	0.031250
458	-0.406250	0.312500
459	-0.343750	-0.312500
460	-0.343750	-0.281250
461	-0.187500	0.062500
462	-0.375000	0.187500
463	-0.437500	0.031250
464	-0.531250	0.656250
465	-0.250000	0.000000
466	-0.312500	-0.125000
467	-0.218750	0.031250
468	-0.312500	-0.156250
469	-0.312500	0.281250
470	-0.375000	-0.375000
471	-0.406250	-0.093750
472	-0.406250	-0.062500
473	-0.406250	0.531250
474	-0.406250	-0.093750
475	-0.281250	-0.156250
476	-0.281250	0.125000
477	-0.437500	-0.531250
478	-0.437500	-0.406250
479	-0.250000	-0.062500
480	-0.281250	0.093750
481	-0.406250	-0.281250
482	-0.343750	0.312500
483	-0.375000	-0.312500
484	-0.375000	-0.468750
485	-0.250000	-0.250000
486	-0.312500	-0.281250
487	-0.437500	0.531250
488	-0.406250	0.031250
489	-0.531250	0.093750
490	-0.656250	0.781250
491	-0.281250	0.187500
492	-0.593750	-0.750000
493	-0.343750	-0.281250
494	-0.312500	0.250000
495	-0.562500	0.656250
496	-0.281250	0.250000
497	-0.281250	-0.343750
498	-0.312500	0.031250
499	-0.375000	-0.406250
500	-0.281250	-0.125000
501	-0.468750	0.625000
502	-0.281250	0.406250
503	-0.375000	0.531250
504	-0.406250	-0.500000
505	-0.343750	0.406250
506	-0.375000	-0.125000
507	-0.687500	0.781250
508	-0.312500	0.406250
509	-0.250000	-0.312500
510	-0.125000	0.093750
511	-0.156250	0.000000
512	-0.437500	0.093750
513	-0.593750	-0.500000
514	-0.437500	0.156250
515	-0.468750	0.531250
516	-0.437500	0.500000
517	-0.500000	-0.531250
518	-0.343750	0.281250
519	-0.468750	-0.406250
520	-0.468750	-0.187500
521	-0.375000	-0.187500
522	-0.531250	-0.093750
523	-0.250000	0.125000
524	-0.343750	0.093750
525	-0.281250	0.093750
526	-0.218750	-0.093750
527	-0.406250	-0.187500
528	-0.312500	-0.062500
529	-0.406250	0.375000
530	-0.437500	-0.218750
531	-0.343750	-0.406250
532	-0.656250	0.781250
533	-0.281250	-0.031250
534	-0.656250	-0.593750
535	-0.343750	0.218750
536	-0.312500	0.187500
537	-0.468750	0.375000
538	-0.406250	-0.281250
539	-0.468750	0.000000
540	-0.250000	0.125000
541	-0.375000	0.281250
542	-0.375000	0.437500
543	-0.250000	-0.187500
544	-0.343750	-0.593750
545	-0.406250	0.125000
546	-0.218750	-0.125000
547	-0.343750	-0.406250
548	-0.250000	0.062500
549	-0.562500	0.531250
550	-0.468750	-0.468750
551	-0.406250	0.531250
552	-0.500000	-0.562500
553	-0.562500	-0.750000
554	-0.281250	0.187500
555	-0.593750	-0.531250
556	-0.218750	0.031250
557	-0.406250	0.531250
558	-0.500000	-0.281250
559	-0.156250	0.250000
560	-0.531250	-0.250000
561	-0.250000	0.062500
562	-0.281250	-0.093750
563	-0.343750	-0.031250
564	-0.375000	0.187500
565	-0.250000	-0.406250
566	-0.250000	-0.531250
567	-0.437500	-0.437500
568	-0.375000	-0.187500
569	-0.218750	-0.187500
570	-0.343750	-0.281250
571	-0.250000	-0.156250
572	-0.375000	-0.093750
573	-0.281250	0.156250
574	-0.218750	0.312500
575	-0.250000	0.031250
576	-0.500000	-0.031250
577	-0.281250	0.281250
578	-0.312500	-0.406250
579	-0.375000	-0.500000
580	-0.281250	-0.031250
581	-0.500000	0.312500
582	-0.343750	0.343750
583	-0.437500	-0.562500
584	-0.468750	-0.375000
585	-0.312500	0.156250
586	-0.468750	0.437500
587	-0.531250	-0.500000
588	-0.500000	0.593750
589	-0.625000	-0.687500
590	-0.375000	0.531250
591	-0.343750	0.156250
592	-0.406250	0.156250
593	-0.500000	-0.562500
594	-0.562500	-0.031250
595	-0.312500	-0.406250
596	-0.312500	0.000000
597	-0.406250	-0.562500
598	-0.375000	-0.062500
599	-0.281250	0.500000
600	-0.281250	0.031250
601	-0.406250	0.093750
602	-0.406250	0.093750
603	-0.343750	0.187500
604	-0.312500	0.125000
605	-0.312500	0.062500
606	-0.437500	0.343750
607	-0.343750	-0.250000
608	-0.500000	0.625000
609	-0.375000	-0.062500
610	-0.406250	0.406250
611	-0.437500	-0.156250
612	-0.343750	-0.218750
613	-0.468750	-0.312500
614	-0.625000	0.718750
615	-0.406250	-0.437500
616	-0.218750	0.187500
617	-0.281250	0.312500
618	-0.406250	-0.031250
619	-0.343750	-0.156250
620	-0.281250	0.125000
621	-0.343750	-0.093750
622	-0.343750	-0.125000
623	-0.250000	-0.156250
624	-0.375000	-0.406250
625	-0.312500	-0.093750
626	-0.468750	-0.468750
627	-0.343750	0.250000
628	-0.562500	0.718750
629	-0.500000	0.656250
630	-0.343750	0.187500
631	-0.218750	0.093750
632	-0.437500	-0.031250
633	-0.343750	0.343750
634	-0.281250	0.250000
635	-0.468750	0.000000
636	-0.593750	-0.656250
637	-0.437500	0.406250
638	-0.250000	-0.156250
639	-0.437500	0.562500
640	-0.281250	0.281250
641	-0.343750	0.531250
642	-0.468750	0.343750
643	-0.312500	0.093750
644	-0.250000	0.500000
645	-0.312500	0.343750
646	-0.187500	0.343750
647	-0.406250	0.250000
648	-0.437500	0.562500
649	-0.562500	-0.687500
650	-0.281250	0.156250
651	-0.375000	0.562500
652	-0.437500	0.531250
653	-0.187500	0.093750
654	-0.375000	0.281250
655	-0.562500	0.593750
656	-0.375000	0.187500
657	-0.406250	0.250000
658	-0.500000	-0.093750
659	-0.156250	-0.281250
660	-0.375000	-0.218750
661	-0.312500	0.125000
662	-0.468750	-0.500000
663	-0.593750	-0.531250
664	-0.343750	0.125000
665	-0.406250	-0.281250
666	-0.312500	-0.375000
667	-0.750000	0.843750
668	-0.281250	0.031250
669	-0.406250	0.187500
670	-0.406250	0.250000
671	-0.031250	0.125000
672	-0.593750	-0.250000
673	-0.406250	0.500000
674	-0.218750	-0.250000
675	-0.375000	-0.312500
676	-0.250000	-0.093750
677	-0.312500	0.406250
678	-0.468750	-0.187500
679	-0.375000	-0.031250
680	-0.468750	-0.531250
681	-0.343750	-0.406250
682	-0.437500	-0.093750
683	-0.437500	-0.500000
684	-0.562500	-0.343750
685	-0.281250	0.000000
686	-0.437500	-0.218750
687	-0.375000	0.125000
688	-0.406250	-0.531250
689	-0.375000	0.375000
690	-0.562500	0.656250
691	-0.281250	-0.062500
692	-0.656250	0.687500
693	-0.406250	0.156250
694	-0.343750	-0.093750
695	-0.343750	0.156250
696	-0.500000	0.625000
697	-0.593750	0.656250
698	-0.687500	0.750000
699	-0.125000	-0.031250
700	-0.406250	0.000000
701	-0.375000	-0.531250
702	-0.500000	-0.250000
703	-0.375000	0.406250
704	-0.312500	-0.062500
705	-0.500000	0.000000
706	-0.218750	-0.281250
707	-0.562500	0.625000
708	-0.468750	0.500000
709	-0.218750	0.000000
710	-0.406250	0.218750
711	-0.250000	0.281250
712	-0.437500	-0.406250
713	-0.218750	0.000000
714	-0.343750	0.343750
715	-0.375000	-0.406250
716	-0.250000	0.156250
717	-0.406250	-0.125000
718	-0.812500	0.875000
719	-0.281250	-0.093750
720	-0.218750	0.187500
721	-0.593750	0.750000
722	-0.406250	0.656250
723	-0.500000	0.031250
724	-0.500000	0.625000
725	-0.375000	-0.062500
726	-0.281250	0.031250
727	-0.375000	0.531250
728	-0.468750	0.343750
729	-0.312500	-0.062500
730	-0.375000	-0.125000
731	-0.593750	0.250000
732	-0.343750	0.000000
733	-0.343750	0.000000
734	-0.375000	-0.125000
735	-0.562500	0.437500
736	-0.500000	-0.500000
737	-0.250000	-0.093750
738	-0.250000	-0.187500
739	-0.062500	0.062500
740	-0.406250	0.250000
741	-0.375000	0.218750
742	-0.437500	-0.406250
743	-0.531250	-0.281250
744	-0.406250	-0.312500
745	-0.250000	-0.125000
746	-0.531250	-0.500000
747	-0.406250	0.031250
748	-0.750000	-0.875000
749	-0.281250	0.156250
750	-0.437500	0.281250
751	-0.343750	-0.125000
752	-0.656250	0.750000
753	-0.375000	0.468750
754	-0.468750	0.156250
755	-0.406250	-0.250000
756	-0.468750	0.375000
757	-0.312500	-0.343750
758	-0.187500	0.281250
759	-0.250000	-0.218750
760	-0.375000	-0.218750
761	-0.343750	-0.406250
762	-0.375000	-0.093750
763	-0.125000	0.031250
764	-0.281250	0.218750
765	-0.468750	0.156250
766	-0.562500	0.656250
767	-0.250000	0.187500
768	-0.625000	-0.593750
769	-0.218750	-0.218750
770	-0.343750	-0.187500
771	-0.562500	0.031250
772	-0.531250	-0.250000
773	-0.468750	0.406250
774	-0.343750	0.406250
775	-0.312500	-0.062500
776	-0.218750	-0.062500
777	-0.437500	-0.343750
778	-0.875000	0.937500
779	-0.343750	-0.375000
780	-0.406250	0.281250
781	-0.406250	0.187500
782	-0.343750	-0.468750
783	-0.312500	0.000000
784	-0.250000	-0.093750
785	-0.312500	0.062500
786	-0.281250	-0.156250
787	-0.468750	-0.125000
788	-0.437500	-0.437500
789	-0.281250	-0.218750
790	-0.187500	0.125000
791	-0.250000	-0.187500
792	-0.343750	-0.031250
793	-0.593750	0.656250
794	-0.375000	-0.187500
795	-0.531250	0.718750
796	-0.750000	-0.843750
797	-0.375000	-0.500000
798	-0.250000	-0.187500
799	-0.406250	-0.312500
800	-0.531250	0.125000
801	-0.437500	-0.625000
802	-0.343750	0.187500
803	-0.312500	-0.156250
804	-0.531250	-0.312500
805	-0.281250	-0.031250
806	-0.312500	-0.187500
807	-0.687500	-0.750000
808	-0.500000	-0.437500
809	-0.500000	-0.593750
810	-0.406250	0.000000
811	-0.312500	0.093750
812	-0.343750	0.031250
813	-0.281250	0.125000
814	-0.281250	-0.062500
815	-0.437500	-0.593750
816	-0.250000	0.093750
817	-0.343750	0.187500
818	-0.250000	0.187500
819	-0.281250	0.031250
820	-0.375000	0.437500
821	-0.156250	-0.093750
822	-0.343750	0.218750
823	-0.406250	-0.156250
824	-0.406250	-0.500000
825	-0.500000	-0.625000
826	-0.750000	0.812500
827	-0.375000	-0.125000
828	-0.531250	-0.593750
829	-0.312500	-0.406250
830	-0.343750	-0.156250
831	-0.218750	-0.156250
832	-0.406250	0.343750
833	-0.500000	-0.531250
834	-0.312500	-0.062500
835	-0.312500	-0.093750
836	-0.437500	-0.187500
837	-0.187500	-0.062500
838	-0.375000	-0.250000
839	-0.468750	0.687500
840	-0.312500	-0.156250
841	-0.406250	-0.375000
842	-0.250000	-0.437500
843	-0.500000	0.125000
844	-0.187500	-0.125000
845	-0.281250	0.218750
846	-0.593750	0.687500
847	-0.281250	0.125000
848	-0.406250	0.468750
849	-0.250000	0.406250
850	-0.406250	0.062500
851	-0.281250	-0.218750
852	-0.593750	-0.781250
853	-0.625000	-0.562500
854	-0.562500	-0.468750
855	-0.406250	0.218750
856	-0.093750	-0.218750
857	-0.500000	0.500000
858	-0.593750	0.593750
859	-0.187500	0.062500
860	-0.406250	0.343750
861	-0.468750	-0.281250
862	-0.406250	-0.468750
863	-0.406250	0.062500
864	-0.375000	0.156250
865	-0.250000	0.250000
866	-0.500000	-0.656250
867	-0.375000	0.312500
868	-0.343750	0.218750
869	-0.375000	0.093750
870	-0.656250	-0.781250
871	-0.562500	-0.531250
872	-0.312500	-0.531250
873	-0.281250	0.218750
874	-0.593750	0.625000
875	-0.500000	0.125000
876	-0.156250	0.062500
877	-0.562500	-0.718750
878	-0.281250	0.281250
879	-0.312500	0.093750
880	-0.625000	-0.718750
881	-0.468750	0.187500
882	-0.437500	0.312500
883	-0.406250	0.375000
884	-0.375000	-0.093750
885	-0.031250	0.062500
886	-0.468750	-0.531250
887	-0.250000	-0.281250
888	-0.687500	0.781250
889	-0.406250	0.468750
890	-0.437500	0.187500
891	-0.343750	-0.343750
892	-0.281250	0.000000
893	-0.468750	0.531250
894	-0.375000	0.468750
895	-0.718750	0.843750
896	-0.281250	-0.375000
897	-0.343750	0.281250
898	-0.343750	-0.468750
899	-0.406250	-0.468750
900	-0.250000	-0.187500
901	-0.281250	-0.187500
902	-0.156250	-0.031250
903	-0.468750	0.562500
904	-0.531250	-0.656250
905	-0.406250	0.187500
906	-0.281250	0.187500
907	-0.406250	0.187500
908	-0.281250	0.062500
909	-0.531250	-0.375000
910	-0.406250	-0.312500
911	-0.250000	-0.343750
912	-0.468750	0.562500
913	-0.531250	0.687500
914	-0.406250	0.343750
915	-0.531250	-0.031250
916	-0.375000	-0.250000
917	-0.468750	-0.125000
918	-0.343750	0.250000
919	-0.281250	-0.125000
920	-0.343750	0.375000
921	-0.250000	-0.093750
922	-0.531250	0.218750
923	-0.406250	0.125000
924	-0.406250	0.500000
925	-0.343750	-0.406250
926	-0.343750	-0.468750
927	-0.375000	0.437500
928	-0.375000	-0.031250
929	-0.437500	0.125000
930	-0.437500	0.250000
931	-0.312500	-0.218750
932	-0.312500	-0.281250
933	-0.500000	0.625000
934	-0.468750	0.343750
935	-0.406250	0.437500
936	-0.468750	-0.218750
937	-0.312500	0.000000
938	-0.375000	-0.062500
939	-0.250000	-0.468750
940	-0.468750	0.281250
941	-0.343750	-0.156250
942	-0.281250	-0.343750
943	-0.218750	-0.312500
944	-0.187500	0.250000
945	-0.343750	0.125000
946	-0.312500	-0.312500
947	-0.343750	-0.218750
948	-0.562500	-0.562500
949	-0.406250	0.125000
950	-0.375000	-0.375000
951	-0.468750	0.250000
952	-0.437500	-0.531250
953	-0.125000	0.093750
954	-0.406250	-0.062500
955	-0.312500	0.062500
956	-0.593750	-0.687500
957	-0.250000	-0.031250
958	-0.343750	0.218750
959	-0.343750	0.093750
960	-0.500000	-0.593750
961	-0.437500	-0.375000
962	-0.281250	0.031250
963	-0.187500	0.000000
964	-0.406250	-0.375000
965	-0.125000	-0.093750
966	-0.187500	0.187500
967	-0.312500	-0.062500
968	-0.406250	-0.250000
969	-0.375000	0.000000
970	-0.218750	0.093750
971	-0.375000	0.156250
972	-0.343750	0.281250
973	-0.218750	-0.093750
974	-0.343750	0.468750
975	-0.312500	0.156250
976	-0.937500	-0.968750
977	-0.437500	-0.250000
978	-0.625000	-0.687500
979	-0.468750	0.468750
980	-0.375000	0.437500
981	-0.468750	0.406250
982	-0.250000	-0.250000
983	-0.593750	-0.437500
984	-0.250000	-0.312500
985	-0.281250	-0.093750
986	-0.375000	-0.062500
987	-0.437500	0.468750
988	-0.250000	0.000000
989	-0.312500	-0.187500
990	-0.406250	0.500000
991	-0.156250	-0.062500
992	-0.343750	-0.343750
993	-0.218750	0.468750
994	-0.468750	-0.218750
995	-0.375000	-0.500000
996	-0.187500	0.031250
997	-0.468750	-0.625000
998	-0.312500	-0.187500
999	-0.375000	-0.468750
