0	-0.875000	0.937500
1	-1.000000	1.000000
2	-0.937500	0.968750
3	-0.843750	0.906250
4	-0.937500	0.968750
5	-0.937500	0.968750
6	-1.000000	1.000000
7	-1.000000	1.000000
8	-0.843750	0.906250
9	-1.000000	1.000000
10	-0.875000	0.937500
11	-0.843750	0.906250
12	-1.000000	1.000000
13	-1.000000	1.000000
14	-1.000000	1.000000
15	-1.000000	1.000000
16	-0.937500	0.968750
17	-1.000000	1.000000
18	-0.937500	0.968750
19	-1.000000	1.000000
20	-0.875000	0.937500
21	-0.937500	0.968750
22	-1.000000	1.000000
23	-1.000000	1.000000
24	-1.000000	1.000000
25	-0.937500	0.968750
26	-1.000000	1.000000
27	-0.875000	0.937500
28	-0.906250	0.937500
29	-0.937500	0.968750
30	-0.812500	0.812500
31	-1.000000	1.000000
32	-1.000000	1.000000
33	-0.875000	0.937500
34	-1.000000	1.000000
35	-0.843750	0.906250
36	-0.875000	0.937500
37	-1.000000	1.000000
38	-0.937500	0.968750
39	-0.937500	0.968750
40	-1.000000	1.000000
41	-1.000000	1.000000
42	-1.000000	1.000000
43	-1.000000	1.000000
44	-0.937500	0.968750
45	-1.000000	1.000000
46	-1.000000	1.000000
47	-1.000000	1.000000
48	-0.937500	0.968750
49	-1.000000	1.000000
50	-0.781250	0.875000
51	-1.000000	1.000000
52	-0.781250	0.875000
53	-1.000000	1.000000
54	-0.875000	0.937500
55	-1.000000	1.000000
56	-1.000000	1.000000
57	-1.000000	1.000000
58	-0.843750	0.875000
59	-1.000000	1.000000
60	-0.906250	0.937500
61	-1.000000	1.000000
62	-1.000000	1.000000
63	-1.000000	1.000000
64	-1.000000	1.000000
65	-1.000000	1.000000
66	-1.000000	1.000000
67	-0.875000	0.937500
68	-1.000000	1.000000
69	-1.000000	1.000000
70	-0.937500	0.968750
71	-1.000000	1.000000
72	-1.000000	1.000000
73	-0.937500	0.968750
74	-1.000000	1.000000
75	-1.000000	1.000000
76	-0.875000	0.906250
77	-1.000000	1.000000
78	-1.000000	1.000000
79	-1.000000	1.000000
80	-0.875000	0.937500
81	-0.937500	0.968750
82	-1.000000	1.000000
83	-1.000000	1.000000
84	-1.000000	1.000000
85	-1.000000	1.000000
86	-1.000000	1.000000
87	-1.000000	1.000000
88	-0.843750	0.906250
89	-1.000000	1.000000
90	-1.000000	1.000000
91	-0.937500	0.968750
92	-0.937500	0.968750
93	-0.937500	0.968750
94	-1.000000	1.000000
95	-1.000000	1.000000
96	-0.875000	0.937500
97	-0.937500	0.968750
98	-1.000000	1.000000
99	-1.000000	1.000000
100	-1.000000	1.000000
101	-1.000000	1.000000
102	-0.906250	0.937500
103	-1.000000	1.000000
104	-1.000000	1.000000
105	-0.937500	0.968750
106	-1.000000	1.000000
107	-0.906250	0.937500
108	-1.000000	1.000000
109	-1.000000	1.000000
110	-0.937500	0.968750
111	-0.937500	0.968750
112	-0.812500	0.812500
113	-0.937500	0.968750
114	-1.000000	1.000000
115	-0.937500	0.968750
116	-1.000000	1.000000
117	-0.875000	0.937500
118	-0.937500	0.968750
119	-1.000000	1.000000
120	-0.937500	0.968750
121	-1.000000	1.000000
122	-1.000000	1.000000
123	-0.937500	0.968750
124	-0.937500	0.968750
125	-0.875000	0.937500
126	-0.937500	0.968750
127	-0.875000	0.937500
128	-0.937500	0.968750
129	-0.875000	0.937500
130	-0.687500	0.750000
131	-1.000000	1.000000
132	-1.000000	1.000000
133	-1.000000	1.000000
134	-1.000000	1.000000
135	-1.000000	1.000000
136	-1.000000	1.000000
137	-0.937500	0.968750
138	-1.000000	1.000000
139	-1.000000	1.000000
140	-1.000000	1.000000
141	-0.812500	0.875000
142	-1.000000	1.000000
143	-0.812500	0.875000
144	-1.000000	1.000000
145	-1.000000	1.000000
146	-0.843750	0.906250
147	-1.000000	1.000000
148	-1.000000	1.000000
149	-1.000000	1.000000
150	-0.937500	0.968750
151	-0.937500	0.968750
152	-1.000000	1.000000
153	-0.937500	0.968750
154	-0.937500	0.968750
155	-1.000000	1.000000
156	-1.000000	1.000000
157	-0.937500	0.968750
158	-0.843750	0.906250
159	-1.000000	1.000000
160	-0.875000	0.937500
161	-0.875000	0.906250
162	-0.937500	0.968750
163	-1.000000	1.000000
164	-1.000000	1.000000
165	-0.937500	0.968750
166	-1.000000	1.000000
167	-1.000000	1.000000
168	-1.000000	1.000000
169	-0.937500	0.968750
170	-0.937500	0.968750
171	-1.000000	1.000000
172	-1.000000	1.000000
173	-1.000000	1.000000
174	-0.843750	0.906250
175	-1.000000	1.000000
176	-1.000000	1.000000
177	-1.000000	1.000000
178	-0.875000	0.937500
179	-0.937500	0.968750
180	-0.937500	0.968750
181	-0.937500	0.968750
182	-1.000000	1.000000
183	-0.937500	0.968750
184	-0.937500	0.968750
185	-1.000000	1.000000
186	-1.000000	1.000000
187	-1.000000	1.000000
188	-1.000000	1.000000
189	-1.000000	1.000000
190	-0.937500	0.968750
191	-0.812500	0.906250
192	-1.000000	1.000000
193	-1.000000	1.000000
194	-1.000000	1.000000
195	-1.000000	1.000000
196	-1.000000	1.000000
197	-1.000000	1.000000
198	-1.000000	1.000000
199	-1.000000	1.000000
200	-1.000000	1.000000
201	-0.906250	0.937500
202	-1.000000	1.000000
203	-1.000000	1.000000
204	-1.000000	1.000000
205	-1.000000	1.000000
206	-1.000000	1.000000
207	-0.937500	0.968750
208	-1.000000	1.000000
209	-0.937500	0.968750
210	-1.000000	1.000000
211	-1.000000	1.000000
212	-0.750000	0.843750
213	-1.000000	1.000000
214	-0.781250	0.875000
215	-0.937500	0.968750
216	-1.000000	1.000000
217	-1.000000	1.000000
218	-0.750000	0.875000
219	-1.000000	1.000000
220	-0.937500	0.968750
221	-0.906250	0.937500
222	-0.875000	0.937500
223	-0.937500	0.968750
224	-1.000000	1.000000
225	-1.000000	1.000000
226	-0.937500	0.968750
227	-0.812500	0.906250
228	-0.875000	0.937500
229	-1.000000	1.000000
230	-1.000000	1.000000
231	-1.000000	1.000000
232	-1.000000	1.000000
233	-1.000000	1.000000
234	-1.000000	1.000000
235	-0.937500	0.968750
236	-1.000000	1.000000
237	-0.875000	0.937500
238	-1.000000	1.000000
239	-0.843750	0.906250
240	-1.000000	1.000000
241	-1.000000	1.000000
242	-0.906250	0.937500
243	-0.937500	0.968750
244	-1.000000	1.000000
245	-1.000000	1.000000
246	-0.937500	0.968750
247	-1.000000	1.000000
248	-1.000000	1.000000
249	-0.781250	0.875000
250	-0.937500	0.968750
251	-1.000000	1.000000
252	-0.906250	0.937500
253	-0.937500	0.968750
254	-1.000000	1.000000
255	-0.937500	0.968750
256	-1.000000	1.000000
257	-0.875000	0.937500
258	-1.000000	1.000000
259	-1.000000	1.000000
260	-1.000000	1.000000
261	-0.937500	0.968750
262	-1.000000	1.000000
263	-1.000000	1.000000
264	-0.875000	0.937500
265	-1.000000	1.000000
266	-0.937500	0.968750
267	-1.000000	1.000000
268	-1.000000	1.000000
269	-0.937500	0.968750
270	-1.000000	1.000000
271	-1.000000	1.000000
272	-1.000000	1.000000
273	-1.000000	1.000000
274	-1.000000	1.000000
275	-1.000000	1.000000
276	-1.000000	1.000000
277	-0.812500	0.875000
278	-0.937500	0.968750
279	-0.937500	0.968750
280	-1.000000	1.000000
281	-1.000000	1.000000
282	-1.000000	1.000000
283	-0.906250	0.937500
284	-1.000000	1.000000
285	-1.000000	1.000000
286	-1.000000	1.000000
287	-0.937500	0.968750
288	-1.000000	1.000000
289	-0.875000	0.937500
290	-1.000000	1.000000
291	-0.937500	0.968750
292	-1.000000	1.000000
293	-0.937500	0.968750
294	-1.000000	1.000000
295	-0.906250	0.937500
296	-1.000000	1.000000
297	-0.937500	0.968750
298	-1.000000	1.000000
299	-1.000000	1.000000
300	-0.906250	0.937500
301	-1.000000	1.000000
302	-0.937500	0.968750
303	-0.937500	0.968750
304	-1.000000	1.000000
305	-1.000000	1.000000
306	-1.000000	1.000000
307	-1.000000	1.000000
308	-1.000000	1.000000
309	-1.000000	1.000000
310	-1.000000	1.000000
311	-1.000000	1.000000
312	-1.000000	1.000000
313	-0.843750	0.906250
314	-1.000000	1.000000
315	-1.000000	1.000000
316	-0.937500	0.968750
317	-1.000000	1.000000
318	-1.000000	1.000000
319	-1.000000	1.000000
320	-1.000000	1.000000
321	-1.000000	1.000000
322	-0.843750	0.906250
323	-0.937500	0.968750
324	-1.000000	1.000000
325	-1.000000	1.000000
326	-1.000000	1.000000
327	-1.000000	1.000000
328	-0.937500	0.968750
329	-0.937500	0.968750
330	-0.937500	0.968750
331	-1.000000	1.000000
332	-0.750000	0.750000
333	-0.937500	0.968750
334	-0.937500	0.968750
335	-1.000000	1.000000
336	-1.000000	1.000000
337	-0.937500	0.968750
338	-0.937500	0.968750
339	-1.000000	1.000000
340	-0.875000	0.937500
341	-1.000000	1.000000
342	-1.000000	1.000000
343	-0.843750	0.906250
344	-1.000000	1.000000
345	-1.000000	1.000000
346	-0.937500	0.968750
347	-1.000000	1.000000
348	-1.000000	1.000000
349	-0.875000	0.937500
350	-1.000000	1.000000
351	-1.000000	1.000000
352	-0.906250	0.937500
353	-0.875000	0.875000
354	-1.000000	1.000000
355	-1.000000	1.000000
356	-0.875000	0.937500
357	-1.000000	1.000000
358	-1.000000	1.000000
359	-1.000000	1.000000
360	-1.000000	1.000000
361	-1.000000	1.000000
362	-0.937500	0.968750
363	-1.000000	1.000000
364	-0.875000	0.937500
365	-1.000000	1.000000
366	-1.000000	1.000000
367	-0.937500	0.968750
368	-0.875000	0.937500
369	-0.937500	0.968750
370	-0.937500	0.968750
371	-0.812500	0.875000
372	-0.937500	0.968750
373	-1.000000	1.000000
374	-0.906250	0.937500
375	-0.906250	0.937500
376	-1.000000	1.000000
377	-1.000000	1.000000
378	-0.937500	0.968750
379	-1.000000	1.000000
380	-1.000000	1.000000
381	-1.000000	1.000000
382	-1.000000	1.000000
383	-1.000000	1.000000
384	-0.906250	0.937500
385	-1.000000	1.000000
386	-1.000000	1.000000
387	-1.000000	1.000000
388	-1.000000	1.000000
389	-1.000000	1.000000
390	-0.937500	0.968750
391	-0.937500	0.968750
392	-1.000000	1.000000
393	-1.000000	1.000000
394	-1.000000	1.000000
395	-1.000000	1.000000
396	-0.937500	0.968750
397	-0.906250	0.937500
398	-0.937500	0.968750
399	-1.000000	1.000000
400	-0.937500	0.968750
401	-0.937500	0.968750
402	-1.000000	1.000000
403	-1.000000	1.000000
404	-0.875000	0.937500
405	-1.000000	1.000000
406	-1.000000	1.000000
407	-1.000000	1.000000
408	-1.000000	1.000000
409	-0.875000	0.937500
410	-0.937500	0.968750
411	-0.937500	0.968750
412	-1.000000	1.000000
413	-1.000000	1.000000
414	-1.000000	1.000000
415	-1.000000	1.000000
416	-0.937500	0.968750
417	-0.937500	0.968750
418	-1.000000	1.000000
419	-1.000000	1.000000
420	-0.937500	0.968750
421	-0.843750	0.906250
422	-1.000000	1.000000
423	-1.000000	1.000000
424	-1.000000	1.000000
425	-1.000000	1.000000
426	-0.937500	0.968750
427	-0.937500	0.968750
428	-0.937500	0.968750
429	-0.937500	0.968750
430	-1.000000	1.000000
431	-1.000000	1.000000
432	-0.937500	0.968750
433	-0.937500	0.968750
434	-0.875000	0.937500
435	-1.000000	1.000000
436	-0.937500	0.968750
437	-1.000000	1.000000
438	-1.000000	1.000000
439	-1.000000	1.000000
440	-1.000000	1.000000
441	-0.937500	0.968750
442	-1.000000	1.000000
443	-1.000000	1.000000
444	-1.000000	1.000000
445	-0.937500	0.968750
446	-1.000000	1.000000
447	-1.000000	1.000000
448	-1.000000	1.000000
449	-0.937500	0.968750
450	-0.937500	0.968750
451	-1.000000	1.000000
452	-0.875000	0.937500
453	-0.937500	0.968750
454	-0.687500	0.812500
455	-1.000000	1.000000
456	-0.937500	0.968750
457	-1.000000	1.000000
458	-1.000000	1.000000
459	-0.937500	0.968750
460	-1.000000	1.000000
461	-0.937500	0.968750
462	-1.000000	1.000000
463	-1.000000	1.000000
464	-0.937500	0.968750
465	-0.937500	0.968750
466	-1.000000	1.000000
467	-0.937500	0.968750
468	-1.000000	1.000000
469	-1.000000	1.000000
470	-1.000000	1.000000
471	-1.000000	1.000000
472	-1.000000	1.000000
473	-1.000000	1.000000
474	-1.000000	1.000000
475	-1.000000	1.000000
476	-1.000000	1.000000
477	-0.875000	0.937500
478	-1.000000	1.000000
479	-1.000000	1.000000
480	-1.000000	1.000000
481	-1.000000	1.000000
482	-0.875000	0.937500
483	-1.000000	1.000000
484	-0.937500	0.968750
485	-0.937500	0.968750
486	-0.937500	0.968750
487	-1.000000	1.000000
488	-1.000000	1.000000
489	-0.937500	0.968750
490	-1.000000	1.000000
491	-1.000000	1.000000
492	-1.000000	1.000000
493	-1.000000	1.000000
494	-0.937500	0.968750
495	-1.000000	1.000000
496	-1.000000	1.000000
497	-0.937500	0.968750
498	-1.000000	1.000000
499	-1.000000	1.000000
500	-1.000000	1.000000
501	-1.000000	1.000000
502	-1.000000	1.000000
503	-1.000000	1.000000
504	-0.875000	0.937500
505	-0.937500	0.968750
506	-1.000000	1.000000
507	-1.000000	1.000000
508	-1.000000	1.000000
509	-1.000000	1.000000
510	-1.000000	1.000000
511	-1.000000	1.000000
512	-1.000000	1.000000
513	-1.000000	1.000000
514	-1.000000	1.000000
515	-1.000000	1.000000
516	-1.000000	1.000000
517	-0.937500	0.968750
518	-0.937500	0.968750
519	-1.000000	1.000000
520	-0.937500	0.968750
521	-1.000000	1.000000
522	-0.937500	0.968750
523	-0.843750	0.906250
524	-0.843750	0.906250
525	-1.000000	1.000000
526	-1.000000	1.000000
527	-1.000000	1.000000
528	-1.000000	1.000000
529	-1.000000	1.000000
530	-0.937500	0.968750
531	-0.937500	0.968750
532	-0.937500	0.968750
533	-1.000000	1.000000
534	-0.937500	0.968750
535	-1.000000	1.000000
536	-1.000000	1.000000
537	-0.937500	0.968750
538	-1.000000	1.000000
539	-1.000000	1.000000
540	-0.937500	0.968750
541	-0.781250	0.875000
542	-1.000000	1.000000
543	-0.875000	0.937500
544	-1.000000	1.000000
545	-0.937500	0.968750
546	-1.000000	1.000000
547	-1.000000	1.000000
548	-1.000000	1.000000
549	-0.937500	0.968750
550	-0.906250	0.937500
551	-1.000000	1.000000
552	-1.000000	1.000000
553	-1.000000	1.000000
554	-1.000000	1.000000
555	-1.000000	1.000000
556	-0.937500	0.968750
557	-1.000000	1.000000
558	-1.000000	1.000000
559	-0.875000	0.937500
560	-1.000000	1.000000
561	-1.000000	1.000000
562	-1.000000	1.000000
563	-0.906250	0.937500
564	-1.000000	1.000000
565	-0.937500	0.968750
566	-0.937500	0.968750
567	-1.000000	1.000000
568	-0.875000	0.937500
569	-0.937500	0.968750
570	-0.937500	0.968750
571	-1.000000	1.000000
572	-1.000000	1.000000
573	-0.937500	0.968750
574	-1.000000	1.000000
575	-0.937500	0.968750
576	-1.000000	1.000000
577	-0.875000	0.937500
578	-1.000000	1.000000
579	-1.000000	1.000000
580	-1.000000	1.000000
581	-0.843750	0.906250
582	-1.000000	1.000000
583	-0.937500	0.968750
584	-1.000000	1.000000
585	-1.000000	1.000000
586	-0.937500	0.968750
587	-0.937500	0.968750
588	-0.937500	0.968750
589	-1.000000	1.000000
590	-0.937500	0.968750
591	-1.000000	1.000000
592	-1.000000	1.000000
593	-0.937500	0.968750
594	-0.937500	0.968750
595	-0.906250	0.937500
596	-1.000000	1.000000
597	-1.000000	1.000000
598	-0.906250	0.937500
599	-0.906250	0.937500
600	-1.000000	1.000000
601	-1.000000	1.000000
602	-1.000000	1.000000
603	-1.000000	1.000000
604	-1.000000	1.000000
605	-0.937500	0.968750
606	-0.875000	0.937500
607	-1.000000	1.000000
608	-0.812500	0.875000
609	-0.937500	0.968750
610	-1.000000	1.000000
611	-1.000000	1.000000
612	-1.000000	1.000000
613	-0.843750	0.906250
614	-1.000000	1.000000
615	-1.000000	1.000000
616	-1.000000	1.000000
617	-0.937500	0.968750
618	-0.906250	0.937500
619	-1.000000	1.000000
620	-0.937500	0.968750
621	-1.000000	1.000000
622	-1.000000	1.000000
623	-1.000000	1.000000
624	-0.906250	0.937500
625	-1.000000	1.000000
626	-1.000000	1.000000
627	-0.843750	0.906250
628	-0.906250	0.937500
629	-0.875000	0.937500
630	-1.000000	1.000000
631	-0.875000	0.937500
632	-0.937500	0.968750
633	-1.000000	1.000000
634	-0.906250	0.937500
635	-0.937500	0.968750
636	-0.937500	0.968750
637	-0.812500	0.906250
638	-0.906250	0.937500
639	-1.000000	1.000000
640	-1.000000	1.000000
641	-0.937500	0.968750
642	-1.000000	1.000000
643	-1.000000	1.000000
644	-0.937500	0.968750
645	-1.000000	1.000000
646	-0.937500	0.968750
647	-1.000000	1.000000
648	-1.000000	1.000000
649	-1.000000	1.000000
650	-1.000000	1.000000
651	-0.937500	0.968750
652	-0.875000	0.937500
653	-0.906250	0.937500
654	-1.000000	1.000000
655	-0.937500	0.968750
656	-0.937500	0.968750
657	-0.875000	0.875000
658	-0.906250	0.937500
659	-1.000000	1.000000
660	-1.000000	1.000000
661	-1.000000	1.000000
662	-0.937500	0.968750
663	-1.000000	1.000000
664	-1.000000	1.000000
665	-1.000000	1.000000
666	-0.875000	0.937500
667	-1.000000	1.000000
668	-1.000000	1.000000
669	-1.000000	1.000000
670	-1.000000	1.000000
671	-1.000000	1.000000
672	-0.937500	0.968750
673	-0.937500	0.968750
674	-1.000000	1.000000
675	-0.812500	0.875000
676	-0.937500	0.968750
677	-1.000000	1.000000
678	-0.843750	0.875000
679	-1.000000	1.000000
680	-0.843750	0.906250
681	-0.937500	0.968750
682	-0.906250	0.937500
683	-1.000000	1.000000
684	-0.750000	0.843750
685	-1.000000	1.000000
686	-1.000000	1.000000
687	-1.000000	1.000000
688	-1.000000	1.000000
689	-1.000000	1.000000
690	-1.000000	1.000000
691	-0.937500	0.968750
692	-1.000000	1.000000
693	-1.000000	1.000000
694	-0.937500	0.968750
695	-1.000000	1.000000
696	-1.000000	1.000000
697	-1.000000	1.000000
698	-1.000000	1.000000
699	-1.000000	1.000000
700	-1.000000	1.000000
701	-1.000000	1.000000
702	-1.000000	1.000000
703	-1.000000	1.000000
704	-0.937500	0.968750
705	-1.000000	1.000000
706	-1.000000	1.000000
707	-1.000000	1.000000
708	-0.937500	0.968750
709	-1.000000	1.000000
710	-0.875000	0.906250
711	-1.000000	1.000000
712	-0.875000	0.937500
713	-0.843750	0.906250
714	-0.937500	0.968750
715	-1.000000	1.000000
716	-1.000000	1.000000
717	-0.937500	0.968750
718	-0.937500	0.968750
719	-0.937500	0.968750
720	-1.000000	1.000000
721	-0.843750	0.906250
722	-1.000000	1.000000
723	-1.000000	1.000000
724	-0.937500	0.968750
725	-1.000000	1.000000
726	-0.937500	0.968750
727	-1.000000	1.000000
728	-1.000000	1.000000
729	-0.937500	0.968750
730	-0.937500	0.968750
731	-0.937500	0.968750
732	-1.000000	1.000000
733	-0.843750	0.906250
734	-1.000000	1.000000
735	-0.843750	0.906250
736	-1.000000	1.000000
737	-0.843750	0.906250
738	-0.937500	0.968750
739	-1.000000	1.000000
740	-1.000000	1.000000
741	-1.000000	1.000000
742	-1.000000	1.000000
743	-0.937500	0.968750
744	-1.000000	1.000000
745	-0.937500	0.968750
746	-1.000000	1.000000
747	-1.000000	1.000000
748	-1.000000	1.000000
749	-1.000000	1.000000
750	-1.000000	1.000000
751	-0.937500	0.968750
752	-1.000000	1.000000
753	-1.000000	1.000000
754	-1.000000	1.000000
755	-1.000000	1.000000
756	-0.937500	0.968750
757	-1.000000	1.000000
758	-0.875000	0.937500
759	-0.937500	0.968750
760	-0.937500	0.968750
761	-1.000000	1.000000
762	-1.000000	1.000000
763	-0.937500	0.968750
764	-1.000000	1.000000
765	-1.000000	1.000000
766	-0.906250	0.937500
767	-1.000000	1.000000
768	-0.937500	0.968750
769	-1.000000	1.000000
770	-0.937500	0.968750
771	-0.937500	0.968750
772	-1.000000	1.000000
773	-0.875000	0.906250
774	-1.000000	1.000000
775	-1.000000	1.000000
776	-1.000000	1.000000
777	-1.000000	1.000000
778	-1.000000	1.000000
779	-1.000000	1.000000
780	-1.000000	1.000000
781	-0.875000	0.906250
782	-0.937500	0.968750
783	-1.000000	1.000000
784	-1.000000	1.000000
785	-0.937500	0.968750
786	-0.937500	0.968750
787	-0.906250	0.937500
788	-0.937500	0.968750
789	-0.875000	0.937500
790	-1.000000	1.000000
791	-0.937500	0.968750
792	-1.000000	1.000000
793	-1.000000	1.000000
794	-0.937500	0.968750
795	-1.000000	1.000000
796	-1.000000	1.000000
797	-1.000000	1.000000
798	-0.906250	0.937500
799	-0.843750	0.906250
800	-1.000000	1.000000
801	-0.875000	0.937500
802	-1.000000	1.000000
803	-1.000000	1.000000
804	-0.937500	0.968750
805	-0.875000	0.937500
806	-1.000000	1.000000
807	-1.000000	1.000000
808	-0.937500	0.968750
809	-0.625000	0.437500
810	-0.875000	0.937500
811	-0.906250	0.937500
812	-0.906250	0.937500
813	-1.000000	1.000000
814	-0.937500	0.968750
815	-1.000000	1.000000
816	-1.000000	1.000000
817	-0.937500	0.968750
818	-1.000000	1.000000
819	-1.000000	1.000000
820	-1.000000	1.000000
821	-1.000000	1.000000
822	-0.937500	0.968750
823	-1.000000	1.000000
824	-1.000000	1.000000
825	-0.937500	0.968750
826	-0.937500	0.968750
827	-1.000000	1.000000
828	-1.000000	1.000000
829	-0.937500	0.968750
830	-0.937500	0.968750
831	-0.937500	0.968750
832	-1.000000	1.000000
833	-1.000000	1.000000
834	-0.937500	0.968750
835	-1.000000	1.000000
836	-0.937500	0.968750
837	-1.000000	1.000000
838	-0.937500	0.968750
839	-1.000000	1.000000
840	-1.000000	1.000000
841	-1.000000	1.000000
842	-1.000000	1.000000
843	-1.000000	1.000000
844	-1.000000	1.000000
845	-0.937500	0.968750
846	-1.000000	1.000000
847	-0.875000	0.937500
848	-1.000000	1.000000
849	-1.000000	1.000000
850	-0.937500	0.968750
851	-0.937500	0.968750
852	-1.000000	1.000000
853	-0.937500	0.968750
854	-0.937500	0.968750
855	-1.000000	1.000000
856	-1.000000	1.000000
857	-1.000000	1.000000
858	-0.937500	0.968750
859	-0.937500	0.968750
860	-1.000000	1.000000
861	-0.937500	0.968750
862	-1.000000	1.000000
863	-0.937500	0.968750
864	-1.000000	1.000000
865	-1.000000	1.000000
866	-0.875000	0.937500
867	-0.937500	0.968750
868	-1.000000	1.000000
869	-1.000000	1.000000
870	-1.000000	1.000000
871	-0.875000	0.937500
872	-1.000000	1.000000
873	-1.000000	1.000000
874	-0.843750	0.906250
875	-1.000000	1.000000
876	-1.000000	1.000000
877	-1.000000	1.000000
878	-1.000000	1.000000
879	-1.000000	1.000000
880	-1.000000	1.000000
881	-1.000000	1.000000
882	-1.000000	1.000000
883	-1.000000	1.000000
884	-1.000000	1.000000
885	-0.937500	0.968750
886	-0.937500	0.968750
887	-0.937500	0.968750
888	-1.000000	1.000000
889	-0.875000	0.937500
890	-1.000000	1.000000
891	-0.875000	0.937500
892	-1.000000	1.000000
893	-1.000000	1.000000
894	-1.000000	1.000000
895	-1.000000	1.000000
896	-1.000000	1.000000
897	-1.000000	1.000000
898	-1.000000	1.000000
899	-0.937500	0.968750
900	-1.000000	1.000000
901	-0.906250	0.937500
902	-0.937500	0.968750
903	-0.843750	0.906250
904	-1.000000	1.000000
905	-1.000000	1.000000
906	-0.875000	0.906250
907	-0.906250	0.937500
908	-1.000000	1.000000
909	-1.000000	1.000000
910	-1.000000	1.000000
911	-0.875000	0.937500
912	-1.000000	1.000000
913	-1.000000	1.000000
914	-1.000000	1.000000
915	-1.000000	1.000000
916	-1.000000	1.000000
917	-1.000000	1.000000
918	-1.000000	1.000000
919	-1.000000	1.000000
920	-1.000000	1.000000
921	-1.000000	1.000000
922	-1.000000	1.000000
923	-0.937500	0.968750
924	-0.875000	0.937500
925	-1.000000	1.000000
926	-1.000000	1.000000
927	-0.937500	0.968750
928	-1.000000	1.000000
929	-1.000000	1.000000
930	-0.843750	0.875000
931	-0.875000	0.937500
932	-0.937500	0.968750
933	-1.000000	1.000000
934	-1.000000	1.000000
935	-1.000000	1.000000
936	-1.000000	1.000000
937	-1.000000	1.000000
938	-0.875000	0.937500
939	-1.000000	1.000000
940	-0.875000	0.937500
941	-0.875000	0.937500
942	-0.875000	0.937500
943	-1.000000	1.000000
944	-1.000000	1.000000
945	-1.000000	1.000000
946	-0.937500	0.968750
947	-1.000000	1.000000
948	-0.937500	0.968750
949	-1.000000	1.000000
950	-1.000000	1.000000
951	-0.906250	0.937500
952	-1.000000	1.000000
953	-1.000000	1.000000
954	-1.000000	1.000000
955	-0.906250	0.937500
956	-0.937500	0.968750
957	-1.000000	1.000000
958	-0.937500	0.968750
959	-1.000000	1.000000
960	-1.000000	1.000000
961	-0.937500	0.968750
962	-1.000000	1.000000
963	-1.000000	1.000000
964	-1.000000	1.000000
965	-1.000000	1.000000
966	-0.937500	0.968750
967	-1.000000	1.000000
968	-0.906250	0.937500
969	-1.000000	1.000000
970	-0.718750	0.718750
971	-1.000000	1.000000
972	-0.906250	0.937500
973	-0.937500	0.968750
974	-1.000000	1.000000
975	-1.000000	1.000000
976	-1.000000	1.000000
977	-0.937500	0.968750
978	-1.000000	1.000000
979	-1.000000	1.000000
980	-0.812500	0.906250
981	-1.000000	1.000000
982	-0.937500	0.968750
983	-0.875000	0.937500
984	-0.937500	0.968750
985	-1.000000	1.000000
986	-0.937500	0.968750
987	-1.000000	1.000000
988	-0.937500	0.968750
989	-1.000000	1.000000
990	-0.937500	0.968750
991	-1.000000	1.000000
992	-1.000000	1.000000
993	-1.000000	1.000000
994	-0.937500	0.968750
995	-0.906250	0.937500
996	-0.875000	0.937500
997	-0.937500	0.968750
998	-0.875000	0.937500
999	-1.000000	1.000000
