0	0.000000	0.125000
1	-0.062500	-0.093750
2	0.000000	0.000000
3	-0.062500	0.093750
4	-0.250000	0.312500
5	-0.218750	0.093750
6	-0.125000	0.000000
7	-0.187500	-0.406250
8	-0.250000	-0.156250
9	-0.187500	-0.250000
10	-0.187500	-0.156250
11	-0.062500	0.125000
12	-0.187500	0.093750
13	-0.062500	0.156250
14	-0.281250	0.218750
15	-0.250000	-0.312500
16	-0.281250	0.281250
17	-0.187500	-0.312500
18	-0.187500	0.031250
19	-0.281250	0.000000
20	-0.031250	-0.187500
21	-0.187500	-0.093750
22	-0.093750	0.250000
23	-0.031250	0.062500
24	-0.156250	0.250000
25	-0.187500	-0.031250
26	-0.250000	0.062500
27	-0.156250	0.062500
28	-0.062500	-0.218750
29	-0.250000	-0.312500
30	0.093750	-0.031250
31	-0.125000	0.218750
32	-0.093750	-0.062500
33	-0.218750	0.187500
34	-0.218750	-0.031250
35	-0.250000	0.031250
36	-0.218750	0.125000
37	-0.062500	0.093750
38	-0.093750	-0.218750
39	-0.093750	-0.125000
40	-0.343750	0.062500
41	-0.156250	0.031250
42	-0.093750	-0.031250
43	-0.250000	0.093750
44	-0.125000	-0.218750
45	-0.125000	0.156250
46	-0.156250	-0.125000
47	-0.062500	0.031250
48	-0.062500	0.031250
49	-0.187500	-0.093750
50	-0.250000	0.062500
51	-0.218750	0.187500
52	-0.218750	0.375000
53	0.000000	0.031250
54	-0.250000	-0.062500
55	-0.156250	-0.062500
56	-0.156250	0.187500
57	-0.218750	0.062500
58	-0.406250	0.281250
59	-0.281250	0.375000
60	-0.031250	0.031250
61	-0.062500	0.062500
62	-0.031250	0.000000
63	-0.093750	0.000000
64	-0.125000	0.156250
65	-0.093750	-0.031250
66	-0.218750	-0.218750
67	-0.281250	0.218750
68	-0.156250	-0.125000
69	-0.125000	-0.281250
70	-0.187500	-0.312500
71	-0.250000	0.156250
72	-0.093750	0.000000
73	-0.406250	0.375000
74	-0.093750	-0.093750
75	-0.093750	-0.125000
76	0.000000	-0.093750
77	-0.156250	0.031250
78	-0.156250	-0.093750
79	-0.218750	-0.125000
80	0.000000	0.000000
81	-0.031250	-0.125000
82	0.000000	0.000000
83	-0.281250	0.187500
84	-0.062500	0.000000
85	-0.125000	0.125000
86	-0.125000	-0.187500
87	-0.156250	0.375000
88	-0.125000	-0.218750
89	0.000000	0.250000
90	-0.093750	0.187500
91	-0.218750	-0.375000
92	-0.125000	0.000000
93	-0.031250	-0.125000
94	-0.156250	0.093750
95	-0.187500	0.156250
96	0.062500	0.031250
97	-0.062500	-0.093750
98	-0.187500	0.156250
99	-0.312500	0.437500
100	-0.187500	0.187500
101	0.000000	-0.062500
102	-0.093750	0.000000
103	-0.093750	0.156250
104	-0.187500	-0.062500
105	-0.281250	-0.187500
106	-0.093750	0.062500
107	-0.281250	-0.281250
108	-0.125000	0.031250
109	-0.093750	-0.062500
110	-0.156250	0.093750
111	-0.187500	0.156250
112	-0.437500	0.062500
113	-0.125000	-0.218750
114	-0.125000	-0.031250
115	-0.125000	0.250000
116	-0.218750	-0.062500
117	-0.125000	0.000000
118	-0.125000	-0.062500
119	-0.156250	-0.031250
120	-0.093750	0.093750
121	-0.343750	-0.218750
122	-0.156250	0.312500
123	-0.031250	-0.218750
124	-0.187500	0.125000
125	-0.187500	-0.187500
126	-0.343750	-0.375000
127	-0.250000	-0.187500
128	-0.187500	0.343750
129	-0.125000	-0.062500
130	-0.250000	-0.343750
131	-0.250000	-0.062500
132	-0.093750	0.093750
133	-0.093750	0.250000
134	-0.093750	0.156250
135	-0.156250	0.093750
136	-0.125000	0.125000
137	-0.375000	-0.375000
138	-0.156250	0.312500
139	-0.156250	0.156250
140	-0.250000	-0.250000
141	-0.281250	0.250000
142	-0.156250	-0.093750
143	-0.031250	-0.031250
144	-0.031250	-0.031250
145	0.093750	0.031250
146	-0.031250	0.000000
147	-0.031250	-0.187500
148	-0.218750	-0.312500
149	-0.125000	-0.062500
150	-0.093750	-0.125000
151	-0.187500	-0.156250
152	-0.031250	-0.062500
153	-0.156250	0.125000
154	-0.250000	0.250000
155	-0.125000	0.031250
156	-0.187500	0.062500
157	-0.031250	-0.062500
158	-0.031250	0.125000
159	-0.062500	0.125000
160	0.031250	0.156250
161	-0.062500	0.187500
162	-0.125000	-0.031250
163	-0.218750	-0.406250
164	-0.187500	0.093750
165	-0.062500	0.156250
166	-0.187500	0.000000
167	-0.125000	-0.031250
168	-0.187500	-0.031250
169	-0.156250	-0.437500
170	-0.125000	0.000000
171	-0.312500	0.406250
172	-0.156250	0.156250
173	-0.250000	0.250000
174	-0.218750	0.000000
175	-0.093750	0.031250
176	-0.250000	0.218750
177	0.000000	0.062500
178	-0.218750	-0.250000
179	-0.156250	0.093750
180	-0.125000	-0.218750
181	-0.218750	0.093750
182	-0.031250	0.062500
183	-0.312500	-0.281250
184	-0.125000	0.093750
185	-0.125000	-0.250000
186	-0.281250	0.125000
187	-0.125000	-0.187500
188	0.031250	-0.093750
189	-0.156250	0.250000
190	-0.218750	-0.093750
191	-0.093750	0.062500
192	-0.218750	0.093750
193	-0.187500	0.187500
194	-0.187500	0.156250
195	-0.187500	-0.031250
196	-0.250000	-0.156250
197	-0.031250	-0.187500
198	0.000000	-0.031250
199	-0.156250	0.250000
200	-0.312500	0.406250
201	-0.156250	-0.125000
202	-0.250000	0.031250
203	-0.062500	-0.312500
204	-0.250000	0.343750
205	-0.156250	0.218750
206	-0.031250	0.187500
207	-0.031250	-0.062500
208	-0.250000	-0.156250
209	-0.062500	-0.062500
210	-0.125000	0.062500
211	-0.375000	0.000000
212	-0.125000	-0.281250
213	-0.156250	-0.125000
214	-0.156250	-0.343750
215	-0.218750	-0.250000
216	0.000000	0.000000
217	-0.187500	0.250000
218	-0.218750	0.031250
219	-0.125000	-0.125000
220	-0.125000	0.250000
221	-0.312500	-0.281250
222	-0.062500	-0.218750
223	-0.125000	0.000000
224	-0.218750	0.093750
225	-0.156250	0.187500
226	-0.187500	-0.312500
227	-0.031250	-0.093750
228	-0.156250	-0.125000
229	-0.031250	-0.125000
230	-0.187500	-0.125000
231	-0.250000	0.125000
232	-0.125000	-0.156250
233	-0.093750	0.000000
234	-0.093750	0.093750
235	-0.156250	-0.218750
236	-0.156250	-0.093750
237	-0.031250	0.031250
238	-0.062500	-0.125000
239	-0.250000	-0.281250
240	-0.062500	0.031250
241	-0.281250	-0.312500
242	-0.281250	-0.031250
243	-0.062500	0.031250
244	-0.062500	-0.062500
245	-0.125000	0.125000
246	-0.093750	0.031250
247	-0.093750	0.031250
248	-0.062500	0.312500
249	-0.156250	0.156250
250	-0.281250	-0.093750
251	-0.156250	0.000000
252	-0.093750	0.156250
253	0.000000	0.250000
254	-0.093750	0.218750
255	-0.218750	-0.343750
256	-0.156250	0.125000
257	-0.156250	-0.218750
258	-0.218750	0.093750
259	-0.031250	-0.062500
260	-0.218750	-0.062500
261	0.062500	0.187500
262	-0.156250	-0.062500
263	-0.187500	0.093750
264	-0.250000	0.156250
265	-0.125000	0.000000
266	-0.281250	0.187500
267	-0.343750	-0.250000
268	0.031250	-0.093750
269	-0.093750	0.156250
270	-0.187500	-0.218750
271	-0.156250	0.031250
272	-0.250000	-0.031250
273	-0.281250	0.031250
274	-0.125000	0.156250
275	-0.125000	0.218750
276	-0.187500	0.000000
277	0.031250	-0.093750
278	-0.093750	-0.218750
279	0.031250	0.093750
280	-0.156250	-0.125000
281	-0.125000	0.250000
282	-0.312500	-0.062500
283	-0.187500	-0.062500
284	-0.187500	-0.093750
285	-0.125000	-0.187500
286	-0.187500	-0.250000
287	-0.125000	0.062500
288	-0.156250	-0.093750
289	-0.156250	-0.093750
290	-0.250000	-0.031250
291	-0.093750	-0.156250
292	-0.125000	0.281250
293	-0.156250	-0.187500
294	-0.062500	0.218750
295	-0.031250	-0.031250
296	-0.156250	-0.312500
297	-0.218750	0.312500
298	-0.187500	0.187500
299	-0.156250	-0.125000
300	-0.187500	0.218750
301	-0.093750	0.125000
302	0.000000	-0.125000
303	-0.062500	0.000000
304	0.062500	0.125000
305	-0.156250	-0.187500
306	-0.062500	0.187500
307	-0.125000	0.000000
308	-0.156250	-0.031250
309	-0.031250	-0.031250
310	-0.250000	-0.281250
311	0.125000	0.031250
312	-0.156250	0.125000
313	-0.312500	-0.531250
314	-0.312500	-0.125000
315	-0.250000	-0.343750
316	-0.093750	0.062500
317	-0.156250	0.062500
318	-0.156250	0.031250
319	0.000000	0.156250
320	-0.343750	-0.375000
321	-0.093750	0.093750
322	-0.375000	0.281250
323	-0.218750	-0.312500
324	-0.187500	0.000000
325	-0.187500	0.218750
326	-0.031250	-0.031250
327	-0.125000	-0.062500
328	-0.125000	0.187500
329	-0.125000	-0.062500
330	-0.156250	0.031250
331	0.031250	0.000000
332	-0.093750	0.031250
333	-0.218750	0.406250
334	-0.031250	0.187500
335	-0.218750	-0.031250
336	0.031250	-0.031250
337	0.000000	-0.093750
338	-0.281250	-0.250000
339	-0.156250	0.031250
340	-0.062500	0.125000
341	-0.031250	-0.093750
342	-0.093750	-0.125000
343	-0.031250	-0.031250
344	0.031250	0.062500
345	-0.156250	-0.093750
346	-0.093750	0.000000
347	-0.031250	-0.031250
348	-0.062500	0.093750
349	-0.093750	0.062500
350	-0.062500	-0.062500
351	-0.218750	-0.062500
352	-0.156250	0.031250
353	-0.156250	-0.218750
354	-0.218750	-0.062500
355	-0.156250	0.062500
356	-0.062500	0.187500
357	-0.156250	0.125000
358	-0.187500	-0.125000
359	-0.187500	0.000000
360	-0.218750	0.375000
361	-0.156250	-0.031250
362	-0.093750	-0.281250
363	0.000000	-0.218750
364	-0.125000	0.281250
365	-0.062500	0.031250
366	-0.281250	0.093750
367	-0.406250	0.187500
368	-0.187500	-0.187500
369	-0.343750	0.343750
370	-0.156250	0.062500
371	-0.250000	-0.125000
372	-0.281250	-0.218750
373	0.000000	0.000000
374	-0.187500	-0.031250
375	-0.187500	-0.218750
376	-0.125000	0.062500
377	-0.125000	-0.125000
378	-0.187500	0.000000
379	-0.125000	0.093750
380	-0.187500	-0.031250
381	-0.250000	-0.281250
382	-0.156250	0.156250
383	-0.031250	0.093750
384	0.031250	0.000000
385	-0.156250	-0.031250
386	-0.156250	-0.218750
387	0.031250	0.125000
388	-0.187500	0.000000
389	-0.187500	0.125000
390	-0.125000	-0.062500
391	-0.187500	0.093750
392	-0.187500	-0.062500
393	-0.062500	0.156250
394	-0.218750	0.093750
395	0.062500	-0.062500
396	-0.031250	0.062500
397	0.031250	0.093750
398	-0.093750	0.000000
399	-0.187500	0.062500
400	-0.281250	-0.093750
401	-0.062500	0.187500
402	0.031250	0.031250
403	-0.062500	-0.031250
404	-0.093750	-0.250000
405	-0.218750	-0.156250
406	-0.125000	0.187500
407	-0.093750	-0.062500
408	-0.250000	0.062500
409	-0.218750	0.218750
410	-0.218750	-0.093750
411	-0.125000	-0.031250
412	-0.156250	-0.312500
413	-0.187500	0.156250
414	-0.062500	-0.062500
415	-0.125000	0.281250
416	-0.156250	-0.218750
417	-0.468750	-0.375000
418	-0.250000	-0.281250
419	-0.062500	0.093750
420	-0.093750	-0.187500
421	-0.093750	-0.062500
422	-0.250000	0.062500
423	-0.156250	-0.093750
424	-0.312500	-0.062500
425	-0.062500	-0.062500
426	-0.218750	0.093750
427	-0.156250	0.031250
428	-0.093750	0.000000
429	0.093750	-0.187500
430	-0.156250	0.093750
431	-0.125000	0.000000
432	-0.156250	-0.187500
433	-0.187500	0.031250
434	-0.218750	-0.437500
435	-0.125000	0.031250
436	-0.093750	0.062500
437	-0.125000	-0.156250
438	-0.062500	0.312500
439	-0.062500	0.062500
440	-0.218750	0.250000
441	-0.250000	0.156250
442	-0.218750	0.156250
443	-0.031250	0.187500
444	-0.187500	0.187500
445	-0.250000	-0.375000
446	-0.250000	-0.218750
447	-0.218750	-0.343750
448	-0.125000	0.093750
449	-0.062500	-0.093750
450	-0.187500	0.093750
451	-0.187500	-0.218750
452	-0.218750	0.031250
453	-0.031250	-0.093750
454	-0.125000	0.062500
455	-0.218750	0.343750
456	-0.250000	-0.125000
457	-0.062500	0.000000
458	-0.062500	-0.093750
459	-0.187500	-0.156250
460	-0.218750	0.093750
461	-0.093750	0.156250
462	0.031250	0.187500
463	-0.218750	-0.281250
464	-0.093750	0.062500
465	-0.218750	0.062500
466	-0.343750	-0.125000
467	-0.312500	0.031250
468	-0.093750	-0.218750
469	-0.187500	-0.156250
470	-0.031250	0.125000
471	-0.125000	-0.187500
472	0.031250	-0.218750
473	-0.218750	0.281250
474	-0.218750	-0.250000
475	-0.218750	-0.125000
476	-0.218750	-0.312500
477	-0.156250	0.093750
478	-0.156250	-0.343750
479	-0.093750	0.250000
480	-0.031250	0.156250
481	-0.187500	-0.062500
482	-0.250000	0.312500
483	-0.187500	0.125000
484	-0.093750	-0.281250
485	-0.187500	0.062500
486	-0.156250	0.062500
487	-0.062500	-0.031250
488	-0.250000	0.312500
489	-0.125000	0.281250
490	-0.156250	0.187500
491	-0.062500	0.031250
492	-0.187500	0.125000
493	-0.218750	0.156250
494	-0.156250	0.187500
495	-0.281250	-0.031250
496	-0.218750	0.187500
497	-0.187500	-0.156250
498	-0.031250	-0.218750
499	-0.187500	0.125000
500	-0.187500	-0.062500
501	-0.031250	0.187500
502	-0.250000	-0.031250
503	-0.093750	0.031250
504	-0.031250	0.031250
505	-0.062500	0.031250
506	-0.156250	0.000000
507	-0.031250	-0.062500
508	-0.312500	0.125000
509	-0.250000	-0.125000
510	-0.031250	-0.156250
511	-0.031250	-0.031250
512	-0.093750	-0.375000
513	-0.156250	-0.125000
514	-0.125000	0.187500
515	-0.156250	-0.031250
516	-0.187500	0.031250
517	-0.218750	-0.343750
518	-0.093750	-0.125000
519	-0.125000	0.031250
520	-0.062500	-0.312500
521	-0.156250	0.125000
522	-0.062500	-0.062500
523	-0.062500	0.218750
524	-0.093750	0.093750
525	-0.343750	0.343750
526	-0.031250	-0.187500
527	-0.156250	-0.156250
528	-0.156250	0.062500
529	-0.281250	-0.437500
530	-0.250000	0.375000
531	-0.187500	-0.343750
532	-0.093750	0.031250
533	0.031250	0.093750
534	-0.125000	0.156250
535	-0.156250	-0.281250
536	-0.187500	0.281250
537	-0.312500	-0.250000
538	-0.218750	0.062500
539	0.031250	-0.125000
540	-0.031250	-0.187500
541	-0.250000	0.250000
542	-0.312500	0.187500
543	-0.093750	0.062500
544	0.031250	0.093750
545	-0.187500	-0.343750
546	-0.187500	-0.187500
547	0.000000	-0.125000
548	-0.093750	0.125000
549	0.000000	-0.093750
550	-0.375000	0.343750
551	-0.343750	-0.031250
552	-0.343750	-0.187500
553	-0.218750	-0.125000
554	-0.156250	0.343750
555	-0.093750	-0.031250
556	-0.093750	0.125000
557	-0.093750	0.031250
558	0.156250	0.062500
559	-0.218750	0.125000
560	-0.312500	0.093750
561	-0.093750	0.000000
562	-0.250000	-0.281250
563	-0.093750	-0.062500
564	-0.031250	-0.125000
565	-0.218750	-0.250000
566	-0.218750	-0.125000
567	-0.093750	0.031250
568	-0.250000	-0.093750
569	-0.093750	-0.156250
570	-0.218750	0.281250
571	-0.187500	0.250000
572	-0.125000	0.187500
573	-0.187500	0.312500
574	-0.125000	0.062500
575	0.000000	-0.031250
576	-0.156250	-0.281250
577	-0.156250	0.000000
578	-0.125000	0.218750
579	-0.187500	-0.187500
580	-0.312500	-0.218750
581	-0.062500	0.062500
582	-0.250000	0.156250
583	-0.062500	0.250000
584	-0.187500	-0.281250
585	-0.031250	-0.281250
586	-0.062500	0.062500
587	0.031250	-0.187500
588	-0.156250	0.125000
589	0.062500	0.062500
590	-0.156250	-0.218750
591	-0.187500	-0.343750
592	-0.281250	0.000000
593	-0.218750	0.406250
594	-0.062500	0.125000
595	-0.093750	0.125000
596	-0.031250	0.187500
597	0.125000	-0.093750
598	-0.093750	0.031250
599	-0.062500	-0.125000
600	-0.187500	-0.031250
601	-0.250000	0.062500
602	-0.218750	-0.156250
603	-0.250000	0.468750
604	-0.093750	-0.187500
605	-0.187500	-0.187500
606	-0.187500	-0.125000
607	-0.093750	0.187500
608	0.000000	0.187500
609	-0.031250	0.250000
610	-0.156250	0.000000
611	-0.125000	-0.031250
612	-0.250000	0.218750
613	-0.093750	-0.187500
614	-0.187500	0.250000
615	-0.312500	0.000000
616	-0.218750	0.312500
617	-0.062500	0.125000
618	-0.218750	0.000000
619	-0.062500	0.031250
620	-0.062500	0.062500
621	-0.218750	0.125000
622	-0.312500	0.218750
623	-0.125000	-0.031250
624	-0.250000	-0.281250
625	-0.281250	0.187500
626	-0.187500	0.312500
627	-0.156250	0.187500
628	-0.062500	0.062500
629	-0.156250	-0.187500
630	-0.093750	0.125000
631	-0.031250	0.031250
632	-0.062500	-0.062500
633	-0.312500	0.062500
634	-0.093750	0.031250
635	-0.375000	-0.312500
636	-0.031250	-0.062500
637	-0.125000	0.281250
638	-0.156250	-0.031250
639	0.062500	-0.093750
640	-0.312500	0.281250
641	-0.187500	0.093750
642	-0.156250	0.250000
643	-0.218750	-0.125000
644	-0.125000	0.093750
645	-0.187500	-0.187500
646	-0.125000	-0.062500
647	-0.156250	-0.062500
648	-0.062500	-0.218750
649	-0.156250	-0.093750
650	-0.250000	-0.125000
651	-0.093750	-0.062500
652	-0.062500	-0.062500
653	-0.156250	0.156250
654	-0.156250	-0.031250
655	-0.062500	0.125000
656	-0.093750	0.250000
657	-0.218750	-0.125000
658	0.000000	0.000000
659	-0.062500	0.031250
660	-0.156250	0.000000
661	0.031250	-0.125000
662	-0.093750	0.093750
663	-0.156250	0.218750
664	-0.125000	-0.062500
665	0.000000	0.125000
666	-0.187500	0.250000
667	-0.093750	-0.125000
668	-0.218750	-0.156250
669	-0.093750	0.000000
670	-0.062500	-0.218750
671	-0.125000	-0.187500
672	-0.156250	-0.312500
673	-0.156250	0.000000
674	-0.093750	0.125000
675	-0.093750	0.000000
676	0.062500	0.156250
677	-0.218750	0.062500
678	-0.156250	-0.250000
679	-0.093750	-0.031250
680	-0.156250	-0.062500
681	-0.125000	0.250000
682	-0.218750	-0.156250
683	-0.093750	-0.187500
684	-0.125000	0.031250
685	-0.187500	-0.125000
686	-0.062500	-0.281250
687	-0.187500	-0.031250
688	-0.187500	-0.031250
689	-0.156250	0.156250
690	-0.062500	-0.093750
691	-0.062500	-0.187500
692	-0.062500	0.093750
693	-0.062500	0.156250
694	-0.250000	0.031250
695	-0.187500	0.187500
696	-0.156250	-0.125000
697	0.062500	-0.125000
698	-0.125000	0.156250
699	-0.093750	-0.125000
700	0.000000	-0.125000
701	-0.125000	-0.281250
702	-0.187500	0.343750
703	-0.187500	0.281250
704	-0.062500	-0.031250
705	-0.187500	0.093750
706	-0.250000	-0.093750
707	-0.250000	0.312500
708	-0.093750	0.031250
709	-0.093750	0.156250
710	-0.156250	-0.187500
711	-0.218750	0.000000
712	-0.156250	-0.281250
713	-0.156250	0.218750
714	-0.156250	-0.125000
715	0.000000	0.062500
716	-0.343750	0.500000
717	-0.156250	0.156250
718	-0.218750	0.000000
719	-0.031250	0.093750
720	-0.125000	0.281250
721	-0.156250	-0.156250
722	-0.125000	-0.093750
723	-0.156250	0.062500
724	-0.093750	0.062500
725	-0.156250	0.125000
726	-0.062500	0.125000
727	-0.281250	-0.437500
728	-0.406250	0.500000
729	-0.218750	0.093750
730	-0.093750	0.187500
731	-0.250000	0.125000
732	0.000000	0.187500
733	-0.281250	-0.250000
734	-0.093750	-0.093750
735	-0.156250	-0.218750
736	-0.062500	-0.156250
737	0.000000	0.031250
738	-0.187500	0.250000
739	-0.062500	0.062500
740	-0.125000	-0.031250
741	-0.218750	-0.062500
742	-0.093750	-0.187500
743	-0.156250	-0.062500
744	-0.062500	0.062500
745	-0.281250	-0.250000
746	0.000000	-0.062500
747	-0.031250	0.093750
748	-0.218750	0.062500
749	-0.218750	-0.031250
750	-0.062500	0.093750
751	-0.156250	-0.093750
752	-0.250000	-0.031250
753	-0.312500	-0.281250
754	-0.062500	-0.156250
755	-0.093750	0.062500
756	-0.062500	-0.062500
757	-0.187500	0.187500
758	-0.031250	0.031250
759	0.031250	-0.062500
760	-0.031250	-0.062500
761	0.031250	0.125000
762	-0.031250	0.062500
763	-0.250000	0.187500
764	-0.218750	0.031250
765	-0.125000	-0.156250
766	-0.125000	0.000000
767	-0.031250	0.125000
768	-0.062500	0.093750
769	-0.187500	0.281250
770	-0.156250	0.218750
771	-0.250000	-0.218750
772	-0.250000	-0.062500
773	-0.062500	-0.031250
774	-0.250000	-0.468750
775	-0.125000	-0.218750
776	-0.125000	-0.156250
777	-0.093750	0.187500
778	-0.218750	-0.156250
779	-0.156250	0.031250
780	-0.187500	-0.375000
781	-0.093750	0.218750
782	-0.093750	0.062500
783	-0.062500	0.156250
784	-0.187500	-0.343750
785	-0.125000	-0.093750
786	-0.093750	0.187500
787	-0.062500	-0.187500
788	-0.156250	0.000000
789	-0.187500	0.125000
790	-0.156250	0.218750
791	-0.218750	0.125000
792	-0.156250	0.031250
793	-0.218750	-0.093750
794	-0.250000	0.125000
795	-0.156250	0.000000
796	-0.156250	-0.031250
797	-0.281250	-0.250000
798	0.000000	0.031250
799	0.000000	0.031250
800	-0.156250	0.062500
801	-0.031250	-0.281250
802	-0.125000	0.031250
803	0.000000	-0.031250
804	-0.250000	-0.250000
805	-0.093750	-0.281250
806	-0.187500	0.218750
807	-0.062500	0.000000
808	-0.156250	0.156250
809	-0.031250	-0.062500
810	-0.312500	0.250000
811	-0.031250	-0.156250
812	-0.187500	0.093750
813	-0.062500	-0.093750
814	-0.062500	0.093750
815	-0.187500	0.125000
816	-0.250000	0.062500
817	-0.187500	0.156250
818	-0.062500	-0.093750
819	-0.093750	0.250000
820	-0.312500	0.343750
821	-0.218750	0.031250
822	-0.125000	-0.156250
823	-0.031250	0.125000
824	-0.187500	-0.156250
825	-0.250000	0.156250
826	-0.125000	0.031250
827	-0.218750	-0.093750
828	0.000000	0.031250
829	-0.156250	0.062500
830	-0.156250	-0.062500
831	-0.218750	-0.343750
832	-0.218750	0.187500
833	-0.093750	0.250000
834	-0.031250	-0.031250
835	0.000000	0.250000
836	-0.156250	-0.093750
837	-0.312500	0.250000
838	-0.031250	-0.062500
839	-0.031250	-0.062500
840	-0.218750	0.062500
841	-0.312500	-0.187500
842	-0.062500	-0.125000
843	-0.250000	-0.156250
844	-0.250000	-0.250000
845	-0.031250	-0.062500
846	-0.187500	0.156250
847	-0.187500	0.000000
848	-0.125000	0.125000
849	-0.281250	0.031250
850	-0.125000	-0.156250
851	0.000000	0.125000
852	-0.062500	0.031250
853	-0.187500	-0.406250
854	-0.156250	0.125000
855	-0.187500	0.093750
856	-0.093750	0.156250
857	0.031250	-0.218750
858	-0.062500	0.031250
859	-0.062500	-0.062500
860	-0.312500	0.156250
861	-0.093750	0.125000
862	-0.156250	0.093750
863	0.000000	-0.062500
864	0.093750	0.093750
865	0.000000	-0.031250
866	-0.281250	-0.406250
867	-0.125000	-0.343750
868	-0.156250	0.250000
869	-0.218750	0.437500
870	-0.125000	0.093750
871	-0.093750	0.031250
872	-0.156250	-0.250000
873	-0.187500	-0.031250
874	-0.125000	-0.156250
875	-0.250000	0.062500
876	-0.281250	0.156250
877	-0.062500	-0.156250
878	-0.031250	0.031250
879	-0.281250	0.062500
880	0.000000	-0.312500
881	-0.093750	0.000000
882	0.000000	-0.125000
883	-0.031250	0.062500
884	-0.062500	-0.125000
885	-0.093750	0.000000
886	-0.093750	0.156250
887	-0.062500	-0.062500
888	-0.125000	-0.187500
889	-0.093750	0.093750
890	-0.062500	-0.062500
891	-0.218750	-0.187500
892	-0.062500	-0.187500
893	0.000000	0.093750
894	-0.031250	0.031250
895	-0.187500	-0.250000
896	-0.156250	-0.062500
897	-0.125000	0.062500
898	-0.156250	-0.093750
899	-0.218750	0.312500
900	-0.031250	0.125000
901	-0.218750	-0.312500
902	0.000000	0.093750
903	-0.218750	-0.062500
904	-0.031250	0.093750
905	-0.312500	0.062500
906	-0.281250	-0.125000
907	-0.093750	0.218750
908	-0.218750	-0.125000
909	-0.218750	-0.281250
910	-0.187500	-0.312500
911	-0.218750	-0.031250
912	-0.187500	0.000000
913	-0.125000	0.062500
914	-0.093750	0.156250
915	-0.031250	0.218750
916	-0.250000	-0.343750
917	-0.218750	0.093750
918	-0.062500	0.125000
919	-0.156250	-0.031250
920	-0.281250	0.375000
921	-0.187500	0.062500
922	-0.156250	0.156250
923	-0.312500	-0.156250
924	-0.125000	0.000000
925	-0.250000	0.093750
926	-0.562500	-0.500000
927	-0.250000	-0.125000
928	-0.156250	0.031250
929	0.000000	-0.250000
930	-0.156250	-0.156250
931	-0.125000	-0.031250
932	-0.093750	-0.187500
933	-0.093750	0.187500
934	-0.187500	0.156250
935	-0.187500	-0.218750
936	-0.062500	-0.093750
937	-0.250000	0.031250
938	-0.156250	0.156250
939	-0.062500	0.125000
940	-0.125000	0.093750
941	0.031250	0.156250
942	-0.125000	0.218750
943	-0.093750	0.156250
944	-0.156250	-0.031250
945	-0.093750	0.000000
946	0.000000	-0.093750
947	-0.093750	0.187500
948	-0.281250	-0.250000
949	-0.093750	-0.093750
950	0.031250	0.281250
951	0.062500	-0.031250
952	-0.312500	-0.500000
953	-0.125000	0.187500
954	-0.250000	-0.218750
955	-0.125000	-0.250000
956	-0.093750	0.093750
957	-0.093750	-0.187500
958	-0.218750	0.281250
959	-0.031250	0.031250
960	-0.125000	-0.062500
961	-0.187500	0.125000
962	-0.125000	0.031250
963	-0.187500	-0.375000
964	-0.156250	-0.093750
965	-0.312500	0.062500
966	-0.156250	0.031250
967	0.031250	0.125000
968	0.000000	-0.156250
969	-0.375000	0.437500
970	-0.218750	-0.218750
971	-0.187500	0.031250
972	-0.093750	-0.187500
973	-0.125000	0.062500
974	-0.187500	0.062500
975	-0.093750	-0.156250
976	-0.125000	-0.187500
977	-0.093750	-0.156250
978	0.031250	-0.062500
979	-0.062500	-0.093750
980	-0.125000	-0.187500
981	-0.281250	-0.031250
982	-0.218750	0.156250
983	-0.312500	0.437500
984	-0.281250	-0.281250
985	-0.187500	0.187500
986	-0.031250	-0.031250
987	-0.281250	-0.156250
988	-0.125000	-0.093750
989	-0.093750	-0.218750
990	-0.031250	0.062500
991	-0.031250	-0.062500
992	-0.062500	-0.187500
993	-0.125000	0.156250
994	-0.187500	-0.093750
995	-0.031250	0.093750
996	-0.218750	0.218750
997	-0.156250	0.156250
998	-0.125000	-0.062500
999	-0.218750	-0.312500
