0	-0.911743	-0.943481
1	-0.910645	-0.943115
2	-0.917603	-0.946533
3	-0.916382	-0.947998
4	-0.921265	-0.950684
5	-0.918091	-0.950073
6	-0.914673	-0.948730
7	-0.911133	-0.944824
8	-0.908569	-0.941284
9	-0.909790	-0.942139
10	-0.914185	-0.943726
11	-0.907227	-0.936157
12	-0.911865	-0.944458
13	-0.912231	-0.942139
14	-0.909058	-0.943604
15	-0.918457	-0.950439
16	-0.917358	-0.947876
17	-0.917603	-0.949463
18	-0.909546	-0.939697
19	-0.920898	-0.950317
20	-0.907593	-0.939941
21	-0.912109	-0.944946
22	-0.902344	-0.934570
23	-0.922241	-0.951538
24	-0.921265	-0.952515
25	-0.908691	-0.942627
26	-0.917114	-0.948120
27	-0.916626	-0.948120
28	-0.913696	-0.945679
29	-0.914795	-0.945313
30	-0.912842	-0.937988
31	-0.911987	-0.944092
32	-0.915039	-0.944702
33	-0.907837	-0.941772
34	-0.910400	-0.944214
35	-0.905518	-0.933350
36	-0.912109	-0.946655
37	-0.918945	-0.949829
38	-0.913940	-0.945801
39	-0.912964	-0.942139
40	-0.911865	-0.943115
41	-0.910645	-0.940552
42	-0.915283	-0.941772
43	-0.913574	-0.941040
44	-0.902344	-0.933594
45	-0.903198	-0.936279
46	-0.917114	-0.944580
47	-0.912231	-0.943970
48	-0.911133	-0.943237
49	-0.921875	-0.952271
50	-0.907715	-0.944336
51	-0.912842	-0.943848
52	-0.896240	-0.934204
53	-0.912354	-0.941040
54	-0.909180	-0.942993
55	-0.916626	-0.946533
56	-0.909668	-0.943237
57	-0.923096	-0.954468
58	-0.914185	-0.945068
59	-0.915649	-0.946777
60	-0.909424	-0.939941
61	-0.913086	-0.942871
62	-0.908081	-0.937012
63	-0.916260	-0.946655
64	-0.912354	-0.945313
65	-0.910034	-0.941650
66	-0.914185	-0.946411
67	-0.907471	-0.941772
68	-0.920410	-0.950317
69	-0.901611	-0.937988
70	-0.912598	-0.942749
71	-0.913818	-0.944946
72	-0.919678	-0.949951
73	-0.907837	-0.940186
74	-0.913818	-0.945801
75	-0.911133	-0.944336
76	-0.911987	-0.945679
77	-0.913452	-0.944824
78	-0.908691	-0.940796
79	-0.916016	-0.949707
80	-0.910522	-0.945801
81	-0.918213	-0.947754
82	-0.898682	-0.929565
83	-0.916626	-0.947266
84	-0.910400	-0.940186
85	-0.914063	-0.944946
86	-0.911133	-0.937866
87	-0.906494	-0.940918
88	-0.915649	-0.948364
89	-0.912598	-0.947632
90	-0.915039	-0.946167
91	-0.906860	-0.941406
92	-0.898804	-0.934937
93	-0.912842	-0.945068
94	-0.907471	-0.938599
95	-0.909912	-0.941284
96	-0.909790	-0.937744
97	-0.904175	-0.937012
98	-0.907227	-0.940796
99	-0.908691	-0.942993
100	-0.917847	-0.950317
101	-0.911133	-0.946533
102	-0.909668	-0.943848
103	-0.908569	-0.941650
104	-0.906860	-0.937256
105	-0.921265	-0.948975
106	-0.909302	-0.940918
107	-0.910767	-0.942017
108	-0.916260	-0.948853
109	-0.916870	-0.947632
110	-0.920288	-0.948730
111	-0.914673	-0.942749
112	-0.916748	-0.945923
113	-0.901978	-0.934692
114	-0.922119	-0.950684
115	-0.917603	-0.948730
116	-0.911743	-0.942871
117	-0.911621	-0.944580
118	-0.914429	-0.945801
119	-0.919800	-0.949951
120	-0.905151	-0.939819
121	-0.918579	-0.943970
122	-0.919312	-0.948853
123	-0.919434	-0.949707
124	-0.905518	-0.940063
125	-0.920776	-0.949829
126	-0.913818	-0.945190
127	-0.917480	-0.950439
128	-0.914307	-0.946899
129	-0.915405	-0.948242
130	-0.911377	-0.943115
131	-0.909790	-0.943481
132	-0.917480	-0.947266
133	-0.908325	-0.938965
134	-0.910278	-0.941772
135	-0.906982	-0.938965
136	-0.912720	-0.945313
137	-0.913574	-0.944336
138	-0.906494	-0.939819
139	-0.920898	-0.951050
140	-0.912476	-0.946899
141	-0.910156	-0.943481
142	-0.908936	-0.939941
143	-0.905029	-0.938721
144	-0.915649	-0.947876
145	-0.914063	-0.943237
146	-0.910522	-0.942749
147	-0.902344	-0.932251
148	-0.910034	-0.942017
149	-0.907104	-0.940918
150	-0.913330	-0.947266
151	-0.911743	-0.945435
152	-0.922729	-0.951782
153	-0.906494	-0.943115
154	-0.917236	-0.947754
155	-0.905151	-0.938599
156	-0.915161	-0.946289
157	-0.916016	-0.942139
158	-0.904419	-0.936768
159	-0.916138	-0.949219
160	-0.910767	-0.941528
161	-0.913940	-0.944580
162	-0.910767	-0.942383
163	-0.920288	-0.949219
164	-0.902466	-0.933228
165	-0.917725	-0.948364
166	-0.902222	-0.937744
167	-0.909180	-0.939697
168	-0.910522	-0.943115
169	-0.914185	-0.943726
170	-0.911865	-0.944458
171	-0.905518	-0.941406
172	-0.903076	-0.933472
173	-0.914063	-0.946167
174	-0.919434	-0.947998
175	-0.902954	-0.937012
176	-0.911743	-0.943237
177	-0.905884	-0.938599
178	-0.910889	-0.944702
179	-0.909668	-0.941650
180	-0.915039	-0.947388
181	-0.908203	-0.943237
182	-0.909912	-0.943970
183	-0.914307	-0.947632
184	-0.912354	-0.943726
185	-0.915283	-0.946167
186	-0.905273	-0.935913
187	-0.915771	-0.947754
188	-0.907593	-0.941284
189	-0.910278	-0.939819
190	-0.913696	-0.947021
191	-0.921265	-0.953003
192	-0.911987	-0.944458
193	-0.907959	-0.939697
194	-0.914307	-0.940796
195	-0.914063	-0.947266
196	-0.921753	-0.948120
197	-0.913696	-0.943848
198	-0.900513	-0.931396
199	-0.912598	-0.942017
200	-0.900391	-0.932007
201	-0.913574	-0.944458
202	-0.912109	-0.943115
203	-0.912476	-0.942993
204	-0.911987	-0.944946
205	-0.916992	-0.947510
206	-0.910400	-0.942139
207	-0.921875	-0.951172
208	-0.910645	-0.942871
209	-0.913574	-0.945313
210	-0.921021	-0.951538
211	-0.915894	-0.947632
212	-0.913086	-0.946411
213	-0.914551	-0.945435
214	-0.912598	-0.945923
215	-0.907104	-0.938354
216	-0.914185	-0.945679
217	-0.913696	-0.946899
218	-0.917236	-0.942627
219	-0.913696	-0.946411
220	-0.920898	-0.949707
221	-0.908691	-0.943115
222	-0.911865	-0.943481
223	-0.913818	-0.942749
224	-0.913086	-0.946655
225	-0.912231	-0.942383
226	-0.911621	-0.941772
227	-0.909668	-0.940308
228	-0.917603	-0.946533
229	-0.915894	-0.948242
230	-0.907349	-0.940552
231	-0.913208	-0.945557
232	-0.910400	-0.943848
233	-0.912720	-0.946411
234	-0.914917	-0.944092
235	-0.907837	-0.936401
236	-0.913696	-0.944214
237	-0.902710	-0.935791
238	-0.919556	-0.949951
239	-0.913940	-0.947632
240	-0.909668	-0.935425
241	-0.909546	-0.943481
242	-0.912109	-0.946411
243	-0.913696	-0.946533
244	-0.906738	-0.938232
245	-0.913086	-0.942993
246	-0.912354	-0.946045
247	-0.912842	-0.942749
248	-0.913696	-0.945068
249	-0.901611	-0.935181
250	-0.910278	-0.944214
251	-0.903076	-0.934692
252	-0.908569	-0.942993
253	-0.921387	-0.951416
254	-0.907959	-0.940186
255	-0.912964	-0.946289
256	-0.911743	-0.943481
257	-0.910645	-0.943115
258	-0.917603	-0.946533
259	-0.916382	-0.947998
260	-0.921265	-0.950684
261	-0.918091	-0.950073
262	-0.914673	-0.948730
263	-0.911133	-0.944824
264	-0.908569	-0.941284
265	-0.909790	-0.942139
266	-0.914185	-0.943726
267	-0.907227	-0.936157
268	-0.911865	-0.944458
269	-0.912231	-0.942139
270	-0.909058	-0.943604
271	-0.918457	-0.950439
272	-0.917358	-0.947876
273	-0.917603	-0.949463
274	-0.909546	-0.939697
275	-0.920898	-0.950317
276	-0.907593	-0.939941
277	-0.912109	-0.944946
278	-0.902344	-0.934570
279	-0.922241	-0.951538
280	-0.921265	-0.952515
281	-0.908691	-0.942627
282	-0.917114	-0.948120
283	-0.916626	-0.948120
284	-0.913696	-0.945679
285	-0.914795	-0.945313
286	-0.912842	-0.937988
287	-0.911987	-0.944092
288	-0.915039	-0.944702
289	-0.907837	-0.941772
290	-0.910400	-0.944214
291	-0.905518	-0.933350
292	-0.912109	-0.946655
293	-0.918945	-0.949829
294	-0.913940	-0.945801
295	-0.912964	-0.942139
296	-0.911865	-0.943115
297	-0.910645	-0.940552
298	-0.915283	-0.941772
299	-0.913574	-0.941040
300	-0.902344	-0.933594
301	-0.903198	-0.936279
302	-0.917114	-0.944580
303	-0.912231	-0.943970
304	-0.911133	-0.943237
305	-0.921875	-0.952271
306	-0.907715	-0.944336
307	-0.912842	-0.943848
308	-0.896240	-0.934204
309	-0.912354	-0.941040
310	-0.909180	-0.942993
311	-0.916626	-0.946533
312	-0.909668	-0.943237
313	-0.923096	-0.954468
314	-0.914185	-0.945068
315	-0.915649	-0.946777
316	-0.909424	-0.939941
317	-0.913086	-0.942871
318	-0.908081	-0.937012
319	-0.916260	-0.946655
320	-0.912354	-0.945313
321	-0.910034	-0.941650
322	-0.914185	-0.946411
323	-0.907471	-0.941772
324	-0.920410	-0.950317
325	-0.901611	-0.937988
326	-0.912598	-0.942749
327	-0.913818	-0.944946
328	-0.919678	-0.949951
329	-0.907837	-0.940186
330	-0.913818	-0.945801
331	-0.911133	-0.944336
332	-0.911987	-0.945679
333	-0.913452	-0.944824
334	-0.908691	-0.940796
335	-0.916016	-0.949707
336	-0.910522	-0.945801
337	-0.918213	-0.947754
338	-0.898682	-0.929565
339	-0.916626	-0.947266
340	-0.910400	-0.940186
341	-0.914063	-0.944946
342	-0.911133	-0.937866
343	-0.906494	-0.940918
344	-0.915649	-0.948364
345	-0.912598	-0.947632
346	-0.915039	-0.946167
347	-0.906860	-0.941406
348	-0.898804	-0.934937
349	-0.912842	-0.945068
350	-0.907471	-0.938599
351	-0.909912	-0.941284
352	-0.909790	-0.937744
353	-0.904175	-0.937012
354	-0.907227	-0.940796
355	-0.908691	-0.942993
356	-0.917847	-0.950317
357	-0.911133	-0.946533
358	-0.909668	-0.943848
359	-0.908569	-0.941650
360	-0.906860	-0.937256
361	-0.921265	-0.948975
362	-0.909302	-0.940918
363	-0.910767	-0.942017
364	-0.916260	-0.948853
365	-0.916870	-0.947632
366	-0.920288	-0.948730
367	-0.914673	-0.942749
368	-0.916748	-0.945923
369	-0.901978	-0.934692
370	-0.922119	-0.950684
371	-0.917603	-0.948730
372	-0.911743	-0.942871
373	-0.911621	-0.944580
374	-0.914429	-0.945801
375	-0.919800	-0.949951
376	-0.905151	-0.939819
377	-0.918579	-0.943970
378	-0.919312	-0.948853
379	-0.919434	-0.949707
380	-0.905518	-0.940063
381	-0.920776	-0.949829
382	-0.913818	-0.945190
383	-0.917480	-0.950439
384	-0.914307	-0.946899
385	-0.915405	-0.948242
386	-0.911377	-0.943115
387	-0.909790	-0.943481
388	-0.917480	-0.947266
389	-0.908325	-0.938965
390	-0.910278	-0.941772
391	-0.906982	-0.938965
392	-0.912720	-0.945313
393	-0.913574	-0.944336
394	-0.906494	-0.939819
395	-0.920898	-0.951050
396	-0.912476	-0.946899
397	-0.910156	-0.943481
398	-0.908936	-0.939941
399	-0.905029	-0.938721
400	-0.915649	-0.947876
401	-0.914063	-0.943237
402	-0.910522	-0.942749
403	-0.902344	-0.932251
404	-0.910034	-0.942017
405	-0.907104	-0.940918
406	-0.913330	-0.947266
407	-0.911743	-0.945435
408	-0.922729	-0.951782
409	-0.906494	-0.943115
410	-0.917236	-0.947754
411	-0.905151	-0.938599
412	-0.915161	-0.946289
413	-0.916016	-0.942139
414	-0.904419	-0.936768
415	-0.916138	-0.949219
416	-0.910767	-0.941528
417	-0.913940	-0.944580
418	-0.910767	-0.942383
419	-0.920288	-0.949219
420	-0.902466	-0.933228
421	-0.917725	-0.948364
422	-0.902222	-0.937744
423	-0.909180	-0.939697
424	-0.910522	-0.943115
425	-0.914185	-0.943726
426	-0.911865	-0.944458
427	-0.905518	-0.941406
428	-0.903076	-0.933472
429	-0.914063	-0.946167
430	-0.919434	-0.947998
431	-0.902954	-0.937012
432	-0.911743	-0.943237
433	-0.905884	-0.938599
434	-0.910889	-0.944702
435	-0.909668	-0.941650
436	-0.915039	-0.947388
437	-0.908203	-0.943237
438	-0.909912	-0.943970
439	-0.914307	-0.947632
440	-0.912354	-0.943726
441	-0.915283	-0.946167
442	-0.905273	-0.935913
443	-0.915771	-0.947754
444	-0.907593	-0.941284
445	-0.910278	-0.939819
446	-0.913696	-0.947021
447	-0.921265	-0.953003
448	-0.911987	-0.944458
449	-0.907959	-0.939697
450	-0.914307	-0.940796
451	-0.914063	-0.947266
452	-0.921753	-0.948120
453	-0.913696	-0.943848
454	-0.900513	-0.931396
455	-0.912598	-0.942017
456	-0.900391	-0.932007
457	-0.913574	-0.944458
458	-0.912109	-0.943115
459	-0.912476	-0.942993
460	-0.911987	-0.944946
461	-0.916992	-0.947510
462	-0.910400	-0.942139
463	-0.921875	-0.951172
464	-0.910645	-0.942871
465	-0.913574	-0.945313
466	-0.921021	-0.951538
467	-0.915894	-0.947632
468	-0.913086	-0.946411
469	-0.914551	-0.945435
470	-0.912598	-0.945923
471	-0.907104	-0.938354
472	-0.914185	-0.945679
473	-0.913696	-0.946899
474	-0.917236	-0.942627
475	-0.913696	-0.946411
476	-0.920898	-0.949707
477	-0.908691	-0.943115
478	-0.911865	-0.943481
479	-0.913818	-0.942749
480	-0.913086	-0.946655
481	-0.912231	-0.942383
482	-0.911621	-0.941772
483	-0.909668	-0.940308
484	-0.917603	-0.946533
485	-0.915894	-0.948242
486	-0.907349	-0.940552
487	-0.913208	-0.945557
488	-0.910400	-0.943848
489	-0.912720	-0.946411
490	-0.914917	-0.944092
491	-0.907837	-0.936401
492	-0.913696	-0.944214
493	-0.902710	-0.935791
494	-0.919556	-0.949951
495	-0.913940	-0.947632
496	-0.909668	-0.935425
497	-0.909546	-0.943481
498	-0.912109	-0.946411
499	-0.913696	-0.946533
500	-0.906738	-0.938232
501	-0.913086	-0.942993
502	-0.912354	-0.946045
503	-0.912842	-0.942749
504	-0.913696	-0.945068
505	-0.901611	-0.935181
506	-0.910278	-0.944214
507	-0.903076	-0.934692
508	-0.908569	-0.942993
509	-0.921387	-0.951416
510	-0.907959	-0.940186
511	-0.912964	-0.946289
512	-0.911743	-0.943481
513	-0.910645	-0.943115
514	-0.917603	-0.946533
515	-0.916382	-0.947998
516	-0.921265	-0.950684
517	-0.918091	-0.950073
518	-0.914673	-0.948730
519	-0.911133	-0.944824
520	-0.908569	-0.941284
521	-0.909790	-0.942139
522	-0.914185	-0.943726
523	-0.907227	-0.936157
524	-0.911865	-0.944458
525	-0.912231	-0.942139
526	-0.909058	-0.943604
527	-0.918457	-0.950439
528	-0.917358	-0.947876
529	-0.917603	-0.949463
530	-0.909546	-0.939697
531	-0.920898	-0.950317
532	-0.907593	-0.939941
533	-0.912109	-0.944946
534	-0.902344	-0.934570
535	-0.922241	-0.951538
536	-0.921265	-0.952515
537	-0.908691	-0.942627
538	-0.917114	-0.948120
539	-0.916626	-0.948120
540	-0.913696	-0.945679
541	-0.914795	-0.945313
542	-0.912842	-0.937988
543	-0.911987	-0.944092
544	-0.915039	-0.944702
545	-0.907837	-0.941772
546	-0.910400	-0.944214
547	-0.905518	-0.933350
548	-0.912109	-0.946655
549	-0.918945	-0.949829
550	-0.913940	-0.945801
551	-0.912964	-0.942139
552	-0.911865	-0.943115
553	-0.910645	-0.940552
554	-0.915283	-0.941772
555	-0.913574	-0.941040
556	-0.902344	-0.933594
557	-0.903198	-0.936279
558	-0.917114	-0.944580
559	-0.912231	-0.943970
560	-0.911133	-0.943237
561	-0.921875	-0.952271
562	-0.907715	-0.944336
563	-0.912842	-0.943848
564	-0.896240	-0.934204
565	-0.912354	-0.941040
566	-0.909180	-0.942993
567	-0.916626	-0.946533
568	-0.909668	-0.943237
569	-0.923096	-0.954468
570	-0.914185	-0.945068
571	-0.915649	-0.946777
572	-0.909424	-0.939941
573	-0.913086	-0.942871
574	-0.908081	-0.937012
575	-0.916260	-0.946655
576	-0.912354	-0.945313
577	-0.910034	-0.941650
578	-0.914185	-0.946411
579	-0.907471	-0.941772
580	-0.920410	-0.950317
581	-0.901611	-0.937988
582	-0.912598	-0.942749
583	-0.913818	-0.944946
584	-0.919678	-0.949951
585	-0.907837	-0.940186
586	-0.913818	-0.945801
587	-0.911133	-0.944336
588	-0.911987	-0.945679
589	-0.913452	-0.944824
590	-0.908691	-0.940796
591	-0.916016	-0.949707
592	-0.910522	-0.945801
593	-0.918213	-0.947754
594	-0.898682	-0.929565
595	-0.916626	-0.947266
596	-0.910400	-0.940186
597	-0.914063	-0.944946
598	-0.911133	-0.937866
599	-0.906494	-0.940918
600	-0.915649	-0.948364
601	-0.912598	-0.947632
602	-0.915039	-0.946167
603	-0.906860	-0.941406
604	-0.898804	-0.934937
605	-0.912842	-0.945068
606	-0.907471	-0.938599
607	-0.909912	-0.941284
608	-0.909790	-0.937744
609	-0.904175	-0.937012
610	-0.907227	-0.940796
611	-0.908691	-0.942993
612	-0.917847	-0.950317
613	-0.911133	-0.946533
614	-0.909668	-0.943848
615	-0.908569	-0.941650
616	-0.906860	-0.937256
617	-0.921265	-0.948975
618	-0.909302	-0.940918
619	-0.910767	-0.942017
620	-0.916260	-0.948853
621	-0.916870	-0.947632
622	-0.920288	-0.948730
623	-0.914673	-0.942749
624	-0.916748	-0.945923
625	-0.901978	-0.934692
626	-0.922119	-0.950684
627	-0.917603	-0.948730
628	-0.911743	-0.942871
629	-0.911621	-0.944580
630	-0.914429	-0.945801
631	-0.919800	-0.949951
632	-0.905151	-0.939819
633	-0.918579	-0.943970
634	-0.919312	-0.948853
635	-0.919434	-0.949707
636	-0.905518	-0.940063
637	-0.920776	-0.949829
638	-0.913818	-0.945190
639	-0.917480	-0.950439
640	-0.914307	-0.946899
641	-0.915405	-0.948242
642	-0.911377	-0.943115
643	-0.909790	-0.943481
644	-0.917480	-0.947266
645	-0.908325	-0.938965
646	-0.910278	-0.941772
647	-0.906982	-0.938965
648	-0.912720	-0.945313
649	-0.913574	-0.944336
650	-0.906494	-0.939819
651	-0.920898	-0.951050
652	-0.912476	-0.946899
653	-0.910156	-0.943481
654	-0.908936	-0.939941
655	-0.905029	-0.938721
656	-0.915649	-0.947876
657	-0.914063	-0.943237
658	-0.910522	-0.942749
659	-0.902344	-0.932251
660	-0.910034	-0.942017
661	-0.907104	-0.940918
662	-0.913330	-0.947266
663	-0.911743	-0.945435
664	-0.922729	-0.951782
665	-0.906494	-0.943115
666	-0.917236	-0.947754
667	-0.905151	-0.938599
668	-0.915161	-0.946289
669	-0.916016	-0.942139
670	-0.904419	-0.936768
671	-0.916138	-0.949219
672	-0.910767	-0.941528
673	-0.913940	-0.944580
674	-0.910767	-0.942383
675	-0.920288	-0.949219
676	-0.902466	-0.933228
677	-0.917725	-0.948364
678	-0.902222	-0.937744
679	-0.909180	-0.939697
680	-0.910522	-0.943115
681	-0.914185	-0.943726
682	-0.911865	-0.944458
683	-0.905518	-0.941406
684	-0.903076	-0.933472
685	-0.914063	-0.946167
686	-0.919434	-0.947998
687	-0.902954	-0.937012
688	-0.911743	-0.943237
689	-0.905884	-0.938599
690	-0.910889	-0.944702
691	-0.909668	-0.941650
692	-0.915039	-0.947388
693	-0.908203	-0.943237
694	-0.909912	-0.943970
695	-0.914307	-0.947632
696	-0.912354	-0.943726
697	-0.915283	-0.946167
698	-0.905273	-0.935913
699	-0.915771	-0.947754
700	-0.907593	-0.941284
701	-0.910278	-0.939819
702	-0.913696	-0.947021
703	-0.921265	-0.953003
704	-0.911987	-0.944458
705	-0.907959	-0.939697
706	-0.914307	-0.940796
707	-0.914063	-0.947266
708	-0.921753	-0.948120
709	-0.913696	-0.943848
710	-0.900513	-0.931396
711	-0.912598	-0.942017
712	-0.900391	-0.932007
713	-0.913574	-0.944458
714	-0.912109	-0.943115
715	-0.912476	-0.942993
716	-0.911987	-0.944946
717	-0.916992	-0.947510
718	-0.910400	-0.942139
719	-0.921875	-0.951172
720	-0.910645	-0.942871
721	-0.913574	-0.945313
722	-0.921021	-0.951538
723	-0.915894	-0.947632
724	-0.913086	-0.946411
725	-0.914551	-0.945435
726	-0.912598	-0.945923
727	-0.907104	-0.938354
728	-0.914185	-0.945679
729	-0.913696	-0.946899
730	-0.917236	-0.942627
731	-0.913696	-0.946411
732	-0.920898	-0.949707
733	-0.908691	-0.943115
734	-0.911865	-0.943481
735	-0.913818	-0.942749
736	-0.913086	-0.946655
737	-0.912231	-0.942383
738	-0.911621	-0.941772
739	-0.909668	-0.940308
740	-0.917603	-0.946533
741	-0.915894	-0.948242
742	-0.907349	-0.940552
743	-0.913208	-0.945557
744	-0.910400	-0.943848
745	-0.912720	-0.946411
746	-0.914917	-0.944092
747	-0.907837	-0.936401
748	-0.913696	-0.944214
749	-0.902710	-0.935791
750	-0.919556	-0.949951
751	-0.913940	-0.947632
752	-0.909668	-0.935425
753	-0.909546	-0.943481
754	-0.912109	-0.946411
755	-0.913696	-0.946533
756	-0.906738	-0.938232
757	-0.913086	-0.942993
758	-0.912354	-0.946045
759	-0.912842	-0.942749
760	-0.913696	-0.945068
761	-0.901611	-0.935181
762	-0.910278	-0.944214
763	-0.903076	-0.934692
764	-0.908569	-0.942993
765	-0.921387	-0.951416
766	-0.907959	-0.940186
767	-0.912964	-0.946289
768	-0.911743	-0.943481
769	-0.910645	-0.943115
770	-0.917603	-0.946533
771	-0.916382	-0.947998
772	-0.921265	-0.950684
773	-0.918091	-0.950073
774	-0.914673	-0.948730
775	-0.911133	-0.944824
776	-0.908569	-0.941284
777	-0.909790	-0.942139
778	-0.914185	-0.943726
779	-0.907227	-0.936157
780	-0.911865	-0.944458
781	-0.912231	-0.942139
782	-0.909058	-0.943604
783	-0.918457	-0.950439
784	-0.917358	-0.947876
785	-0.917603	-0.949463
786	-0.909546	-0.939697
787	-0.920898	-0.950317
788	-0.907593	-0.939941
789	-0.912109	-0.944946
790	-0.902344	-0.934570
791	-0.922241	-0.951538
792	-0.921265	-0.952515
793	-0.908691	-0.942627
794	-0.917114	-0.948120
795	-0.916626	-0.948120
796	-0.913696	-0.945679
797	-0.914795	-0.945313
798	-0.912842	-0.937988
799	-0.911987	-0.944092
800	-0.915039	-0.944702
801	-0.907837	-0.941772
802	-0.910400	-0.944214
803	-0.905518	-0.933350
804	-0.912109	-0.946655
805	-0.918945	-0.949829
806	-0.913940	-0.945801
807	-0.912964	-0.942139
808	-0.911865	-0.943115
809	-0.910645	-0.940552
810	-0.915283	-0.941772
811	-0.913574	-0.941040
812	-0.902344	-0.933594
813	-0.903198	-0.936279
814	-0.917114	-0.944580
815	-0.912231	-0.943970
816	-0.911133	-0.943237
817	-0.921875	-0.952271
818	-0.907715	-0.944336
819	-0.912842	-0.943848
820	-0.896240	-0.934204
821	-0.912354	-0.941040
822	-0.909180	-0.942993
823	-0.916626	-0.946533
824	-0.909668	-0.943237
825	-0.923096	-0.954468
826	-0.914185	-0.945068
827	-0.915649	-0.946777
828	-0.909424	-0.939941
829	-0.913086	-0.942871
830	-0.908081	-0.937012
831	-0.916260	-0.946655
832	-0.912354	-0.945313
833	-0.910034	-0.941650
834	-0.914185	-0.946411
835	-0.907471	-0.941772
836	-0.920410	-0.950317
837	-0.901611	-0.937988
838	-0.912598	-0.942749
839	-0.913818	-0.944946
840	-0.919678	-0.949951
841	-0.907837	-0.940186
842	-0.913818	-0.945801
843	-0.911133	-0.944336
844	-0.911987	-0.945679
845	-0.913452	-0.944824
846	-0.908691	-0.940796
847	-0.916016	-0.949707
848	-0.910522	-0.945801
849	-0.918213	-0.947754
850	-0.898682	-0.929565
851	-0.916626	-0.947266
852	-0.910400	-0.940186
853	-0.914063	-0.944946
854	-0.911133	-0.937866
855	-0.906494	-0.940918
856	-0.915649	-0.948364
857	-0.912598	-0.94763