0	-0.937500	0.968750
1	-1.000000	1.000000
2	-0.937500	0.968750
3	-0.937500	0.968750
4	-0.937500	0.968750
5	-0.875000	0.937500
6	-1.000000	1.000000
7	-0.875000	0.937500
8	-1.000000	1.000000
9	-0.937500	0.968750
10	-1.000000	1.000000
11	-0.937500	0.968750
12	-0.937500	0.968750
13	-1.000000	1.000000
14	-1.000000	1.000000
15	-0.875000	0.937500
16	-0.906250	0.937500
17	-0.812500	0.875000
18	-0.937500	0.968750
19	-0.906250	0.937500
20	-1.000000	1.000000
21	-0.937500	0.968750
22	-1.000000	1.000000
23	-1.000000	1.000000
24	-1.000000	1.000000
25	-0.843750	0.906250
26	-1.000000	1.000000
27	-1.000000	1.000000
28	-1.000000	1.000000
29	-1.000000	1.000000
30	-0.875000	0.906250
31	-1.000000	1.000000
32	-0.875000	0.937500
33	-0.906250	0.937500
34	-1.000000	1.000000
35	-1.000000	1.000000
36	-0.937500	0.968750
37	-0.875000	0.937500
38	-0.937500	0.968750
39	-1.000000	1.000000
40	-0.875000	0.937500
41	-1.000000	1.000000
42	-1.000000	1.000000
43	-0.937500	0.968750
44	-0.906250	0.937500
45	-0.843750	0.906250
46	-1.000000	1.000000
47	-1.000000	1.000000
48	-0.937500	0.968750
49	-0.937500	0.968750
50	-0.875000	0.906250
51	-0.937500	0.968750
52	-1.000000	1.000000
53	-0.718750	0.718750
54	-0.937500	0.968750
55	-1.000000	1.000000
56	-0.937500	0.968750
57	-1.000000	1.000000
58	-0.906250	0.937500
59	-1.000000	1.000000
60	-1.000000	1.000000
61	-1.000000	1.000000
62	-0.687500	0.781250
63	-0.937500	0.968750
64	-0.937500	0.968750
65	-1.000000	1.000000
66	-0.937500	0.968750
67	-0.937500	0.968750
68	-0.875000	0.937500
69	-1.000000	1.000000
70	-1.000000	1.000000
71	-1.000000	1.000000
72	-0.937500	0.968750
73	-0.750000	0.843750
74	-0.937500	0.968750
75	-0.937500	0.968750
76	-1.000000	1.000000
77	-1.000000	1.000000
78	-1.000000	1.000000
79	-0.937500	0.968750
80	-1.000000	1.000000
81	-1.000000	1.000000
82	-0.937500	0.968750
83	-1.000000	1.000000
84	-1.000000	1.000000
85	-0.937500	0.968750
86	-0.843750	0.906250
87	-1.000000	1.000000
88	-1.000000	1.000000
89	-0.937500	0.968750
90	-0.937500	0.968750
91	-0.906250	0.937500
92	-0.906250	0.937500
93	-0.875000	0.937500
94	-1.000000	1.000000
95	-0.875000	0.937500
96	-1.000000	1.000000
97	-0.750000	0.812500
98	-1.000000	1.000000
99	-1.000000	1.000000
100	-1.000000	1.000000
101	-0.937500	0.968750
102	-1.000000	1.000000
103	-0.937500	0.968750
104	-0.906250	0.937500
105	-0.906250	0.937500
106	-0.937500	0.968750
107	-1.000000	1.000000
108	-1.000000	1.000000
109	-0.906250	0.937500
110	-1.000000	1.000000
111	-0.937500	0.968750
112	-0.937500	0.968750
113	-1.000000	1.000000
114	-1.000000	1.000000
115	-0.937500	0.968750
116	-1.000000	1.000000
117	-1.000000	1.000000
118	-0.937500	0.968750
119	-0.937500	0.968750
120	-1.000000	1.000000
121	-1.000000	1.000000
122	-1.000000	1.000000
123	-0.906250	0.937500
124	-0.875000	0.937500
125	-1.000000	1.000000
126	-1.000000	1.000000
127	-0.937500	0.968750
128	-1.000000	1.000000
129	-0.937500	0.968750
130	-1.000000	1.000000
131	-1.000000	1.000000
132	-0.937500	0.968750
133	-1.000000	1.000000
134	-1.000000	1.000000
135	-1.000000	1.000000
136	-1.000000	1.000000
137	-1.000000	1.000000
138	-0.843750	0.906250
139	-0.906250	0.937500
140	-0.937500	0.968750
141	-0.875000	0.937500
142	-0.937500	0.968750
143	-1.000000	1.000000
144	-1.000000	1.000000
145	-1.000000	1.000000
146	-1.000000	1.000000
147	-0.937500	0.968750
148	-1.000000	1.000000
149	-0.937500	0.968750
150	-1.000000	1.000000
151	-1.000000	1.000000
152	-1.000000	1.000000
153	-1.000000	1.000000
154	-1.000000	1.000000
155	-0.906250	0.937500
156	-1.000000	1.000000
157	-1.000000	1.000000
158	-0.875000	0.937500
159	-1.000000	1.000000
160	-0.750000	0.843750
161	-0.937500	0.968750
162	-1.000000	1.000000
163	-1.000000	1.000000
164	-0.937500	0.968750
165	-0.937500	0.968750
166	-1.000000	1.000000
167	-0.875000	0.937500
168	-1.000000	1.000000
169	-1.000000	1.000000
170	-1.000000	1.000000
171	-0.937500	0.968750
172	-1.000000	1.000000
173	-0.937500	0.968750
174	-1.000000	1.000000
175	-1.000000	1.000000
176	-0.937500	0.968750
177	-1.000000	1.000000
178	-1.000000	1.000000
179	-1.000000	1.000000
180	-1.000000	1.000000
181	-0.937500	0.968750
182	-1.000000	1.000000
183	-0.875000	0.937500
184	-0.937500	0.968750
185	-1.000000	1.000000
186	-1.000000	1.000000
187	-0.875000	0.937500
188	-0.937500	0.968750
189	-0.843750	0.906250
190	-0.843750	0.906250
191	-1.000000	1.000000
192	-1.000000	1.000000
193	-0.875000	0.937500
194	-0.812500	0.875000
195	-0.843750	0.906250
196	-1.000000	1.000000
197	-1.000000	1.000000
198	-1.000000	1.000000
199	-1.000000	1.000000
200	-0.937500	0.968750
201	-1.000000	1.000000
202	-0.937500	0.968750
203	-0.937500	0.968750
204	-0.875000	0.937500
205	-1.000000	1.000000
206	-0.843750	0.906250
207	-0.906250	0.937500
208	-0.937500	0.968750
209	-1.000000	1.000000
210	-1.000000	1.000000
211	-0.937500	0.968750
212	-1.000000	1.000000
213	-0.937500	0.968750
214	-0.843750	0.906250
215	-1.000000	1.000000
216	-0.937500	0.968750
217	-0.937500	0.968750
218	-0.937500	0.968750
219	-0.937500	0.968750
220	-1.000000	1.000000
221	-0.718750	0.812500
222	-0.937500	0.968750
223	-0.843750	0.906250
224	-1.000000	1.000000
225	-0.875000	0.937500
226	-0.812500	0.875000
227	-1.000000	1.000000
228	-0.843750	0.906250
229	-0.937500	0.968750
230	-0.937500	0.968750
231	-1.000000	1.000000
232	-0.906250	0.937500
233	-0.937500	0.968750
234	-1.000000	1.000000
235	-1.000000	1.000000
236	-1.000000	1.000000
237	-0.875000	0.937500
238	-1.000000	1.000000
239	-0.937500	0.968750
240	-1.000000	1.000000
241	-0.937500	0.968750
242	-0.937500	0.968750
243	-0.937500	0.968750
244	-0.937500	0.968750
245	-0.875000	0.937500
246	-0.937500	0.968750
247	-0.906250	0.937500
248	-1.000000	1.000000
249	-0.843750	0.906250
250	-1.000000	1.000000
251	-0.906250	0.937500
252	-0.937500	0.968750
253	-1.000000	1.000000
254	-1.000000	1.000000
255	-0.937500	0.968750
256	-1.000000	1.000000
257	-1.000000	1.000000
258	-1.000000	1.000000
259	-1.000000	1.000000
260	-0.937500	0.968750
261	-1.000000	1.000000
262	-1.000000	1.000000
263	-1.000000	1.000000
264	-0.906250	0.937500
265	-1.000000	1.000000
266	-0.906250	0.937500
267	-1.000000	1.000000
268	-0.906250	0.937500
269	-1.000000	1.000000
270	-0.906250	0.937500
271	-1.000000	1.000000
272	-0.781250	0.843750
273	-1.000000	1.000000
274	-1.000000	1.000000
275	-0.906250	0.937500
276	-0.937500	0.968750
277	-1.000000	1.000000
278	-1.000000	1.000000
279	-0.781250	0.781250
280	-0.843750	0.906250
281	-1.000000	1.000000
282	-1.000000	1.000000
283	-0.843750	0.906250
284	-0.875000	0.937500
285	-0.937500	0.968750
286	-0.875000	0.937500
287	-1.000000	1.000000
288	-0.843750	0.906250
289	-0.937500	0.968750
290	-0.937500	0.968750
291	-1.000000	1.000000
292	-0.750000	0.812500
293	-0.937500	0.968750
294	-1.000000	1.000000
295	-1.000000	1.000000
296	-0.875000	0.937500
297	-1.000000	1.000000
298	-1.000000	1.000000
299	-1.000000	1.000000
300	-1.000000	1.000000
301	-1.000000	1.000000
302	-0.781250	0.843750
303	-1.000000	1.000000
304	-1.000000	1.000000
305	-1.000000	1.000000
306	-1.000000	1.000000
307	-0.937500	0.968750
308	-1.000000	1.000000
309	-0.906250	0.937500
310	-1.000000	1.000000
311	-0.937500	0.968750
312	-0.937500	0.968750
313	-0.937500	0.968750
314	-1.000000	1.000000
315	-1.000000	1.000000
316	-1.000000	1.000000
317	-1.000000	1.000000
318	-0.843750	0.875000
319	-1.000000	1.000000
320	-0.937500	0.968750
321	-1.000000	1.000000
322	-0.937500	0.968750
323	-1.000000	1.000000
324	-1.000000	1.000000
325	-0.937500	0.968750
326	-0.843750	0.906250
327	-0.937500	0.968750
328	-1.000000	1.000000
329	-0.843750	0.906250
330	-0.906250	0.937500
331	-1.000000	1.000000
332	-0.937500	0.968750
333	-0.781250	0.875000
334	-1.000000	1.000000
335	-1.000000	1.000000
336	-0.937500	0.968750
337	-1.000000	1.000000
338	-1.000000	1.000000
339	-0.937500	0.968750
340	-0.937500	0.968750
341	-0.812500	0.906250
342	-0.937500	0.968750
343	-0.937500	0.968750
344	-1.000000	1.000000
345	-0.906250	0.937500
346	-1.000000	1.000000
347	-0.875000	0.937500
348	-0.937500	0.968750
349	-1.000000	1.000000
350	-1.000000	1.000000
351	-0.875000	0.937500
352	-0.843750	0.875000
353	-1.000000	1.000000
354	-1.000000	1.000000
355	-0.937500	0.968750
356	-0.937500	0.968750
357	-0.937500	0.968750
358	-1.000000	1.000000
359	-1.000000	1.000000
360	-1.000000	1.000000
361	-1.000000	1.000000
362	-1.000000	1.000000
363	-0.937500	0.968750
364	-0.937500	0.968750
365	-1.000000	1.000000
366	-0.812500	0.906250
367	-1.000000	1.000000
368	-0.937500	0.968750
369	-1.000000	1.000000
370	-0.937500	0.968750
371	-0.937500	0.968750
372	-0.937500	0.968750
373	-1.000000	1.000000
374	-0.781250	0.812500
375	-0.906250	0.937500
376	-0.937500	0.968750
377	-0.750000	0.781250
378	-0.875000	0.937500
379	-0.937500	0.968750
380	-0.906250	0.937500
381	-1.000000	1.000000
382	-1.000000	1.000000
383	-0.875000	0.937500
384	-1.000000	1.000000
385	-1.000000	1.000000
386	-0.843750	0.906250
387	-1.000000	1.000000
388	-0.937500	0.968750
389	-0.937500	0.968750
390	-0.937500	0.968750
391	-1.000000	1.000000
392	-1.000000	1.000000
393	-0.843750	0.906250
394	-0.875000	0.937500
395	-0.843750	0.906250
396	-1.000000	1.000000
397	-1.000000	1.000000
398	-1.000000	1.000000
399	-0.937500	0.968750
400	-0.937500	0.968750
401	-0.937500	0.968750
402	-0.875000	0.906250
403	-0.937500	0.968750
404	-1.000000	1.000000
405	-1.000000	1.000000
406	-1.000000	1.000000
407	-0.906250	0.937500
408	-1.000000	1.000000
409	-0.875000	0.937500
410	-1.000000	1.000000
411	-1.000000	1.000000
412	-1.000000	1.000000
413	-1.000000	1.000000
414	-1.000000	1.000000
415	-0.937500	0.968750
416	-0.812500	0.906250
417	-0.875000	0.937500
418	-0.781250	0.875000
419	-0.937500	0.968750
420	-1.000000	1.000000
421	-1.000000	1.000000
422	-0.937500	0.968750
423	-0.937500	0.968750
424	-0.937500	0.968750
425	-1.000000	1.000000
426	-1.000000	1.000000
427	-0.937500	0.968750
428	-0.937500	0.968750
429	-1.000000	1.000000
430	-0.875000	0.937500
431	-1.000000	1.000000
432	-1.000000	1.000000
433	-1.000000	1.000000
434	-1.000000	1.000000
435	-1.000000	1.000000
436	-1.000000	1.000000
437	-1.000000	1.000000
438	-1.000000	1.000000
439	-0.937500	0.968750
440	-1.000000	1.000000
441	-1.000000	1.000000
442	-0.843750	0.906250
443	-0.937500	0.968750
444	-0.937500	0.968750
445	-0.875000	0.937500
446	-1.000000	1.000000
447	-1.000000	1.000000
448	-1.000000	1.000000
449	-1.000000	1.000000
450	-1.000000	1.000000
451	-1.000000	1.000000
452	-0.937500	0.968750
453	-0.687500	0.781250
454	-0.906250	0.937500
455	-0.937500	0.968750
456	-0.906250	0.937500
457	-1.000000	1.000000
458	-1.000000	1.000000
459	-0.937500	0.968750
460	-0.781250	0.875000
461	-0.906250	0.937500
462	-0.875000	0.906250
463	-0.937500	0.968750
464	-1.000000	1.000000
465	-0.875000	0.937500
466	-1.000000	1.000000
467	-1.000000	1.000000
468	-0.843750	0.875000
469	-1.000000	1.000000
470	-1.000000	1.000000
471	-0.937500	0.968750
472	-1.000000	1.000000
473	-0.875000	0.937500
474	-0.937500	0.968750
475	-0.937500	0.968750
476	-0.937500	0.968750
477	-0.937500	0.968750
478	-0.875000	0.937500
479	-0.750000	0.843750
480	-0.906250	0.937500
481	-0.937500	0.968750
482	-0.875000	0.937500
483	-1.000000	1.000000
484	-1.000000	1.000000
485	-1.000000	1.000000
486	-1.000000	1.000000
487	-0.937500	0.968750
488	-1.000000	1.000000
489	-1.000000	1.000000
490	-1.000000	1.000000
491	-0.843750	0.906250
492	-1.000000	1.000000
493	-1.000000	1.000000
494	-1.000000	1.000000
495	-1.000000	1.000000
496	-1.000000	1.000000
497	-1.000000	1.000000
498	-1.000000	1.000000
499	-1.000000	1.000000
500	-0.937500	0.968750
501	-1.000000	1.000000
502	-1.000000	1.000000
503	-0.937500	0.968750
504	-0.937500	0.968750
505	-0.937500	0.968750
506	-0.937500	0.968750
507	-0.812500	0.875000
508	-1.000000	1.000000
509	-1.000000	1.000000
510	-0.937500	0.968750
511	-0.906250	0.937500
512	-0.875000	0.875000
513	-1.000000	1.000000
514	-1.000000	1.000000
515	-0.781250	0.781250
516	-1.000000	1.000000
517	-1.000000	1.000000
518	-0.875000	0.937500
519	-0.875000	0.937500
520	-0.875000	0.906250
521	-0.937500	0.968750
522	-1.000000	1.000000
523	-1.000000	1.000000
524	-1.000000	1.000000
525	-1.000000	1.000000
526	-1.000000	1.000000
527	-1.000000	1.000000
528	-1.000000	1.000000
529	-0.937500	0.968750
530	-1.000000	1.000000
531	-0.875000	0.937500
532	-0.812500	0.875000
533	-1.000000	1.000000
534	-0.937500	0.968750
535	-1.000000	1.000000
536	-1.000000	1.000000
537	-1.000000	1.000000
538	-0.937500	0.968750
539	-0.906250	0.937500
540	-1.000000	1.000000
541	-1.000000	1.000000
542	-1.000000	1.000000
543	-1.000000	1.000000
544	-1.000000	1.000000
545	-0.906250	0.937500
546	-0.937500	0.968750
547	-1.000000	1.000000
548	-0.937500	0.968750
549	-0.937500	0.968750
550	-0.875000	0.937500
551	-1.000000	1.000000
552	-1.000000	1.000000
553	-0.937500	0.968750
554	-1.000000	1.000000
555	-1.000000	1.000000
556	-0.937500	0.968750
557	-1.000000	1.000000
558	-1.000000	1.000000
559	-0.843750	0.906250
560	-0.812500	0.812500
561	-1.000000	1.000000
562	-1.000000	1.000000
563	-1.000000	1.000000
564	-1.000000	1.000000
565	-1.000000	1.000000
566	-0.875000	0.937500
567	-0.937500	0.968750
568	-0.937500	0.968750
569	-1.000000	1.000000
570	-1.000000	1.000000
571	-1.000000	1.000000
572	-1.000000	1.000000
573	-1.000000	1.000000
574	-0.875000	0.937500
575	-1.000000	1.000000
576	-0.812500	0.906250
577	-0.875000	0.906250
578	-1.000000	1.000000
579	-1.000000	1.000000
580	-0.812500	0.906250
581	-1.000000	1.000000
582	-1.000000	1.000000
583	-1.000000	1.000000
584	-1.000000	1.000000
585	-1.000000	1.000000
586	-0.906250	0.937500
587	-0.906250	0.937500
588	-0.656250	0.593750
589	-1.000000	1.000000
590	-1.000000	1.000000
591	-0.906250	0.937500
592	-0.937500	0.968750
593	-1.000000	1.000000
594	-1.000000	1.000000
595	-1.000000	1.000000
596	-0.875000	0.937500
597	-0.937500	0.968750
598	-1.000000	1.000000
599	-1.000000	1.000000
600	-0.937500	0.968750
601	-1.000000	1.000000
602	-0.937500	0.968750
603	-0.875000	0.937500
604	-0.937500	0.968750
605	-0.937500	0.968750
606	-0.937500	0.968750
607	-1.000000	1.000000
608	-1.000000	1.000000
609	-1.000000	1.000000
610	-0.937500	0.968750
611	-0.875000	0.937500
612	-1.000000	1.000000
613	-0.875000	0.937500
614	-0.875000	0.906250
615	-0.937500	0.968750
616	-1.000000	1.000000
617	-0.937500	0.968750
618	-1.000000	1.000000
619	-1.000000	1.000000
620	-0.875000	0.906250
621	-0.843750	0.875000
622	-0.843750	0.906250
623	-1.000000	1.000000
624	-1.000000	1.000000
625	-0.937500	0.968750
626	-1.000000	1.000000
627	-1.000000	1.000000
628	-0.906250	0.937500
629	-1.000000	1.000000
630	-1.000000	1.000000
631	-0.937500	0.968750
632	-0.875000	0.937500
633	-0.937500	0.968750
634	-0.937500	0.968750
635	-1.000000	1.000000
636	-1.000000	1.000000
637	-1.000000	1.000000
638	-0.937500	0.968750
639	-1.000000	1.000000
640	-0.812500	0.906250
641	-1.000000	1.000000
642	-0.937500	0.968750
643	-1.000000	1.000000
644	-0.937500	0.968750
645	-0.937500	0.968750
646	-0.937500	0.968750
647	-1.000000	1.000000
648	-1.000000	1.000000
649	-1.000000	1.000000
650	-1.000000	1.000000
651	-0.937500	0.968750
652	-0.937500	0.968750
653	-1.000000	1.000000
654	-1.000000	1.000000
655	-0.937500	0.968750
656	-0.906250	0.937500
657	-1.000000	1.000000
658	-1.000000	1.000000
659	-0.937500	0.968750
660	-1.000000	1.000000
661	-0.937500	0.968750
662	-1.000000	1.000000
663	-0.937500	0.968750
664	-1.000000	1.000000
665	-1.000000	1.000000
666	-1.000000	1.000000
667	-1.000000	1.000000
668	-0.875000	0.906250
669	-1.000000	1.000000
670	-0.875000	0.937500
671	-1.000000	1.000000
672	-0.875000	0.937500
673	-0.843750	0.906250
674	-0.937500	0.968750
675	-0.937500	0.968750
676	-0.843750	0.906250
677	-0.937500	0.968750
678	-0.937500	0.968750
679	-1.000000	1.000000
680	-0.937500	0.968750
681	-0.875000	0.937500
682	-1.000000	1.000000
683	-0.875000	0.937500
684	-1.000000	1.000000
685	-1.000000	1.000000
686	-1.000000	1.000000
687	-0.937500	0.968750
688	-1.000000	1.000000
689	-1.000000	1.000000
690	-0.812500	0.843750
691	-1.000000	1.000000
692	-0.937500	0.968750
693	-1.000000	1.000000
694	-1.000000	1.000000
695	-0.937500	0.968750
696	-1.000000	1.000000
697	-1.000000	1.000000
698	-0.937500	0.968750
699	-0.750000	0.843750
700	-1.000000	1.000000
701	-1.000000	1.000000
702	-0.937500	0.968750
703	-0.937500	0.968750
704	-1.000000	1.000000
705	-0.843750	0.843750
706	-1.000000	1.000000
707	-1.000000	1.000000
708	-1.000000	1.000000
709	-0.937500	0.968750
710	-0.812500	0.812500
711	-1.000000	1.000000
712	-0.625000	0.781250
713	-0.937500	0.968750
714	-0.937500	0.968750
715	-1.000000	1.000000
716	-1.000000	1.000000
717	-0.937500	0.968750
718	-1.000000	1.000000
719	-1.000000	1.000000
720	-1.000000	1.000000
721	-0.812500	0.906250
722	-1.000000	1.000000
723	-1.000000	1.000000
724	-0.906250	0.937500
725	-1.000000	1.000000
726	-0.875000	0.937500
727	-1.000000	1.000000
728	-1.000000	1.000000
729	-1.000000	1.000000
730	-0.937500	0.968750
731	-1.000000	1.000000
732	-1.000000	1.000000
733	-0.875000	0.937500
734	-1.000000	1.000000
735	-0.937500	0.968750
736	-0.937500	0.968750
737	-1.000000	1.000000
738	-0.937500	0.968750
739	-0.718750	0.687500
740	-1.000000	1.000000
741	-1.000000	1.000000
742	-1.000000	1.000000
743	-1.000000	1.000000
744	-1.000000	1.000000
745	-0.937500	0.968750
746	-0.937500	0.968750
747	-1.000000	1.000000
748	-0.937500	0.968750
749	-0.937500	0.968750
750	-1.000000	1.000000
751	-1.000000	1.000000
752	-0.812500	0.906250
753	-0.750000	0.843750
754	-1.000000	1.000000
755	-0.937500	0.968750
756	-1.000000	1.000000
757	-1.000000	1.000000
758	-0.875000	0.875000
759	-1.000000	1.000000
760	-0.937500	0.968750
761	-0.937500	0.968750
762	-1.000000	1.000000
763	-0.937500	0.968750
764	-1.000000	1.000000
765	-0.937500	0.968750
766	-1.000000	1.000000
767	-0.906250	0.937500
768	-1.000000	1.000000
769	-0.875000	0.937500
770	-1.000000	1.000000
771	-0.937500	0.968750
772	-0.875000	0.937500
773	-0.937500	0.968750
774	-0.875000	0.906250
775	-0.875000	0.937500
776	-0.937500	0.968750
777	-0.937500	0.968750
778	-1.000000	1.000000
779	-1.000000	1.000000
780	-0.937500	0.968750
781	-0.937500	0.968750
782	-1.000000	1.000000
783	-1.000000	1.000000
784	-1.000000	1.000000
785	-1.000000	1.000000
786	-0.937500	0.968750
787	-1.000000	1.000000
788	-1.000000	1.000000
789	-0.781250	0.843750
790	-1.000000	1.000000
791	-1.000000	1.000000
792	-0.937500	0.968750
793	-0.843750	0.906250
794	-1.000000	1.000000
795	-0.937500	0.968750
796	-1.000000	1.000000
797	-0.937500	0.968750
798	-1.000000	1.000000
799	-1.000000	1.000000
800	-1.000000	1.000000
801	-0.937500	0.968750
802	-1.000000	1.000000
803	-1.000000	1.000000
804	-1.000000	1.000000
805	-1.000000	1.000000
806	-1.000000	1.000000
807	-0.937500	0.968750
808	-1.000000	1.000000
809	-1.000000	1.000000
810	-1.000000	1.000000
811	-0.937500	0.968750
812	-0.937500	0.968750
813	-0.937500	0.968750
814	-0.812500	0.843750
815	-1.000000	1.000000
816	-1.000000	1.000000
817	-0.875000	0.937500
818	-0.875000	0.906250
819	-1.000000	1.000000
820	-1.000000	1.000000
821	-1.000000	1.000000
822	-0.687500	0.812500
823	-0.937500	0.968750
824	-0.937500	0.968750
825	-0.937500	0.968750
826	-0.937500	0.968750
827	-1.000000	1.000000
828	-0.937500	0.968750
829	-0.875000	0.906250
830	-1.000000	1.000000
831	-1.000000	1.000000
832	-0.937500	0.968750
833	-0.875000	0.906250
834	-0.937500	0.968750
835	-1.000000	1.000000
836	-1.000000	1.000000
837	-1.000000	1.000000
838	-0.906250	0.937500
839	-0.843750	0.906250
840	-1.000000	1.000000
841	-0.843750	0.906250
842	-0.875000	0.937500
843	-0.875000	0.937500
844	-0.875000	0.937500
845	-0.937500	0.968750
846	-1.000000	1.000000
847	-0.906250	0.937500
848	-0.937500	0.968750
849	-1.000000	1.000000
850	-0.937500	0.968750
851	-1.000000	1.000000
852	-0.937500	0.968750
853	-0.937500	0.968750
854	-1.000000	1.000000
855	-0.875000	0.937500
856	-0.937500	0.968750
857	-0.937500	0.968750
858	-1.000000	1.000000
859	-1.000000	1.000000
860	-0.937500	0.968750
861	-1.000000	1.000000
862	-0.875000	0.937500
863	-0.875000	0.937500
864	-1.000000	1.000000
865	-0.906250	0.937500
866	-0.937500	0.968750
867	-1.000000	1.000000
868	-0.937500	0.968750
869	-1.000000	1.000000
870	-1.000000	1.000000
871	-0.937500	0.968750
872	-0.875000	0.937500
873	-1.000000	1.000000
874	-0.937500	0.968750
875	-0.937500	0.968750
876	-0.781250	0.843750
877	-0.937500	0.968750
878	-0.906250	0.937500
879	-1.000000	1.000000
880	-0.781250	0.875000
881	-1.000000	1.000000
882	-0.937500	0.968750
883	-0.937500	0.968750
884	-0.875000	0.937500
885	-0.906250	0.937500
886	-1.000000	1.000000
887	-0.937500	0.968750
888	-1.000000	1.000000
889	-1.000000	1.000000
890	-1.000000	1.000000
891	-0.937500	0.968750
892	-0.812500	0.906250
893	-0.906250	0.937500
894	-0.937500	0.968750
895	-1.000000	1.000000
896	-1.000000	1.000000
897	-1.000000	1.000000
898	-0.875000	0.937500
899	-1.000000	1.000000
900	-0.875000	0.937500
901	-1.000000	1.000000
902	-1.000000	1.000000
903	-1.000000	1.000000
904	-0.875000	0.906250
905	-1.000000	1.000000
906	-1.000000	1.000000
907	-1.000000	1.000000
908	-1.000000	1.000000
909	-1.000000	1.000000
910	-0.937500	0.968750
911	-1.000000	1.000000
912	-1.000000	1.000000
913	-1.000000	1.000000
914	-0.937500	0.968750
915	-0.937500	0.968750
916	-0.875000	0.937500
917	-0.843750	0.906250
918	-0.937500	0.968750
919	-1.000000	1.000000
920	-1.000000	1.000000
921	-0.906250	0.937500
922	-1.000000	1.000000
923	-1.000000	1.000000
924	-1.000000	1.000000
925	-1.000000	1.000000
926	-0.843750	0.875000
927	-1.000000	1.000000
928	-0.906250	0.937500
929	-1.000000	1.000000
930	-0.906250	0.937500
931	-0.843750	0.906250
932	-1.000000	1.000000
933	-1.000000	1.000000
934	-0.875000	0.937500
935	-0.906250	0.937500
936	-1.000000	1.000000
937	-0.937500	0.968750
938	-1.000000	1.000000
939	-0.937500	0.968750
940	-0.937500	0.968750
941	-0.937500	0.968750
942	-1.000000	1.000000
943	-1.000000	1.000000
944	-1.000000	1.000000
945	-1.000000	1.000000
946	-0.875000	0.937500
947	-1.000000	1.000000
948	-0.937500	0.968750
949	-1.000000	1.000000
950	-0.843750	0.906250
951	-0.937500	0.968750
952	-1.000000	1.000000
953	-0.937500	0.968750
954	-0.937500	0.968750
955	-0.906250	0.937500
956	-1.000000	1.000000
957	-0.937500	0.968750
958	-0.906250	0.937500
959	-0.937500	0.968750
960	-0.937500	0.968750
961	-1.000000	1.000000
962	-1.000000	1.000000
963	-0.875000	0.937500
964	-1.000000	1.000000
965	-0.937500	0.968750
966	-1.000000	1.000000
967	-0.875000	0.937500
968	-0.937500	0.968750
969	-1.000000	1.000000
970	-1.000000	1.000000
971	-0.875000	0.906250
972	-0.843750	0.906250
973	-0.937500	0.968750
974	-0.937500	0.968750
975	-1.000000	1.000000
976	-0.937500	0.968750
977	-0.843750	0.906250
978	-1.000000	1.000000
979	-0.937500	0.968750
980	-0.937500	0.968750
981	-1.000000	1.000000
982	-0.906250	0.937500
983	-1.000000	1.000000
984	-0.937500	0.968750
985	-0.843750	0.843750
986	-0.875000	0.937500
987	-0.937500	0.968750
988	-0.937500	0.968750
989	-1.000000	1.000000
990	-0.875000	0.906250
991	-1.000000	1.000000
992	-1.000000	1.000000
993	-1.000000	1.000000
994	-1.000000	1.000000
995	-0.937500	0.968750
996	-0.937500	0.968750
997	-0.875000	0.937500
998	-1.000000	1.000000
999	-1.000000	1.000000
