0	-1.000000	1.000000
1	-0.937500	0.968750
2	-1.000000	1.000000
3	-0.875000	0.937500
4	-0.937500	0.968750
5	-0.937500	0.968750
6	-1.000000	1.000000
7	-1.000000	1.000000
8	-1.000000	1.000000
9	-1.000000	1.000000
10	-1.000000	1.000000
11	-1.000000	1.000000
12	-1.000000	1.000000
13	-1.000000	1.000000
14	-1.000000	1.000000
15	-1.000000	1.000000
16	-0.937500	0.968750
17	-0.906250	0.937500
18	-0.875000	0.937500
19	-0.906250	0.937500
20	-0.875000	0.937500
21	-1.000000	1.000000
22	-1.000000	1.000000
23	-0.937500	0.968750
24	-1.000000	1.000000
25	-0.937500	0.968750
26	-1.000000	1.000000
27	-1.000000	1.000000
28	-0.875000	0.937500
29	-0.937500	0.968750
30	-0.812500	0.906250
31	-0.937500	0.968750
32	-1.000000	1.000000
33	-1.000000	1.000000
34	-1.000000	1.000000
35	-1.000000	1.000000
36	-0.906250	0.937500
37	-1.000000	1.000000
38	-1.000000	1.000000
39	-1.000000	1.000000
40	-0.937500	0.968750
41	-1.000000	1.000000
42	-0.937500	0.968750
43	-1.000000	1.000000
44	-1.000000	1.000000
45	-1.000000	1.000000
46	-1.000000	1.000000
47	-1.000000	1.000000
48	-0.875000	0.937500
49	-1.000000	1.000000
50	-0.937500	0.968750
51	-1.000000	1.000000
52	-1.000000	1.000000
53	-1.000000	1.000000
54	-1.000000	1.000000
55	-1.000000	1.000000
56	-1.000000	1.000000
57	-1.000000	1.000000
58	-1.000000	1.000000
59	-1.000000	1.000000
60	-1.000000	1.000000
61	-1.000000	1.000000
62	-1.000000	1.000000
63	-1.000000	1.000000
64	-0.906250	0.937500
65	-1.000000	1.000000
66	-0.937500	0.968750
67	-0.875000	0.937500
68	-1.000000	1.000000
69	-1.000000	1.000000
70	-0.937500	0.968750
71	-0.843750	0.906250
72	-0.937500	0.968750
73	-1.000000	1.000000
74	-0.937500	0.968750
75	-0.875000	0.937500
76	-0.937500	0.968750
77	-1.000000	1.000000
78	-0.937500	0.968750
79	-1.000000	1.000000
80	-0.937500	0.968750
81	-0.937500	0.968750
82	-1.000000	1.000000
83	-1.000000	1.000000
84	-1.000000	1.000000
85	-1.000000	1.000000
86	-0.906250	0.937500
87	-0.937500	0.968750
88	-1.000000	1.000000
89	-1.000000	1.000000
90	-0.781250	0.875000
91	-1.000000	1.000000
92	-1.000000	1.000000
93	-0.906250	0.937500
94	-1.000000	1.000000
95	-1.000000	1.000000
96	-1.000000	1.000000
97	-1.000000	1.000000
98	-1.000000	1.000000
99	-1.000000	1.000000
100	-1.000000	1.000000
101	-1.000000	1.000000
102	-1.000000	1.000000
103	-0.906250	0.937500
104	-1.000000	1.000000
105	-0.937500	0.968750
106	-0.937500	0.968750
107	-1.000000	1.000000
108	-1.000000	1.000000
109	-1.000000	1.000000
110	-1.000000	1.000000
111	-1.000000	1.000000
112	-1.000000	1.000000
113	-1.000000	1.000000
114	-0.875000	0.937500
115	-1.000000	1.000000
116	-1.000000	1.000000
117	-1.000000	1.000000
118	-0.906250	0.937500
119	-1.000000	1.000000
120	-0.937500	0.968750
121	-1.000000	1.000000
122	-1.000000	1.000000
123	-0.937500	0.968750
124	-1.000000	1.000000
125	-1.000000	1.000000
126	-0.937500	0.968750
127	-1.000000	1.000000
128	-0.937500	0.968750
129	-1.000000	1.000000
130	-1.000000	1.000000
131	-0.937500	0.968750
132	-1.000000	1.000000
133	-0.906250	0.937500
134	-1.000000	1.000000
135	-1.000000	1.000000
136	-0.875000	0.906250
137	-0.937500	0.968750
138	-1.000000	1.000000
139	-1.000000	1.000000
140	-1.000000	1.000000
141	-1.000000	1.000000
142	-1.000000	1.000000
143	-1.000000	1.000000
144	-1.000000	1.000000
145	-0.937500	0.968750
146	-1.000000	1.000000
147	-0.937500	0.968750
148	-1.000000	1.000000
149	-1.000000	1.000000
150	-1.000000	1.000000
151	-0.843750	0.906250
152	-1.000000	1.000000
153	-1.000000	1.000000
154	-1.000000	1.000000
155	-0.843750	0.906250
156	-1.000000	1.000000
157	-0.937500	0.968750
158	-1.000000	1.000000
159	-1.000000	1.000000
160	-0.937500	0.968750
161	-1.000000	1.000000
162	-1.000000	1.000000
163	-1.000000	1.000000
164	-1.000000	1.000000
165	-1.000000	1.000000
166	-0.937500	0.968750
167	-1.000000	1.000000
168	-1.000000	1.000000
169	-0.875000	0.937500
170	-1.000000	1.000000
171	-1.000000	1.000000
172	-1.000000	1.000000
173	-1.000000	1.000000
174	-0.937500	0.968750
175	-1.000000	1.000000
176	-1.000000	1.000000
177	-1.000000	1.000000
178	-0.937500	0.968750
179	-1.000000	1.000000
180	-1.000000	1.000000
181	-1.000000	1.000000
182	-0.937500	0.968750
183	-1.000000	1.000000
184	-0.937500	0.968750
185	-1.000000	1.000000
186	-1.000000	1.000000
187	-1.000000	1.000000
188	-0.906250	0.937500
189	-0.937500	0.968750
190	-1.000000	1.000000
191	-1.000000	1.000000
192	-0.875000	0.937500
193	-1.000000	1.000000
194	-0.937500	0.968750
195	-1.000000	1.000000
196	-1.000000	1.000000
197	-1.000000	1.000000
198	-0.875000	0.937500
199	-1.000000	1.000000
200	-1.000000	1.000000
201	-1.000000	1.000000
202	-0.843750	0.906250
203	-1.000000	1.000000
204	-0.937500	0.968750
205	-1.000000	1.000000
206	-1.000000	1.000000
207	-1.000000	1.000000
208	-1.000000	1.000000
209	-1.000000	1.000000
210	-1.000000	1.000000
211	-1.000000	1.000000
212	-1.000000	1.000000
213	-1.000000	1.000000
214	-1.000000	1.000000
215	-1.000000	1.000000
216	-0.937500	0.968750
217	-1.000000	1.000000
218	-1.000000	1.000000
219	-1.000000	1.000000
220	-1.000000	1.000000
221	-1.000000	1.000000
222	-0.937500	0.968750
223	-1.000000	1.000000
224	-0.937500	0.968750
225	-1.000000	1.000000
226	-0.937500	0.968750
227	-0.937500	0.968750
228	-0.906250	0.937500
229	-1.000000	1.000000
230	-1.000000	1.000000
231	-0.906250	0.937500
232	-0.937500	0.968750
233	-0.937500	0.968750
234	-1.000000	1.000000
235	-1.000000	1.000000
236	-1.000000	1.000000
237	-0.937500	0.968750
238	-1.000000	1.000000
239	-1.000000	1.000000
240	-0.937500	0.968750
241	-1.000000	1.000000
242	-0.937500	0.968750
243	-1.000000	1.000000
244	-1.000000	1.000000
245	-1.000000	1.000000
246	-0.937500	0.968750
247	-1.000000	1.000000
248	-0.937500	0.968750
249	-1.000000	1.000000
250	-1.000000	1.000000
251	-0.937500	0.968750
252	-1.000000	1.000000
253	-0.875000	0.937500
254	-0.906250	0.937500
255	-0.875000	0.937500
256	-0.937500	0.968750
257	-1.000000	1.000000
258	-1.000000	1.000000
259	-1.000000	1.000000
260	-1.000000	1.000000
261	-1.000000	1.000000
262	-1.000000	1.000000
263	-0.812500	0.812500
264	-0.937500	0.968750
265	-1.000000	1.000000
266	-0.906250	0.937500
267	-1.000000	1.000000
268	-1.000000	1.000000
269	-1.000000	1.000000
270	-1.000000	1.000000
271	-1.000000	1.000000
272	-1.000000	1.000000
273	-1.000000	1.000000
274	-1.000000	1.000000
275	-1.000000	1.000000
276	-1.000000	1.000000
277	-0.937500	0.968750
278	-0.937500	0.968750
279	-1.000000	1.000000
280	-1.000000	1.000000
281	-1.000000	1.000000
282	-1.000000	1.000000
283	-0.812500	0.906250
284	-1.000000	1.000000
285	-0.937500	0.968750
286	-0.906250	0.937500
287	-1.000000	1.000000
288	-0.937500	0.968750
289	-1.000000	1.000000
290	-1.000000	1.000000
291	-1.000000	1.000000
292	-1.000000	1.000000
293	-0.937500	0.968750
294	-1.000000	1.000000
295	-0.937500	0.968750
296	-1.000000	1.000000
297	-1.000000	1.000000
298	-1.000000	1.000000
299	-1.000000	1.000000
300	-0.937500	0.968750
301	-1.000000	1.000000
302	-0.937500	0.968750
303	-0.937500	0.968750
304	-1.000000	1.000000
305	-1.000000	1.000000
306	-1.000000	1.000000
307	-0.906250	0.937500
308	-0.937500	0.968750
309	-1.000000	1.000000
310	-1.000000	1.000000
311	-1.000000	1.000000
312	-1.000000	1.000000
313	-1.000000	1.000000
314	-1.000000	1.000000
315	-1.000000	1.000000
316	-1.000000	1.000000
317	-1.000000	1.000000
318	-1.000000	1.000000
319	-0.937500	0.968750
320	-1.000000	1.000000
321	-0.875000	0.906250
322	-1.000000	1.000000
323	-1.000000	1.000000
324	-1.000000	1.000000
325	-1.000000	1.000000
326	-1.000000	1.000000
327	-1.000000	1.000000
328	-1.000000	1.000000
329	-0.906250	0.937500
330	-1.000000	1.000000
331	-1.000000	1.000000
332	-1.000000	1.000000
333	-0.875000	0.937500
334	-0.875000	0.937500
335	-1.000000	1.000000
336	-1.000000	1.000000
337	-1.000000	1.000000
338	-1.000000	1.000000
339	-1.000000	1.000000
340	-1.000000	1.000000
341	-1.000000	1.000000
342	-1.000000	1.000000
343	-0.937500	0.968750
344	-1.000000	1.000000
345	-1.000000	1.000000
346	-0.906250	0.937500
347	-1.000000	1.000000
348	-0.937500	0.968750
349	-0.906250	0.937500
350	-1.000000	1.000000
351	-1.000000	1.000000
352	-1.000000	1.000000
353	-1.000000	1.000000
354	-1.000000	1.000000
355	-0.937500	0.968750
356	-1.000000	1.000000
357	-1.000000	1.000000
358	-1.000000	1.000000
359	-1.000000	1.000000
360	-1.000000	1.000000
361	-0.937500	0.968750
362	-1.000000	1.000000
363	-1.000000	1.000000
364	-0.875000	0.937500
365	-1.000000	1.000000
366	-1.000000	1.000000
367	-1.000000	1.000000
368	-0.937500	0.968750
369	-1.000000	1.000000
370	-1.000000	1.000000
371	-1.000000	1.000000
372	-1.000000	1.000000
373	-1.000000	1.000000
374	-1.000000	1.000000
375	-1.000000	1.000000
376	-0.937500	0.968750
377	-1.000000	1.000000
378	-1.000000	1.000000
379	-1.000000	1.000000
380	-1.000000	1.000000
381	-1.000000	1.000000
382	-1.000000	1.000000
383	-0.937500	0.968750
384	-1.000000	1.000000
385	-1.000000	1.000000
386	-1.000000	1.000000
387	-1.000000	1.000000
388	-1.000000	1.000000
389	-1.000000	1.000000
390	-1.000000	1.000000
391	-0.937500	0.968750
392	-1.000000	1.000000
393	-1.000000	1.000000
394	-1.000000	1.000000
395	-1.000000	1.000000
396	-1.000000	1.000000
397	-1.000000	1.000000
398	-1.000000	1.000000
399	-0.937500	0.968750
400	-1.000000	1.000000
401	-1.000000	1.000000
402	-1.000000	1.000000
403	-1.000000	1.000000
404	-1.000000	1.000000
405	-1.000000	1.000000
406	-1.000000	1.000000
407	-0.937500	0.968750
408	-0.937500	0.968750
409	-1.000000	1.000000
410	-0.937500	0.968750
411	-1.000000	1.000000
412	-1.000000	1.000000
413	-1.000000	1.000000
414	-1.000000	1.000000
415	-0.937500	0.968750
416	-0.937500	0.968750
417	-1.000000	1.000000
418	-0.937500	0.968750
419	-1.000000	1.000000
420	-1.000000	1.000000
421	-1.000000	1.000000
422	-0.937500	0.968750
423	-1.000000	1.000000
424	-1.000000	1.000000
425	-1.000000	1.000000
426	-1.000000	1.000000
427	-1.000000	1.000000
428	-1.000000	1.000000
429	-1.000000	1.000000
430	-1.000000	1.000000
431	-1.000000	1.000000
432	-1.000000	1.000000
433	-1.000000	1.000000
434	-1.000000	1.000000
435	-1.000000	1.000000
436	-0.937500	0.968750
437	-0.937500	0.968750
438	-1.000000	1.000000
439	-1.000000	1.000000
440	-0.937500	0.968750
441	-0.937500	0.968750
442	-1.000000	1.000000
443	-0.937500	0.968750
444	-1.000000	1.000000
445	-1.000000	1.000000
446	-0.843750	0.906250
447	-1.000000	1.000000
448	-1.000000	1.000000
449	-0.937500	0.968750
450	-0.937500	0.968750
451	-1.000000	1.000000
452	-1.000000	1.000000
453	-1.000000	1.000000
454	-1.000000	1.000000
455	-0.781250	0.875000
456	-1.000000	1.000000
457	-1.000000	1.000000
458	-0.937500	0.968750
459	-1.000000	1.000000
460	-1.000000	1.000000
461	-1.000000	1.000000
462	-0.937500	0.968750
463	-1.000000	1.000000
464	-0.781250	0.875000
465	-1.000000	1.000000
466	-1.000000	1.000000
467	-1.000000	1.000000
468	-1.000000	1.000000
469	-1.000000	1.000000
470	-0.937500	0.968750
471	-1.000000	1.000000
472	-1.000000	1.000000
473	-0.875000	0.937500
474	-1.000000	1.000000
475	-1.000000	1.000000
476	-1.000000	1.000000
477	-0.875000	0.937500
478	-1.000000	1.000000
479	-0.937500	0.968750
480	-1.000000	1.000000
481	-1.000000	1.000000
482	-0.937500	0.968750
483	-1.000000	1.000000
484	-1.000000	1.000000
485	-0.937500	0.968750
486	-1.000000	1.000000
487	-1.000000	1.000000
488	-0.937500	0.968750
489	-1.000000	1.000000
490	-1.000000	1.000000
491	-1.000000	1.000000
492	-1.000000	1.000000
493	-0.937500	0.968750
494	-1.000000	1.000000
495	-0.937500	0.968750
496	-0.937500	0.968750
497	-1.000000	1.000000
498	-0.875000	0.937500
499	-1.000000	1.000000
500	-1.000000	1.000000
501	-0.937500	0.968750
502	-0.875000	0.937500
503	-1.000000	1.000000
504	-1.000000	1.000000
505	-1.000000	1.000000
506	-0.937500	0.968750
507	-1.000000	1.000000
508	-1.000000	1.000000
509	-1.000000	1.000000
510	-1.000000	1.000000
511	-1.000000	1.000000
512	-1.000000	1.000000
513	-1.000000	1.000000
514	-1.000000	1.000000
515	-1.000000	1.000000
516	-1.000000	1.000000
517	-1.000000	1.000000
518	-0.937500	0.968750
519	-1.000000	1.000000
520	-1.000000	1.000000
521	-0.937500	0.968750
522	-1.000000	1.000000
523	-1.000000	1.000000
524	-1.000000	1.000000
525	-0.937500	0.968750
526	-0.906250	0.937500
527	-1.000000	1.000000
528	-1.000000	1.000000
529	-1.000000	1.000000
530	-1.000000	1.000000
531	-1.000000	1.000000
532	-1.000000	1.000000
533	-0.937500	0.968750
534	-1.000000	1.000000
535	-0.937500	0.968750
536	-0.812500	0.906250
537	-1.000000	1.000000
538	-0.937500	0.968750
539	-1.000000	1.000000
540	-1.000000	1.000000
541	-0.906250	0.937500
542	-1.000000	1.000000
543	-1.000000	1.000000
544	-0.937500	0.968750
545	-1.000000	1.000000
546	-1.000000	1.000000
547	-1.000000	1.000000
548	-0.937500	0.968750
549	-0.906250	0.937500
550	-0.937500	0.968750
551	-1.000000	1.000000
552	-0.937500	0.968750
553	-1.000000	1.000000
554	-1.000000	1.000000
555	-1.000000	1.000000
556	-1.000000	1.000000
557	-0.937500	0.968750
558	-1.000000	1.000000
559	-0.875000	0.937500
560	-1.000000	1.000000
561	-0.937500	0.968750
562	-1.000000	1.000000
563	-0.937500	0.968750
564	-0.937500	0.968750
565	-1.000000	1.000000
566	-1.000000	1.000000
567	-1.000000	1.000000
568	-0.875000	0.937500
569	-1.000000	1.000000
570	-1.000000	1.000000
571	-1.000000	1.000000
572	-1.000000	1.000000
573	-1.000000	1.000000
574	-0.937500	0.968750
575	-0.937500	0.968750
576	-1.000000	1.000000
577	-1.000000	1.000000
578	-1.000000	1.000000
579	-1.000000	1.000000
580	-0.937500	0.968750
581	-1.000000	1.000000
582	-1.000000	1.000000
583	-1.000000	1.000000
584	-1.000000	1.000000
585	-1.000000	1.000000
586	-0.875000	0.937500
587	-1.000000	1.000000
588	-0.875000	0.937500
589	-1.000000	1.000000
590	-0.906250	0.937500
591	-0.937500	0.968750
592	-0.937500	0.968750
593	-1.000000	1.000000
594	-0.937500	0.968750
595	-1.000000	1.000000
596	-0.875000	0.937500
597	-0.937500	0.968750
598	-0.843750	0.906250
599	-0.875000	0.937500
600	-1.000000	1.000000
601	-1.000000	1.000000
602	-1.000000	1.000000
603	-1.000000	1.000000
604	-1.000000	1.000000
605	-1.000000	1.000000
606	-1.000000	1.000000
607	-0.937500	0.968750
608	-1.000000	1.000000
609	-1.000000	1.000000
610	-1.000000	1.000000
611	-1.000000	1.000000
612	-0.906250	0.937500
613	-1.000000	1.000000
614	-1.000000	1.000000
615	-1.000000	1.000000
616	-0.937500	0.968750
617	-0.937500	0.968750
618	-1.000000	1.000000
619	-1.000000	1.000000
620	-0.937500	0.968750
621	-0.875000	0.937500
622	-0.843750	0.906250
623	-1.000000	1.000000
624	-1.000000	1.000000
625	-0.937500	0.968750
626	-0.781250	0.875000
627	-0.875000	0.937500
628	-1.000000	1.000000
629	-1.000000	1.000000
630	-1.000000	1.000000
631	-1.000000	1.000000
632	-1.000000	1.000000
633	-1.000000	1.000000
634	-1.000000	1.000000
635	-1.000000	1.000000
636	-0.875000	0.937500
637	-0.937500	0.968750
638	-0.875000	0.937500
639	-1.000000	1.000000
640	-1.000000	1.000000
641	-1.000000	1.000000
642	-1.000000	1.000000
643	-1.000000	1.000000
644	-1.000000	1.000000
645	-1.000000	1.000000
646	-1.000000	1.000000
647	-1.000000	1.000000
648	-1.000000	1.000000
649	-1.000000	1.000000
650	-0.906250	0.937500
651	-0.937500	0.968750
652	-0.937500	0.968750
653	-0.937500	0.968750
654	-1.000000	1.000000
655	-1.000000	1.000000
656	-1.000000	1.000000
657	-1.000000	1.000000
658	-1.000000	1.000000
659	-1.000000	1.000000
660	-1.000000	1.000000
661	-1.000000	1.000000
662	-0.937500	0.968750
663	-1.000000	1.000000
664	-1.000000	1.000000
665	-0.937500	0.968750
666	-0.937500	0.968750
667	-1.000000	1.000000
668	-1.000000	1.000000
669	-1.000000	1.000000
670	-1.000000	1.000000
671	-1.000000	1.000000
672	-1.000000	1.000000
673	-1.000000	1.000000
674	-1.000000	1.000000
675	-0.937500	0.968750
676	-1.000000	1.000000
677	-1.000000	1.000000
678	-1.000000	1.000000
679	-1.000000	1.000000
680	-1.000000	1.000000
681	-0.906250	0.937500
682	-1.000000	1.000000
683	-1.000000	1.000000
684	-1.000000	1.000000
685	-1.000000	1.000000
686	-1.000000	1.000000
687	-0.937500	0.968750
688	-0.937500	0.968750
689	-1.000000	1.000000
690	-0.937500	0.968750
691	-1.000000	1.000000
692	-0.812500	0.906250
693	-1.000000	1.000000
694	-1.000000	1.000000
695	-1.000000	1.000000
696	-1.000000	1.000000
697	-1.000000	1.000000
698	-0.906250	0.937500
699	-0.937500	0.968750
700	-1.000000	1.000000
701	-1.000000	1.000000
702	-0.937500	0.968750
703	-0.937500	0.968750
704	-1.000000	1.000000
705	-1.000000	1.000000
706	-1.000000	1.000000
707	-1.000000	1.000000
708	-1.000000	1.000000
709	-1.000000	1.000000
710	-1.000000	1.000000
711	-0.812500	0.906250
712	-1.000000	1.000000
713	-1.000000	1.000000
714	-0.937500	0.968750
715	-0.937500	0.968750
716	-1.000000	1.000000
717	-0.937500	0.968750
718	-0.937500	0.968750
719	-0.937500	0.968750
720	-0.843750	0.906250
721	-0.937500	0.968750
722	-0.937500	0.968750
723	-1.000000	1.000000
724	-0.937500	0.968750
725	-1.000000	1.000000
726	-0.843750	0.906250
727	-1.000000	1.000000
728	-0.937500	0.968750
729	-1.000000	1.000000
730	-1.000000	1.000000
731	-0.937500	0.968750
732	-1.000000	1.000000
733	-1.000000	1.000000
734	-0.937500	0.968750
735	-1.000000	1.000000
736	-1.000000	1.000000
737	-0.937500	0.968750
738	-0.906250	0.937500
739	-0.937500	0.968750
740	-1.000000	1.000000
741	-1.000000	1.000000
742	-1.000000	1.000000
743	-1.000000	1.000000
744	-0.906250	0.937500
745	-0.937500	0.968750
746	-0.937500	0.968750
747	-1.000000	1.000000
748	-1.000000	1.000000
749	-1.000000	1.000000
750	-1.000000	1.000000
751	-1.000000	1.000000
752	-0.937500	0.968750
753	-0.937500	0.968750
754	-0.875000	0.937500
755	-0.937500	0.968750
756	-1.000000	1.000000
757	-1.000000	1.000000
758	-0.875000	0.937500
759	-1.000000	1.000000
760	-0.937500	0.968750
761	-1.000000	1.000000
762	-0.937500	0.968750
763	-0.906250	0.937500
764	-0.875000	0.937500
765	-0.875000	0.937500
766	-0.937500	0.968750
767	-1.000000	1.000000
768	-1.000000	1.000000
769	-1.000000	1.000000
770	-1.000000	1.000000
771	-1.000000	1.000000
772	-1.000000	1.000000
773	-1.000000	1.000000
774	-0.937500	0.968750
775	-0.937500	0.968750
776	-1.000000	1.000000
777	-0.937500	0.968750
778	-1.000000	1.000000
779	-1.000000	1.000000
780	-1.000000	1.000000
781	-1.000000	1.000000
782	-1.000000	1.000000
783	-1.000000	1.000000
784	-1.000000	1.000000
785	-1.000000	1.000000
786	-1.000000	1.000000
787	-1.000000	1.000000
788	-0.937500	0.968750
789	-0.937500	0.968750
790	-1.000000	1.000000
791	-1.000000	1.000000
792	-0.937500	0.968750
793	-1.000000	1.000000
794	-1.000000	1.000000
795	-0.937500	0.968750
796	-1.000000	1.000000
797	-0.937500	0.968750
798	-1.000000	1.000000
799	-1.000000	1.000000
800	-1.000000	1.000000
801	-1.000000	1.000000
802	-0.937500	0.968750
803	-1.000000	1.000000
804	-1.000000	1.000000
805	-0.937500	0.968750
806	-0.812500	0.906250
807	-1.000000	1.000000
808	-1.000000	1.000000
809	-1.000000	1.000000
810	-1.000000	1.000000
811	-1.000000	1.000000
812	-1.000000	1.000000
813	-1.000000	1.000000
814	-1.000000	1.000000
815	-1.000000	1.000000
816	-1.000000	1.000000
817	-1.000000	1.000000
818	-0.937500	0.968750
819	-1.000000	1.000000
820	-1.000000	1.000000
821	-1.000000	1.000000
822	-0.937500	0.968750
823	-0.906250	0.937500
824	-1.000000	1.000000
825	-0.812500	0.875000
826	-1.000000	1.000000
827	-1.000000	1.000000
828	-1.000000	1.000000
829	-0.843750	0.906250
830	-1.000000	1.000000
831	-1.000000	1.000000
832	-1.000000	1.000000
833	-1.000000	1.000000
834	-0.875000	0.937500
835	-0.937500	0.968750
836	-1.000000	1.000000
837	-1.000000	1.000000
838	-1.000000	1.000000
839	-0.875000	0.937500
840	-0.875000	0.937500
841	-1.000000	1.000000
842	-1.000000	1.000000
843	-1.000000	1.000000
844	-1.000000	1.000000
845	-1.000000	1.000000
846	-1.000000	1.000000
847	-0.937500	0.968750
848	-1.000000	1.000000
849	-0.875000	0.937500
850	-0.875000	0.937500
851	-0.750000	0.812500
852	-1.000000	1.000000
853	-0.937500	0.968750
854	-0.937500	0.968750
855	-1.000000	1.000000
856	-0.937500	0.968750
857	-0.937500	0.968750
858	-1.000000	1.000000
859	-1.000000	1.000000
860	-0.937500	0.968750
861	-1.000000	1.000000
862	-1.000000	1.000000
863	-1.000000	1.000000
864	-0.937500	0.968750
865	-1.000000	1.000000
866	-1.000000	1.000000
867	-1.000000	1.000000
868	-1.000000	1.000000
869	-1.000000	1.000000
870	-1.000000	1.000000
871	-1.000000	1.000000
872	-1.000000	1.000000
873	-1.000000	1.000000
874	-1.000000	1.000000
875	-1.000000	1.000000
876	-1.000000	1.000000
877	-1.000000	1.000000
878	-0.843750	0.906250
879	-1.000000	1.000000
880	-1.000000	1.000000
881	-1.000000	1.000000
882	-1.000000	1.000000
883	-1.000000	1.000000
884	-1.000000	1.000000
885	-0.906250	0.937500
886	-1.000000	1.000000
887	-1.000000	1.000000
888	-1.000000	1.000000
889	-1.000000	1.000000
890	-1.000000	1.000000
891	-0.812500	0.906250
892	-1.000000	1.000000
893	-1.000000	1.000000
894	-1.000000	1.000000
895	-1.000000	1.000000
896	-0.937500	0.968750
897	-1.000000	1.000000
898	-0.937500	0.968750
899	-0.937500	0.968750
900	-1.000000	1.000000
901	-1.000000	1.000000
902	-0.937500	0.968750
903	-0.937500	0.968750
904	-1.000000	1.000000
905	-0.937500	0.968750
906	-1.000000	1.000000
907	-1.000000	1.000000
908	-0.937500	0.968750
909	-1.000000	1.000000
910	-0.906250	0.937500
911	-0.875000	0.937500
912	-1.000000	1.000000
913	-1.000000	1.000000
914	-1.000000	1.000000
915	-0.937500	0.968750
916	-1.000000	1.000000
917	-1.000000	1.000000
918	-0.937500	0.968750
919	-1.000000	1.000000
920	-0.937500	0.968750
921	-1.000000	1.000000
922	-1.000000	1.000000
923	-0.937500	0.968750
924	-1.000000	1.000000
925	-1.000000	1.000000
926	-1.000000	1.000000
927	-1.000000	1.000000
928	-0.937500	0.968750
929	-1.000000	1.000000
930	-0.937500	0.968750
931	-1.000000	1.000000
932	-1.000000	1.000000
933	-0.937500	0.968750
934	-1.000000	1.000000
935	-1.000000	1.000000
936	-1.000000	1.000000
937	-0.875000	0.937500
938	-1.000000	1.000000
939	-1.000000	1.000000
940	-1.000000	1.000000
941	-1.000000	1.000000
942	-0.750000	0.875000
943	-1.000000	1.000000
944	-1.000000	1.000000
945	-1.000000	1.000000
946	-1.000000	1.000000
947	-1.000000	1.000000
948	-0.906250	0.937500
949	-1.000000	1.000000
950	-1.000000	1.000000
951	-0.906250	0.937500
952	-1.000000	1.000000
953	-1.000000	1.000000
954	-0.937500	0.968750
955	-1.000000	1.000000
956	-1.000000	1.000000
957	-1.000000	1.000000
958	-1.000000	1.000000
959	-1.000000	1.000000
960	-1.000000	1.000000
961	-1.000000	1.000000
962	-1.000000	1.000000
963	-1.000000	1.000000
964	-0.937500	0.968750
965	-1.000000	1.000000
966	-1.000000	1.000000
967	-0.937500	0.968750
968	-1.000000	1.000000
969	-1.000000	1.000000
970	-0.937500	0.968750
971	-1.000000	1.000000
972	-1.000000	1.000000
973	-1.000000	1.000000
974	-1.000000	1.000000
975	-1.000000	1.000000
976	-1.000000	1.000000
977	-1.000000	1.000000
978	-1.000000	1.000000
979	-1.000000	1.000000
980	-1.000000	1.000000
981	-0.937500	0.968750
982	-1.000000	1.000000
983	-1.000000	1.000000
984	-1.000000	1.000000
985	-1.000000	1.000000
986	-1.000000	1.000000
987	-0.906250	0.937500
988	-1.000000	1.000000
989	-1.000000	1.000000
990	-1.000000	1.000000
991	-1.000000	1.000000
992	-0.906250	0.937500
993	-1.000000	1.000000
994	-1.000000	1.000000
995	-1.000000	1.000000
996	-1.000000	1.000000
997	-1.000000	1.000000
998	-1.000000	1.000000
999	-0.875000	0.906250
