0	0.093750	0.093750
1	-0.031250	-0.062500
2	-0.125000	0.062500
3	-0.031250	-0.125000
4	-0.093750	0.000000
5	-0.031250	0.093750
6	-0.062500	0.250000
7	-0.031250	-0.093750
8	0.000000	-0.093750
9	0.031250	0.156250
10	-0.062500	-0.031250
11	0.031250	-0.031250
12	-0.031250	0.187500
13	-0.093750	-0.250000
14	-0.156250	0.031250
15	-0.125000	0.031250
16	-0.187500	-0.125000
17	-0.093750	-0.062500
18	-0.031250	0.000000
19	-0.031250	-0.093750
20	0.031250	0.093750
21	0.031250	-0.187500
22	0.000000	0.125000
23	-0.062500	0.000000
24	-0.062500	0.250000
25	-0.062500	0.000000
26	-0.062500	0.000000
27	0.093750	-0.156250
28	0.062500	0.093750
29	0.000000	-0.125000
30	-0.031250	0.000000
31	0.000000	-0.187500
32	-0.031250	0.000000
33	0.125000	0.156250
34	0.000000	0.062500
35	-0.156250	0.000000
36	-0.031250	0.031250
37	-0.062500	-0.125000
38	0.062500	0.031250
39	0.000000	0.093750
40	0.125000	-0.125000
41	-0.093750	-0.250000
42	-0.218750	0.250000
43	-0.031250	-0.031250
44	-0.062500	0.031250
45	0.031250	-0.031250
46	-0.093750	-0.281250
47	-0.093750	0.000000
48	-0.031250	0.062500
49	0.093750	-0.031250
50	0.062500	0.062500
51	0.093750	-0.093750
52	0.031250	0.000000
53	0.062500	-0.031250
54	0.000000	0.093750
55	0.093750	-0.125000
56	0.093750	-0.093750
57	0.062500	0.125000
58	0.093750	0.062500
59	0.000000	0.031250
60	-0.093750	0.093750
61	-0.093750	-0.218750
62	0.093750	0.031250
63	0.062500	-0.125000
64	0.000000	0.062500
65	0.000000	-0.062500
66	-0.031250	-0.156250
67	0.031250	0.062500
68	0.062500	-0.062500
69	-0.093750	-0.093750
70	-0.031250	0.093750
71	-0.062500	0.031250
72	0.031250	0.000000
73	0.000000	-0.187500
74	-0.093750	-0.031250
75	-0.031250	-0.218750
76	-0.125000	0.281250
77	0.031250	-0.125000
78	0.000000	-0.125000
79	0.125000	0.093750
80	-0.062500	0.000000
81	-0.125000	-0.187500
82	-0.031250	-0.062500
83	-0.093750	0.218750
84	0.125000	0.000000
85	0.093750	0.062500
86	0.062500	-0.031250
87	0.000000	-0.062500
88	0.000000	0.250000
89	0.031250	-0.156250
90	0.031250	0.062500
91	0.218750	0.031250
92	0.187500	0.000000
93	0.031250	0.187500
94	0.031250	-0.218750
95	0.156250	-0.093750
96	0.031250	0.062500
97	-0.031250	-0.093750
98	0.031250	0.093750
99	0.031250	0.031250
100	0.125000	-0.093750
101	0.156250	-0.031250
102	0.062500	0.000000
103	-0.062500	0.062500
104	0.093750	-0.031250
105	0.000000	0.031250
106	-0.093750	0.000000
107	-0.125000	0.031250
108	0.000000	-0.062500
109	-0.031250	-0.031250
110	-0.125000	0.156250
111	-0.031250	-0.093750
112	0.031250	0.093750
113	0.031250	-0.062500
114	0.031250	-0.062500
115	0.031250	-0.093750
116	0.031250	-0.031250
117	-0.093750	0.281250
118	0.031250	0.062500
119	0.031250	0.031250
120	0.031250	-0.187500
121	0.031250	0.125000
122	-0.062500	-0.156250
123	-0.125000	0.000000
124	0.000000	0.031250
125	-0.031250	0.000000
126	-0.031250	0.062500
127	-0.031250	-0.156250
128	-0.031250	-0.031250
129	-0.093750	0.000000
130	-0.062500	0.281250
131	-0.125000	-0.187500
132	-0.125000	0.031250
133	-0.093750	0.031250
134	-0.031250	0.000000
135	-0.031250	0.125000
136	0.000000	-0.125000
137	0.031250	0.093750
138	0.031250	-0.187500
139	0.031250	0.031250
140	-0.031250	0.125000
141	-0.031250	-0.187500
142	0.031250	0.187500
143	0.000000	-0.125000
144	-0.093750	0.000000
145	-0.125000	-0.093750
146	-0.156250	0.031250
147	-0.031250	0.218750
148	0.000000	-0.156250
149	-0.031250	0.156250
150	-0.093750	0.031250
151	-0.062500	0.000000
152	-0.062500	-0.187500
153	-0.093750	0.062500
154	-0.093750	0.000000
155	-0.062500	0.000000
156	-0.062500	-0.031250
157	-0.031250	0.000000
158	-0.093750	-0.062500
159	-0.062500	-0.281250
160	-0.062500	0.125000
161	-0.093750	-0.031250
162	0.062500	0.062500
163	0.093750	-0.031250
164	-0.031250	-0.093750
165	-0.062500	0.000000
166	0.000000	0.000000
167	0.000000	0.000000
168	0.062500	0.062500
169	-0.093750	-0.093750
170	0.000000	-0.156250
171	0.156250	0.156250
172	0.031250	-0.062500
173	0.062500	0.125000
174	0.031250	-0.031250
175	-0.062500	-0.156250
176	0.031250	-0.031250
177	-0.062500	-0.062500
178	0.000000	0.031250
179	-0.062500	0.062500
180	-0.093750	-0.093750
181	-0.093750	-0.093750
182	-0.062500	0.125000
183	-0.250000	0.000000
184	-0.187500	-0.062500
185	-0.031250	0.062500
186	0.000000	-0.031250
187	-0.125000	-0.125000
188	-0.093750	0.250000
189	-0.156250	-0.187500
190	-0.062500	0.125000
191	-0.125000	0.000000
192	0.062500	-0.218750
193	-0.062500	0.187500
194	-0.031250	0.125000
195	-0.062500	-0.218750
196	0.031250	0.093750
197	0.062500	0.062500
198	0.062500	-0.031250
199	0.093750	0.031250
200	0.000000	-0.031250
201	-0.156250	0.062500
202	0.062500	-0.062500
203	0.000000	-0.093750
204	0.187500	0.125000
205	-0.031250	-0.187500
206	-0.062500	0.062500
207	-0.125000	0.156250
208	0.000000	-0.031250
209	-0.156250	0.000000
210	-0.156250	0.187500
211	-0.093750	-0.031250
212	0.031250	-0.281250
213	0.031250	0.187500
214	0.062500	-0.093750
215	0.062500	-0.031250
216	0.062500	-0.093750
217	0.125000	0.062500
218	0.093750	-0.062500
219	-0.062500	0.062500
220	-0.031250	-0.093750
221	0.156250	0.062500
222	0.093750	0.062500
223	-0.031250	-0.125000
224	-0.031250	0.187500
225	-0.062500	-0.062500
226	-0.062500	0.062500
227	0.156250	0.062500
228	0.062500	0.000000
229	-0.093750	0.062500
230	-0.125000	0.000000
231	-0.031250	0.000000
232	-0.062500	0.031250
233	-0.125000	-0.218750
234	0.000000	-0.031250
235	-0.156250	0.062500
236	-0.062500	0.156250
237	0.062500	-0.281250
238	0.000000	0.156250
239	-0.093750	0.125000
240	0.093750	0.031250
241	0.062500	0.156250
242	-0.093750	-0.062500
243	-0.031250	0.093750
244	0.093750	0.156250
245	0.093750	-0.062500
246	0.000000	-0.031250
247	-0.062500	0.343750
248	-0.156250	-0.125000
249	-0.187500	-0.093750
250	-0.125000	0.031250
251	-0.156250	0.000000
252	-0.156250	0.218750
253	0.000000	-0.156250
254	0.031250	0.031250
255	0.187500	-0.062500
256	0.000000	-0.187500
257	0.000000	0.093750
258	-0.125000	0.062500
259	0.000000	-0.031250
260	-0.062500	-0.093750
261	-0.187500	0.062500
262	-0.031250	-0.062500
263	-0.093750	0.093750
264	-0.156250	-0.187500
265	-0.281250	-0.125000
266	-0.156250	-0.062500
267	-0.187500	0.156250
268	-0.125000	0.031250
269	0.000000	0.062500
270	0.000000	-0.062500
271	-0.031250	0.187500
272	0.031250	0.281250
273	0.031250	0.031250
274	0.000000	0.000000
275	-0.093750	0.000000
276	-0.031250	0.031250
277	-0.156250	0.125000
278	-0.125000	-0.125000
279	0.000000	-0.187500
280	-0.062500	0.000000
281	-0.093750	-0.156250
282	0.000000	0.093750
283	0.093750	0.062500
284	-0.062500	0.156250
285	-0.031250	-0.062500
286	-0.156250	0.250000
287	-0.093750	-0.218750
288	-0.062500	0.187500
289	-0.062500	0.000000
290	0.062500	-0.062500
291	-0.125000	0.000000
292	0.093750	0.187500
293	-0.125000	0.250000
294	-0.093750	-0.093750
295	-0.125000	0.093750
296	-0.187500	-0.093750
297	-0.031250	0.187500
298	0.062500	-0.218750
299	-0.093750	0.125000
300	-0.156250	-0.312500
301	-0.187500	0.343750
302	-0.031250	-0.062500
303	-0.093750	0.156250
304	-0.125000	-0.062500
305	-0.093750	-0.156250
306	-0.187500	0.093750
307	-0.093750	-0.156250
308	-0.156250	-0.093750
309	0.062500	0.062500
310	-0.062500	0.000000
311	0.093750	0.031250
312	0.062500	-0.062500
313	-0.125000	0.062500
314	-0.093750	0.031250
315	-0.093750	0.156250
316	-0.218750	-0.093750
317	0.000000	-0.250000
318	0.000000	0.250000
319	-0.062500	0.125000
320	-0.125000	-0.125000
321	-0.062500	0.156250
322	0.031250	-0.156250
323	-0.125000	0.187500
324	-0.125000	-0.062500
325	0.031250	0.093750
326	0.000000	0.156250
327	0.093750	0.031250
328	0.125000	-0.156250
329	-0.125000	0.156250
330	-0.156250	-0.125000
331	-0.156250	0.250000
332	-0.125000	-0.343750
333	-0.062500	0.156250
334	0.031250	0.062500
335	0.062500	-0.062500
336	0.093750	0.000000
337	-0.062500	-0.218750
338	-0.125000	-0.093750
339	-0.031250	0.093750
340	-0.031250	0.000000
341	-0.125000	0.031250
342	-0.218750	-0.125000
343	-0.093750	0.187500
344	-0.156250	-0.343750
345	-0.031250	-0.031250
346	0.093750	0.250000
347	0.000000	-0.156250
348	0.093750	-0.031250
349	0.000000	0.125000
350	-0.093750	-0.250000
351	-0.031250	0.156250
352	-0.062500	-0.218750
353	0.093750	-0.031250
354	-0.125000	-0.187500
355	-0.187500	0.031250
356	-0.062500	-0.031250
357	-0.125000	0.156250
358	-0.062500	-0.062500
359	-0.125000	-0.031250
360	-0.218750	0.093750
361	-0.125000	-0.218750
362	-0.187500	0.156250
363	-0.125000	0.062500
364	-0.125000	0.093750
365	-0.062500	0.031250
366	-0.031250	0.031250
367	0.062500	0.031250
368	0.031250	0.062500
369	-0.218750	-0.406250
370	-0.156250	0.343750
371	-0.062500	-0.125000
372	-0.031250	-0.218750
373	0.062500	0.000000
374	0.093750	0.093750
375	0.031250	-0.187500
376	0.093750	0.062500
377	0.031250	-0.062500
378	-0.062500	0.093750
379	-0.093750	0.000000
380	-0.031250	0.062500
381	-0.062500	-0.062500
382	-0.031250	-0.031250
383	-0.156250	0.093750
384	-0.156250	-0.187500
385	0.031250	0.031250
386	0.062500	0.062500
387	0.031250	-0.125000
388	-0.156250	0.031250
389	-0.062500	0.062500
390	-0.218750	-0.062500
391	-0.062500	-0.218750
392	0.062500	-0.062500
393	0.031250	-0.062500
394	-0.093750	-0.187500
395	-0.093750	0.031250
396	-0.031250	0.093750
397	0.031250	0.000000
398	-0.093750	-0.187500
399	0.093750	-0.062500
400	-0.062500	-0.031250
401	-0.031250	0.156250
402	-0.156250	-0.250000
403	0.031250	0.031250
404	0.125000	0.000000
405	-0.062500	-0.031250
406	-0.156250	0.218750
407	-0.187500	-0.218750
408	-0.062500	-0.156250
409	-0.125000	0.031250
410	-0.062500	-0.062500
411	0.062500	0.125000
412	0.062500	-0.093750
413	-0.062500	0.125000
414	-0.062500	0.000000
415	-0.093750	-0.062500
416	0.125000	0.062500
417	-0.156250	-0.062500
418	-0.156250	0.000000
419	-0.125000	0.031250
420	-0.093750	0.187500
421	0.031250	-0.031250
422	-0.093750	-0.031250
423	-0.031250	0.062500
424	-0.125000	-0.218750
425	-0.156250	0.281250
426	-0.093750	-0.125000
427	-0.125000	-0.062500
428	-0.062500	0.156250
429	0.093750	0.031250
430	-0.062500	-0.218750
431	0.031250	-0.031250
432	-0.031250	0.187500
433	-0.125000	-0.312500
434	-0.062500	0.093750
435	0.000000	0.187500
436	-0.062500	-0.156250
437	0.125000	0.125000
438	0.000000	0.000000
439	-0.093750	-0.093750
440	-0.062500	0.281250
441	-0.187500	-0.375000
442	-0.218750	0.437500
443	-0.156250	-0.031250
444	-0.218750	-0.218750
445	-0.125000	0.062500
446	-0.062500	0.031250
447	-0.031250	-0.031250
448	-0.031250	-0.125000
449	0.000000	0.000000
450	0.000000	0.062500
451	-0.062500	-0.218750
452	-0.156250	0.343750
453	-0.093750	-0.093750
454	-0.062500	-0.062500
455	0.000000	0.125000
456	0.031250	-0.187500
457	-0.031250	0.125000
458	-0.125000	-0.187500
459	-0.093750	0.187500
460	0.062500	-0.031250
461	0.093750	-0.062500
462	0.031250	0.187500
463	-0.062500	-0.187500
464	0.031250	-0.093750
465	-0.062500	0.031250
466	0.125000	0.125000
467	0.000000	-0.218750
468	0.000000	0.250000
469	0.031250	0.125000
470	0.062500	-0.031250
471	-0.062500	0.375000
472	-0.125000	-0.156250
473	0.000000	-0.062500
474	0.156250	0.062500
475	0.156250	0.156250
476	0.093750	-0.062500
477	0.000000	-0.125000
478	-0.031250	0.031250
479	-0.156250	-0.125000
480	-0.093750	-0.218750
481	-0.062500	0.250000
482	-0.062500	-0.093750
483	-0.125000	0.250000
484	-0.218750	-0.343750
485	-0.156250	0.312500
486	-0.156250	-0.281250
487	-0.093750	0.250000
488	-0.093750	0.093750
489	-0.093750	-0.031250
490	-0.187500	0.062500
491	0.000000	0.093750
492	-0.218750	0.093750
493	-0.125000	-0.187500
494	0.031250	0.000000
495	0.125000	0.062500
496	0.093750	0.031250
497	-0.093750	0.062500
498	-0.125000	0.031250
499	-0.093750	0.250000
500	-0.125000	-0.375000
501	-0.031250	0.125000
502	-0.125000	-0.125000
503	-0.093750	0.062500
504	-0.062500	-0.093750
505	-0.031250	-0.031250
506	-0.062500	0.000000
507	-0.156250	0.062500
508	-0.156250	-0.125000
509	-0.156250	0.093750
510	-0.062500	-0.062500
511	-0.125000	0.062500
512	0.125000	0.000000
513	0.125000	-0.031250
514	-0.031250	0.093750
515	-0.093750	-0.156250
516	0.000000	-0.125000
517	-0.218750	0.187500
518	-0.125000	-0.218750
519	-0.187500	0.437500
520	0.000000	-0.125000
521	0.062500	0.000000
522	0.125000	0.062500
523	0.062500	-0.062500
524	0.125000	-0.031250
525	-0.031250	0.093750
526	-0.031250	0.156250
527	-0.031250	0.062500
528	-0.187500	-0.031250
529	-0.125000	0.062500
530	-0.093750	-0.218750
531	-0.093750	0.125000
532	-0.062500	0.031250
533	-0.093750	-0.125000
534	-0.062500	-0.062500
535	-0.031250	0.250000
536	-0.218750	-0.250000
537	-0.125000	0.281250
538	-0.187500	-0.250000
539	-0.093750	0.250000
540	0.000000	-0.125000
541	0.062500	-0.093750
542	-0.062500	-0.031250
543	-0.062500	0.125000
544	-0.093750	-0.343750
545	-0.031250	0.156250
546	-0.125000	0.156250
547	-0.062500	0.000000
548	0.000000	0.031250
549	0.062500	0.000000
550	0.031250	0.031250
551	0.062500	0.125000
552	0.093750	0.000000
553	0.031250	-0.031250
554	0.031250	0.125000
555	-0.125000	0.000000
556	-0.031250	-0.125000
557	-0.187500	0.000000
558	-0.062500	0.031250
559	-0.093750	-0.031250
560	-0.125000	-0.031250
561	0.093750	0.031250
562	-0.031250	0.000000
563	0.062500	0.000000
564	0.093750	0.093750
565	-0.125000	-0.156250
566	-0.093750	-0.156250
567	0.000000	0.250000
568	-0.062500	-0.125000
569	-0.031250	-0.187500
570	-0.062500	0.156250
571	-0.093750	-0.062500
572	-0.093750	0.031250
573	-0.031250	-0.125000
574	-0.156250	0.093750
575	0.000000	-0.312500
576	0.187500	0.125000
577	0.187500	-0.187500
578	0.156250	0.062500
579	-0.062500	-0.156250
580	-0.187500	0.031250
581	-0.031250	0.031250
582	-0.093750	-0.125000
583	-0.187500	0.218750
584	-0.156250	0.000000
585	-0.125000	-0.125000
586	0.031250	0.000000
587	-0.031250	-0.093750
588	-0.031250	0.125000
589	0.156250	-0.062500
590	0.062500	0.000000
591	0.031250	0.093750
592	0.000000	-0.281250
593	0.093750	-0.093750
594	-0.125000	0.187500
595	-0.062500	-0.156250
596	-0.062500	0.062500
597	-0.156250	-0.031250
598	-0.187500	-0.125000
599	-0.187500	0.187500
600	-0.156250	-0.062500
601	-0.062500	0.031250
602	0.000000	0.093750
603	-0.125000	-0.250000
604	-0.156250	0.218750
605	-0.062500	-0.250000
606	-0.031250	0.000000
607	0.000000	0.000000
608	0.125000	-0.031250
609	0.031250	-0.062500
610	-0.031250	0.062500
611	-0.156250	-0.093750
612	0.000000	-0.156250
613	-0.062500	-0.031250
614	-0.062500	0.250000
615	-0.093750	-0.062500
616	-0.093750	0.062500
617	0.000000	-0.031250
618	-0.156250	0.187500
619	0.031250	-0.156250
620	-0.031250	0.093750
621	0.031250	-0.156250
622	0.125000	0.093750
623	-0.062500	-0.062500
624	-0.093750	-0.062500
625	-0.031250	-0.187500
626	-0.187500	0.218750
627	0.093750	-0.156250
628	0.093750	0.156250
629	-0.031250	-0.031250
630	-0.156250	0.125000
631	-0.250000	0.000000
632	-0.250000	0.000000
633	-0.125000	0.187500
634	-0.125000	-0.250000
635	-0.093750	0.031250
636	-0.093750	0.062500
637	-0.125000	0.093750
638	-0.187500	0.000000
639	-0.156250	-0.062500
640	-0.125000	0.031250
641	-0.031250	-0.125000
642	-0.093750	0.156250
643	-0.093750	0.093750
644	0.000000	0.031250
645	-0.062500	0.093750
646	0.093750	-0.093750
647	-0.125000	0.281250
648	0.000000	-0.031250
649	0.031250	0.031250
650	0.125000	-0.031250
651	0.062500	0.062500
652	-0.031250	-0.187500
653	-0.062500	0.312500
654	-0.031250	-0.093750
655	-0.125000	0.156250
656	-0.062500	0.125000
657	-0.062500	0.000000
658	0.000000	0.031250
659	-0.093750	0.125000
660	-0.093750	0.125000
661	-0.062500	-0.156250
662	-0.125000	0.031250
663	-0.093750	-0.125000
664	-0.187500	0.281250
665	-0.281250	-0.125000
666	-0.312500	0.468750
667	-0.125000	-0.125000
668	-0.062500	-0.156250
669	0.062500	0.125000
670	0.000000	-0.031250
671	0.125000	-0.031250
672	-0.062500	0.156250
673	0.000000	0.000000
674	0.062500	-0.156250
675	-0.031250	0.093750
676	0.125000	0.093750
677	0.062500	0.031250
678	-0.031250	0.031250
679	0.000000	0.000000
680	-0.093750	0.312500
681	-0.093750	-0.093750
682	-0.125000	0.000000
683	-0.031250	-0.031250
684	-0.187500	-0.031250
685	-0.187500	0.187500
686	0.031250	-0.031250
687	0.000000	-0.031250
688	-0.125000	0.093750
689	-0.125000	0.000000
690	0.093750	-0.031250
691	-0.031250	0.062500
692	0.000000	0.093750
693	-0.062500	-0.156250
694	0.031250	0.000000
695	-0.125000	-0.062500
696	-0.093750	-0.156250
697	-0.156250	0.187500
698	-0.062500	0.187500
699	-0.093750	0.062500
700	-0.031250	0.312500
701	-0.093750	-0.125000
702	-0.031250	0.031250
703	0.000000	0.156250
704	-0.031250	-0.187500
705	-0.125000	0.281250
706	0.031250	-0.062500
707	0.125000	0.093750
708	-0.062500	-0.250000
709	0.093750	-0.125000
710	0.031250	-0.062500
711	0.031250	-0.125000
712	-0.125000	0.125000
713	-0.125000	-0.281250
714	-0.093750	0.187500
715	0.000000	0.093750
716	-0.218750	-0.062500
717	-0.156250	-0.187500
718	0.031250	0.156250
719	0.031250	0.093750
720	-0.093750	-0.093750
721	0.000000	0.000000
722	0.187500	-0.062500
723	0.000000	-0.031250
724	0.000000	-0.031250
725	-0.093750	0.031250
726	-0.062500	0.093750
727	-0.093750	0.093750
728	-0.031250	0.156250
729	-0.156250	-0.125000
730	-0.062500	0.000000
731	-0.156250	0.062500
732	-0.125000	0.062500
733	-0.125000	-0.218750
734	-0.031250	0.093750
735	-0.125000	-0.218750
736	0.031250	0.125000
737	0.125000	0.031250
738	0.000000	0.062500
739	-0.093750	0.093750
740	-0.093750	0.093750
741	-0.062500	0.062500
742	0.031250	-0.031250
743	-0.156250	-0.031250
744	-0.031250	0.187500
745	-0.031250	-0.187500
746	-0.093750	0.093750
747	-0.156250	-0.375000
748	-0.156250	0.343750
749	-0.187500	-0.406250
750	-0.156250	0.187500
751	-0.125000	0.031250
752	-0.281250	-0.187500
753	-0.062500	0.156250
754	0.125000	0.000000
755	-0.062500	-0.031250
756	-0.093750	0.187500
757	-0.062500	-0.187500
758	-0.187500	0.281250
759	-0.187500	-0.062500
760	0.000000	0.125000
761	-0.156250	0.156250
762	-0.156250	0.031250
763	0.000000	0.062500
764	-0.093750	-0.125000
765	-0.093750	0.156250
766	0.000000	0.031250
767	-0.062500	-0.062500
768	-0.062500	0.281250
769	-0.062500	-0.093750
770	-0.156250	0.250000
771	-0.125000	-0.250000
772	0.000000	0.218750
773	0.000000	-0.218750
774	-0.031250	-0.062500
775	-0.187500	0.125000
776	0.093750	0.093750
777	-0.093750	-0.187500
778	-0.062500	-0.093750
779	-0.062500	-0.062500
780	-0.125000	0.187500
781	-0.125000	-0.062500
782	-0.093750	-0.343750
783	-0.093750	-0.062500
784	-0.125000	0.125000
785	0.000000	-0.218750
786	-0.031250	0.187500
787	-0.062500	0.093750
788	-0.250000	-0.281250
789	-0.218750	0.125000
790	-0.156250	-0.125000
791	-0.062500	-0.031250
792	0.000000	0.000000
793	0.062500	-0.125000
794	-0.031250	-0.093750
795	-0.062500	0.000000
796	0.031250	-0.093750
797	0.000000	0.062500
798	-0.062500	-0.343750
799	-0.062500	0.125000
800	-0.125000	0.156250
801	-0.218750	-0.156250
802	-0.187500	0.062500
803	-0.125000	0.093750
804	-0.125000	-0.031250
805	0.000000	0.031250
806	-0.031250	0.125000
807	-0.187500	-0.218750
808	-0.218750	0.062500
809	-0.218750	-0.125000
810	-0.125000	0.000000
811	-0.093750	-0.156250
812	-0.218750	0.093750
813	-0.156250	0.062500
814	-0.093750	0.062500
815	-0.156250	0.187500
816	-0.031250	0.000000
817	-0.156250	-0.031250
818	-0.062500	-0.031250
819	-0.031250	0.031250
820	-0.062500	0.187500
821	0.000000	-0.125000
822	-0.031250	0.156250
823	0.000000	-0.062500
824	0.062500	0.093750
825	-0.062500	-0.093750
826	-0.031250	-0.031250
827	0.000000	0.000000
828	-0.031250	-0.093750
829	-0.093750	0.218750
830	-0.062500	-0.343750
831	-0.093750	0.187500
832	-0.125000	-0.281250
833	-0.156250	0.062500
834	0.062500	0.125000
835	-0.062500	-0.250000
836	-0.187500	0.156250
837	-0.125000	-0.156250
838	-0.062500	-0.031250
839	-0.125000	0.187500
840	0.031250	-0.093750
841	-0.093750	-0.187500
842	-0.125000	-0.031250
843	-0.156250	-0.031250
844	0.156250	-0.156250
845	0.093750	-0.062500
846	0.000000	0.062500
847	-0.031250	0.093750
848	0.000000	-0.031250
849	-0.062500	0.125000
850	-0.125000	0.031250
851	-0.062500	-0.218750
852	-0.125000	0.281250
853	-0.093750	-0.093750
854	-0.031250	-0.156250
855	-0.187500	-0.031250
856	-0.156250	-0.125000
857	-0.031250	0.000000
858	0.031250	0.281250
859	-0.125000	-0.281250
860	-0.093750	0.187500
861	-0.156250	-0.062500
862	0.062500	-0.062500
863	-0.093750	-0.031250
864	-0.156250	-0.031250
865	-0.187500	0.031250
866	-0.218750	-0.187500
867	-0.187500	0.281250
868	-0.125000	0.125000
869	0.062500	-0.125000
870	-0.031250	0.000000
871	0.093750	0.031250
872	-0.031250	-0.218750
873	-0.218750	-0.031250
874	-0.312500	0.250000
875	-0.187500	0.125000
876	0.031250	0.000000
877	0.031250	-0.125000
878	-0.031250	0.218750
879	0.156250	-0.031250
880	0.093750	0.062500
881	0.062500	-0.125000
882	0.062500	-0.031250
883	-0.031250	0.093750
884	-0.125000	-0.156250
885	0.000000	0.062500
886	0.062500	0.156250
887	-0.062500	-0.156250
888	-0.062500	-0.218750
889	-0.062500	0.375000
890	-0.031250	-0.218750
891	-0.062500	-0.031250
892	0.062500	0.218750
893	0.156250	-0.125000
894	0.250000	-0.093750
895	0.093750	-0.093750
896	-0.125000	0.000000
897	-0.125000	0.156250
898	-0.125000	-0.125000
899	-0.218750	0.000000
900	-0.125000	0.218750
901	-0.218750	-0.187500
902	-0.125000	0.093750
903	-0.031250	-0.187500
904	0.062500	-0.031250
905	0.093750	0.031250
906	0.062500	-0.093750
907	-0.125000	0.093750
908	-0.031250	-0.250000
909	-0.125000	0.312500
910	0.062500	-0.125000
911	-0.062500	-0.062500
912	-0.062500	0.062500
913	0.062500	-0.281250
914	0.187500	0.156250
915	-0.031250	0.000000
916	-0.093750	0.093750
917	-0.031250	0.031250
918	-0.031250	-0.125000
919	-0.156250	-0.062500
920	-0.187500	0.125000
921	0.000000	-0.031250
922	0.031250	0.187500
923	0.000000	-0.062500
924	0.000000	0.281250
925	0.093750	0.000000
926	0.031250	-0.093750
927	0.093750	0.000000
928	-0.031250	-0.125000
929	-0.031250	0.031250
930	-0.062500	-0.187500
931	-0.125000	-0.031250
932	-0.093750	0.250000
933	-0.187500	-0.281250
934	-0.062500	-0.093750
935	-0.062500	0.125000
936	-0.125000	-0.281250
937	0.093750	0.093750
938	0.031250	-0.093750
939	0.062500	0.031250
940	-0.062500	0.093750
941	0.062500	0.093750
942	0.031250	-0.187500
943	-0.187500	0.312500
944	-0.062500	-0.062500
945	-0.093750	0.031250
946	-0.062500	0.125000
947	0.000000	-0.250000
948	0.062500	0.093750
949	0.031250	-0.093750
950	0.000000	0.031250
951	0.062500	0.062500
952	-0.093750	0.250000
953	-0.093750	-0.156250
954	-0.125000	0.156250
955	-0.031250	-0.062500
956	-0.125000	-0.031250
957	-0.031250	0.281250
958	0.093750	-0.093750
959	0.093750	0.156250
960	0.093750	0.031250
961	0.093750	-0.156250
962	0.125000	0.281250
963	0.062500	-0.187500
964	0.000000	0.125000
965	0.031250	0.125000
966	0.093750	0.000000
967	0.000000	0.031250
968	0.125000	-0.156250
969	-0.031250	0.250000
970	0.031250	-0.031250
971	-0.093750	-0.093750
972	-0.281250	0.000000
973	-0.093750	0.031250
974	-0.062500	0.125000
975	-0.062500	-0.250000
976	-0.031250	0.093750
977	-0.125000	-0.031250
978	0.000000	0.156250
979	0.062500	0.093750
980	0.031250	0.000000
981	0.156250	0.000000
982	0.156250	0.031250
983	-0.062500	-0.125000
984	-0.031250	0.093750
985	0.093750	-0.062500
986	0.062500	0.093750
987	0.093750	-0.125000
988	0.156250	0.000000
989	0.000000	0.125000
990	-0.062500	-0.062500
991	-0.125000	0.218750
992	0.000000	0.062500
993	0.187500	-0.281250
994	0.000000	0.218750
995	0.031250	-0.093750
996	-0.093750	0.031250
997	-0.187500	0.125000
998	-0.218750	0.000000
999	-0.218750	0.125000
