0	-0.250000	-0.281250
1	-0.031250	-0.093750
2	-0.281250	-0.156250
3	-0.343750	0.125000
4	-0.156250	-0.281250
5	-0.281250	0.000000
6	-0.125000	0.156250
7	0.000000	-0.156250
8	-0.250000	-0.343750
9	-0.312500	0.343750
10	-0.281250	0.312500
11	-0.218750	0.406250
12	-0.218750	0.062500
13	-0.156250	-0.218750
14	-0.250000	0.218750
15	-0.218750	0.343750
16	-0.375000	0.187500
17	-0.187500	-0.125000
18	-0.375000	0.156250
19	-0.281250	-0.218750
20	-0.156250	0.093750
21	-0.250000	-0.156250
22	-0.250000	-0.156250
23	-0.218750	-0.031250
24	-0.281250	-0.125000
25	-0.250000	0.031250
26	-0.312500	0.062500
27	-0.312500	-0.031250
28	-0.125000	-0.031250
29	-0.156250	-0.250000
30	-0.218750	0.093750
31	-0.031250	-0.093750
32	-0.218750	0.218750
33	-0.062500	-0.187500
34	-0.125000	0.125000
35	-0.062500	0.000000
36	-0.312500	0.468750
37	-0.187500	0.156250
38	-0.218750	-0.312500
39	-0.187500	-0.187500
40	-0.218750	-0.187500
41	-0.125000	0.218750
42	-0.343750	-0.375000
43	-0.187500	-0.250000
44	-0.156250	-0.125000
45	-0.312500	0.187500
46	-0.218750	0.000000
47	-0.093750	0.281250
48	-0.343750	-0.531250
49	-0.281250	-0.281250
50	-0.125000	-0.343750
51	-0.062500	0.187500
52	-0.187500	-0.250000
53	-0.125000	0.000000
54	-0.093750	-0.156250
55	-0.218750	0.125000
56	-0.062500	-0.031250
57	-0.281250	-0.218750
58	-0.343750	-0.093750
59	-0.218750	0.000000
60	-0.218750	0.031250
61	-0.187500	0.000000
62	-0.375000	0.281250
63	-0.312500	-0.062500
64	-0.343750	0.218750
65	-0.156250	0.031250
66	-0.093750	-0.031250
67	-0.343750	-0.406250
68	-0.250000	0.093750
69	-0.031250	0.125000
70	-0.187500	0.093750
71	-0.218750	0.156250
72	-0.093750	0.218750
73	-0.093750	-0.250000
74	-0.218750	-0.156250
75	-0.281250	-0.218750
76	-0.156250	0.156250
77	-0.218750	-0.187500
78	-0.218750	0.218750
79	0.000000	0.031250
80	-0.218750	0.375000
81	-0.343750	0.281250
82	-0.156250	-0.312500
83	-0.250000	0.312500
84	-0.093750	-0.031250
85	-0.218750	-0.343750
86	-0.187500	0.000000
87	-0.250000	0.000000
88	-0.093750	0.250000
89	-0.312500	-0.062500
90	-0.343750	0.062500
91	-0.187500	-0.031250
92	-0.312500	-0.062500
93	-0.218750	0.218750
94	-0.218750	0.000000
95	-0.156250	-0.031250
96	-0.218750	-0.156250
97	-0.312500	0.218750
98	-0.156250	0.156250
99	-0.281250	0.000000
100	-0.093750	-0.156250
101	-0.250000	0.000000
102	-0.281250	0.093750
103	-0.218750	-0.093750
104	-0.250000	0.062500
105	-0.218750	0.218750
106	-0.125000	0.062500
107	-0.062500	-0.093750
108	-0.312500	-0.281250
109	-0.187500	-0.250000
110	-0.250000	0.187500
111	-0.343750	0.062500
112	-0.218750	-0.093750
113	-0.156250	-0.093750
114	-0.156250	0.062500
115	-0.250000	-0.125000
116	-0.281250	0.125000
117	-0.093750	0.187500
118	-0.343750	-0.031250
119	-0.281250	-0.031250
120	-0.125000	0.062500
121	-0.156250	0.062500
122	-0.187500	-0.187500
123	0.125000	-0.062500
124	-0.218750	0.000000
125	-0.312500	-0.250000
126	-0.156250	-0.062500
127	-0.093750	-0.343750
128	-0.218750	0.218750
129	-0.218750	-0.062500
130	-0.218750	-0.312500
131	-0.125000	0.093750
132	-0.125000	-0.125000
133	-0.187500	-0.125000
134	-0.093750	0.000000
135	-0.218750	0.031250
136	-0.343750	0.187500
137	-0.250000	0.000000
138	-0.250000	0.125000
139	-0.093750	-0.031250
140	-0.468750	-0.187500
141	-0.218750	0.062500
142	-0.187500	0.125000
143	-0.250000	0.125000
144	-0.093750	0.062500
145	-0.312500	-0.031250
146	-0.093750	-0.125000
147	-0.062500	-0.031250
148	-0.437500	0.000000
149	-0.312500	-0.156250
150	-0.156250	-0.218750
151	-0.406250	0.281250
152	-0.250000	-0.125000
153	-0.500000	0.625000
154	-0.156250	-0.281250
155	-0.250000	-0.281250
156	-0.312500	-0.093750
157	-0.187500	-0.062500
158	-0.281250	-0.343750
159	-0.218750	-0.156250
160	-0.343750	0.593750
161	-0.218750	0.187500
162	-0.187500	0.156250
163	-0.156250	0.062500
164	-0.218750	0.156250
165	-0.250000	0.000000
166	-0.312500	-0.187500
167	-0.187500	0.250000
168	-0.156250	-0.156250
169	-0.156250	0.062500
170	-0.250000	0.093750
171	-0.250000	-0.218750
172	-0.093750	-0.187500
173	-0.250000	0.187500
174	-0.187500	0.093750
175	-0.218750	0.125000
176	-0.250000	-0.218750
177	-0.062500	-0.250000
178	-0.343750	0.312500
179	-0.406250	0.562500
180	-0.187500	0.031250
181	-0.250000	-0.312500
182	-0.187500	0.187500
183	-0.093750	0.125000
184	-0.250000	0.062500
185	-0.125000	-0.187500
186	-0.375000	0.343750
187	-0.218750	0.156250
188	-0.093750	-0.062500
189	-0.093750	-0.125000
190	-0.156250	0.000000
191	-0.250000	0.062500
192	-0.125000	0.218750
193	-0.218750	-0.218750
194	-0.312500	-0.093750
195	-0.093750	-0.031250
196	-0.187500	0.281250
197	-0.312500	0.281250
198	-0.187500	-0.218750
199	-0.156250	0.000000
200	-0.218750	-0.062500
201	-0.156250	0.062500
202	-0.218750	-0.031250
203	-0.250000	-0.218750
204	-0.250000	0.093750
205	-0.187500	-0.062500
206	-0.312500	-0.406250
207	-0.125000	0.062500
208	0.000000	0.093750
209	-0.062500	0.125000
210	-0.218750	-0.125000
211	-0.093750	0.125000
212	-0.093750	-0.125000
213	-0.250000	0.343750
214	-0.343750	0.187500
215	-0.218750	-0.031250
216	-0.187500	-0.062500
217	-0.312500	0.093750
218	-0.187500	0.156250
219	-0.281250	-0.312500
220	-0.218750	0.156250
221	-0.281250	0.156250
222	-0.343750	-0.125000
223	-0.156250	-0.093750
224	-0.156250	-0.187500
225	-0.343750	0.343750
226	-0.312500	-0.250000
227	-0.156250	0.250000
228	-0.187500	-0.062500
229	-0.437500	0.500000
230	-0.406250	0.562500
231	-0.218750	0.093750
232	-0.218750	0.281250
233	-0.312500	0.218750
234	-0.156250	-0.125000
235	-0.093750	0.031250
236	-0.218750	-0.031250
237	-0.125000	0.062500
238	-0.281250	0.031250
239	-0.375000	-0.250000
240	-0.281250	-0.187500
241	-0.250000	-0.531250
242	-0.281250	0.406250
243	-0.250000	0.281250
244	-0.156250	0.156250
245	-0.250000	0.062500
246	-0.093750	0.062500
247	-0.187500	0.250000
248	-0.218750	-0.281250
249	-0.218750	-0.187500
250	-0.156250	0.125000
251	-0.218750	-0.312500
252	0.093750	0.125000
253	-0.125000	-0.093750
254	-0.343750	-0.093750
255	-0.031250	-0.031250
256	-0.187500	0.406250
257	-0.281250	0.093750
258	-0.437500	0.406250
259	-0.187500	0.250000
260	-0.250000	0.125000
261	-0.093750	-0.062500
262	-0.156250	0.125000
263	-0.156250	-0.312500
264	-0.125000	-0.125000
265	-0.218750	-0.218750
266	-0.250000	-0.375000
267	-0.093750	0.000000
268	-0.218750	-0.062500
269	-0.250000	-0.218750
270	-0.093750	-0.187500
271	-0.281250	-0.281250
272	-0.156250	0.093750
273	-0.281250	-0.218750
274	-0.187500	-0.125000
275	-0.250000	-0.093750
276	-0.218750	-0.093750
277	-0.281250	0.468750
278	-0.218750	0.468750
279	-0.125000	0.156250
280	-0.062500	-0.187500
281	-0.156250	0.125000
282	-0.343750	0.093750
283	-0.250000	0.062500
284	-0.218750	0.125000
285	-0.156250	0.125000
286	-0.218750	-0.031250
287	-0.125000	-0.218750
288	-0.218750	-0.093750
289	-0.218750	0.000000
290	-0.093750	-0.031250
291	-0.312500	-0.250000
292	-0.187500	0.187500
293	-0.031250	0.000000
294	-0.218750	0.156250
295	-0.218750	0.375000
296	-0.156250	-0.312500
297	-0.312500	-0.125000
298	-0.125000	-0.062500
299	-0.125000	0.093750
300	-0.093750	-0.093750
301	-0.375000	0.062500
302	-0.250000	0.125000
303	-0.250000	0.125000
304	-0.093750	-0.156250
305	-0.218750	-0.156250
306	-0.281250	-0.406250
307	-0.156250	0.093750
308	-0.343750	0.031250
309	-0.250000	0.468750
310	-0.093750	-0.218750
311	-0.312500	0.312500
312	-0.250000	0.125000
313	-0.437500	-0.062500
314	-0.312500	0.093750
315	-0.125000	0.093750
316	-0.031250	0.125000
317	-0.250000	0.062500
318	-0.187500	-0.031250
319	-0.375000	-0.468750
320	-0.281250	0.281250
321	-0.437500	0.125000
322	-0.250000	-0.125000
323	-0.281250	-0.125000
324	-0.218750	-0.250000
325	-0.125000	-0.156250
326	-0.093750	-0.156250
327	-0.187500	-0.343750
328	-0.250000	-0.062500
329	-0.187500	0.062500
330	-0.218750	0.187500
331	-0.312500	0.187500
332	-0.187500	0.125000
333	-0.187500	-0.031250
334	-0.250000	-0.031250
335	-0.218750	-0.218750
336	-0.125000	0.031250
337	-0.156250	0.031250
338	-0.250000	0.281250
339	-0.281250	0.187500
340	-0.250000	-0.406250
341	-0.218750	-0.125000
342	-0.281250	0.125000
343	-0.250000	-0.093750
344	-0.125000	-0.156250
345	-0.187500	-0.125000
346	-0.031250	-0.125000
347	-0.062500	-0.031250
348	-0.375000	-0.093750
349	-0.187500	0.312500
350	-0.156250	0.250000
351	-0.250000	-0.156250
352	-0.375000	-0.156250
353	0.031250	0.125000
354	-0.218750	-0.312500
355	-0.156250	0.093750
356	-0.187500	-0.156250
357	-0.031250	0.125000
358	-0.406250	0.312500
359	-0.281250	-0.343750
360	-0.312500	0.000000
361	-0.343750	0.000000
362	-0.218750	0.093750
363	-0.156250	0.187500
364	-0.093750	0.093750
365	-0.281250	-0.218750
366	-0.156250	0.312500
367	-0.250000	-0.093750
368	-0.281250	0.218750
369	-0.250000	0.031250
370	-0.156250	0.093750
371	-0.312500	0.218750
372	-0.250000	0.000000
373	-0.375000	-0.375000
374	-0.125000	0.156250
375	-0.125000	-0.156250
376	-0.218750	0.062500
377	-0.406250	0.031250
378	-0.093750	-0.031250
379	-0.125000	0.250000
380	-0.281250	0.093750
381	-0.218750	0.187500
382	-0.312500	0.281250
383	-0.062500	0.093750
384	-0.031250	0.062500
385	-0.218750	0.062500
386	-0.250000	0.343750
387	-0.375000	0.093750
388	-0.250000	-0.281250
389	-0.218750	-0.156250
390	-0.218750	-0.125000
391	-0.156250	0.250000
392	-0.125000	-0.250000
393	-0.187500	0.281250
394	-0.187500	-0.031250
395	0.000000	-0.093750
396	-0.093750	0.062500
397	-0.250000	0.156250
398	-0.031250	0.000000
399	-0.031250	0.406250
400	-0.218750	0.000000
401	-0.281250	0.312500
402	-0.218750	0.000000
403	-0.156250	0.062500
404	-0.250000	-0.031250
405	-0.218750	0.125000
406	-0.187500	0.093750
407	-0.375000	0.281250
408	-0.187500	-0.250000
409	-0.031250	-0.343750
410	-0.218750	0.156250
411	-0.156250	0.062500
412	-0.375000	0.031250
413	-0.187500	-0.187500
414	-0.187500	-0.375000
415	-0.125000	0.281250
416	-0.125000	0.031250
417	-0.187500	-0.281250
418	-0.375000	-0.125000
419	-0.187500	0.062500
420	-0.312500	-0.375000
421	-0.093750	0.000000
422	-0.250000	0.250000
423	-0.375000	-0.125000
424	-0.281250	-0.375000
425	-0.500000	-0.562500
426	-0.125000	0.031250
427	-0.218750	-0.187500
428	-0.187500	0.187500
429	-0.187500	0.125000
430	-0.281250	-0.031250
431	-0.437500	-0.468750
432	-0.406250	-0.281250
433	-0.156250	0.187500
434	-0.250000	0.156250
435	-0.250000	-0.468750
436	-0.187500	0.062500
437	-0.156250	0.062500
438	-0.062500	0.031250
439	-0.281250	0.218750
440	-0.218750	0.156250
441	-0.156250	0.125000
442	-0.281250	0.187500
443	-0.281250	-0.218750
444	-0.281250	0.062500
445	-0.187500	-0.031250
446	-0.218750	-0.218750
447	-0.125000	0.000000
448	-0.187500	0.125000
449	0.000000	-0.250000
450	-0.031250	0.156250
451	-0.218750	0.125000
452	-0.031250	0.125000
453	-0.187500	0.062500
454	-0.093750	0.093750
455	0.062500	-0.062500
456	-0.125000	-0.187500
457	-0.156250	-0.125000
458	-0.125000	0.125000
459	-0.250000	0.000000
460	-0.343750	0.343750
461	-0.093750	-0.031250
462	-0.312500	0.250000
463	-0.187500	0.125000
464	-0.187500	0.062500
465	-0.250000	0.062500
466	-0.218750	0.281250
467	-0.250000	-0.312500
468	-0.062500	0.125000
469	-0.250000	0.281250
470	-0.187500	0.125000
471	-0.375000	-0.281250
472	-0.343750	-0.062500
473	-0.093750	-0.187500
474	-0.062500	-0.156250
475	-0.062500	-0.125000
476	-0.281250	-0.312500
477	-0.250000	0.125000
478	-0.125000	-0.250000
479	-0.375000	0.125000
480	-0.125000	-0.250000
481	-0.312500	0.218750
482	-0.281250	0.062500
483	-0.250000	-0.156250
484	-0.437500	-0.218750
485	-0.406250	-0.406250
486	-0.218750	0.250000
487	-0.062500	0.250000
488	-0.156250	-0.093750
489	-0.375000	0.000000
490	-0.312500	-0.375000
491	-0.312500	-0.343750
492	-0.375000	0.281250
493	-0.375000	0.187500
494	-0.156250	-0.031250
495	-0.218750	-0.312500
496	-0.281250	0.218750
497	-0.281250	0.375000
498	-0.156250	0.250000
499	-0.218750	-0.250000
500	-0.250000	0.093750
501	-0.375000	-0.062500
502	-0.250000	-0.281250
503	-0.250000	-0.125000
504	-0.218750	0.250000
505	-0.031250	-0.093750
506	-0.093750	-0.093750
507	-0.125000	-0.156250
508	-0.281250	0.187500
509	-0.468750	0.031250
510	-0.468750	0.250000
511	-0.125000	0.218750
512	-0.031250	-0.156250
513	-0.062500	-0.187500
514	-0.218750	0.156250
515	-0.312500	-0.281250
516	-0.250000	-0.343750
517	-0.093750	-0.062500
518	-0.187500	0.343750
519	-0.156250	-0.187500
520	-0.156250	0.125000
521	-0.250000	-0.312500
522	-0.312500	0.250000
523	-0.187500	0.281250
524	-0.312500	-0.187500
525	-0.187500	0.093750
526	-0.250000	0.312500
527	-0.093750	-0.062500
528	-0.218750	0.093750
529	-0.281250	0.156250
530	-0.250000	-0.187500
531	-0.218750	0.156250
532	-0.156250	0.031250
533	-0.062500	0.031250
534	-0.312500	-0.218750
535	-0.281250	0.406250
536	-0.218750	0.437500
537	-0.312500	-0.187500
538	-0.156250	-0.281250
539	-0.125000	0.218750
540	-0.125000	0.093750
541	-0.218750	0.312500
542	-0.312500	0.156250
543	-0.312500	-0.125000
544	-0.156250	-0.031250
545	-0.156250	-0.156250
546	-0.218750	-0.218750
547	-0.312500	-0.250000
548	-0.343750	0.406250
549	-0.187500	0.156250
550	-0.281250	-0.437500
551	-0.375000	-0.250000
552	-0.281250	0.312500
553	-0.218750	0.000000
554	-0.218750	-0.218750
555	-0.218750	-0.031250
556	-0.250000	0.187500
557	-0.187500	-0.125000
558	-0.031250	-0.218750
559	-0.187500	-0.218750
560	-0.125000	-0.062500
561	-0.093750	-0.156250
562	-0.093750	0.125000
563	-0.250000	0.093750
564	-0.250000	0.218750
565	-0.281250	-0.187500
566	-0.218750	-0.125000
567	-0.093750	0.375000
568	-0.156250	-0.031250
569	-0.281250	-0.125000
570	-0.187500	-0.218750
571	-0.343750	0.250000
572	-0.093750	-0.031250
573	-0.406250	0.562500
574	-0.281250	0.062500
575	-0.187500	-0.062500
576	-0.250000	0.156250
577	-0.406250	0.343750
578	-0.187500	0.093750
579	-0.281250	-0.156250
580	-0.125000	0.062500
581	-0.250000	-0.062500
582	-0.093750	0.156250
583	-0.125000	-0.250000
584	-0.343750	-0.375000
585	-0.343750	-0.156250
586	-0.062500	0.062500
587	-0.187500	0.062500
588	-0.218750	0.187500
589	-0.187500	-0.218750
590	-0.187500	-0.093750
591	-0.187500	0.187500
592	-0.312500	-0.375000
593	-0.218750	-0.156250
594	-0.156250	0.281250
595	-0.281250	-0.437500
596	-0.187500	-0.250000
597	-0.156250	0.187500
598	-0.187500	0.031250
599	-0.218750	-0.343750
600	-0.218750	0.406250
601	-0.375000	-0.218750
602	-0.093750	-0.031250
603	-0.281250	0.062500
604	-0.281250	0.281250
605	-0.312500	-0.312500
606	-0.156250	0.218750
607	-0.156250	-0.062500
608	-0.187500	-0.218750
609	-0.125000	-0.250000
610	-0.125000	0.093750
611	-0.062500	0.062500
612	-0.468750	-0.562500
613	-0.312500	-0.062500
614	-0.312500	-0.281250
615	-0.406250	0.062500
616	-0.312500	-0.437500
617	-0.187500	0.093750
618	-0.031250	-0.031250
619	-0.093750	0.062500
620	-0.062500	-0.218750
621	-0.062500	0.156250
622	-0.156250	0.281250
623	-0.187500	0.250000
624	-0.218750	-0.187500
625	-0.250000	0.156250
626	-0.187500	-0.062500
627	-0.250000	0.093750
628	-0.281250	0.062500
629	-0.250000	0.093750
630	-0.156250	0.093750
631	-0.125000	0.000000
632	-0.312500	-0.125000
633	-0.187500	-0.156250
634	-0.281250	0.125000
635	-0.187500	0.062500
636	-0.187500	-0.093750
637	-0.406250	0.187500
638	-0.281250	0.062500
639	-0.250000	-0.343750
640	-0.125000	-0.031250
641	-0.187500	-0.250000
642	-0.250000	0.093750
643	-0.250000	0.093750
644	-0.312500	-0.343750
645	-0.375000	-0.093750
646	-0.187500	0.000000
647	-0.187500	0.218750
648	-0.250000	0.062500
649	-0.093750	-0.187500
650	-0.437500	0.125000
651	-0.062500	0.093750
652	-0.500000	-0.656250
653	0.031250	0.125000
654	-0.312500	0.312500
655	-0.156250	-0.187500
656	-0.281250	0.187500
657	-0.218750	0.156250
658	-0.187500	-0.125000
659	-0.093750	-0.031250
660	-0.281250	0.093750
661	-0.187500	-0.093750
662	-0.125000	0.093750
663	-0.218750	0.000000
664	-0.187500	-0.093750
665	-0.312500	0.000000
666	-0.218750	-0.343750
667	-0.312500	-0.187500
668	-0.343750	-0.156250
669	-0.312500	-0.156250
670	-0.156250	0.156250
671	-0.062500	-0.062500
672	-0.093750	-0.218750
673	-0.218750	-0.187500
674	-0.250000	-0.156250
675	-0.156250	-0.062500
676	-0.312500	0.156250
677	-0.343750	-0.500000
678	-0.156250	-0.281250
679	-0.093750	0.125000
680	-0.218750	-0.093750
681	-0.125000	0.093750
682	-0.375000	0.218750
683	-0.312500	-0.062500
684	-0.125000	0.250000
685	-0.281250	0.125000
686	-0.156250	-0.187500
687	-0.312500	0.406250
688	-0.375000	-0.500000
689	-0.187500	-0.281250
690	-0.125000	0.093750
691	-0.062500	-0.125000
692	-0.250000	0.000000
693	-0.312500	-0.062500
694	-0.218750	-0.406250
695	-0.218750	-0.250000
696	-0.125000	0.062500
697	-0.187500	-0.187500
698	-0.156250	-0.093750
699	-0.218750	0.156250
700	-0.156250	-0.312500
701	-0.156250	-0.031250
702	-0.218750	-0.125000
703	-0.187500	0.343750
704	-0.187500	-0.187500
705	-0.187500	0.031250
706	-0.187500	0.000000
707	-0.031250	-0.218750
708	-0.031250	0.031250
709	-0.156250	0.062500
710	-0.187500	0.156250
711	-0.156250	0.187500
712	-0.187500	0.062500
713	-0.375000	0.562500
714	-0.406250	-0.031250
715	-0.375000	0.312500
716	-0.406250	0.562500
717	-0.187500	0.093750
718	-0.218750	-0.062500
719	-0.468750	-0.406250
720	-0.187500	0.156250
721	-0.281250	0.187500
722	-0.156250	0.187500
723	-0.156250	-0.093750
724	-0.312500	0.250000
725	-0.343750	-0.406250
726	-0.218750	-0.031250
727	-0.125000	0.250000
728	-0.250000	0.187500
729	-0.187500	-0.093750
730	-0.218750	-0.125000
731	-0.281250	0.187500
732	-0.093750	0.125000
733	-0.031250	0.156250
734	-0.218750	-0.062500
735	-0.375000	-0.406250
736	-0.218750	0.093750
737	-0.218750	-0.156250
738	-0.218750	-0.093750
739	-0.031250	0.000000
740	-0.281250	-0.062500
741	-0.343750	0.250000
742	-0.187500	-0.281250
743	-0.187500	-0.281250
744	-0.093750	0.062500
745	-0.281250	-0.218750
746	-0.218750	-0.125000
747	-0.250000	-0.031250
748	-0.281250	0.250000
749	-0.156250	0.125000
750	-0.062500	0.125000
751	-0.281250	-0.093750
752	-0.312500	-0.093750
753	-0.343750	-0.250000
754	-0.031250	0.093750
755	-0.281250	-0.125000
756	-0.156250	0.437500
757	-0.125000	0.000000
758	-0.281250	-0.031250
759	-0.250000	0.000000
760	-0.031250	-0.187500
761	-0.031250	0.000000
762	-0.281250	0.000000
763	-0.218750	-0.062500
764	-0.250000	0.281250
765	-0.156250	-0.156250
766	-0.250000	-0.406250
767	-0.156250	-0.218750
768	-0.281250	0.062500
769	-0.437500	-0.531250
770	-0.468750	0.000000
771	-0.125000	0.031250
772	-0.312500	0.250000
773	-0.187500	-0.031250
774	-0.125000	-0.031250
775	-0.093750	-0.093750
776	-0.250000	0.156250
777	-0.218750	-0.031250
778	-0.125000	0.062500
779	-0.093750	-0.125000
780	-0.250000	0.281250
781	-0.156250	0.000000
782	-0.250000	0.000000
783	-0.093750	-0.031250
784	-0.187500	0.281250
785	-0.031250	0.125000
786	-0.250000	-0.125000
787	-0.312500	-0.500000
788	-0.312500	-0.218750
789	-0.281250	0.218750
790	-0.187500	-0.218750
791	-0.312500	-0.406250
792	-0.156250	0.281250
793	-0.250000	0.062500
794	-0.375000	-0.062500
795	-0.062500	-0.156250
796	-0.062500	0.031250
797	-0.218750	-0.187500
798	-0.250000	0.312500
799	-0.031250	0.125000
800	-0.187500	-0.343750
801	-0.218750	-0.125000
802	-0.187500	0.156250
803	-0.250000	-0.375000
804	-0.093750	0.093750
805	-0.093750	0.187500
806	-0.312500	0.312500
807	-0.125000	0.062500
808	-0.250000	-0.093750
809	-0.281250	-0.218750
810	-0.156250	-0.062500
811	-0.281250	-0.187500
812	-0.312500	0.093750
813	-0.093750	-0.187500
814	-0.187500	-0.312500
815	-0.156250	0.156250
816	-0.281250	0.031250
817	-0.156250	0.062500
818	-0.218750	-0.031250
819	-0.187500	0.093750
820	-0.187500	-0.031250
821	-0.062500	-0.093750
822	-0.187500	0.250000
823	-0.156250	-0.156250
824	-0.218750	0.218750
825	-0.218750	0.125000
826	-0.312500	-0.031250
827	-0.187500	-0.125000
828	-0.343750	0.250000
829	-0.187500	-0.250000
830	-0.125000	-0.062500
831	-0.093750	0.218750
832	-0.218750	0.000000
833	-0.156250	0.093750
834	-0.343750	-0.343750
835	-0.250000	0.031250
836	-0.156250	-0.125000
837	-0.375000	-0.343750
838	-0.250000	0.125000
839	-0.343750	-0.250000
840	-0.187500	0.125000
841	-0.218750	-0.062500
842	-0.437500	-0.437500
843	-0.250000	0.000000
844	-0.062500	-0.156250
845	-0.187500	0.125000
846	-0.250000	-0.125000
847	-0.156250	0.031250
848	-0.156250	0.062500
849	-0.187500	-0.062500
850	-0.218750	0.343750
851	-0.187500	0.031250
852	-0.281250	-0.031250
853	-0.343750	0.093750
854	-0.156250	0.218750
855	-0.031250	-0.250000
856	-0.187500	0.093750
857	-0.343750	-0.093750
858	0.031250	-0.156250
859	-0.250000	-0.187500
860	-0.250000	0.031250
861	-0.125000	0.062500
862	-0.281250	-0.125000
863	-0.062500	0.125000
864	-0.218750	-0.281250
865	-0.406250	-0.375000
866	-0.187500	-0.031250
867	-0.250000	-0.406250
868	-0.187500	-0.093750
869	-0.156250	-0.187500
870	-0.312500	-0.312500
871	-0.093750	0.093750
872	-0.187500	0.218750
873	-0.093750	0.031250
874	-0.156250	-0.218750
875	-0.218750	0.343750
876	-0.250000	-0.187500
877	-0.187500	-0.031250
878	-0.125000	0.187500
879	-0.156250	-0.062500
880	-0.125000	-0.218750
881	-0.187500	0.062500
882	-0.156250	-0.031250
883	-0.156250	0.156250
884	-0.156250	0.187500
885	-0.125000	-0.218750
886	-0.343750	0.218750
887	-0.281250	-0.093750
888	-0.375000	-0.531250
889	-0.187500	-0.093750
890	-0.343750	-0.218750
891	-0.281250	0.156250
892	-0.187500	0.125000
893	-0.156250	0.000000
894	-0.187500	-0.156250
895	-0.375000	-0.406250
896	-0.218750	0.437500
897	-0.250000	-0.093750
898	-0.218750	-0.218750
899	-0.125000	0.125000
900	-0.093750	0.156250
901	-0.312500	0.187500
902	-0.125000	0.343750
903	-0.187500	0.156250
904	-0.031250	-0.031250
905	-0.062500	0.062500
906	-0.187500	-0.250000
907	-0.218750	-0.156250
908	-0.375000	0.031250
909	-0.125000	-0.187500
910	-0.281250	-0.093750
911	-0.125000	-0.093750
912	-0.281250	0.187500
913	-0.187500	0.187500
914	-0.281250	0.312500
915	-0.250000	0.062500
916	-0.250000	-0.156250
917	-0.187500	-0.187500
918	-0.218750	0.093750
919	-0.406250	-0.031250
920	-0.312500	-0.343750
921	-0.343750	-0.281250
922	-0.062500	0.218750
923	-0.125000	0.187500
924	-0.250000	0.343750
925	-0.062500	-0.125000
926	-0.156250	-0.218750
927	-0.156250	0.125000
928	-0.343750	0.156250
929	-0.156250	-0.281250
930	-0.218750	0.000000
931	-0.312500	-0.343750
932	-0.125000	-0.187500
933	-0.281250	0.187500
934	-0.156250	-0.250000
935	-0.281250	0.000000
936	-0.406250	0.343750
937	-0.187500	0.093750
938	-0.250000	-0.250000
939	-0.281250	0.156250
940	-0.093750	0.031250
941	-0.062500	0.031250
942	-0.187500	0.187500
943	-0.156250	-0.218750
944	-0.125000	-0.031250
945	-0.312500	-0.218750
946	-0.187500	-0.250000
947	-0.250000	0.312500
948	-0.218750	0.125000
949	-0.218750	0.250000
950	-0.156250	0.000000
951	-0.062500	0.156250
952	-0.187500	0.125000
953	-0.281250	0.062500
954	-0.187500	-0.375000
955	-0.156250	0.187500
956	-0.281250	0.250000
957	-0.250000	0.218750
958	-0.281250	0.093750
959	-0.218750	-0.218750
960	-0.156250	0.218750
961	-0.125000	0.000000
962	-0.312500	0.218750
963	-0.250000	0.125000
964	-0.375000	-0.343750
965	-0.125000	0.187500
966	-0.343750	0.218750
967	-0.218750	0.218750
968	-0.156250	0.375000
969	-0.062500	-0.125000
970	-0.343750	0.125000
971	-0.312500	0.125000
972	-0.218750	-0.125000
973	-0.187500	0.250000
974	-0.125000	-0.250000
975	-0.281250	-0.093750
976	-0.187500	0.062500
977	-0.343750	0.406250
978	-0.218750	-0.250000
979	-0.156250	-0.250000
980	-0.093750	0.000000
981	-0.250000	-0.250000
982	-0.218750	-0.062500
983	-0.156250	-0.031250
984	-0.375000	0.312500
985	-0.250000	-0.156250
986	-0.187500	-0.250000
987	-0.156250	-0.156250
988	-0.218750	0.250000
989	-0.125000	0.125000
990	-0.093750	-0.125000
991	-0.187500	0.093750
992	-0.125000	0.093750
993	-0.312500	-0.281250
994	-0.156250	-0.125000
995	-0.375000	-0.031250
996	-0.218750	0.000000
997	-0.062500	-0.062500
998	-0.093750	-0.156250
999	-0.062500	0.281250
