0	-0.062500	0.031250
1	-0.250000	0.312500
2	-0.343750	0.093750
3	-0.312500	-0.125000
4	-0.312500	0.281250
5	-0.437500	0.187500
6	-0.187500	0.250000
7	-0.343750	-0.218750
8	-0.343750	0.406250
9	-0.468750	0.656250
10	-0.281250	-0.250000
11	-0.156250	-0.250000
12	-0.125000	0.125000
13	-0.093750	-0.156250
14	-0.343750	-0.218750
15	-0.312500	-0.468750
16	-0.375000	0.531250
17	-0.312500	0.000000
18	-0.312500	0.312500
19	-0.281250	-0.156250
20	-0.468750	-0.375000
21	-0.250000	0.156250
22	-0.187500	0.031250
23	-0.187500	-0.187500
24	-0.250000	0.125000
25	-0.156250	0.031250
26	-0.250000	0.437500
27	-0.250000	-0.437500
28	-0.437500	0.531250
29	-0.281250	0.187500
30	-0.281250	-0.125000
31	-0.406250	-0.125000
32	-0.312500	0.343750
33	-0.250000	-0.250000
34	-0.218750	-0.250000
35	-0.281250	0.093750
36	-0.281250	0.000000
37	-0.406250	-0.500000
38	-0.218750	0.218750
39	-0.187500	-0.218750
40	-0.281250	-0.093750
41	-0.375000	-0.031250
42	-0.187500	-0.031250
43	-0.281250	-0.156250
44	-0.250000	-0.093750
45	-0.125000	0.000000
46	-0.437500	-0.031250
47	-0.343750	-0.281250
48	-0.218750	-0.187500
49	-0.250000	-0.062500
50	-0.281250	0.156250
51	-0.125000	0.031250
52	-0.343750	-0.187500
53	-0.031250	-0.031250
54	-0.281250	-0.125000
55	-0.343750	0.375000
56	-0.312500	-0.062500
57	-0.187500	-0.031250
58	-0.156250	-0.437500
59	-0.125000	0.125000
60	-0.218750	0.031250
61	-0.250000	-0.312500
62	-0.250000	-0.093750
63	-0.250000	-0.031250
64	-0.312500	0.312500
65	-0.312500	-0.406250
66	-0.250000	0.125000
67	-0.343750	0.375000
68	-0.156250	-0.062500
69	-0.343750	0.312500
70	-0.406250	-0.093750
71	-0.312500	-0.375000
72	-0.250000	0.312500
73	-0.437500	0.437500
74	-0.218750	-0.125000
75	-0.312500	0.187500
76	-0.250000	-0.281250
77	-0.312500	0.125000
78	-0.218750	0.062500
79	-0.468750	0.625000
80	-0.375000	-0.281250
81	-0.187500	0.406250
82	-0.187500	0.062500
83	-0.156250	-0.218750
84	-0.593750	-0.500000
85	-0.375000	-0.250000
86	-0.500000	0.562500
87	-0.343750	0.312500
88	-0.500000	0.468750
89	-0.406250	-0.156250
90	-0.343750	-0.250000
91	-0.218750	-0.187500
92	-0.437500	-0.062500
93	-0.375000	-0.281250
94	-0.437500	0.593750
95	-0.281250	-0.187500
96	-0.375000	-0.406250
97	-0.406250	0.218750
98	-0.250000	0.062500
99	-0.375000	-0.281250
100	-0.218750	0.062500
101	-0.062500	0.125000
102	-0.312500	-0.187500
103	-0.468750	-0.531250
104	-0.281250	-0.156250
105	-0.125000	0.000000
106	-0.375000	0.312500
107	-0.343750	-0.468750
108	-0.468750	-0.656250
109	-0.250000	-0.343750
110	-0.437500	-0.406250
111	-0.312500	-0.093750
112	-0.375000	0.468750
113	-0.500000	-0.562500
114	-0.250000	0.000000
115	-0.312500	0.000000
116	-0.187500	0.156250
117	-0.343750	0.468750
118	-0.125000	0.031250
119	0.031250	0.187500
120	-0.250000	0.218750
121	-0.281250	-0.218750
122	-0.125000	-0.093750
123	-0.281250	-0.250000
124	-0.250000	-0.406250
125	-0.375000	0.281250
126	-0.281250	-0.156250
127	-0.218750	0.093750
128	-0.250000	-0.125000
129	-0.437500	0.500000
130	-0.250000	0.343750
131	-0.218750	0.000000
132	-0.343750	-0.156250
133	-0.250000	0.031250
134	-0.437500	-0.593750
135	-0.406250	-0.437500
136	-0.406250	0.312500
137	-0.312500	-0.406250
138	-0.281250	-0.250000
139	-0.250000	0.125000
140	-0.218750	0.218750
141	-0.312500	-0.281250
142	-0.312500	0.218750
143	-0.187500	-0.031250
144	-0.125000	-0.093750
145	-0.406250	0.468750
146	-0.343750	0.375000
147	-0.250000	0.031250
148	-0.218750	0.125000
149	-0.468750	-0.468750
150	-0.250000	0.218750
151	-0.250000	0.062500
152	-0.343750	0.218750
153	-0.218750	-0.125000
154	-0.375000	0.000000
155	-0.312500	-0.125000
156	-0.343750	-0.062500
157	-0.281250	0.125000
158	-0.312500	0.250000
159	-0.281250	-0.250000
160	-0.625000	0.750000
161	-0.093750	-0.062500
162	-0.375000	-0.187500
163	-0.375000	-0.406250
164	-0.218750	0.281250
165	-0.375000	-0.406250
166	-0.250000	0.125000
167	-0.312500	-0.250000
168	-0.437500	0.656250
169	-0.375000	-0.062500
170	-0.281250	0.000000
171	-0.250000	-0.187500
172	-0.312500	0.031250
173	-0.281250	-0.125000
174	-0.187500	0.187500
175	-0.156250	-0.062500
176	-0.218750	-0.093750
177	-0.250000	-0.093750
178	-0.250000	-0.187500
179	-0.250000	0.031250
180	-0.187500	0.031250
181	-0.281250	-0.187500
182	-0.375000	0.093750
183	-0.343750	0.437500
184	-0.187500	0.093750
185	-0.250000	-0.218750
186	-0.187500	-0.281250
187	-0.375000	-0.281250
188	-0.093750	0.343750
189	-0.343750	-0.250000
190	-0.343750	-0.281250
191	-0.343750	-0.375000
192	-0.218750	0.062500
193	-0.312500	-0.218750
194	-0.187500	0.093750
195	-0.406250	-0.375000
196	-0.343750	-0.375000
197	-0.500000	-0.437500
198	-0.343750	-0.375000
199	-0.375000	0.000000
200	-0.218750	0.125000
201	-0.187500	0.375000
202	-0.250000	0.125000
203	-0.281250	0.375000
204	-0.187500	0.031250
205	-0.343750	0.062500
206	-0.281250	-0.343750
207	-0.312500	0.093750
208	-0.468750	0.031250
209	-0.437500	-0.312500
210	-0.375000	-0.125000
211	-0.250000	-0.281250
212	-0.406250	-0.156250
213	-0.312500	-0.062500
214	-0.281250	0.250000
215	-0.156250	0.093750
216	-0.312500	0.000000
217	-0.125000	0.125000
218	-0.187500	0.156250
219	-0.281250	-0.187500
220	-0.281250	0.031250
221	-0.156250	0.187500
222	-0.250000	-0.375000
223	-0.156250	-0.406250
224	-0.156250	-0.125000
225	-0.156250	-0.031250
226	-0.218750	0.031250
227	-0.156250	-0.250000
228	-0.281250	0.250000
229	-0.156250	-0.093750
230	-0.406250	0.281250
231	-0.312500	-0.093750
232	-0.312500	-0.312500
233	-0.437500	-0.125000
234	-0.312500	0.281250
235	-0.250000	-0.031250
236	-0.343750	-0.218750
237	-0.281250	-0.062500
238	-0.250000	-0.343750
239	-0.406250	0.500000
240	-0.250000	-0.250000
241	-0.093750	0.125000
242	-0.250000	-0.031250
243	-0.312500	-0.312500
244	-0.250000	-0.312500
245	-0.187500	-0.062500
246	-0.125000	0.000000
247	-0.312500	0.375000
248	-0.218750	-0.156250
249	-0.375000	-0.500000
250	-0.187500	0.375000
251	-0.375000	0.531250
252	-0.312500	0.218750
253	-0.218750	-0.156250
254	-0.218750	0.343750
255	-0.156250	0.218750
256	-0.312500	-0.343750
257	-0.218750	0.250000
258	-0.281250	-0.375000
259	-0.093750	0.031250
260	-0.250000	-0.312500
261	-0.375000	-0.062500
262	-0.125000	-0.125000
263	-0.437500	-0.281250
264	-0.343750	0.250000
265	-0.312500	-0.250000
266	-0.218750	-0.343750
267	-0.375000	0.406250
268	-0.250000	0.093750
269	-0.312500	0.437500
270	-0.312500	-0.156250
271	-0.375000	0.531250
272	-0.406250	0.281250
273	-0.281250	0.062500
274	-0.406250	-0.187500
275	-0.281250	0.031250
276	-0.218750	0.281250
277	-0.312500	0.250000
278	-0.437500	-0.093750
279	-0.156250	-0.031250
280	-0.468750	0.406250
281	-0.437500	0.375000
282	-0.312500	0.093750
283	-0.218750	-0.125000
284	-0.250000	0.187500
285	-0.343750	0.375000
286	-0.468750	-0.031250
287	-0.343750	0.187500
288	-0.250000	0.125000
289	-0.125000	-0.218750
290	-0.281250	0.062500
291	-0.312500	-0.343750
292	-0.281250	0.312500
293	-0.312500	-0.031250
294	-0.343750	0.343750
295	-0.250000	0.343750
296	-0.281250	-0.093750
297	-0.250000	-0.250000
298	-0.500000	-0.250000
299	-0.406250	-0.031250
300	-0.375000	0.250000
301	-0.406250	0.250000
302	-0.218750	-0.218750
303	-0.343750	-0.437500
304	-0.187500	-0.156250
305	-0.250000	0.031250
306	-0.218750	-0.312500
307	-0.281250	0.156250
308	-0.312500	0.093750
309	-0.281250	0.031250
310	-0.218750	0.250000
311	-0.250000	0.031250
312	-0.093750	0.062500
313	-0.187500	0.093750
314	-0.375000	0.156250
315	-0.156250	-0.031250
316	-0.375000	-0.406250
317	-0.312500	0.187500
318	-0.406250	0.562500
319	-0.156250	-0.031250
320	-0.218750	-0.343750
321	-0.375000	-0.031250
322	-0.218750	0.093750
323	-0.312500	0.406250
324	-0.250000	0.375000
325	-0.187500	-0.062500
326	-0.375000	0.187500
327	-0.343750	0.000000
328	-0.218750	-0.031250
329	-0.218750	0.312500
330	-0.156250	0.187500
331	-0.250000	-0.093750
332	-0.250000	-0.250000
333	-0.500000	0.031250
334	-0.156250	-0.031250
335	-0.187500	-0.281250
336	-0.312500	0.281250
337	-0.281250	-0.156250
338	-0.250000	-0.250000
339	-0.343750	0.406250
340	-0.468750	0.625000
341	-0.125000	0.125000
342	-0.250000	0.031250
343	-0.343750	0.031250
344	-0.437500	-0.187500
345	-0.437500	0.500000
346	-0.187500	0.437500
347	-0.343750	-0.062500
348	-0.156250	-0.031250
349	-0.531250	0.343750
350	-0.437500	0.250000
351	-0.218750	-0.156250
352	-0.281250	-0.125000
353	-0.468750	-0.250000
354	-0.281250	-0.125000
355	-0.375000	0.000000
356	-0.375000	0.281250
357	-0.500000	0.656250
358	-0.343750	0.343750
359	-0.281250	-0.281250
360	-0.343750	-0.218750
361	-0.312500	-0.156250
362	-0.312500	-0.093750
363	-0.406250	0.250000
364	-0.218750	0.406250
365	-0.406250	0.343750
366	-0.281250	-0.281250
367	-0.218750	-0.281250
368	-0.281250	-0.062500
369	-0.187500	-0.250000
370	-0.250000	0.343750
371	-0.156250	-0.125000
372	-0.281250	0.218750
373	-0.156250	0.062500
374	-0.187500	-0.125000
375	-0.187500	0.031250
376	-0.250000	-0.062500
377	-0.437500	0.562500
378	-0.468750	-0.343750
379	-0.531250	0.625000
380	-0.156250	0.125000
381	-0.281250	-0.031250
382	-0.281250	-0.281250
383	-0.281250	0.031250
384	-0.125000	0.000000
385	-0.187500	0.000000
386	-0.406250	0.062500
387	-0.343750	-0.281250
388	-0.218750	-0.125000
389	-0.125000	0.062500
390	-0.343750	-0.031250
391	-0.187500	-0.187500
392	-0.250000	0.125000
393	-0.468750	0.500000
394	-0.187500	0.062500
395	-0.406250	0.312500
396	-0.250000	0.375000
397	-0.343750	-0.125000
398	-0.343750	-0.375000
399	-0.187500	0.031250
400	-0.187500	-0.062500
401	-0.406250	0.406250
402	-0.312500	0.406250
403	-0.218750	-0.093750
404	-0.312500	0.125000
405	-0.312500	-0.125000
406	-0.250000	-0.156250
407	-0.437500	0.593750
408	-0.375000	-0.156250
409	-0.250000	-0.406250
410	-0.312500	0.000000
411	-0.531250	-0.656250
412	-0.343750	-0.187500
413	-0.250000	0.000000
414	-0.312500	-0.343750
415	-0.500000	0.312500
416	-0.343750	0.031250
417	-0.406250	0.500000
418	-0.531250	0.500000
419	-0.281250	0.312500
420	-0.343750	-0.156250
421	-0.375000	-0.500000
422	-0.218750	0.062500
423	-0.312500	0.031250
424	-0.406250	0.406250
425	-0.218750	0.250000
426	-0.281250	-0.062500
427	-0.156250	-0.156250
428	-0.343750	0.000000
429	-0.125000	0.250000
430	-0.312500	-0.218750
431	-0.468750	0.031250
432	-0.125000	-0.031250
433	-0.437500	0.312500
434	-0.187500	-0.062500
435	-0.312500	0.343750
436	-0.218750	0.312500
437	-0.187500	0.218750
438	-0.406250	-0.156250
439	-0.312500	-0.375000
440	-0.281250	0.218750
441	-0.406250	-0.343750
442	-0.312500	0.218750
443	-0.250000	0.218750
444	-0.375000	0.093750
445	-0.312500	-0.312500
446	-0.281250	-0.281250
447	-0.187500	0.156250
448	-0.343750	-0.031250
449	-0.093750	0.093750
450	-0.187500	-0.125000
451	-0.156250	-0.218750
452	-0.125000	0.125000
453	-0.281250	0.093750
454	-0.312500	0.000000
455	-0.281250	-0.281250
456	-0.343750	0.156250
457	-0.125000	0.031250
458	-0.375000	0.187500
459	-0.187500	0.156250
460	-0.406250	0.000000
461	-0.281250	-0.312500
462	-0.187500	-0.093750
463	-0.250000	0.218750
464	-0.406250	-0.093750
465	-0.250000	0.125000
466	-0.312500	0.250000
467	-0.156250	0.000000
468	-0.250000	-0.343750
469	-0.156250	0.156250
470	-0.343750	-0.062500
471	-0.406250	0.281250
472	-0.187500	0.125000
473	-0.343750	-0.312500
474	-0.406250	0.375000
475	-0.343750	0.125000
476	-0.375000	-0.375000
477	-0.187500	-0.312500
478	-0.468750	0.531250
479	-0.125000	0.343750
480	-0.375000	0.468750
481	-0.218750	-0.218750
482	-0.187500	0.187500
483	-0.375000	-0.031250
484	-0.250000	0.250000
485	-0.375000	0.000000
486	-0.437500	0.343750
487	-0.156250	-0.156250
488	-0.218750	-0.437500
489	-0.375000	-0.281250
490	-0.156250	0.062500
491	-0.187500	-0.312500
492	-0.281250	-0.250000
493	-0.406250	-0.156250
494	-0.406250	0.562500
495	-0.562500	-0.375000
496	-0.093750	-0.062500
497	-0.156250	-0.062500
498	0.000000	0.125000
499	-0.343750	-0.187500
500	-0.250000	-0.031250
501	-0.437500	0.593750
502	-0.281250	0.375000
503	-0.312500	0.343750
504	-0.375000	-0.218750
505	-0.437500	-0.312500
506	-0.281250	0.437500
507	-0.312500	-0.187500
508	-0.281250	-0.218750
509	-0.250000	-0.281250
510	-0.312500	0.125000
511	-0.187500	-0.062500
512	-0.093750	-0.156250
513	-0.437500	0.343750
514	-0.406250	-0.406250
515	-0.500000	0.468750
516	-0.062500	0.062500
517	-0.281250	0.375000
518	-0.187500	0.000000
519	-0.406250	-0.531250
520	-0.218750	0.000000
521	-0.406250	-0.343750
522	-0.468750	0.156250
523	-0.343750	0.312500
524	-0.312500	0.218750
525	-0.375000	0.375000
526	-0.156250	0.375000
527	-0.031250	0.031250
528	-0.281250	-0.437500
529	-0.250000	0.031250
530	-0.312500	0.125000
531	-0.343750	-0.125000
532	-0.593750	-0.437500
533	-0.343750	-0.156250
534	-0.312500	0.281250
535	-0.187500	-0.093750
536	-0.281250	0.343750
537	-0.343750	-0.250000
538	-0.468750	0.156250
539	-0.250000	0.406250
540	-0.250000	0.062500
541	-0.250000	0.187500
542	-0.437500	0.218750
543	-0.156250	-0.218750
544	-0.406250	-0.218750
545	-0.218750	0.000000
546	-0.125000	-0.187500
547	-0.343750	-0.156250
548	-0.531250	0.375000
549	-0.281250	-0.187500
550	-0.343750	0.218750
551	-0.312500	-0.343750
552	-0.156250	0.125000
553	-0.437500	0.562500
554	-0.312500	0.062500
555	-0.281250	0.156250
556	-0.500000	-0.281250
557	-0.281250	-0.218750
558	-0.187500	0.093750
559	-0.343750	-0.437500
560	-0.187500	0.031250
561	-0.312500	0.468750
562	-0.156250	0.031250
563	-0.343750	-0.093750
564	-0.062500	-0.187500
565	-0.156250	-0.062500
566	-0.250000	0.093750
567	-0.281250	0.031250
568	-0.281250	0.218750
569	-0.187500	0.062500
570	-0.406250	-0.218750
571	-0.375000	0.000000
572	-0.250000	-0.375000
573	-0.343750	0.156250
574	-0.500000	0.468750
575	-0.281250	0.093750
576	-0.375000	0.093750
577	-0.343750	-0.125000
578	-0.250000	0.125000
579	-0.406250	0.250000
580	-0.375000	0.156250
581	-0.281250	-0.343750
582	-0.187500	0.031250
583	-0.218750	0.031250
584	-0.156250	0.031250
585	-0.281250	0.218750
586	-0.531250	-0.625000
587	-0.156250	0.250000
588	-0.250000	0.156250
589	-0.281250	-0.343750
590	-0.250000	0.156250
591	-0.218750	0.031250
592	-0.343750	0.250000
593	-0.281250	0.437500
594	-0.218750	-0.125000
595	-0.187500	0.281250
596	-0.187500	0.093750
597	-0.562500	-0.625000
598	-0.093750	0.062500
599	-0.218750	0.062500
600	-0.312500	0.093750
601	-0.312500	0.125000
602	-0.218750	0.281250
603	-0.187500	0.281250
604	-0.281250	0.437500
605	-0.406250	-0.468750
606	-0.250000	0.250000
607	-0.281250	-0.031250
608	-0.375000	0.281250
609	-0.187500	0.187500
610	-0.375000	-0.437500
611	-0.312500	-0.093750
612	-0.156250	0.062500
613	-0.437500	0.093750
614	-0.281250	0.062500
615	-0.281250	-0.281250
616	-0.281250	0.250000
617	-0.281250	0.125000
618	-0.406250	-0.343750
619	-0.093750	0.062500
620	-0.156250	0.093750
621	-0.250000	-0.343750
622	-0.218750	-0.343750
623	-0.343750	0.218750
624	-0.375000	0.562500
625	-0.218750	-0.093750
626	-0.312500	-0.250000
627	-0.625000	0.562500
628	-0.312500	-0.156250
629	-0.218750	0.062500
630	-0.343750	0.406250
631	-0.187500	-0.125000
632	-0.437500	0.281250
633	-0.250000	0.156250
634	-0.343750	-0.093750
635	-0.343750	-0.125000
636	-0.312500	-0.093750
637	-0.437500	-0.625000
638	-0.437500	-0.406250
639	-0.187500	0.218750
640	-0.343750	0.343750
641	-0.343750	-0.218750
642	-0.218750	0.062500
643	-0.187500	-0.062500
644	-0.500000	-0.562500
645	-0.281250	-0.187500
646	-0.156250	-0.031250
647	-0.281250	-0.343750
648	-0.187500	-0.031250
649	-0.343750	0.500000
650	-0.375000	0.343750
651	-0.343750	-0.031250
652	-0.156250	-0.218750
653	-0.250000	0.250000
654	-0.250000	0.156250
655	-0.250000	-0.125000
656	-0.218750	0.062500
657	-0.093750	0.000000
658	-0.187500	0.281250
659	-0.093750	0.187500
660	-0.625000	0.750000
661	-0.312500	-0.218750
662	-0.312500	0.250000
663	-0.406250	-0.187500
664	-0.500000	-0.406250
665	-0.656250	0.625000
666	-0.593750	-0.718750
667	-0.375000	0.281250
668	-0.218750	0.125000
669	-0.250000	0.125000
670	-0.312500	-0.218750
671	-0.312500	0.031250
672	-0.281250	-0.406250
673	-0.125000	-0.093750
674	-0.375000	0.562500
675	-0.250000	0.250000
676	-0.250000	-0.156250
677	-0.375000	-0.031250
678	-0.218750	0.125000
679	-0.406250	0.312500
680	-0.312500	0.156250
681	-0.250000	0.093750
682	-0.406250	0.500000
683	-0.250000	0.093750
684	-0.218750	-0.406250
685	-0.281250	-0.125000
686	-0.250000	0.187500
687	-0.218750	-0.031250
688	-0.437500	-0.218750
689	-0.437500	0.000000
690	-0.343750	-0.281250
691	-0.156250	-0.062500
692	-0.343750	-0.125000
693	-0.281250	0.000000
694	-0.312500	-0.250000
695	-0.406250	-0.250000
696	-0.281250	-0.281250
697	-0.375000	0.156250
698	-0.343750	0.125000
699	-0.406250	0.281250
700	-0.281250	0.312500
701	-0.218750	0.218750
702	-0.218750	-0.031250
703	-0.281250	-0.437500
704	-0.312500	0.218750
705	-0.343750	0.468750
706	-0.500000	-0.250000
707	-0.062500	0.125000
708	-0.312500	-0.281250
709	-0.250000	0.062500
710	-0.406250	0.406250
711	-0.437500	0.406250
712	-0.312500	-0.187500
713	-0.250000	-0.156250
714	-0.375000	0.593750
715	-0.250000	-0.468750
716	-0.343750	-0.125000
717	-0.375000	-0.218750
718	-0.562500	-0.593750
719	-0.343750	-0.218750
720	-0.343750	0.218750
721	-0.218750	-0.218750
722	-0.406250	-0.031250
723	-0.375000	-0.031250
724	-0.187500	-0.250000
725	-0.406250	-0.031250
726	0.000000	0.125000
727	-0.218750	0.343750
728	-0.343750	0.218750
729	-0.031250	0.000000
730	-0.187500	-0.125000
731	-0.281250	0.125000
732	-0.187500	0.125000
733	-0.531250	0.250000
734	-0.281250	-0.156250
735	-0.125000	0.031250
736	-0.312500	0.250000
737	-0.218750	0.281250
738	-0.406250	0.375000
739	-0.062500	-0.062500
740	-0.312500	-0.218750
741	-0.375000	-0.031250
742	-0.281250	0.187500
743	-0.218750	0.125000
744	-0.375000	-0.375000
745	-0.406250	-0.125000
746	-0.218750	-0.156250
747	-0.281250	0.093750
748	-0.375000	-0.281250
749	-0.375000	-0.468750
750	-0.218750	0.218750
751	-0.187500	0.000000
752	-0.250000	-0.500000
753	-0.312500	0.250000
754	-0.375000	0.281250
755	-0.281250	0.343750
756	-0.250000	0.031250
757	-0.375000	0.187500
758	-0.312500	-0.156250
759	-0.375000	-0.125000
760	-0.250000	-0.187500
761	-0.312500	-0.406250
762	-0.062500	-0.125000
763	-0.281250	-0.343750
764	-0.375000	0.375000
765	-0.218750	0.031250
766	-0.375000	0.281250
767	-0.312500	-0.281250
768	-0.312500	-0.343750
769	-0.281250	0.062500
770	-0.531250	-0.468750
771	-0.250000	-0.062500
772	-0.406250	-0.343750
773	-0.312500	0.468750
774	-0.281250	0.343750
775	-0.437500	0.406250
776	-0.250000	-0.218750
777	-0.312500	0.281250
778	-0.468750	0.500000
779	-0.312500	0.062500
780	-0.406250	0.437500
781	-0.281250	-0.093750
782	-0.375000	0.406250
783	-0.437500	0.312500
784	-0.312500	0.281250
785	-0.187500	-0.031250
786	-0.468750	0.375000
787	-0.250000	-0.468750
788	-0.500000	0.562500
789	-0.343750	-0.531250
790	-0.500000	0.625000
791	-0.468750	0.125000
792	-0.406250	-0.250000
793	-0.281250	0.062500
794	-0.500000	-0.593750
795	-0.250000	-0.031250
796	-0.250000	0.187500
797	-0.093750	-0.031250
798	-0.125000	0.062500
799	-0.406250	0.375000
800	-0.062500	-0.062500
801	-0.187500	-0.250000
802	-0.281250	0.156250
803	-0.343750	0.031250
804	-0.468750	-0.625000
805	-0.281250	0.093750
806	-0.312500	-0.250000
807	-0.312500	0.312500
808	-0.468750	-0.562500
809	-0.187500	-0.281250
810	-0.375000	-0.218750
811	-0.187500	0.062500
812	-0.312500	0.312500
813	-0.375000	-0.156250
814	-0.281250	0.312500
815	-0.343750	-0.406250
816	-0.156250	-0.250000
817	-0.250000	-0.250000
818	-0.281250	-0.437500
819	-0.218750	0.406250
820	-0.312500	-0.093750
821	-0.312500	0.468750
822	-0.531250	0.062500
823	-0.250000	0.218750
824	-0.375000	-0.062500
825	-0.406250	0.062500
826	-0.281250	-0.031250
827	-0.281250	0.250000
828	-0.156250	0.187500
829	-0.218750	0.062500
830	-0.125000	-0.406250
831	-0.125000	0.000000
832	-0.312500	0.218750
833	-0.250000	-0.312500
834	-0.468750	0.156250
835	-0.218750	-0.031250
836	-0.343750	0.437500
837	-0.312500	-0.312500
838	-0.343750	-0.375000
839	-0.343750	-0.281250
840	-0.125000	-0.250000
841	-0.437500	0.625000
842	-0.281250	-0.375000
843	-0.250000	0.000000
844	-0.375000	0.375000
845	-0.500000	-0.375000
846	-0.375000	0.156250
847	-0.250000	0.031250
848	-0.406250	0.343750
849	-0.343750	0.000000
850	-0.187500	0.062500
851	-0.281250	0.093750
852	-0.281250	-0.218750
853	-0.250000	-0.312500
854	-0.093750	-0.093750
855	-0.343750	0.437500
856	-0.375000	0.250000
857	-0.250000	-0.281250
858	-0.187500	0.406250
859	-0.218750	0.125000
860	-0.218750	0.375000
861	-0.218750	0.125000
862	-0.125000	-0.093750
863	-0.406250	0.437500
864	-0.187500	-0.218750
865	-0.375000	0.156250
866	-0.250000	-0.250000
867	-0.218750	-0.125000
868	-0.250000	0.218750
869	-0.375000	-0.406250
870	-0.031250	0.031250
871	-0.312500	0.343750
872	-0.406250	0.000000
873	-0.281250	-0.031250
874	-0.250000	0.031250
875	-0.156250	-0.406250
876	-0.375000	0.156250
877	-0.218750	-0.031250
878	-0.156250	-0.218750
879	-0.531250	0.343750
880	-0.437500	0.375000
881	-0.125000	0.125000
882	-0.125000	0.187500
883	-0.343750	0.187500
884	-0.406250	0.250000
885	-0.281250	-0.406250
886	-0.125000	0.000000
887	-0.218750	0.250000
888	-0.218750	-0.375000
889	-0.437500	-0.031250
890	-0.375000	-0.125000
891	-0.093750	0.031250
892	-0.218750	-0.093750
893	-0.406250	0.562500
894	-0.281250	0.343750
895	-0.156250	0.156250
896	-0.281250	-0.093750
897	-0.281250	-0.343750
898	-0.437500	-0.500000
899	-0.343750	-0.125000
900	-0.437500	0.125000
901	-0.250000	-0.062500
902	-0.343750	0.093750
903	-0.250000	0.312500
904	-0.062500	0.250000
905	-0.343750	-0.500000
906	-0.218750	-0.031250
907	-0.281250	0.000000
908	-0.437500	-0.156250
909	-0.218750	0.218750
910	-0.343750	-0.343750
911	-0.375000	0.281250
912	-0.343750	-0.437500
913	-0.218750	0.031250
914	-0.187500	-0.156250
915	-0.062500	-0.093750
916	-0.375000	0.187500
917	-0.250000	-0.156250
918	-0.156250	0.250000
919	-0.187500	-0.093750
920	-0.250000	0.281250
921	-0.281250	0.187500
922	-0.312500	0.031250
923	-0.281250	-0.062500
924	-0.343750	0.000000
925	-0.500000	-0.687500
926	-0.250000	-0.218750
927	-0.437500	0.406250
928	-0.343750	0.343750
929	-0.343750	-0.125000
930	-0.187500	-0.125000
931	-0.281250	-0.312500
932	-0.468750	0.093750
933	-0.343750	-0.343750
934	-0.468750	0.000000
935	-0.375000	-0.218750
936	-0.343750	0.031250
937	-0.187500	0.125000
938	-0.343750	-0.156250
939	-0.406250	-0.125000
940	-0.312500	0.281250
941	-0.218750	0.312500
942	-0.406250	0.218750
943	-0.375000	0.062500
944	-0.281250	0.250000
945	-0.375000	0.562500
946	-0.656250	-0.750000
947	-0.218750	-0.156250
948	-0.250000	-0.218750
949	-0.312500	0.031250
950	-0.375000	-0.500000
951	-0.187500	-0.062500
952	-0.281250	0.281250
953	-0.281250	0.343750
954	-0.312500	-0.281250
955	-0.250000	-0.250000
956	-0.125000	-0.125000
957	-0.281250	-0.500000
958	-0.250000	-0.312500
959	-0.281250	-0.125000
960	-0.250000	-0.156250
961	-0.312500	-0.031250
962	-0.187500	0.250000
963	-0.406250	-0.625000
964	-0.406250	0.343750
965	-0.250000	0.000000
966	-0.093750	0.281250
967	-0.468750	-0.062500
968	-0.343750	-0.156250
969	-0.406250	-0.437500
970	-0.281250	-0.187500
971	-0.218750	-0.093750
972	-0.312500	-0.406250
973	-0.250000	-0.343750
974	-0.406250	0.375000
975	-0.406250	-0.218750
976	-0.250000	-0.031250
977	-0.281250	-0.281250
978	-0.375000	0.343750
979	-0.375000	-0.281250
980	-0.312500	0.031250
981	-0.375000	0.531250
982	-0.312500	0.093750
983	-0.343750	0.062500
984	-0.187500	0.406250
985	-0.500000	-0.562500
986	-0.093750	0.156250
987	-0.281250	-0.031250
988	-0.250000	-0.093750
989	-0.562500	0.187500
990	-0.312500	0.156250
991	-0.281250	0.000000
992	-0.281250	-0.343750
993	-0.187500	-0.250000
994	-0.500000	0.375000
995	-0.250000	0.218750
996	-0.156250	0.000000
997	-0.281250	-0.093750
998	-0.187500	0.093750
999	-0.281250	0.000000
