0	-0.781250	0.781250
1	-0.843750	0.906250
2	-0.937500	0.968750
3	-0.937500	0.968750
4	-1.000000	1.000000
5	-0.687500	0.718750
6	-0.750000	0.843750
7	-1.000000	1.000000
8	-0.750000	0.875000
9	-0.625000	0.718750
10	-0.812500	0.906250
11	-0.625000	0.812500
12	-0.718750	0.781250
13	-0.781250	0.843750
14	-0.781250	0.843750
15	-0.593750	0.593750
16	-1.000000	1.000000
17	-0.875000	0.937500
18	-0.687500	0.812500
19	-0.843750	0.875000
20	-0.875000	0.906250
21	-0.937500	0.968750
22	-0.812500	0.843750
23	-0.781250	0.875000
24	-0.875000	0.937500
25	-0.937500	0.968750
26	-0.937500	0.968750
27	-0.750000	0.812500
28	-0.656250	0.718750
29	-0.937500	0.968750
30	-1.000000	1.000000
31	-0.812500	0.843750
32	-0.656250	0.750000
33	-0.812500	0.906250
34	-0.875000	0.937500
35	-1.000000	1.000000
36	-1.000000	1.000000
37	-0.906250	0.937500
38	-0.937500	0.968750
39	-0.843750	0.875000
40	-0.937500	0.968750
41	-0.781250	0.875000
42	-0.906250	0.937500
43	-0.937500	0.968750
44	-0.937500	0.968750
45	-0.531250	0.312500
46	-0.625000	0.562500
47	-0.593750	0.406250
48	-0.718750	0.656250
49	-0.562500	0.562500
50	-0.687500	0.843750
51	-0.875000	0.937500
52	-0.937500	0.968750
53	-0.875000	0.906250
54	-0.687500	0.750000
55	-0.937500	0.968750
56	-0.750000	0.750000
57	-0.937500	0.968750
58	-1.000000	1.000000
59	-0.750000	0.812500
60	-0.843750	0.906250
61	-0.781250	0.875000
62	-0.718750	0.781250
63	-0.781250	0.843750
64	-0.500000	0.625000
65	-0.843750	0.906250
66	-0.812500	0.875000
67	-0.875000	0.937500
68	-0.593750	0.687500
69	-0.718750	0.781250
70	-1.000000	1.000000
71	-1.000000	1.000000
72	-0.906250	0.937500
73	-0.750000	0.843750
74	-0.812500	0.875000
75	-0.937500	0.968750
76	-0.937500	0.968750
77	-1.000000	1.000000
78	-1.000000	1.000000
79	-0.656250	0.718750
80	-0.937500	0.968750
81	-0.718750	0.781250
82	-0.937500	0.968750
83	-0.937500	0.968750
84	-0.937500	0.968750
85	-0.843750	0.906250
86	-0.625000	0.687500
87	-0.375000	-0.187500
88	-0.562500	-0.281250
89	-0.625000	-0.687500
90	-0.812500	-0.875000
91	-0.906250	-0.937500
92	-0.937500	-0.968750
93	-0.843750	-0.906250
94	-0.843750	-0.906250
95	-0.937500	-0.968750
96	-0.687500	-0.812500
97	-0.906250	-0.937500
98	-0.875000	-0.937500
99	-0.812500	-0.875000
100	-0.937500	-0.968750
101	-0.718750	-0.843750
102	-0.875000	-0.875000
103	-0.937500	-0.968750
104	-0.875000	-0.937500
105	-0.812500	-0.906250
106	-0.781250	-0.843750
107	-0.781250	-0.875000
108	-0.781250	-0.843750
109	-0.812500	-0.843750
110	-0.562500	-0.406250
111	-0.843750	-0.906250
112	-0.781250	-0.812500
113	-0.937500	-0.968750
114	-0.906250	-0.937500
115	-0.750000	-0.843750
116	-0.656250	-0.687500
117	-0.875000	-0.937500
118	-0.812500	-0.812500
119	-0.812500	-0.875000
120	-0.781250	-0.875000
121	-0.937500	-0.968750
122	-0.875000	-0.937500
123	-0.531250	-0.531250
124	-0.531250	-0.031250
125	-0.593750	0.625000
126	-0.875000	0.937500
127	-0.625000	0.687500
128	-0.781250	0.875000
129	-0.718750	0.812500
130	-0.625000	0.625000
131	-0.718750	0.843750
132	-0.937500	0.968750
133	-0.718750	0.843750
134	-0.781250	0.875000
135	-0.875000	0.937500
136	-0.625000	0.718750
137	-0.875000	0.906250
138	-0.781250	0.875000
139	-0.875000	0.937500
140	-0.625000	0.562500
141	-0.781250	0.875000
142	-0.875000	0.937500
143	-0.781250	0.843750
144	-0.718750	0.843750
145	-0.875000	0.937500
146	-0.718750	0.812500
147	-1.000000	1.000000
148	-0.812500	0.906250
149	-1.000000	1.000000
150	-0.937500	0.968750
151	-0.937500	0.968750
152	-0.875000	0.937500
153	-1.000000	1.000000
154	-0.781250	0.875000
155	-0.937500	0.968750
156	-1.000000	1.000000
157	-0.875000	0.875000
158	-0.656250	0.468750
159	-0.937500	0.968750
160	-0.875000	0.937500
161	-0.937500	0.968750
162	-0.812500	0.875000
163	-0.812500	0.906250
164	-1.000000	1.000000
165	-0.875000	0.937500
166	-0.718750	0.843750
167	-0.843750	0.906250
168	-1.000000	1.000000
169	-0.750000	0.875000
170	-0.875000	0.937500
171	-0.843750	0.875000
172	-0.687500	0.781250
173	-0.937500	0.968750
174	-0.718750	0.843750
175	-0.687500	0.750000
176	-1.000000	1.000000
177	-0.781250	0.875000
178	-0.843750	0.906250
179	-0.875000	0.937500
180	-1.000000	1.000000
181	-0.937500	0.968750
182	-1.000000	1.000000
183	-1.000000	1.000000
184	-0.687500	0.718750
185	-0.906250	0.937500
186	-0.937500	0.968750
187	-1.000000	1.000000
188	-0.812500	0.906250
189	-0.812500	0.875000
190	-0.781250	0.875000
191	-1.000000	1.000000
192	-0.750000	0.843750
193	-0.906250	0.937500
194	-0.687500	0.687500
195	-0.781250	0.875000
196	-1.000000	1.000000
197	-0.812500	0.875000
198	-0.812500	0.906250
199	-0.750000	0.843750
200	-1.000000	1.000000
201	-0.843750	0.875000
202	-0.875000	0.937500
203	-0.781250	0.875000
204	-0.781250	0.875000
205	-0.812500	0.906250
206	-0.812500	0.843750
207	-0.812500	0.875000
208	-1.000000	1.000000
209	-0.875000	0.875000
210	-1.000000	1.000000
211	-0.750000	0.812500
212	-0.812500	0.875000
213	-0.937500	0.968750
214	-0.812500	0.906250
215	-1.000000	1.000000
216	-0.718750	0.812500
217	-0.875000	0.937500
218	-0.593750	0.625000
219	-0.812500	0.906250
220	-0.718750	0.812500
221	-0.625000	0.656250
222	-0.937500	0.968750
223	-0.937500	0.968750
224	-0.343750	0.375000
225	-0.937500	0.968750
226	-0.781250	0.843750
227	-0.781250	0.843750
228	-0.718750	0.843750
229	-0.937500	0.968750
230	-1.000000	1.000000
231	-0.750000	0.812500
232	-0.625000	0.718750
233	-0.812500	0.875000
234	-0.937500	0.968750
235	-0.937500	0.968750
236	-0.875000	0.937500
237	-0.843750	0.875000
238	-0.750000	0.843750
239	-0.875000	0.937500
240	-0.812500	0.906250
241	-0.937500	0.968750
242	-0.937500	0.968750
243	-0.843750	0.906250
244	-0.593750	0.687500
245	-0.875000	0.906250
246	-0.875000	0.937500
247	-0.750000	0.781250
248	-0.812500	0.812500
249	-0.875000	0.937500
250	-0.875000	0.937500
251	-0.812500	0.875000
252	-0.687500	0.812500
253	-0.687500	0.750000
254	-0.500000	0.531250
255	-0.625000	0.687500
256	-0.812500	0.906250
257	-1.000000	1.000000
258	-1.000000	1.000000
259	-0.750000	0.875000
260	-0.875000	0.937500
261	-0.875000	0.906250
262	-0.843750	0.812500
263	-0.812500	0.906250
264	-0.781250	0.875000
265	-0.843750	0.906250
266	-0.656250	0.718750
267	-0.937500	0.968750
268	-0.937500	0.968750
269	-0.625000	0.781250
270	-0.875000	0.906250
271	-0.625000	0.750000
272	-1.000000	1.000000
273	-0.843750	0.906250
274	-0.875000	0.937500
275	-0.593750	0.718750
276	-0.875000	0.937500
277	-0.812500	0.906250
278	-0.937500	0.968750
279	-0.562500	0.500000
280	-0.500000	0.562500
281	-0.656250	-0.468750
282	-0.625000	-0.625000
283	-0.468750	0.125000
284	-0.750000	0.781250
285	-0.937500	0.968750
286	-0.531250	0.531250
287	-0.843750	0.906250
288	-0.812500	0.875000
289	-0.875000	0.937500
290	-0.906250	0.937500
291	-0.687500	0.718750
292	-0.718750	0.781250
293	-0.500000	-0.125000
294	-0.781250	-0.875000
295	-0.937500	-0.968750
296	-0.781250	-0.812500
297	-1.000000	-1.000000
298	-0.781250	-0.875000
299	-0.875000	-0.937500
300	-0.843750	-0.906250
301	-0.750000	-0.843750
302	-1.000000	-1.000000
303	-0.875000	-0.937500
304	-0.906250	-0.937500
305	-0.906250	-0.937500
306	-0.656250	-0.812500
307	-0.875000	-0.906250
308	-0.843750	-0.812500
309	-0.875000	-0.937500
310	-0.937500	-0.968750
311	-0.937500	-0.968750
312	-0.781250	-0.843750
313	-0.875000	-0.937500
314	-0.781250	-0.875000
315	-0.906250	-0.937500
316	-0.843750	-0.906250
317	-0.812500	-0.875000
318	-0.812500	-0.875000
319	-1.000000	-1.000000
320	-0.875000	-0.937500
321	-0.875000	-0.937500
322	-0.656250	-0.656250
323	-0.750000	-0.812500
324	-0.625000	-0.687500
325	-0.812500	-0.906250
326	-0.562500	-0.718750
327	-0.687500	-0.843750
328	-0.875000	-0.906250
329	-0.906250	-0.937500
330	-0.937500	-0.968750
331	-0.718750	-0.781250
332	-0.750000	-0.843750
333	-1.000000	-1.000000
334	-0.937500	-0.968750
335	-0.937500	-0.968750
336	-0.875000	-0.937500
337	-0.562500	-0.750000
338	-1.000000	-1.000000
339	-0.875000	-0.906250
340	-0.937500	-0.968750
341	-0.937500	-0.968750
342	-0.937500	-0.968750
343	-0.906250	-0.937500
344	-0.531250	-0.500000
345	-0.718750	-0.812500
346	-0.625000	-0.312500
347	-0.843750	0.843750
348	-0.812500	0.906250
349	-0.937500	0.968750
350	-0.937500	0.968750
351	-0.781250	0.875000
352	-0.812500	0.843750
353	-0.843750	0.906250
354	-1.000000	1.000000
355	-0.937500	0.968750
356	-0.812500	0.906250
357	-0.781250	0.843750
358	-0.937500	0.968750
359	-0.625000	0.781250
360	-0.593750	0.687500
361	-1.000000	1.000000
362	-0.937500	0.968750
363	-0.750000	0.812500
364	-0.843750	0.906250
365	-0.906250	0.937500
366	-0.750000	0.812500
367	-1.000000	1.000000
368	-0.875000	0.937500
369	-0.781250	0.843750
370	-0.781250	0.875000
371	-0.875000	0.937500
372	-0.781250	0.875000
373	-0.531250	0.687500
374	-0.812500	0.906250
375	-0.937500	0.968750
376	-0.750000	0.843750
377	-0.875000	0.937500
378	-0.875000	0.906250
379	-0.875000	0.937500
380	-0.937500	0.968750
381	-0.875000	0.937500
382	-0.875000	0.906250
383	-0.843750	0.843750
384	-0.812500	0.875000
385	-0.781250	0.875000
386	-0.875000	0.937500
387	-0.781250	0.875000
388	-0.875000	0.937500
389	-0.875000	0.937500
390	-0.843750	0.875000
391	-0.687500	0.750000
392	-0.875000	0.906250
393	-0.812500	0.906250
394	-1.000000	1.000000
395	-0.937500	0.968750
396	-0.937500	0.968750
397	-0.750000	0.781250
398	-1.000000	1.000000
399	-0.812500	0.875000
400	-0.750000	0.875000
401	-0.843750	0.906250
402	-0.812500	0.906250
403	-0.906250	0.937500
404	-0.937500	0.968750
405	-0.812500	0.875000
406	-0.906250	0.937500
407	-0.750000	0.781250
408	-0.781250	0.875000
409	-0.937500	0.968750
410	-0.843750	0.906250
411	-0.593750	0.687500
412	-0.843750	0.906250
413	-0.843750	0.875000
414	-0.562500	0.656250
415	-0.718750	0.781250
416	-0.843750	0.906250
417	-0.937500	0.968750
418	-0.812500	0.906250
419	-0.718750	0.812500
420	-0.750000	0.843750
421	-0.625000	0.531250
422	-0.812500	0.875000
423	-0.625000	0.687500
424	-0.781250	0.718750
425	-0.781250	0.875000
426	-1.000000	1.000000
427	-0.843750	0.906250
428	-0.812500	0.906250
429	-0.687500	0.812500
430	-0.875000	0.937500
431	-0.843750	0.906250
432	-0.781250	0.843750
433	-0.750000	0.875000
434	-0.906250	0.937500
435	-0.937500	0.968750
436	-0.875000	0.937500
437	-0.750000	0.843750
438	-0.625000	0.781250
439	-0.750000	0.875000
440	-0.750000	0.812500
441	-0.843750	0.906250
442	-0.906250	0.937500
443	-0.875000	0.906250
444	-0.906250	0.937500
445	-0.750000	0.875000
446	-0.843750	0.906250
447	-0.625000	0.625000
448	-0.812500	0.843750
449	-0.843750	0.906250
450	-0.875000	0.937500
451	-0.812500	0.875000
452	-0.812500	0.875000
453	-0.781250	0.875000
454	-0.906250	0.937500
455	-0.937500	0.968750
456	-0.937500	0.968750
457	-0.906250	0.937500
458	-0.468750	0.500000
459	-0.937500	0.968750
460	-1.000000	1.000000
461	-0.812500	0.906250
462	-0.593750	0.500000
463	-0.625000	0.593750
464	-0.781250	0.781250
465	-0.718750	0.843750
466	-0.718750	0.812500
467	-1.000000	1.000000
468	-0.781250	0.875000
469	-0.937500	0.968750
470	-0.812500	0.906250
471	-0.937500	0.968750
472	-1.000000	1.000000
473	-0.843750	0.906250
474	-0.875000	0.937500
475	-0.843750	0.875000
476	-0.750000	0.750000
477	-1.000000	1.000000
478	-0.937500	0.968750
479	-0.750000	0.875000
480	-1.000000	1.000000
481	-0.843750	0.906250
482	-0.812500	0.875000
483	-1.000000	1.000000
484	-1.000000	1.000000
485	-0.718750	0.843750
486	-0.937500	0.968750
487	-0.937500	0.968750
488	-0.843750	0.906250
489	-0.875000	0.937500
490	-0.875000	0.937500
491	-1.000000	1.000000
492	-0.875000	0.937500
493	-0.843750	0.875000
494	-0.875000	0.937500
495	-1.000000	1.000000
496	-0.906250	0.937500
497	-0.562500	0.500000
498	-0.875000	0.906250
499	-0.843750	0.906250
500	-0.781250	0.843750
501	-1.000000	1.000000
502	-0.750000	0.843750
503	-0.687500	0.812500
504	-0.812500	0.843750
505	-0.656250	0.750000
506	-0.937500	0.968750
507	-0.718750	0.843750
508	-0.937500	0.968750
509	-0.718750	0.781250
510	-0.593750	0.750000
511	-0.781250	0.875000
512	-1.000000	1.000000
513	-0.875000	0.937500
514	-0.718750	0.781250
515	-0.937500	0.968750
516	-0.937500	0.968750
517	-1.000000	1.000000
518	-0.843750	0.906250
519	-0.531250	-0.093750
520	-0.593750	0.562500
521	-0.906250	0.937500
522	-0.562500	0.437500
523	-0.937500	0.968750
524	-1.000000	1.000000
525	-0.875000	0.937500
526	-0.937500	0.968750
527	-0.875000	0.906250
528	-0.906250	0.937500
529	-1.000000	1.000000
530	-0.750000	0.750000
531	-1.000000	1.000000
532	-0.750000	0.718750
533	-0.937500	0.968750
534	-0.750000	0.687500
535	-0.937500	0.968750
536	-1.000000	1.000000
537	-0.718750	0.812500
538	-0.937500	0.968750
539	-1.000000	1.000000
540	-0.812500	0.781250
541	-0.812500	0.906250
542	-0.906250	0.937500
543	-0.750000	0.750000
544	-0.750000	0.843750
545	-0.781250	0.843750
546	-0.875000	0.937500
547	-0.875000	0.937500
548	-0.750000	0.843750
549	-0.843750	0.843750
550	-0.750000	0.843750
551	-0.781250	0.843750
552	-0.750000	0.781250
553	-0.812500	0.906250
554	-0.781250	0.875000
555	-0.906250	0.937500
556	-0.875000	0.937500
557	-0.781250	0.750000
558	-0.781250	0.843750
559	-0.750000	0.843750
560	-0.687500	0.750000
561	-0.781250	0.875000
562	-0.875000	0.937500
563	-0.718750	0.718750
564	-0.750000	0.812500
565	-0.625000	0.437500
566	-0.875000	0.937500
567	-0.937500	0.968750
568	-0.781250	0.875000
569	-0.875000	0.937500
570	-0.687500	0.687500
571	-0.718750	0.843750
572	-0.937500	0.968750
573	-0.687500	0.781250
574	-0.812500	0.906250
575	-0.781250	0.875000
576	-0.562500	0.437500
577	-0.937500	0.968750
578	-0.937500	0.968750
579	-0.812500	0.906250
580	-0.843750	0.906250
581	-0.781250	0.875000
582	-0.875000	0.937500
583	-0.718750	0.812500
584	-0.812500	0.812500
585	-0.718750	0.781250
586	-0.812500	0.906250
587	-0.750000	0.812500
588	-0.843750	0.906250
589	-0.875000	0.937500
590	-0.562500	0.437500
591	-0.718750	0.812500
592	-0.750000	0.812500
593	-0.843750	0.906250
594	-0.625000	0.656250
595	-0.625000	0.406250
596	-0.812500	0.906250
597	-0.937500	0.968750
598	-0.812500	0.875000
599	-0.875000	0.906250
600	-0.937500	0.968750
601	-0.875000	0.937500
602	-0.781250	0.812500
603	-0.937500	0.968750
604	-0.875000	0.906250
605	-0.875000	0.937500
606	-0.937500	0.968750
607	-0.875000	0.906250
608	-0.906250	0.937500
609	-0.812500	0.875000
610	-0.843750	0.906250
611	-0.812500	0.875000
612	-0.656250	0.812500
613	-0.812500	0.906250
614	-0.500000	0.593750
615	-0.843750	0.906250
616	-0.781250	0.843750
617	-0.750000	0.781250
618	-0.750000	0.875000
619	-0.906250	0.937500
620	-0.781250	0.875000
621	-0.750000	0.687500
622	-0.843750	0.906250
623	-0.937500	0.968750
624	-0.875000	0.937500
625	-0.750000	0.875000
626	-0.937500	0.968750
627	-0.937500	0.968750
628	-0.937500	0.968750
629	-1.000000	1.000000
630	-0.781250	0.875000
631	-0.843750	0.906250
632	-0.625000	0.750000
633	-0.843750	0.906250
634	-1.000000	1.000000
635	-0.656250	0.812500
636	-0.625000	0.687500
637	-0.937500	0.968750
638	-0.937500	0.968750
639	-0.937500	0.968750
640	-0.812500	0.906250
641	-0.562500	0.718750
642	-1.000000	1.000000
643	-0.875000	0.937500
644	-0.812500	0.781250
645	-0.875000	0.906250
646	-0.625000	0.718750
647	-0.937500	0.968750
648	-0.906250	0.937500
649	-0.718750	0.812500
650	-0.781250	0.718750
651	-0.875000	0.937500
652	-0.656250	0.593750
653	-0.500000	-0.500000
654	-0.937500	-0.968750
655	-0.843750	-0.906250
656	-0.937500	-0.968750
657	-0.937500	-0.968750
658	-0.656250	-0.687500
659	-0.875000	-0.937500
660	-0.812500	-0.875000
661	-0.687500	-0.781250
662	-0.625000	-0.656250
663	-0.875000	-0.875000
664	-0.750000	-0.843750
665	-1.000000	-1.000000
666	-0.781250	-0.718750
667	-0.781250	-0.875000
668	-0.781250	-0.843750
669	-1.000000	-1.000000
670	-0.875000	-0.937500
671	-0.937500	-0.968750
672	-0.593750	-0.687500
673	-0.718750	-0.718750
674	-0.718750	-0.750000
675	-0.781250	-0.812500
676	-0.937500	-0.968750
677	-0.937500	-0.968750
678	-0.812500	-0.906250
679	-0.875000	-0.937500
680	-0.718750	-0.750000
681	-0.750000	-0.781250
682	-0.906250	-0.937500
683	-1.000000	-1.000000
684	-0.937500	-0.968750
685	-1.000000	-1.000000
686	-0.875000	-0.937500
687	-1.000000	-1.000000
688	-0.906250	-0.937500
689	-0.625000	-0.750000
690	-1.000000	-1.000000
691	-0.937500	-0.968750
692	-0.625000	-0.781250
693	-0.718750	-0.781250
694	-0.812500	-0.906250
695	-0.687500	-0.843750
696	-0.875000	-0.937500
697	-0.937500	-0.968750
698	-1.000000	-1.000000
699	-0.625000	-0.406250
700	-0.531250	0.187500
701	-0.812500	0.906250
702	-0.812500	0.906250
703	-0.843750	0.906250
704	-0.718750	0.562500
705	-1.000000	1.000000
706	-0.937500	0.968750
707	-1.000000	1.000000
708	-0.687500	0.687500
709	-0.750000	0.843750
710	-0.687500	0.625000
711	-0.875000	0.937500
712	-0.656250	0.750000
713	-0.875000	0.906250
714	-0.937500	0.968750
715	-0.812500	0.875000
716	-1.000000	1.000000
717	-0.937500	0.968750
718	-0.875000	0.937500
719	-0.750000	0.812500
720	-0.843750	0.906250
721	-0.687500	0.656250
722	-0.562500	0.656250
723	-0.500000	0.687500
724	-0.875000	0.937500
725	-0.687500	0.718750
726	-0.656250	0.718750
727	-0.937500	0.968750
728	-0.812500	0.906250
729	-1.000000	1.000000
730	-0.937500	0.968750
731	-0.875000	0.906250
732	-0.812500	0.906250
733	-0.875000	0.937500
734	-0.562500	0.625000
735	-0.781250	0.843750
736	-0.875000	0.937500
737	-0.875000	0.937500
738	-0.906250	0.937500
739	-0.937500	0.968750
740	-0.875000	0.937500
741	-0.875000	0.937500
742	-0.781250	0.875000
743	-0.843750	0.906250
744	-0.750000	0.812500
745	-0.781250	0.812500
746	-0.937500	0.968750
747	-0.875000	0.937500
748	-0.937500	0.968750
749	-0.843750	0.906250
750	-0.656250	0.781250
751	-0.625000	0.781250
752	-0.656250	0.781250
753	-0.593750	0.468750
754	-0.937500	0.968750
755	-1.000000	1.000000
756	-1.000000	1.000000
757	-0.937500	0.968750
758	-0.906250	0.937500
759	-1.000000	1.000000
760	-1.000000	1.000000
761	-0.875000	0.937500
762	-0.875000	0.937500
763	-0.656250	0.687500
764	-0.906250	0.937500
765	-0.812500	0.906250
766	-0.781250	0.843750
767	-0.875000	0.937500
768	-0.593750	0.531250
769	-0.843750	0.906250
770	-0.906250	0.937500
771	-1.000000	1.000000
772	-0.781250	0.843750
773	-0.750000	0.843750
774	-0.875000	0.937500
775	-0.500000	0.281250
776	-0.437500	-0.281250
777	-0.750000	-0.843750
778	-0.937500	-0.968750
779	-0.937500	-0.968750
780	-0.718750	-0.781250
781	-1.000000	-1.000000
782	-0.937500	-0.968750
783	-0.781250	-0.875000
784	-0.656250	-0.750000
785	-0.718750	-0.781250
786	-0.875000	-0.937500
787	-0.937500	-0.968750
788	-0.875000	-0.937500
789	-0.812500	-0.875000
790	-0.781250	-0.750000
791	-0.937500	-0.968750
792	-0.687500	-0.843750
793	-0.843750	-0.812500
794	-0.875000	-0.937500
795	-0.937500	-0.968750
796	-0.781250	-0.875000
797	-0.875000	-0.937500
798	-0.781250	-0.875000
799	-0.750000	-0.750000
800	-0.843750	-0.906250
801	-0.875000	-0.937500
802	-0.718750	-0.750000
803	-0.750000	-0.781250
804	-0.875000	-0.937500
805	-0.843750	-0.906250
806	-0.937500	-0.968750
807	-0.656250	-0.781250
808	-0.500000	-0.500000
809	-0.937500	-0.968750
810	-0.625000	-0.718750
811	-0.843750	-0.843750
812	-0.437500	-0.125000
813	-0.843750	-0.906250
814	-0.593750	-0.531250
815	-0.875000	-0.906250
816	-0.656250	-0.656250
817	-0.718750	-0.656250
818	-0.843750	-0.906250
819	-0.812500	-0.906250
820	-0.656250	-0.312500
821	-1.000000	1.000000
822	-0.718750	0.812500
823	-1.000000	1.000000
824	-0.937500	0.968750
825	-0.875000	0.937500
826	-0.812500	0.906250
827	-0.875000	0.875000
828	-0.781250	0.875000
829	-0.781250	0.875000
830	-0.750000	0.843750
831	-0.875000	0.937500
832	-0.843750	0.906250
833	-0.875000	0.906250
834	-0.781250	0.875000
835	-1.000000	1.000000
836	-1.000000	1.000000
837	-0.906250	0.937500
838	-1.000000	1.000000
839	-0.875000	0.937500
840	-0.906250	0.937500
841	-0.937500	0.968750
842	-1.000000	1.000000
843	-0.937500	0.968750
844	-0.875000	0.906250
845	-1.000000	1.000000
846	-0.906250	0.937500
847	-0.843750	0.906250
848	-0.812500	0.906250
849	-0.875000	0.937500
850	-0.906250	0.937500
851	-0.718750	0.812500
852	-0.875000	0.937500
853	-0.937500	0.968750
854	-0.937500	0.968750
855	-0.812500	0.906250
856	-0.781250	0.875000
857	-0.875000	0.937500
858	-0.812500	0.812500
859	-0.843750	0.906250
860	-0.812500	0.812500
861	-0.687500	0.812500
862	-0.718750	0.781250
863	-1.000000	1.000000
864	-0.937500	0.968750
865	-0.687500	0.593750
866	-0.562500	0.625000
867	-0.937500	0.968750
868	-0.937500	0.968750
869	-0.718750	0.843750
870	-1.000000	1.000000
871	-0.937500	0.968750
872	-0.656250	0.656250
873	-0.937500	0.968750
874	-0.781250	0.875000
875	-0.937500	0.968750
876	-0.687500	0.843750
877	-0.875000	0.937500
878	-1.000000	1.000000
879	-0.812500	0.875000
880	-0.750000	0.843750
881	-0.781250	0.812500
882	-0.906250	0.937500
883	-1.000000	1.000000
884	-0.781250	0.843750
885	-0.812500	0.906250
886	-0.875000	0.937500
887	-0.875000	0.937500
888	-0.843750	0.906250
889	-0.781250	0.812500
890	-0.750000	0.843750
891	-0.781250	0.875000
892	-0.843750	0.906250
893	-0.843750	0.906250
894	-0.593750	0.750000
895	-0.906250	0.937500
896	-0.843750	0.906250
897	-1.000000	1.000000
898	-0.781250	0.843750
899	-0.593750	0.468750
900	-0.687500	0.812500
901	-0.875000	0.937500
902	-0.875000	0.937500
903	-0.937500	0.968750
904	-0.843750	0.906250
905	-0.875000	0.937500
906	-1.000000	1.000000
907	-0.875000	0.937500
908	-0.875000	0.937500
909	-0.812500	0.906250
910	-0.625000	0.656250
911	-0.937500	0.968750
912	-0.781250	0.875000
913	-0.937500	0.968750
914	-0.812500	0.906250
915	-0.750000	0.843750
916	-1.000000	1.000000
917	-0.812500	0.906250
918	-1.000000	1.000000
919	-0.937500	0.968750
920	-1.000000	1.000000
921	-0.718750	0.843750
922	-0.843750	0.906250
923	-0.687500	0.750000
924	-0.937500	0.968750
925	-0.875000	0.937500
926	-0.750000	0.843750
927	-0.781250	0.875000
928	-0.937500	0.968750
929	-0.781250	0.843750
930	-0.687500	0.812500
931	-0.906250	0.937500
932	-1.000000	1.000000
933	-0.875000	0.937500
934	-0.687500	0.718750
935	-0.843750	0.906250
936	-1.000000	1.000000
937	-1.000000	1.000000
938	-0.875000	0.937500
939	-0.781250	0.843750
940	-0.718750	0.718750
941	-0.843750	0.906250
942	-1.000000	1.000000
943	-0.906250	0.937500
944	-0.750000	0.843750
945	-0.437500	0.531250
946	-0.937500	0.968750
947	-0.875000	0.937500
948	-1.000000	1.000000
949	-1.000000	1.000000
950	-1.000000	1.000000
951	-0.875000	0.937500
952	-1.000000	1.000000
953	-0.937500	0.968750
954	-0.875000	0.906250
955	-0.937500	0.968750
956	-0.906250	0.937500
957	-1.000000	1.000000
958	-0.531250	0.625000
959	-0.937500	0.968750
960	-0.812500	0.875000
961	-0.937500	0.968750
962	-0.906250	0.937500
963	-0.875000	0.937500
964	-0.843750	0.875000
965	-0.750000	0.843750
966	-0.937500	0.968750
967	-0.718750	0.781250
968	-0.937500	0.968750
969	-0.843750	0.906250
970	-0.687500	0.750000
971	-0.781250	0.843750
972	-0.812500	0.812500
973	-0.843750	0.906250
974	-0.937500	0.968750
975	-1.000000	1.000000
976	-0.843750	0.906250
977	-0.937500	0.968750
978	-0.906250	0.937500
979	-0.781250	0.781250
980	-0.750000	0.875000
981	-0.687500	0.781250
982	-0.937500	0.968750
983	-0.937500	0.968750
984	-0.625000	0.625000
985	-0.656250	0.593750
986	-0.906250	0.937500
987	-0.718750	0.625000
988	-0.718750	0.750000
989	-0.781250	0.875000
990	-0.781250	0.875000
991	-1.000000	1.000000
992	-0.937500	0.968750
993	-0.906250	0.937500
994	-0.812500	0.875000
995	-0.750000	0.843750
996	-0.718750	0.687500
997	-0.937500	0.968750
998	-0.843750	0.875000
999	-0.937500	0.968750
