0	-0.941895	-0.966309
1	-0.955566	-0.976074
2	-0.941895	-0.967285
3	-0.949707	-0.969727
4	-0.953613	-0.975098
5	-0.947754	-0.966797
6	-0.957031	-0.974121
7	-0.946289	-0.967285
8	-0.954102	-0.973633
9	-0.943359	-0.967773
10	-0.958008	-0.978027
11	-0.944336	-0.968750
12	-0.951660	-0.973633
13	-0.939453	-0.963867
14	-0.950684	-0.973145
15	-0.935547	-0.959473
16	-0.947266	-0.969238
17	-0.968750	-0.982422
18	-0.950195	-0.971680
19	-0.932129	-0.959473
20	-0.945313	-0.968262
21	-0.950684	-0.970703
22	-0.953125	-0.974609
23	-0.946777	-0.967285
24	-0.951660	-0.974121
25	-0.958984	-0.976074
26	-0.958008	-0.976563
27	-0.945801	-0.966797
28	-0.954102	-0.975586
29	-0.949219	-0.968750
30	-0.946777	-0.967773
31	-0.947266	-0.968750
32	-0.942383	-0.965820
33	-0.937012	-0.961914
34	-0.963379	-0.977051
35	-0.947266	-0.967285
36	-0.945801	-0.967773
37	-0.945801	-0.967285
38	-0.945801	-0.965820
39	-0.952148	-0.972168
40	-0.950195	-0.969238
41	-0.956543	-0.975098
42	-0.948242	-0.971191
43	-0.950684	-0.970215
44	-0.943848	-0.969727
45	-0.960938	-0.976563
46	-0.950684	-0.962402
47	-0.951660	-0.971680
48	-0.944336	-0.968750
49	-0.960449	-0.975098
50	-0.953125	-0.969727
51	-0.931152	-0.958008
52	-0.935547	-0.960938
53	-0.954590	-0.974609
54	-0.934570	-0.961914
55	-0.937988	-0.962891
56	-0.937500	-0.959961
57	-0.962402	-0.978027
58	-0.940430	-0.958496
59	-0.925293	-0.955566
60	-0.958984	-0.979004
61	-0.947754	-0.971191
62	-0.959961	-0.978516
63	-0.944336	-0.967285
64	-0.943359	-0.966309
65	-0.953125	-0.973145
66	-0.946289	-0.967773
67	-0.952637	-0.973633
68	-0.956055	-0.975098
69	-0.964355	-0.979004
70	-0.944824	-0.967773
71	-0.955078	-0.971680
72	-0.960938	-0.975586
73	-0.945313	-0.968750
74	-0.963867	-0.979492
75	-0.940918	-0.964355
76	-0.947266	-0.970703
77	-0.955078	-0.974609
78	-0.939941	-0.961914
79	-0.944824	-0.964355
80	-0.945801	-0.967773
81	-0.941895	-0.966797
82	-0.947754	-0.968262
83	-0.951660	-0.970703
84	-0.940430	-0.965332
85	-0.960449	-0.977051
86	-0.950195	-0.966797
87	-0.942871	-0.964844
88	-0.943848	-0.966309
89	-0.966797	-0.981445
90	-0.955078	-0.973633
91	-0.961426	-0.979004
92	-0.949219	-0.967773
93	-0.957520	-0.974609
94	-0.943359	-0.966309
95	-0.944336	-0.965332
96	-0.943359	-0.965820
97	-0.950684	-0.961914
98	-0.952148	-0.970215
99	-0.936523	-0.953613
100	-0.936035	-0.953125
101	-0.949707	-0.970215
102	-0.938477	-0.958496
103	-0.957520	-0.975586
104	-0.941895	-0.964355
105	-0.944336	-0.966309
106	-0.949219	-0.964844
107	-0.948730	-0.965820
108	-0.937988	-0.955078
109	-0.953613	-0.973145
110	-0.945801	-0.966309
111	-0.932617	-0.957520
112	-0.940918	-0.967285
113	-0.956055	-0.975586
114	-0.952637	-0.969727
115	-0.951660	-0.973633
116	-0.941895	-0.966309
117	-0.951660	-0.970703
118	-0.934082	-0.958496
119	-0.946289	-0.965820
120	-0.953613	-0.975098
121	-0.943359	-0.966797
122	-0.952637	-0.974121
123	-0.959473	-0.978516
124	-0.944824	-0.967773
125	-0.951172	-0.969727
126	-0.955566	-0.976074
127	-0.951660	-0.971680
128	-0.948730	-0.970703
129	-0.956543	-0.974609
130	-0.950195	-0.972656
131	-0.949219	-0.970703
132	-0.942871	-0.967773
133	-0.933105	-0.961914
134	-0.958008	-0.977051
135	-0.956543	-0.974609
136	-0.953613	-0.972168
137	-0.937988	-0.958008
138	-0.937012	-0.962402
139	-0.948730	-0.972656
140	-0.937012	-0.957031
141	-0.931641	-0.959473
142	-0.941895	-0.963867
143	-0.951172	-0.971191
144	-0.937500	-0.958496
145	-0.954590	-0.972656
146	-0.950195	-0.968750
147	-0.947266	-0.966309
148	-0.930176	-0.952637
149	-0.938965	-0.961426
150	-0.943848	-0.964355
151	-0.956055	-0.976074
152	-0.945801	-0.967773
153	-0.954590	-0.971191
154	-0.957031	-0.975098
155	-0.954590	-0.974121
156	-0.946289	-0.966797
157	-0.955078	-0.975098
158	-0.945801	-0.965332
159	-0.950195	-0.973633
160	-0.932617	-0.961426
161	-0.952148	-0.968750
162	-0.947266	-0.969238
163	-0.946777	-0.968750
164	-0.938477	-0.962891
165	-0.944824	-0.966797
166	-0.948730	-0.972656
167	-0.954590	-0.972656
168	-0.948730	-0.966309
169	-0.945801	-0.959473
170	-0.949219	-0.969238
171	-0.958984	-0.975098
172	-0.942871	-0.967773
173	-0.952637	-0.972656
174	-0.949219	-0.968262
175	-0.942871	-0.962402
176	-0.951660	-0.972168
177	-0.954102	-0.975586
178	-0.949219	-0.971680
179	-0.949707	-0.968750
180	-0.940918	-0.964355
181	-0.942383	-0.958984
182	-0.934082	-0.952148
183	-0.952148	-0.970215
184	-0.950195	-0.973145
185	-0.954590	-0.971191
186	-0.942871	-0.965820
187	-0.941406	-0.964355
188	-0.948242	-0.972168
189	-0.950195	-0.968750
190	-0.937500	-0.961914
191	-0.947266	-0.970703
192	-0.942871	-0.964355
193	-0.934570	-0.961426
194	-0.946289	-0.963379
195	-0.957520	-0.972656
196	-0.933105	-0.958984
197	-0.951660	-0.970703
198	-0.953125	-0.973145
199	-0.953613	-0.974121
200	-0.948242	-0.968750
201	-0.950684	-0.970703
202	-0.954102	-0.971680
203	-0.947754	-0.968262
204	-0.938965	-0.961426
205	-0.937012	-0.961426
206	-0.960938	-0.979004
207	-0.958008	-0.972656
208	-0.953613	-0.975098
209	-0.939453	-0.967285
210	-0.936035	-0.961426
211	-0.958984	-0.978027
212	-0.940430	-0.965332
213	-0.951172	-0.972656
214	-0.938965	-0.962891
215	-0.944824	-0.969727
216	-0.926270	-0.951660
217	-0.933105	-0.959473
218	-0.950195	-0.971680
219	-0.946289	-0.967773
220	-0.946289	-0.967773
221	-0.952148	-0.971680
222	-0.956055	-0.976563
223	-0.948242	-0.971680
224	-0.942383	-0.969238
225	-0.945801	-0.967285
226	-0.937012	-0.961914
227	-0.957520	-0.977539
228	-0.939453	-0.964844
229	-0.956055	-0.971680
230	-0.949707	-0.972168
231	-0.960938	-0.978516
232	-0.951172	-0.972656
233	-0.953125	-0.971191
234	-0.950684	-0.970215
235	-0.946289	-0.967773
236	-0.941406	-0.966309
237	-0.937012	-0.959961
238	-0.952148	-0.971191
239	-0.960449	-0.975586
240	-0.950195	-0.971191
241	-0.955566	-0.976074
242	-0.923340	-0.956055
243	-0.941406	-0.965332
244	-0.932129	-0.957031
245	-0.940430	-0.966797
246	-0.950684	-0.972656
247	-0.952148	-0.969238
248	-0.959473	-0.977051
249	-0.933594	-0.960938
250	-0.942383	-0.967773
251	-0.954102	-0.970215
252	-0.941895	-0.965820
253	-0.944824	-0.965332
254	-0.955566	-0.973145
255	-0.942383	-0.964355
256	-0.929199	-0.956543
257	-0.939453	-0.962402
258	-0.953613	-0.972656
259	-0.948242	-0.968750
260	-0.940430	-0.963379
261	-0.951660	-0.970215
262	-0.947266	-0.966797
263	-0.938477	-0.963867
264	-0.936035	-0.961426
265	-0.942871	-0.967773
266	-0.948730	-0.970703
267	-0.952637	-0.973145
268	-0.953125	-0.974121
269	-0.940918	-0.964355
270	-0.945313	-0.970703
271	-0.948242	-0.967285
272	-0.931152	-0.960449
273	-0.943848	-0.966309
274	-0.954590	-0.971191
275	-0.946289	-0.969238
276	-0.937500	-0.962402
277	-0.946777	-0.969238
278	-0.940430	-0.962402
279	-0.960449	-0.976074
280	-0.939453	-0.962891
281	-0.934570	-0.960449
282	-0.948242	-0.970703
283	-0.943359	-0.968262
284	-0.947266	-0.969238
285	-0.947266	-0.968750
286	-0.953613	-0.973633
287	-0.957520	-0.974121
288	-0.946777	-0.966309
289	-0.947754	-0.969238
290	-0.957031	-0.974609
291	-0.955566	-0.976074
292	-0.946777	-0.966797
293	-0.950684	-0.972168
294	-0.947266	-0.970215
295	-0.950684	-0.972168
296	-0.954102	-0.973633
297	-0.942871	-0.967285
298	-0.952637	-0.969727
299	-0.946289	-0.968750
300	-0.954590	-0.975586
301	-0.958008	-0.976563
302	-0.934570	-0.958984
303	-0.938965	-0.964355
304	-0.929199	-0.951660
305	-0.932129	-0.951660
306	-0.948730	-0.971680
307	-0.958984	-0.976074
308	-0.956543	-0.976074
309	-0.945801	-0.967773
310	-0.950195	-0.972656
311	-0.940918	-0.961914
312	-0.945313	-0.964355
313	-0.947266	-0.961426
314	-0.948730	-0.971191
315	-0.950195	-0.970215
316	-0.947266	-0.967773
317	-0.944336	-0.967285
318	-0.954590	-0.973633
319	-0.957520	-0.974121
320	-0.951660	-0.971680
321	-0.949707	-0.970703
322	-0.949219	-0.967773
323	-0.953613	-0.971680
324	-0.944824	-0.964844
325	-0.948242	-0.969727
326	-0.958008	-0.975098
327	-0.949707	-0.970215
328	-0.947754	-0.968262
329	-0.956055	-0.973145
330	-0.960449	-0.978027
331	-0.951660	-0.972656
332	-0.941895	-0.965820
333	-0.951172	-0.974121
334	-0.936523	-0.960938
335	-0.943359	-0.968750
336	-0.945313	-0.968262
337	-0.939453	-0.958008
338	-0.946289	-0.967285
339	-0.966309	-0.979980
340	-0.933594	-0.960449
341	-0.942871	-0.965820
342	-0.934570	-0.957031
343	-0.932129	-0.960449
344	-0.946777	-0.970703
345	-0.941406	-0.966309
346	-0.946777	-0.967773
347	-0.950684	-0.968750
348	-0.951660	-0.971680
349	-0.946777	-0.964355
350	-0.958008	-0.977051
351	-0.945313	-0.968262
352	-0.959961	-0.975586
353	-0.947754	-0.968750
354	-0.926758	-0.952637
355	-0.956055	-0.973145
356	-0.950684	-0.972168
357	-0.951660	-0.973145
358	-0.961426	-0.973633
359	-0.954102	-0.974121
360	-0.955566	-0.975586
361	-0.940918	-0.965332
362	-0.952148	-0.973145
363	-0.940918	-0.959473
364	-0.951172	-0.972168
365	-0.946777	-0.965820
366	-0.963867	-0.980469
367	-0.942871	-0.966309
368	-0.943848	-0.965332
369	-0.938477	-0.963867
370	-0.953125	-0.973145
371	-0.941406	-0.964355
372	-0.958008	-0.975586
373	-0.941406	-0.963379
374	-0.947266	-0.961914
375	-0.950195	-0.971191
376	-0.942383	-0.965332
377	-0.937988	-0.959473
378	-0.958496	-0.976074
379	-0.949707	-0.970703
380	-0.937988	-0.959473
381	-0.959961	-0.977539
382	-0.954102	-0.972656
383	-0.953613	-0.974121
384	-0.945313	-0.960938
385	-0.943848	-0.968750
386	-0.952148	-0.971191
387	-0.937988	-0.962891
388	-0.951172	-0.971191
389	-0.949219	-0.970215
390	-0.941406	-0.963867
391	-0.949219	-0.970215
392	-0.934570	-0.960938
393	-0.962891	-0.979980
394	-0.941895	-0.962891
395	-0.922363	-0.951172
396	-0.946777	-0.967773
397	-0.938477	-0.961914
398	-0.947266	-0.966309
399	-0.938477	-0.964355
400	-0.954590	-0.970703
401	-0.939453	-0.959961
402	-0.955566	-0.972656
403	-0.953613	-0.974609
404	-0.960449	-0.978516
405	-0.952637	-0.973145
406	-0.960938	-0.978516
407	-0.949219	-0.972656
408	-0.955566	-0.973633
409	-0.944336	-0.967285
410	-0.929199	-0.952637
411	-0.954102	-0.973633
412	-0.957520	-0.977051
413	-0.936035	-0.961426
414	-0.952637	-0.973633
415	-0.938965	-0.963379
416	-0.952637	-0.971191
417	-0.946777	-0.970703
418	-0.952637	-0.970703
419	-0.941895	-0.965332
420	-0.951660	-0.971680
421	-0.934570	-0.959961
422	-0.937500	-0.966309
423	-0.944824	-0.968750
424	-0.943359	-0.965820
425	-0.953613	-0.971191
426	-0.966797	-0.981445
427	-0.952637	-0.972168
428	-0.955566	-0.976074
429	-0.943848	-0.968750
430	-0.953125	-0.973145
431	-0.948242	-0.969727
432	-0.958496	-0.974609
433	-0.941406	-0.966309
434	-0.950195	-0.967285
435	-0.958496	-0.977051
436	-0.947754	-0.968750
437	-0.950684	-0.972168
438	-0.956055	-0.973145
439	-0.951660	-0.970215
440	-0.947754	-0.969238
441	-0.954102	-0.976563
442	-0.936035	-0.960938
443	-0.935547	-0.959961
444	-0.949219	-0.969727
445	-0.948242	-0.969727
446	-0.964844	-0.974609
447	-0.937988	-0.962891
448	-0.953613	-0.973145
449	-0.940430	-0.956543
450	-0.945801	-0.968750
451	-0.940918	-0.961914
452	-0.943359	-0.966797
453	-0.941895	-0.966797
454	-0.954102	-0.975098
455	-0.942871	-0.968262
456	-0.944824	-0.962402
457	-0.941895	-0.967285
458	-0.945801	-0.967285
459	-0.951660	-0.971191
460	-0.942871	-0.968262
461	-0.936523	-0.960449
462	-0.951660	-0.970703
463	-0.937500	-0.961914
464	-0.957520	-0.977539
465	-0.948242	-0.969238
466	-0.958984	-0.978516
467	-0.949219	-0.966797
468	-0.940430	-0.966797
469	-0.934570	-0.962891
470	-0.950195	-0.971680
471	-0.953125	-0.973145
472	-0.946289	-0.967285
473	-0.942871	-0.967773
474	-0.943848	-0.964844
475	-0.939453	-0.962402
476	-0.950684	-0.970703
477	-0.929688	-0.957520
478	-0.948730	-0.970703
479	-0.952148	-0.972168
480	-0.950684	-0.973633
481	-0.948242	-0.967773
482	-0.934570	-0.961426
483	-0.937500	-0.960449
484	-0.953125	-0.968750
485	-0.949219	-0.967773
486	-0.940430	-0.966797
487	-0.951172	-0.971680
488	-0.958984	-0.978516
489	-0.951172	-0.971680
490	-0.932617	-0.961426
491	-0.951172	-0.973145
492	-0.961426	-0.978516
493	-0.944336	-0.963867
494	-0.945313	-0.967773
495	-0.941895	-0.966797
496	-0.957520	-0.977051
497	-0.928223	-0.956055
498	-0.945801	-0.968262
499	-0.954590	-0.970215
500	-0.954590	-0.972168
501	-0.943359	-0.967285
502	-0.949219	-0.965332
503	-0.945801	-0.969238
504	-0.945801	-0.967285
505	-0.954102	-0.973633
506	-0.954102	-0.970703
507	-0.946777	-0.965332
508	-0.936035	-0.955078
509	-0.936035	-0.952637
510	-0.950195	-0.964844
511	-0.946289	-0.967773
512	-0.952637	-0.973633
513	-0.956543	-0.976563
514	-0.942871	-0.966309
515	-0.939453	-0.961914
516	-0.926270	-0.942871
517	-0.940918	-0.959473
518	-0.939941	-0.957520
519	-0.943359	-0.967285
520	-0.946289	-0.969238
521	-0.948730	-0.971191
522	-0.941895	-0.968750
523	-0.946289	-0.967285
524	-0.941895	-0.963379
525	-0.951660	-0.973145
526	-0.950684	-0.972656
527	-0.962402	-0.977539
528	-0.949219	-0.972168
529	-0.932129	-0.958008
530	-0.943848	-0.967773
531	-0.948242	-0.970215
532	-0.939941	-0.964355
533	-0.944336	-0.967773
534	-0.950195	-0.973145
535	-0.936035	-0.963379
536	-0.955566	-0.975098
537	-0.936035	-0.962402
538	-0.934570	-0.953613
539	-0.955566	-0.972656
540	-0.945313	-0.969727
541	-0.949219	-0.970215
542	-0.941406	-0.965332
543	-0.950684	-0.974121
544	-0.953613	-0.973633
545	-0.940918	-0.964355
546	-0.943359	-0.967285
547	-0.949219	-0.969727
548	-0.938477	-0.964355
549	-0.951172	-0.973633
550	-0.938477	-0.963867
551	-0.942871	-0.967285
552	-0.958496	-0.977051
553	-0.943359	-0.968750
554	-0.940430	-0.963867
555	-0.948730	-0.971191
556	-0.949219	-0.967285
557	-0.946777	-0.964844
558	-0.939453	-0.966309
559	-0.943359	-0.959473
560	-0.962402	-0.978516
561	-0.921387	-0.950195
562	-0.947266	-0.970215
563	-0.959961	-0.978027
564	-0.951172	-0.972656
565	-0.941895	-0.968262
566	-0.953125	-0.971680
567	-0.957520	-0.976074
568	-0.951660	-0.969727
569	-0.957520	-0.976074
570	-0.953125	-0.973633
571	-0.956543	-0.974609
572	-0.953613	-0.970703
573	-0.958008	-0.978027
574	-0.934082	-0.960938
575	-0.941406	-0.963867
576	-0.946777	-0.968262
577	-0.943359	-0.964844
578	-0.949219	-0.965820
579	-0.943359	-0.966797
580	-0.947266	-0.968750
581	-0.948730	-0.967773
582	-0.948242	-0.969238
583	-0.948242	-0.966797
584	-0.940430	-0.964844
585	-0.944824	-0.967285
586	-0.957520	-0.977051
587	-0.939941	-0.963379
588	-0.957031	-0.974121
589	-0.958008	-0.975098
590	-0.939453	-0.959961
591	-0.954102	-0.973145
592	-0.953125	-0.971191
593	-0.950684	-0.971680
594	-0.942871	-0.967285
595	-0.954102	-0.973145
596	-0.956055	-0.977051
597	-0.937012	-0.963379
598	-0.942383	-0.965332
599	-0.962891	-0.979004
600	-0.938965	-0.960449
601	-0.955566	-0.975098
602	-0.953125	-0.973633
603	-0.955078	-0.975098
604	-0.946777	-0.970703
605	-0.951172	-0.972168
606	-0.938965	-0.961426
607	-0.958984	-0.975586
608	-0.952148	-0.972656
609	-0.964355	-0.978516
610	-0.958008	-0.976563
611	-0.955078	-0.975586
612	-0.948242	-0.970703
613	-0.951172	-0.969238
614	-0.943359	-0.968262
615	-0.944824	-0.963867
616	-0.954102	-0.973145
617	-0.955078	-0.974609
618	-0.948242	-0.967773
619	-0.949219	-0.968750
620	-0.944824	-0.968262
621	-0.951172	-0.971680
622	-0.945313	-0.967285
623	-0.947266	-0.971680
624	-0.948242	-0.969727
625	-0.956055	-0.971680
626	-0.941895	-0.967773
627	-0.939941	-0.965332
628	-0.962402	-0.979004
629	-0.948730	-0.968262
630	-0.943848	-0.962402
631	-0.965820	-0.981934
632	-0.955566	-0.975098
633	-0.952637	-0.975098
634	-0.940918	-0.963867
635	-0.949707	-0.970215
636	-0.946289	-0.968262
637	-0.955078	-0.975098
638	-0.959961	-0.974609
639	-0.946289	-0.963379
640	-0.952148	-0.972168
641	-0.960449	-0.977051
642	-0.943359	-0.964355
643	-0.941895	-0.963867
644	-0.953125	-0.968750
645	-0.949219	-0.972656
646	-0.944824	-0.969238
647	-0.943848	-0.963867
648	-0.950684	-0.970703
649	-0.942871	-0.964844
650	-0.955078	-0.973633
651	-0.944824	-0.968750
652	-0.942383	-0.960938
653	-0.958496	-0.976563
654	-0.948730	-0.970703
655	-0.957031	-0.976563
656	-0.956543	-0.975098
657	-0.942383	-0.963379
658	-0.947266	-0.967285
659	-0.959961	-0.978516
660	-0.943359	-0.965332
661	-0.946777	-0.965332
662	-0.932129	-0.960938
663	-0.943848	-0.968750
664	-0.950684	-0.966797
665	-0.947266	-0.968750
666	-0.940918	-0.964355
667	-0.951172	-0.971680
668	-0.934570	-0.960938
669	-0.947754	-0.968262
670	-0.932617	-0.959961
671	-0.949707	-0.973145
672	-0.938477	-0.960938
673	-0.949219	-0.968262
674	-0.956055	-0.974121
675	-0.944824	-0.963379
676	-0.954102	-0.969727
677	-0.956055	-0.972656
678	-0.948242	-0.968262
679	-0.950684	-0.972168
680	-0.949219	-0.966797
681	-0.950684	-0.972168
682	-0.944824	-0.966309
683	-0.952148	-0.972656
684	-0.949219	-0.969238
685	-0.955566	-0.974609
686	-0.947266	-0.969727
687	-0.953613	-0.975098
688	-0.950195	-0.971680
689	-0.953125	-0.970703
690	-0.953613	-0.972168
691	-0.941895	-0.968262
692	-0.932129	-0.952148
693	-0.958496	-0.977539
694	-0.955078	-0.976074
695	-0.944336	-0.967773
696	-0.952148	-0.973145
697	-0.951172	-0.971680
698	-0.934082	-0.956543
699	-0.952637	-0.970703
700	-0.944824	-0.965332
701	-0.951660	-0.971680
702	-0.927734	-0.955078
703	-0.955078	-0.972168
704	-0.942871	-0.965332
705	-0.945313	-0.967285
706	-0.934082	-0.961426
707	-0.949219	-0.970703
708	-0.952637	-0.972656
709	-0.962891	-0.977051
710	-0.941895	-0.965332
711	-0.943359	-0.963867
712	-0.936523	-0.959473
713	-0.950684	-0.964844
714	-0.937012	-0.955566
715	-0.945313	-0.964844
716	-0.949219	-0.971191
717	-0.962891	-0.976563
718	-0.945801	-0.967773
719	-0.947266	-0.969727
720	-0.962402	-0.977051
721	-0.940918	-0.958984
722	-0.939453	-0.958984
723	-0.944336	-0.964844
724	-0.936035	-0.963867
725	-0.950195	-0.971680
726	-0.940918	-0.966797
727	-0.949219	-0.970215
728	-0.947266	-0.965332
729	-0.951172	-0.968262
730	-0.945313	-0.967773
731	-0.935547	-0.963379
732	-0.942871	-0.968262
733	-0.946777	-0.967773
734	-0.937500	-0.962891
735	-0.945801	-0.967285
736	-0.937500	-0.958496
737	-0.948242	-0.969727
738	-0.946777	-0.970215
739	-0.951172	-0.973145
740	-0.943848	-0.965332
741	-0.954102	-0.974121
742	-0.939941	-0.965332
743	-0.952637	-0.971680
744	-0.945313	-0.966797
745	-0.943359	-0.966309
746	-0.937500	-0.962891
747	-0.942871	-0.964844
748	-0.942383	-0.966309
749	-0.959473	-0.974121
750	-0.952637	-0.972656
751	-0.947266	-0.962402
752	-0.945313	-0.970703
753	-0.953125	-0.973145
754	-0.950195	-0.969727
755	-0.942871	-0.963379
756	-0.947754	-0.968262
757	-0.948242	-0.969727
758	-0.933105	-0.961914
759	-0.946289	-0.970215
760	-0.941406	-0.961914
761	-0.951660	-0.972168
762	-0.940918	-0.961426
763	-0.946777	-0.969727
764	-0.936523	-0.957520
765	-0.939453	-0.964844
766	-0.938477	-0.964844
767	-0.941895	-0.966797
768	-0.957031	-0.976074
769	-0.949219	-0.971680
770	-0.951660	-0.972656
771	-0.951660	-0.973633
772	-0.947754	-0.966309
773	-0.955566	-0.975098
774	-0.941895	-0.967773
775	-0.942871	-0.967773
776	-0.947266	-0.970703
777	-0.957031	-0.972656
778	-0.942383	-0.965332
779	-0.948730	-0.971680
780	-0.940430	-0.964844
781	-0.949219	-0.971191
782	-0.939453	-0.964844
783	-0.938477	-0.959473
784	-0.943359	-0.967285
785	-0.941895	-0.966309
786	-0.933105	-0.959473
787	-0.949707	-0.969238
788	-0.951660	-0.972168
789	-0.946777	-0.965820
790	-0.934082	-0.960938
791	-0.953613	-0.974121
792	-0.946777	-0.971191
793	-0.959473	-0.978516
794	-0.937988	-0.962891
795	-0.924316	-0.944336
796	-0.950684	-0.969727
797	-0.942871	-0.966309
798	-0.938477	-0.964355
799	-0.941406	-0.965332
800	-0.944336	-0.965820
801	-0.953125	-0.973145
802	-0.941406	-0.964844
803	-0.946777	-0.966797
804	-0.947754	-0.968750
805	-0.940918	-0.964355
806	-0.952148	-0.972168
807	-0.948242	-0.963867
808	-0.950684	-0.972656
809	-0.955078	-0.973145
810	-0.944336	-0.965332
811	-0.961426	-0.976563
812	-0.959473	-0.978027
813	-0.957031	-0.976074
814	-0.955566	-0.971680
815	-0.945313	-0.967773
816	-0.941406	-0.964844
817	-0.958984	-0.976563
818	-0.946777	-0.965332
819	-0.947754	-0.964844
820	-0.943848	-0.964355
821	-0.946289	-0.967773
822	-0.964355	-0.980469
823	-0.942871	-0.963867
824	-0.946289	-0.969238
825	-0.948242	-0.971191
826	-0.955078	-0.973633
827	-0.941406	-0.962402
828	-0.947266	-0.967285
829	-0.963379	-0.979004
830	-0.947754	-0.967285
831	-0.945313	-0.968750
832	-0.949219	-0.970215
833	-0.953613	-0.974609
834	-0.950195	-0.968750
835	-0.951172	-0.973145
836	-0.961426	-0.977051
837	-0.956055	-0.976074
838	-0.952148	-0.973145
839	-0.943848	-0.966797
840	-0.939941	-0.964355
841	-0.950684	-0.970703
842	-0.951660	-0.971680
843	-0.948242	-0.965820
844	-0.940430	-0.964355
845	-0.957031	-0.975586
846	-0.950195	-0.969727
847	-0.949219	-0.970215
848	-0.963867	-0.978516
849	-0.948730	-0.970215
850	-0.946777	-0.970703
851	-0.946777	-0.966797
852	-0.943848	-0.967773
853	-0.947266	-0.968750
854	-0.962891	-0.976563
855	-0.937012	-0.964355
856	-0.941895	-0.963867
857	-0.961426	-0.977051
858	-0.953613	-0.975098
859	-0.951660	-0.971191
860	-0.962891	-0.978027
861	-0.957520	-0.974121
862	-0.943848	-0.961914
863	-0.946777	-0.969238
864	-0.945313	-0.967773
865	-0.949707	-0.966309
866	-0.954590	-0.973633
867	-0.947754	-0.969238
868	-0.960449	-0.977539
869	-0.947754	-0.963867
870	-0.944824	-0.967285
871	-0.931641	-0.956543
872	-0.960938	-0.977051
873	-0.938965	-0.957031
874	-0.948242	-0.969727
875	-0.950684	-0.970215
876	-0.944824	-0.965820
877	-0.934082	-0.956055
878	-0.922852	-0.954102
879	-0.943848	-0.964355
880	-0.965332	-0.981445
881	-0.948242	-0.970215
882	-0.950684	-0.971680
883	-0.952637	-0.972168
884	-0.948242	-0.969727
885	-0.948730	-0.969238
886	-0.957031	-0.977051
887	-0.950195	-0.970703
888	-0.957031	-0.977051
889	-0.947266	-0.966797
890	-0.953613	-0.968262
891	-0.960449	-0.979492
892	-0.938477	-0.959473
893	-0.946777	-0.969727
894	-0.952148	-0.971191
895	-0.941895	-0.967285
896	-0.950684	-0.973145
897	-0.948242	-0.965332
898	-0.944824	-0.963379
899	-0.949707	-0.972656
900	-0.950195	-0.969727
901	-0.953613	-0.973633
902	-0.958984	-0.976074
903	-0.948730	-0.967285
904	-0.947754	-0.968750
905	-0.940430	-0.965332
906	-0.941895	-0.963867
907	-0.952148	-0.972656
908	-0.951172	-0.970703
909	-0.947754	-0.970703
910	-0.952637	-0.972656
911	-0.943359	-0.964844
912	-0.946289	-0.968750
913	-0.933105	-0.962402
914	-0.954590	-0.974609
915	-0.948730	-0.971680
916	-0.940430	-0.956543
917	-0.937500	-0.963379
918	-0.937012	-0.951660
919	-0.935059	-0.949707
920	-0.943359	-0.960449
921	-0.949707	-0.968262
922	-0.953613	-0.971191
923	-0.942383	-0.968262
924	-0.945313	-0.967773
925	-0.947754	-0.966797
926	-0.941406	-0.956543
927	-0.948730	-0.965332
928	-0.957520	-0.975586
929	-0.938965	-0.963379
930	-0.952148	-0.971191
931	-0.957031	-0.975586
932	-0.937988	-0.961426
933	-0.953125	-0.971680
934	-0.958008	-0.977051
935	-0.940918	-0.960938
936	-0.945313	-0.966797
937	-0.936523	-0.962891
938	-0.953613	-0.970215
939	-0.944336	-0.970703
940	-0.951660	-0.971680
941	-0.929688	-0.959961
942	-0.944824	-0.966797
943	-0.942383	-0.967285
944	-0.954102	-0.972168
945	-0.946777	-0.967773
946	-0.956543	-0.976074
947	-0.947266	-0.968750
948	-0.954590	-0.973633
949	-0.953613	-0.974609
950	-0.945313	-0.969238
951	-0.937988	-0.959961
952	-0.932617	-0.959961
953	-0.945313	-0.969238
954	-0.955078	-0.974121
955	-0.944336	-0.967773
956	-0.942871	-0.955078
957	-0.948242	-0.971191
958	-0.934082	-0.962891
959	-0.946289	-0.968750
960	-0.943848	-0.963867
961	-0.931641	-0.954102
962	-0.960449	-0.979492
963	-0.947266	-0.964844
964	-0.949707	-0.972656
965	-0.933594	-0.960449
966	-0.948242	-0.969238
967	-0.939453	-0.957031
968	-0.941895	-0.963867
969	-0.939453	-0.959473
970	-0.954590	-0.975098
971	-0.946289	-0.968262
972	-0.952148	-0.974121
973	-0.950684	-0.972168
974	-0.949219	-0.972168
975	-0.941406	-0.966797
976	-0.947266	-0.967773
977	-0.944336	-0.962891
978	-0.956055	-0.975586
979	-0.937988	-0.965332
980	-0.947754	-0.968750
981	-0.949219	-0.969727
982	-0.957031	-0.975586
983	-0.940918	-0.965820
984	-0.947266	-0.970215
985	-0.943848	-0.964844
986	-0.937500	-0.965332
987	-0.937500	-0.965332
988	-0.943359	-0.959473
989	-0.961426	-0.979004
990	-0.965332	-0.980469
991	-0.937988	-0.961914
992	-0.946777	-0.965820
993	-0.937500	-0.963867
994	-0.954590	-0.970215
995	-0.935059	-0.959961
996	-0.946777	-0.969727
997	-0.938477	-0.959961
998	-0.961426	-0.976074
999	-0.934082	-0.958984
