0	-0.885254	-0.923828
1	-0.876465	-0.920410
2	-0.881836	-0.919434
3	-0.863281	-0.906738
4	-0.875000	-0.914063
5	-0.835449	-0.861816
6	-0.862305	-0.903809
7	-0.858398	-0.898438
8	-0.881836	-0.923828
9	-0.880859	-0.918945
10	-0.889648	-0.929199
11	-0.883301	-0.924805
12	-0.880371	-0.922852
13	-0.863770	-0.911621
14	-0.882324	-0.915039
15	-0.871094	-0.912598
16	-0.892090	-0.924805
17	-0.858887	-0.903809
18	-0.875977	-0.916504
19	-0.894043	-0.935059
20	-0.880371	-0.924805
21	-0.870117	-0.908691
22	-0.901855	-0.931152
23	-0.881836	-0.922363
24	-0.880371	-0.906738
25	-0.871582	-0.914063
26	-0.875488	-0.918457
27	-0.872559	-0.915527
28	-0.877930	-0.923340
29	-0.871094	-0.915039
30	-0.897461	-0.930664
31	-0.835938	-0.879883
32	-0.886230	-0.915039
33	-0.890625	-0.918457
34	-0.884277	-0.912109
35	-0.890137	-0.928711
36	-0.879883	-0.921875
37	-0.864258	-0.914063
38	-0.873047	-0.905273
39	-0.877930	-0.920898
40	-0.890137	-0.916992
41	-0.862305	-0.895996
42	-0.879883	-0.919434
43	-0.873535	-0.899414
44	-0.857910	-0.884766
45	-0.862793	-0.905762
46	-0.883301	-0.920898
47	-0.871582	-0.916992
48	-0.879395	-0.917969
49	-0.838867	-0.870605
50	-0.870117	-0.913574
51	-0.875000	-0.912598
52	-0.878418	-0.915527
53	-0.853516	-0.895508
54	-0.878418	-0.895020
55	-0.881836	-0.909668
56	-0.863770	-0.884277
57	-0.850586	-0.889160
58	-0.880371	-0.910645
59	-0.868652	-0.907715
60	-0.873535	-0.907715
61	-0.865234	-0.911621
62	-0.871094	-0.907227
63	-0.879883	-0.917480
64	-0.898438	-0.938965
65	-0.886230	-0.919434
66	-0.872070	-0.912598
67	-0.849609	-0.881348
68	-0.881836	-0.919434
69	-0.885742	-0.915527
70	-0.871582	-0.911621
71	-0.882813	-0.918945
72	-0.889160	-0.926758
73	-0.870605	-0.902344
74	-0.851563	-0.901367
75	-0.879395	-0.920410
76	-0.886230	-0.908203
77	-0.848633	-0.885742
78	-0.889648	-0.925781
79	-0.874512	-0.915039
80	-0.882813	-0.920410
81	-0.857910	-0.894531
82	-0.862793	-0.901855
83	-0.896484	-0.920898
84	-0.881348	-0.908691
85	-0.882324	-0.928711
86	-0.881836	-0.914063
87	-0.873535	-0.915039
88	-0.876465	-0.914063
89	-0.894043	-0.921875
90	-0.891602	-0.914551
91	-0.895020	-0.929688
92	-0.877441	-0.911621
93	-0.865234	-0.907227
94	-0.888672	-0.922363
95	-0.879883	-0.906738
96	-0.882324	-0.921387
97	-0.882324	-0.922852
98	-0.862793	-0.899902
99	-0.861328	-0.904297
100	-0.863770	-0.899902
101	-0.854980	-0.884766
102	-0.854980	-0.882813
103	-0.869629	-0.906250
104	-0.895508	-0.930664
105	-0.885742	-0.927246
106	-0.865234	-0.917969
107	-0.880371	-0.926758
108	-0.883789	-0.916504
109	-0.873047	-0.908203
110	-0.875488	-0.914063
111	-0.894531	-0.928711
112	-0.881348	-0.919922
113	-0.851074	-0.875977
114	-0.870605	-0.900391
115	-0.880859	-0.916016
116	-0.862793	-0.898926
117	-0.855957	-0.895508
118	-0.876953	-0.911133
119	-0.856445	-0.895508
120	-0.887695	-0.931152
121	-0.869141	-0.907715
122	-0.871094	-0.906250
123	-0.869629	-0.903320
124	-0.872559	-0.910156
125	-0.881348	-0.915039
126	-0.877930	-0.921875
127	-0.884277	-0.927246
128	-0.879395	-0.910645
129	-0.866211	-0.907227
130	-0.887207	-0.925781
131	-0.875488	-0.912598
132	-0.864746	-0.901855
133	-0.888184	-0.919922
134	-0.874512	-0.916992
135	-0.864258	-0.912109
136	-0.895020	-0.938477
137	-0.874512	-0.912598
138	-0.880371	-0.914551
139	-0.872559	-0.913574
140	-0.885742	-0.915039
141	-0.866211	-0.903809
142	-0.870605	-0.915527
143	-0.888184	-0.908691
144	-0.877930	-0.908691
145	-0.860840	-0.894531
146	-0.869141	-0.900391
147	-0.881348	-0.915039
148	-0.875000	-0.912598
149	-0.885742	-0.928711
150	-0.892090	-0.928711
151	-0.876465	-0.918457
152	-0.875488	-0.909668
153	-0.884766	-0.924316
154	-0.898926	-0.933105
155	-0.907227	-0.942383
156	-0.897461	-0.933594
157	-0.903809	-0.937988
158	-0.870605	-0.913086
159	-0.874512	-0.911621
160	-0.891113	-0.924805
161	-0.878418	-0.910645
162	-0.861328	-0.888184
163	-0.882813	-0.918945
164	-0.878906	-0.910645
165	-0.893066	-0.920898
166	-0.882813	-0.924316
167	-0.875000	-0.905273
168	-0.867188	-0.912109
169	-0.884277	-0.923828
170	-0.878906	-0.923828
171	-0.872559	-0.909668
172	-0.891602	-0.930176
173	-0.884766	-0.921875
174	-0.862793	-0.905762
175	-0.896973	-0.929688
176	-0.872070	-0.898438
177	-0.863770	-0.902344
178	-0.878418	-0.919434
179	-0.890137	-0.933105
180	-0.875000	-0.909180
181	-0.868652	-0.911621
182	-0.861328	-0.910645
183	-0.885254	-0.914551
184	-0.865723	-0.893555
185	-0.881836	-0.917480
186	-0.886719	-0.927246
187	-0.875488	-0.910645
188	-0.859375	-0.895020
189	-0.875977	-0.913086
190	-0.875000	-0.917480
191	-0.881836	-0.919922
192	-0.890625	-0.924805
193	-0.895020	-0.934082
194	-0.862305	-0.907227
195	-0.877441	-0.912598
196	-0.889160	-0.929688
197	-0.879395	-0.914063
198	-0.851074	-0.887207
199	-0.867676	-0.906738
200	-0.884277	-0.922363
201	-0.887207	-0.923340
202	-0.871582	-0.905762
203	-0.858887	-0.895996
204	-0.875000	-0.899902
205	-0.887207	-0.923340
206	-0.888672	-0.929688
207	-0.869629	-0.910156
208	-0.873047	-0.910156
209	-0.876465	-0.915527
210	-0.850098	-0.882813
211	-0.880859	-0.921875
212	-0.887207	-0.925781
213	-0.887207	-0.926758
214	-0.832520	-0.867188
215	-0.903320	-0.942871
216	-0.901855	-0.939453
217	-0.873535	-0.913086
218	-0.855469	-0.895996
219	-0.886230	-0.919922
220	-0.872070	-0.909180
221	-0.887207	-0.922363
222	-0.874512	-0.906250
223	-0.882324	-0.921387
224	-0.894043	-0.931152
225	-0.897461	-0.931641
226	-0.866699	-0.901855
227	-0.879395	-0.920898
228	-0.873047	-0.907715
229	-0.877441	-0.907227
230	-0.866211	-0.909668
231	-0.880371	-0.914063
232	-0.887695	-0.927246
233	-0.872070	-0.913086
234	-0.893555	-0.918457
235	-0.877930	-0.924805
236	-0.862305	-0.899414
237	-0.884766	-0.901367
238	-0.872559	-0.904297
239	-0.897461	-0.935059
240	-0.876465	-0.917969
241	-0.862305	-0.901367
242	-0.859863	-0.896973
243	-0.891602	-0.919434
244	-0.866699	-0.911621
245	-0.884766	-0.918457
246	-0.850098	-0.902832
247	-0.876465	-0.920898
248	-0.869141	-0.889648
249	-0.858398	-0.883789
250	-0.856445	-0.904785
251	-0.886230	-0.922363
252	-0.876953	-0.919922
253	-0.863770	-0.895996
254	-0.842285	-0.875977
255	-0.873047	-0.919434
256	-0.872070	-0.908203
257	-0.875000	-0.904297
258	-0.874023	-0.904785
259	-0.859863	-0.870605
260	-0.875488	-0.909180
261	-0.872070	-0.900879
262	-0.870605	-0.901855
263	-0.889648	-0.919922
264	-0.885742	-0.901367
265	-0.876953	-0.918457
266	-0.868164	-0.903809
267	-0.871094	-0.914063
268	-0.870117	-0.909668
269	-0.899414	-0.934082
270	-0.880371	-0.919434
271	-0.867188	-0.908691
272	-0.878418	-0.912598
273	-0.875977	-0.916016
274	-0.874023	-0.904785
275	-0.886719	-0.933594
276	-0.849609	-0.887695
277	-0.900391	-0.939453
278	-0.864746	-0.902344
279	-0.865723	-0.901367
280	-0.878418	-0.916992
281	-0.875488	-0.905762
282	-0.834473	-0.875000
283	-0.879883	-0.912598
284	-0.893555	-0.929199
285	-0.874512	-0.916504
286	-0.848633	-0.883301
287	-0.898926	-0.931152
288	-0.875488	-0.906250
289	-0.889648	-0.917969
290	-0.863770	-0.916504
291	-0.854980	-0.893066
292	-0.874512	-0.908691
293	-0.896484	-0.925293
294	-0.872070	-0.898926
295	-0.893555	-0.923828
296	-0.885254	-0.925293
297	-0.864746	-0.906250
298	-0.872559	-0.919922
299	-0.881348	-0.908203
300	-0.895020	-0.912598
301	-0.878906	-0.917969
302	-0.868652	-0.904785
303	-0.867676	-0.907227
304	-0.878906	-0.903809
305	-0.885254	-0.914551
306	-0.865234	-0.904785
307	-0.859863	-0.883301
308	-0.863770	-0.907715
309	-0.886230	-0.924316
310	-0.886230	-0.927246
311	-0.879395	-0.925781
312	-0.887207	-0.925293
313	-0.883301	-0.912109
314	-0.869141	-0.908691
315	-0.864746	-0.898926
316	-0.877930	-0.917969
317	-0.873535	-0.913086
318	-0.835938	-0.859863
319	-0.864258	-0.896973
320	-0.881348	-0.918945
321	-0.876465	-0.912109
322	-0.860352	-0.902832
323	-0.882813	-0.921875
324	-0.867676	-0.909180
325	-0.894531	-0.928711
326	-0.864746	-0.899902
327	-0.874512	-0.909668
328	-0.879883	-0.913574
329	-0.872559	-0.911621
330	-0.864258	-0.904785
331	-0.890137	-0.928223
332	-0.884277	-0.924316
333	-0.880859	-0.909668
334	-0.882324	-0.921875
335	-0.890625	-0.912109
336	-0.860352	-0.907227
337	-0.892090	-0.925293
338	-0.883789	-0.911133
339	-0.877441	-0.916992
340	-0.876953	-0.919434
341	-0.883789	-0.925293
342	-0.861328	-0.904297
343	-0.879395	-0.923340
344	-0.871094	-0.907715
345	-0.879395	-0.908203
346	-0.855469	-0.893066
347	-0.878906	-0.921875
348	-0.871582	-0.902344
349	-0.866211	-0.912109
350	-0.868652	-0.897461
351	-0.856934	-0.895996
352	-0.883789	-0.921875
353	-0.873535	-0.909668
354	-0.897949	-0.936035
355	-0.886719	-0.921387
356	-0.886230	-0.923340
357	-0.892090	-0.927734
358	-0.875000	-0.916016
359	-0.869629	-0.911133
360	-0.879395	-0.923828
361	-0.888184	-0.927246
362	-0.887207	-0.933105
363	-0.881348	-0.923828
364	-0.880371	-0.916992
365	-0.873047	-0.911133
366	-0.868652	-0.900879
367	-0.851074	-0.876953
368	-0.875000	-0.915527
369	-0.875977	-0.912598
370	-0.871582	-0.909180
371	-0.887207	-0.922363
372	-0.881836	-0.920898
373	-0.879883	-0.918945
374	-0.865723	-0.909180
375	-0.873047	-0.918457
376	-0.888184	-0.919434
377	-0.898438	-0.941406
378	-0.881348	-0.916504
379	-0.860840	-0.896484
380	-0.895020	-0.929688
381	-0.876953	-0.910645
382	-0.858887	-0.893555
383	-0.876465	-0.916504
384	-0.880859	-0.922363
385	-0.875000	-0.913574
386	-0.873535	-0.907715
387	-0.880371	-0.927734
388	-0.880859	-0.919434
389	-0.880371	-0.914063
390	-0.878418	-0.919922
391	-0.878418	-0.911621
392	-0.874023	-0.912109
393	-0.876953	-0.901367
394	-0.856445	-0.889648
395	-0.898438	-0.936035
396	-0.901855	-0.937012
397	-0.882813	-0.927246
398	-0.883789	-0.921875
399	-0.875488	-0.912109
400	-0.887207	-0.927246
401	-0.884766	-0.920898
402	-0.881836	-0.922363
403	-0.863770	-0.893066
404	-0.868652	-0.906250
405	-0.880371	-0.912109
406	-0.900391	-0.928711
407	-0.877441	-0.904785
408	-0.869141	-0.907227
409	-0.869629	-0.900879
410	-0.896484	-0.929199
411	-0.883789	-0.922363
412	-0.869141	-0.911621
413	-0.913086	-0.938965
414	-0.860352	-0.895508
415	-0.840332	-0.879395
416	-0.883301	-0.925781
417	-0.884277	-0.922852
418	-0.875000	-0.917969
419	-0.851563	-0.894531
420	-0.886230	-0.924805
421	-0.897461	-0.937988
422	-0.868652	-0.903809
423	-0.857422	-0.911133
424	-0.888184	-0.920410
425	-0.885742	-0.921387
426	-0.893555	-0.926758
427	-0.866699	-0.906250
428	-0.875977	-0.921875
429	-0.883301	-0.925781
430	-0.881348	-0.919434
431	-0.873535	-0.916504
432	-0.894531	-0.923340
433	-0.892578	-0.926758
434	-0.877441	-0.917969
435	-0.860840	-0.904297
436	-0.885254	-0.924316
437	-0.879883	-0.915039
438	-0.890625	-0.930176
439	-0.867188	-0.909668
440	-0.873047	-0.915039
441	-0.884766	-0.922852
442	-0.865234	-0.894531
443	-0.880371	-0.898926
444	-0.918457	-0.950684
445	-0.888672	-0.922852
446	-0.861816	-0.893555
447	-0.864258	-0.898926
448	-0.881348	-0.908691
449	-0.881348	-0.920410
450	-0.887695	-0.920410
451	-0.866211	-0.918945
452	-0.897461	-0.930176
453	-0.877441	-0.898926
454	-0.865234	-0.892578
455	-0.869141	-0.910156
456	-0.895996	-0.932617
457	-0.882813	-0.912598
458	-0.867188	-0.895996
459	-0.870605	-0.900879
460	-0.854980	-0.893555
461	-0.856934	-0.893066
462	-0.860840	-0.904297
463	-0.878418	-0.903320
464	-0.891113	-0.898438
465	-0.879395	-0.906738
466	-0.869629	-0.910156
467	-0.860840	-0.899414
468	-0.884766	-0.923828
469	-0.858398	-0.888184
470	-0.877930	-0.923340
471	-0.869141	-0.912598
472	-0.884277	-0.924316
473	-0.882813	-0.923340
474	-0.893555	-0.926758
475	-0.895508	-0.926270
476	-0.863770	-0.900879
477	-0.871094	-0.910645
478	-0.884766	-0.919922
479	-0.862793	-0.896484
480	-0.879395	-0.929199
481	-0.872070	-0.898926
482	-0.872070	-0.897461
483	-0.869629	-0.911133
484	-0.897949	-0.930176
485	-0.887695	-0.917969
486	-0.866699	-0.893555
487	-0.840820	-0.887207
488	-0.870605	-0.913574
489	-0.875488	-0.916504
490	-0.866699	-0.907715
491	-0.866211	-0.906250
492	-0.886230	-0.925781
493	-0.876465	-0.912598
494	-0.893555	-0.930176
495	-0.878906	-0.914063
496	-0.870117	-0.907227
497	-0.856445	-0.894043
498	-0.895020	-0.927734
499	-0.876953	-0.914063
500	-0.888184	-0.920410
501	-0.888672	-0.927246
502	-0.866211	-0.904297
503	-0.872070	-0.907227
504	-0.887207	-0.912598
505	-0.878418	-0.895996
506	-0.890625	-0.932129
507	-0.852539	-0.897461
508	-0.870605	-0.910156
509	-0.874023	-0.905273
510	-0.891602	-0.918945
511	-0.874512	-0.901855
512	-0.887207	-0.920410
513	-0.871094	-0.912598
514	-0.887695	-0.921875
515	-0.897949	-0.934570
516	-0.873535	-0.913086
517	-0.894043	-0.927734
518	-0.875977	-0.899414
519	-0.875488	-0.916992
520	-0.879395	-0.920410
521	-0.868164	-0.903809
522	-0.884277	-0.912598
523	-0.844727	-0.875977
524	-0.877930	-0.907715
525	-0.864746	-0.909180
526	-0.878906	-0.913086
527	-0.873047	-0.914063
528	-0.860352	-0.894531
529	-0.869629	-0.914063
530	-0.888672	-0.927246
531	-0.869629	-0.908691
532	-0.871582	-0.909180
533	-0.886230	-0.923340
534	-0.880859	-0.917969
535	-0.851074	-0.885254
536	-0.878906	-0.919922
537	-0.897949	-0.933594
538	-0.865723	-0.903320
539	-0.875488	-0.913574
540	-0.876465	-0.885254
541	-0.876465	-0.912109
542	-0.869629	-0.914551
543	-0.875488	-0.915527
544	-0.872559	-0.909668
545	-0.871094	-0.911621
546	-0.897461	-0.931152
547	-0.876953	-0.913574
548	-0.870117	-0.920898
549	-0.851563	-0.889648
550	-0.867188	-0.897949
551	-0.859375	-0.891113
552	-0.882324	-0.922363
553	-0.881836	-0.915039
554	-0.895020	-0.937500
555	-0.867188	-0.886719
556	-0.860352	-0.900391
557	-0.875977	-0.919434
558	-0.880859	-0.916016
559	-0.869629	-0.916016
560	-0.886719	-0.913574
561	-0.871582	-0.911133
562	-0.882324	-0.925781
563	-0.852539	-0.900391
564	-0.878418	-0.911621
565	-0.884766	-0.919434
566	-0.890625	-0.927246
567	-0.885254	-0.925781
568	-0.880371	-0.924316
569	-0.866211	-0.909180
570	-0.867676	-0.916992
571	-0.863281	-0.893555
572	-0.856934	-0.879395
573	-0.907227	-0.944336
574	-0.905762	-0.933594
575	-0.866699	-0.907715
576	-0.877930	-0.903320
577	-0.875977	-0.921875
578	-0.886719	-0.916992
579	-0.869629	-0.907715
580	-0.863281	-0.906738
581	-0.884277	-0.914551
582	-0.910645	-0.942383
583	-0.875488	-0.906738
584	-0.854492	-0.883301
585	-0.875977	-0.914551
586	-0.894531	-0.931152
587	-0.864258	-0.897461
588	-0.882813	-0.913086
589	-0.875488	-0.914063
590	-0.871582	-0.909668
591	-0.880371	-0.923828
592	-0.873047	-0.916992
593	-0.882324	-0.919922
594	-0.872559	-0.921387
595	-0.855957	-0.896973
596	-0.885742	-0.919922
597	-0.875000	-0.903809
598	-0.858887	-0.885254
599	-0.867676	-0.910156
600	-0.887695	-0.923828
601	-0.870605	-0.915039
602	-0.881836	-0.928711
603	-0.869141	-0.917969
604	-0.868652	-0.899902
605	-0.873047	-0.919922
606	-0.895996	-0.928223
607	-0.879395	-0.916992
608	-0.853516	-0.890137
609	-0.875977	-0.911621
610	-0.871582	-0.915527
611	-0.882813	-0.911133
612	-0.872070	-0.897461
613	-0.875000	-0.906738
614	-0.875488	-0.910645
615	-0.874512	-0.911621
616	-0.868164	-0.916504
617	-0.870605	-0.915527
618	-0.897949	-0.935547
619	-0.860840	-0.889648
620	-0.881836	-0.914551
621	-0.875977	-0.912598
622	-0.882813	-0.921875
623	-0.865723	-0.909180
624	-0.856934	-0.896973
625	-0.897949	-0.934570
626	-0.881836	-0.920898
627	-0.844727	-0.887207
628	-0.884766	-0.919922
629	-0.895996	-0.934570
630	-0.882813	-0.920898
631	-0.880371	-0.919434
632	-0.875488	-0.915527
633	-0.877930	-0.915527
634	-0.887207	-0.922852
635	-0.872070	-0.918945
636	-0.884277	-0.926758
637	-0.890625	-0.924316
638	-0.874512	-0.907227
639	-0.883301	-0.920898
640	-0.866699	-0.910156
641	-0.875977	-0.922852
642	-0.888672	-0.923340
643	-0.888672	-0.928223
644	-0.880371	-0.912109
645	-0.862793	-0.905273
646	-0.884766	-0.916992
647	-0.875488	-0.897461
648	-0.873535	-0.899902
649	-0.898438	-0.937012
650	-0.876953	-0.923340
651	-0.883301	-0.916992
652	-0.871094	-0.913086
653	-0.883789	-0.918945
654	-0.886719	-0.919922
655	-0.895020	-0.934570
656	-0.882813	-0.932129
657	-0.896484	-0.924805
658	-0.878906	-0.897461
659	-0.844238	-0.884277
660	-0.868164	-0.908691
661	-0.887207	-0.925781
662	-0.862305	-0.908691
663	-0.834473	-0.862305
664	-0.859863	-0.895020
665	-0.887695	-0.923828
666	-0.863770	-0.895508
667	-0.849121	-0.893066
668	-0.879395	-0.906250
669	-0.855469	-0.874512
670	-0.900391	-0.916504
671	-0.864746	-0.895508
672	-0.879395	-0.919434
673	-0.878906	-0.917480
674	-0.868164	-0.895996
675	-0.888184	-0.930176
676	-0.887695	-0.926758
677	-0.871094	-0.906738
678	-0.886719	-0.931152
679	-0.883301	-0.920410
680	-0.887695	-0.912598
681	-0.867676	-0.908203
682	-0.867676	-0.904297
683	-0.862305	-0.900879
684	-0.880859	-0.915527
685	-0.877441	-0.920898
686	-0.864258	-0.903809
687	-0.868164	-0.896484
688	-0.870605	-0.912598
689	-0.874512	-0.913574
690	-0.872559	-0.896484
691	-0.863770	-0.899902
692	-0.853027	-0.892578
693	-0.884277	-0.915039
694	-0.885254	-0.920898
695	-0.869629	-0.912598
696	-0.867676	-0.911133
697	-0.910156	-0.939453
698	-0.876953	-0.908203
699	-0.896484	-0.933594
700	-0.862305	-0.893555
701	-0.867188	-0.906250
702	-0.866699	-0.895996
703	-0.860840	-0.906250
704	-0.869629	-0.907227
705	-0.896484	-0.924805
706	-0.888672	-0.921875
707	-0.883301	-0.922363
708	-0.875000	-0.921387
709	-0.887207	-0.919922
710	-0.868164	-0.884277
711	-0.891113	-0.934082
712	-0.848145	-0.893555
713	-0.869141	-0.898926
714	-0.882324	-0.918457
715	-0.896973	-0.926758
716	-0.875977	-0.897461
717	-0.882813	-0.923828
718	-0.872559	-0.905273
719	-0.871582	-0.911133
720	-0.875000	-0.921875
721	-0.886719	-0.929688
722	-0.887207	-0.918945
723	-0.868164	-0.902832
724	-0.869141	-0.911621
725	-0.879395	-0.918457
726	-0.857910	-0.890137
727	-0.872070	-0.897949
728	-0.853516	-0.881348
729	-0.868164	-0.911133
730	-0.887695	-0.915527
731	-0.874023	-0.910645
732	-0.869629	-0.911621
733	-0.855957	-0.892090
734	-0.873535	-0.917969
735	-0.879883	-0.926270
736	-0.864746	-0.907715
737	-0.872559	-0.908691
738	-0.882813	-0.918457
739	-0.882324	-0.918457
740	-0.860352	-0.901367
741	-0.874023	-0.917969
742	-0.895996	-0.929688
743	-0.880859	-0.916992
744	-0.875488	-0.919922
745	-0.861816	-0.884766
746	-0.865234	-0.901855
747	-0.872070	-0.914551
748	-0.872559	-0.911133
749	-0.863281	-0.906250
750	-0.869141	-0.912109
751	-0.893555	-0.926758
752	-0.868164	-0.904297
753	-0.887695	-0.931641
754	-0.881836	-0.916992
755	-0.862305	-0.903809
756	-0.856934	-0.880371
757	-0.883301	-0.922852
758	-0.878906	-0.914551
759	-0.887207	-0.927734
760	-0.860840	-0.889160
761	-0.869141	-0.899414
762	-0.868164	-0.910645
763	-0.875488	-0.914551
764	-0.868652	-0.909180
765	-0.879395	-0.917969
766	-0.875000	-0.916504
767	-0.885742	-0.926270
768	-0.868652	-0.918457
769	-0.881836	-0.910156
770	-0.888184	-0.929199
771	-0.878418	-0.902832
772	-0.870117	-0.908203
773	-0.882324	-0.923828
774	-0.869141	-0.918457
775	-0.879883	-0.916504
776	-0.864258	-0.899902
777	-0.860840	-0.890137
778	-0.892578	-0.921875
779	-0.896973	-0.929688
780	-0.862793	-0.914551
781	-0.884766	-0.909180
782	-0.875000	-0.919922
783	-0.891602	-0.927246
784	-0.872070	-0.906250
785	-0.875000	-0.916504
786	-0.885254	-0.919922
787	-0.885254	-0.916504
788	-0.876953	-0.916016
789	-0.865723	-0.896973
790	-0.871094	-0.901367
791	-0.877930	-0.916992
792	-0.880371	-0.917969
793	-0.908203	-0.938965
794	-0.872559	-0.911621
795	-0.884277	-0.921875
796	-0.879395	-0.921875
797	-0.875488	-0.916016
798	-0.857910	-0.895020
799	-0.885742	-0.923828
800	-0.867676	-0.907715
801	-0.876953	-0.911133
802	-0.871582	-0.898926
803	-0.885254	-0.920898
804	-0.867676	-0.910645
805	-0.884766	-0.916992
806	-0.896973	-0.933105
807	-0.886230	-0.927246
808	-0.861328	-0.901367
809	-0.870117	-0.900879
810	-0.878906	-0.922852
811	-0.883789	-0.919922
812	-0.871094	-0.914063
813	-0.858398	-0.895996
814	-0.892090	-0.922363
815	-0.891113	-0.923340
816	-0.878418	-0.913574
817	-0.865723	-0.888184
818	-0.851074	-0.880371
819	-0.903809	-0.938477
820	-0.863281	-0.909668
821	-0.879883	-0.924316
822	-0.860352	-0.906250
823	-0.884277	-0.921387
824	-0.827148	-0.858398
825	-0.868652	-0.897461
826	-0.879883	-0.915039
827	-0.878418	-0.919922
828	-0.863770	-0.906738
829	-0.884766	-0.917969
830	-0.876465	-0.922852
831	-0.876465	-0.923340
832	-0.866699	-0.909668
833	-0.881836	-0.917969
834	-0.866699	-0.909180
835	-0.892090	-0.929199
836	-0.868164	-0.911133
837	-0.894531	-0.929199
838	-0.902832	-0.941406
839	-0.875977	-0.914551
840	-0.891602	-0.933105
841	-0.894043	-0.933594
842	-0.880859	-0.920898
843	-0.883789	-0.908691
844	-0.870605	-0.908203
845	-0.874512	-0.914551
846	-0.892578	-0.932129
847	-0.886719	-0.923340
848	-0.888672	-0.930664
849	-0.887207	-0.923340
850	-0.849121	-0.897949
851	-0.886719	-0.923828
852	-0.866699	-0.898926
853	-0.863770	-0.903809
854	-0.896484	-0.937500
855	-0.889160	-0.926758
856	-0.896973	-0.928711
857	-0.846191	-0.887207
858	-0.870605	-0.915527
859	-0.889160	-0.925781
860	-0.873535	-0.915527
861	-0.891602	-0.932617
862	-0.885742	-0.914063
863	-0.852051	-0.871582
864	-0.851074	-0.895508
865	-0.866211	-0.902832
866	-0.886719	-0.918945
867	-0.874512	-0.913574
868	-0.832520	-0.864746
869	-0.871582	-0.910156
870	-0.869141	-0.906738
871	-0.859375	-0.899902
872	-0.872070	-0.904297
873	-0.868652	-0.899414
874	-0.851563	-0.874512
875	-0.887695	-0.906738
876	-0.856934	-0.889160
877	-0.889160	-0.921387
878	-0.880371	-0.922852
879	-0.875000	-0.903809
880	-0.872070	-0.915527
881	-0.881836	-0.917969
882	-0.869629	-0.899902
883	-0.871582	-0.915527
884	-0.859863	-0.897949
885	-0.885254	-0.918945
886	-0.872070	-0.897949
887	-0.870605	-0.910645
888	-0.863770	-0.896973
889	-0.871094	-0.914063
890	-0.863281	-0.906250
891	-0.863281	-0.911133
892	-0.875488	-0.907227
893	-0.867676	-0.908691
894	-0.890137	-0.921875
895	-0.883789	-0.908691
896	-0.852539	-0.891602
897	-0.866211	-0.908203
898	-0.890137	-0.927734
899	-0.878418	-0.914551
900	-0.865723	-0.907715
901	-0.866211	-0.911133
902	-0.886230	-0.924316
903	-0.867188	-0.900391
904	-0.894043	-0.934082
905	-0.871582	-0.906738
906	-0.871094	-0.903320
907	-0.877441	-0.904297
908	-0.888184	-0.926758
909	-0.864258	-0.898926
910	-0.873535	-0.910645
911	-0.875488	-0.921875
912	-0.862305	-0.906738
913	-0.882813	-0.921875
914	-0.892578	-0.927246
915	-0.882324	-0.916504
916	-0.890137	-0.927246
917	-0.873047	-0.912598
918	-0.885742	-0.925293
919	-0.870605	-0.902344
920	-0.880371	-0.913574
921	-0.854004	-0.872070
922	-0.881836	-0.918457
923	-0.885254	-0.917969
924	-0.886230	-0.926758
925	-0.876953	-0.917480
926	-0.887207	-0.924805
927	-0.893066	-0.924805
928	-0.871582	-0.898438
929	-0.869629	-0.912598
930	-0.870117	-0.911133
931	-0.891113	-0.918457
932	-0.855957	-0.884277
933	-0.849609	-0.876953
934	-0.896973	-0.930176
935	-0.875000	-0.909668
936	-0.865234	-0.898438
937	-0.888672	-0.927246
938	-0.862793	-0.900879
939	-0.871094	-0.914063
940	-0.879883	-0.919922
941	-0.885742	-0.921387
942	-0.851563	-0.891602
943	-0.872559	-0.910156
944	-0.865723	-0.904297
945	-0.881348	-0.911133
946	-0.884766	-0.918457
947	-0.894531	-0.927734
948	-0.861328	-0.908691
949	-0.869629	-0.916016
950	-0.871094	-0.904785
951	-0.845703	-0.887207
952	-0.882324	-0.924316
953	-0.876953	-0.916992
954	-0.873047	-0.913574
955	-0.883301	-0.925781
956	-0.875977	-0.913086
957	-0.866211	-0.898438
958	-0.892090	-0.935547
959	-0.872070	-0.909668
960	-0.881348	-0.918457
961	-0.874512	-0.900879
962	-0.868164	-0.901367
963	-0.892090	-0.925781
964	-0.876465	-0.906738
965	-0.854980	-0.893555
966	-0.886230	-0.912109
967	-0.875977	-0.913574
968	-0.882813	-0.923828
969	-0.867188	-0.910645
970	-0.889648	-0.924805
971	-0.861328	-0.899414
972	-0.880371	-0.923340
973	-0.885742	-0.926758
974	-0.916016	-0.949707
975	-0.880859	-0.927246
976	-0.873535	-0.905273
977	-0.864258	-0.911621
978	-0.886230	-0.926270
979	-0.866699	-0.912109
980	-0.902344	-0.936035
981	-0.855469	-0.896484
982	-0.875000	-0.907227
983	-0.885254	-0.913574
984	-0.882813	-0.919922
985	-0.857910	-0.901855
986	-0.879395	-0.910156
987	-0.894531	-0.932129
988	-0.884277	-0.920410
989	-0.879395	-0.918457
990	-0.883301	-0.912598
991	-0.891113	-0.933105
992	-0.873535	-0.898438
993	-0.881348	-0.921387
994	-0.886230	-0.914551
995	-0.875000	-0.899902
996	-0.870117	-0.908691
997	-0.882813	-0.919922
998	-0.875977	-0.921387
999	-0.870117	-0.904785
