0	-0.998047	-0.999023
1	-0.998047	-0.999023
2	-1.000000	-1.000000
3	-0.998047	-0.999023
4	-0.998047	-0.999023
5	-0.999023	-0.999512
6	-0.996094	-0.998047
7	-0.998047	-0.999023
8	-0.997070	-0.998535
9	-0.998047	-0.999023
10	-0.997070	-0.998535
11	-0.999023	-0.999512
12	-0.996582	-0.998047
13	-0.998047	-0.999023
14	-0.999023	-0.999512
15	-1.000000	-1.000000
16	-1.000000	-1.000000
17	-0.998047	-0.999023
18	-0.998047	-0.999023
19	-1.000000	-1.000000
20	-0.998047	-0.999023
21	-0.999023	-0.999512
22	-1.000000	-1.000000
23	-0.998047	-0.999023
24	-0.999023	-0.999512
25	-0.999023	-0.999512
26	-0.999023	-0.999512
27	-0.999023	-0.999512
28	-1.000000	-1.000000
29	-0.997070	-0.998535
30	-0.994141	-0.997070
31	-0.998047	-0.999023
32	-1.000000	-1.000000
33	-1.000000	-1.000000
34	-0.999023	-0.999512
35	-0.998047	-0.999023
36	-0.999023	-0.999512
37	-0.999023	-0.999512
38	-0.999023	-0.999512
39	-0.999023	-0.999512
40	-1.000000	-1.000000
41	-0.996094	-0.998047
42	-1.000000	-1.000000
43	-1.000000	-1.000000
44	-0.999023	-0.999512
45	-0.999023	-0.999512
46	-0.999023	-0.999512
47	-0.999023	-0.999512
48	-1.000000	-1.000000
49	-0.999023	-0.999512
50	-0.997070	-0.998535
51	-0.999023	-0.999512
52	-0.998047	-0.999023
53	-0.998047	-0.999023
54	-0.997070	-0.998535
55	-0.997070	-0.998535
56	-0.996582	-0.998047
57	-0.999023	-0.999512
58	-1.000000	-1.000000
59	-0.998047	-0.999023
60	-0.998047	-0.999023
61	-0.999023	-0.999512
62	-0.999023	-0.999512
63	-0.999023	-0.999512
64	-0.999023	-0.999512
65	-0.998047	-0.999023
66	-0.999023	-0.999512
67	-0.998047	-0.999023
68	-0.998047	-0.999023
69	-0.997070	-0.998535
70	-0.999023	-0.999512
71	-1.000000	-1.000000
72	-0.998047	-0.999023
73	-0.999023	-0.999512
74	-1.000000	-1.000000
75	-0.999023	-0.999512
76	-0.997559	-0.998535
77	-0.999023	-0.999512
78	-0.999023	-0.999512
79	-0.995117	-0.997559
80	-1.000000	-1.000000
81	-1.000000	-1.000000
82	-0.998047	-0.999023
83	-0.999023	-0.999512
84	-0.997070	-0.998535
85	-0.998047	-0.999023
86	-0.997559	-0.998535
87	-0.999023	-0.999512
88	-0.998047	-0.999023
89	-0.998047	-0.999023
90	-0.999023	-0.999512
91	-0.997070	-0.998535
92	-0.997070	-0.998535
93	-0.997070	-0.998535
94	-0.999023	-0.999512
95	-0.998535	-0.999023
96	-0.996582	-0.998047
97	-0.999023	-0.999512
98	-0.997070	-0.998535
99	-0.998047	-0.999023
100	-0.999023	-0.999512
101	-1.000000	-1.000000
102	-0.998047	-0.999023
103	-0.998047	-0.999023
104	-1.000000	-1.000000
105	-0.999023	-0.999512
106	-0.999023	-0.999512
107	-0.999023	-0.999512
108	-0.998047	-0.999023
109	-0.998047	-0.999023
110	-0.996094	-0.998047
111	-0.998047	-0.999023
112	-0.996582	-0.998047
113	-0.999023	-0.999512
114	-0.998047	-0.999023
115	-0.999023	-0.999512
116	-0.999023	-0.999512
117	-0.997070	-0.998535
118	-0.997070	-0.998535
119	-0.999023	-0.999512
120	-0.999023	-0.999512
121	-1.000000	-1.000000
122	-0.999023	-0.999512
123	-0.999023	-0.999512
124	-0.997070	-0.998535
125	-0.999023	-0.999512
126	-0.998047	-0.999023
127	-0.999023	-0.999512
128	-0.998047	-0.999023
129	-1.000000	-1.000000
130	-0.998047	-0.999023
131	-0.994629	-0.997070
132	-0.999023	-0.999512
133	-0.998047	-0.999023
134	-0.996094	-0.998047
135	-0.998047	-0.999023
136	-1.000000	-1.000000
137	-0.997070	-0.998535
138	-0.996582	-0.998047
139	-0.999023	-0.999512
140	-0.999023	-0.999512
141	-1.000000	-1.000000
142	-1.000000	-1.000000
143	-0.998047	-0.999023
144	-0.999023	-0.999512
145	-0.999023	-0.999512
146	-0.996094	-0.998047
147	-0.997070	-0.998535
148	-0.998047	-0.999023
149	-0.997070	-0.998535
150	-0.999023	-0.999512
151	-0.999023	-0.999512
152	-0.999023	-0.999512
153	-0.998047	-0.999023
154	-0.999023	-0.999512
155	-1.000000	-1.000000
156	-0.995117	-0.997559
157	-0.999023	-0.999512
158	-0.999023	-0.999512
159	-0.997070	-0.998535
160	-0.998047	-0.999023
161	-0.999023	-0.999512
162	-0.999023	-0.999512
163	-0.999023	-0.999512
164	-0.998047	-0.999023
165	-0.997070	-0.998535
166	-0.996094	-0.998047
167	-0.996094	-0.998047
168	-0.998047	-0.999023
169	-0.999023	-0.999512
170	-0.998047	-0.999023
171	-0.999023	-0.999512
172	-0.999023	-0.999512
173	-0.998047	-0.999023
174	-0.999023	-0.999512
175	-0.999023	-0.999512
176	-0.998047	-0.999023
177	-1.000000	-1.000000
178	-0.998047	-0.999023
179	-0.996094	-0.998047
180	-0.997070	-0.998535
181	-0.998047	-0.999023
182	-1.000000	-1.000000
183	-0.998047	-0.999023
184	-0.999023	-0.999512
185	-0.998047	-0.999023
186	-0.999023	-0.999512
187	-0.998047	-0.999023
188	-0.998047	-0.999023
189	-0.998047	-0.999023
190	-0.999023	-0.999512
191	-0.998047	-0.999023
192	-0.997070	-0.998535
193	-0.998047	-0.999023
194	-0.998047	-0.999023
195	-0.998047	-0.999023
196	-0.998047	-0.999023
197	-0.997070	-0.998535
198	-0.998047	-0.999023
199	-0.995117	-0.997559
200	-0.999023	-0.999512
201	-0.999023	-0.999512
202	-0.999023	-0.999512
203	-0.999023	-0.999512
204	-0.998047	-0.999023
205	-0.998047	-0.999023
206	-1.000000	-1.000000
207	-0.998535	-0.999023
208	-0.996582	-0.998047
209	-1.000000	-1.000000
210	-0.998047	-0.999023
211	-0.999023	-0.999512
212	-0.996094	-0.998047
213	-1.000000	-1.000000
214	-0.999023	-0.999512
215	-0.997070	-0.998535
216	-0.999023	-0.999512
217	-1.000000	-1.000000
218	-0.996094	-0.998047
219	-1.000000	-1.000000
220	-0.998047	-0.999023
221	-0.999023	-0.999512
222	-0.999023	-0.999512
223	-0.999023	-0.999512
224	-0.996582	-0.998047
225	-0.999023	-0.999512
226	-0.998047	-0.999023
227	-0.998047	-0.999023
228	-0.999023	-0.999512
229	-0.999023	-0.999512
230	-1.000000	-1.000000
231	-0.997070	-0.998535
232	-0.998047	-0.999023
233	-0.999023	-0.999512
234	-0.999023	-0.999512
235	-0.999023	-0.999512
236	-0.997559	-0.998535
237	-0.999023	-0.999512
238	-1.000000	-1.000000
239	-0.999023	-0.999512
240	-1.000000	-1.000000
241	-0.998047	-0.999023
242	-0.998047	-0.999023
243	-1.000000	-1.000000
244	-1.000000	-1.000000
245	-1.000000	-1.000000
246	-0.999023	-0.999512
247	-1.000000	-1.000000
248	-0.999023	-0.999512
249	-0.997070	-0.998535
250	-0.999023	-0.999512
251	-1.000000	-1.000000
252	-0.998047	-0.999023
253	-0.999023	-0.999512
254	-1.000000	-1.000000
255	-0.999023	-0.999512
256	-1.000000	-1.000000
257	-0.999023	-0.999512
258	-0.998047	-0.999023
259	-0.998047	-0.999023
260	-0.999023	-0.999512
261	-0.999023	-0.999512
262	-0.999023	-0.999512
263	-1.000000	-1.000000
264	-0.999023	-0.999512
265	-0.998047	-0.999023
266	-0.998047	-0.999023
267	-0.996094	-0.998047
268	-1.000000	-1.000000
269	-1.000000	-1.000000
270	-0.998047	-0.999023
271	-0.998047	-0.999023
272	-0.997070	-0.998535
273	-0.996582	-0.998047
274	-0.998047	-0.999023
275	-0.999023	-0.999512
276	-0.999023	-0.999512
277	-0.997070	-0.998535
278	-1.000000	-1.000000
279	-0.999023	-0.999512
280	-0.996094	-0.998047
281	-0.998047	-0.999023
282	-0.998047	-0.999023
283	-0.998047	-0.999023
284	-0.994629	-0.997070
285	-1.000000	-1.000000
286	-0.997070	-0.998535
287	-0.996094	-0.998047
288	-0.999023	-0.999512
289	-0.997070	-0.998535
290	-0.999023	-0.999512
291	-0.995117	-0.997559
292	-0.999023	-0.999512
293	-0.999023	-0.999512
294	-0.996094	-0.998047
295	-0.999023	-0.999512
296	-0.998047	-0.999023
297	-0.997070	-0.998535
298	-0.998047	-0.999023
299	-0.999023	-0.999512
300	-0.995117	-0.997559
301	-0.998047	-0.999023
302	-0.999023	-0.999512
303	-0.997070	-0.998535
304	-0.998047	-0.999023
305	-0.997070	-0.998535
306	-0.999023	-0.999512
307	-1.000000	-1.000000
308	-0.999023	-0.999512
309	-0.998047	-0.999023
310	-0.995117	-0.997559
311	-1.000000	-1.000000
312	-1.000000	-1.000000
313	-1.000000	-1.000000
314	-0.998047	-0.999023
315	-0.999023	-0.999512
316	-1.000000	-1.000000
317	-0.998047	-0.999023
318	-0.996582	-0.998047
319	-1.000000	-1.000000
320	-0.997070	-0.998535
321	-0.996582	-0.998047
322	-1.000000	-1.000000
323	-0.997070	-0.998535
324	-0.995117	-0.997559
325	-0.996094	-0.998047
326	-0.997070	-0.998535
327	-0.999023	-0.999512
328	-0.999023	-0.999512
329	-0.997070	-0.998535
330	-0.994141	-0.997070
331	-0.999023	-0.999512
332	-0.999023	-0.999512
333	-1.000000	-1.000000
334	-1.000000	-1.000000
335	-0.997070	-0.998535
336	-0.998047	-0.999023
337	-0.999023	-0.999512
338	-0.998047	-0.999023
339	-0.997070	-0.998535
340	-0.998047	-0.999023
341	-0.999023	-0.999512
342	-0.998047	-0.999023
343	-0.999023	-0.999512
344	-0.999023	-0.999512
345	-0.998047	-0.999023
346	-0.997070	-0.998535
347	-0.999023	-0.999512
348	-1.000000	-1.000000
349	-1.000000	-1.000000
350	-0.995117	-0.997559
351	-0.998047	-0.999023
352	-0.994629	-0.997070
353	-0.997070	-0.998535
354	-1.000000	-1.000000
355	-0.997070	-0.998535
356	-0.998535	-0.999023
357	-0.998047	-0.999023
358	-0.999023	-0.999512
359	-0.999023	-0.999512
360	-0.999023	-0.999512
361	-0.997070	-0.998047
362	-0.999023	-0.999512
363	-1.000000	-1.000000
364	-0.998047	-0.999023
365	-1.000000	-1.000000
366	-0.999023	-0.999512
367	-0.997070	-0.998535
368	-0.996582	-0.998047
369	-0.995117	-0.997070
370	-1.000000	-1.000000
371	-0.997070	-0.998535
372	-0.998047	-0.999023
373	-0.998047	-0.999023
374	-0.998047	-0.999023
375	-0.998047	-0.999023
376	-0.998047	-0.999023
377	-0.999023	-0.999512
378	-0.998047	-0.999023
379	-0.998047	-0.999023
380	-0.998047	-0.999023
381	-0.997070	-0.998535
382	-1.000000	-1.000000
383	-1.000000	-1.000000
384	-0.998047	-0.999023
385	-1.000000	-1.000000
386	-0.998047	-0.999023
387	-0.999023	-0.999512
388	-1.000000	-1.000000
389	-0.999023	-0.999512
390	-1.000000	-1.000000
391	-0.998047	-0.999023
392	-0.998047	-0.999023
393	-0.998047	-0.999023
394	-0.999023	-0.999512
395	-0.997070	-0.998535
396	-0.996094	-0.997559
397	-0.999023	-0.999512
398	-0.997070	-0.998535
399	-0.998047	-0.999023
400	-0.993164	-0.996582
401	-0.999023	-0.999512
402	-0.996094	-0.998047
403	-1.000000	-1.000000
404	-0.998047	-0.999023
405	-0.997070	-0.998535
406	-1.000000	-1.000000
407	-0.999023	-0.999512
408	-0.999023	-0.999512
409	-0.998047	-0.999023
410	-1.000000	-1.000000
411	-0.998047	-0.999023
412	-0.997070	-0.998535
413	-0.999023	-0.999512
414	-0.997070	-0.998047
415	-1.000000	-1.000000
416	-1.000000	-1.000000
417	-0.998047	-0.999023
418	-0.998047	-0.999023
419	-1.000000	-1.000000
420	-0.999023	-0.999512
421	-0.997070	-0.998535
422	-0.999023	-0.999512
423	-0.999023	-0.999512
424	-0.998047	-0.999023
425	-1.000000	-1.000000
426	-0.996094	-0.998047
427	-0.998047	-0.999023
428	-0.999023	-0.999512
429	-0.997070	-0.998535
430	-0.997070	-0.998535
431	-1.000000	-1.000000
432	-0.997559	-0.998535
433	-1.000000	-1.000000
434	-0.998047	-0.999023
435	-0.999023	-0.999512
436	-0.994141	-0.997070
437	-0.998047	-0.999023
438	-0.999023	-0.999512
439	-0.998047	-0.999023
440	-1.000000	-1.000000
441	-0.998047	-0.999023
442	-0.999023	-0.999512
443	-1.000000	-1.000000
444	-0.998047	-0.999023
445	-0.997070	-0.998535
446	-0.998047	-0.999023
447	-0.998047	-0.999023
448	-0.995117	-0.997559
449	-0.999023	-0.999512
450	-0.999023	-0.999512
451	-0.997070	-0.998535
452	-1.000000	-1.000000
453	-0.998047	-0.999023
454	-1.000000	-1.000000
455	-0.996094	-0.998047
456	-1.000000	-1.000000
457	-0.998047	-0.999023
458	-0.995117	-0.997559
459	-0.999023	-0.999512
460	-0.998047	-0.999023
461	-0.999023	-0.999512
462	-0.999023	-0.999512
463	-0.999023	-0.999512
464	-0.996094	-0.998047
465	-1.000000	-1.000000
466	-0.999023	-0.999512
467	-0.997070	-0.998535
468	-0.999023	-0.999512
469	-1.000000	-1.000000
470	-0.999023	-0.999512
471	-0.998047	-0.999023
472	-0.998047	-0.999023
473	-1.000000	-1.000000
474	-0.998047	-0.999023
475	-0.999023	-0.999512
476	-1.000000	-1.000000
477	-1.000000	-1.000000
478	-0.999023	-0.999512
479	-0.996094	-0.998047
480	-0.998047	-0.999023
481	-0.998047	-0.999023
482	-1.000000	-1.000000
483	-0.995117	-0.997559
484	-0.999023	-0.999512
485	-0.994629	-0.997070
486	-1.000000	-1.000000
487	-0.999023	-0.999512
488	-0.999023	-0.999512
489	-0.998047	-0.999023
490	-0.997070	-0.998535
491	-0.996094	-0.998047
492	-0.997070	-0.998047
493	-0.999023	-0.999512
494	-0.998047	-0.999023
495	-1.000000	-1.000000
496	-0.997070	-0.998535
497	-0.996094	-0.998047
498	-0.999023	-0.999512
499	-0.999023	-0.999512
500	-0.997070	-0.998535
501	-0.998047	-0.999023
502	-0.999023	-0.999512
503	-0.999023	-0.999512
504	-0.997559	-0.998535
505	-0.997070	-0.998535
506	-0.996094	-0.998047
507	-1.000000	-1.000000
508	-0.999023	-0.999512
509	-0.997070	-0.998535
510	-0.999023	-0.999512
511	-0.998047	-0.999023
512	-1.000000	-1.000000
513	-1.000000	-1.000000
514	-0.999023	-0.999512
515	-0.998047	-0.999023
516	-0.998047	-0.999023
517	-0.998047	-0.999023
518	-0.997070	-0.998535
519	-1.000000	-1.000000
520	-0.998047	-0.999023
521	-0.999023	-0.999512
522	-0.998047	-0.999023
523	-1.000000	-1.000000
524	-0.998047	-0.999023
525	-0.997070	-0.998535
526	-0.997070	-0.998535
527	-0.999023	-0.999512
528	-1.000000	-1.000000
529	-0.996094	-0.998047
530	-1.000000	-1.000000
531	-1.000000	-1.000000
532	-0.999023	-0.999512
533	-0.996094	-0.998047
534	-1.000000	-1.000000
535	-1.000000	-1.000000
536	-1.000000	-1.000000
537	-0.996094	-0.998047
538	-0.999023	-0.999512
539	-0.999023	-0.999512
540	-1.000000	-1.000000
541	-0.997070	-0.998535
542	-0.997070	-0.998535
543	-0.997070	-0.998535
544	-0.999023	-0.999512
545	-0.998047	-0.999023
546	-1.000000	-1.000000
547	-1.000000	-1.000000
548	-1.000000	-1.000000
549	-0.998047	-0.999023
550	-0.999023	-0.999512
551	-0.997070	-0.998535
552	-0.996582	-0.998047
553	-0.996094	-0.998047
554	-0.998047	-0.999023
555	-0.998047	-0.999023
556	-0.999023	-0.999512
557	-0.997070	-0.998535
558	-0.999023	-0.999512
559	-0.997070	-0.998535
560	-0.999023	-0.999512
561	-0.997559	-0.998535
562	-0.999023	-0.999512
563	-1.000000	-1.000000
564	-0.999023	-0.999512
565	-0.999023	-0.999512
566	-0.998047	-0.999023
567	-0.996094	-0.997559
568	-0.997559	-0.998535
569	-1.000000	-1.000000
570	-0.999023	-0.999512
571	-1.000000	-1.000000
572	-0.998047	-0.999023
573	-0.998047	-0.999023
574	-0.999023	-0.999512
575	-1.000000	-1.000000
576	-0.999023	-0.999512
577	-0.999023	-0.999512
578	-0.999023	-0.999512
579	-0.999023	-0.999512
580	-0.998047	-0.999023
581	-0.997559	-0.998535
582	-0.998047	-0.999023
583	-1.000000	-1.000000
584	-1.000000	-1.000000
585	-0.998047	-0.999023
586	-0.997070	-0.998535
587	-0.999023	-0.999512
588	-0.997070	-0.998535
589	-0.997070	-0.998535
590	-0.994141	-0.997070
591	-0.997070	-0.998535
592	-0.999023	-0.999512
593	-1.000000	-1.000000
594	-0.997070	-0.998535
595	-0.997070	-0.998535
596	-0.999023	-0.999512
597	-0.999023	-0.999512
598	-0.997070	-0.998535
599	-0.999023	-0.999512
600	-0.999023	-0.999512
601	-0.997559	-0.998535
602	-0.999023	-0.999512
603	-0.998047	-0.999023
604	-0.999023	-0.999512
605	-0.998047	-0.999023
606	-0.998047	-0.999023
607	-0.999023	-0.999512
608	-0.998047	-0.999023
609	-0.997070	-0.998535
610	-0.996094	-0.998047
611	-0.998047	-0.999023
612	-0.994629	-0.997070
613	-0.999023	-0.999512
614	-0.999023	-0.999512
615	-1.000000	-1.000000
616	-1.000000	-1.000000
617	-0.999023	-0.999512
618	-0.999023	-0.999512
619	-0.998047	-0.999023
620	-0.997070	-0.998535
621	-0.998047	-0.999023
622	-0.999023	-0.999512
623	-0.999023	-0.999512
624	-0.998047	-0.999023
625	-0.998047	-0.999023
626	-1.000000	-1.000000
627	-0.999023	-0.999512
628	-0.999023	-0.999512
629	-0.999023	-0.999512
630	-1.000000	-1.000000
631	-0.999023	-0.999512
632	-1.000000	-1.000000
633	-0.997070	-0.998535
634	-0.999023	-0.999512
635	-0.999023	-0.999512
636	-0.996094	-0.998047
637	-0.999023	-0.999512
638	-0.996094	-0.998047
639	-0.996582	-0.998047
640	-0.998047	-0.999023
641	-0.998047	-0.999023
642	-0.995117	-0.997559
643	-0.999023	-0.999512
644	-0.998047	-0.999023
645	-0.998047	-0.999023
646	-1.000000	-1.000000
647	-0.999023	-0.999512
648	-0.997559	-0.998535
649	-0.998047	-0.999023
650	-0.999023	-0.999512
651	-0.999023	-0.999512
652	-0.998047	-0.999023
653	-0.998047	-0.999023
654	-1.000000	-1.000000
655	-0.997070	-0.998535
656	-0.999023	-0.999512
657	-0.997559	-0.998535
658	-1.000000	-1.000000
659	-1.000000	-1.000000
660	-0.998047	-0.999023
661	-0.998047	-0.999023
662	-1.000000	-1.000000
663	-0.996094	-0.998047
664	-0.999023	-0.999512
665	-0.996094	-0.998047
666	-0.999023	-0.999512
667	-1.000000	-1.000000
668	-1.000000	-1.000000
669	-1.000000	-1.000000
670	-1.000000	-1.000000
671	-0.999023	-0.999512
672	-0.999023	-0.999512
673	-0.997070	-0.998535
674	-0.998047	-0.999023
675	-0.998047	-0.999023
676	-0.999023	-0.999512
677	-0.997070	-0.998535
678	-0.999023	-0.999512
679	-0.998047	-0.999023
680	-0.997070	-0.998535
681	-1.000000	-1.000000
682	-0.999023	-0.999512
683	-0.996582	-0.998047
684	-0.999023	-0.999512
685	-0.998047	-0.999023
686	-0.994141	-0.997070
687	-0.997070	-0.998535
688	-1.000000	-1.000000
689	-0.999023	-0.999512
690	-1.000000	-1.000000
691	-0.999023	-0.999512
692	-0.998047	-0.999023
693	-1.000000	-1.000000
694	-0.998047	-0.999023
695	-0.998047	-0.999023
696	-0.998047	-0.999023
697	-0.998047	-0.999023
698	-0.998047	-0.999023
699	-0.999023	-0.999512
700	-0.998047	-0.999023
701	-0.998047	-0.999023
702	-0.997070	-0.998535
703	-0.993164	-0.996582
704	-0.999023	-0.999512
705	-1.000000	-1.000000
706	-0.995605	-0.997559
707	-0.998047	-0.999023
708	-0.999023	-0.999512
709	-0.998047	-0.999023
710	-0.994141	-0.997070
711	-0.998047	-0.999023
712	-1.000000	-1.000000
713	-1.000000	-1.000000
714	-0.997070	-0.998535
715	-0.997070	-0.998535
716	-0.998047	-0.999023
717	-1.000000	-1.000000
718	-0.997070	-0.998535
719	-0.999023	-0.999512
720	-0.996094	-0.998047
721	-0.999023	-0.999512
722	-0.999023	-0.999512
723	-0.996094	-0.998047
724	-0.994141	-0.997070
725	-0.998047	-0.999023
726	-1.000000	-1.000000
727	-0.997070	-0.998535
728	-0.995605	-0.997559
729	-1.000000	-1.000000
730	-0.997070	-0.998535
731	-0.998047	-0.999023
732	-0.999023	-0.999512
733	-1.000000	-1.000000
734	-1.000000	-1.000000
735	-1.000000	-1.000000
736	-0.999023	-0.999512
737	-0.997070	-0.998535
738	-0.997070	-0.998535
739	-0.997070	-0.998535
740	-0.999023	-0.999512
741	-0.998047	-0.999023
742	-1.000000	-1.000000
743	-0.999023	-0.999512
744	-0.998047	-0.999023
745	-1.000000	-1.000000
746	-0.998047	-0.999023
747	-0.996094	-0.998047
748	-1.000000	-1.000000
749	-0.998047	-0.999023
750	-1.000000	-1.000000
751	-0.999023	-0.999512
752	-0.999023	-0.999512
753	-0.997070	-0.998535
754	-0.999023	-0.999512
755	-0.999023	-0.999512
756	-0.997070	-0.998535
757	-1.000000	-1.000000
758	-0.996582	-0.998047
759	-0.998047	-0.999023
760	-0.997559	-0.998535
761	-0.995605	-0.997559
762	-1.000000	-1.000000
763	-0.998047	-0.999023
764	-0.997559	-0.998535
765	-0.998047	-0.999023
766	-0.999023	-0.999512
767	-1.000000	-1.000000
768	-0.998047	-0.999023
769	-0.999023	-0.999512
770	-0.996582	-0.998047
771	-1.000000	-1.000000
772	-0.999023	-0.999512
773	-0.999023	-0.999512
774	-0.997070	-0.998535
775	-0.997070	-0.998535
776	-0.998047	-0.999023
777	-0.999023	-0.999512
778	-0.998047	-0.999023
779	-0.999023	-0.999512
780	-0.998047	-0.999023
781	-0.999023	-0.999512
782	-1.000000	-1.000000
783	-0.997070	-0.998535
784	-0.999023	-0.999512
785	-0.997070	-0.998535
786	-0.997559	-0.998535
787	-0.999023	-0.999512
788	-0.999023	-0.999512
789	-0.998047	-0.999023
790	-0.997559	-0.998535
791	-1.000000	-1.000000
792	-0.997070	-0.998535
793	-0.996094	-0.998047
794	-0.997070	-0.998535
795	-1.000000	-1.000000
796	-1.000000	-1.000000
797	-0.996094	-0.998047
798	-0.999023	-0.999512
799	-1.000000	-1.000000
800	-0.999023	-0.999512
801	-0.999023	-0.999512
802	-0.996582	-0.998047
803	-0.998047	-0.999023
804	-0.998047	-0.999023
805	-0.999023	-0.999512
806	-0.999023	-0.999512
807	-0.998535	-0.999023
808	-1.000000	-1.000000
809	-1.000000	-1.000000
810	-0.996094	-0.998047
811	-0.999023	-0.999512
812	-1.000000	-1.000000
813	-0.998047	-0.999023
814	-1.000000	-1.000000
815	-0.998047	-0.999023
816	-1.000000	-1.000000
817	-0.999023	-0.999512
818	-0.996094	-0.998047
819	-0.997559	-0.998535
820	-0.998047	-0.999023
821	-0.999023	-0.999512
822	-0.998047	-0.999023
823	-0.999023	-0.999512
824	-0.997070	-0.998535
825	-1.000000	-1.000000
826	-0.997070	-0.998535
827	-0.998047	-0.999023
828	-1.000000	-1.000000
829	-0.999023	-0.999512
830	-0.999023	-0.999512
831	-1.000000	-1.000000
832	-0.998047	-0.999023
833	-0.999023	-0.999512
834	-1.000000	-1.000000
835	-0.998535	-0.999023
836	-0.998047	-0.999023
837	-0.998047	-0.999023
838	-0.999023	-0.999512
839	-0.997070	-0.998535
840	-1.000000	-1.000000
841	-1.000000	-1.000000
842	-0.995117	-0.997559
843	-0.998047	-0.999023
844	-0.999023	-0.999512
845	-0.998047	-0.999023
846	-0.997070	-0.998535
847	-0.998047	-0.999023
848	-1.000000	-1.000000
849	-0.999023	-0.999512
850	-0.998047	-0.999023
851	-0.999023	-0.999512
852	-0.996582	-0.998047
853	-0.997070	-0.998535
854	-0.996094	-0.998047
855	-0.996582	-0.998047
856	-1.000000	-1.000000
857	-0.996094	-0.998047
858	-0.999023	-0.999512
859	-0.997070	-0.998535
860	-0.997070	-0.998535
861	-0.996094	-0.998047
862	-1.000000	-1.000000
863	-0.999023	-0.999512
864	-0.998047	-0.999023
865	-1.000000	-1.000000
866	-1.000000	-1.000000
867	-1.000000	-1.000000
868	-1.000000	-1.000000
869	-0.999023	-0.999512
870	-0.999023	-0.999512
871	-0.998047	-0.999023
872	-0.996094	-0.998047
873	-0.996094	-0.998047
874	-0.998047	-0.999023
875	-0.998047	-0.999023
876	-0.996094	-0.998047
877	-0.999023	-0.999512
878	-1.000000	-1.000000
879	-0.998047	-0.999023
880	-0.999023	-0.999512
881	-0.998047	-0.999023
882	-0.998047	-0.999023
883	-0.998047	-0.999023
884	-0.998047	-0.999023
885	-0.999023	-0.999512
886	-1.000000	-1.000000
887	-0.999023	-0.999512
888	-0.998047	-0.999023
889	-0.997559	-0.998535
890	-0.998047	-0.999023
891	-0.998535	-0.999023
892	-1.000000	-1.000000
893	-1.000000	-1.000000
894	-1.000000	-1.000000
895	-0.997070	-0.998535
896	-0.997070	-0.998535
897	-1.000000	-1.000000
898	-0.997070	-0.998535
899	-0.997070	-0.998535
900	-1.000000	-1.000000
901	-0.996094	-0.998047
902	-0.999023	-0.999512
903	-0.999023	-0.999512
904	-0.998047	-0.999023
905	-0.997070	-0.998535
906	-0.997070	-0.998535
907	-0.999023	-0.999512
908	-0.999023	-0.999512
909	-0.999023	-0.999512
910	-1.000000	-1.000000
911	-0.998047	-0.999023
912	-0.999023	-0.999512
913	-0.997070	-0.998535
914	-1.000000	-1.000000
915	-1.000000	-1.000000
916	-1.000000	-1.000000
917	-0.996582	-0.998047
918	-1.000000	-1.000000
919	-0.997559	-0.998535
920	-0.999023	-0.999512
921	-0.997070	-0.998535
922	-0.998535	-0.999023
923	-0.998047	-0.999023
924	-0.999023	-0.999512
925	-0.999023	-0.999512
926	-0.996094	-0.998047
927	-0.999023	-0.999512
928	-0.998047	-0.999023
929	-0.997070	-0.998535
930	-0.998047	-0.999023
931	-0.996094	-0.998047
932	-0.999023	-0.999512
933	-0.998047	-0.999023
934	-1.000000	-1.000000
935	-0.995117	-0.997559
936	-0.997070	-0.998535
937	-0.998047	-0.999023
938	-0.999023	-0.999512
939	-0.997070	-0.998535
940	-1.000000	-1.000000
941	-1.000000	-1.000000
942	-0.998047	-0.999023
943	-0.998047	-0.999023
944	-1.000000	-1.000000
945	-0.998047	-0.999023
946	-0.998047	-0.999023
947	-0.999023	-0.999512
948	-0.997070	-0.998535
949	-0.999023	-0.999512
950	-0.998047	-0.999023
951	-0.998047	-0.999023
952	-0.999023	-0.999512
953	-0.996094	-0.998047
954	-1.000000	-1.000000
955	-1.000000	-1.000000
956	-0.997070	-0.998535
957	-0.998047	-0.999023
958	-0.997070	-0.998535
959	-0.999023	-0.999512
960	-0.997070	-0.998535
961	-0.995117	-0.997559
962	-1.000000	-1.000000
963	-0.999023	-0.999512
964	-0.999023	-0.999512
965	-0.998047	-0.999023
966	-0.996582	-0.998047
967	-0.999023	-0.999512
968	-0.998047	-0.999023
969	-0.997559	-0.998535
970	-0.999023	-0.999512
971	-0.999023	-0.999512
972	-0.999023	-0.999512
973	-0.997070	-0.998535
974	-0.997070	-0.998535
975	-0.998047	-0.999023
976	-0.998047	-0.999023
977	-0.995117	-0.997559
978	-1.000000	-1.000000
979	-1.000000	-1.000000
980	-0.997070	-0.998535
981	-1.000000	-1.000000
982	-0.996094	-0.998047
983	-0.998047	-0.999023
984	-0.995117	-0.997559
985	-1.000000	-1.000000
986	-0.998047	-0.999023
987	-1.000000	-1.000000
988	-1.000000	-1.000000
989	-0.998047	-0.999023
990	-0.999023	-0.999512
991	-0.995117	-0.997559
992	-0.998047	-0.999023
993	-0.999023	-0.999512
994	-0.997070	-0.998535
995	-0.999023	-0.999512
996	-0.996094	-0.998047
997	-1.000000	-1.000000
998	-0.995117	-0.997559
999	-0.998047	-0.999023
