0	-0.067383	-0.009277
1	-0.059082	0.016602
2	-0.053223	-0.028320
3	-0.032227	0.021973
4	-0.036621	-0.020996
5	-0.034668	0.033203
6	-0.033691	-0.029785
7	-0.019531	0.033691
8	-0.043457	-0.020020
9	-0.048828	0.020996
10	-0.044922	0.011719
11	-0.032715	-0.000488
12	-0.032715	-0.013184
13	-0.034668	0.010742
14	-0.042480	-0.019043
15	-0.054199	0.006836
16	-0.049316	0.000000
17	-0.048828	0.008301
18	-0.046387	-0.017090
19	-0.062012	0.019531
20	-0.046387	-0.004883
21	-0.044434	-0.003418
22	-0.059082	0.016113
23	-0.048828	0.000000
24	-0.036133	-0.007813
25	-0.022949	0.005859
26	-0.020996	-0.011719
27	-0.020508	0.001953
28	-0.044434	0.003906
29	-0.040527	0.012207
30	-0.037598	-0.000488
31	-0.033203	0.029297
32	-0.034668	0.010254
33	-0.022949	-0.019531
34	-0.034180	0.038574
35	-0.041016	-0.007324
36	-0.040039	-0.003906
37	-0.031738	-0.000488
38	-0.033691	0.000000
39	-0.047852	0.003418
40	-0.043457	0.000977
41	-0.041992	-0.026855
42	-0.041992	0.032227
43	-0.050293	0.006348
44	-0.042969	-0.036621
45	-0.036621	0.007813
46	-0.034668	-0.007813
47	-0.056641	0.008301
48	-0.039551	-0.006836
49	-0.030762	0.022949
50	-0.038086	-0.008789
51	-0.033203	0.008301
52	-0.040039	0.015625
53	-0.037109	-0.009766
54	-0.039551	0.011230
55	-0.041992	0.014160
56	-0.038086	-0.039063
57	-0.057129	0.008301
58	-0.049316	-0.008789
59	-0.043457	-0.000977
60	-0.040039	-0.035645
61	-0.051270	0.026855
62	-0.028320	-0.017090
63	-0.047363	-0.015625
64	-0.052246	-0.000977
65	-0.050781	0.010254
66	-0.041016	-0.000488
67	-0.047363	0.000977
68	-0.034180	-0.020996
69	-0.034668	0.004395
70	-0.026367	-0.001953
71	-0.017578	-0.007813
72	-0.026855	-0.007324
73	-0.028809	-0.024414
74	-0.032227	0.012695
75	-0.040527	0.015137
76	-0.048828	-0.000488
77	-0.042480	0.002930
78	-0.031738	-0.004883
79	-0.045410	0.029785
80	-0.044434	-0.006348
81	-0.047852	-0.010254
82	-0.043457	0.007813
83	-0.037109	0.017090
84	-0.030762	-0.025391
85	-0.025391	0.004883
86	-0.046875	0.012695
87	-0.045898	-0.013184
88	-0.056641	0.007324
89	-0.048828	0.016602
90	-0.029297	-0.020996
91	-0.027344	0.038086
92	-0.043457	-0.008301
93	-0.031738	0.029297
94	-0.036133	-0.009277
95	-0.044434	-0.000488
96	-0.034180	-0.001465
97	-0.020508	-0.006348
98	-0.031738	0.041504
99	-0.031738	-0.022461
100	-0.037109	0.004395
101	-0.039063	-0.010254
102	-0.045410	0.014160
103	-0.038086	0.000000
104	-0.027344	-0.004395
105	-0.025879	-0.007813
106	-0.027344	0.004395
107	-0.034668	0.002930
108	-0.037598	0.026367
109	-0.048828	-0.020508
110	-0.044922	-0.016602
111	-0.045410	0.015137
112	-0.034180	-0.004883
113	-0.036621	-0.000488
114	-0.041016	-0.007813
115	-0.046387	-0.018555
116	-0.040039	0.006348
117	-0.047363	-0.008789
118	-0.048828	0.031250
119	-0.044434	-0.006836
120	-0.043945	-0.006836
121	-0.042969	-0.015137
122	-0.036133	-0.001953
123	-0.050293	0.012695
124	-0.047852	-0.016113
125	-0.032227	0.013672
126	-0.038574	-0.006348
127	-0.057129	0.007813
128	-0.054688	0.002930
129	-0.048340	-0.026367
130	-0.042969	0.012695
131	-0.040527	-0.006348
132	-0.039551	0.020020
133	-0.045410	-0.023438
134	-0.060059	0.019531
135	-0.058594	0.010254
136	-0.043945	0.000000
137	-0.031250	0.001953
138	-0.031738	0.013184
139	-0.023438	0.001465
140	-0.024902	-0.002441
141	-0.026855	0.001465
142	-0.028320	-0.018555
143	-0.033691	0.008789
144	-0.040527	-0.023926
145	-0.026367	0.043945
146	-0.044922	-0.024414
147	-0.038574	0.015625
148	-0.045898	-0.010742
149	-0.049805	0.035156
150	-0.040039	-0.011230
151	-0.037109	0.001953
152	-0.041016	-0.007813
153	-0.043945	0.007813
154	-0.047852	-0.001465
155	-0.038086	0.003418
156	-0.061523	-0.013672
157	-0.053711	0.001465
158	-0.041992	-0.004883
159	-0.053711	0.020020
160	-0.051758	-0.019043
161	-0.056152	0.015625
162	-0.041992	-0.022461
163	-0.041504	0.012207
164	-0.043457	-0.018555
165	-0.039063	0.020508
166	-0.040527	0.003418
167	-0.037109	-0.009766
168	-0.031250	-0.002930
169	-0.042969	-0.011230
170	-0.056641	0.024902
171	-0.045410	-0.024902
172	-0.048828	-0.007813
173	-0.046875	0.018066
174	-0.055176	-0.005371
175	-0.049805	0.004395
176	-0.031250	0.000977
177	-0.051758	-0.041992
178	-0.042480	0.019043
179	-0.038574	-0.004883
180	-0.051270	0.030762
181	-0.039551	-0.015137
182	-0.048340	0.006836
183	-0.053711	-0.001953
184	-0.052734	-0.014648
185	-0.045410	0.009766
186	-0.042969	-0.009277
187	-0.044434	0.012207
188	-0.030762	-0.025879
189	-0.014648	-0.005859
190	-0.043945	-0.019531
191	-0.043457	-0.005371
192	-0.032227	0.004395
193	-0.039063	0.005859
194	-0.036621	0.003906
195	-0.031738	0.023438
196	-0.039551	-0.042969
197	-0.041016	-0.002930
198	-0.049316	0.008301
199	-0.035645	-0.011719
200	-0.030273	0.009766
201	-0.055664	-0.014160
202	-0.051758	-0.002441
203	-0.048340	0.018555
204	-0.040039	-0.000977
205	-0.065430	-0.008789
206	-0.074219	-0.001953
207	-0.048340	0.009277
208	-0.039551	0.011719
209	-0.036621	-0.020996
210	-0.035156	-0.003906
211	-0.027344	0.013672
212	-0.041504	-0.006836
213	-0.053711	0.001953
214	-0.046387	0.005859
215	-0.042969	0.020996
216	-0.028809	0.001953
217	-0.015625	-0.008789
218	-0.039063	0.009277
219	-0.027832	-0.035645
220	-0.037598	0.025879
221	-0.054688	-0.026855
222	-0.062012	0.032715
223	-0.062012	-0.034180
224	-0.044922	0.024414
225	-0.054688	-0.020508
226	-0.048340	0.004883
227	-0.050293	0.014648
228	-0.032715	-0.004883
229	-0.041504	-0.001953
230	-0.031250	-0.006348
231	-0.042969	-0.008301
232	-0.030762	0.015625
233	-0.033691	0.014648
234	-0.018555	0.021973
235	-0.031738	-0.003906
236	-0.046387	-0.000977
237	-0.022949	-0.005859
238	-0.035156	0.015137
239	-0.031250	-0.009766
240	-0.022461	-0.019043
241	-0.044922	0.000000
242	-0.036621	-0.006836
243	-0.024414	-0.018555
244	-0.021973	-0.018066
245	-0.013672	-0.002441
246	-0.028809	0.006836
247	-0.030273	-0.008789
248	-0.021973	-0.001465
249	-0.030273	-0.002930
250	-0.036621	-0.004883
251	-0.020508	-0.001465
252	-0.031738	0.015625
253	-0.041016	-0.025391
254	-0.035156	0.020020
255	-0.050781	-0.020020
256	-0.057129	0.006348
257	-0.049805	0.014648
258	-0.050781	0.008301
259	-0.034180	-0.022949
260	-0.036133	0.014648
261	-0.033691	-0.021973
262	-0.052246	0.032715
263	-0.041504	-0.019531
264	-0.050293	-0.007813
265	-0.049805	-0.002930
266	-0.042969	0.005859
267	-0.041504	-0.018066
268	-0.044922	0.024414
269	-0.036133	-0.020508
270	-0.041016	-0.008301
271	-0.034180	-0.001465
272	-0.023926	0.040527
273	-0.028320	-0.025879
274	-0.028809	0.004395
275	-0.037109	-0.003906
276	-0.037109	0.012207
277	-0.036621	0.006348
278	-0.044922	-0.027344
279	-0.062500	0.038574
280	-0.073730	-0.019043
281	-0.056641	0.014648
282	-0.054199	-0.032227
283	-0.025879	-0.010742
284	-0.016113	0.018555
285	-0.026855	-0.006348
286	-0.041504	-0.002441
287	-0.043457	0.018066
288	-0.047852	-0.025879
289	-0.034668	0.029297
290	-0.033691	-0.010254
291	-0.053711	0.009277
292	-0.054688	-0.001953
293	-0.041016	-0.026855
294	-0.038574	0.002441
295	-0.031738	-0.027344
296	-0.040039	0.006348
297	-0.039063	-0.013184
298	-0.047852	0.013672
299	-0.028809	-0.004395
300	-0.029297	-0.008301
301	-0.028320	-0.015625
302	-0.031738	0.015137
303	-0.054688	-0.025879
304	-0.052246	0.019043
305	-0.048828	-0.002930
306	-0.045898	-0.014160
307	-0.042480	0.003906
308	-0.048340	0.023438
309	-0.031250	-0.015625
310	-0.040039	0.006348
311	-0.058594	0.005371
312	-0.054688	-0.014648
313	-0.059082	-0.016113
314	-0.044922	-0.000488
315	-0.042480	-0.025391
316	-0.046875	0.038574
317	-0.055664	-0.019531
318	-0.050293	-0.003418
319	-0.053711	-0.014648
320	-0.050781	-0.013184
321	-0.037598	-0.011719
322	-0.039551	-0.003906
323	-0.033203	-0.001953
324	-0.052734	0.003418
325	-0.048340	0.001953
326	-0.042480	0.006348
327	-0.044922	0.004395
328	-0.036133	-0.010742
329	-0.033691	0.020020
330	-0.020020	0.003418
331	-0.012695	-0.006836
332	-0.013184	-0.005859
333	-0.020020	-0.012695
334	-0.011230	0.010254
335	-0.023926	-0.005859
336	-0.038086	-0.020020
337	-0.028320	0.010254
338	-0.022949	-0.003418
339	-0.033203	-0.009277
340	-0.020996	0.012207
341	-0.019531	-0.015137
342	-0.035156	0.009766
343	-0.054688	-0.022949
344	-0.037109	0.023438
345	-0.033691	-0.010742
346	-0.044434	0.003418
347	-0.046387	0.000488
348	-0.039063	-0.011230
349	-0.030762	0.003418
350	-0.035645	-0.017090
351	-0.022949	0.002441
352	-0.028320	0.000000
353	-0.012695	-0.012207
354	-0.023926	-0.014160
355	-0.026855	0.005371
356	-0.028809	-0.008301
357	-0.036621	-0.003906
358	-0.030273	0.011230
359	-0.043945	-0.010742
360	-0.042969	0.001953
361	-0.052734	0.008301
362	-0.059570	0.024414
363	-0.052246	-0.018555
364	-0.053223	0.031738
365	-0.050293	-0.009766
366	-0.041992	0.000000
367	-0.043457	0.005371
368	-0.049316	-0.019531
369	-0.056152	0.025879
370	-0.047852	-0.012695
371	-0.048828	0.019531
372	-0.045410	-0.007813
373	-0.026367	0.009766
374	-0.037109	0.003418
375	-0.025879	0.018066
376	-0.024414	0.006348
377	-0.038086	-0.030762
378	-0.031738	-0.003418
379	-0.050293	-0.008301
380	-0.034668	0.000977
381	-0.039063	0.000488
382	-0.048340	0.034180
383	-0.036133	-0.030762
384	-0.040527	0.004883
385	-0.027832	0.015137
386	-0.046875	0.009277
387	-0.044434	-0.002441
388	-0.034668	0.019043
389	-0.045410	-0.013672
390	-0.061035	0.016602
391	-0.062500	-0.014160
392	-0.041992	0.004395
393	-0.047852	-0.030273
394	-0.044434	0.010254
395	-0.034668	-0.000488
396	-0.037109	-0.001465
397	-0.030273	-0.030273
398	-0.039063	0.033203
399	-0.047363	-0.024902
400	-0.034180	0.000000
401	-0.042480	-0.002930
402	-0.054688	0.012695
403	-0.058105	0.010254
404	-0.050293	-0.005371
405	-0.050781	0.020996
406	-0.039063	-0.017578
407	-0.044922	0.021973
408	-0.038086	0.005859
409	-0.042969	-0.034180
410	-0.028809	0.020508
411	-0.048340	0.005371
412	-0.041504	0.013184
413	-0.045898	-0.017578
414	-0.045898	-0.030762
415	-0.054688	0.018066
416	-0.055664	-0.025879
417	-0.052734	0.018066
418	-0.047363	0.012207
419	-0.032227	-0.031738
420	-0.028320	0.018555
421	-0.032715	-0.008789
422	-0.034180	0.011230
423	-0.023438	0.001465
424	-0.039063	-0.012207
425	-0.034668	0.003906
426	-0.037598	-0.000977
427	-0.038574	-0.006836
428	-0.050293	-0.011230
429	-0.035645	-0.009277
430	-0.038086	0.005371
431	-0.049316	-0.026855
432	-0.053223	0.012207
433	-0.043457	-0.002441
434	-0.038086	0.005859
435	-0.033691	-0.006348
436	-0.046387	0.012695
437	-0.031250	-0.012695
438	-0.050781	0.015625
439	-0.031250	-0.031738
440	-0.039551	0.031738
441	-0.032227	-0.016113
442	-0.044922	0.020996
443	-0.046875	-0.005371
444	-0.039063	0.005371
445	-0.034668	0.006836
446	-0.029785	-0.019531
447	-0.032715	0.013184
448	-0.031738	0.007324
449	-0.041992	-0.018066
450	-0.041992	0.020020
451	-0.045410	0.001465
452	-0.048828	0.005859
453	-0.049316	-0.011719
454	-0.053223	0.004395
455	-0.036133	-0.029297
456	-0.040527	0.014648
457	-0.032715	0.014160
458	-0.045410	-0.003418
459	-0.029785	-0.000977
460	-0.042480	0.008789
461	-0.054199	-0.029297
462	-0.059082	-0.006836
463	-0.062012	0.027344
464	-0.037109	-0.005859
465	-0.042969	0.016602
466	-0.019531	-0.002441
467	-0.017090	-0.014160
468	-0.026855	0.029297
469	-0.040039	-0.021973
470	-0.041016	0.000000
471	-0.044434	0.007813
472	-0.037598	-0.006348
473	-0.036133	0.010742
474	-0.044434	-0.002441
475	-0.054199	0.020020
476	-0.062988	-0.005371
477	-0.050781	0.011719
478	-0.038574	-0.006348
479	-0.037109	-0.025391
480	-0.044434	0.004883
481	-0.061035	0.041992
482	-0.054688	-0.016602
483	-0.061035	0.006836
484	-0.047852	0.000488
485	-0.040527	0.010742
486	-0.031738	0.015137
487	-0.028320	-0.019043
488	-0.022461	0.005371
489	-0.043945	-0.001953
490	-0.052246	-0.015137
491	-0.066895	0.012207
492	-0.060547	-0.004883
493	-0.049316	-0.015137
494	-0.048828	-0.018066
495	-0.033691	0.034180
496	-0.024902	-0.035645
497	-0.023438	0.036133
498	-0.036621	-0.030273
499	-0.037109	0.011230
500	-0.041504	-0.027344
501	-0.043945	0.009277
502	-0.051270	-0.007324
503	-0.053223	0.010742
504	-0.037598	0.001465
505	-0.027344	-0.011230
506	-0.030762	0.013672
507	-0.025879	-0.012207
508	-0.020508	-0.001465
509	-0.030273	0.002930
510	-0.050781	0.019043
511	-0.028320	-0.004395
512	-0.042480	0.007813
513	-0.027344	-0.004883
514	-0.033203	0.003418
515	-0.033203	-0.010254
516	-0.021973	0.001465
517	-0.019531	-0.009766
518	-0.040527	-0.004883
519	-0.031738	-0.016602
520	-0.035156	0.001465
521	-0.040039	-0.025391
522	-0.041992	0.017090
523	-0.042480	-0.027832
524	-0.037109	0.003418
525	-0.039551	0.001465
526	-0.030273	-0.010742
527	-0.029297	0.029297
528	-0.034668	-0.025879
529	-0.039551	-0.010254
530	-0.036621	-0.006836
531	-0.029297	-0.023438
532	-0.029297	-0.003906
533	-0.035645	0.005859
534	-0.035156	-0.009277
535	-0.038086	0.009277
536	-0.039063	-0.009766
537	-0.061523	0.009766
538	-0.051270	-0.029785
539	-0.042480	-0.002930
540	-0.027344	-0.007813
541	-0.041504	0.013184
542	-0.037598	-0.012695
543	-0.042969	0.015137
544	-0.051758	-0.017090
545	-0.054199	-0.002441
546	-0.059082	0.009766
547	-0.046875	-0.030273
548	-0.029785	0.004883
549	-0.031738	0.000000
550	-0.028809	-0.010254
551	-0.047363	0.014160
552	-0.048340	0.008301
553	-0.040527	-0.005859
554	-0.039063	-0.009766
555	-0.046875	-0.006348
556	-0.047363	0.004883
557	-0.034180	0.004883
558	-0.046387	0.009766
559	-0.045898	0.001953
560	-0.029785	-0.003906
561	-0.029297	0.019531
562	-0.029785	0.013184
563	-0.030762	-0.019043
564	-0.036133	0.016113
565	-0.035156	-0.021484
566	-0.046387	0.014648
567	-0.048828	-0.055664
568	-0.057129	0.060547
569	-0.043945	-0.025879
570	-0.065430	0.018555
571	-0.050781	-0.016602
572	-0.062012	0.019531
573	-0.055176	-0.017090
574	-0.059082	0.016602
575	-0.059082	0.003906
576	-0.036621	-0.011719
577	-0.037598	-0.000977
578	-0.044922	0.008301
579	-0.039063	0.002930
580	-0.042969	-0.012207
581	-0.053223	0.000488
582	-0.056641	0.002441
583	-0.053223	-0.012695
584	-0.039063	-0.005859
585	-0.049805	-0.020508
586	-0.050293	0.007813
587	-0.055176	0.009277
588	-0.054199	-0.001465
589	-0.050293	0.008301
590	-0.029297	-0.002930
591	-0.043457	0.006836
592	-0.046387	0.001953
593	-0.042969	0.023926
594	-0.052246	-0.013672
595	-0.057617	0.039063
596	-0.062012	-0.025391
597	-0.047852	0.033203
598	-0.054688	-0.038086
599	-0.061035	0.009766
600	-0.057617	0.001953
601	-0.043945	-0.014648
602	-0.052246	0.002930
603	-0.042969	-0.023926
604	-0.038086	0.016113
605	-0.038574	-0.004883
606	-0.039551	0.018555
607	-0.034668	0.002930
608	-0.042969	-0.013184
609	-0.013184	0.018555
610	-0.018066	-0.017090
611	-0.015137	0.018555
612	-0.039063	-0.019531
613	-0.033691	-0.005859
614	-0.015137	-0.007324
615	-0.042480	-0.000488
616	-0.060059	-0.014648
617	-0.049805	-0.010742
618	-0.046387	0.015137
619	-0.039063	0.010254
620	-0.040527	-0.005859
621	-0.050293	0.024902
622	-0.045410	-0.007813
623	-0.054199	-0.013672
624	-0.050293	0.040527
625	-0.049316	-0.018555
626	-0.062500	0.003906
627	-0.043945	-0.003906
628	-0.048340	-0.009766
629	-0.040527	0.008789
630	-0.033203	0.019043
631	-0.043457	-0.031738
632	-0.043457	-0.004883
633	-0.051270	0.010742
634	-0.051270	0.003906
635	-0.043945	-0.008789
636	-0.034180	-0.001953
637	-0.044434	-0.012207
638	-0.036621	0.009766
639	-0.018066	-0.005859
640	-0.027344	-0.012695
641	-0.026367	-0.013184
642	-0.041504	0.006348
643	-0.040527	0.001465
644	-0.042480	0.013672
645	-0.042969	0.000977
646	-0.052246	-0.014648
647	-0.049316	0.012695
648	-0.047852	0.012207
649	-0.038574	0.008301
650	-0.041504	-0.019043
651	-0.036133	0.020020
652	-0.036133	-0.004883
653	-0.046387	0.013672
654	-0.037109	-0.007813
655	-0.056641	0.002441
656	-0.041016	-0.013672
657	-0.029297	0.005859
658	-0.036133	-0.008789
659	-0.041504	-0.003418
660	-0.045898	-0.007813
661	-0.025879	-0.014160
662	-0.049316	0.043457
663	-0.051270	-0.041504
664	-0.042480	0.026367
665	-0.044922	-0.014648
666	-0.056641	0.029297
667	-0.051270	-0.028809
668	-0.027832	-0.007324
669	-0.062500	-0.000488
670	-0.055664	-0.014648
671	-0.040527	0.017578
672	-0.018066	-0.031250
673	-0.024414	0.026367
674	-0.028809	-0.033691
675	-0.027832	0.012207
676	-0.031738	0.002441
677	-0.047852	0.010254
678	-0.041504	-0.008301
679	-0.046875	0.027344
680	-0.039063	-0.011230
681	-0.061523	0.000000
682	-0.048340	0.010742
683	-0.041992	0.005371
684	-0.050781	-0.001465
685	-0.056641	0.000977
686	-0.039063	0.011230
687	-0.038086	-0.000488
688	-0.032227	-0.015625
689	-0.058594	-0.011719
690	-0.045410	-0.001953
691	-0.047852	0.003906
692	-0.032227	0.017578
693	-0.039063	-0.010742
694	-0.044434	-0.009766
695	-0.050293	-0.010742
696	-0.037109	-0.002441
697	-0.046875	0.013184
698	-0.037598	0.000977
699	-0.034180	-0.010254
700	-0.041016	-0.008789
701	-0.037109	0.011230
702	-0.040039	0.020020
703	-0.053223	-0.045410
704	-0.044434	0.019531
705	-0.039063	0.012695
706	-0.039551	-0.012207
707	-0.040527	-0.001953
708	-0.038574	-0.001465
709	-0.034668	-0.016113
710	-0.039551	0.007324
711	-0.033691	0.000000
712	-0.036133	0.015625
713	-0.042969	0.003418
714	-0.044434	-0.010254
715	-0.022461	0.016602
716	-0.025879	0.002441
717	-0.037109	0.005371
718	-0.020020	0.022949
719	-0.026367	-0.006836
720	-0.020996	-0.013184
721	-0.053223	0.037109
722	-0.036133	-0.007324
723	-0.028809	0.006836
724	-0.034180	-0.005859
725	-0.043457	0.002441
726	-0.024414	0.021973
727	-0.031250	-0.017578
728	-0.035156	0.013184
729	-0.045410	0.010254
730	-0.038086	-0.005371
731	-0.050293	-0.015625
732	-0.031250	0.028809
733	-0.041992	-0.026855
734	-0.041504	0.017090
735	-0.029297	-0.000977
736	-0.044922	-0.003418
737	-0.039063	-0.012207
738	-0.039551	-0.009766
739	-0.049805	-0.011719
740	-0.055664	0.022461
741	-0.045410	-0.033691
742	-0.054688	0.023926
743	-0.057617	-0.006348
744	-0.045898	0.010742
745	-0.034668	-0.012695
746	-0.030273	-0.000488
747	-0.046875	-0.021973
748	-0.032227	-0.000977
749	-0.036133	-0.016113
750	-0.049316	0.007324
751	-0.040527	-0.008789
752	-0.032715	0.006836
753	-0.032715	-0.001465
754	-0.027344	-0.010254
755	-0.039063	0.004883
756	-0.044922	0.023438
757	-0.035645	0.001465
758	-0.036621	0.016602
759	-0.046875	0.006348
760	-0.035156	-0.022461
761	-0.044922	0.007324
762	-0.022461	-0.033691
763	-0.023926	0.013184
764	-0.046387	-0.009766
765	-0.049316	0.014648
766	-0.052734	-0.009277
767	-0.041016	0.002930
768	-0.028320	-0.007813
769	-0.027832	-0.015137
770	-0.038086	0.011719
771	-0.041992	-0.017090
772	-0.039063	0.008789
773	-0.034668	-0.034668
774	-0.039063	0.008789
775	-0.052246	0.001465
776	-0.062012	0.015625
777	-0.051758	-0.023926
778	-0.062988	0.013672
779	-0.050781	0.001465
780	-0.034668	0.000000
781	-0.048340	0.014160
782	-0.039063	-0.000488
783	-0.034180	0.000977
784	-0.039551	-0.013672
785	-0.041992	0.001465
786	-0.041992	0.000977
787	-0.040039	0.005371
788	-0.038574	-0.004883
789	-0.036621	0.005859
790	-0.029785	-0.001465
791	-0.035645	0.011230
792	-0.041992	-0.018555
793	-0.039551	-0.006836
794	-0.039063	0.017578
795	-0.042480	0.008301
796	-0.049805	0.038086
797	-0.047852	-0.033691
798	-0.061035	0.036133
799	-0.043945	-0.010254
800	-0.055176	-0.012207
801	-0.064453	-0.003418
802	-0.046387	0.017090
803	-0.042480	-0.027832
804	-0.032227	0.010742
805	-0.036621	0.016602
806	-0.049805	-0.017090
807	-0.036133	0.013184
808	-0.045410	-0.000488
809	-0.036133	0.016602
810	-0.044434	-0.006348
811	-0.050293	-0.001953
812	-0.043457	0.011719
813	-0.041016	-0.013672
814	-0.043457	0.021973
815	-0.049805	-0.028809
816	-0.037598	-0.005371
817	-0.039063	0.026367
818	-0.047363	-0.020508
819	-0.040527	0.021973
820	-0.028809	-0.031738
821	-0.040527	0.017090
822	-0.041016	-0.007324
823	-0.043457	0.014648
824	-0.043457	-0.025391
825	-0.041016	0.013184
826	-0.044434	-0.034180
827	-0.044922	0.032227
828	-0.041504	-0.021973
829	-0.056152	0.005371
830	-0.057129	-0.004395
831	-0.041992	-0.018066
832	-0.038086	-0.000488
833	-0.037109	0.001465
834	-0.025879	0.010254
835	-0.046387	-0.003906
836	-0.049805	-0.016113
837	-0.058594	0.033203
838	-0.038086	-0.010742
839	-0.041504	0.006348
840	-0.042480	-0.014648
841	-0.038574	0.000488
842	-0.038086	-0.004395
843	-0.026855	-0.021973
844	-0.035156	0.017578
845	-0.043945	0.001465
846	-0.045898	0.015137
847	-0.040527	-0.016602
848	-0.043945	0.019043
849	-0.037598	0.001465
850	-0.040039	0.019531
851	-0.038086	-0.025879
852	-0.054199	0.028320
853	-0.048828	-0.028320
854	-0.029297	0.019531
855	-0.044922	-0.002930
856	-0.034668	-0.016602
857	-0.040527	0.020020
858	-0.041992	0.005859
859	-0.043945	0.001465
860	-0.042480	-0.026367
861	-0.038086	-0.000977
862	-0.041016	-0.007324
863	-0.050781	0.000977
864	-0.029297	-0.000488
865	-0.032715	0.002441
866	-0.029297	0.020508
867	-0.033691	0.004883
868	-0.039551	-0.004395
869	-0.033691	0.012695
870	-0.037598	-0.002441
871	-0.044434	0.016602
872	-0.045898	-0.015137
873	-0.012695	0.011230
874	-0.026855	0.011230
875	-0.046875	0.002930
876	-0.021973	0.000488
877	-0.017578	0.006836
878	-0.029785	-0.027344
879	-0.046387	-0.020996
880	-0.056152	0.023926
881	-0.043945	-0.010742
882	-0.042480	0.005859
883	-0.042969	-0.018066
884	-0.042480	0.004883
885	-0.028809	-0.013184
886	-0.030762	-0.010254
887	-0.040039	0.001953
888	-0.030273	-0.015137
889	-0.021973	0.026855
890	-0.039063	-0.019531
891	-0.039551	0.011719
892	-0.032227	-0.015137
893	-0.031738	0.021973
894	-0.038086	-0.016602
895	-0.039063	0.024902
896	-0.041992	-0.005371
897	-0.034668	-0.027344
898	-0.054199	0.009277
899	-0.034180	-0.025391
900	-0.018555	0.009766
901	-0.032715	-0.005371
902	-0.045898	0.011719
903	-0.039551	0.010254
904	-0.038086	-0.027832
905	-0.029785	0.004883
906	-0.032227	0.013672
907	-0.027344	0.019531
908	-0.028320	-0.005371
909	-0.056152	-0.006836
910	-0.026367	0.001465
911	-0.054199	-0.022949
912	-0.043945	0.006836
913	-0.050293	-0.033691
914	-0.047363	-0.002930
915	-0.041504	-0.004883
916	-0.025391	0.025879
917	-0.031250	0.012695
918	-0.028809	-0.009766
919	-0.028320	0.000977
920	-0.041992	0.003418
921	-0.033203	-0.023926
922	-0.046875	0.000488
923	-0.035645	-0.024414
924	-0.050781	0.021973
925	-0.044434	0.000488
926	-0.056152	-0.018555
927	-0.049805	0.007324
928	-0.041992	-0.029297
929	-0.054688	0.008301
930	-0.050293	-0.020020
931	-0.017090	0.020508
932	-0.039063	-0.024902
933	-0.055176	-0.008301
934	-0.049805	-0.001953
935	-0.041992	0.007813
936	-0.047852	-0.004395
937	-0.043945	0.000488
938	-0.053223	0.005859
939	-0.050781	0.005371
940	-0.060059	-0.012695
941	-0.063477	-0.003906
942	-0.033691	-0.007813
943	-0.039551	-0.003418
944	-0.038086	0.004883
945	-0.038574	-0.000977
946	-0.040527	0.006836
947	-0.046875	0.021484
948	-0.044922	0.004883
949	-0.033691	0.001953
950	-0.017090	-0.004395
951	-0.031738	0.008789
952	-0.031250	-0.005859
953	-0.042969	0.008789
954	-0.054688	-0.002930
955	-0.056152	0.011230
956	-0.022461	-0.002441
957	-0.024902	-0.037598
958	-0.025879	-0.021484
959	-0.027832	0.025391
960	-0.026855	0.005859
961	-0.028320	0.014160
962	-0.038574	-0.007324
963	-0.031738	-0.001465
964	-0.035645	-0.002441
965	-0.037109	0.001465
966	-0.031250	0.002930
967	-0.029785	-0.019531
968	-0.031250	0.014160
969	-0.043457	-0.009277
970	-0.045410	-0.001953
971	-0.035645	-0.006836
972	-0.045898	-0.024902
973	-0.043945	0.006348
974	-0.033203	0.011230
975	-0.052246	-0.001465
976	-0.051270	-0.005859
977	-0.033203	0.000000
978	-0.042480	0.004883
979	-0.049316	-0.024414
980	-0.052246	-0.010742
981	-0.064941	0.020508
982	-0.062500	0.003418
983	-0.047363	0.014160
984	-0.041504	-0.002930
985	-0.048340	-0.026855
986	-0.040527	0.021484
987	-0.041504	-0.017578
988	-0.053711	0.012695
989	-0.049805	0.014160
990	-0.038086	-0.040527
991	-0.038574	0.048828
992	-0.029785	-0.075684
993	-0.035645	0.065918
994	-0.026855	-0.040039
995	-0.028320	0.014160
996	-0.024902	0.007324
997	-0.025879	0.004395
998	-0.039551	-0.006348
999	-0.049316	-0.001953
