0	-0.311523	-0.001465
1	-0.308594	-0.019043
2	-0.298828	-0.011230
3	-0.311035	0.015137
4	-0.301270	0.058105
5	-0.288086	0.035156
6	-0.294922	-0.028809
7	-0.320313	0.028809
8	-0.279785	-0.009277
9	-0.290039	-0.041504
10	-0.306641	-0.019531
11	-0.291504	0.000488
12	-0.302734	0.019043
13	-0.308105	0.021484
14	-0.298340	-0.026367
15	-0.308105	-0.008789
16	-0.299805	0.031738
17	-0.303711	-0.001953
18	-0.303711	0.052246
19	-0.282227	0.005859
20	-0.307129	-0.050781
21	-0.302734	-0.011719
22	-0.310059	0.017578
23	-0.295898	-0.000488
24	-0.301270	-0.092285
25	-0.272949	-0.039551
26	-0.280762	-0.004883
27	-0.304199	-0.000488
28	-0.309082	-0.048828
29	-0.290527	0.020020
30	-0.306152	0.003906
31	-0.291016	-0.024902
32	-0.291504	-0.008301
33	-0.296875	0.021973
34	-0.287598	0.004395
35	-0.283691	-0.053223
36	-0.306152	0.014648
37	-0.317383	-0.023438
38	-0.298340	0.038086
39	-0.304688	-0.012207
40	-0.308594	0.017578
41	-0.295410	0.020020
42	-0.291992	0.010742
43	-0.316406	0.002441
44	-0.287598	0.070313
45	-0.280762	0.037598
46	-0.292480	0.003906
47	-0.321289	0.042480
48	-0.300781	-0.036621
49	-0.296875	0.045410
50	-0.290527	0.040039
51	-0.308594	-0.013184
52	-0.309082	0.029297
53	-0.293457	0.030762
54	-0.295410	0.012695
55	-0.289063	0.030762
56	-0.303223	-0.022461
57	-0.288574	0.020020
58	-0.292969	-0.032715
59	-0.303223	-0.033203
60	-0.304199	-0.027344
61	-0.297852	0.008301
62	-0.306152	0.004395
63	-0.283691	0.019531
64	-0.274902	-0.038086
65	-0.294434	-0.031250
66	-0.316895	-0.056641
67	-0.329590	0.029785
68	-0.298828	-0.020996
69	-0.323242	-0.065430
70	-0.308105	0.008301
71	-0.292480	0.048340
72	-0.313477	-0.044434
73	-0.296875	-0.021973
74	-0.314453	0.007813
75	-0.291016	-0.024902
76	-0.291016	-0.078613
77	-0.287598	0.016602
78	-0.311035	-0.004883
79	-0.285645	0.000488
80	-0.312988	0.029297
81	-0.286621	0.014160
82	-0.282227	0.012207
83	-0.302246	0.045898
84	-0.290527	0.003418
85	-0.290039	0.027344
86	-0.283691	0.037109
87	-0.296875	-0.020996
88	-0.283203	-0.025879
89	-0.259277	-0.010742
90	-0.306641	0.000000
91	-0.310547	0.054688
92	-0.299316	0.011230
93	-0.314941	-0.026367
94	-0.282715	-0.006836
95	-0.288574	0.012207
96	-0.316406	0.032715
97	-0.332520	0.021973
98	-0.308105	-0.028320
99	-0.289551	-0.011719
100	-0.287109	0.035645
101	-0.296387	-0.015137
102	-0.305176	-0.015137
103	-0.263184	-0.052734
104	-0.300781	0.009766
105	-0.291992	-0.004883
106	-0.317383	0.007324
107	-0.313477	-0.060547
108	-0.318359	0.009766
109	-0.316406	0.000977
110	-0.303711	-0.005371
111	-0.327148	0.030762
112	-0.298340	-0.019531
113	-0.293457	0.011719
114	-0.291016	-0.025879
115	-0.302734	0.032227
116	-0.292969	0.000000
117	-0.282715	-0.033691
118	-0.294434	0.015625
119	-0.300781	0.080078
120	-0.313477	0.040527
121	-0.310547	-0.003418
122	-0.287598	-0.006348
123	-0.315918	0.000000
124	-0.297363	-0.032227
125	-0.294922	0.000977
126	-0.294434	0.012695
127	-0.288574	-0.010742
128	-0.291504	0.005371
129	-0.314453	-0.040527
130	-0.301270	0.038086
131	-0.299805	0.025879
132	-0.310059	0.031250
133	-0.264648	-0.025879
134	-0.303223	0.031250
135	-0.283203	0.060547
136	-0.289551	-0.002441
137	-0.289551	0.000488
138	-0.291504	0.053711
139	-0.289551	0.012207
140	-0.295898	-0.010254
141	-0.312988	0.008301
142	-0.305176	0.044434
143	-0.293945	0.057617
144	-0.278320	0.014160
145	-0.301758	-0.007813
146	-0.302246	-0.008301
147	-0.290039	-0.007324
148	-0.291504	0.086426
149	-0.300293	-0.021484
150	-0.304688	-0.054199
151	-0.294922	-0.007324
152	-0.309082	-0.004395
153	-0.292480	0.023438
154	-0.286133	0.004883
155	-0.309082	-0.017090
156	-0.308105	-0.002930
157	-0.301758	-0.039063
158	-0.289551	0.040527
159	-0.311523	0.011230
160	-0.278320	0.030762
161	-0.290527	-0.038086
162	-0.277344	0.024414
163	-0.312012	-0.004395
164	-0.292480	-0.024902
165	-0.300293	0.042969
166	-0.299316	0.006836
167	-0.308594	-0.065918
168	-0.301758	-0.001465
169	-0.284180	-0.007324
170	-0.294434	0.064453
171	-0.295898	0.025879
172	-0.302734	0.010742
173	-0.299316	0.055664
174	-0.287109	0.000977
175	-0.311523	0.014648
176	-0.278809	-0.000977
177	-0.315918	-0.016113
178	-0.279297	0.037598
179	-0.287109	-0.018066
180	-0.295898	0.044922
181	-0.312012	-0.004395
182	-0.295410	0.014160
183	-0.307617	0.045898
184	-0.301270	0.054688
185	-0.312012	0.010254
186	-0.285156	0.061523
187	-0.281738	0.001465
188	-0.291504	0.019531
189	-0.316895	0.065918
190	-0.306641	0.004883
191	-0.298828	0.021484
192	-0.280273	-0.022949
193	-0.310059	0.025391
194	-0.288086	0.003418
195	-0.303711	0.040527
196	-0.281250	-0.059082
197	-0.299805	-0.040039
198	-0.296387	-0.020020
199	-0.310547	0.005859
200	-0.300781	0.046875
201	-0.312500	0.041992
202	-0.310547	-0.036621
203	-0.303223	0.021973
204	-0.306152	0.013672
205	-0.300781	0.022461
206	-0.325195	-0.040039
207	-0.307617	-0.000977
208	-0.318848	0.009277
209	-0.299316	0.023438
210	-0.274414	0.022949
211	-0.314453	-0.000488
212	-0.318359	0.019043
213	-0.295898	0.065918
214	-0.296875	0.077637
215	-0.309082	-0.050293
216	-0.297363	-0.023438
217	-0.297852	-0.000977
218	-0.289063	-0.001465
219	-0.295410	0.013184
220	-0.293945	-0.009766
221	-0.276855	0.020996
222	-0.294434	0.034180
223	-0.290039	-0.003418
224	-0.267090	0.008789
225	-0.297363	0.065918
226	-0.299316	-0.017578
227	-0.302246	0.019043
228	-0.286621	0.022949
229	-0.308105	-0.022461
230	-0.301758	-0.031738
231	-0.299805	-0.004395
232	-0.305664	0.009766
233	-0.305664	-0.005859
234	-0.317871	0.006836
235	-0.315918	0.001465
236	-0.288086	-0.006348
237	-0.292480	0.011719
238	-0.285645	-0.042969
239	-0.301270	0.013672
240	-0.302734	-0.027344
241	-0.301270	-0.076660
242	-0.316406	-0.012207
243	-0.289551	0.026855
244	-0.317383	-0.049805
245	-0.298828	0.026855
246	-0.294922	-0.037598
247	-0.311523	0.062500
248	-0.292480	0.002441
249	-0.279297	0.046387
250	-0.301758	0.032715
251	-0.304199	-0.002930
252	-0.303223	-0.064941
253	-0.287109	0.036621
254	-0.305664	-0.029785
255	-0.303711	0.038574
256	-0.303223	0.039551
257	-0.290039	0.016602
258	-0.281738	-0.025879
259	-0.317871	0.038574
260	-0.282715	0.005859
261	-0.291992	0.021484
262	-0.313965	-0.064941
263	-0.303711	0.035645
264	-0.299805	-0.007813
265	-0.312988	-0.069336
266	-0.301270	0.040527
267	-0.291992	-0.022461
268	-0.305664	0.031738
269	-0.295410	-0.031250
270	-0.295898	-0.041992
271	-0.310059	-0.033203
272	-0.295898	-0.020996
273	-0.310059	-0.030273
274	-0.304199	-0.018555
275	-0.296875	0.052246
276	-0.310059	0.009277
277	-0.301270	-0.017090
278	-0.296387	0.030762
279	-0.294434	-0.060547
280	-0.300781	-0.029297
281	-0.297363	-0.003906
282	-0.294434	-0.005371
283	-0.303223	0.017578
284	-0.294434	0.005859
285	-0.286621	-0.034180
286	-0.298828	-0.007813
287	-0.308105	-0.031738
288	-0.310547	0.063965
289	-0.296387	-0.046387
290	-0.285645	-0.009766
291	-0.315430	0.004395
292	-0.320801	0.013184
293	-0.281250	0.067383
294	-0.291016	0.025391
295	-0.284668	0.046387
296	-0.279297	-0.015625
297	-0.293457	0.001465
298	-0.293945	-0.040527
299	-0.296387	-0.044922
300	-0.287109	-0.024414
301	-0.311035	0.012207
302	-0.299805	-0.017578
303	-0.292969	0.022461
304	-0.321289	-0.042969
305	-0.278320	0.007813
306	-0.292480	0.008789
307	-0.303711	0.041992
308	-0.306152	0.047363
309	-0.310059	-0.020996
310	-0.296387	-0.057129
311	-0.310059	0.035156
312	-0.290039	-0.011719
313	-0.308105	-0.003418
314	-0.302246	0.020020
315	-0.300293	0.013184
316	-0.288086	0.011719
317	-0.292480	0.015625
318	-0.289551	0.052246
319	-0.305664	-0.005371
320	-0.310059	-0.026367
321	-0.329590	0.077637
322	-0.294922	-0.045410
323	-0.312988	0.010742
324	-0.290527	0.045410
325	-0.289551	-0.015625
326	-0.290527	0.019531
327	-0.303711	0.041992
328	-0.310547	0.037109
329	-0.307129	0.000488
330	-0.288086	-0.000488
331	-0.290527	-0.033691
332	-0.301270	-0.014648
333	-0.321289	0.017090
334	-0.284180	0.026367
335	-0.306152	0.012695
336	-0.298340	-0.038086
337	-0.292969	-0.037109
338	-0.303223	-0.020020
339	-0.303711	0.042969
340	-0.344727	0.003418
341	-0.299316	-0.026855
342	-0.306152	-0.005859
343	-0.291992	-0.009277
344	-0.337891	0.059082
345	-0.302246	-0.051270
346	-0.301758	0.004395
347	-0.311523	0.069824
348	-0.318359	-0.005371
349	-0.306152	-0.031738
350	-0.300293	0.001953
351	-0.305664	-0.032715
352	-0.310547	-0.018066
353	-0.302246	0.000488
354	-0.298828	-0.020996
355	-0.306641	-0.000488
356	-0.288086	0.046875
357	-0.312500	0.010742
358	-0.307617	0.020020
359	-0.321777	0.008789
360	-0.287598	-0.009766
361	-0.312500	0.005371
362	-0.292480	-0.047363
363	-0.296387	-0.008789
364	-0.292969	-0.013672
365	-0.284668	-0.012207
366	-0.298828	-0.051270
367	-0.292969	-0.001953
368	-0.285156	-0.050781
369	-0.289551	-0.003906
370	-0.303711	0.030273
371	-0.308105	-0.063477
372	-0.325684	0.016113
373	-0.314453	0.020020
374	-0.300293	-0.010742
375	-0.295898	-0.040527
376	-0.304688	0.034668
377	-0.299316	-0.010254
378	-0.295898	-0.020996
379	-0.289063	0.046387
380	-0.299316	-0.014160
381	-0.294922	-0.009766
382	-0.286133	-0.038574
383	-0.319824	-0.011719
384	-0.295898	0.017578
385	-0.318848	0.034668
386	-0.314453	-0.015625
387	-0.285645	0.035645
388	-0.295898	0.032715
389	-0.308105	-0.002930
390	-0.306152	-0.005371
391	-0.299316	-0.074219
392	-0.291504	0.057129
393	-0.299805	0.031250
394	-0.300781	0.007813
395	-0.298828	0.007324
396	-0.306152	0.045898
397	-0.281250	0.051758
398	-0.325684	-0.002441
399	-0.311035	0.057129
400	-0.298340	-0.012695
401	-0.302246	-0.016113
402	-0.332520	-0.004395
403	-0.295898	0.016113
404	-0.284668	-0.029297
405	-0.320801	0.006836
406	-0.318359	0.011230
407	-0.298340	0.058105
408	-0.300293	-0.017090
409	-0.329590	-0.033203
410	-0.307617	0.021973
411	-0.322754	-0.004883
412	-0.296875	0.021484
413	-0.284180	0.004883
414	-0.298828	-0.096191
415	-0.292969	-0.026367
416	-0.317871	0.026367
417	-0.288574	0.043457
418	-0.294434	0.009277
419	-0.304199	0.042480
420	-0.292969	0.045410
421	-0.288086	-0.035156
422	-0.292480	-0.001953
423	-0.297852	-0.023926
424	-0.291992	-0.012207
425	-0.280762	0.006836
426	-0.283203	-0.024902
427	-0.276367	0.012207
428	-0.298340	-0.006348
429	-0.282227	0.009766
430	-0.319336	-0.001953
431	-0.301270	-0.002441
432	-0.310059	-0.034180
433	-0.298340	0.008789
434	-0.295410	0.042480
435	-0.274902	-0.053711
436	-0.316895	0.062012
437	-0.310059	0.030273
438	-0.317383	-0.034180
439	-0.297363	0.043945
440	-0.296387	0.015137
441	-0.314453	-0.015625
442	-0.275391	0.029297
443	-0.292480	0.015625
444	-0.286621	0.017578
445	-0.317383	-0.038086
446	-0.312988	-0.011230
447	-0.286621	-0.017578
448	-0.284180	0.030762
449	-0.306641	0.007324
450	-0.285645	-0.011719
451	-0.310059	-0.013184
452	-0.317383	-0.002441
453	-0.275879	0.047852
454	-0.293945	-0.009766
455	-0.324219	-0.029785
456	-0.293457	0.026855
457	-0.296387	0.052734
458	-0.279297	-0.002930
459	-0.301758	0.010742
460	-0.312988	-0.038574
461	-0.318359	0.076172
462	-0.300293	-0.006836
463	-0.315430	0.054688
464	-0.315430	0.019043
465	-0.312988	0.047363
466	-0.303223	0.024902
467	-0.294922	-0.028809
468	-0.297363	0.000000
469	-0.275391	0.035645
470	-0.295898	-0.053223
471	-0.290527	-0.053223
472	-0.269043	-0.003418
473	-0.279297	0.042969
474	-0.304199	0.055664
475	-0.306152	0.008301
476	-0.311035	0.031250
477	-0.288574	-0.003906
478	-0.290039	-0.038574
479	-0.288574	0.003906
480	-0.302246	0.016113
481	-0.291016	-0.025879
482	-0.306152	0.045898
483	-0.299805	0.033691
484	-0.294434	0.012207
485	-0.306641	0.046387
486	-0.318848	-0.050781
487	-0.302734	-0.028320
488	-0.301758	-0.064941
489	-0.303223	0.028809
490	-0.318848	0.084961
491	-0.301270	0.015137
492	-0.316895	-0.014648
493	-0.297363	-0.038086
494	-0.316895	0.015137
495	-0.316406	-0.034180
496	-0.318848	0.028320
497	-0.303223	0.011719
498	-0.296875	-0.008789
499	-0.297852	0.006348
500	-0.294922	-0.015625
501	-0.297852	0.053711
502	-0.304688	0.029297
503	-0.280273	0.062500
504	-0.315430	-0.008301
505	-0.302734	-0.013184
506	-0.287598	0.004395
507	-0.298340	-0.014160
508	-0.265137	0.014160
509	-0.281738	0.034180
510	-0.306641	0.081543
511	-0.304199	-0.025391
512	-0.284668	-0.018066
513	-0.327637	-0.052246
514	-0.308594	-0.002441
515	-0.297363	-0.024414
516	-0.288574	0.040039
517	-0.312988	0.000977
518	-0.291504	-0.012695
519	-0.310059	-0.018066
520	-0.290039	-0.009766
521	-0.306641	0.025879
522	-0.293945	0.016602
523	-0.311523	0.020508
524	-0.280273	-0.062500
525	-0.297363	0.046875
526	-0.287598	0.035156
527	-0.307617	0.011719
528	-0.307617	0.054688
529	-0.300293	-0.021484
530	-0.305664	-0.011230
531	-0.303223	0.055664
532	-0.288086	0.005859
533	-0.306641	-0.013184
534	-0.306152	0.034668
535	-0.306641	-0.022461
536	-0.314941	0.019043
537	-0.309082	-0.026855
538	-0.303711	-0.044434
539	-0.300781	0.005859
540	-0.309570	0.024902
541	-0.282715	-0.003418
542	-0.307617	-0.022949
543	-0.293945	0.033203
544	-0.310059	0.064453
545	-0.307617	-0.056641
546	-0.302246	-0.034668
547	-0.292480	-0.003418
548	-0.307617	0.030273
549	-0.283691	0.005371
550	-0.305664	-0.039551
551	-0.293945	-0.025879
552	-0.304688	0.006348
553	-0.300781	-0.010254
554	-0.324707	-0.022461
555	-0.302246	0.000977
556	-0.287109	0.054199
557	-0.307617	0.009277
558	-0.325195	0.037109
559	-0.309570	-0.009766
560	-0.321289	-0.045898
561	-0.280762	0.012695
562	-0.286133	0.010254
563	-0.282715	0.012695
564	-0.293457	-0.021973
565	-0.306152	-0.058594
566	-0.316895	-0.042969
567	-0.321289	0.038574
568	-0.297852	0.042480
569	-0.309570	0.014160
570	-0.277832	0.005859
571	-0.300293	-0.016113
572	-0.287109	-0.029297
573	-0.293945	-0.026855
574	-0.302246	-0.058105
575	-0.301758	-0.076172
576	-0.318848	0.008301
577	-0.281738	0.007813
578	-0.308105	0.004395
579	-0.308105	0.009766
580	-0.296875	-0.005371
581	-0.308105	0.015137
582	-0.279785	0.016113
583	-0.312500	0.038086
584	-0.315918	-0.017578
585	-0.318848	-0.046387
586	-0.288086	0.023438
587	-0.312012	-0.023438
588	-0.305176	-0.008301
589	-0.291992	-0.003906
590	-0.295898	0.023926
591	-0.297852	0.001953
592	-0.285645	0.031250
593	-0.298340	-0.025879
594	-0.300781	-0.004395
595	-0.291504	-0.072266
596	-0.285645	-0.012207
597	-0.284180	-0.002441
598	-0.303223	0.009766
599	-0.304199	0.013184
600	-0.287109	-0.053711
601	-0.302246	0.014160
602	-0.294434	-0.020996
603	-0.291016	0.000977
604	-0.322754	-0.041016
605	-0.313477	-0.037598
606	-0.312988	0.018066
607	-0.313477	0.037109
608	-0.294922	-0.027344
609	-0.312988	0.015137
610	-0.286133	-0.019043
611	-0.305176	-0.044434
612	-0.292969	-0.052246
613	-0.321777	-0.004883
614	-0.306152	-0.012695
615	-0.301270	-0.049805
616	-0.311523	0.053223
617	-0.307617	0.008789
618	-0.307129	0.022949
619	-0.297363	0.014648
620	-0.290527	0.029785
621	-0.313965	0.019531
622	-0.281250	0.033203
623	-0.335449	-0.076172
624	-0.324707	0.006836
625	-0.303711	0.009766
626	-0.298828	0.028320
627	-0.300293	0.023926
628	-0.297363	0.029785
629	-0.305664	0.014648
630	-0.296875	0.028320
631	-0.306152	-0.006348
632	-0.316895	0.068848
633	-0.295898	0.046875
634	-0.283691	-0.049316
635	-0.288086	-0.040527
636	-0.312500	-0.018555
637	-0.312988	0.015137
638	-0.303223	-0.080078
639	-0.287109	-0.007813
640	-0.305176	-0.034180
641	-0.309570	0.032715
642	-0.286621	0.000000
643	-0.303223	0.030273
644	-0.281738	-0.048828
645	-0.309570	-0.026855
646	-0.288086	-0.005371
647	-0.289063	-0.029297
648	-0.281738	0.003906
649	-0.289063	-0.033203
650	-0.294434	0.008301
651	-0.280762	-0.054688
652	-0.301758	-0.023438
653	-0.272949	0.004883
654	-0.289063	-0.029297
655	-0.287109	-0.026855
656	-0.307617	-0.033203
657	-0.313965	-0.001953
658	-0.294434	-0.008301
659	-0.295898	0.000488
660	-0.312012	0.015625
661	-0.276367	-0.054199
662	-0.308594	0.018555
663	-0.289063	-0.000977
664	-0.283691	0.061035
665	-0.311035	-0.008789
666	-0.314453	0.102539
667	-0.289063	0.024414
668	-0.313477	-0.006348
669	-0.311523	-0.030273
670	-0.295410	0.006348
671	-0.300293	0.029785
672	-0.297363	0.002930
673	-0.301270	-0.034668
674	-0.304688	-0.040039
675	-0.304199	-0.012207
676	-0.316406	-0.007813
677	-0.314453	0.015137
678	-0.313477	0.015137
679	-0.299316	0.003418
680	-0.343262	-0.034668
681	-0.304688	-0.014648
682	-0.287598	-0.011230
683	-0.317383	0.048340
684	-0.309570	0.024902
685	-0.294434	-0.008789
686	-0.316406	0.005859
687	-0.292480	0.046387
688	-0.308594	0.009766
689	-0.295410	0.020508
690	-0.296387	0.000977
691	-0.322754	-0.010254
692	-0.290039	-0.006348
693	-0.283691	-0.011719
694	-0.287598	0.011719
695	-0.295410	0.031250
696	-0.308594	0.039063
697	-0.311523	0.007813
698	-0.300293	-0.002930
699	-0.294922	0.018066
700	-0.301758	-0.002441
701	-0.312500	-0.026367
702	-0.284180	0.000488
703	-0.297363	-0.013672
704	-0.299805	0.039551
705	-0.299316	0.006348
706	-0.284180	0.027832
707	-0.288574	0.030273
708	-0.290039	-0.007813
709	-0.297363	-0.018555
710	-0.307617	0.021973
711	-0.292969	0.020996
712	-0.310547	-0.023438
713	-0.288086	-0.004395
714	-0.274414	-0.038086
715	-0.298340	-0.026855
716	-0.288086	0.027832
717	-0.295410	-0.001465
718	-0.283691	0.024902
719	-0.293945	0.004883
720	-0.311035	0.070313
721	-0.303223	-0.064941
722	-0.312500	0.002930
723	-0.307617	-0.041504
724	-0.296875	-0.013184
725	-0.299805	-0.040527
726	-0.306641	0.054688
727	-0.297852	0.024414
728	-0.292969	0.036133
729	-0.298828	0.019043
730	-0.337402	0.020020
731	-0.309082	-0.040039
732	-0.307129	0.080078
733	-0.287109	-0.029297
734	-0.307129	0.036621
735	-0.303711	0.004395
736	-0.296875	-0.001953
737	-0.302246	-0.025391
738	-0.318359	0.031250
739	-0.278809	-0.049316
740	-0.305176	-0.020996
741	-0.282227	0.021973
742	-0.297852	-0.011230
743	-0.281250	-0.032227
744	-0.290039	0.027344
745	-0.312988	0.042480
746	-0.307129	-0.010254
747	-0.292969	0.023926
748	-0.285156	0.031250
749	-0.305176	0.014648
750	-0.320313	0.050781
751	-0.311035	0.034180
752	-0.308594	0.022461
753	-0.296875	0.005371
754	-0.291504	0.006836
755	-0.305176	0.023926
756	-0.304688	-0.003906
757	-0.302734	-0.041992
758	-0.302734	-0.006348
759	-0.310059	-0.053223
760	-0.291016	0.012207
761	-0.295898	-0.021484
762	-0.288086	0.027832
763	-0.292969	-0.010742
764	-0.301758	0.039063
765	-0.292969	0.094727
766	-0.312988	0.001953
767	-0.299316	0.066895
768	-0.297852	0.046875
769	-0.313965	-0.014160
770	-0.302246	-0.005371
771	-0.288086	0.046387
772	-0.308105	0.016113
773	-0.312012	0.005859
774	-0.298828	0.038086
775	-0.271973	-0.000488
776	-0.274414	0.027344
777	-0.289551	-0.031250
778	-0.306641	-0.005371
779	-0.286621	-0.004883
780	-0.291504	0.022461
781	-0.302246	-0.038574
782	-0.288086	0.017090
783	-0.330078	-0.004883
784	-0.282227	0.015625
785	-0.303711	0.025879
786	-0.301758	-0.018066
787	-0.288086	-0.039551
788	-0.311523	-0.010254
789	-0.276855	0.011719
790	-0.259277	-0.038574
791	-0.303711	-0.017578
792	-0.291992	0.013184
793	-0.307129	0.067871
794	-0.286621	-0.019043
795	-0.304199	0.005371
796	-0.304688	0.002441
797	-0.306641	-0.018555
798	-0.314453	0.056152
799	-0.289551	-0.031738
800	-0.296387	0.021484
801	-0.308105	-0.012207
802	-0.306152	0.036621
803	-0.293457	0.039551
804	-0.326172	0.045898
805	-0.306641	0.049805
806	-0.322266	0.009277
807	-0.297363	-0.014160
808	-0.308594	0.014160
809	-0.283691	-0.047363
810	-0.290527	0.015625
811	-0.292969	-0.011719
812	-0.301270	0.034668
813	-0.281250	-0.031738
814	-0.316406	0.008301
815	-0.309570	0.029297
816	-0.314941	-0.031250
817	-0.288086	-0.005371
818	-0.313477	-0.024902
819	-0.293457	0.013184
820	-0.302734	-0.052734
821	-0.298828	0.011719
822	-0.291016	0.026367
823	-0.292480	0.024902
824	-0.322754	-0.036133
825	-0.291016	-0.002930
826	-0.311523	-0.000977
827	-0.316895	0.039551
828	-0.293945	0.010254
829	-0.319336	-0.024414
830	-0.325684	-0.021973
831	-0.293457	0.025391
832	-0.306641	-0.056152
833	-0.309570	-0.000977
834	-0.288574	-0.010742
835	-0.291016	0.006348
836	-0.303223	0.013672
837	-0.313965	0.012207
838	-0.281738	-0.041504
839	-0.293945	-0.013672
840	-0.306641	0.055664
841	-0.314453	-0.000488
842	-0.294922	-0.033691
843	-0.301758	-0.013672
844	-0.286621	-0.012695
845	-0.296875	0.007813
846	-0.327637	-0.003906
847	-0.282227	-0.015137
848	-0.300781	0.009766
849	-0.295898	-0.005859
850	-0.310059	0.041504
851	-0.292480	0.004883
852	-0.295410	0.027832
853	-0.286133	0.005371
854	-0.276855	0.016113
855	-0.348145	-0.012207
856	-0.305664	-0.008789
857	-0.315430	-0.002930
858	-0.305664	0.003906
859	-0.292480	-0.014648
860	-0.282715	-0.020020
861	-0.297363	0.000977
862	-0.309570	0.016602
863	-0.307129	0.027344
864	-0.327637	0.016113
865	-0.317383	0.017578
866	-0.289551	0.005859
867	-0.291504	0.008301
868	-0.303711	0.012695
869	-0.312012	-0.026855
870	-0.284180	0.009766
871	-0.315430	0.033203
872	-0.297852	-0.018066
873	-0.294922	-0.020996
874	-0.297363	0.021973
875	-0.284668	-0.023438
876	-0.298340	0.008301
877	-0.314941	0.006348
878	-0.287598	-0.008789
879	-0.309082	0.052246
880	-0.298828	-0.055176
881	-0.329102	0.024414
882	-0.282227	-0.015137
883	-0.289551	0.015137
884	-0.306152	-0.023926
885	-0.310059	-0.045410
886	-0.310059	0.031738
887	-0.287109	0.030273
888	-0.298828	0.041504
889	-0.306152	0.041992
890	-0.294434	0.021973
891	-0.312988	0.025879
892	-0.300781	-0.061035
893	-0.288574	-0.024902
894	-0.305176	-0.053223
895	-0.311035	-0.024902
896	-0.305176	-0.057617
897	-0.273926	-0.061523
898	-0.315918	-0.001465
899	-0.301270	0.058594
900	-0.305664	-0.011719
901	-0.314453	-0.003906
902	-0.322266	-0.012695
903	-0.283203	0.010254
904	-0.296875	0.034668
905	-0.302734	0.024902
906	-0.291992	-0.000977
907	-0.293945	0.001953
908	-0.304688	0.013672
909	-0.299316	-0.029785
910	-0.297363	-0.011719
911	-0.290039	0.026855
912	-0.279297	0.009277
913	-0.312988	0.024902
914	-0.311035	0.041992
915	-0.323242	0.014160
916	-0.308105	0.022949
917	-0.285645	0.011230
918	-0.312012	0.008789
919	-0.291992	0.054199
920	-0.297852	-0.039551
921	-0.325195	-0.003418
922	-0.295898	0.005371
923	-0.295410	0.058105
924	-0.306152	0.002930
925	-0.323730	0.001465
926	-0.278320	-0.001465
927	-0.322754	0.006348
928	-0.297363	0.004395
929	-0.324707	0.071777
930	-0.301758	-0.037598
931	-0.286133	0.006348
932	-0.291504	-0.016113
933	-0.304199	0.084473
934	-0.296875	-0.025879
935	-0.291992	0.007324
936	-0.303223	0.056641
937	-0.291016	0.023438
938	-0.308594	0.026855
939	-0.292969	-0.060547
940	-0.316895	-0.055176
941	-0.308105	-0.012207
942	-0.297363	0.033691
943	-0.298828	-0.016113
944	-0.296387	0.021484
945	-0.296875	-0.037109
946	-0.294922	0.030762
947	-0.315430	0.011719
948	-0.323242	-0.026855
949	-0.271484	-0.001465
950	-0.275391	0.005371
951	-0.310547	0.021484
952	-0.283203	-0.020508
953	-0.290039	-0.013184
954	-0.297363	-0.035645
955	-0.295898	0.090820
956	-0.294434	0.081055
957	-0.290527	0.064941
958	-0.303223	-0.006348
959	-0.297363	0.007813
960	-0.296387	-0.022461
961	-0.294922	-0.005371
962	-0.301758	0.004883
963	-0.284180	-0.001465
964	-0.310059	0.026367
965	-0.313477	0.060547
966	-0.312988	0.011230
967	-0.286133	-0.021484
968	-0.295410	0.003906
969	-0.308594	0.010254
970	-0.272461	0.004395
971	-0.314941	-0.022949
972	-0.276855	-0.048828
973	-0.292969	-0.031250
974	-0.287598	0.038574
975	-0.308105	-0.092773
976	-0.318359	-0.048828
977	-0.310059	0.025391
978	-0.284180	-0.041016
979	-0.321289	0.041016
980	-0.277832	0.010742
981	-0.302246	0.042480
982	-0.285156	-0.023438
983	-0.300293	0.028320
984	-0.285645	0.004395
985	-0.295410	-0.020020
986	-0.300781	-0.046875
987	-0.302734	0.035156
988	-0.288574	-0.011230
989	-0.274414	-0.062012
990	-0.298340	0.023926
991	-0.309570	-0.057129
992	-0.304688	-0.087402
993	-0.264648	0.010742
994	-0.312012	-0.063477
995	-0.301270	0.049316
996	-0.276367	0.013184
997	-0.296875	0.009277
998	-0.310547	0.024414
999	-0.303711	-0.004395
