0	-0.993652	-0.996582
1	-0.995117	-0.997559
2	-0.995117	-0.997559
3	-0.998047	-0.999023
4	-0.997070	-0.998535
5	-0.992188	-0.996094
6	-0.994141	-0.997070
7	-0.998047	-0.999023
8	-0.996094	-0.998047
9	-0.994141	-0.997070
10	-0.997070	-0.998535
11	-0.994141	-0.997070
12	-0.996094	-0.998047
13	-0.996582	-0.998047
14	-0.994141	-0.996582
15	-0.996094	-0.998047
16	-0.995117	-0.997559
17	-0.998047	-0.999023
18	-0.994629	-0.997070
19	-0.997559	-0.998535
20	-0.995605	-0.997559
21	-0.996094	-0.998047
22	-0.997070	-0.998535
23	-0.994629	-0.997070
24	-0.994629	-0.997070
25	-0.998047	-0.999023
26	-0.995605	-0.997559
27	-0.995117	-0.997559
28	-0.997070	-0.998535
29	-0.993164	-0.996582
30	-0.993164	-0.996582
31	-0.999023	-0.999512
32	-0.995117	-0.997559
33	-0.998047	-0.999023
34	-0.998047	-0.999023
35	-0.997070	-0.998535
36	-0.995117	-0.997070
37	-0.998047	-0.999023
38	-0.994141	-0.996094
39	-0.997070	-0.998535
40	-0.999023	-0.999512
41	-0.995117	-0.997559
42	-0.998047	-0.999023
43	-0.992676	-0.996094
44	-0.993652	-0.996582
45	-0.994629	-0.997070
46	-0.997070	-0.998535
47	-0.995605	-0.997559
48	-0.993652	-0.996582
49	-0.997070	-0.998535
50	-0.999023	-0.999512
51	-0.994141	-0.997070
52	-1.000000	-1.000000
53	-0.995117	-0.997559
54	-0.997070	-0.998535
55	-0.997070	-0.998535
56	-0.998047	-0.999023
57	-0.997070	-0.998047
58	-0.993652	-0.996582
59	-0.998047	-0.999023
60	-0.995117	-0.997559
61	-0.996094	-0.998047
62	-0.997070	-0.998535
63	-1.000000	-1.000000
64	-0.996094	-0.998047
65	-0.998047	-0.999023
66	-0.998047	-0.999023
67	-0.995117	-0.997559
68	-1.000000	-1.000000
69	-0.998047	-0.999023
70	-0.997559	-0.998535
71	-0.994629	-0.997070
72	-0.993652	-0.996582
73	-0.998047	-0.999023
74	-0.998047	-0.999023
75	-0.999023	-0.999512
76	-0.996094	-0.998047
77	-0.997070	-0.998535
78	-0.996094	-0.998047
79	-0.994141	-0.997070
80	-0.997070	-0.998535
81	-0.994141	-0.997070
82	-0.996094	-0.998047
83	-0.994141	-0.997070
84	-0.996094	-0.998047
85	-0.994629	-0.997070
86	-0.996094	-0.998047
87	-0.998047	-0.999023
88	-0.992676	-0.996094
89	-0.996094	-0.998047
90	-0.997070	-0.998535
91	-0.999023	-0.999512
92	-0.995117	-0.997559
93	-0.997070	-0.998535
94	-0.993652	-0.996582
95	-0.994629	-0.997070
96	-0.992188	-0.995117
97	-0.995117	-0.997559
98	-0.995117	-0.997559
99	-0.994141	-0.997070
100	-0.996094	-0.998047
101	-0.992188	-0.996094
102	-0.998047	-0.999023
103	-0.993164	-0.996582
104	-0.998047	-0.999023
105	-0.996094	-0.998047
106	-0.988770	-0.994141
107	-0.999023	-0.999512
108	-0.995117	-0.997559
109	-0.994141	-0.997070
110	-0.994141	-0.997070
111	-0.995117	-0.997559
112	-0.994141	-0.997070
113	-0.996094	-0.998047
114	-0.997070	-0.998535
115	-0.994141	-0.997070
116	-0.997070	-0.998535
117	-0.995117	-0.997559
118	-0.998047	-0.999023
119	-1.000000	-1.000000
120	-0.996094	-0.998047
121	-0.996094	-0.998047
122	-0.992188	-0.996094
123	-0.999023	-0.999512
124	-0.995117	-0.997559
125	-0.995605	-0.997559
126	-0.995117	-0.997559
127	-0.999023	-0.999512
128	-0.999023	-0.999512
129	-0.997070	-0.998535
130	-0.993652	-0.996582
131	-1.000000	-1.000000
132	-0.993164	-0.996582
133	-0.992188	-0.995605
134	-0.998047	-0.999023
135	-0.995605	-0.997559
136	-0.993652	-0.996582
137	-0.996094	-0.998047
138	-0.991699	-0.995605
139	-0.991699	-0.995605
140	-0.994141	-0.996582
141	-0.994141	-0.997070
142	-0.988281	-0.994141
143	-0.994141	-0.997070
144	-0.994141	-0.997070
145	-0.996094	-0.998047
146	-0.994141	-0.997070
147	-0.995117	-0.997559
148	-0.995117	-0.997559
149	-0.991211	-0.995605
150	-0.997070	-0.998535
151	-0.993652	-0.996582
152	-0.997070	-0.998535
153	-0.995117	-0.997559
154	-0.996094	-0.998047
155	-0.998047	-0.999023
156	-0.998047	-0.999023
157	-0.996094	-0.998047
158	-0.995117	-0.997559
159	-0.997070	-0.998535
160	-0.999023	-0.999512
161	-0.996094	-0.998047
162	-0.993164	-0.996582
163	-0.995117	-0.997559
164	-0.994629	-0.997070
165	-0.996094	-0.998047
166	-0.999023	-0.999512
167	-0.991211	-0.995605
168	-0.997559	-0.998535
169	-0.997070	-0.998535
170	-0.994141	-0.997070
171	-0.997070	-0.998535
172	-0.996094	-0.998047
173	-0.996094	-0.997559
174	-0.997070	-0.998535
175	-0.998047	-0.999023
176	-0.994141	-0.997070
177	-0.997070	-0.998535
178	-0.991211	-0.995117
179	-0.997070	-0.998535
180	-0.994629	-0.997070
181	-0.992676	-0.995605
182	-0.998047	-0.999023
183	-0.994629	-0.997070
184	-0.996094	-0.998047
185	-0.996094	-0.998047
186	-0.992188	-0.996094
187	-0.996094	-0.998047
188	-0.996094	-0.998047
189	-0.997070	-0.998535
190	-0.998047	-0.999023
191	-0.992676	-0.996094
192	-0.993164	-0.996582
193	-0.996094	-0.998047
194	-0.999023	-0.999512
195	-0.997070	-0.998535
196	-0.995117	-0.997559
197	-0.999023	-0.999512
198	-0.996094	-0.998047
199	-0.996582	-0.998047
200	-0.997070	-0.998535
201	-0.991699	-0.995605
202	-0.999023	-0.999512
203	-0.994629	-0.997070
204	-0.998047	-0.999023
205	-0.992676	-0.996094
206	-0.997070	-0.998535
207	-0.996094	-0.998047
208	-0.995117	-0.997070
209	-0.998047	-0.999023
210	-0.990234	-0.994629
211	-0.994141	-0.997070
212	-0.993164	-0.996582
213	-0.997070	-0.998535
214	-0.990234	-0.995117
215	-0.997070	-0.998535
216	-0.996094	-0.998047
217	-0.990234	-0.995117
218	-0.996094	-0.998047
219	-0.999023	-0.999512
220	-0.995117	-0.997559
221	-0.998047	-0.999023
222	-0.996094	-0.998047
223	-0.994141	-0.997070
224	-0.995117	-0.997559
225	-0.998047	-0.999023
226	-0.997070	-0.998047
227	-0.999023	-0.999512
228	-0.997070	-0.998535
229	-0.996094	-0.998047
230	-0.995117	-0.997559
231	-0.996094	-0.998047
232	-0.999023	-0.999512
233	-0.996094	-0.998047
234	-0.997070	-0.998535
235	-0.997070	-0.998535
236	-0.994629	-0.997070
237	-0.998047	-0.999023
238	-0.995117	-0.997559
239	-0.996094	-0.998047
240	-0.999023	-0.999512
241	-0.995117	-0.997559
242	-0.996094	-0.998047
243	-0.997070	-0.998535
244	-0.997559	-0.998535
245	-0.997070	-0.998535
246	-0.996094	-0.998047
247	-0.997070	-0.998535
248	-0.987793	-0.993164
249	-0.994141	-0.997070
250	-0.997070	-0.998535
251	-0.997070	-0.998535
252	-0.996094	-0.998047
253	-0.992188	-0.996094
254	-0.993652	-0.996582
255	-1.000000	-1.000000
256	-0.994141	-0.996582
257	-0.997070	-0.998535
258	-0.997070	-0.998535
259	-0.995117	-0.997559
260	-0.994141	-0.997070
261	-0.994141	-0.997070
262	-0.998047	-0.999023
263	-0.995117	-0.997559
264	-0.997070	-0.998535
265	-0.996582	-0.998047
266	-0.995605	-0.997559
267	-0.995117	-0.997559
268	-0.994141	-0.997070
269	-0.997070	-0.998535
270	-0.992188	-0.996094
271	-0.995605	-0.997559
272	-0.992188	-0.996094
273	-0.995117	-0.997559
274	-0.995605	-0.997559
275	-0.997070	-0.998535
276	-0.994141	-0.997070
277	-0.994141	-0.997070
278	-0.999023	-0.999512
279	-0.996094	-0.998047
280	-0.999023	-0.999512
281	-0.997070	-0.998047
282	-0.999023	-0.999512
283	-0.993164	-0.996582
284	-0.992676	-0.996094
285	-0.996094	-0.998047
286	-0.995117	-0.997559
287	-0.995117	-0.997559
288	-0.996094	-0.998047
289	-0.997070	-0.998535
290	-0.994141	-0.996582
291	-0.990723	-0.995117
292	-0.990723	-0.995117
293	-0.997070	-0.998535
294	-0.999023	-0.999512
295	-0.991699	-0.995605
296	-0.995117	-0.997559
297	-0.993164	-0.996094
298	-0.997070	-0.998535
299	-0.999023	-0.999512
300	-0.999023	-0.999512
301	-0.996094	-0.998047
302	-0.995117	-0.997559
303	-0.992188	-0.996094
304	-0.992676	-0.995117
305	-0.997070	-0.998535
306	-0.994629	-0.997070
307	-1.000000	-1.000000
308	-0.994141	-0.997070
309	-0.995117	-0.997559
310	-0.995117	-0.997559
311	-0.993652	-0.996582
312	-0.994141	-0.997070
313	-0.997070	-0.998535
314	-0.996094	-0.998047
315	-0.995117	-0.997559
316	-0.997559	-0.998535
317	-0.997070	-0.998535
318	-0.994141	-0.997070
319	-0.998047	-0.999023
320	-0.997070	-0.998535
321	-0.993652	-0.996582
322	-0.994141	-0.997070
323	-0.996094	-0.998047
324	-0.998047	-0.999023
325	-0.996094	-0.998047
326	-0.994141	-0.997070
327	-0.993164	-0.996582
328	-0.992676	-0.996094
329	-0.994141	-0.997070
330	-0.992676	-0.996094
331	-0.999023	-0.999512
332	-0.996094	-0.998047
333	-0.998047	-0.999023
334	-0.998047	-0.999023
335	-0.996094	-0.998047
336	-0.995605	-0.997559
337	-0.994629	-0.997070
338	-0.994141	-0.997070
339	-0.998047	-0.999023
340	-0.998047	-0.999023
341	-0.993164	-0.996582
342	-0.998047	-0.999023
343	-0.999023	-0.999512
344	-0.997070	-0.998535
345	-0.991211	-0.995117
346	-0.997070	-0.998535
347	-0.999023	-0.999512
348	-0.996094	-0.998047
349	-0.993652	-0.996582
350	-0.997070	-0.998535
351	-0.994141	-0.997070
352	-0.999023	-0.999512
353	-0.992188	-0.995605
354	-0.994141	-0.997070
355	-0.996094	-0.998047
356	-0.995117	-0.997559
357	-0.996094	-0.998047
358	-0.996582	-0.998047
359	-0.997070	-0.998535
360	-0.998047	-0.999023
361	-0.989746	-0.994141
362	-0.995117	-0.997559
363	-0.994141	-0.997070
364	-0.990723	-0.994629
365	-0.996094	-0.998047
366	-0.994141	-0.997070
367	-0.994141	-0.997070
368	-0.997559	-0.998535
369	-0.992188	-0.996094
370	-0.995117	-0.997559
371	-0.994629	-0.997070
372	-0.993652	-0.996582
373	-0.996582	-0.998047
374	-0.995117	-0.997559
375	-0.996094	-0.998047
376	-0.996094	-0.997070
377	-0.997070	-0.998535
378	-0.997070	-0.998535
379	-0.993652	-0.996094
380	-0.994141	-0.996582
381	-0.997070	-0.998535
382	-0.997559	-0.998535
383	-0.999023	-0.999512
384	-0.995117	-0.997559
385	-0.997070	-0.998535
386	-0.993164	-0.996582
387	-0.998047	-0.999023
388	-0.995605	-0.997559
389	-0.997070	-0.998535
390	-0.993164	-0.996582
391	-0.997070	-0.998535
392	-0.996094	-0.998047
393	-0.996582	-0.998047
394	-0.994141	-0.997070
395	-0.999023	-0.999512
396	-1.000000	-1.000000
397	-0.997070	-0.998535
398	-0.994141	-0.997070
399	-0.996094	-0.998047
400	-0.994629	-0.997070
401	-0.995117	-0.997559
402	-0.993164	-0.996582
403	-0.996094	-0.998047
404	-0.992676	-0.996094
405	-0.998047	-0.999023
406	-0.995117	-0.997070
407	-0.997070	-0.998535
408	-0.997070	-0.998535
409	-0.998047	-0.999023
410	-0.996094	-0.998047
411	-0.997070	-0.998535
412	-0.996094	-0.997559
413	-0.995605	-0.997559
414	-0.998047	-0.999023
415	-0.993164	-0.996582
416	-0.996582	-0.998047
417	-0.992676	-0.996094
418	-0.995605	-0.997559
419	-0.993164	-0.996582
420	-0.997070	-0.998535
421	-0.996094	-0.998047
422	-0.993164	-0.996582
423	-0.993164	-0.996582
424	-0.993652	-0.996582
425	-0.996094	-0.998047
426	-0.995117	-0.997559
427	-0.999023	-0.999512
428	-0.995117	-0.997559
429	-0.997070	-0.998535
430	-0.994141	-0.997070
431	-0.996582	-0.998047
432	-0.997070	-0.998535
433	-0.993164	-0.996582
434	-0.996094	-0.997559
435	-0.997070	-0.998535
436	-0.997070	-0.998535
437	-0.998047	-0.999023
438	-0.996094	-0.998047
439	-0.995117	-0.997559
440	-0.998047	-0.999023
441	-0.995117	-0.997070
442	-0.998047	-0.999023
443	-0.997070	-0.998535
444	-0.999023	-0.999512
445	-0.992188	-0.996094
446	-0.999023	-0.999512
447	-0.997559	-0.998535
448	-0.993164	-0.996582
449	-0.999023	-0.999512
450	-0.994629	-0.997070
451	-0.994629	-0.997070
452	-0.994141	-0.997070
453	-0.992676	-0.995605
454	-0.994141	-0.997070
455	-0.994141	-0.997070
456	-0.995605	-0.997559
457	-0.996582	-0.998047
458	-0.999023	-0.999512
459	-0.992676	-0.996094
460	-0.995605	-0.997559
461	-0.997070	-0.998535
462	-0.996094	-0.998047
463	-0.998047	-0.999023
464	-0.995117	-0.997559
465	-0.993652	-0.996582
466	-0.992676	-0.996094
467	-0.995117	-0.997559
468	-0.997070	-0.998535
469	-0.995605	-0.997559
470	-0.997070	-0.998535
471	-0.997559	-0.998535
472	-0.996094	-0.998047
473	-0.995117	-0.997559
474	-0.998047	-0.999023
475	-0.994141	-0.997070
476	-0.999023	-0.999512
477	-0.995117	-0.997559
478	-0.995117	-0.997559
479	-0.997070	-0.998535
480	-0.998047	-0.999023
481	-1.000000	-1.000000
482	-0.998047	-0.999023
483	-0.997070	-0.998535
484	-0.995605	-0.997559
485	-0.995117	-0.997070
486	-0.996094	-0.998047
487	-0.995117	-0.997559
488	-0.996094	-0.998047
489	-0.992676	-0.996094
490	-0.999023	-0.999512
491	-0.997070	-0.998535
492	-0.994141	-0.997070
493	-0.996094	-0.998047
494	-0.998047	-0.999023
495	-0.994141	-0.996582
496	-0.995117	-0.997559
497	-0.998047	-0.999023
498	-0.992188	-0.996094
499	-0.995117	-0.997559
500	-0.999023	-0.999512
501	-0.995117	-0.997559
502	-0.999023	-0.999512
503	-0.995117	-0.997559
504	-0.994141	-0.997070
505	-0.998047	-0.999023
506	-0.996094	-0.998047
507	-0.994141	-0.997070
508	-0.996094	-0.998047
509	-0.997070	-0.998535
510	-0.996094	-0.998047
511	-0.995117	-0.997559
512	-0.996582	-0.998047
513	-0.995117	-0.997559
514	-0.995605	-0.997559
515	-0.991211	-0.995605
516	-0.997070	-0.998535
517	-0.997070	-0.998535
518	-0.994141	-0.996582
519	-0.997070	-0.998535
520	-0.995605	-0.997559
521	-0.998047	-0.999023
522	-0.990723	-0.995117
523	-0.998047	-0.999023
524	-0.997070	-0.998535
525	-0.999023	-0.999512
526	-0.994141	-0.997070
527	-0.996094	-0.998047
528	-0.997070	-0.998535
529	-0.994141	-0.997070
530	-0.994141	-0.997070
531	-0.994141	-0.996582
532	-0.989258	-0.994629
533	-0.997070	-0.998535
534	-0.996094	-0.998047
535	-0.992188	-0.996094
536	-0.991699	-0.995605
537	-0.998047	-0.999023
538	-0.998047	-0.999023
539	-0.995117	-0.997559
540	-0.994629	-0.997070
541	-0.998047	-0.999023
542	-0.994141	-0.997070
543	-0.994141	-0.997070
544	-0.997070	-0.998535
545	-0.996094	-0.998047
546	-0.991211	-0.994629
547	-1.000000	-1.000000
548	-0.995117	-0.997559
549	-0.996094	-0.998047
550	-0.994629	-0.997070
551	-0.995117	-0.997559
552	-0.998047	-0.999023
553	-0.994629	-0.997070
554	-0.999023	-0.999512
555	-0.999023	-0.999512
556	-0.994141	-0.997070
557	-0.996582	-0.998047
558	-0.997070	-0.998535
559	-0.993164	-0.996582
560	-0.999023	-0.999512
561	-0.994141	-0.997070
562	-0.998047	-0.999023
563	-0.998047	-0.999023
564	-0.996094	-0.998047
565	-0.996094	-0.998047
566	-0.998047	-0.999023
567	-0.995605	-0.997559
568	-0.996094	-0.998047
569	-0.997070	-0.998535
570	-0.995605	-0.997559
571	-0.997070	-0.998535
572	-0.993652	-0.996582
573	-0.993652	-0.996582
574	-0.999023	-0.999512
575	-0.998047	-0.999023
576	-0.994141	-0.996582
577	-0.998047	-0.999023
578	-0.998047	-0.999023
579	-0.995117	-0.997070
580	-0.994629	-0.997070
581	-0.993164	-0.996094
582	-0.993652	-0.996582
583	-0.999023	-0.999512
584	-0.997070	-0.998535
585	-0.998047	-0.999023
586	-0.992188	-0.996094
587	-0.994141	-0.997070
588	-0.994629	-0.997070
589	-0.991699	-0.995605
590	-0.998047	-0.999023
591	-0.995605	-0.997559
592	-0.992676	-0.996094
593	-0.995117	-0.997559
594	-0.998047	-0.999023
595	-0.993164	-0.996582
596	-0.999023	-0.999512
597	-0.995117	-0.997559
598	-0.995605	-0.997559
599	-0.997070	-0.998535
600	-0.997070	-0.998535
601	-0.994141	-0.997070
602	-0.996582	-0.998047
603	-0.996582	-0.998047
604	-0.994141	-0.997070
605	-0.993164	-0.996582
606	-0.996094	-0.998047
607	-1.000000	-1.000000
608	-0.997070	-0.998535
609	-0.994141	-0.997070
610	-0.997070	-0.998535
611	-0.999023	-0.999512
612	-0.996094	-0.998047
613	-0.999023	-0.999512
614	-0.994629	-0.997070
615	-0.994629	-0.997070
616	-0.996094	-0.998047
617	-0.996094	-0.998047
618	-0.998047	-0.999023
619	-0.996094	-0.997070
620	-0.996094	-0.998047
621	-0.997070	-0.998535
622	-0.991211	-0.995605
623	-0.998047	-0.999023
624	-0.998047	-0.999023
625	-0.994141	-0.997070
626	-0.998047	-0.999023
627	-0.997070	-0.998535
628	-0.998535	-0.999023
629	-0.995117	-0.997559
630	-0.993164	-0.996582
631	-0.995605	-0.997559
632	-0.994141	-0.997070
633	-0.998047	-0.999023
634	-0.996094	-0.998047
635	-0.999023	-0.999512
636	-0.995117	-0.997559
637	-0.998047	-0.999023
638	-0.994141	-0.997070
639	-0.995605	-0.997559
640	-0.995117	-0.997559
641	-0.997070	-0.998535
642	-0.998047	-0.999023
643	-0.996094	-0.998047
644	-0.998047	-0.999023
645	-0.995605	-0.997559
646	-0.995117	-0.997559
647	-0.995605	-0.997559
648	-0.993164	-0.996582
649	-0.995605	-0.997559
650	-0.996094	-0.998047
651	-0.996094	-0.998047
652	-0.997070	-0.998535
653	-0.994141	-0.997070
654	-0.994141	-0.997070
655	-0.995117	-0.997559
656	-0.995605	-0.997559
657	-0.995117	-0.997559
658	-0.994141	-0.997070
659	-0.994629	-0.996582
660	-0.996094	-0.998047
661	-0.996094	-0.998047
662	-0.995117	-0.997559
663	-0.998047	-0.999023
664	-0.991699	-0.995605
665	-0.997070	-0.998535
666	-0.994141	-0.997070
667	-0.993164	-0.996094
668	-0.994629	-0.996582
669	-0.995117	-0.997559
670	-0.997070	-0.998535
671	-0.994141	-0.997070
672	-0.993164	-0.996582
673	-0.995117	-0.997559
674	-0.997070	-0.998535
675	-0.997070	-0.998535
676	-0.998047	-0.999023
677	-0.998047	-0.999023
678	-0.998535	-0.999023
679	-0.997070	-0.998535
680	-0.997070	-0.998535
681	-0.996094	-0.998047
682	-0.996094	-0.998047
683	-0.993164	-0.996094
684	-0.992188	-0.996094
685	-0.996094	-0.998047
686	-0.996094	-0.998047
687	-0.994141	-0.997070
688	-0.993164	-0.996582
689	-0.997070	-0.998535
690	-0.998047	-0.999023
691	-0.996094	-0.998047
692	-0.994141	-0.997070
693	-0.997070	-0.998535
694	-0.992188	-0.996094
695	-0.997070	-0.998535
696	-0.998047	-0.999023
697	-0.997070	-0.998535
698	-0.999023	-0.999512
699	-0.995117	-0.997559
700	-0.996094	-0.998047
701	-0.992676	-0.996094
702	-0.996094	-0.998047
703	-0.997559	-0.998535
704	-0.999023	-0.999512
705	-0.998047	-0.999023
706	-0.999023	-0.999512
707	-0.997070	-0.998535
708	-0.995117	-0.997559
709	-0.998047	-0.999023
710	-0.995117	-0.997559
711	-0.997070	-0.998535
712	-0.997070	-0.998535
713	-0.992188	-0.996094
714	-0.996094	-0.998047
715	-0.991211	-0.995605
716	-0.995605	-0.997559
717	-0.995117	-0.997559
718	-0.997070	-0.998535
719	-0.996094	-0.998047
720	-0.998047	-0.999023
721	-0.997070	-0.998535
722	-0.998047	-0.999023
723	-0.997070	-0.998535
724	-0.997070	-0.998535
725	-0.995605	-0.997559
726	-0.998047	-0.999023
727	-0.994141	-0.997070
728	-0.999023	-0.999512
729	-0.991211	-0.995117
730	-0.998047	-0.999023
731	-0.997070	-0.998047
732	-0.996094	-0.998047
733	-0.996094	-0.998047
734	-0.996094	-0.997559
735	-0.996094	-0.998047
736	-0.999023	-0.999512
737	-0.997070	-0.998535
738	-0.992188	-0.996094
739	-0.996582	-0.998047
740	-0.996582	-0.998047
741	-0.996094	-0.998047
742	-0.996094	-0.998047
743	-0.994141	-0.997070
744	-0.999023	-0.999512
745	-0.994141	-0.997070
746	-0.997070	-0.998535
747	-0.993164	-0.996582
748	-0.996094	-0.998047
749	-0.995117	-0.997559
750	-0.996094	-0.997559
751	-0.991699	-0.995605
752	-0.999023	-0.999512
753	-0.997070	-0.998535
754	-0.995117	-0.997559
755	-0.995117	-0.997559
756	-1.000000	-1.000000
757	-0.996094	-0.998047
758	-0.993652	-0.996582
759	-0.998047	-0.999023
760	-0.993164	-0.996582
761	-0.996094	-0.998047
762	-0.997070	-0.998535
763	-0.996094	-0.998047
764	-0.997070	-0.998535
765	-0.993164	-0.996582
766	-0.997070	-0.998535
767	-0.997070	-0.998535
768	-0.995117	-0.997559
769	-0.997559	-0.998535
770	-0.992188	-0.996094
771	-0.998047	-0.999023
772	-0.995117	-0.997559
773	-0.994141	-0.997070
774	-0.998047	-0.999023
775	-0.994141	-0.996582
776	-0.997070	-0.998535
777	-0.996094	-0.998047
778	-0.993652	-0.996582
779	-0.992188	-0.996094
780	-0.996094	-0.998047
781	-0.991699	-0.995605
782	-0.998047	-0.999023
783	-0.996094	-0.998047
784	-0.991211	-0.995605
785	-0.995117	-0.997559
786	-0.995117	-0.997559
787	-0.995117	-0.997559
788	-0.997070	-0.998535
789	-0.992188	-0.996094
790	-0.995605	-0.997559
791	-0.999023	-0.999512
792	-0.997070	-0.998535
793	-0.997559	-0.998535
794	-0.995117	-0.997559
795	-0.997070	-0.998535
796	-0.991699	-0.995605
797	-1.000000	-1.000000
798	-0.998047	-0.999023
799	-0.999023	-0.999512
800	-1.000000	-1.000000
801	-0.997070	-0.998535
802	-0.998047	-0.999023
803	-0.990723	-0.994629
804	-0.995117	-0.997559
805	-0.996094	-0.998047
806	-0.994141	-0.997070
807	-0.998047	-0.999023
808	-0.992188	-0.995605
809	-0.998047	-0.999023
810	-0.994141	-0.997070
811	-0.993164	-0.996582
812	-0.999023	-0.999512
813	-0.998047	-0.999023
814	-0.995117	-0.997559
815	-0.998047	-0.999023
816	-0.993164	-0.996094
817	-0.994141	-0.997070
818	-0.994141	-0.997070
819	-0.996094	-0.998047
820	-0.992676	-0.995117
821	-0.994141	-0.997070
822	-1.000000	-1.000000
823	-0.996582	-0.998047
824	-0.995117	-0.997559
825	-0.997070	-0.998535
826	-0.996094	-0.998047
827	-0.995605	-0.997559
828	-0.997070	-0.998535
829	-0.994141	-0.997070
830	-0.997070	-0.998535
831	-0.991699	-0.995605
832	-0.995117	-0.997559
833	-0.992188	-0.996094
834	-0.994629	-0.997070
835	-0.994141	-0.997070
836	-0.995117	-0.997559
837	-0.998047	-0.999023
838	-0.998047	-0.999023
839	-0.998047	-0.999023
840	-0.997070	-0.998535
841	-0.997070	-0.998535
842	-0.992676	-0.996094
843	-0.997070	-0.998535
844	-0.996094	-0.998047
845	-0.994141	-0.997070
846	-0.994141	-0.997070
847	-0.999023	-0.999512
848	-0.993164	-0.996094
849	-0.996094	-0.998047
850	-0.993652	-0.996582
851	-0.993652	-0.996582
852	-0.999023	-0.999512
853	-0.992676	-0.996094
854	-0.994629	-0.997070
855	-1.000000	-1.000000
856	-0.994141	-0.997070
857	-0.995117	-0.997070
858	-0.998047	-0.999023
859	-0.996094	-0.998047
860	-0.996094	-0.998047
861	-0.998047	-0.999023
862	-0.998047	-0.999023
863	-0.996094	-0.998047
864	-0.997559	-0.998535
865	-0.995117	-0.997559
866	-0.992188	-0.996094
867	-0.995117	-0.997559
868	-0.998047	-0.999023
869	-0.998047	-0.999023
870	-0.996094	-0.998047
871	-0.991699	-0.995605
872	-0.997070	-0.998535
873	-0.996094	-0.998047
874	-0.996582	-0.998047
875	-0.997070	-0.998535
876	-0.997070	-0.998535
877	-0.995605	-0.997559
878	-0.998047	-0.999023
879	-0.998047	-0.999023
880	-0.997559	-0.998535
881	-0.993652	-0.996582
882	-0.995117	-0.997559
883	-0.997070	-0.998535
884	-0.999023	-0.999512
885	-0.998047	-0.999023
886	-0.994141	-0.997070
887	-0.997070	-0.998535
888	-0.996094	-0.998047
889	-0.995117	-0.997559
890	-0.994141	-0.997070
891	-0.990723	-0.995117
892	-0.992676	-0.996094
893	-0.997070	-0.998535
894	-1.000000	-1.000000
895	-0.995605	-0.997559
896	-0.996094	-0.998047
897	-0.997070	-0.998535
898	-0.996582	-0.998047
899	-0.996094	-0.998047
900	-0.994141	-0.997070
901	-0.996094	-0.998047
902	-0.998047	-0.999023
903	-0.991699	-0.995605
904	-0.993652	-0.996582
905	-0.996094	-0.998047
906	-0.996094	-0.998047
907	-0.998047	-0.999023
908	-0.996094	-0.998047
909	-0.997070	-0.998535
910	-0.998047	-0.999023
911	-0.995117	-0.997559
912	-0.995117	-0.997070
913	-0.998047	-0.999023
914	-0.998047	-0.999023
915	-0.993164	-0.996582
916	-0.994141	-0.997070
917	-0.996094	-0.998047
918	-0.995117	-0.997559
919	-0.998047	-0.999023
920	-0.996094	-0.998047
921	-0.996094	-0.998047
922	-0.994629	-0.997070
923	-0.998047	-0.999023
924	-0.998047	-0.999023
925	-0.997070	-0.998535
926	-0.997070	-0.998047
927	-0.994141	-0.997070
928	-0.996094	-0.998047
929	-0.991211	-0.995605
930	-0.998047	-0.999023
931	-0.997070	-0.998047
932	-0.996582	-0.998047
933	-0.999023	-0.999512
934	-0.994141	-0.997070
935	-0.996094	-0.998047
936	-0.997070	-0.998535
937	-0.998047	-0.999023
938	-0.995117	-0.997559
939	-0.998047	-0.999023
940	-0.994141	-0.997070
941	-0.998047	-0.999023
942	-0.995117	-0.997559
943	-0.997070	-0.998535
944	-0.998047	-0.999023
945	-0.997070	-0.998535
946	-0.991699	-0.995605
947	-0.994141	-0.997070
948	-0.994629	-0.997070
949	-0.995117	-0.997559
950	-0.996582	-0.998047
951	-0.998047	-0.999023
952	-0.996094	-0.998047
953	-0.994141	-0.997070
954	-0.997070	-0.998535
955	-0.997070	-0.998535
956	-0.995117	-0.997559
957	-0.996094	-0.998047
958	-0.995117	-0.997559
959	-0.995117	-0.997559
960	-0.994141	-0.997070
961	-0.995605	-0.997070
962	-0.997070	-0.998535
963	-0.993164	-0.996094
964	-0.998047	-0.999023
965	-0.995117	-0.997559
966	-0.991699	-0.995117
967	-0.990723	-0.995117
968	-0.998047	-0.999023
969	-0.995117	-0.997559
970	-0.995605	-0.997559
971	-0.993652	-0.996582
972	-0.996094	-0.998047
973	-0.993164	-0.996582
974	-0.995605	-0.997559
975	-0.996582	-0.998047
976	-0.997070	-0.998535
977	-0.997559	-0.998535
978	-0.997070	-0.998535
979	-0.995117	-0.997559
980	-0.996094	-0.998047
981	-0.997070	-0.998535
982	-0.995117	-0.997559
983	-0.994141	-0.997070
984	-0.995117	-0.997559
985	-0.993652	-0.996582
986	-0.998047	-0.999023
987	-0.997070	-0.998535
988	-0.997070	-0.998535
989	-0.996094	-0.998047
990	-0.996094	-0.998047
991	-0.999023	-0.999512
992	-0.992676	-0.996094
993	-0.996094	-0.998047
994	-0.996094	-0.998047
995	-0.995117	-0.997559
996	-0.990234	-0.995117
997	-0.994629	-0.997070
998	-0.995117	-0.997559
999	-0.998047	-0.999023
