0	-0.996582	-0.998047
1	-0.999023	-0.999512
2	-0.999023	-0.999512
3	-0.999023	-0.999512
4	-0.998047	-0.999023
5	-0.998047	-0.999023
6	-0.995117	-0.997559
7	-0.999023	-0.999512
8	-0.997070	-0.998535
9	-0.997070	-0.998535
10	-0.995117	-0.997559
11	-0.998047	-0.999023
12	-0.998047	-0.999023
13	-0.997559	-0.998535
14	-0.996094	-0.998047
15	-1.000000	-1.000000
16	-1.000000	-1.000000
17	-0.998047	-0.999023
18	-0.996094	-0.998047
19	-0.999023	-0.999512
20	-0.995605	-0.997559
21	-0.997070	-0.998535
22	-0.994141	-0.997070
23	-0.997070	-0.998535
24	-0.997070	-0.998535
25	-1.000000	-1.000000
26	-0.996094	-0.998047
27	-0.997070	-0.998535
28	-0.998047	-0.999023
29	-0.998047	-0.999023
30	-0.997070	-0.998535
31	-0.997070	-0.998535
32	-0.997070	-0.998535
33	-0.996582	-0.998047
34	-0.999023	-0.999512
35	-0.996094	-0.998047
36	-0.996582	-0.998047
37	-0.996094	-0.998047
38	-0.997070	-0.998535
39	-0.996094	-0.998047
40	-0.998047	-0.999023
41	-0.997070	-0.998535
42	-0.995117	-0.997559
43	-0.997070	-0.998535
44	-0.993652	-0.996582
45	-0.998047	-0.999023
46	-0.998047	-0.999023
47	-1.000000	-1.000000
48	-0.998047	-0.999023
49	-0.999023	-0.999512
50	-0.996094	-0.998047
51	-0.996582	-0.998047
52	-0.997070	-0.998535
53	-0.996094	-0.998047
54	-0.998047	-0.999023
55	-0.998047	-0.999023
56	-0.997070	-0.998535
57	-0.998047	-0.999023
58	-1.000000	-1.000000
59	-0.996094	-0.998047
60	-0.998047	-0.999023
61	-0.995117	-0.997070
62	-0.999023	-0.999512
63	-0.999023	-0.999512
64	-0.999023	-0.999512
65	-0.994141	-0.997070
66	-0.999023	-0.999512
67	-0.997559	-0.998535
68	-0.994141	-0.997070
69	-0.999023	-0.999512
70	-0.994629	-0.997070
71	-0.996582	-0.998047
72	-0.995117	-0.997559
73	-0.996582	-0.998047
74	-0.994141	-0.997070
75	-0.996094	-0.998047
76	-0.997559	-0.998535
77	-0.998047	-0.999023
78	-1.000000	-1.000000
79	-0.996094	-0.998047
80	-0.996582	-0.998047
81	-0.998047	-0.999023
82	-0.998047	-0.999023
83	-0.999023	-0.999512
84	-0.996094	-0.998047
85	-0.997070	-0.998535
86	-0.997559	-0.998535
87	-0.996094	-0.998047
88	-0.998047	-0.999023
89	-0.997559	-0.998535
90	-0.998047	-0.999023
91	-1.000000	-1.000000
92	-0.997070	-0.998535
93	-0.997070	-0.998535
94	-0.999023	-0.999512
95	-0.995117	-0.997559
96	-0.999023	-0.999512
97	-0.995117	-0.997559
98	-0.997070	-0.998535
99	-0.998047	-0.999023
100	-0.999023	-0.999512
101	-1.000000	-1.000000
102	-0.999023	-0.999512
103	-0.998047	-0.999023
104	-0.997070	-0.998535
105	-0.996094	-0.998047
106	-0.997070	-0.998535
107	-0.997070	-0.998535
108	-0.998047	-0.999023
109	-0.995117	-0.997559
110	-0.999023	-0.999512
111	-0.997070	-0.998535
112	-0.996094	-0.998047
113	-0.998047	-0.999023
114	-0.999023	-0.999512
115	-0.995117	-0.997070
116	-0.998047	-0.999023
117	-0.998047	-0.999023
118	-0.993164	-0.996582
119	-0.996094	-0.998047
120	-1.000000	-1.000000
121	-0.997070	-0.998535
122	-1.000000	-1.000000
123	-0.997070	-0.998535
124	-0.995117	-0.997559
125	-0.999023	-0.999512
126	-0.997070	-0.998535
127	-0.997070	-0.998535
128	-0.997070	-0.998535
129	-0.998047	-0.999023
130	-0.998047	-0.999023
131	-0.997070	-0.998535
132	-0.996582	-0.998047
133	-0.996094	-0.998047
134	-0.995605	-0.997559
135	-0.992188	-0.996094
136	-0.998047	-0.999023
137	-1.000000	-1.000000
138	-0.994141	-0.996582
139	-0.997070	-0.998535
140	-0.997559	-0.998535
141	-0.998047	-0.999023
142	-0.993164	-0.996582
143	-0.998047	-0.999023
144	-0.999023	-0.999512
145	-0.999023	-0.999512
146	-0.995117	-0.997559
147	-0.996094	-0.998047
148	-0.997070	-0.998535
149	-0.998047	-0.999023
150	-0.995117	-0.997559
151	-0.999023	-0.999512
152	-0.995117	-0.997559
153	-0.999023	-0.999512
154	-0.999023	-0.999512
155	-0.994141	-0.997070
156	-0.992676	-0.996094
157	-0.998047	-0.999023
158	-0.998047	-0.999023
159	-0.995117	-0.997559
160	-0.995605	-0.997559
161	-0.998047	-0.999023
162	-0.995117	-0.997559
163	-0.996094	-0.998047
164	-0.999023	-0.999512
165	-0.999023	-0.999512
166	-0.995605	-0.997559
167	-1.000000	-1.000000
168	-0.998047	-0.999023
169	-0.996094	-0.998047
170	-0.996094	-0.998047
171	-0.996094	-0.998047
172	-0.999023	-0.999512
173	-0.994629	-0.997070
174	-0.999023	-0.999512
175	-0.999023	-0.999512
176	-0.997070	-0.998535
177	-0.997559	-0.998535
178	-0.998047	-0.999023
179	-0.994141	-0.997070
180	-1.000000	-1.000000
181	-0.997070	-0.998535
182	-0.999023	-0.999512
183	-0.999023	-0.999512
184	-0.998047	-0.999023
185	-0.997070	-0.998535
186	-0.999023	-0.999512
187	-0.999023	-0.999512
188	-0.996094	-0.998047
189	-0.998047	-0.999023
190	-0.996582	-0.998047
191	-0.997070	-0.998535
192	-0.994629	-0.997070
193	-0.995605	-0.997559
194	-1.000000	-1.000000
195	-0.998047	-0.999023
196	-0.995605	-0.997559
197	-0.998047	-0.999023
198	-0.999023	-0.999512
199	-0.996094	-0.997559
200	-0.996582	-0.998047
201	-0.996094	-0.998047
202	-0.995605	-0.997559
203	-0.999023	-0.999512
204	-0.998047	-0.999023
205	-0.999023	-0.999512
206	-0.993164	-0.996582
207	-0.994141	-0.997070
208	-0.996582	-0.998047
209	-0.998047	-0.999023
210	-0.998047	-0.999023
211	-0.999023	-0.999512
212	-0.997070	-0.998535
213	-0.996094	-0.998047
214	-0.998047	-0.999023
215	-0.994141	-0.997070
216	-0.999023	-0.999512
217	-0.997070	-0.998535
218	-0.996582	-0.998047
219	-0.997070	-0.998535
220	-0.999023	-0.999512
221	-0.997070	-0.998535
222	-0.997559	-0.998535
223	-0.997559	-0.998535
224	-0.995117	-0.997559
225	-0.993164	-0.996582
226	-0.997070	-0.998535
227	-1.000000	-1.000000
228	-0.997070	-0.998535
229	-0.996094	-0.998047
230	-0.997070	-0.998535
231	-0.999023	-0.999512
232	-0.997070	-0.998535
233	-0.999023	-0.999512
234	-0.996582	-0.998047
235	-0.995605	-0.997559
236	-0.998047	-0.999023
237	-0.997070	-0.998535
238	-0.999023	-0.999512
239	-0.997559	-0.998535
240	-0.999023	-0.999512
241	-0.999023	-0.999512
242	-0.995117	-0.997559
243	-0.998047	-0.999023
244	-0.998047	-0.999023
245	-0.996094	-0.998047
246	-1.000000	-1.000000
247	-0.998047	-0.999023
248	-1.000000	-1.000000
249	-0.997070	-0.998535
250	-0.995117	-0.997559
251	-0.997559	-0.998535
252	-0.996094	-0.998047
253	-0.998047	-0.999023
254	-0.998047	-0.999023
255	-0.999023	-0.999512
256	-0.995117	-0.997559
257	-0.999023	-0.999512
258	-0.995117	-0.997559
259	-0.997070	-0.998535
260	-0.999023	-0.999512
261	-0.998047	-0.999023
262	-0.998047	-0.999023
263	-0.998047	-0.999023
264	-0.998047	-0.999023
265	-0.996582	-0.998047
266	-0.996094	-0.998047
267	-0.997559	-0.998535
268	-0.996094	-0.998047
269	-0.996582	-0.998047
270	-0.999023	-0.999512
271	-0.996094	-0.998047
272	-1.000000	-1.000000
273	-0.997070	-0.998535
274	-0.994141	-0.997070
275	-0.996094	-0.998047
276	-0.997070	-0.998535
277	-0.997070	-0.998535
278	-0.997070	-0.998535
279	-0.995117	-0.997070
280	-0.998047	-0.999023
281	-0.997070	-0.998535
282	-0.997070	-0.998535
283	-0.999023	-0.999512
284	-0.993652	-0.996582
285	-0.997070	-0.998535
286	-0.996094	-0.998047
287	-0.995117	-0.997070
288	-0.999023	-0.999512
289	-0.996094	-0.998047
290	-0.998047	-0.999023
291	-0.997070	-0.998535
292	-0.995117	-0.997559
293	-0.995117	-0.997559
294	-0.999023	-0.999512
295	-0.998047	-0.999023
296	-0.998047	-0.999023
297	-1.000000	-1.000000
298	-0.998535	-0.999023
299	-0.999023	-0.999512
300	-0.999023	-0.999512
301	-0.997070	-0.998535
302	-0.997070	-0.998535
303	-0.996094	-0.998047
304	-0.996094	-0.998047
305	-0.996094	-0.998047
306	-0.997070	-0.998535
307	-0.998047	-0.999023
308	-0.996094	-0.998047
309	-0.999023	-0.999512
310	-1.000000	-1.000000
311	-0.996094	-0.998047
312	-0.996094	-0.998047
313	-0.997070	-0.998535
314	-0.996094	-0.998047
315	-0.998047	-0.999023
316	-0.998047	-0.999023
317	-0.998047	-0.999023
318	-1.000000	-1.000000
319	-0.998047	-0.999023
320	-0.998047	-0.999023
321	-0.997559	-0.998535
322	-0.997070	-0.998535
323	-0.998535	-0.999023
324	-1.000000	-1.000000
325	-0.999023	-0.999512
326	-1.000000	-1.000000
327	-0.997070	-0.998535
328	-0.997070	-0.998535
329	-0.999023	-0.999512
330	-0.996094	-0.998047
331	-0.997070	-0.998535
332	-1.000000	-1.000000
333	-0.994141	-0.997070
334	-0.996094	-0.998047
335	-0.993164	-0.996582
336	-0.996582	-0.998047
337	-0.997070	-0.998535
338	-0.997070	-0.998535
339	-0.998047	-0.999023
340	-0.999023	-0.999512
341	-0.998047	-0.999023
342	-1.000000	-1.000000
343	-0.998047	-0.999023
344	-0.999023	-0.999512
345	-0.997070	-0.998535
346	-1.000000	-1.000000
347	-0.999023	-0.999512
348	-0.999023	-0.999512
349	-0.994141	-0.996582
350	-1.000000	-1.000000
351	-0.997559	-0.998535
352	-0.997070	-0.998535
353	-0.997070	-0.998535
354	-0.997559	-0.998535
355	-0.998047	-0.999023
356	-0.999023	-0.999512
357	-0.999023	-0.999512
358	-0.995117	-0.997559
359	-0.998047	-0.999023
360	-0.998047	-0.999023
361	-0.997070	-0.998535
362	-0.997070	-0.998535
363	-0.996094	-0.998047
364	-0.999023	-0.999512
365	-0.996094	-0.998047
366	-0.999023	-0.999512
367	-0.994141	-0.997070
368	-0.996094	-0.998047
369	-0.996094	-0.998047
370	-0.999023	-0.999512
371	-0.993164	-0.996582
372	-0.999023	-0.999512
373	-0.999023	-0.999512
374	-0.996094	-0.998047
375	-0.997070	-0.998535
376	-1.000000	-1.000000
377	-0.997070	-0.998535
378	-0.996094	-0.998047
379	-0.999023	-0.999512
380	-0.994141	-0.997070
381	-0.998047	-0.999023
382	-0.998047	-0.999023
383	-0.997070	-0.998535
384	-0.998047	-0.999023
385	-0.995117	-0.997559
386	-0.998047	-0.999023
387	-0.999023	-0.999512
388	-0.996094	-0.998047
389	-0.997559	-0.998535
390	-0.995117	-0.997559
391	-0.998047	-0.999023
392	-0.997070	-0.998535
393	-0.995117	-0.997559
394	-0.999023	-0.999512
395	-0.997070	-0.998535
396	-0.998047	-0.999023
397	-0.996094	-0.998047
398	-0.995605	-0.997559
399	-0.994141	-0.997070
400	-0.996094	-0.998047
401	-0.994629	-0.997070
402	-0.999023	-0.999512
403	-0.998047	-0.999023
404	-0.994141	-0.997070
405	-0.996094	-0.998047
406	-0.996094	-0.998047
407	-0.998047	-0.999023
408	-0.998047	-0.999023
409	-0.995117	-0.997559
410	-0.998047	-0.999023
411	-1.000000	-1.000000
412	-0.997070	-0.998535
413	-0.999023	-0.999512
414	-0.996094	-0.998047
415	-0.997070	-0.998535
416	-0.995117	-0.997559
417	-1.000000	-1.000000
418	-0.998047	-0.999023
419	-1.000000	-1.000000
420	-1.000000	-1.000000
421	-0.997070	-0.998535
422	-0.998047	-0.999023
423	-0.991699	-0.995117
424	-0.997070	-0.998535
425	-0.998047	-0.999023
426	-0.995117	-0.997559
427	-0.998047	-0.999023
428	-0.992188	-0.995605
429	-0.999023	-0.999512
430	-0.995117	-0.997559
431	-0.996094	-0.998047
432	-0.999023	-0.999512
433	-0.999023	-0.999512
434	-0.997070	-0.998535
435	-0.998047	-0.999023
436	-0.996094	-0.997559
437	-0.997070	-0.998535
438	-0.995117	-0.997559
439	-0.996094	-0.998047
440	-0.995605	-0.996582
441	-0.996094	-0.998047
442	-1.000000	-1.000000
443	-0.996582	-0.998047
444	-0.996094	-0.998047
445	-0.998047	-0.999023
446	-0.999023	-0.999512
447	-0.997559	-0.998535
448	-0.998047	-0.999023
449	-0.996094	-0.998047
450	-0.998047	-0.999023
451	-0.998047	-0.999023
452	-0.997070	-0.998535
453	-0.996094	-0.998047
454	-0.996582	-0.998047
455	-0.996094	-0.998047
456	-0.998047	-0.999023
457	-0.998047	-0.999023
458	-0.998047	-0.999023
459	-0.998047	-0.999023
460	-0.997070	-0.998535
461	-0.999023	-0.999512
462	-0.995117	-0.997559
463	-0.998047	-0.999023
464	-0.997070	-0.998535
465	-0.998047	-0.999023
466	-0.996094	-0.998047
467	-0.999023	-0.999512
468	-0.996094	-0.997559
469	-0.996094	-0.998047
470	-0.998047	-0.999023
471	-1.000000	-1.000000
472	-0.999023	-0.999512
473	-0.994629	-0.997070
474	-0.996094	-0.998047
475	-1.000000	-1.000000
476	-0.995117	-0.997559
477	-0.997559	-0.998535
478	-0.999023	-0.999512
479	-0.997070	-0.998535
480	-0.998047	-0.999023
481	-0.998047	-0.999023
482	-0.999023	-0.999512
483	-0.999023	-0.999512
484	-0.998535	-0.999023
485	-0.997070	-0.998535
486	-0.992188	-0.996094
487	-0.998047	-0.999023
488	-1.000000	-1.000000
489	-0.999023	-0.999512
490	-0.997070	-0.998535
491	-0.995117	-0.997559
492	-0.997070	-0.998535
493	-0.997070	-0.998535
494	-0.998047	-0.999023
495	-0.997070	-0.998535
496	-0.998047	-0.999023
497	-0.996094	-0.998047
498	-1.000000	-1.000000
499	-0.999023	-0.999512
500	-0.998047	-0.999023
501	-0.996582	-0.998047
502	-0.998047	-0.999023
503	-0.998047	-0.999023
504	-0.999023	-0.999512
505	-0.998047	-0.999023
506	-0.996094	-0.998047
507	-0.998047	-0.999023
508	-0.998047	-0.999023
509	-0.995117	-0.997559
510	-0.996094	-0.998047
511	-0.994629	-0.997070
512	-0.995605	-0.997559
513	-0.998047	-0.999023
514	-1.000000	-1.000000
515	-0.997070	-0.998535
516	-0.998047	-0.999023
517	-0.999023	-0.999512
518	-0.999023	-0.999512
519	-0.998047	-0.999023
520	-0.997070	-0.998535
521	-0.997070	-0.998535
522	-0.998047	-0.999023
523	-0.993652	-0.996582
524	-0.998047	-0.999023
525	-0.996094	-0.998047
526	-0.998047	-0.999023
527	-0.999023	-0.999512
528	-0.997070	-0.998535
529	-0.999023	-0.999512
530	-0.999023	-0.999512
531	-0.996094	-0.998047
532	-0.996582	-0.998047
533	-0.999023	-0.999512
534	-0.998047	-0.999023
535	-0.995117	-0.997559
536	-0.997070	-0.998535
537	-0.997070	-0.998535
538	-0.997070	-0.998535
539	-0.999023	-0.999512
540	-0.996094	-0.998047
541	-0.997070	-0.998535
542	-0.996582	-0.998047
543	-0.999023	-0.999512
544	-0.998047	-0.999023
545	-0.997070	-0.998535
546	-0.998047	-0.999023
547	-0.996094	-0.998047
548	-0.997070	-0.998535
549	-0.995117	-0.997559
550	-0.999023	-0.999512
551	-0.998535	-0.999023
552	-0.996582	-0.998047
553	-0.999023	-0.999512
554	-0.996094	-0.998047
555	-0.998047	-0.999023
556	-0.998047	-0.999023
557	-0.998047	-0.999023
558	-0.995117	-0.997559
559	-0.998047	-0.999023
560	-0.998047	-0.999023
561	-0.999023	-0.999512
562	-0.998047	-0.999023
563	-0.998047	-0.999023
564	-0.998047	-0.999023
565	-0.998047	-0.999023
566	-0.993652	-0.996582
567	-0.995117	-0.997559
568	-0.996582	-0.998047
569	-0.998047	-0.999023
570	-0.996582	-0.998047
571	-0.999023	-0.999512
572	-0.996094	-0.998047
573	-0.997070	-0.998535
574	-0.997070	-0.998535
575	-0.999023	-0.999512
576	-0.996094	-0.998047
577	-0.997070	-0.998535
578	-0.996094	-0.998047
579	-0.998047	-0.999023
580	-0.997070	-0.998535
581	-0.997559	-0.998535
582	-0.998047	-0.999023
583	-0.994629	-0.997070
584	-0.998047	-0.999023
585	-0.999023	-0.999512
586	-0.995605	-0.997559
587	-0.991699	-0.995605
588	-0.999023	-0.999512
589	-0.998047	-0.999023
590	-0.995605	-0.997559
591	-0.996094	-0.998047
592	-0.996094	-0.998047
593	-0.996094	-0.998047
594	-0.995605	-0.997559
595	-0.999023	-0.999512
596	-0.999023	-0.999512
597	-0.999023	-0.999512
598	-0.999023	-0.999512
599	-0.995117	-0.997559
600	-0.997070	-0.998535
601	-0.998047	-0.999023
602	-0.996094	-0.998047
603	-0.995117	-0.997559
604	-0.998047	-0.999023
605	-0.996094	-0.998047
606	-0.999023	-0.999512
607	-0.998047	-0.999023
608	-0.999023	-0.999512
609	-0.997070	-0.998535
610	-0.998047	-0.999023
611	-0.999023	-0.999512
612	-0.993652	-0.996582
613	-0.998047	-0.999023
614	-0.998047	-0.999023
615	-0.996094	-0.998047
616	-0.997070	-0.998535
617	-0.997559	-0.998535
618	-0.999023	-0.999512
619	-0.999023	-0.999512
620	-0.998047	-0.999023
621	-0.997070	-0.998535
622	-0.996094	-0.998047
623	-0.993164	-0.996582
624	-0.997070	-0.998535
625	-0.996094	-0.998047
626	-0.995117	-0.997559
627	-0.999023	-0.999512
628	-0.998047	-0.999023
629	-0.996094	-0.998047
630	-0.999023	-0.999512
631	-0.999023	-0.999512
632	-0.995117	-0.997559
633	-0.998535	-0.999023
634	-0.997070	-0.998535
635	-0.994629	-0.997070
636	-0.997070	-0.998535
637	-0.998047	-0.999023
638	-1.000000	-1.000000
639	-0.998047	-0.999023
640	-0.999023	-0.999512
641	-0.996094	-0.998047
642	-0.998047	-0.999023
643	-0.998047	-0.999023
644	-0.995605	-0.997559
645	-0.997070	-0.998535
646	-0.997070	-0.998535
647	-0.998047	-0.999023
648	-0.997070	-0.998535
649	-0.996094	-0.998047
650	-0.996094	-0.998047
651	-0.998047	-0.999023
652	-0.997070	-0.998535
653	-0.996094	-0.998047
654	-0.998047	-0.999023
655	-0.995117	-0.997559
656	-0.999023	-0.999512
657	-0.998047	-0.999023
658	-0.995605	-0.997559
659	-0.997070	-0.998535
660	-0.997070	-0.998535
661	-0.998047	-0.999023
662	-0.999023	-0.999512
663	-0.997559	-0.998535
664	-0.996582	-0.998047
665	-0.998047	-0.999023
666	-0.997070	-0.998535
667	-0.998047	-0.999023
668	-0.995117	-0.997559
669	-0.999023	-0.999512
670	-0.999023	-0.999512
671	-0.997070	-0.998535
672	-0.999023	-0.999512
673	-0.998047	-0.999023
674	-0.993164	-0.996582
675	-0.999023	-0.999512
676	-0.997070	-0.998535
677	-0.998047	-0.999023
678	-0.998047	-0.999023
679	-0.997070	-0.998535
680	-0.995117	-0.997070
681	-0.999023	-0.999512
682	-0.997070	-0.998535
683	-0.998047	-0.999023
684	-0.999023	-0.999512
685	-0.999023	-0.999512
686	-0.999023	-0.999512
687	-0.996094	-0.998047
688	-0.997070	-0.998535
689	-0.997559	-0.998535
690	-0.999023	-0.999512
691	-0.998047	-0.999023
692	-0.994629	-0.997070
693	-0.997070	-0.998535
694	-1.000000	-1.000000
695	-0.995117	-0.997559
696	-1.000000	-1.000000
697	-0.997070	-0.998535
698	-0.998047	-0.999023
699	-0.999023	-0.999512
700	-1.000000	-1.000000
701	-0.998535	-0.999023
702	-0.996094	-0.998047
703	-0.999023	-0.999512
704	-0.998047	-0.999023
705	-0.996094	-0.998047
706	-0.999023	-0.999512
707	-1.000000	-1.000000
708	-0.998047	-0.999023
709	-0.998047	-0.999023
710	-0.999023	-0.999512
711	-0.996094	-0.998047
712	-1.000000	-1.000000
713	-0.999023	-0.999512
714	-0.997559	-0.998535
715	-0.996582	-0.998047
716	-0.997070	-0.998535
717	-0.999023	-0.999512
718	-0.998047	-0.999023
719	-0.999023	-0.999512
720	-0.998047	-0.999023
721	-0.998047	-0.999023
722	-0.997070	-0.998535
723	-0.994141	-0.997070
724	-0.998047	-0.999023
725	-0.997070	-0.998535
726	-0.998047	-0.999023
727	-0.996094	-0.998047
728	-0.996094	-0.998047
729	-0.995605	-0.997559
730	-0.997070	-0.998535
731	-0.998047	-0.999023
732	-0.997070	-0.998535
733	-0.997070	-0.998535
734	-0.998047	-0.999023
735	-0.999023	-0.999512
736	-0.996094	-0.998047
737	-0.998047	-0.999023
738	-0.996094	-0.998047
739	-0.997070	-0.998535
740	-0.993652	-0.996094
741	-0.998047	-0.999023
742	-0.995117	-0.997559
743	-0.995117	-0.997559
744	-0.998047	-0.999023
745	-0.994141	-0.997070
746	-0.999023	-0.999512
747	-0.994141	-0.997070
748	-0.999023	-0.999512
749	-0.998047	-0.999023
750	-0.992676	-0.996094
751	-0.999023	-0.999512
752	-0.997070	-0.998535
753	-0.996094	-0.998047
754	-0.995117	-0.997559
755	-0.999023	-0.999512
756	-0.995117	-0.997559
757	-0.998047	-0.999023
758	-0.998047	-0.999023
759	-0.996094	-0.998047
760	-0.998047	-0.999023
761	-0.997070	-0.998535
762	-0.998047	-0.999023
763	-1.000000	-1.000000
764	-0.998047	-0.999023
765	-0.998047	-0.999023
766	-0.994141	-0.997070
767	-0.999023	-0.999512
768	-0.998047	-0.999023
769	-1.000000	-1.000000
770	-0.997070	-0.998535
771	-0.999023	-0.999512
772	-0.999023	-0.999512
773	-0.997070	-0.998535
774	-0.994629	-0.997070
775	-1.000000	-1.000000
776	-0.996094	-0.998047
777	-0.994141	-0.996582
778	-0.999023	-0.999512
779	-0.997070	-0.998535
780	-0.994141	-0.997070
781	-0.996094	-0.998047
782	-0.993164	-0.996582
783	-0.995117	-0.997559
784	-0.999023	-0.999512
785	-0.997070	-0.998535
786	-0.991211	-0.995605
787	-0.997070	-0.998535
788	-0.996094	-0.998047
789	-0.998047	-0.999023
790	-0.995117	-0.997559
791	-0.996094	-0.998047
792	-0.998047	-0.999023
793	-0.996094	-0.998047
794	-0.998047	-0.999023
795	-0.996582	-0.998047
796	-0.998047	-0.999023
797	-0.999023	-0.999512
798	-0.997070	-0.998535
799	-0.998047	-0.999023
800	-0.998047	-0.999023
801	-0.996094	-0.998047
802	-0.996094	-0.998047
803	-0.998047	-0.999023
804	-0.999023	-0.999512
805	-0.998047	-0.999023
806	-0.994141	-0.997070
807	-0.996094	-0.998047
808	-0.994629	-0.997070
809	-0.996094	-0.998047
810	-1.000000	-1.000000
811	-0.995117	-0.997559
812	-0.997559	-0.998535
813	-0.998047	-0.999023
814	-0.997070	-0.998535
815	-0.998047	-0.999023
816	-0.998047	-0.999023
817	-0.997070	-0.998047
818	-0.998047	-0.999023
819	-0.998047	-0.999023
820	-0.997070	-0.998535
821	-0.999023	-0.999512
822	-0.996094	-0.998047
823	-0.997070	-0.998535
824	-0.996582	-0.998047
825	-0.994141	-0.996582
826	-0.999023	-0.999512
827	-0.994629	-0.997070
828	-0.997070	-0.998535
829	-0.998047	-0.999023
830	-0.994141	-0.997070
831	-0.997070	-0.998535
832	-0.997070	-0.998535
833	-0.999023	-0.999512
834	-0.998047	-0.999023
835	-0.995117	-0.997559
836	-0.996094	-0.998047
837	-0.997070	-0.998535
838	-1.000000	-1.000000
839	-0.997070	-0.998535
840	-0.997070	-0.998535
841	-1.000000	-1.000000
842	-0.998047	-0.999023
843	-0.997559	-0.998535
844	-0.999023	-0.999512
845	-0.996094	-0.998047
846	-0.999023	-0.999512
847	-0.995605	-0.997559
848	-0.998047	-0.999023
849	-0.995605	-0.997559
850	-0.999023	-0.999512
851	-0.996094	-0.998047
852	-0.995117	-0.997070
853	-0.999023	-0.999512
854	-0.994141	-0.997070
855	-0.994141	-0.997070
856	-0.993164	-0.996582
857	-0.997070	-0.998535
858	-0.994141	-0.997070
859	-0.999023	-0.999512
860	-0.997070	-0.998535
861	-0.995117	-0.997559
862	-0.999023	-0.999512
863	-0.999023	-0.999512
864	-0.996094	-0.998047
865	-0.998047	-0.999023
866	-0.998047	-0.999023
867	-0.998047	-0.999023
868	-0.996094	-0.998047
869	-0.998047	-0.999023
870	-0.997070	-0.998047
871	-1.000000	-1.000000
872	-0.999023	-0.999512
873	-0.998047	-0.999023
874	-0.995117	-0.997559
875	-0.999023	-0.999512
876	-0.999023	-0.999512
877	-0.997070	-0.998535
878	-0.998047	-0.999023
879	-0.997070	-0.998535
880	-0.997070	-0.998535
881	-1.000000	-1.000000
882	-0.996094	-0.998047
883	-0.996094	-0.998047
884	-0.999023	-0.999512
885	-0.996094	-0.998047
886	-0.996094	-0.998047
887	-0.997070	-0.998535
888	-0.997559	-0.998535
889	-0.998047	-0.999023
890	-0.998047	-0.999023
891	-0.999023	-0.999512
892	-0.994141	-0.997070
893	-0.996094	-0.998047
894	-0.999023	-0.999512
895	-0.998047	-0.999023
896	-0.999023	-0.999512
897	-0.992188	-0.996094
898	-0.997070	-0.998535
899	-1.000000	-1.000000
900	-0.995605	-0.997559
901	-0.997070	-0.998535
902	-0.998047	-0.999023
903	-0.997070	-0.998535
904	-0.995117	-0.997559
905	-0.998047	-0.999023
906	-0.998047	-0.999023
907	-0.995117	-0.997559
908	-0.998047	-0.999023
909	-0.998047	-0.999023
910	-0.997070	-0.998535
911	-0.996094	-0.998047
912	-0.999023	-0.999512
913	-0.997070	-0.998535
914	-0.994141	-0.997070
915	-0.997070	-0.998535
916	-0.993164	-0.996582
917	-0.999023	-0.999512
918	-0.999023	-0.999512
919	-0.999023	-0.999512
920	-0.995117	-0.997559
921	-0.997070	-0.998535
922	-0.999023	-0.999512
923	-0.997070	-0.998535
924	-0.999023	-0.999512
925	-0.997070	-0.998047
926	-0.999023	-0.999512
927	-0.998047	-0.999023
928	-0.994141	-0.997070
929	-0.997070	-0.998535
930	-0.997070	-0.998535
931	-0.996094	-0.998047
932	-0.999023	-0.999512
933	-0.997070	-0.998535
934	-0.997070	-0.998047
935	-0.991699	-0.995605
936	-0.994629	-0.997070
937	-0.997070	-0.998535
938	-1.000000	-1.000000
939	-0.993652	-0.996582
940	-0.998047	-0.999023
941	-0.994629	-0.997070
942	-0.999023	-0.999512
943	-0.999023	-0.999512
944	-0.999023	-0.999512
945	-0.998047	-0.999023
946	-0.996094	-0.998047
947	-0.994141	-0.997070
948	-0.994629	-0.996094
949	-0.998047	-0.999023
950	-0.995605	-0.997559
951	-1.000000	-1.000000
952	-0.995117	-0.997559
953	-0.995117	-0.997559
954	-0.998047	-0.999023
955	-0.993652	-0.996582
956	-0.995117	-0.997559
957	-0.997070	-0.998535
958	-0.997070	-0.998535
959	-0.998047	-0.999023
960	-0.997559	-0.998535
961	-0.997070	-0.998535
962	-0.995117	-0.997559
963	-1.000000	-1.000000
964	-0.998047	-0.999023
965	-0.996094	-0.998047
966	-0.995117	-0.997559
967	-0.997070	-0.998535
968	-1.000000	-1.000000
969	-0.999023	-0.999512
970	-0.996094	-0.998047
971	-0.996094	-0.998047
972	-0.995605	-0.997559
973	-0.997070	-0.998535
974	-0.995117	-0.997559
975	-0.999023	-0.999512
976	-0.997070	-0.998535
977	-0.999023	-0.999512
978	-0.998047	-0.999023
979	-0.997070	-0.998535
980	-0.998047	-0.999023
981	-0.996582	-0.998047
982	-0.995117	-0.997559
983	-0.999023	-0.999512
984	-0.999023	-0.999512
985	-0.995117	-0.997559
986	-0.999023	-0.999512
987	-1.000000	-1.000000
988	-0.998047	-0.999023
989	-0.995117	-0.997559
990	-0.999023	-0.999512
991	-1.000000	-1.000000
992	-0.999023	-0.999512
993	-0.995605	-0.997559
994	-0.998047	-0.999023
995	-0.998047	-0.999023
996	-1.000000	-1.000000
997	-0.994629	-0.997070
998	-0.996094	-0.998047
999	-0.997070	-0.998535
