0	-0.606934	0.256836
1	-0.588867	0.203125
2	-0.599121	0.058594
3	-0.556641	0.036133
4	-0.593262	-0.020020
5	-0.576172	-0.083496
6	-0.606934	0.072754
7	-0.604492	-0.060059
8	-0.566406	-0.062988
9	-0.601074	-0.086914
10	-0.595215	0.006348
11	-0.585938	0.080078
12	-0.616699	0.079102
13	-0.593262	0.012695
14	-0.576660	0.035645
15	-0.610352	0.068848
16	-0.584961	0.007324
17	-0.577637	-0.151855
18	-0.569824	-0.201172
19	-0.563477	-0.188477
20	-0.628906	-0.316895
21	-0.614746	-0.334961
22	-0.590332	-0.217285
23	-0.616699	-0.242188
24	-0.604492	-0.200684
25	-0.587402	-0.208496
26	-0.590332	-0.187988
27	-0.572754	-0.179688
28	-0.601074	-0.157227
29	-0.577148	-0.085938
30	-0.587402	-0.035645
31	-0.585449	-0.053223
32	-0.574707	-0.113281
33	-0.597656	-0.027832
34	-0.591309	-0.108398
35	-0.577637	-0.059082
36	-0.581543	-0.040527
37	-0.531738	0.003906
38	-0.578613	-0.048340
39	-0.557129	-0.159668
40	-0.601563	-0.045898
41	-0.624023	-0.113281
42	-0.601074	-0.076172
43	-0.602539	-0.073242
44	-0.567871	-0.058105
45	-0.593750	-0.014648
46	-0.603027	-0.105469
47	-0.608887	-0.081055
48	-0.614258	-0.086914
49	-0.583008	-0.051758
50	-0.583984	-0.030273
51	-0.600586	0.064453
52	-0.623535	-0.073242
53	-0.610840	-0.079102
54	-0.627441	-0.096191
55	-0.618164	-0.256836
56	-0.613281	-0.289063
57	-0.590332	-0.285156
58	-0.599121	-0.225586
59	-0.594238	-0.273926
60	-0.604004	-0.325684
61	-0.621094	-0.474609
62	-0.636719	-0.465820
63	-0.601074	-0.461426
64	-0.592285	-0.384277
65	-0.582520	-0.273438
66	-0.584961	-0.190430
67	-0.613281	-0.233398
68	-0.614258	-0.172852
69	-0.572266	-0.258301
70	-0.560547	-0.241699
71	-0.580078	-0.198730
72	-0.600098	-0.142578
73	-0.607910	-0.063965
74	-0.571289	-0.012207
75	-0.598633	0.003906
76	-0.613281	-0.081543
77	-0.594238	0.118652
78	-0.600586	-0.042969
79	-0.622070	-0.098633
80	-0.609863	-0.107422
81	-0.579590	-0.042480
82	-0.591309	-0.015625
83	-0.566895	-0.017090
84	-0.600586	-0.013184
85	-0.588379	-0.181152
86	-0.594727	-0.093262
87	-0.574707	-0.140625
88	-0.612305	-0.090820
89	-0.609863	-0.020508
90	-0.628418	-0.033691
91	-0.572754	0.022949
92	-0.580078	0.063965
93	-0.586914	0.105957
94	-0.583496	0.200195
95	-0.592285	0.156250
96	-0.573242	0.178223
97	-0.615723	0.207520
98	-0.579590	0.223633
99	-0.592285	0.175293
100	-0.613770	0.163086
101	-0.631348	0.197754
102	-0.618652	0.202148
103	-0.630371	0.330566
104	-0.628418	0.364746
105	-0.623047	0.375488
106	-0.591797	0.244141
107	-0.560547	0.183105
108	-0.587402	0.148926
109	-0.551270	-0.015625
110	-0.560547	-0.007324
111	-0.594238	-0.027832
112	-0.593750	-0.051270
113	-0.573242	-0.038574
114	-0.582520	-0.082031
115	-0.560547	-0.090332
116	-0.587402	-0.138672
117	-0.614746	-0.065918
118	-0.574219	-0.093262
119	-0.580078	-0.108887
120	-0.588379	-0.104492
121	-0.609863	-0.002930
122	-0.612305	0.041992
123	-0.625000	0.066895
124	-0.602051	-0.008301
125	-0.594727	-0.009766
126	-0.607422	0.023926
127	-0.598145	-0.019531
128	-0.543945	-0.112305
129	-0.566895	-0.201172
130	-0.600586	-0.169434
131	-0.575684	-0.136230
132	-0.560547	-0.161621
133	-0.570801	-0.103027
134	-0.606934	-0.109863
135	-0.607910	-0.206055
136	-0.601563	-0.186035
137	-0.602539	-0.178223
138	-0.612793	-0.119141
139	-0.577148	-0.267578
140	-0.602539	-0.209473
141	-0.615234	-0.214355
142	-0.596680	-0.172363
143	-0.599121	-0.069824
144	-0.583984	-0.021973
145	-0.583984	-0.055664
146	-0.604004	-0.068359
147	-0.555664	-0.068848
148	-0.573242	-0.123535
149	-0.567871	-0.080566
150	-0.588867	-0.102539
151	-0.578125	-0.107422
152	-0.588867	-0.183105
153	-0.587891	-0.237305
154	-0.583008	-0.163574
155	-0.585449	-0.048340
156	-0.574707	-0.087402
157	-0.581543	0.032715
158	-0.622559	0.033203
159	-0.593750	0.073242
160	-0.594238	0.061035
161	-0.567383	0.048828
162	-0.585449	0.117676
163	-0.592285	0.020508
164	-0.607910	0.002930
165	-0.583984	0.125000
166	-0.598145	0.204590
167	-0.628906	0.124512
168	-0.591309	0.151367
169	-0.614746	0.037598
170	-0.603027	-0.144531
171	-0.604980	-0.125488
172	-0.590332	-0.163574
173	-0.594238	-0.189941
174	-0.591797	-0.189941
175	-0.557129	-0.107422
176	-0.559082	-0.036621
177	-0.576172	-0.127930
178	-0.581543	0.022461
179	-0.600586	-0.046387
180	-0.582520	0.076172
181	-0.581543	0.062500
182	-0.561523	-0.065430
183	-0.565918	0.050781
184	-0.595215	0.084473
185	-0.571289	0.118164
186	-0.571777	0.033203
187	-0.594238	0.208984
188	-0.583008	0.170898
189	-0.615723	0.144531
190	-0.624023	0.125977
191	-0.625488	0.183105
192	-0.626465	0.102051
193	-0.641602	0.112305
194	-0.600098	0.109863
195	-0.606934	0.045898
196	-0.585449	0.020508
197	-0.616211	-0.086914
198	-0.618652	-0.102051
199	-0.614746	-0.058105
200	-0.605957	0.052734
201	-0.596680	-0.017090
202	-0.583496	-0.117676
203	-0.580566	-0.142090
204	-0.600586	-0.046875
205	-0.598633	0.078125
206	-0.562500	0.048828
207	-0.570313	-0.007813
208	-0.581543	-0.078125
209	-0.607422	-0.018066
210	-0.638672	0.130859
211	-0.625000	0.068359
212	-0.629883	-0.117188
213	-0.582520	-0.147461
214	-0.587402	-0.123535
215	-0.596680	-0.155273
216	-0.591797	-0.116699
217	-0.608887	-0.031738
218	-0.617676	-0.184082
219	-0.602539	-0.192383
220	-0.599121	-0.189941
221	-0.592773	-0.197754
222	-0.608398	-0.223633
223	-0.600586	-0.275879
224	-0.580078	-0.267090
225	-0.602051	-0.195313
226	-0.581543	-0.064941
227	-0.615723	0.084961
228	-0.585938	0.109375
229	-0.568359	0.107910
230	-0.602051	0.147461
231	-0.627930	0.141113
232	-0.622070	0.074707
233	-0.603027	0.118652
234	-0.605469	0.135254
235	-0.585449	0.172852
236	-0.579590	0.234375
237	-0.556152	0.125000
238	-0.601563	0.165527
239	-0.577148	0.149414
240	-0.620117	0.212891
241	-0.596191	0.273438
242	-0.592285	0.259766
243	-0.609375	0.306152
244	-0.608887	0.415039
245	-0.613770	0.366699
246	-0.611328	0.396484
247	-0.591797	0.364746
248	-0.585449	0.339355
249	-0.582031	0.297363
250	-0.595215	0.272461
251	-0.603027	0.157227
252	-0.599121	0.268066
253	-0.582520	0.214844
254	-0.563477	0.169922
255	-0.608887	0.286133
256	-0.581543	0.288086
257	-0.613281	0.131348
258	-0.599121	0.233887
259	-0.622559	0.323242
260	-0.593750	0.365723
261	-0.605469	0.257324
262	-0.575684	0.168457
263	-0.533203	0.148926
264	-0.547852	0.243652
265	-0.582520	0.178223
266	-0.585938	0.155762
267	-0.598145	0.196289
268	-0.603516	0.187988
269	-0.600098	0.221680
270	-0.580078	0.061035
271	-0.608887	0.097168
272	-0.622559	0.116211
273	-0.631348	0.147461
274	-0.599121	0.124512
275	-0.583496	0.111816
276	-0.608398	0.162598
277	-0.582031	0.211426
278	-0.613281	0.242676
279	-0.625977	0.275391
280	-0.620117	0.253418
281	-0.607910	0.162109
282	-0.627930	-0.000488
283	-0.572266	-0.098145
284	-0.614746	-0.191406
285	-0.576172	-0.137695
286	-0.595215	-0.131348
287	-0.595703	-0.108398
288	-0.582031	-0.111328
289	-0.575684	-0.134766
290	-0.601074	-0.099609
291	-0.605957	-0.068848
292	-0.611328	-0.078125
293	-0.619629	-0.116699
294	-0.614746	-0.011719
295	-0.616699	-0.125977
296	-0.615234	-0.093750
297	-0.587402	-0.050293
298	-0.580566	-0.057129
299	-0.611328	0.085938
300	-0.566895	0.041992
301	-0.588867	0.150391
302	-0.579102	0.093750
303	-0.603516	0.079102
304	-0.588867	0.083008
305	-0.615234	0.241699
306	-0.585449	0.293945
307	-0.614258	0.266602
308	-0.597656	0.166992
309	-0.596191	0.103516
310	-0.580078	0.036621
311	-0.618652	-0.046875
312	-0.585449	-0.020996
313	-0.598145	0.074707
314	-0.551758	-0.002930
315	-0.580078	0.115723
316	-0.625000	0.121094
317	-0.566406	0.077637
318	-0.559082	-0.030762
319	-0.578125	-0.029297
320	-0.565430	-0.082031
321	-0.617676	-0.057617
322	-0.604492	0.081543
323	-0.594727	0.119629
324	-0.586426	0.035645
325	-0.587891	0.015625
326	-0.594727	0.138672
327	-0.557617	0.071777
328	-0.585449	0.120605
329	-0.644043	0.252930
330	-0.621094	0.260254
331	-0.567383	0.252441
332	-0.584473	0.200195
333	-0.582031	0.104980
334	-0.623047	0.071777
335	-0.604004	0.058594
336	-0.569336	0.104004
337	-0.580078	0.121582
338	-0.604492	0.075195
339	-0.582031	0.040527
340	-0.552734	-0.077148
341	-0.574707	-0.154297
342	-0.561523	-0.091797
343	-0.574707	-0.090820
344	-0.601563	-0.129395
345	-0.575195	0.013672
346	-0.607422	-0.015625
347	-0.606445	-0.094238
348	-0.608398	-0.032715
349	-0.598145	0.054199
350	-0.586426	0.184570
351	-0.612305	0.185547
352	-0.618164	0.168457
353	-0.560547	0.043945
354	-0.595703	-0.061035
355	-0.611328	0.024902
356	-0.585938	-0.088379
357	-0.588379	-0.124023
358	-0.616211	-0.140137
359	-0.573730	-0.102051
360	-0.588867	0.135254
361	-0.607422	0.002930
362	-0.613770	0.094238
363	-0.599121	0.079102
364	-0.576660	-0.009766
365	-0.621094	-0.068848
366	-0.612305	0.024414
367	-0.600098	-0.020508
368	-0.569824	-0.065430
369	-0.611816	-0.071289
370	-0.572754	-0.101074
371	-0.573730	-0.074219
372	-0.616211	-0.009277
373	-0.589844	0.041992
374	-0.608398	-0.015137
375	-0.605957	-0.158691
376	-0.606445	-0.062012
377	-0.583008	-0.162109
378	-0.559570	-0.198242
379	-0.571289	-0.097168
380	-0.579590	-0.157715
381	-0.575684	-0.017578
382	-0.590332	-0.003418
383	-0.557129	0.055664
384	-0.576172	-0.003906
385	-0.555176	0.149414
386	-0.546387	0.116699
387	-0.578613	0.134277
388	-0.583008	0.105469
389	-0.601074	0.194824
390	-0.582520	0.298828
391	-0.570801	0.392090
392	-0.619141	0.373535
393	-0.609375	0.349609
394	-0.626953	0.313965
395	-0.569824	0.267090
396	-0.593750	0.238281
397	-0.599121	0.266113
398	-0.615723	0.165527
399	-0.594727	0.152832
400	-0.582520	0.175293
401	-0.601074	0.079102
402	-0.603516	0.124512
403	-0.610840	0.101563
404	-0.581055	0.109863
405	-0.599121	0.064453
406	-0.564453	-0.031250
407	-0.574707	-0.007324
408	-0.622070	0.022461
409	-0.645020	0.021484
410	-0.606934	0.085938
411	-0.570313	0.169434
412	-0.597656	0.203613
413	-0.608398	0.109863
414	-0.589844	0.118164
415	-0.620605	0.147949
416	-0.642090	0.193359
417	-0.612793	0.163574
418	-0.596680	0.126465
419	-0.598633	0.235840
420	-0.623535	0.212891
421	-0.609375	0.151367
422	-0.621582	0.044922
423	-0.611328	0.003418
424	-0.590332	0.085449
425	-0.593750	0.029297
426	-0.591309	0.109863
427	-0.591309	0.138184
428	-0.578613	0.101074
429	-0.604004	-0.081543
430	-0.614258	-0.000488
431	-0.575684	-0.090332
432	-0.582520	-0.098145
433	-0.583984	-0.010742
434	-0.609375	-0.134277
435	-0.589844	-0.129395
436	-0.618164	-0.047363
437	-0.589844	0.036621
438	-0.568359	0.079102
439	-0.567871	0.075684
440	-0.577637	0.020508
441	-0.603516	-0.033691
442	-0.606934	0.019043
443	-0.601074	0.032715
444	-0.601074	0.040039
445	-0.602539	0.092773
446	-0.571777	0.054688
447	-0.572266	0.092285
448	-0.583984	0.090820
449	-0.577637	0.070313
450	-0.596191	-0.016113
451	-0.572266	-0.002930
452	-0.570801	0.057617
453	-0.549316	0.083496
454	-0.606934	0.100586
455	-0.565430	0.006836
456	-0.597656	-0.011230
457	-0.568359	-0.082031
458	-0.593750	-0.053711
459	-0.602539	-0.038086
460	-0.597656	-0.057617
461	-0.584473	0.044434
462	-0.643066	0.023926
463	-0.625000	-0.025391
464	-0.629395	-0.014648
465	-0.648438	0.063965
466	-0.645020	0.180664
467	-0.607910	0.208984
468	-0.590332	0.114258
469	-0.583008	0.184082
470	-0.589844	0.143555
471	-0.593262	0.191406
472	-0.592773	0.222168
473	-0.606934	0.305664
474	-0.605469	0.293457
475	-0.587402	0.317383
476	-0.616211	0.383301
477	-0.618164	0.361816
478	-0.611816	0.317383
479	-0.582031	0.330078
480	-0.604004	0.365234
481	-0.627930	0.466309
482	-0.568359	0.343750
483	-0.627930	0.404785
484	-0.622070	0.391602
485	-0.609863	0.319336
486	-0.578125	0.222168
487	-0.615234	0.287109
488	-0.619141	0.176758
489	-0.598145	0.116211
490	-0.578125	0.140625
491	-0.599609	0.227051
492	-0.573242	0.049316
493	-0.564453	0.105469
494	-0.590332	0.197754
495	-0.610840	0.201660
496	-0.602539	0.227051
497	-0.598145	0.070313
498	-0.623535	0.110840
499	-0.609375	0.031250
500	-0.602539	0.027344
501	-0.593262	0.079590
502	-0.597168	0.156250
503	-0.588867	0.241699
504	-0.617188	0.246582
505	-0.575195	0.197266
506	-0.595215	0.205566
507	-0.592773	0.104004
508	-0.581543	0.164063
509	-0.585449	0.013184
510	-0.609863	-0.086426
511	-0.587891	-0.060547
512	-0.585938	-0.004395
513	-0.595215	0.047852
514	-0.606934	0.062988
515	-0.595215	0.001953
516	-0.612793	-0.041016
517	-0.572754	0.049805
518	-0.573730	0.045410
519	-0.562012	0.013184
520	-0.560547	-0.043945
521	-0.571777	-0.050293
522	-0.568359	-0.062500
523	-0.583984	-0.045410
524	-0.562012	-0.045410
525	-0.608887	-0.075195
526	-0.604980	-0.045898
527	-0.581055	-0.103516
528	-0.576660	-0.122559
529	-0.589355	-0.173828
530	-0.601074	-0.137207
531	-0.613281	-0.166992
532	-0.583496	-0.159668
533	-0.632324	-0.094238
534	-0.604004	-0.024414
535	-0.602539	0.012207
536	-0.627930	0.016602
537	-0.588867	-0.005371
538	-0.596680	0.057129
539	-0.600098	0.074707
540	-0.582520	-0.017578
541	-0.561523	0.056641
542	-0.577637	0.044922
543	-0.586426	0.002930
544	-0.576660	0.020508
545	-0.593750	-0.110352
546	-0.598145	-0.182129
547	-0.609375	-0.130371
548	-0.564453	-0.085449
549	-0.583984	-0.090820
550	-0.574707	-0.119141
551	-0.604004	-0.062988
552	-0.579102	0.030273
553	-0.599609	-0.021484
554	-0.619141	-0.021484
555	-0.604980	0.066895
556	-0.582031	-0.008301
557	-0.595703	0.028809
558	-0.612305	0.067871
559	-0.602051	-0.063477
560	-0.593262	-0.092773
561	-0.556152	-0.004883
562	-0.584473	0.010254
563	-0.589844	0.003418
564	-0.593750	-0.004883
565	-0.633789	0.123535
566	-0.595215	0.249023
567	-0.601074	0.228516
568	-0.609863	0.228027
569	-0.602051	0.164551
570	-0.600098	0.213379
571	-0.578613	0.083984
572	-0.597656	0.007324
573	-0.625977	-0.098633
574	-0.618652	-0.096191
575	-0.586426	-0.145508
576	-0.596191	-0.149414
577	-0.588379	-0.143066
578	-0.569336	-0.144531
579	-0.602539	-0.041504
580	-0.583984	-0.010742
581	-0.595215	-0.039551
582	-0.604492	-0.044922
583	-0.594727	0.116699
584	-0.590332	0.220215
585	-0.591797	0.044922
586	-0.604492	0.054688
587	-0.602051	0.070313
588	-0.559082	0.087402
589	-0.578125	0.097168
590	-0.576660	-0.020508
591	-0.583496	-0.136230
592	-0.562988	0.029297
593	-0.584473	-0.068359
594	-0.594238	-0.247070
595	-0.596680	-0.140625
596	-0.598633	-0.224121
597	-0.606445	-0.277344
598	-0.645508	-0.301270
599	-0.645020	-0.328613
600	-0.588867	-0.261719
601	-0.636719	-0.258301
602	-0.613770	-0.299316
603	-0.640137	-0.423828
604	-0.577637	-0.369141
605	-0.602051	-0.401367
606	-0.614258	-0.434082
607	-0.609863	-0.359863
608	-0.637695	-0.504883
609	-0.602051	-0.487793
610	-0.607910	-0.519043
611	-0.630859	-0.520020
612	-0.616699	-0.426270
613	-0.626953	-0.433105
614	-0.625977	-0.468262
615	-0.589844	-0.368652
616	-0.582520	-0.280273
617	-0.596680	-0.215820
618	-0.592773	-0.160645
619	-0.605469	-0.206055
620	-0.621582	-0.104004
621	-0.616211	-0.122070
622	-0.624512	-0.066406
623	-0.606934	0.040527
624	-0.596191	-0.048828
625	-0.607422	0.038574
626	-0.637207	0.155273
627	-0.610840	0.256348
628	-0.606445	0.245605
629	-0.636230	0.197754
630	-0.578125	0.109863
631	-0.568359	0.143555
632	-0.568848	0.065918
633	-0.590820	0.043457
634	-0.585938	0.139648
635	-0.578613	0.076172
636	-0.556641	-0.048828
637	-0.558105	-0.007813
638	-0.591797	0.011230
639	-0.570313	0.125977
640	-0.591797	0.155762
641	-0.591797	0.232422
642	-0.569336	0.230957
643	-0.615723	0.247070
644	-0.574707	0.196289
645	-0.605469	0.226563
646	-0.605957	0.093262
647	-0.607910	0.158691
648	-0.612305	0.221680
649	-0.584473	0.198730
650	-0.606934	0.126953
651	-0.600098	0.061523
652	-0.598633	0.152832
653	-0.588867	0.130859
654	-0.594238	0.038574
655	-0.633301	0.120605
656	-0.578613	0.254395
657	-0.613770	0.280273
658	-0.569336	0.274902
659	-0.565918	0.204102
660	-0.573730	0.203125
661	-0.607910	0.126953
662	-0.615234	0.077637
663	-0.578125	-0.061035
664	-0.578125	-0.010742
665	-0.575195	-0.009277
666	-0.589844	-0.084473
667	-0.598145	-0.048828
668	-0.606445	-0.117188
669	-0.579102	-0.124512
670	-0.577148	-0.136719
671	-0.590332	-0.185059
672	-0.570801	-0.160156
673	-0.584473	-0.069824
674	-0.588379	-0.061523
675	-0.583496	-0.112305
676	-0.590332	-0.123047
677	-0.604492	-0.157715
678	-0.578125	-0.183594
679	-0.596191	-0.117676
680	-0.587891	-0.082031
681	-0.590820	-0.086426
682	-0.593262	-0.218750
683	-0.586914	-0.200195
684	-0.593750	-0.250977
685	-0.583496	-0.222168
686	-0.587402	-0.160645
687	-0.579102	-0.142578
688	-0.637695	-0.094238
689	-0.598145	-0.070313
690	-0.604004	-0.134766
691	-0.584473	-0.009277
692	-0.580566	0.074707
693	-0.589844	0.095215
694	-0.601563	0.105957
695	-0.617676	0.090820
696	-0.635742	0.164063
697	-0.618164	0.116211
698	-0.604980	-0.033203
699	-0.613281	0.000977
700	-0.609375	0.002930
701	-0.607422	-0.037109
702	-0.614258	-0.060059
703	-0.601563	0.080078
704	-0.599609	0.108398
705	-0.598633	0.160156
706	-0.614746	0.208984
707	-0.596191	0.152344
708	-0.589355	0.246094
709	-0.576660	0.212402
710	-0.616699	0.267090
711	-0.625488	0.155273
712	-0.595703	0.050293
713	-0.612793	-0.008301
714	-0.594238	0.106934
715	-0.587891	0.205566
716	-0.594727	0.318359
717	-0.597168	0.244141
718	-0.610352	0.172363
719	-0.566406	0.192871
720	-0.584961	0.063965
721	-0.575195	0.000977
722	-0.581055	-0.069336
723	-0.599121	-0.012207
724	-0.599121	0.069824
725	-0.558105	-0.002930
726	-0.602539	0.020020
727	-0.570801	0.016602
728	-0.593262	0.155762
729	-0.573730	0.093262
730	-0.587891	-0.022461
731	-0.613281	0.017578
732	-0.589355	-0.016602
733	-0.604980	0.018066
734	-0.597656	-0.127441
735	-0.567383	-0.050781
736	-0.608887	-0.074707
737	-0.598145	-0.064941
738	-0.620117	-0.072266
739	-0.619141	0.020996
740	-0.602051	0.111328
741	-0.572754	0.078125
742	-0.596680	0.105957
743	-0.587891	0.144531
744	-0.592773	0.114258
745	-0.593750	0.083008
746	-0.583984	-0.021973
747	-0.569824	-0.042480
748	-0.571777	-0.104004
749	-0.586914	-0.114746
750	-0.618164	-0.152344
751	-0.590820	-0.064941
752	-0.599609	0.129395
753	-0.549316	0.107422
754	-0.607422	0.256836
755	-0.604980	0.222656
756	-0.604492	0.225586
757	-0.610840	0.152344
758	-0.612305	0.157227
759	-0.613770	0.137695
760	-0.590820	0.114258
761	-0.554688	0.071777
762	-0.603516	0.066406
763	-0.593750	0.178711
764	-0.594727	0.077148
765	-0.592285	0.230957
766	-0.610352	0.246582
767	-0.625488	0.259277
768	-0.628906	0.206055
769	-0.612305	0.166504
770	-0.634766	0.205078
771	-0.629883	0.153809
772	-0.650391	0.186523
773	-0.636230	0.165527
774	-0.604004	0.094727
775	-0.603027	-0.007324
776	-0.576172	0.067871
777	-0.567871	-0.060547
778	-0.596680	-0.031250
779	-0.583008	0.017578
780	-0.587402	-0.077637
781	-0.596680	-0.086914
782	-0.596191	-0.078613
783	-0.572754	-0.131836
784	-0.609863	-0.193359
785	-0.600098	-0.198242
786	-0.596680	-0.228027
787	-0.590820	-0.196777
788	-0.584473	-0.097168
789	-0.543945	-0.008301
790	-0.577148	0.031738
791	-0.556152	0.179199
792	-0.550781	0.144043
793	-0.579590	0.143555
794	-0.561523	0.110840
795	-0.565430	0.111816
796	-0.563477	0.166504
797	-0.546875	0.029785
798	-0.616211	0.047363
799	-0.599609	-0.037598
800	-0.585449	0.144043
801	-0.601074	0.192383
802	-0.603516	0.228516
803	-0.622559	0.315918
804	-0.630371	0.329590
805	-0.617676	0.260742
806	-0.611328	0.325195
807	-0.613281	0.337402
808	-0.621582	0.374023
809	-0.588867	0.256348
810	-0.579590	0.283203
811	-0.595215	0.238770
812	-0.603516	0.217285
813	-0.561523	0.262207
814	-0.598633	0.245117
815	-0.615723	0.333984
816	-0.617676	0.396484
817	-0.583008	0.280273
818	-0.614258	0.046387
819	-0.612305	-0.032227
820	-0.578125	0.006348
821	-0.587891	0.073242
822	-0.582520	0.078125
823	-0.584961	-0.024414
824	-0.585938	0.103027
825	-0.583496	0.055176
826	-0.608887	0.061523
827	-0.601563	0.030273
828	-0.590332	0.039063
829	-0.567383	-0.055176
830	-0.601074	-0.212402
831	-0.604004	-0.184570
832	-0.607422	-0.055176
833	-0.583008	-0.089844
834	-0.579102	-0.002930
835	-0.583496	-0.123535
836	-0.579590	-0.190430
837	-0.577637	-0.265137
838	-0.551270	-0.163574
839	-0.625488	-0.129883
840	-0.582520	-0.102539
841	-0.579590	-0.158691
842	-0.606934	-0.142090
843	-0.589844	-0.109863
844	-0.597656	-0.122559
845	-0.581055	-0.094727
846	-0.581055	-0.051758
847	-0.607422	-0.005859
848	-0.634277	-0.157227
849	-0.582031	-0.184082
850	-0.614258	-0.230957
851	-0.612793	-0.176270
852	-0.616211	-0.053711
853	-0.614746	-0.093262
854	-0.606445	-0.172363
855	-0.583496	-0.031738
856	-0.569336	0.027344
857	-0.596191	-0.011719
858	-0.573242	-0.022949
859	-0.550293	0.038574
860	-0.602539	0.101563
861	-0.597168	0.164063
862	-0.575684	0.135742
863	-0.564453	0.077637
864	-0.585449	0.065430
865	-0.573242	0.001953
866	-0.608887	-0.009766
867	-0.621094	0.003418
868	-0.585938	0.079590
869	-0.577637	0.144531
870	-0.602051	0.091797
871	-0.636719	0.022461
872	-0.624023	-0.041992
873	-0.617676	-0.029785
874	-0.585449	-0.142578
875	-0.603516	0.013672
876	-0.572754	-0.081543
877	-0.600098	-0.021973
878	-0.583496	-0.153320
879	-0.590820	-0.116211
880	-0.546387	-0.161133
881	-0.582031	-0.136230
882	-0.602051	-0.109375
883	-0.612305	-0.249512
884	-0.598633	-0.229004
885	-0.627441	-0.266113
886	-0.589355	-0.237793
887	-0.630859	-0.272461
888	-0.606445	-0.226074
889	-0.612305	-0.171875
890	-0.622070	-0.218262
891	-0.591797	-0.295898
892	-0.591309	-0.073242
893	-0.593750	0.010742
894	-0.592773	0.041504
895	-0.589844	0.144043
896	-0.585449	-0.000977
897	-0.612305	-0.057617
898	-0.605469	0.034180
899	-0.619141	0.041992
900	-0.596680	0.120117
901	-0.637695	0.138672
902	-0.630859	0.094238
903	-0.603516	0.235352
904	-0.609863	0.274414
905	-0.608398	0.316895
906	-0.603516	0.277832
907	-0.644043	0.299316
908	-0.604004	0.268555
909	-0.581055	0.174316
910	-0.580078	0.192871
911	-0.604980	0.216797
912	-0.593750	0.073242
913	-0.573730	0.030273
914	-0.589844	0.030762
915	-0.605957	0.106934
916	-0.604980	-0.000977
917	-0.587402	0.068848
918	-0.612793	-0.033203
919	-0.632324	-0.046387
920	-0.595215	-0.094727
921	-0.622559	-0.144043
922	-0.634277	-0.089844
923	-0.621582	-0.085938
924	-0.595703	-0.059570
925	-0.580566	-0.075195
926	-0.586914	-0.076172
927	-0.591797	0.077637
928	-0.573730	0.046387
929	-0.619141	0.055176
930	-0.598145	-0.022949
931	-0.574219	0.059570
932	-0.568848	-0.000977
933	-0.599609	0.073242
934	-0.569824	0.076660
935	-0.575195	-0.024414
936	-0.593750	0.007813
937	-0.600098	-0.108398
938	-0.579590	-0.060547
939	-0.618164	-0.097168
940	-0.609863	0.025879
941	-0.616699	-0.089844
942	-0.563965	-0.072754
943	-0.587891	-0.075195
944	-0.610840	-0.088867
945	-0.574707	-0.056641
946	-0.568848	-0.135254
947	-0.589355	-0.171387
948	-0.574219	-0.165039
949	-0.613281	-0.190918
950	-0.573730	-0.049316
951	-0.575195	0.031250
952	-0.584473	0.033691
953	-0.590820	0.074219
954	-0.591309	0.048828
955	-0.583008	0.130859
956	-0.596191	0.116699
957	-0.604980	0.115234
958	-0.577637	-0.106445
959	-0.625488	-0.200195
960	-0.594727	-0.171387
961	-0.596680	-0.216309
962	-0.660156	-0.247070
963	-0.634766	-0.285645
964	-0.630371	-0.308105
965	-0.591797	-0.422852
966	-0.605469	-0.365234
967	-0.603516	-0.319824
968	-0.604980	-0.239258
969	-0.617188	-0.149902
970	-0.620605	-0.164551
971	-0.600098	-0.222656
972	-0.602539	-0.150879
973	-0.595703	-0.100098
974	-0.565430	-0.076172
975	-0.594238	0.020508
976	-0.609863	0.166992
977	-0.595215	0.226563
978	-0.588379	0.217773
979	-0.593750	0.253418
980	-0.564453	0.231934
981	-0.579102	0.222168
982	-0.587402	0.308594
983	-0.606934	0.383301
984	-0.634277	0.426758
985	-0.614746	0.401367
986	-0.609863	0.320801
987	-0.581543	0.286133
988	-0.589844	0.251953
989	-0.610840	0.202148
990	-0.608398	0.218750
991	-0.604492	0.064453
992	-0.594238	-0.062988
993	-0.596191	0.038574
994	-0.590820	0.061035
995	-0.554688	0.022461
996	-0.564941	-0.035645
997	-0.564941	-0.013672
998	-0.568848	0.000000
999	-0.575684	0.050293
