0	-0.248047	-0.032715
1	-0.266602	0.029297
2	-0.266602	0.060059
3	-0.288086	-0.038574
4	-0.279785	0.013672
5	-0.248535	-0.008789
6	-0.252930	-0.005859
7	-0.258789	-0.043945
8	-0.269043	0.008789
9	-0.255859	0.005371
10	-0.243652	0.006348
11	-0.256836	-0.029785
12	-0.253418	-0.021484
13	-0.267090	-0.053711
14	-0.248535	-0.003418
15	-0.263184	-0.007813
16	-0.268555	-0.001953
17	-0.289063	0.038574
18	-0.260254	0.020020
19	-0.239746	-0.043457
20	-0.276855	0.014160
21	-0.268066	-0.030273
22	-0.261719	0.024902
23	-0.251465	0.013184
24	-0.272461	0.032227
25	-0.265137	0.028809
26	-0.274902	-0.003418
27	-0.257813	0.033691
28	-0.263672	0.054688
29	-0.250488	-0.020508
30	-0.240234	0.029297
31	-0.291504	-0.002441
32	-0.282227	-0.025391
33	-0.259277	-0.015625
34	-0.260742	0.013672
35	-0.262207	0.000000
36	-0.290039	-0.029297
37	-0.270508	0.001953
38	-0.269043	-0.046875
39	-0.268555	-0.006348
40	-0.275391	0.042969
41	-0.268066	0.026367
42	-0.266602	0.007324
43	-0.255859	-0.027832
44	-0.255371	-0.026855
45	-0.258789	0.033203
46	-0.270020	0.002930
47	-0.265137	0.055664
48	-0.265137	0.028320
49	-0.285156	0.034180
50	-0.271484	-0.021484
51	-0.270508	-0.068848
52	-0.267090	0.001953
53	-0.276367	0.040039
54	-0.289551	0.033203
55	-0.257813	-0.010254
56	-0.279785	0.010742
57	-0.263672	-0.009766
58	-0.268066	0.019043
59	-0.256836	-0.011230
60	-0.284180	-0.014160
61	-0.279785	-0.040039
62	-0.250000	0.000488
63	-0.280762	0.003418
64	-0.240723	-0.050781
65	-0.263184	-0.039551
66	-0.258789	-0.045898
67	-0.257324	-0.000977
68	-0.238281	-0.014160
69	-0.244629	-0.024902
70	-0.276367	-0.050781
71	-0.261719	-0.013184
72	-0.259766	-0.028320
73	-0.250000	0.015625
74	-0.264648	0.049316
75	-0.269043	-0.031250
76	-0.278809	0.037109
77	-0.271484	-0.063477
78	-0.263672	0.034668
79	-0.297852	-0.062500
80	-0.301270	-0.019531
81	-0.278320	-0.066895
82	-0.274414	-0.036621
83	-0.252930	0.029785
84	-0.278320	-0.001953
85	-0.277344	-0.021484
86	-0.270996	0.030762
87	-0.260254	-0.026855
88	-0.250977	0.013672
89	-0.250000	0.003418
90	-0.254883	-0.055176
91	-0.250977	-0.024902
92	-0.261230	-0.000977
93	-0.266602	-0.040039
94	-0.264648	-0.032227
95	-0.256836	0.055664
96	-0.262207	0.017090
97	-0.257324	0.031250
98	-0.247070	-0.067871
99	-0.279785	-0.067871
100	-0.259277	0.005859
101	-0.272461	0.029785
102	-0.272461	0.020508
103	-0.267090	-0.080566
104	-0.274414	0.013672
105	-0.253418	0.023926
106	-0.277832	-0.025879
107	-0.263672	-0.015625
108	-0.273926	0.003418
109	-0.246094	-0.064941
110	-0.255371	0.040039
111	-0.276367	0.011230
112	-0.244141	0.010254
113	-0.259277	0.054688
114	-0.253906	-0.002930
115	-0.267090	-0.003418
116	-0.271484	-0.001953
117	-0.269531	0.004883
118	-0.283691	0.029785
119	-0.278320	0.032715
120	-0.273438	0.017090
121	-0.234863	0.074707
122	-0.293457	-0.005859
123	-0.286133	0.014160
124	-0.260742	-0.003418
125	-0.274414	-0.002441
126	-0.281738	0.031250
127	-0.275391	-0.007324
128	-0.261719	-0.003418
129	-0.272461	0.022461
130	-0.274414	0.054688
131	-0.261719	-0.022949
132	-0.269043	-0.020996
133	-0.267578	-0.000977
134	-0.287598	0.044434
135	-0.276855	-0.001953
136	-0.254883	-0.039063
137	-0.263184	0.023926
138	-0.272461	-0.038086
139	-0.262695	0.017578
140	-0.283203	0.032715
141	-0.262207	-0.011230
142	-0.262695	0.039063
143	-0.283203	0.031250
144	-0.272949	-0.052734
145	-0.246582	0.048828
146	-0.267090	-0.005371
147	-0.269531	-0.020508
148	-0.261719	-0.029297
149	-0.266113	-0.005371
150	-0.269531	0.019531
151	-0.261719	-0.010254
152	-0.277832	-0.048340
153	-0.262695	-0.036621
154	-0.274902	0.023926
155	-0.265137	-0.037598
156	-0.239258	0.008301
157	-0.294922	0.027344
158	-0.269043	-0.027344
159	-0.263184	-0.022461
160	-0.271484	-0.011719
161	-0.257324	-0.030762
162	-0.260742	-0.003906
163	-0.265625	0.015137
164	-0.276367	-0.081543
165	-0.254395	-0.026855
166	-0.259766	0.004883
167	-0.280273	-0.005859
168	-0.259766	-0.015625
169	-0.255859	0.012207
170	-0.251465	-0.005859
171	-0.285645	-0.062500
172	-0.267090	0.013672
173	-0.263672	-0.037598
174	-0.273926	0.012207
175	-0.253906	-0.043457
176	-0.262207	0.014160
177	-0.268555	-0.055176
178	-0.272461	-0.037109
179	-0.262207	-0.041504
180	-0.280762	0.049805
181	-0.260742	-0.030762
182	-0.283691	-0.019531
183	-0.271484	0.010742
184	-0.261719	0.026855
185	-0.257324	-0.031738
186	-0.252441	-0.011230
187	-0.257324	0.027832
188	-0.269043	0.004883
189	-0.250488	0.065918
190	-0.235352	0.002930
191	-0.270996	-0.014648
192	-0.265625	0.020020
193	-0.283691	-0.018066
194	-0.263672	-0.004395
195	-0.283203	-0.058105
196	-0.268066	-0.035645
197	-0.287109	0.002441
198	-0.277344	0.005859
199	-0.269531	0.067871
200	-0.274414	0.024902
201	-0.270020	-0.026855
202	-0.258789	0.002441
203	-0.273926	-0.020996
204	-0.268066	0.040527
205	-0.274902	-0.042480
206	-0.270508	0.007813
207	-0.284180	0.021484
208	-0.270020	-0.058594
209	-0.278320	-0.038086
210	-0.260742	-0.019043
211	-0.277832	0.041992
212	-0.254395	0.078125
213	-0.281738	0.011230
214	-0.267090	-0.037109
215	-0.277344	-0.020996
216	-0.285156	-0.042480
217	-0.274902	-0.030273
218	-0.265625	0.009277
219	-0.271484	0.002441
220	-0.270996	-0.009766
221	-0.277832	-0.006348
222	-0.248047	-0.029785
223	-0.262695	0.002930
224	-0.257813	0.026367
225	-0.276367	-0.021484
226	-0.275391	-0.008301
227	-0.277832	0.022949
228	-0.280273	-0.017090
229	-0.278320	-0.024902
230	-0.269531	0.074219
231	-0.284180	-0.018066
232	-0.270020	0.010742
233	-0.248535	-0.010742
234	-0.274414	-0.007813
235	-0.265137	0.042969
236	-0.246582	-0.008789
237	-0.267090	0.037598
238	-0.261230	-0.020508
239	-0.283203	-0.015625
240	-0.270020	-0.014160
241	-0.286621	-0.000488
242	-0.252441	0.008301
243	-0.264648	-0.046875
244	-0.267090	-0.013672
245	-0.280762	0.083008
246	-0.253906	-0.004883
247	-0.252930	0.018066
248	-0.273926	-0.015137
249	-0.258789	-0.072754
250	-0.255859	0.028320
251	-0.258789	0.026855
252	-0.265625	0.040039
253	-0.265625	-0.019043
254	-0.293945	-0.016113
255	-0.260742	-0.007813
256	-0.250977	-0.034668
257	-0.278320	-0.020996
258	-0.278320	0.041016
259	-0.262695	0.051270
260	-0.246094	-0.000488
261	-0.254883	0.014160
262	-0.292480	-0.026367
263	-0.268555	-0.025391
264	-0.278809	-0.021973
265	-0.271484	0.006836
266	-0.264648	-0.037109
267	-0.274414	-0.022949
268	-0.237305	-0.019043
269	-0.268555	-0.007813
270	-0.274902	-0.015625
271	-0.245117	-0.013672
272	-0.275879	0.025879
273	-0.256836	0.009766
274	-0.248535	0.064453
275	-0.262695	0.019531
276	-0.250488	0.030273
277	-0.262207	-0.007324
278	-0.240234	0.001465
279	-0.255859	-0.043945
280	-0.262207	-0.019531
281	-0.274414	-0.001953
282	-0.276855	-0.017090
283	-0.272461	0.014648
284	-0.259766	-0.027344
285	-0.268555	0.007813
286	-0.257324	0.034668
287	-0.266113	0.017578
288	-0.263672	-0.053711
289	-0.286621	0.002441
290	-0.267090	-0.023926
291	-0.257324	0.018555
292	-0.257324	0.027344
293	-0.275391	-0.001465
294	-0.275391	0.017090
295	-0.256348	0.023926
296	-0.267578	0.062500
297	-0.278809	0.027832
298	-0.267090	0.043945
299	-0.241211	-0.001953
300	-0.288574	-0.067383
301	-0.272949	-0.011230
302	-0.292480	0.038574
303	-0.262207	0.089844
304	-0.271484	-0.023438
305	-0.277832	-0.022461
306	-0.258301	0.018555
307	-0.295898	-0.009277
308	-0.241699	-0.082520
309	-0.269531	0.013184
310	-0.281738	0.078613
311	-0.277832	0.011230
312	-0.284180	-0.023438
313	-0.282227	-0.038086
314	-0.252441	0.005859
315	-0.250488	0.020020
316	-0.281738	-0.010742
317	-0.271973	0.027832
318	-0.259766	-0.029785
319	-0.293945	-0.002441
320	-0.266113	0.006836
321	-0.297363	0.007324
322	-0.250000	0.004395
323	-0.260742	0.005859
324	-0.256836	-0.019043
325	-0.271973	-0.000977
326	-0.278809	-0.027832
327	-0.271973	-0.017090
328	-0.279785	0.025879
329	-0.269531	-0.051270
330	-0.268555	0.033691
331	-0.249023	0.109375
332	-0.247559	-0.034668
333	-0.274414	-0.004395
334	-0.264648	0.025879
335	-0.259766	-0.037109
336	-0.276855	-0.053223
337	-0.273438	-0.010254
338	-0.232422	0.018066
339	-0.253906	-0.046875
340	-0.233398	0.016113
341	-0.268555	-0.028320
342	-0.266113	0.043945
343	-0.275391	0.010254
344	-0.262207	-0.037109
345	-0.255371	0.016113
346	-0.267578	0.008789
347	-0.235352	-0.016113
348	-0.251953	-0.016113
349	-0.261719	-0.033691
350	-0.267578	0.017090
351	-0.258789	0.047852
352	-0.244629	-0.002441
353	-0.264648	0.054199
354	-0.277832	-0.079590
355	-0.277832	-0.041016
356	-0.274414	0.002930
357	-0.262695	-0.019531
358	-0.276855	0.033203
359	-0.266602	0.011719
360	-0.272461	-0.023438
361	-0.250977	0.020996
362	-0.257324	-0.015625
363	-0.255859	-0.020996
364	-0.262207	0.005859
365	-0.251953	-0.077637
366	-0.264648	-0.028809
367	-0.270508	-0.026855
368	-0.264648	-0.018555
369	-0.284180	0.006348
370	-0.278320	-0.018066
371	-0.264648	-0.072754
372	-0.269531	0.012695
373	-0.233398	-0.021973
374	-0.274902	0.009277
375	-0.291504	0.055664
376	-0.270996	0.037598
377	-0.272461	-0.005859
378	-0.281250	-0.010254
379	-0.267090	0.000977
380	-0.260254	-0.023438
381	-0.263184	0.045410
382	-0.251953	0.031250
383	-0.279297	0.018066
384	-0.233887	-0.006836
385	-0.287598	-0.020508
386	-0.256836	-0.001465
387	-0.284180	0.004883
388	-0.266602	-0.031738
389	-0.264648	0.046387
390	-0.250977	-0.043457
391	-0.255859	0.028320
392	-0.292969	0.010742
393	-0.267578	0.000000
394	-0.269043	-0.001465
395	-0.252930	-0.027832
396	-0.281250	0.036133
397	-0.282715	0.003418
398	-0.290527	-0.034180
399	-0.260254	0.017578
400	-0.252441	0.066406
401	-0.250977	0.022949
402	-0.260254	0.057129
403	-0.270508	-0.007324
404	-0.257324	-0.011719
405	-0.266602	0.041016
406	-0.272461	0.022461
407	-0.270996	-0.007813
408	-0.280273	-0.001465
409	-0.265625	-0.012695
410	-0.263184	-0.020020
411	-0.267090	0.011230
412	-0.282227	-0.030762
413	-0.250977	-0.012695
414	-0.258789	-0.066406
415	-0.235352	0.007324
416	-0.265625	-0.012207
417	-0.256836	-0.009766
418	-0.274902	0.015625
419	-0.263672	0.036621
420	-0.256836	0.020508
421	-0.250000	-0.027832
422	-0.268555	0.003906
423	-0.262207	0.020508
424	-0.281738	-0.017090
425	-0.279297	0.022949
426	-0.263672	0.005859
427	-0.261230	0.007324
428	-0.250488	0.003906
429	-0.255859	0.022461
430	-0.254883	0.036133
431	-0.279785	0.055176
432	-0.274902	-0.025391
433	-0.273926	-0.064453
434	-0.271484	0.008301
435	-0.270508	0.000977
436	-0.251953	-0.046387
437	-0.290039	-0.024414
438	-0.252930	0.040039
439	-0.258789	0.017090
440	-0.262207	-0.036621
441	-0.284668	0.003418
442	-0.268555	0.045410
443	-0.264648	-0.039063
444	-0.264160	-0.001953
445	-0.252441	0.010742
446	-0.267090	-0.037598
447	-0.258301	-0.005859
448	-0.249512	0.024414
449	-0.261230	0.034180
450	-0.267090	-0.032715
451	-0.284180	-0.043457
452	-0.252441	0.067383
453	-0.272461	-0.026367
454	-0.264648	-0.000977
455	-0.261230	-0.020508
456	-0.291504	0.079590
457	-0.264160	-0.023438
458	-0.237305	-0.027344
459	-0.268066	0.003418
460	-0.278809	0.000977
461	-0.261719	0.011230
462	-0.246094	-0.003906
463	-0.252930	-0.036133
464	-0.275879	-0.001953
465	-0.249023	-0.041504
466	-0.273926	-0.033691
467	-0.284180	0.008301
468	-0.255859	0.017578
469	-0.275879	0.022949
470	-0.254395	0.052734
471	-0.266113	-0.012695
472	-0.237305	-0.035156
473	-0.261719	0.052734
474	-0.245605	0.042480
475	-0.248047	0.050781
476	-0.275879	0.019043
477	-0.266602	-0.020020
478	-0.274414	-0.036133
479	-0.264160	0.018066
480	-0.257813	0.037598
481	-0.271973	-0.001953
482	-0.237305	-0.023438
483	-0.252930	0.019531
484	-0.258301	0.045410
485	-0.244629	-0.005859
486	-0.251953	-0.000977
487	-0.290527	-0.073242
488	-0.262695	0.002930
489	-0.260254	0.005859
490	-0.270020	-0.010742
491	-0.260742	0.038574
492	-0.281250	0.003418
493	-0.273438	-0.017578
494	-0.262207	-0.016113
495	-0.270020	0.010254
496	-0.261719	-0.040039
497	-0.249023	0.051270
498	-0.247070	-0.059570
499	-0.264648	0.020020
500	-0.252930	0.005859
501	-0.263672	0.000977
502	-0.271973	-0.014160
503	-0.252930	-0.020020
504	-0.253906	-0.065430
505	-0.265137	-0.045898
506	-0.245605	-0.032715
507	-0.259766	0.033691
508	-0.281738	-0.051270
509	-0.251953	0.028809
510	-0.254395	-0.027832
511	-0.269531	0.000977
512	-0.279785	-0.012207
513	-0.259277	-0.018555
514	-0.270020	0.086914
515	-0.300781	0.009766
516	-0.259277	0.046875
517	-0.238770	0.006836
518	-0.272949	0.035156
519	-0.259277	0.050293
520	-0.270996	0.058105
521	-0.251465	-0.029297
522	-0.260742	-0.017578
523	-0.259277	0.009277
524	-0.254395	0.024414
525	-0.250000	-0.026367
526	-0.257324	-0.014648
527	-0.247070	-0.017578
528	-0.254395	-0.003906
529	-0.289063	-0.015625
530	-0.261719	0.050781
531	-0.291504	-0.017578
532	-0.240723	-0.000977
533	-0.285156	-0.026367
534	-0.261230	0.024414
535	-0.237793	-0.022949
536	-0.243164	0.028320
537	-0.284668	0.021484
538	-0.283691	-0.030762
539	-0.253906	0.022461
540	-0.276367	0.013184
541	-0.278809	-0.042480
542	-0.267578	0.001953
543	-0.289063	0.032715
544	-0.261719	0.029785
545	-0.275879	0.043945
546	-0.275879	0.004883
547	-0.275879	-0.030762
548	-0.268066	0.044922
549	-0.289063	0.059082
550	-0.275879	0.040527
551	-0.279297	-0.009277
552	-0.238281	0.000000
553	-0.279297	0.038574
554	-0.281738	0.040039
555	-0.262695	-0.008789
556	-0.262207	-0.004395
557	-0.249512	0.030762
558	-0.267090	0.026855
559	-0.251953	-0.028809
560	-0.250488	-0.044434
561	-0.277344	-0.035645
562	-0.278320	-0.043945
563	-0.257324	-0.025391
564	-0.257813	0.002930
565	-0.272949	-0.008301
566	-0.241699	-0.011719
567	-0.268555	-0.032715
568	-0.268066	-0.008301
569	-0.254883	0.004883
570	-0.262207	-0.005859
571	-0.250000	-0.028809
572	-0.285156	-0.053711
573	-0.251465	0.060059
574	-0.265137	0.016602
575	-0.247559	0.029785
576	-0.274414	0.026855
577	-0.272949	0.039551
578	-0.268555	0.066895
579	-0.280273	-0.031250
580	-0.248535	0.033203
581	-0.256836	0.006836
582	-0.254883	-0.029785
583	-0.256348	0.045898
584	-0.274902	-0.018555
585	-0.299805	0.000488
586	-0.257813	-0.022949
587	-0.270020	-0.041992
588	-0.270508	-0.027832
589	-0.269531	-0.027832
590	-0.256348	0.032227
591	-0.248047	-0.039551
592	-0.254883	0.032715
593	-0.267578	-0.005371
594	-0.271973	-0.024902
595	-0.254395	0.020020
596	-0.253906	-0.009766
597	-0.257324	0.018066
598	-0.242676	0.025391
599	-0.281250	-0.081055
600	-0.288086	0.012207
601	-0.270508	0.007324
602	-0.270020	0.016602
603	-0.286133	-0.019531
604	-0.279297	0.032715
605	-0.274414	-0.054688
606	-0.269043	0.000000
607	-0.260742	0.028809
608	-0.259277	-0.038086
609	-0.277344	-0.005371
610	-0.257324	-0.021484
611	-0.272461	-0.001953
612	-0.261719	-0.015625
613	-0.287598	-0.030762
614	-0.261230	0.008301
615	-0.289551	-0.052734
616	-0.261719	-0.008789
617	-0.269531	-0.012207
618	-0.272949	-0.018066
619	-0.264648	0.016113
620	-0.253418	0.016113
621	-0.255859	0.020508
622	-0.276855	0.007813
623	-0.265625	-0.029297
624	-0.253418	-0.008789
625	-0.271484	-0.032227
626	-0.257813	0.025391
627	-0.274414	-0.006348
628	-0.259766	0.037109
629	-0.274902	0.029785
630	-0.249023	0.015137
631	-0.259766	0.010254
632	-0.235352	0.027832
633	-0.261230	0.040039
634	-0.261230	-0.019531
635	-0.280273	-0.009277
636	-0.272949	0.003906
637	-0.266113	-0.009766
638	-0.290039	0.046875
639	-0.255371	0.033203
640	-0.288086	0.036133
641	-0.270020	0.048340
642	-0.266113	0.027344
643	-0.271484	0.017578
644	-0.275879	0.019043
645	-0.273438	-0.076660
646	-0.269043	0.018066
647	-0.295898	-0.002441
648	-0.261719	0.021973
649	-0.285645	0.007813
650	-0.279297	-0.013184
651	-0.258301	-0.006836
652	-0.251465	-0.037598
653	-0.259277	-0.001465
654	-0.266113	0.013672
655	-0.292480	0.006836
656	-0.292969	0.011719
657	-0.268555	0.011719
658	-0.266113	0.010742
659	-0.270996	0.004883
660	-0.274414	-0.041504
661	-0.265137	0.028320
662	-0.274902	0.028320
663	-0.268066	-0.021973
664	-0.276855	0.022949
665	-0.270020	-0.006348
666	-0.254395	0.010254
667	-0.276855	-0.065918
668	-0.266113	-0.006836
669	-0.260254	-0.050781
670	-0.229004	-0.011719
671	-0.275391	-0.035645
672	-0.275391	0.022949
673	-0.273926	-0.018555
674	-0.224609	0.020020
675	-0.271973	-0.044434
676	-0.285645	0.052246
677	-0.277832	0.000977
678	-0.259277	0.048340
679	-0.256348	0.036133
680	-0.267578	0.025879
681	-0.257324	0.023438
682	-0.238770	0.033203
683	-0.270020	-0.000977
684	-0.278320	0.035645
685	-0.284180	-0.010742
686	-0.277832	-0.023438
687	-0.261719	0.019043
688	-0.278809	0.017578
689	-0.271484	0.014648
690	-0.276367	-0.029297
691	-0.267578	-0.018066
692	-0.270020	0.018555
693	-0.271973	-0.006348
694	-0.286621	0.005859
695	-0.271973	0.040527
696	-0.273438	0.008789
697	-0.285156	-0.022461
698	-0.273926	0.006348
699	-0.272461	-0.005371
700	-0.268555	0.007324
701	-0.259277	-0.019531
702	-0.262207	0.042969
703	-0.272949	-0.000977
704	-0.270996	-0.045410
705	-0.266602	-0.048340
706	-0.265625	0.015137
707	-0.271484	-0.021484
708	-0.266113	0.053223
709	-0.267578	-0.000488
710	-0.259766	0.028809
711	-0.270508	0.014160
712	-0.271973	-0.019043
713	-0.272461	0.031250
714	-0.249023	-0.020020
715	-0.267578	0.008789
716	-0.280762	-0.031250
717	-0.283203	0.002930
718	-0.269531	-0.014160
719	-0.268555	-0.031738
720	-0.273438	-0.074707
721	-0.252441	0.021973
722	-0.258789	-0.042480
723	-0.291992	-0.026367
724	-0.277344	-0.031738
725	-0.265625	-0.041504
726	-0.262207	-0.018555
727	-0.257813	0.015625
728	-0.260742	0.029297
729	-0.276367	-0.008301
730	-0.278320	-0.009766
731	-0.262695	0.034668
732	-0.280762	-0.034180
733	-0.291992	0.007813
734	-0.281250	0.026855
735	-0.276855	-0.037598
736	-0.269043	0.029297
737	-0.253418	-0.003418
738	-0.272461	0.041992
739	-0.248047	0.039551
740	-0.279297	-0.014648
741	-0.270508	-0.038086
742	-0.244141	0.008789
743	-0.260254	-0.001953
744	-0.270020	0.023926
745	-0.272461	0.038574
746	-0.249512	0.055176
747	-0.265625	0.040039
748	-0.268555	-0.062012
749	-0.269043	-0.015137
750	-0.283203	0.005371
751	-0.277344	0.026367
752	-0.288086	0.045410
753	-0.241211	0.016113
754	-0.267090	0.049805
755	-0.255859	0.003906
756	-0.240234	-0.018066
757	-0.255859	-0.020996
758	-0.278320	-0.036621
759	-0.293457	-0.025391
760	-0.274902	0.010742
761	-0.263184	-0.010742
762	-0.267578	-0.002930
763	-0.258301	0.017578
764	-0.273926	-0.018066
765	-0.268066	-0.032715
766	-0.270508	0.029785
767	-0.277832	-0.009766
768	-0.267090	0.017578
769	-0.238281	-0.007813
770	-0.262207	-0.009766
771	-0.253906	-0.056152
772	-0.261719	-0.015625
773	-0.293457	-0.034668
774	-0.259766	0.007324
775	-0.273926	-0.075684
776	-0.266113	-0.020996
777	-0.244141	-0.005371
778	-0.265137	0.068848
779	-0.250488	-0.022461
780	-0.279785	0.027832
781	-0.283691	-0.026855
782	-0.235352	-0.003418
783	-0.264648	0.027344
784	-0.272461	0.013184
785	-0.268066	0.057129
786	-0.258301	-0.013672
787	-0.284668	-0.034668
788	-0.259277	-0.033203
789	-0.255859	-0.009277
790	-0.267578	-0.072754
791	-0.269043	0.033691
792	-0.255371	0.000977
793	-0.280762	-0.050781
794	-0.269531	0.027832
795	-0.276855	0.000488
796	-0.251953	0.015137
797	-0.251953	0.006348
798	-0.276367	-0.047363
799	-0.269043	0.000000
800	-0.264648	-0.008789
801	-0.244629	-0.004395
802	-0.269043	-0.023438
803	-0.280273	0.005371
804	-0.270020	-0.013184
805	-0.254883	-0.030762
806	-0.255371	0.038086
807	-0.269531	-0.036133
808	-0.264648	-0.005859
809	-0.265137	0.038574
810	-0.258789	0.032227
811	-0.266113	-0.021973
812	-0.256836	-0.010742
813	-0.266602	-0.050293
814	-0.259277	-0.034180
815	-0.280762	0.012207
816	-0.269531	-0.040527
817	-0.250977	-0.030273
818	-0.275391	-0.030762
819	-0.239258	0.014160
820	-0.270508	-0.001953
821	-0.246094	0.013184
822	-0.265625	0.050781
823	-0.279297	-0.038574
824	-0.283691	-0.043457
825	-0.303223	-0.020996
826	-0.274414	0.027832
827	-0.283203	-0.024414
828	-0.260254	-0.011230
829	-0.258301	-0.026367
830	-0.247070	-0.011230
831	-0.274902	-0.030273
832	-0.267090	-0.023438
833	-0.262207	-0.013672
834	-0.288086	-0.020996
835	-0.272461	0.029785
836	-0.251953	-0.029785
837	-0.266602	-0.013184
838	-0.256836	-0.062988
839	-0.255859	0.001465
840	-0.256836	0.009277
841	-0.271484	-0.018066
842	-0.264648	-0.027832
843	-0.312988	0.029785
844	-0.240234	-0.003906
845	-0.253418	0.041992
846	-0.268066	-0.018555
847	-0.259766	-0.030762
848	-0.276855	0.015137
849	-0.251953	-0.024414
850	-0.270020	0.036621
851	-0.259766	0.025391
852	-0.268555	-0.049805
853	-0.273926	0.040527
854	-0.282227	0.018066
855	-0.264648	0.017090
856	-0.249512	0.078125
857	-0.281738	-0.038086
858	-0.259277	-0.029785
859	-0.270020	0.042480
860	-0.229492	-0.018066
861	-0.262207	-0.019043
862	-0.257813	-0.035156
863	-0.274902	0.029297
864	-0.265625	-0.036133
865	-0.270996	-0.085938
866	-0.275879	-0.030762
867	-0.278320	0.028320
868	-0.262695	0.010742
869	-0.261230	-0.028809
870	-0.290039	-0.028320
871	-0.295898	-0.040039
872	-0.287109	0.010254
873	-0.269043	-0.030273
874	-0.271484	-0.066895
875	-0.270996	0.000000
876	-0.250977	0.029785
877	-0.282227	0.028320
878	-0.280762	-0.045898
879	-0.252441	0.000488
880	-0.259277	-0.024414
881	-0.255859	-0.013672
882	-0.284180	-0.001953
883	-0.254395	0.011719
884	-0.268555	0.001465
885	-0.247070	-0.010254
886	-0.261230	-0.030762
887	-0.252930	-0.006836
888	-0.278809	0.009277
889	-0.273926	0.043457
890	-0.258789	0.017578
891	-0.248535	-0.009766
892	-0.239258	0.002441
893	-0.260742	-0.013184
894	-0.270020	0.002930
895	-0.255859	-0.028809
896	-0.276367	0.008301
897	-0.244629	-0.018555
898	-0.277344	0.000977
899	-0.289063	0.011230
900	-0.279297	0.003418
901	-0.263184	-0.014160
902	-0.275391	0.055664
903	-0.255859	-0.015625
904	-0.246582	0.000488
905	-0.290039	0.047852
906	-0.261230	0.006348
907	-0.265137	-0.013184
908	-0.265625	0.073242
909	-0.271484	-0.040527
910	-0.246582	0.047852
911	-0.274414	-0.060547
912	-0.268066	0.000977
913	-0.261230	-0.049805
914	-0.296875	0.020020
915	-0.274902	-0.013672
916	-0.258789	-0.025391
917	-0.269043	-0.040039
918	-0.273926	-0.056641
919	-0.269531	0.041016
920	-0.261230	0.068848
921	-0.285645	0.036133
922	-0.250977	-0.028320
923	-0.261230	-0.099121
924	-0.258789	0.037109
925	-0.262695	-0.040039
926	-0.253418	-0.023438
927	-0.254883	-0.017090
928	-0.268555	0.003906
929	-0.260742	0.023438
930	-0.285645	0.028320
931	-0.250488	-0.001953
932	-0.276367	-0.002930
933	-0.274902	-0.022461
934	-0.257813	0.020996
935	-0.270996	0.011230
936	-0.273926	0.015137
937	-0.266602	-0.017090
938	-0.256836	-0.020020
939	-0.256348	0.012207
940	-0.260254	-0.001465
941	-0.258301	0.031738
942	-0.252930	0.013184
943	-0.236328	0.030762
944	-0.250977	-0.010742
945	-0.283203	-0.019531
946	-0.286133	0.009277
947	-0.256348	-0.048340
948	-0.283691	-0.001465
949	-0.266602	-0.007813
950	-0.269043	-0.017090
951	-0.272949	0.007813
952	-0.286133	-0.013672
953	-0.274414	0.009766
954	-0.274414	-0.022949
955	-0.269043	-0.026367
956	-0.264648	0.012695
957	-0.245117	0.016113
958	-0.259766	0.051270
959	-0.254395	-0.016113
960	-0.267578	-0.021484
961	-0.268066	0.004395
962	-0.277832	0.062988
963	-0.256836	-0.036621
964	-0.269043	-0.025391
965	-0.277344	-0.065918
966	-0.271973	0.000488
967	-0.281250	-0.051270
968	-0.262207	0.049316
969	-0.260742	0.007813
970	-0.258789	0.053711
971	-0.258789	-0.025391
972	-0.246582	-0.004395
973	-0.272461	-0.007813
974	-0.256836	0.001953
975	-0.250977	0.061523
976	-0.255371	-0.044434
977	-0.262695	0.000977
978	-0.282227	-0.022461
979	-0.270508	0.012207
980	-0.273926	-0.043945
981	-0.264160	-0.035156
982	-0.295898	0.064941
983	-0.270020	0.008301
984	-0.256836	-0.000488
985	-0.297363	-0.057617
986	-0.279785	-0.012695
987	-0.268066	-0.002930
988	-0.264160	-0.020508
989	-0.250488	-0.000488
990	-0.249512	-0.001465
991	-0.277344	-0.028809
992	-0.284180	-0.064453
993	-0.277832	-0.006348
994	-0.272461	-0.012695
995	-0.267578	-0.006836
996	-0.265625	0.042969
997	-0.260742	-0.036621
998	-0.261230	-0.005371
999	-0.256836	0.039063
