0	-0.448730	0.135742
1	-0.478027	0.065918
2	-0.515625	0.028809
3	-0.497070	0.068359
4	-0.514648	0.045898
5	-0.502441	0.052246
6	-0.459961	0.026855
7	-0.474121	0.033203
8	-0.463867	0.092285
9	-0.471191	-0.031738
10	-0.486816	-0.015137
11	-0.500488	0.058105
12	-0.469238	0.025879
13	-0.495605	0.093262
14	-0.503418	0.015625
15	-0.507324	-0.047363
16	-0.495117	0.020020
17	-0.498535	-0.021484
18	-0.494629	-0.016602
19	-0.458984	-0.047852
20	-0.509277	-0.037109
21	-0.503418	0.080566
22	-0.481445	0.073242
23	-0.495605	0.085449
24	-0.477051	0.038086
25	-0.494629	0.108398
26	-0.464844	-0.053223
27	-0.470215	0.006348
28	-0.485840	-0.038086
29	-0.490723	0.070313
30	-0.529297	0.025391
31	-0.496094	0.096191
32	-0.511230	0.120605
33	-0.449707	-0.020996
34	-0.483887	0.063477
35	-0.482910	-0.057129
36	-0.482422	0.029785
37	-0.494629	0.003906
38	-0.487793	-0.055176
39	-0.503906	-0.056152
40	-0.494141	-0.031250
41	-0.475098	-0.115723
42	-0.507813	-0.008301
43	-0.501465	0.020996
44	-0.491211	0.034668
45	-0.516602	0.075684
46	-0.473633	0.034668
47	-0.506348	0.162598
48	-0.486816	0.157227
49	-0.484863	0.079102
50	-0.506836	-0.013672
51	-0.510254	-0.140137
52	-0.471191	-0.005859
53	-0.497070	-0.060059
54	-0.489258	0.009766
55	-0.482422	0.107422
56	-0.495605	0.074219
57	-0.500488	-0.041016
58	-0.475586	-0.016602
59	-0.505371	0.062988
60	-0.491211	-0.095703
61	-0.497070	-0.008789
62	-0.485840	-0.062012
63	-0.475586	-0.009766
64	-0.476074	-0.019531
65	-0.487793	0.011719
66	-0.497559	-0.030762
67	-0.506836	0.062500
68	-0.466797	0.000977
69	-0.460938	0.008789
70	-0.463867	-0.047852
71	-0.465332	0.059082
72	-0.484375	0.028320
73	-0.488770	-0.085449
74	-0.489258	-0.006836
75	-0.496582	-0.023438
76	-0.494141	-0.059082
77	-0.456055	0.033691
78	-0.500000	0.113281
79	-0.481934	-0.002930
80	-0.491211	0.068359
81	-0.491211	0.115723
82	-0.495605	0.094727
83	-0.520020	0.156738
84	-0.477539	0.155762
85	-0.489746	0.089355
86	-0.482910	0.067871
87	-0.523438	0.092773
88	-0.523438	-0.089844
89	-0.470215	-0.059082
90	-0.451172	0.030762
91	-0.486328	0.046875
92	-0.498535	-0.008301
93	-0.506836	0.008301
94	-0.476074	0.025391
95	-0.488770	0.000000
96	-0.481934	0.036133
97	-0.508301	0.109863
98	-0.500977	0.095703
99	-0.506836	0.022461
100	-0.453613	-0.051758
101	-0.488770	0.015625
102	-0.464355	0.027344
103	-0.508301	-0.035156
104	-0.486816	-0.048340
105	-0.479004	-0.062988
106	-0.506348	-0.037598
107	-0.461914	-0.026367
108	-0.495605	-0.009766
109	-0.476563	0.057617
110	-0.500000	-0.033691
111	-0.491211	0.099609
112	-0.509277	0.099609
113	-0.483398	0.033203
114	-0.476563	0.051758
115	-0.495605	0.042480
116	-0.490723	-0.009277
117	-0.446777	0.035156
118	-0.486328	0.004395
119	-0.477051	0.093750
120	-0.483398	-0.039063
121	-0.469727	0.027344
122	-0.498535	-0.075684
123	-0.479980	-0.068359
124	-0.494629	0.046875
125	-0.486328	-0.031738
126	-0.492188	-0.021973
127	-0.487305	0.046387
128	-0.500000	-0.000488
129	-0.469238	0.015137
130	-0.491699	0.153809
131	-0.511230	-0.033691
132	-0.489258	-0.065918
133	-0.493652	0.098145
134	-0.464355	0.058105
135	-0.479004	0.020020
136	-0.477051	0.040039
137	-0.481445	0.159180
138	-0.481445	-0.073730
139	-0.466309	-0.062500
140	-0.478516	-0.077637
141	-0.478516	-0.001465
142	-0.496094	0.020996
143	-0.449707	-0.050293
144	-0.483887	-0.038086
145	-0.492188	-0.052734
146	-0.504883	0.104004
147	-0.497559	0.058594
148	-0.478027	0.028809
149	-0.463379	0.079102
150	-0.484863	0.091797
151	-0.514648	0.066406
152	-0.513184	0.000000
153	-0.508301	-0.083496
154	-0.493164	0.092773
155	-0.485840	0.021484
156	-0.470215	0.022949
157	-0.487793	0.023438
158	-0.487305	0.060059
159	-0.472656	-0.035645
160	-0.499023	-0.126953
161	-0.461426	-0.015625
162	-0.506836	0.101074
163	-0.496094	0.101563
164	-0.475098	-0.015625
165	-0.507813	-0.040527
166	-0.484375	-0.151367
167	-0.493652	0.046387
168	-0.484375	-0.190430
169	-0.504883	-0.021973
170	-0.498535	0.041504
171	-0.492676	-0.011230
172	-0.498047	0.041504
173	-0.499512	0.131348
174	-0.480469	0.036621
175	-0.480957	0.029297
176	-0.517090	-0.130859
177	-0.509277	0.008789
178	-0.482910	0.034180
179	-0.508789	0.077148
180	-0.517090	0.007324
181	-0.492188	-0.111328
182	-0.500977	-0.181152
183	-0.490234	0.091309
184	-0.507813	0.091797
185	-0.498047	0.019531
186	-0.494141	-0.044434
187	-0.474121	0.096191
188	-0.492188	0.059570
189	-0.503418	-0.016113
190	-0.492676	0.007813
191	-0.504883	-0.021484
192	-0.477051	-0.005371
193	-0.474121	0.060059
194	-0.486816	-0.071777
195	-0.488770	0.041504
196	-0.517578	-0.008301
197	-0.488281	0.064941
198	-0.488281	0.057617
199	-0.479980	-0.032715
200	-0.488281	0.128418
201	-0.530762	0.100586
202	-0.480957	0.182617
203	-0.487305	0.141113
204	-0.487305	-0.000977
205	-0.482422	0.011230
206	-0.483398	0.004395
207	-0.479004	0.117188
208	-0.477539	0.017090
209	-0.505371	-0.040527
210	-0.495605	-0.106934
211	-0.482422	0.034668
212	-0.479004	-0.035645
213	-0.489258	0.100586
214	-0.453125	-0.011230
215	-0.488281	0.154297
216	-0.471680	0.080566
217	-0.485352	0.104980
218	-0.511230	0.026855
219	-0.504395	0.039551
220	-0.500977	0.076660
221	-0.493164	-0.054688
222	-0.486816	-0.006836
223	-0.480469	0.023438
224	-0.493652	-0.098145
225	-0.463867	0.038086
226	-0.488770	0.045410
227	-0.463867	0.108887
228	-0.484863	0.035156
229	-0.473633	-0.007813
230	-0.474121	-0.013184
231	-0.474121	0.029785
232	-0.489258	0.072266
233	-0.480957	0.029785
234	-0.485840	-0.076172
235	-0.480957	-0.068359
236	-0.497070	-0.109375
237	-0.482422	-0.113281
238	-0.499023	0.117188
239	-0.510254	0.067383
240	-0.529297	-0.010742
241	-0.485840	0.001953
242	-0.515137	-0.006348
243	-0.504395	0.081543
244	-0.487305	0.033203
245	-0.492188	-0.060059
246	-0.495605	-0.058105
247	-0.501953	-0.110840
248	-0.488770	0.043945
249	-0.491699	0.071777
250	-0.474121	0.085449
251	-0.465332	-0.086914
252	-0.473145	0.000977
253	-0.489258	0.011230
254	-0.480469	-0.113770
255	-0.478027	-0.077148
256	-0.481445	-0.130859
257	-0.492188	-0.046875
258	-0.499512	0.030273
259	-0.496094	-0.013184
260	-0.500000	0.006348
261	-0.505859	-0.095703
262	-0.507813	-0.097656
263	-0.525879	-0.084961
264	-0.524414	0.039551
265	-0.509766	0.012695
266	-0.480469	-0.051270
267	-0.484375	0.041992
268	-0.450684	0.038574
269	-0.490723	-0.035645
270	-0.498535	-0.092773
271	-0.513184	-0.085938
272	-0.497070	-0.015137
273	-0.484863	-0.013184
274	-0.473633	0.005859
275	-0.482422	-0.022949
276	-0.477539	0.079102
277	-0.476074	-0.011230
278	-0.501465	0.029297
279	-0.501465	0.066895
280	-0.509277	-0.036133
281	-0.494629	-0.034668
282	-0.485352	-0.071289
283	-0.501953	-0.139648
284	-0.497070	0.029785
285	-0.482910	0.033691
286	-0.470703	0.061035
287	-0.512207	-0.008301
288	-0.515137	-0.056152
289	-0.495605	0.041016
290	-0.525391	0.159668
291	-0.499023	0.039063
292	-0.506836	0.107910
293	-0.515137	0.015137
294	-0.485352	0.070801
295	-0.507324	0.050293
296	-0.509766	-0.048828
297	-0.479980	0.088867
298	-0.474121	0.069336
299	-0.485352	0.150879
300	-0.509277	0.137207
301	-0.481934	0.119629
302	-0.465820	0.046387
303	-0.463379	0.021484
304	-0.478027	0.060547
305	-0.485840	0.058105
306	-0.489258	-0.009277
307	-0.470215	0.152344
308	-0.497559	0.113281
309	-0.475586	-0.050293
310	-0.497559	0.028809
311	-0.500000	0.000977
312	-0.460449	-0.021973
313	-0.478516	-0.091309
314	-0.513184	-0.085449
315	-0.486328	0.000488
316	-0.478027	0.010254
317	-0.500488	0.069336
318	-0.491699	-0.140625
319	-0.506348	-0.075684
320	-0.476563	0.023926
321	-0.517090	0.033691
322	-0.491211	-0.047852
323	-0.480957	-0.058594
324	-0.514160	-0.016602
325	-0.473145	0.063965
326	-0.481445	-0.100098
327	-0.495605	-0.043457
328	-0.490723	-0.016602
329	-0.490234	0.036133
330	-0.500488	-0.115234
331	-0.496582	-0.204590
332	-0.518555	-0.063477
333	-0.487793	-0.094238
334	-0.505859	-0.010742
335	-0.495117	0.037598
336	-0.459961	-0.020996
337	-0.476074	-0.012695
338	-0.500977	0.064453
339	-0.457520	0.040527
340	-0.486328	-0.026855
341	-0.481934	0.000977
342	-0.482422	0.076172
343	-0.484375	-0.002441
344	-0.496094	-0.074219
345	-0.511719	-0.052246
346	-0.506348	0.050781
347	-0.488281	-0.038086
348	-0.455566	-0.038086
349	-0.499023	0.018555
350	-0.483398	0.022949
351	-0.483398	-0.048340
352	-0.505859	-0.027832
353	-0.463867	0.022949
354	-0.503906	0.018555
355	-0.519531	-0.015625
356	-0.497559	-0.073730
357	-0.471191	-0.097168
358	-0.517090	0.135742
359	-0.484375	0.029785
360	-0.500488	0.137207
361	-0.465820	0.011719
362	-0.472168	-0.057129
363	-0.474121	-0.081055
364	-0.488770	0.041016
365	-0.479492	-0.049805
366	-0.491211	0.050293
367	-0.477539	0.112305
368	-0.462891	-0.022461
369	-0.471191	-0.019531
370	-0.507813	-0.033691
371	-0.524414	-0.050781
372	-0.490723	-0.077148
373	-0.474121	-0.041992
374	-0.498047	-0.041504
375	-0.470215	0.038574
376	-0.512207	0.053711
377	-0.467285	-0.018555
378	-0.484375	-0.064453
379	-0.492188	0.027344
380	-0.509766	0.019531
381	-0.495117	-0.046875
382	-0.481934	-0.052734
383	-0.463867	-0.042969
384	-0.528320	0.029785
385	-0.499512	0.014648
386	-0.510254	0.060059
387	-0.535156	-0.001465
388	-0.504395	0.066895
389	-0.502930	0.192383
390	-0.479004	0.004395
391	-0.492188	0.091309
392	-0.477051	-0.028809
393	-0.465332	-0.019043
394	-0.518555	0.056641
395	-0.500488	0.087891
396	-0.509766	0.143555
397	-0.476074	-0.051758
398	-0.481934	0.082031
399	-0.493164	0.055664
400	-0.488281	0.029297
401	-0.484375	0.047852
402	-0.511230	-0.021484
403	-0.472168	-0.098145
404	-0.473145	0.043945
405	-0.485840	-0.103516
406	-0.472656	0.028320
407	-0.503418	0.002441
408	-0.518555	-0.191895
409	-0.481934	-0.041504
410	-0.476074	0.003418
411	-0.483398	-0.109375
412	-0.494141	-0.035645
413	-0.480957	-0.073730
414	-0.479980	-0.047363
415	-0.503418	0.049805
416	-0.483887	-0.050293
417	-0.486816	-0.033203
418	-0.474609	0.014648
419	-0.483398	-0.116211
420	-0.496582	-0.114258
421	-0.500488	0.007324
422	-0.494141	0.065430
423	-0.504883	0.133789
424	-0.490234	0.165527
425	-0.512207	0.137207
426	-0.477051	0.101563
427	-0.478516	0.094238
428	-0.513672	-0.061035
429	-0.509766	-0.068848
430	-0.520996	0.017090
431	-0.484863	-0.032715
432	-0.452637	0.034668
433	-0.456543	0.014648
434	-0.498535	0.092285
435	-0.505859	0.101074
436	-0.481934	-0.062500
437	-0.493652	-0.083984
438	-0.491699	-0.073730
439	-0.487305	-0.161133
440	-0.507813	0.005371
441	-0.510254	0.097656
442	-0.486816	0.158691
443	-0.481445	0.080566
444	-0.512695	0.079590
445	-0.520020	-0.079102
446	-0.465820	0.023438
447	-0.478516	-0.084473
448	-0.497070	-0.001465
449	-0.493652	0.021973
450	-0.505859	-0.077148
451	-0.464355	-0.153809
452	-0.477539	-0.087402
453	-0.488281	-0.051758
454	-0.479980	-0.062012
455	-0.486328	-0.091309
456	-0.503418	0.032227
457	-0.485352	-0.000977
458	-0.478516	-0.023926
459	-0.495605	-0.035645
460	-0.469727	0.070313
461	-0.474609	0.071289
462	-0.497559	0.080078
463	-0.486816	-0.016113
464	-0.487305	0.131348
465	-0.485352	0.050781
466	-0.495605	0.004395
467	-0.475586	0.009766
468	-0.495605	0.048340
469	-0.486328	-0.010254
470	-0.502930	-0.026367
471	-0.484863	-0.014648
472	-0.482910	-0.032227
473	-0.541992	0.016113
474	-0.508789	0.089844
475	-0.522949	-0.026855
476	-0.465820	0.005371
477	-0.477051	0.086914
478	-0.474121	-0.002930
479	-0.483887	0.063477
480	-0.479004	-0.028809
481	-0.483887	-0.172852
482	-0.493652	-0.070313
483	-0.467773	-0.115234
484	-0.478027	-0.162109
485	-0.463867	-0.026855
486	-0.447754	0.002930
487	-0.500488	0.029297
488	-0.496582	0.079102
489	-0.487305	0.025879
490	-0.488770	0.168945
491	-0.501953	-0.041016
492	-0.469727	-0.035156
493	-0.522949	-0.024902
494	-0.500977	0.106934
495	-0.480957	0.033691
496	-0.485352	-0.011719
497	-0.510254	0.054199
498	-0.470215	0.011230
499	-0.494141	-0.039063
500	-0.499023	-0.037109
501	-0.500488	-0.059082
502	-0.482910	0.019531
503	-0.479492	-0.042480
504	-0.484375	-0.062500
505	-0.509766	-0.041016
506	-0.458008	0.042480
507	-0.489746	0.006836
508	-0.477051	-0.025879
509	-0.500977	0.024902
510	-0.480957	0.002441
511	-0.490234	0.039063
512	-0.515625	-0.141113
513	-0.498047	-0.087891
514	-0.489746	-0.028809
515	-0.463867	-0.051758
516	-0.496094	-0.017578
517	-0.470215	-0.060059
518	-0.499023	-0.059570
519	-0.473145	-0.009766
520	-0.498047	0.127930
521	-0.496094	0.109375
522	-0.501953	0.065918
523	-0.502930	0.039551
524	-0.496094	-0.016602
525	-0.503906	0.055664
526	-0.522461	0.065918
527	-0.493652	-0.018066
528	-0.481445	-0.148438
529	-0.487793	-0.162598
530	-0.482910	-0.030762
531	-0.497070	0.000488
532	-0.477539	-0.010254
533	-0.484863	-0.076660
534	-0.492188	-0.017578
535	-0.490723	0.045410
536	-0.479492	0.021484
537	-0.507813	0.011230
538	-0.520020	-0.004395
539	-0.491699	0.071289
540	-0.494141	0.088867
541	-0.486816	0.054688
542	-0.507324	0.003906
543	-0.491699	-0.023926
544	-0.516113	0.102539
545	-0.498535	0.005859
546	-0.479492	0.017090
547	-0.480957	0.024902
548	-0.500488	0.123047
549	-0.498047	0.045410
550	-0.484863	-0.028320
551	-0.474121	-0.003906
552	-0.479004	-0.067383
553	-0.497070	-0.148438
554	-0.479980	-0.041016
555	-0.497559	-0.063477
556	-0.488281	-0.110352
557	-0.480469	-0.075684
558	-0.479004	-0.069824
559	-0.488770	-0.100586
560	-0.487793	0.012695
561	-0.502441	-0.042480
562	-0.489258	-0.062500
563	-0.515137	0.003418
564	-0.475586	-0.028320
565	-0.479492	-0.021484
566	-0.481934	-0.050293
567	-0.456543	0.026855
568	-0.468262	0.038086
569	-0.464844	0.061523
570	-0.485840	0.101563
571	-0.459473	0.125000
572	-0.451172	0.067871
573	-0.489258	0.131348
574	-0.500488	0.053223
575	-0.509277	-0.008789
576	-0.505859	-0.034668
577	-0.495605	-0.096191
578	-0.487305	-0.041504
579	-0.482910	-0.113770
580	-0.526367	0.040527
581	-0.503906	-0.018066
582	-0.521484	0.085938
583	-0.481445	0.050293
584	-0.482910	-0.034668
585	-0.501465	-0.071777
586	-0.510254	-0.092285
587	-0.510254	0.023926
588	-0.497559	-0.035645
589	-0.489746	0.083984
590	-0.483887	0.017090
591	-0.496094	0.061035
592	-0.485840	0.043945
593	-0.476563	-0.068359
594	-0.469238	-0.136719
595	-0.494629	-0.091797
596	-0.492188	0.047363
597	-0.471191	0.064941
598	-0.480957	-0.046875
599	-0.498535	-0.050293
600	-0.491699	-0.094238
601	-0.480469	-0.032227
602	-0.495605	-0.061035
603	-0.499023	-0.052734
604	-0.473145	-0.045898
605	-0.485352	0.032715
606	-0.493652	0.219727
607	-0.505371	0.009277
608	-0.495117	0.062012
609	-0.484375	0.009277
610	-0.505859	0.080078
611	-0.483887	-0.017578
612	-0.478516	0.038574
613	-0.488770	-0.093750
614	-0.487793	-0.038086
615	-0.506348	0.023438
616	-0.511230	0.116211
617	-0.483887	0.010742
618	-0.468750	-0.018555
619	-0.496582	-0.015137
620	-0.469727	-0.038086
621	-0.475586	0.125977
622	-0.481934	0.178711
623	-0.518066	0.121582
624	-0.503418	-0.016602
625	-0.521484	-0.009766
626	-0.481445	-0.047363
627	-0.495117	0.049805
628	-0.493164	-0.049316
629	-0.482422	0.124023
630	-0.495605	0.172852
631	-0.505371	0.142578
632	-0.479980	0.095703
633	-0.508301	0.058594
634	-0.492188	-0.018066
635	-0.478516	-0.025391
636	-0.469238	-0.070313
637	-0.471191	0.102539
638	-0.480469	0.103027
639	-0.488770	0.044434
640	-0.463379	-0.014160
641	-0.486328	-0.071777
642	-0.489746	-0.129395
643	-0.483398	-0.012207
644	-0.454590	-0.000488
645	-0.500000	-0.033203
646	-0.489258	-0.020020
647	-0.479980	-0.058594
648	-0.495605	-0.051758
649	-0.508301	-0.004883
650	-0.499023	0.161621
651	-0.491699	0.133301
652	-0.503418	0.049805
653	-0.517090	-0.105469
654	-0.478027	0.014160
655	-0.493164	0.000488
656	-0.493652	-0.118652
657	-0.478027	-0.001953
658	-0.504395	0.072754
659	-0.500488	-0.061035
660	-0.486816	-0.000488
661	-0.485352	0.042969
662	-0.500977	0.096191
663	-0.455078	0.056152
664	-0.476563	-0.005371
665	-0.500000	0.068848
666	-0.507324	-0.008301
667	-0.482910	-0.072754
668	-0.478516	-0.009277
669	-0.488770	0.068359
670	-0.492676	-0.096191
671	-0.488770	0.061523
672	-0.503906	0.066406
673	-0.511719	0.039551
674	-0.508789	0.064453
675	-0.500000	0.110840
676	-0.480469	0.092285
677	-0.466309	0.012695
678	-0.490723	-0.010254
679	-0.480469	0.160156
680	-0.488281	0.079590
681	-0.492676	0.028320
682	-0.480469	0.029785
683	-0.488770	-0.032715
684	-0.488770	-0.033691
685	-0.491699	0.138672
686	-0.490234	0.072266
687	-0.488281	0.013672
688	-0.513184	-0.140625
689	-0.501953	-0.005859
690	-0.459473	0.048828
691	-0.470703	-0.044434
692	-0.495117	0.031738
693	-0.477051	0.085449
694	-0.472656	0.056152
695	-0.495605	0.028809
696	-0.483887	0.050781
697	-0.477051	-0.018555
698	-0.503906	-0.162598
699	-0.483887	-0.000488
700	-0.495117	-0.065430
701	-0.462891	0.015137
702	-0.495117	0.067871
703	-0.476074	-0.030273
704	-0.479980	-0.023926
705	-0.490234	-0.089355
706	-0.518066	-0.092773
707	-0.488281	-0.087891
708	-0.500000	0.036133
709	-0.485840	-0.017578
710	-0.479004	0.071777
711	-0.468262	0.002930
712	-0.480469	0.075195
713	-0.501465	0.042969
714	-0.488770	0.094238
715	-0.466309	0.130371
716	-0.490723	0.054688
717	-0.524414	0.178711
718	-0.479980	0.048340
719	-0.498047	-0.064453
720	-0.491211	-0.009766
721	-0.479980	-0.051758
722	-0.501953	-0.115723
723	-0.509766	0.015137
724	-0.494141	0.044434
725	-0.502441	-0.108887
726	-0.499023	-0.138184
727	-0.494141	-0.020996
728	-0.485840	-0.043945
729	-0.532227	-0.038574
730	-0.508789	-0.035156
731	-0.487305	0.017578
732	-0.497559	0.051270
733	-0.501953	0.012207
734	-0.500977	0.000000
735	-0.477539	0.077148
736	-0.494141	-0.048828
737	-0.497559	-0.130859
738	-0.486328	-0.025879
739	-0.472168	-0.006348
740	-0.525391	-0.048340
741	-0.499023	-0.055176
742	-0.505859	0.007813
743	-0.485840	0.057129
744	-0.497070	0.066406
745	-0.481934	-0.008301
746	-0.482910	-0.068359
747	-0.490234	-0.003418
748	-0.504883	0.034180
749	-0.495117	0.075684
750	-0.477051	0.069824
751	-0.462891	-0.029297
752	-0.472656	-0.062012
753	-0.486816	0.037598
754	-0.493164	-0.048828
755	-0.458496	-0.002930
756	-0.498535	0.138184
757	-0.490234	0.098145
758	-0.485840	0.039551
759	-0.512207	0.003418
760	-0.501953	-0.059082
761	-0.467285	-0.040039
762	-0.510254	0.031738
763	-0.493164	0.044434
764	-0.483887	0.011719
765	-0.494141	0.015137
766	-0.494629	-0.032227
767	-0.517090	0.090820
768	-0.486816	0.043945
769	-0.485840	0.007324
770	-0.502441	0.011719
771	-0.494141	0.145508
772	-0.487793	0.118652
773	-0.508301	0.129395
774	-0.479492	-0.014160
775	-0.465820	0.035156
776	-0.501465	0.002441
777	-0.474121	-0.151367
778	-0.485352	0.104492
779	-0.486816	-0.028809
780	-0.503418	0.083984
781	-0.495117	0.074707
782	-0.459473	-0.051758
783	-0.496094	-0.120117
784	-0.512695	-0.167480
785	-0.500977	0.024414
786	-0.470703	0.017090
787	-0.518066	0.104004
788	-0.503418	0.135742
789	-0.489746	0.091797
790	-0.509766	0.156250
791	-0.499023	0.007324
792	-0.484863	-0.036621
793	-0.511719	-0.022949
794	-0.482910	-0.055664
795	-0.456055	0.070801
796	-0.487793	0.002441
797	-0.479492	0.021973
798	-0.476563	0.021973
799	-0.477051	-0.067871
800	-0.502441	-0.242188
801	-0.489746	-0.146973
802	-0.503906	-0.052246
803	-0.492676	0.005371
804	-0.486328	-0.060547
805	-0.511230	-0.104492
806	-0.498535	-0.069336
807	-0.482910	-0.034180
808	-0.448730	-0.024414
809	-0.475098	-0.074707
810	-0.483398	0.050781
811	-0.490723	0.063477
812	-0.504395	0.116699
813	-0.476074	0.046387
814	-0.506836	-0.052246
815	-0.515137	-0.023926
816	-0.508789	-0.087891
817	-0.477539	-0.031738
818	-0.502930	-0.017090
819	-0.487305	-0.023438
820	-0.479980	0.049805
821	-0.471680	0.088379
822	-0.509277	0.005371
823	-0.507813	-0.001465
824	-0.494629	-0.089355
825	-0.497559	-0.060059
826	-0.448730	-0.023438
827	-0.488770	0.085449
828	-0.485352	0.065430
829	-0.513672	-0.040527
830	-0.476563	-0.071777
831	-0.475098	-0.078125
832	-0.478516	-0.076172
833	-0.510254	0.076172
834	-0.504395	-0.092285
835	-0.508301	-0.074707
836	-0.489746	0.034668
837	-0.513184	0.082520
838	-0.482910	-0.042480
839	-0.502930	-0.032715
840	-0.499023	-0.092773
841	-0.496582	-0.004395
842	-0.479980	-0.003418
843	-0.497559	-0.043457
844	-0.475098	0.054688
845	-0.473145	0.067871
846	-0.493652	0.038574
847	-0.464355	0.079102
848	-0.484863	-0.092285
849	-0.488281	-0.062012
850	-0.488281	0.024414
851	-0.477539	-0.068359
852	-0.486328	-0.051270
853	-0.502930	0.061523
854	-0.479492	0.131348
855	-0.483887	0.142578
856	-0.489746	0.096680
857	-0.476074	0.135742
858	-0.484863	0.172852
859	-0.489258	0.074219
860	-0.483398	-0.045410
861	-0.470215	0.011230
862	-0.525391	-0.084473
863	-0.484375	-0.065430
864	-0.520508	0.099121
865	-0.504395	-0.083008
866	-0.485352	-0.075684
867	-0.477051	-0.013672
868	-0.470703	-0.053223
869	-0.505371	-0.076660
870	-0.480957	-0.119141
871	-0.467773	-0.005859
872	-0.495117	-0.017090
873	-0.516602	0.020020
874	-0.486328	-0.061035
875	-0.482422	0.010742
876	-0.504883	0.092773
877	-0.519531	0.009277
878	-0.515137	0.063965
879	-0.493164	0.177246
880	-0.511719	0.158691
881	-0.469238	0.013672
882	-0.497559	0.009277
883	-0.475098	-0.114258
884	-0.487305	0.118652
885	-0.485840	0.049805
886	-0.506348	0.048340
887	-0.504395	0.089355
888	-0.491699	0.013184
889	-0.489746	0.090820
890	-0.477051	-0.033691
891	-0.491699	-0.090820
892	-0.478516	-0.010742
893	-0.502441	0.055664
894	-0.459961	0.000488
895	-0.496582	-0.137207
896	-0.479492	-0.147949
897	-0.515625	-0.072754
898	-0.522461	-0.108398
899	-0.492676	-0.075195
900	-0.476074	0.024414
901	-0.496582	-0.062988
902	-0.514648	-0.091309
903	-0.495117	-0.014648
904	-0.512207	0.067871
905	-0.504395	0.063965
906	-0.482910	0.069824
907	-0.505371	0.099609
908	-0.499512	0.023926
909	-0.467285	-0.065430
910	-0.471191	0.001465
911	-0.500488	-0.054199
912	-0.490234	0.035645
913	-0.473145	-0.080078
914	-0.511719	-0.011230
915	-0.485352	0.027832
916	-0.482422	0.028809
917	-0.492188	0.099609
918	-0.493164	0.060059
919	-0.479980	-0.045898
920	-0.499023	0.004395
921	-0.479004	-0.031250
922	-0.489746	0.054199
923	-0.483398	0.040527
924	-0.480469	0.095215
925	-0.479980	-0.001465
926	-0.465820	0.097656
927	-0.497559	0.112305
928	-0.495117	-0.007324
929	-0.455566	-0.010742
930	-0.513184	-0.014648
931	-0.485352	0.032715
932	-0.463867	0.017090
933	-0.505371	-0.034668
934	-0.469727	-0.078125
935	-0.490723	-0.157227
936	-0.489258	-0.140625
937	-0.487305	-0.080566
938	-0.492188	-0.156738
939	-0.481934	-0.027344
940	-0.494629	-0.045898
941	-0.472168	0.018555
942	-0.474121	0.079590
943	-0.487305	-0.070313
944	-0.517090	-0.021484
945	-0.501465	-0.059082
946	-0.486816	0.033691
947	-0.498047	0.031250
948	-0.488281	0.039551
949	-0.512695	0.083496
950	-0.473633	0.078125
951	-0.517578	0.102051
952	-0.488281	0.105957
953	-0.503906	-0.041992
954	-0.495605	-0.032227
955	-0.464844	-0.054199
956	-0.460449	-0.050293
957	-0.472168	-0.052734
958	-0.469238	-0.005859
959	-0.509766	-0.029785
960	-0.490234	-0.034180
961	-0.491211	-0.060547
962	-0.489746	-0.156250
963	-0.484375	-0.120605
964	-0.481934	0.031738
965	-0.504883	0.184570
966	-0.485840	0.138184
967	-0.512207	-0.066406
968	-0.471191	0.120117
969	-0.492676	0.018066
970	-0.511719	-0.101074
971	-0.505859	-0.029297
972	-0.511230	-0.002441
973	-0.501953	-0.057129
974	-0.508301	-0.019531
975	-0.479004	-0.056641
976	-0.499023	-0.025391
977	-0.475586	0.002930
978	-0.473633	-0.015625
979	-0.482910	0.022461
980	-0.489258	0.114258
981	-0.475586	0.031738
982	-0.482422	0.070801
983	-0.481934	-0.027832
984	-0.495117	0.148926
985	-0.502441	0.056152
986	-0.498535	0.014648
987	-0.494629	0.062500
988	-0.516113	0.027344
989	-0.493652	0.021973
990	-0.498535	-0.057129
991	-0.473633	-0.000977
992	-0.473633	0.041504
993	-0.504395	-0.116699
994	-0.499023	-0.106934
995	-0.502441	-0.026367
996	-0.507813	-0.007813
997	-0.504883	0.074707
998	-0.482910	0.034668
999	-0.466797	0.028809
