0	-0.987793	-0.993652
1	-0.992676	-0.996094
2	-0.990234	-0.994629
3	-0.987793	-0.993652
4	-0.984375	-0.991211
5	-0.987305	-0.993164
6	-0.986816	-0.993164
7	-0.993652	-0.996582
8	-0.984375	-0.992188
9	-0.987305	-0.993164
10	-0.990723	-0.995117
11	-0.987305	-0.993164
12	-0.987305	-0.993652
13	-0.991699	-0.995605
14	-0.995117	-0.997070
15	-0.992188	-0.995605
16	-0.994141	-0.996582
17	-0.990234	-0.993652
18	-0.992676	-0.996094
19	-0.988281	-0.994141
20	-0.986816	-0.993164
21	-0.993164	-0.996582
22	-0.989258	-0.994629
23	-0.987305	-0.993652
24	-0.991211	-0.995117
25	-0.991211	-0.995605
26	-0.994141	-0.996582
27	-0.986816	-0.993164
28	-0.986816	-0.993164
29	-0.994141	-0.997070
30	-0.991211	-0.995605
31	-0.989258	-0.991699
32	-0.989258	-0.994629
33	-0.990234	-0.994629
34	-0.982910	-0.990234
35	-0.991211	-0.995605
36	-0.995117	-0.997559
37	-0.994141	-0.997070
38	-0.991211	-0.995605
39	-0.983887	-0.991699
40	-0.984863	-0.989746
41	-0.988281	-0.993652
42	-0.986816	-0.992676
43	-0.995117	-0.997559
44	-0.990723	-0.995117
45	-0.987793	-0.993164
46	-0.993164	-0.996582
47	-0.984863	-0.991699
48	-0.992188	-0.996094
49	-0.990723	-0.995117
50	-0.989258	-0.994629
51	-0.990234	-0.994629
52	-0.994629	-0.997070
53	-0.995117	-0.997559
54	-0.987793	-0.993652
55	-0.987793	-0.993652
56	-0.988281	-0.994141
57	-0.993652	-0.996582
58	-0.987305	-0.993652
59	-0.990234	-0.995117
60	-0.990234	-0.994629
61	-0.988281	-0.993652
62	-0.994141	-0.997070
63	-0.990723	-0.995117
64	-0.983887	-0.991211
65	-0.986328	-0.993164
66	-0.985352	-0.991211
67	-0.996094	-0.998047
68	-0.993652	-0.996582
69	-0.994141	-0.997070
70	-0.994141	-0.996582
71	-0.989258	-0.994629
72	-0.989746	-0.994629
73	-0.991699	-0.995605
74	-0.993164	-0.996582
75	-0.990234	-0.995117
76	-0.994141	-0.996582
77	-0.987305	-0.993652
78	-0.991211	-0.995605
79	-0.987305	-0.993652
80	-0.990723	-0.994629
81	-0.986328	-0.992188
82	-0.990723	-0.995117
83	-0.991699	-0.995117
84	-0.990234	-0.995117
85	-0.985352	-0.991699
86	-0.988770	-0.994141
87	-0.986816	-0.992676
88	-0.991699	-0.995605
89	-0.986328	-0.992676
90	-0.987793	-0.993652
91	-0.989258	-0.994141
92	-0.990234	-0.995117
93	-0.993164	-0.996582
94	-0.990234	-0.994141
95	-0.991211	-0.995605
96	-0.993164	-0.996582
97	-0.986816	-0.992676
98	-0.990723	-0.995117
99	-0.985352	-0.992188
100	-0.984863	-0.991211
101	-0.987793	-0.993652
102	-0.988281	-0.994141
103	-0.987305	-0.993652
104	-0.991699	-0.995605
105	-0.985352	-0.991699
106	-0.988281	-0.994141
107	-0.990723	-0.995117
108	-0.987305	-0.993164
109	-0.992188	-0.995605
110	-0.989746	-0.994629
111	-0.987305	-0.993164
112	-0.992188	-0.995117
113	-0.989746	-0.994141
114	-0.993164	-0.996582
115	-0.989258	-0.993652
116	-0.987793	-0.993164
117	-0.994141	-0.997070
118	-0.991699	-0.995605
119	-0.993652	-0.996582
120	-0.993164	-0.996582
121	-0.992188	-0.996094
122	-0.986328	-0.992676
123	-0.993164	-0.996582
124	-0.992676	-0.996094
125	-0.988770	-0.994141
126	-0.988281	-0.994141
127	-0.991211	-0.995605
128	-0.989746	-0.994629
129	-0.992188	-0.995605
130	-0.990723	-0.995117
131	-0.989258	-0.994141
132	-0.992676	-0.996094
133	-0.995117	-0.997559
134	-0.984375	-0.991699
135	-0.989746	-0.994629
136	-0.986328	-0.991699
137	-0.985840	-0.992676
138	-0.991211	-0.995605
139	-0.988770	-0.994141
140	-0.985840	-0.992188
141	-0.989258	-0.993652
142	-0.989258	-0.993652
143	-0.990723	-0.995117
144	-0.991211	-0.995605
145	-0.996094	-0.998047
146	-0.987305	-0.993652
147	-0.985840	-0.992676
148	-0.989258	-0.994141
149	-0.991699	-0.995605
150	-0.990723	-0.995117
151	-0.986328	-0.993164
152	-0.990234	-0.994629
153	-0.989746	-0.994629
154	-0.986816	-0.992676
155	-0.987305	-0.993652
156	-0.993164	-0.996582
157	-0.993164	-0.996582
158	-0.988770	-0.994141
159	-0.986816	-0.993164
160	-0.983887	-0.991699
161	-0.991211	-0.995117
162	-0.983887	-0.991699
163	-0.996094	-0.998047
164	-0.993164	-0.996582
165	-0.988281	-0.994141
166	-0.987305	-0.993652
167	-0.990234	-0.994629
168	-0.987305	-0.993652
169	-0.990234	-0.995117
170	-0.989258	-0.993652
171	-0.991211	-0.995605
172	-0.994629	-0.997070
173	-0.987793	-0.993652
174	-0.991211	-0.995117
175	-0.988770	-0.994141
176	-0.992188	-0.996094
177	-0.986816	-0.991699
178	-0.996094	-0.998047
179	-0.993164	-0.996582
180	-0.992188	-0.995605
181	-0.988281	-0.994141
182	-0.995605	-0.997559
183	-0.992188	-0.995605
184	-0.988281	-0.994141
185	-0.991699	-0.995605
186	-0.990723	-0.995117
187	-0.988770	-0.994141
188	-0.992188	-0.996094
189	-0.982422	-0.988281
190	-0.984863	-0.991699
191	-0.983887	-0.991211
192	-0.990723	-0.994629
193	-0.991699	-0.995605
194	-0.997070	-0.998535
195	-0.989746	-0.994629
196	-0.992676	-0.996094
197	-0.995117	-0.997559
198	-0.991211	-0.995605
199	-0.994141	-0.997070
200	-0.991211	-0.995605
201	-0.987793	-0.993652
202	-0.990723	-0.995117
203	-0.983887	-0.990723
204	-0.991699	-0.995605
205	-0.992188	-0.995605
206	-0.992188	-0.995605
207	-0.994141	-0.996582
208	-0.988770	-0.994141
209	-0.984375	-0.989746
210	-0.992188	-0.995117
211	-0.990723	-0.995117
212	-0.992676	-0.996094
213	-0.987793	-0.992676
214	-0.988281	-0.994141
215	-0.991211	-0.995605
216	-0.992676	-0.996094
217	-0.999023	-0.999512
218	-0.990723	-0.994141
219	-0.990723	-0.994629
220	-0.990234	-0.994629
221	-0.989258	-0.994141
222	-0.987793	-0.993164
223	-0.990723	-0.995117
224	-0.990723	-0.995117
225	-0.988770	-0.994141
226	-0.995117	-0.997559
227	-0.989746	-0.994629
228	-0.987305	-0.993652
229	-0.991211	-0.995605
230	-0.993164	-0.996094
231	-0.989258	-0.993652
232	-0.983398	-0.991699
233	-0.996094	-0.998047
234	-0.990234	-0.995117
235	-0.990234	-0.995117
236	-0.993652	-0.995117
237	-0.987793	-0.993652
238	-0.994629	-0.997070
239	-0.989258	-0.994629
240	-0.992188	-0.996094
241	-0.991211	-0.995605
242	-0.993164	-0.996582
243	-0.989258	-0.994141
244	-0.990234	-0.994629
245	-0.992188	-0.996094
246	-0.988281	-0.993164
247	-0.986328	-0.993164
248	-0.992188	-0.995605
249	-0.989258	-0.994141
250	-0.991211	-0.994629
251	-0.982422	-0.990723
252	-0.989746	-0.994629
253	-0.994141	-0.997070
254	-0.986816	-0.992676
255	-0.990723	-0.994629
256	-0.991211	-0.995117
257	-0.996094	-0.998047
258	-0.983887	-0.990723
259	-0.993164	-0.996582
260	-0.991211	-0.995605
261	-0.995605	-0.997559
262	-0.988281	-0.993652
263	-0.992188	-0.996094
264	-0.992188	-0.996094
265	-0.989746	-0.994629
266	-0.988281	-0.994141
267	-0.991211	-0.994629
268	-0.982910	-0.991211
269	-0.993164	-0.995605
270	-0.984375	-0.992188
271	-0.986816	-0.993164
272	-0.982910	-0.990723
273	-0.989258	-0.994141
274	-0.988770	-0.993652
275	-0.988281	-0.993652
276	-0.989746	-0.994629
277	-0.990234	-0.995117
278	-0.991211	-0.995605
279	-0.989746	-0.994629
280	-0.993652	-0.996582
281	-0.995117	-0.997559
282	-0.985840	-0.991699
283	-0.995117	-0.997559
284	-0.983398	-0.991699
285	-0.990234	-0.995117
286	-0.985840	-0.992188
287	-0.992188	-0.996094
288	-0.990234	-0.994141
289	-0.989258	-0.994141
290	-0.993164	-0.996582
291	-0.991699	-0.995605
292	-0.985840	-0.992676
293	-0.990723	-0.995117
294	-0.988281	-0.994141
295	-0.990234	-0.995117
296	-0.994141	-0.996582
297	-0.989258	-0.994141
298	-0.994141	-0.997070
299	-0.994141	-0.996582
300	-0.988770	-0.994141
301	-0.990723	-0.995117
302	-0.991699	-0.995605
303	-0.987305	-0.993164
304	-0.992188	-0.996094
305	-0.992188	-0.996094
306	-0.988281	-0.993652
307	-0.990234	-0.995117
308	-0.987793	-0.992188
309	-0.981445	-0.989746
310	-0.993164	-0.996582
311	-0.994141	-0.997070
312	-0.991211	-0.995117
313	-0.990723	-0.995117
314	-0.992188	-0.996094
315	-0.989746	-0.994141
316	-0.989258	-0.994141
317	-0.988281	-0.993164
318	-0.985352	-0.992188
319	-0.995117	-0.997559
320	-0.992188	-0.996094
321	-0.993164	-0.996094
322	-0.985352	-0.992676
323	-0.991211	-0.995605
324	-0.987793	-0.993652
325	-0.986328	-0.992676
326	-0.990234	-0.994629
327	-0.984375	-0.990234
328	-0.981934	-0.990723
329	-0.990723	-0.995117
330	-0.990723	-0.995117
331	-0.988770	-0.994141
332	-0.991211	-0.995605
333	-0.988281	-0.993164
334	-0.991211	-0.995117
335	-0.994141	-0.997070
336	-0.994141	-0.997070
337	-0.989258	-0.994629
338	-0.991699	-0.995605
339	-0.984863	-0.991211
340	-0.987305	-0.993164
341	-0.987305	-0.992676
342	-0.991699	-0.995605
343	-0.991699	-0.995605
344	-0.993652	-0.996582
345	-0.988281	-0.994141
346	-0.989258	-0.994629
347	-0.988281	-0.991211
348	-0.990723	-0.995117
349	-0.995117	-0.997559
350	-0.988770	-0.993652
351	-0.981934	-0.989746
352	-0.992188	-0.996094
353	-0.992676	-0.996094
354	-0.993164	-0.996582
355	-0.988770	-0.993164
356	-0.995117	-0.997559
357	-0.991211	-0.995605
358	-0.982422	-0.991211
359	-0.989258	-0.993164
360	-0.992676	-0.996094
361	-0.985352	-0.992188
362	-0.993164	-0.996582
363	-0.990234	-0.995117
364	-0.993652	-0.995117
365	-0.983887	-0.991211
366	-0.988281	-0.994141
367	-0.991699	-0.995605
368	-0.989746	-0.994629
369	-0.992188	-0.995605
370	-0.989746	-0.994629
371	-0.992188	-0.996094
372	-0.992676	-0.996094
373	-0.989258	-0.994141
374	-0.988770	-0.992676
375	-0.987793	-0.993164
376	-0.994141	-0.997070
377	-0.987305	-0.993164
378	-0.988770	-0.990723
379	-0.989258	-0.994141
380	-0.996094	-0.998047
381	-0.991211	-0.995117
382	-0.988770	-0.993652
383	-0.990723	-0.994629
384	-0.986328	-0.993164
385	-0.990723	-0.994629
386	-0.993164	-0.996582
387	-0.991211	-0.995605
388	-0.991211	-0.995605
389	-0.990723	-0.995117
390	-0.984863	-0.991699
391	-0.993652	-0.996582
392	-0.987305	-0.993164
393	-0.988770	-0.994141
394	-0.987793	-0.993652
395	-0.990234	-0.994141
396	-0.988281	-0.993652
397	-0.991699	-0.995605
398	-0.988281	-0.993164
399	-0.994629	-0.997070
400	-0.986328	-0.992676
401	-0.991699	-0.994629
402	-0.991211	-0.995605
403	-0.989258	-0.994141
404	-0.992188	-0.995117
405	-0.989258	-0.994629
406	-0.997070	-0.998535
407	-0.991699	-0.995605
408	-0.985352	-0.992676
409	-0.990234	-0.995117
410	-0.995117	-0.997559
411	-0.992188	-0.996094
412	-0.987305	-0.993652
413	-0.992188	-0.996094
414	-0.989258	-0.993652
415	-0.993652	-0.996582
416	-0.992188	-0.996094
417	-0.984863	-0.991699
418	-0.993164	-0.996582
419	-0.985840	-0.992188
420	-0.986328	-0.992676
421	-0.989746	-0.994629
422	-0.988770	-0.994141
423	-0.992188	-0.996094
424	-0.990234	-0.994629
425	-0.993164	-0.996582
426	-0.993164	-0.996582
427	-0.993652	-0.996582
428	-0.988770	-0.994141
429	-0.996094	-0.998047
430	-0.987793	-0.993652
431	-0.995117	-0.997559
432	-0.989258	-0.994141
433	-0.985352	-0.991699
434	-0.993164	-0.996582
435	-0.991699	-0.995605
436	-0.991699	-0.995605
437	-0.987305	-0.993164
438	-0.992676	-0.996094
439	-0.991699	-0.995605
440	-0.993164	-0.996582
441	-0.989746	-0.994629
442	-0.996094	-0.998047
443	-0.990723	-0.995117
444	-0.991211	-0.995605
445	-0.992188	-0.996094
446	-0.990234	-0.995117
447	-0.990234	-0.995117
448	-0.993164	-0.996582
449	-0.987305	-0.993652
450	-0.992188	-0.995605
451	-0.987305	-0.993652
452	-0.991211	-0.995117
453	-0.986328	-0.993164
454	-0.993652	-0.996582
455	-0.990234	-0.995117
456	-0.993164	-0.996582
457	-0.989746	-0.994629
458	-0.989746	-0.994629
459	-0.990234	-0.995117
460	-0.994141	-0.997070
461	-0.991211	-0.995117
462	-0.990723	-0.995117
463	-0.991211	-0.995605
464	-0.994141	-0.997070
465	-0.987305	-0.993164
466	-0.989258	-0.993652
467	-0.988770	-0.992676
468	-0.993164	-0.996582
469	-0.988770	-0.994141
470	-0.983398	-0.990723
471	-0.985352	-0.992188
472	-0.987305	-0.993164
473	-0.994141	-0.997070
474	-0.988281	-0.994141
475	-0.990723	-0.994629
476	-0.991699	-0.995605
477	-0.987305	-0.992188
478	-0.991211	-0.995605
479	-0.993164	-0.996582
480	-0.993164	-0.995605
481	-0.991211	-0.995605
482	-0.989746	-0.994629
483	-0.989258	-0.994141
484	-0.989258	-0.994141
485	-0.988281	-0.993164
486	-0.991211	-0.994629
487	-0.981934	-0.990234
488	-0.997070	-0.998535
489	-0.985840	-0.992676
490	-0.990234	-0.995117
491	-0.986328	-0.992676
492	-0.995117	-0.997559
493	-0.988770	-0.994141
494	-0.988281	-0.992188
495	-0.993164	-0.996094
496	-0.989258	-0.994629
497	-0.988770	-0.994141
498	-0.986816	-0.992676
499	-0.989258	-0.994141
500	-0.992188	-0.996094
501	-0.984375	-0.991699
502	-0.992188	-0.996094
503	-0.989746	-0.994629
504	-0.989258	-0.994141
505	-0.990723	-0.995117
506	-0.988281	-0.994141
507	-0.993164	-0.996582
508	-0.990723	-0.995117
509	-0.989258	-0.994629
510	-0.992188	-0.996094
511	-0.984375	-0.990723
512	-0.989258	-0.994141
513	-0.993652	-0.996582
514	-0.987305	-0.993164
515	-0.988281	-0.994141
516	-0.988281	-0.994141
517	-0.984375	-0.991699
518	-0.992188	-0.995605
519	-0.990234	-0.994629
520	-0.983887	-0.991211
521	-0.986328	-0.992676
522	-0.989258	-0.994629
523	-0.992676	-0.996094
524	-0.994141	-0.997070
525	-0.988770	-0.994141
526	-0.983887	-0.991699
527	-0.992188	-0.996094
528	-0.989258	-0.994629
529	-0.994141	-0.996582
530	-0.992188	-0.996094
531	-0.990234	-0.995117
532	-0.987793	-0.993164
533	-0.994141	-0.997070
534	-0.992188	-0.996094
535	-0.997070	-0.998047
536	-0.992188	-0.995605
537	-0.989258	-0.994629
538	-0.989746	-0.994629
539	-0.984375	-0.990723
540	-0.992676	-0.996094
541	-0.988281	-0.994141
542	-0.985840	-0.992676
543	-0.993164	-0.996582
544	-0.989258	-0.994141
545	-0.990234	-0.994141
546	-0.986816	-0.993164
547	-0.986328	-0.993164
548	-0.993652	-0.996582
549	-0.993652	-0.996582
550	-0.991699	-0.995605
551	-0.993652	-0.996582
552	-0.987793	-0.993164
553	-0.989258	-0.994629
554	-0.990234	-0.995117
555	-0.989746	-0.994141
556	-0.984863	-0.991211
557	-0.985840	-0.992676
558	-0.996582	-0.998047
559	-0.983887	-0.990723
560	-0.988281	-0.993652
561	-0.995117	-0.997559
562	-0.991211	-0.995605
563	-0.992676	-0.996094
564	-0.993164	-0.996582
565	-0.987305	-0.993652
566	-0.992188	-0.996094
567	-0.982910	-0.990723
568	-0.993164	-0.996094
569	-0.984375	-0.991699
570	-0.985840	-0.992676
571	-0.984863	-0.992188
572	-0.992188	-0.996094
573	-0.993164	-0.996582
574	-0.993164	-0.996582
575	-0.994141	-0.997070
576	-0.992676	-0.996094
577	-0.992676	-0.996094
578	-0.989258	-0.994141
579	-0.989258	-0.994629
580	-0.989258	-0.994629
581	-0.988281	-0.994141
582	-0.990234	-0.995117
583	-0.991211	-0.994141
584	-0.987305	-0.993164
585	-0.993164	-0.996582
586	-0.987793	-0.993652
587	-0.988770	-0.993652
588	-0.991211	-0.995605
589	-0.981445	-0.989746
590	-0.987793	-0.993164
591	-0.995117	-0.997559
592	-0.986328	-0.993164
593	-0.988281	-0.993652
594	-0.996094	-0.998047
595	-0.991699	-0.995117
596	-0.990723	-0.995117
597	-0.994141	-0.997070
598	-0.990723	-0.995117
599	-0.994141	-0.997070
600	-0.993164	-0.996094
601	-0.990234	-0.994141
602	-0.981445	-0.989746
603	-0.989746	-0.994629
604	-0.991211	-0.995605
605	-0.995117	-0.997559
606	-0.991211	-0.995605
607	-0.988770	-0.994141
608	-0.992676	-0.996094
609	-0.990723	-0.995117
610	-0.990723	-0.995117
611	-0.994629	-0.997070
612	-0.989258	-0.994629
613	-0.987305	-0.991699
614	-0.993164	-0.996094
615	-0.994141	-0.997070
616	-0.987305	-0.992676
617	-0.987793	-0.993652
618	-0.988770	-0.994141
619	-0.992676	-0.996094
620	-0.989746	-0.994629
621	-0.993652	-0.996582
622	-0.988281	-0.994141
623	-0.990234	-0.995117
624	-0.991211	-0.995605
625	-0.993164	-0.996582
626	-0.990723	-0.995117
627	-0.981445	-0.989746
628	-0.987305	-0.993164
629	-0.993164	-0.996582
630	-0.991699	-0.995117
631	-0.989258	-0.994141
632	-0.988770	-0.993164
633	-0.989746	-0.993164
634	-0.990234	-0.994629
635	-0.989258	-0.994629
636	-0.992188	-0.996094
637	-0.992676	-0.996094
638	-0.990234	-0.994629
639	-0.986328	-0.992676
640	-0.984863	-0.991699
641	-0.989258	-0.994629
642	-0.993164	-0.996094
643	-0.988281	-0.993652
644	-0.992676	-0.995605
645	-0.993164	-0.996582
646	-0.991211	-0.995605
647	-0.989258	-0.994629
648	-0.989258	-0.993164
649	-0.992676	-0.996094
650	-0.993652	-0.996582
651	-0.992188	-0.996094
652	-0.991211	-0.995605
653	-0.991211	-0.995605
654	-0.989746	-0.994629
655	-0.990234	-0.994629
656	-0.994141	-0.997070
657	-0.994141	-0.997070
658	-0.985840	-0.992676
659	-0.994629	-0.997070
660	-0.985840	-0.992188
661	-0.995117	-0.997559
662	-0.985352	-0.990234
663	-0.989258	-0.994629
664	-0.991211	-0.995605
665	-0.982422	-0.991211
666	-0.993164	-0.996582
667	-0.991211	-0.995117
668	-0.993652	-0.996582
669	-0.998047	-0.999023
670	-0.985352	-0.992676
671	-0.987793	-0.993652
672	-0.988770	-0.994141
673	-0.994141	-0.997070
674	-0.987305	-0.993652
675	-0.990234	-0.995117
676	-0.987793	-0.993652
677	-0.991211	-0.995605
678	-0.985840	-0.992188
679	-0.992188	-0.996094
680	-0.991211	-0.995605
681	-0.991699	-0.995605
682	-0.982422	-0.989746
683	-0.985840	-0.992188
684	-0.991699	-0.995605
685	-0.986816	-0.993164
686	-0.991699	-0.995605
687	-0.995117	-0.997559
688	-0.991211	-0.995605
689	-0.983398	-0.990723
690	-0.988770	-0.994141
691	-0.992188	-0.996094
692	-0.990723	-0.994629
693	-0.992188	-0.996094
694	-0.989258	-0.994629
695	-0.987305	-0.993652
696	-0.988770	-0.994141
697	-0.989258	-0.993652
698	-0.993164	-0.996582
699	-0.984863	-0.991699
700	-0.991699	-0.995605
701	-0.990234	-0.995117
702	-0.986328	-0.992188
703	-0.986816	-0.993164
704	-0.995117	-0.997559
705	-0.991211	-0.995605
706	-0.991699	-0.995605
707	-0.991699	-0.995605
708	-0.987305	-0.993652
709	-0.986816	-0.993164
710	-0.989746	-0.994629
711	-0.990723	-0.995117
712	-0.989746	-0.994629
713	-0.991699	-0.995117
714	-0.997070	-0.998535
715	-0.989746	-0.994629
716	-0.993164	-0.996582
717	-0.992676	-0.996094
718	-0.989746	-0.994629
719	-0.993164	-0.996582
720	-0.990234	-0.995117
721	-0.990723	-0.994629
722	-0.989746	-0.994141
723	-0.990723	-0.995117
724	-0.988770	-0.994141
725	-0.990234	-0.995117
726	-0.991211	-0.995605
727	-0.993164	-0.996094
728	-0.987793	-0.993164
729	-0.991211	-0.995605
730	-0.990234	-0.994629
731	-0.986328	-0.993164
732	-0.987793	-0.993652
733	-0.988770	-0.994141
734	-0.993164	-0.996582
735	-0.992188	-0.995605
736	-0.993652	-0.996582
737	-0.994141	-0.997070
738	-0.992188	-0.996094
739	-0.984375	-0.991699
740	-0.985352	-0.991699
741	-0.984375	-0.990723
742	-0.991211	-0.995605
743	-0.995117	-0.997559
744	-0.996094	-0.998047
745	-0.990234	-0.995117
746	-0.984863	-0.991211
747	-0.993164	-0.996582
748	-0.989258	-0.994629
749	-0.992676	-0.996094
750	-0.991211	-0.995605
751	-0.980469	-0.989746
752	-0.984863	-0.991211
753	-0.991211	-0.995605
754	-0.993652	-0.996582
755	-0.990234	-0.995117
756	-0.998047	-0.999023
757	-0.986816	-0.993164
758	-0.987305	-0.993164
759	-0.990234	-0.994629
760	-0.987305	-0.993164
761	-0.992188	-0.996094
762	-0.984375	-0.990723
763	-0.992188	-0.996094
764	-0.988281	-0.993652
765	-0.984375	-0.991211
766	-0.991211	-0.995605
767	-0.995117	-0.997559
768	-0.987793	-0.993652
769	-0.988770	-0.994141
770	-0.986328	-0.992676
771	-0.986816	-0.992188
772	-0.989258	-0.994629
773	-0.991211	-0.995117
774	-0.989258	-0.994141
775	-0.991211	-0.995605
776	-0.992188	-0.996094
777	-0.993164	-0.996582
778	-0.989746	-0.994629
779	-0.995605	-0.997559
780	-0.989258	-0.994141
781	-0.987305	-0.993164
782	-0.987793	-0.993164
783	-0.988770	-0.993652
784	-0.987793	-0.993164
785	-0.992188	-0.996094
786	-0.988770	-0.994141
787	-0.985840	-0.992676
788	-0.991699	-0.995605
789	-0.991211	-0.995605
790	-0.985840	-0.992676
791	-0.995117	-0.997559
792	-0.992188	-0.996094
793	-0.988770	-0.993652
794	-0.993164	-0.996582
795	-0.990234	-0.995117
796	-0.990723	-0.994629
797	-0.990234	-0.995117
798	-0.990234	-0.994141
799	-0.991211	-0.995605
800	-0.993164	-0.996582
801	-0.986816	-0.993164
802	-0.992676	-0.996094
803	-0.985840	-0.992188
804	-0.988770	-0.994141
805	-0.993164	-0.996094
806	-0.992188	-0.996094
807	-0.987793	-0.992676
808	-0.986328	-0.992188
809	-0.987305	-0.993164
810	-0.992676	-0.996094
811	-0.988281	-0.993652
812	-0.992188	-0.995605
813	-0.990723	-0.995117
814	-0.988281	-0.993652
815	-0.987793	-0.993652
816	-0.991699	-0.995605
817	-0.992188	-0.995605
818	-0.984375	-0.991211
819	-0.993164	-0.996582
820	-0.989746	-0.994629
821	-0.987305	-0.993652
822	-0.989258	-0.994629
823	-0.996094	-0.998047
824	-0.993164	-0.996582
825	-0.993164	-0.996094
826	-0.991699	-0.995605
827	-0.990234	-0.995117
828	-0.989746	-0.994141
829	-0.991211	-0.995117
830	-0.994629	-0.997070
831	-0.989746	-0.994629
832	-0.980469	-0.988770
833	-0.986328	-0.993164
834	-0.994141	-0.997070
835	-0.994141	-0.996582
836	-0.991211	-0.995605
837	-0.989258	-0.994141
838	-0.989746	-0.993164
839	-0.990723	-0.995117
840	-0.992188	-0.996094
841	-0.990234	-0.995117
842	-0.988281	-0.993164
843	-0.985352	-0.992188
844	-0.989746	-0.994629
845	-0.989746	-0.994629
846	-0.992676	-0.996094
847	-0.988281	-0.993652
848	-0.985840	-0.992188
849	-0.983887	-0.990723
850	-0.992188	-0.996094
851	-0.993164	-0.996582
852	-0.988281	-0.994141
853	-0.995605	-0.997559
854	-0.988770	-0.994141
855	-0.991211	-0.995117
856	-0.987305	-0.992676
857	-0.993164	-0.996582
858	-0.989258	-0.994629
859	-0.987305	-0.993652
860	-0.988281	-0.993652
861	-0.984863	-0.992188
862	-0.995117	-0.997559
863	-0.990723	-0.995117
864	-0.992188	-0.996094
865	-0.988281	-0.993652
866	-0.985840	-0.992676
867	-0.993652	-0.996582
868	-0.987305	-0.993652
869	-0.986328	-0.993164
870	-0.991211	-0.995605
871	-0.991211	-0.995605
872	-0.991211	-0.995117
873	-0.990234	-0.995117
874	-0.990234	-0.994629
875	-0.985840	-0.992676
876	-0.997070	-0.998535
877	-0.988770	-0.994141
878	-0.992676	-0.996094
879	-0.993652	-0.996582
880	-0.987793	-0.993652
881	-0.987793	-0.992676
882	-0.986816	-0.993164
883	-0.994141	-0.997070
884	-0.983398	-0.991211
885	-0.993652	-0.996582
886	-0.991211	-0.995605
887	-0.995117	-0.997559
888	-0.989258	-0.994141
889	-0.987793	-0.993652
890	-0.989746	-0.994629
891	-0.996094	-0.998047
892	-0.991211	-0.995605
893	-0.986328	-0.992676
894	-0.992676	-0.996094
895	-0.990723	-0.994629
896	-0.988281	-0.993164
897	-0.988770	-0.994141
898	-0.987793	-0.993164
899	-0.988770	-0.993652
900	-0.987793	-0.993164
901	-0.987305	-0.993652
902	-0.980957	-0.989258
903	-0.990234	-0.995117
904	-0.989258	-0.994141
905	-0.992188	-0.996094
906	-0.988281	-0.993652
907	-0.989746	-0.994629
908	-0.993164	-0.996094
909	-0.988281	-0.994141
910	-0.991211	-0.995605
911	-0.991699	-0.995605
912	-0.995117	-0.997559
913	-0.992188	-0.996094
914	-0.985840	-0.992188
915	-0.991211	-0.995605
916	-0.992188	-0.996094
917	-0.989746	-0.994141
918	-0.988770	-0.994141
919	-0.993164	-0.996582
920	-0.987793	-0.993164
921	-0.988770	-0.992676
922	-0.989258	-0.994629
923	-0.989746	-0.994629
924	-0.988770	-0.994141
925	-0.988281	-0.993652
926	-0.996094	-0.998047
927	-0.981445	-0.990234
928	-0.991699	-0.995117
929	-0.990723	-0.995117
930	-0.986328	-0.993164
931	-0.992188	-0.996094
932	-0.993164	-0.996582
933	-0.987305	-0.993164
934	-0.988770	-0.993652
935	-0.990234	-0.995117
936	-0.988281	-0.994141
937	-0.988770	-0.994141
938	-0.987305	-0.992676
939	-0.993164	-0.996582
940	-0.984375	-0.991211
941	-0.990723	-0.994629
942	-0.993652	-0.996582
943	-0.988770	-0.994141
944	-0.989746	-0.993652
945	-0.987305	-0.992676
946	-0.983887	-0.991699
947	-0.993652	-0.996582
948	-0.989258	-0.994629
949	-0.996094	-0.998047
950	-0.991211	-0.995605
951	-0.982422	-0.990723
952	-0.984863	-0.992188
953	-0.986328	-0.992676
954	-0.991699	-0.995605
955	-0.989258	-0.994629
956	-0.986816	-0.992188
957	-0.995117	-0.997559
958	-0.987793	-0.993164
959	-0.990234	-0.994629
960	-0.995117	-0.997559
961	-0.988281	-0.993652
962	-0.985840	-0.992676
963	-0.989258	-0.993652
964	-0.993164	-0.996094
965	-0.985352	-0.991699
966	-0.994141	-0.997070
967	-0.988281	-0.993652
968	-0.990723	-0.994629
969	-0.994629	-0.997070
970	-0.985840	-0.992188
971	-0.981934	-0.990234
972	-0.987305	-0.993652
973	-0.991211	-0.995605
974	-0.988281	-0.994141
975	-0.992676	-0.996094
976	-0.992188	-0.996094
977	-0.982422	-0.990723
978	-0.992188	-0.996094
979	-0.994629	-0.997070
980	-0.990234	-0.995117
981	-0.991211	-0.995117
982	-0.991211	-0.995605
983	-0.990234	-0.995117
984	-0.991211	-0.995605
985	-0.991699	-0.995605
986	-0.992188	-0.995605
987	-0.989258	-0.994629
988	-0.992188	-0.996094
989	-0.990234	-0.994629
990	-0.985352	-0.992676
991	-0.988770	-0.993652
992	-0.991699	-0.995605
993	-0.991699	-0.995605
994	-0.983887	-0.991699
995	-0.995117	-0.997559
996	-0.985352	-0.991699
997	-0.998047	-0.999023
998	-0.987305	-0.993164
999	-0.987305	-0.993652
