0	-0.996094	-0.998047
1	-0.997070	-0.998535
2	-0.997070	-0.998535
3	-0.994141	-0.997070
4	-0.997070	-0.998535
5	-0.995117	-0.997559
6	-0.997070	-0.998535
7	-0.994141	-0.997070
8	-0.996094	-0.998047
9	-0.994629	-0.997070
10	-0.996094	-0.998047
11	-0.998047	-0.999023
12	-0.992676	-0.996094
13	-0.996094	-0.998047
14	-0.997070	-0.998535
15	-0.999023	-0.999512
16	-0.995117	-0.997559
17	-0.997070	-0.998535
18	-0.995117	-0.997559
19	-0.996094	-0.998047
20	-0.992188	-0.995117
21	-0.995117	-0.997559
22	-0.995117	-0.997559
23	-0.994141	-0.997070
24	-0.996094	-0.998047
25	-0.992188	-0.996094
26	-0.999023	-0.999512
27	-0.993164	-0.996582
28	-0.998047	-0.999023
29	-0.996094	-0.998047
30	-0.988770	-0.994141
31	-0.999023	-0.999512
32	-0.996094	-0.998047
33	-0.994141	-0.997070
34	-0.994141	-0.997070
35	-0.997070	-0.998535
36	-0.994141	-0.997070
37	-0.996094	-0.998047
38	-0.997070	-0.998535
39	-0.994141	-0.997070
40	-0.997070	-0.998535
41	-0.995117	-0.997559
42	-0.998047	-0.999023
43	-1.000000	-1.000000
44	-0.996094	-0.998047
45	-0.996094	-0.998047
46	-0.992188	-0.996094
47	-0.999023	-0.999512
48	-0.996094	-0.998047
49	-0.995605	-0.997559
50	-0.996094	-0.998047
51	-0.999023	-0.999512
52	-0.999023	-0.999512
53	-0.997070	-0.998535
54	-0.993652	-0.996582
55	-1.000000	-1.000000
56	-0.995117	-0.997559
57	-0.992188	-0.995605
58	-0.998047	-0.999023
59	-0.996582	-0.998047
60	-0.993652	-0.996582
61	-0.996094	-0.998047
62	-0.992188	-0.996094
63	-0.993164	-0.996582
64	-0.997070	-0.998535
65	-0.994141	-0.997070
66	-0.988281	-0.994141
67	-0.994141	-0.997070
68	-0.994141	-0.997070
69	-0.997070	-0.998535
70	-0.995117	-0.997559
71	-0.995117	-0.997559
72	-0.995117	-0.997559
73	-0.993164	-0.996582
74	-0.997070	-0.998535
75	-0.993652	-0.996582
76	-0.998047	-0.999023
77	-0.995117	-0.997559
78	-0.996094	-0.998047
79	-0.998047	-0.999023
80	-0.998047	-0.999023
81	-0.996094	-0.998047
82	-0.995117	-0.997559
83	-0.998047	-0.999023
84	-0.999023	-0.999512
85	-0.996094	-0.998047
86	-0.993164	-0.996582
87	-0.995117	-0.997559
88	-0.994629	-0.997070
89	-0.996094	-0.998047
90	-0.999023	-0.999512
91	-0.993164	-0.996582
92	-0.997559	-0.998535
93	-0.997070	-0.998535
94	-0.995117	-0.997559
95	-0.998047	-0.999023
96	-0.997070	-0.998535
97	-0.996094	-0.997559
98	-0.997070	-0.998535
99	-0.998047	-0.999023
100	-0.996094	-0.998047
101	-0.998047	-0.999023
102	-0.991211	-0.995117
103	-0.997070	-0.998535
104	-0.994629	-0.997070
105	-0.992676	-0.995605
106	-0.998047	-0.999023
107	-0.994629	-0.997070
108	-0.996094	-0.998047
109	-0.996094	-0.998047
110	-0.993164	-0.996582
111	-0.996094	-0.998047
112	-0.997070	-0.998535
113	-0.998047	-0.999023
114	-0.998047	-0.999023
115	-0.992676	-0.996094
116	-0.994141	-0.997070
117	-0.996094	-0.998047
118	-0.999023	-0.999512
119	-0.997070	-0.998535
120	-0.995117	-0.997559
121	-0.999023	-0.999512
122	-0.998047	-0.999023
123	-0.996582	-0.998047
124	-0.998047	-0.999023
125	-0.992676	-0.996094
126	-0.999023	-0.999512
127	-0.994629	-0.997070
128	-0.998047	-0.999023
129	-0.993652	-0.996582
130	-0.999023	-0.999512
131	-0.996094	-0.998047
132	-0.995117	-0.997070
133	-0.998047	-0.999023
134	-0.991211	-0.995117
135	-0.994141	-0.997070
136	-0.993164	-0.996582
137	-0.997070	-0.998535
138	-0.990234	-0.995117
139	-0.997070	-0.998535
140	-0.996094	-0.998047
141	-0.991211	-0.995605
142	-0.997070	-0.998535
143	-0.999023	-0.999512
144	-0.996094	-0.998047
145	-0.998047	-0.999023
146	-0.997070	-0.998535
147	-0.996094	-0.998047
148	-0.995117	-0.997559
149	-0.998047	-0.999023
150	-0.997070	-0.998047
151	-1.000000	-1.000000
152	-0.998047	-0.999023
153	-0.996094	-0.998047
154	-0.995117	-0.997559
155	-0.998047	-0.999023
156	-0.999023	-0.999512
157	-0.996094	-0.998047
158	-0.997070	-0.998535
159	-0.997070	-0.998535
160	-0.996094	-0.998047
161	-0.999023	-0.999512
162	-0.995117	-0.997559
163	-0.996094	-0.998047
164	-0.999023	-0.999512
165	-0.995117	-0.997559
166	-0.996094	-0.998047
167	-0.997070	-0.998535
168	-0.997559	-0.998535
169	-0.997070	-0.998535
170	-0.996094	-0.998047
171	-0.997070	-0.998535
172	-0.987793	-0.993164
173	-0.995117	-0.997559
174	-0.997070	-0.998535
175	-0.997070	-0.998535
176	-0.996094	-0.998047
177	-0.992188	-0.996094
178	-0.993652	-0.996582
179	-1.000000	-1.000000
180	-0.994141	-0.996582
181	-0.997070	-0.998535
182	-0.997070	-0.998535
183	-0.996094	-0.998047
184	-0.994141	-0.997070
185	-0.995117	-0.997559
186	-0.998047	-0.999023
187	-0.995117	-0.997559
188	-0.997070	-0.998535
189	-0.998047	-0.999023
190	-0.995605	-0.997559
191	-0.995117	-0.997559
192	-0.996094	-0.998047
193	-0.997070	-0.998535
194	-0.992188	-0.996094
195	-0.997070	-0.998535
196	-0.992188	-0.996094
197	-0.996094	-0.998047
198	-0.996582	-0.998047
199	-0.997070	-0.998535
200	-0.994141	-0.997070
201	-0.994141	-0.997070
202	-0.999023	-0.999512
203	-0.996094	-0.998047
204	-0.999023	-0.999512
205	-0.997070	-0.998047
206	-0.999023	-0.999512
207	-0.994141	-0.997070
208	-0.993164	-0.996582
209	-0.996094	-0.998047
210	-0.995117	-0.997559
211	-0.995117	-0.997559
212	-0.996094	-0.998047
213	-0.997070	-0.998535
214	-0.994141	-0.996582
215	-0.990723	-0.995117
216	-0.991699	-0.995605
217	-0.997070	-0.998535
218	-1.000000	-1.000000
219	-0.992676	-0.996094
220	-0.997070	-0.998535
221	-0.993164	-0.996094
222	-0.998047	-0.999023
223	-0.999023	-0.999512
224	-0.999023	-0.999512
225	-0.996094	-0.998047
226	-0.995117	-0.997559
227	-0.992188	-0.996094
228	-0.993652	-0.995605
229	-0.997070	-0.998535
230	-0.994629	-0.997070
231	-1.000000	-1.000000
232	-0.994141	-0.997070
233	-0.995117	-0.997559
234	-0.995117	-0.997559
235	-0.993652	-0.996582
236	-0.995117	-0.997559
237	-0.997070	-0.998535
238	-0.996094	-0.998047
239	-0.996094	-0.998047
240	-0.997559	-0.998535
241	-0.997070	-0.998535
242	-0.994141	-0.997070
243	-0.999023	-0.999512
244	-0.997070	-0.998535
245	-0.993652	-0.996582
246	-0.994141	-0.997070
247	-0.996094	-0.998047
248	-0.999023	-0.999512
249	-0.996094	-0.998047
250	-0.994141	-0.997070
251	-0.993164	-0.996582
252	-0.992676	-0.996094
253	-0.996094	-0.998047
254	-0.992676	-0.996094
255	-0.999023	-0.999512
256	-0.996094	-0.998047
257	-0.998047	-0.999023
258	-0.998047	-0.999023
259	-0.996094	-0.998047
260	-0.995605	-0.997559
261	-0.995605	-0.997559
262	-0.994141	-0.997070
263	-0.998047	-0.999023
264	-0.998047	-0.999023
265	-0.993164	-0.996582
266	-0.998047	-0.999023
267	-0.999023	-0.999512
268	-0.998047	-0.999023
269	-0.993164	-0.996582
270	-0.997070	-0.998535
271	-0.999023	-0.999512
272	-0.996094	-0.998047
273	-0.993652	-0.996582
274	-0.997070	-0.998535
275	-0.997070	-0.998535
276	-0.999023	-0.999512
277	-0.993164	-0.996094
278	-0.994141	-0.997070
279	-0.997070	-0.998535
280	-0.995117	-0.997559
281	-0.996094	-0.998047
282	-0.996582	-0.998047
283	-0.998047	-0.999023
284	-0.999023	-0.999512
285	-0.989746	-0.994141
286	-0.997070	-0.998535
287	-0.994141	-0.997070
288	-0.991211	-0.995117
289	-0.996094	-0.998047
290	-0.994141	-0.997070
291	-0.995117	-0.997559
292	-0.998047	-0.999023
293	-0.993164	-0.996582
294	-0.997070	-0.998535
295	-0.994629	-0.997070
296	-0.994629	-0.997070
297	-0.996582	-0.998047
298	-0.995117	-0.997559
299	-0.997070	-0.998535
300	-0.996094	-0.997070
301	-0.997070	-0.998535
302	-0.997070	-0.998535
303	-0.993652	-0.996094
304	-0.995117	-0.997070
305	-0.998047	-0.999023
306	-0.997559	-0.998535
307	-0.999023	-0.999512
308	-0.996094	-0.998047
309	-0.997070	-0.998535
310	-0.994141	-0.997070
311	-0.998047	-0.999023
312	-0.995605	-0.997559
313	-0.997070	-0.998535
314	-0.994141	-0.997070
315	-0.997070	-0.998535
316	-0.996094	-0.998047
317	-0.997559	-0.998535
318	-0.994141	-0.997070
319	-0.999023	-0.999512
320	-1.000000	-1.000000
321	-0.997070	-0.998535
322	-0.994141	-0.997070
323	-0.997070	-0.998535
324	-0.995605	-0.997559
325	-0.995117	-0.997559
326	-0.993164	-0.996582
327	-0.996094	-0.998047
328	-0.993652	-0.996582
329	-0.998047	-0.999023
330	-0.996094	-0.998047
331	-0.997070	-0.998535
332	-0.997070	-0.998535
333	-0.998047	-0.999023
334	-0.996094	-0.998047
335	-0.997070	-0.998535
336	-0.996094	-0.997559
337	-0.995605	-0.997559
338	-0.999023	-0.999512
339	-0.995117	-0.997559
340	-0.996582	-0.998047
341	-0.992676	-0.996094
342	-0.995605	-0.997559
343	-0.994141	-0.997070
344	-0.998047	-0.999023
345	-0.996094	-0.998047
346	-0.993164	-0.996582
347	-0.994141	-0.997070
348	-0.993652	-0.996582
349	-0.998047	-0.999023
350	-0.996094	-0.998047
351	-0.999023	-0.999512
352	-0.996094	-0.998047
353	-0.997070	-0.998535
354	-0.995117	-0.997559
355	-0.996582	-0.998047
356	-0.997070	-0.998535
357	-0.994141	-0.997070
358	-0.997070	-0.998535
359	-0.998047	-0.999023
360	-0.997070	-0.998535
361	-0.998047	-0.999023
362	-0.997070	-0.998535
363	-0.996094	-0.998047
364	-0.998047	-0.999023
365	-0.995117	-0.997070
366	-0.999023	-0.999512
367	-0.999023	-0.999512
368	-0.999023	-0.999512
369	-0.992188	-0.996094
370	-0.999023	-0.999512
371	-0.997559	-0.998535
372	-0.993164	-0.996582
373	-0.999023	-0.999512
374	-0.994629	-0.997070
375	-0.995605	-0.997559
376	-0.994141	-0.997070
377	-0.993652	-0.996094
378	-0.994141	-0.997070
379	-0.994141	-0.997070
380	-0.995605	-0.997559
381	-0.996582	-0.998047
382	-1.000000	-1.000000
383	-0.992676	-0.996094
384	-0.995605	-0.997559
385	-0.998047	-0.999023
386	-0.997070	-0.998535
387	-0.998047	-0.999023
388	-0.995117	-0.997559
389	-0.995605	-0.997559
390	-0.995605	-0.997559
391	-0.995117	-0.997559
392	-0.997070	-0.998535
393	-0.995605	-0.997559
394	-0.998047	-0.999023
395	-0.999023	-0.999512
396	-0.996094	-0.998047
397	-0.996094	-0.998047
398	-0.998047	-0.999023
399	-0.994141	-0.997070
400	-0.999023	-0.999512
401	-0.995117	-0.997559
402	-0.995117	-0.997559
403	-0.998047	-0.999023
404	-0.998047	-0.999023
405	-1.000000	-1.000000
406	-0.998047	-0.999023
407	-0.998047	-0.999023
408	-0.997070	-0.998535
409	-0.996094	-0.998047
410	-0.996094	-0.998047
411	-0.996094	-0.998047
412	-0.997070	-0.998535
413	-0.993164	-0.996582
414	-0.999023	-0.999512
415	-0.997070	-0.998535
416	-0.995117	-0.997559
417	-0.996094	-0.998047
418	-0.998047	-0.999023
419	-0.995117	-0.997070
420	-0.997070	-0.998535
421	-0.998047	-0.999023
422	-0.992188	-0.996094
423	-0.996094	-0.998047
424	-0.999023	-0.999512
425	-0.996094	-0.998047
426	-1.000000	-1.000000
427	-0.997070	-0.998535
428	-0.994141	-0.997070
429	-0.999023	-0.999512
430	-0.996094	-0.998047
431	-0.995117	-0.997559
432	-0.996094	-0.998047
433	-0.997070	-0.998535
434	-0.997070	-0.998535
435	-0.996094	-0.998047
436	-0.996582	-0.998047
437	-0.995117	-0.997559
438	-0.995605	-0.997559
439	-0.992188	-0.996094
440	-0.998047	-0.999023
441	-0.997070	-0.998535
442	-0.994141	-0.996582
443	-0.997070	-0.998535
444	-0.996582	-0.998047
445	-0.998047	-0.999023
446	-0.991699	-0.995605
447	-0.998047	-0.999023
448	-0.997070	-0.998535
449	-0.999023	-0.999512
450	-0.994141	-0.997070
451	-0.996094	-0.998047
452	-0.997070	-0.998535
453	-0.995117	-0.997559
454	-0.994141	-0.997070
455	-0.995117	-0.997070
456	-0.989258	-0.994629
457	-0.997070	-0.998535
458	-0.998047	-0.999023
459	-0.994141	-0.997070
460	-0.991699	-0.995605
461	-0.998047	-0.999023
462	-0.998047	-0.999023
463	-0.995117	-0.997559
464	-0.995605	-0.997559
465	-0.998047	-0.999023
466	-0.994141	-0.997070
467	-0.994141	-0.997070
468	-0.998047	-0.999023
469	-0.997070	-0.998535
470	-0.992188	-0.995117
471	-1.000000	-1.000000
472	-0.996094	-0.998047
473	-0.996094	-0.998047
474	-0.994629	-0.997070
475	-0.996094	-0.998047
476	-0.998047	-0.999023
477	-0.994629	-0.997070
478	-0.999023	-0.999512
479	-0.999023	-0.999512
480	-0.995117	-0.997559
481	-0.996582	-0.998047
482	-0.997070	-0.998535
483	-0.993164	-0.996582
484	-0.999023	-0.999512
485	-0.994141	-0.997070
486	-0.998047	-0.999023
487	-0.999023	-0.999512
488	-0.997070	-0.998535
489	-0.997070	-0.998535
490	-0.998047	-0.999023
491	-0.998047	-0.999023
492	-0.996094	-0.998047
493	-0.997070	-0.998535
494	-0.995605	-0.997559
495	-0.997070	-0.998535
496	-0.993652	-0.996582
497	-0.994629	-0.997070
498	-0.999023	-0.999512
499	-0.998047	-0.999023
500	-0.994141	-0.996582
501	-0.998047	-0.999023
502	-0.998047	-0.999023
503	-0.995117	-0.997070
504	-0.995605	-0.997559
505	-0.993164	-0.996094
506	-0.994629	-0.997070
507	-0.999023	-0.999512
508	-0.998047	-0.999023
509	-0.998047	-0.999023
510	-0.992188	-0.996094
511	-0.994141	-0.997070
512	-0.994629	-0.997070
513	-0.996094	-0.998047
514	-0.998047	-0.999023
515	-0.995605	-0.997559
516	-0.993652	-0.996582
517	-0.996094	-0.998047
518	-0.998047	-0.999023
519	-0.993164	-0.996582
520	-0.999023	-0.999512
521	-0.996094	-0.998047
522	-0.995605	-0.997559
523	-0.997070	-0.998535
524	-0.997070	-0.998535
525	-0.995117	-0.997559
526	-0.997559	-0.998535
527	-0.996582	-0.998047
528	-0.994141	-0.997070
529	-0.993164	-0.996582
530	-0.996094	-0.998047
531	-1.000000	-1.000000
532	-0.997070	-0.998535
533	-0.994141	-0.997070
534	-0.997070	-0.998535
535	-0.999023	-0.999512
536	-0.996094	-0.998047
537	-0.999023	-0.999512
538	-0.994629	-0.997070
539	-0.995605	-0.997559
540	-0.996094	-0.998047
541	-0.996094	-0.998047
542	-0.998047	-0.999023
543	-0.996094	-0.997070
544	-0.996094	-0.998047
545	-0.998047	-0.999023
546	-0.991211	-0.995605
547	-0.998047	-0.999023
548	-0.998047	-0.999023
549	-0.995117	-0.997559
550	-0.998047	-0.999023
551	-0.997070	-0.998535
552	-0.998535	-0.999023
553	-0.996094	-0.998047
554	-0.993164	-0.996582
555	-0.996582	-0.998047
556	-0.994141	-0.997070
557	-0.998047	-0.999023
558	-0.998047	-0.999023
559	-0.999023	-0.999512
560	-0.995117	-0.997559
561	-0.998047	-0.999023
562	-0.994141	-0.997070
563	-0.995605	-0.997559
564	-0.998047	-0.999023
565	-0.998047	-0.999023
566	-0.998047	-0.999023
567	-0.997070	-0.998535
568	-0.998047	-0.999023
569	-0.996582	-0.998047
570	-0.995117	-0.997559
571	-0.996582	-0.998047
572	-0.993164	-0.996582
573	-0.995605	-0.997559
574	-0.997070	-0.998535
575	-0.996094	-0.998047
576	-0.998047	-0.999023
577	-0.995117	-0.997559
578	-0.994141	-0.997070
579	-0.995117	-0.997559
580	-0.997070	-0.998535
581	-0.996094	-0.998047
582	-0.995117	-0.997559
583	-0.994629	-0.996582
584	-0.997070	-0.998535
585	-0.996094	-0.998047
586	-0.997070	-0.998535
587	-0.998047	-0.999023
588	-0.992676	-0.996094
589	-0.997070	-0.998535
590	-0.995117	-0.997559
591	-0.993164	-0.996094
592	-0.994629	-0.996582
593	-0.995117	-0.997559
594	-0.997070	-0.998535
595	-0.995117	-0.997559
596	-0.994141	-0.997070
597	-0.995117	-0.997559
598	-0.999023	-0.999512
599	-0.997070	-0.998535
600	-0.998047	-0.999023
601	-0.998047	-0.999023
602	-0.998535	-0.999023
603	-0.997070	-0.998535
604	-0.997070	-0.998535
605	-0.996094	-0.998047
606	-0.996094	-0.998047
607	-0.994141	-0.997070
608	-0.992188	-0.996094
609	-0.996094	-0.998047
610	-0.997070	-0.998535
611	-0.995117	-0.997559
612	-0.995117	-0.997559
613	-0.998047	-0.999023
614	-0.998047	-0.999023
615	-0.996094	-0.998047
616	-0.994141	-0.997070
617	-0.997070	-0.998535
618	-0.992188	-0.996094
619	-0.997070	-0.998535
620	-0.998047	-0.999023
621	-0.998047	-0.999023
622	-0.999023	-0.999512
623	-0.996094	-0.998047
624	-0.997070	-0.998535
625	-0.995605	-0.997559
626	-0.996094	-0.998047
627	-0.997559	-0.998535
628	-0.999023	-0.999512
629	-0.998047	-0.999023
630	-0.999023	-0.999512
631	-0.997070	-0.998535
632	-0.995117	-0.997559
633	-0.998047	-0.999023
634	-0.995117	-0.997559
635	-0.997070	-0.998535
636	-0.997070	-0.998535
637	-0.992188	-0.996094
638	-0.996094	-0.998047
639	-0.991211	-0.995605
640	-0.996582	-0.998047
641	-0.996094	-0.998047
642	-0.997070	-0.998535
643	-0.997070	-0.998535
644	-0.998047	-0.999023
645	-0.997070	-0.998535
646	-0.998047	-0.999023
647	-0.997070	-0.998535
648	-0.997070	-0.998535
649	-0.997070	-0.998535
650	-0.998047	-0.999023
651	-0.996094	-0.998047
652	-0.999023	-0.999512
653	-0.992188	-0.995605
654	-0.998047	-0.999023
655	-0.997559	-0.998535
656	-0.996094	-0.998047
657	-0.996094	-0.998047
658	-0.996094	-0.997559
659	-0.996094	-0.998047
660	-0.999023	-0.999512
661	-0.997070	-0.998535
662	-0.992188	-0.996094
663	-0.996582	-0.998047
664	-0.996582	-0.998047
665	-0.996094	-0.998047
666	-0.996094	-0.998047
667	-0.995117	-0.997559
668	-0.999023	-0.999512
669	-0.996094	-0.998047
670	-0.997070	-0.998535
671	-0.994141	-0.997070
672	-0.996094	-0.998047
673	-0.995117	-0.997559
674	-0.996094	-0.997559
675	-0.991699	-0.995605
676	-0.999023	-0.999512
677	-0.999023	-0.999512
678	-0.996094	-0.998047
679	-0.995117	-0.997559
680	-1.000000	-1.000000
681	-0.996094	-0.998047
682	-0.995117	-0.997559
683	-0.998047	-0.999023
684	-0.993164	-0.996582
685	-0.997070	-0.998535
686	-0.998047	-0.999023
687	-0.997070	-0.998535
688	-0.998047	-0.999023
689	-0.993164	-0.996582
690	-0.997070	-0.998535
691	-0.998047	-0.999023
692	-0.995117	-0.997559
693	-0.997559	-0.998535
694	-0.992188	-0.996094
695	-0.998047	-0.999023
696	-0.997070	-0.998535
697	-0.994141	-0.997070
698	-0.998047	-0.999023
699	-0.994141	-0.996582
700	-0.997070	-0.998535
701	-0.996094	-0.998047
702	-0.994629	-0.997070
703	-0.992188	-0.996094
704	-0.996094	-0.998047
705	-0.992676	-0.996094
706	-0.998047	-0.999023
707	-0.997070	-0.998535
708	-0.992188	-0.996094
709	-0.995117	-0.997559
710	-0.995117	-0.997559
711	-0.995117	-0.997559
712	-0.998047	-0.999023
713	-0.994141	-0.997070
714	-0.995605	-0.997559
715	-1.000000	-1.000000
716	-0.997070	-0.998535
717	-0.998535	-0.999023
718	-0.996094	-0.998047
719	-0.997070	-0.998535
720	-0.991699	-0.995605
721	-1.000000	-1.000000
722	-0.998047	-0.999023
723	-0.999023	-0.999512
724	-1.000000	-1.000000
725	-0.997070	-0.998535
726	-0.998047	-0.999023
727	-0.990723	-0.994629
728	-0.995117	-0.997559
729	-0.996094	-0.998047
730	-0.994141	-0.997070
731	-0.998047	-0.999023
732	-0.992188	-0.995605
733	-0.999023	-0.999512
734	-0.994141	-0.997070
735	-0.993164	-0.996582
736	-0.999023	-0.999512
737	-0.998047	-0.999023
738	-0.995117	-0.997559
739	-0.998047	-0.999023
740	-0.995117	-0.997070
741	-0.995117	-0.997559
742	-0.994141	-0.997070
743	-0.996094	-0.998047
744	-0.992676	-0.995117
745	-0.994141	-0.997070
746	-1.000000	-1.000000
747	-0.996582	-0.998047
748	-0.995117	-0.997559
749	-0.997070	-0.998535
750	-0.996094	-0.998047
751	-0.996582	-0.998047
752	-0.998047	-0.999023
753	-0.994141	-0.997070
754	-0.997070	-0.998535
755	-0.991699	-0.995605
756	-0.996094	-0.998047
757	-0.993164	-0.996582
758	-0.994629	-0.997070
759	-0.994141	-0.997070
760	-0.996094	-0.998047
761	-0.998047	-0.999023
762	-0.998047	-0.999023
763	-0.998047	-0.999023
764	-0.997070	-0.998535
765	-0.997070	-0.998535
766	-0.992676	-0.996094
767	-0.997070	-0.998535
768	-0.996094	-0.998047
769	-0.995117	-0.997559
770	-0.995117	-0.997559
771	-0.999023	-0.999512
772	-0.993164	-0.996094
773	-0.996094	-0.998047
774	-0.994629	-0.997070
775	-0.995605	-0.997559
776	-0.999023	-0.999512
777	-0.992676	-0.996094
778	-0.994629	-0.997070
779	-1.000000	-1.000000
780	-0.994141	-0.997070
781	-0.996094	-0.997559
782	-0.999023	-0.999512
783	-0.997070	-0.998535
784	-0.997070	-0.998535
785	-0.998047	-0.999023
786	-0.998047	-0.999023
787	-0.997070	-0.998535
788	-0.997559	-0.998535
789	-0.995117	-0.997559
790	-0.992188	-0.996094
791	-0.997070	-0.998535
792	-0.998047	-0.999023
793	-0.998047	-0.999023
794	-0.996094	-0.998047
795	-0.995117	-0.997559
796	-0.997070	-0.998535
797	-0.996094	-0.998047
798	-0.996582	-0.998047
799	-0.997070	-0.998535
800	-0.997070	-0.998535
801	-0.995605	-0.997559
802	-0.998047	-0.999023
803	-0.999023	-0.999512
804	-0.997559	-0.998535
805	-0.993652	-0.996582
806	-0.997070	-0.998535
807	-0.997070	-0.998535
808	-0.999023	-0.999512
809	-0.998047	-0.999023
810	-0.995117	-0.997559
811	-0.997070	-0.998535
812	-0.997070	-0.998535
813	-0.995117	-0.997559
814	-0.994141	-0.997070
815	-0.990723	-0.995117
816	-0.992676	-0.996094
817	-0.997070	-0.998535
818	-1.000000	-1.000000
819	-0.997070	-0.998535
820	-0.996094	-0.998047
821	-0.998047	-0.999023
822	-0.996582	-0.998047
823	-0.998047	-0.999023
824	-0.995117	-0.997559
825	-0.996094	-0.998047
826	-0.998047	-0.999023
827	-0.991699	-0.995605
828	-0.994629	-0.997070
829	-0.996094	-0.998047
830	-0.996094	-0.998047
831	-0.998047	-0.999023
832	-0.996094	-0.998047
833	-0.997070	-0.998535
834	-0.999023	-0.999512
835	-0.995117	-0.997559
836	-0.995605	-0.997559
837	-0.998047	-0.999023
838	-0.998047	-0.999023
839	-0.995117	-0.997559
840	-0.994141	-0.997070
841	-0.996094	-0.998047
842	-0.995117	-0.997559
843	-0.999023	-0.999512
844	-0.996094	-0.998047
845	-0.996094	-0.998047
846	-0.995605	-0.997559
847	-0.998047	-0.999023
848	-0.998047	-0.999023
849	-0.997070	-0.998535
850	-0.997070	-0.998047
851	-0.994141	-0.997070
852	-0.996094	-0.998047
853	-0.992188	-0.996094
854	-0.999023	-0.999512
855	-0.997070	-0.998047
856	-0.996582	-0.998047
857	-0.999023	-0.999512
858	-0.994141	-0.997070
859	-0.996094	-0.998047
860	-0.997070	-0.998535
861	-0.998047	-0.999023
862	-0.995117	-0.997559
863	-0.998047	-0.999023
864	-0.995117	-0.997559
865	-0.999023	-0.999512
866	-0.995117	-0.997559
867	-0.997070	-0.998535
868	-0.998047	-0.999023
869	-0.997070	-0.998535
870	-0.991699	-0.995605
871	-0.994141	-0.997070
872	-0.995605	-0.997559
873	-0.995117	-0.997559
874	-0.996582	-0.998047
875	-0.999023	-0.999512
876	-0.996094	-0.998047
877	-0.996094	-0.998047
878	-0.997070	-0.998535
879	-0.998047	-0.999023
880	-0.995117	-0.997559
881	-0.996094	-0.998047
882	-0.996094	-0.998047
883	-0.997070	-0.998535
884	-0.995117	-0.997559
885	-0.995605	-0.997070
886	-0.997070	-0.998535
887	-0.993164	-0.996094
888	-0.998047	-0.999023
889	-0.996094	-0.998047
890	-0.991699	-0.995117
891	-0.990723	-0.995117
892	-0.998047	-0.999023
893	-0.997070	-0.998535
894	-0.995605	-0.997559
895	-0.995117	-0.997559
896	-0.996094	-0.998047
897	-0.994141	-0.997070
898	-0.995605	-0.997559
899	-0.996582	-0.998047
900	-0.998047	-0.999023
901	-0.999023	-0.999512
902	-0.998047	-0.999023
903	-0.995117	-0.997559
904	-0.997070	-0.998535
905	-0.997070	-0.998535
906	-0.995117	-0.997559
907	-0.994141	-0.997070
908	-0.996094	-0.998047
909	-0.994141	-0.997070
910	-0.998047	-0.999023
911	-0.998047	-0.999023
912	-0.998047	-0.999023
913	-0.997070	-0.998535
914	-0.996094	-0.998047
915	-0.999023	-0.999512
916	-0.992676	-0.996094
917	-0.996094	-0.998047
918	-0.997070	-0.998535
919	-0.995117	-0.997559
920	-0.992188	-0.996094
921	-0.994629	-0.997070
922	-0.995117	-0.997559
923	-0.998047	-0.999023
924	-0.996094	-0.998047
925	-0.997070	-0.998535
926	-0.996094	-0.998047
927	-0.993164	-0.996582
928	-0.997070	-0.998535
929	-0.996094	-0.998047
930	-0.994141	-0.997070
931	-0.998047	-0.999023
932	-0.998047	-0.999023
933	-0.996094	-0.998047
934	-0.999023	-0.999512
935	-0.998047	-0.999023
936	-0.992188	-0.996094
937	-0.997559	-0.998535
938	-0.996094	-0.998047
939	-0.993652	-0.996582
940	-0.993164	-0.996582
941	-0.997070	-0.998535
942	-0.997070	-0.998535
943	-0.997070	-0.998535
944	-0.999023	-0.999512
945	-0.996094	-0.998047
946	-0.995117	-0.997559
947	-0.995605	-0.997559
948	-0.994629	-0.997070
949	-0.995117	-0.997559
950	-0.996094	-0.998047
951	-0.998047	-0.999023
952	-0.997070	-0.998535
953	-0.992188	-0.996094
954	-0.994141	-0.997070
955	-0.998047	-0.999023
956	-0.996094	-0.998047
957	-0.995117	-0.997559
958	-0.997070	-0.998535
959	-0.994141	-0.997070
960	-0.996094	-0.998047
961	-0.998047	-0.999023
962	-0.994141	-0.996582
963	-0.996094	-0.998047
964	-0.995117	-0.997559
965	-0.998047	-0.999023
966	-0.995605	-0.997559
967	-0.997559	-0.998535
968	-0.995605	-0.997559
969	-0.996094	-0.998047
970	-0.997070	-0.998535
971	-0.995605	-0.997559
972	-0.994629	-0.997070
973	-0.999023	-0.999512
974	-0.996582	-0.998047
975	-0.996094	-0.998047
976	-0.997070	-0.998535
977	-0.993164	-0.996582
978	-0.993164	-0.996582
979	-0.999023	-0.999512
980	-0.995117	-0.997559
981	-0.998047	-0.999023
982	-0.998047	-0.999023
983	-0.997070	-0.998535
984	-0.995117	-0.997070
985	-0.998047	-0.999023
986	-0.994141	-0.996094
987	-0.997070	-0.998535
988	-0.999023	-0.999512
989	-0.996094	-0.998047
990	-0.999023	-0.999512
991	-0.992676	-0.996094
992	-0.993652	-0.996582
993	-0.994629	-0.997070
994	-0.997070	-0.998535
995	-0.995605	-0.997559
996	-0.993652	-0.996582
997	-0.997070	-0.998535
998	-0.999023	-0.999512
999	-0.994141	-0.997070
