0	-0.989258	-0.994629
1	-0.993164	-0.996582
2	-0.996094	-0.998047
3	-0.992188	-0.995605
4	-0.991211	-0.995605
5	-0.996094	-0.998047
6	-0.990234	-0.995117
7	-0.993164	-0.996582
8	-0.994629	-0.996094
9	-0.989746	-0.994629
10	-0.998047	-0.999023
11	-0.991211	-0.995605
12	-0.993164	-0.996582
13	-0.994141	-0.997070
14	-0.994141	-0.997070
15	-0.991211	-0.995117
16	-0.992188	-0.995605
17	-0.993164	-0.996582
18	-0.993164	-0.996582
19	-0.989258	-0.994629
20	-0.994629	-0.997070
21	-0.990723	-0.995117
22	-0.993652	-0.996094
23	-0.985840	-0.992676
24	-0.992188	-0.996094
25	-0.996094	-0.998047
26	-0.988770	-0.993652
27	-0.991211	-0.995117
28	-0.992676	-0.996094
29	-0.997070	-0.998535
30	-0.987305	-0.992676
31	-0.995117	-0.997559
32	-0.993164	-0.996582
33	-0.998047	-0.999023
34	-0.988281	-0.993652
35	-0.993164	-0.996582
36	-0.992188	-0.996094
37	-0.991699	-0.995605
38	-0.992188	-0.996094
39	-0.992676	-0.995605
40	-0.984863	-0.992188
41	-0.994629	-0.996582
42	-0.988281	-0.994141
43	-0.989258	-0.994629
44	-0.986816	-0.993164
45	-0.995117	-0.997559
46	-0.992188	-0.995605
47	-0.990723	-0.995117
48	-0.992676	-0.996094
49	-0.993164	-0.996582
50	-0.993164	-0.996582
51	-0.990234	-0.995117
52	-0.996094	-0.998047
53	-0.996094	-0.998047
54	-0.986328	-0.992188
55	-0.998047	-0.999023
56	-0.988281	-0.994141
57	-0.991211	-0.995605
58	-0.990234	-0.994629
59	-0.994141	-0.997070
60	-0.991211	-0.994629
61	-0.991211	-0.995117
62	-0.995117	-0.997559
63	-0.993652	-0.996582
64	-0.990234	-0.995117
65	-0.995605	-0.997559
66	-0.992188	-0.996094
67	-0.991211	-0.995605
68	-0.995117	-0.997070
69	-0.991699	-0.995605
70	-0.995117	-0.997559
71	-0.996094	-0.997559
72	-0.991699	-0.995605
73	-0.992676	-0.996094
74	-0.994629	-0.997070
75	-0.993652	-0.996582
76	-0.992188	-0.996094
77	-0.994141	-0.997070
78	-0.991699	-0.995605
79	-0.991211	-0.995605
80	-0.989746	-0.993652
81	-0.985352	-0.992188
82	-0.994141	-0.997070
83	-0.994141	-0.997070
84	-0.991211	-0.995117
85	-0.993164	-0.996582
86	-0.994141	-0.997070
87	-0.992676	-0.995605
88	-0.990234	-0.994629
89	-0.991211	-0.995117
90	-0.987793	-0.993652
91	-0.997070	-0.998535
92	-0.994141	-0.997070
93	-0.995605	-0.997559
94	-0.989258	-0.994629
95	-0.992188	-0.996094
96	-0.992676	-0.996094
97	-0.987793	-0.993652
98	-0.993652	-0.996582
99	-0.987305	-0.993164
100	-0.985840	-0.992676
101	-0.993164	-0.996582
102	-0.993652	-0.996582
103	-0.991211	-0.995605
104	-0.992188	-0.996094
105	-0.992188	-0.996094
106	-0.994141	-0.996582
107	-0.996094	-0.998047
108	-0.994141	-0.997070
109	-0.993164	-0.996582
110	-0.992676	-0.996094
111	-0.989258	-0.993652
112	-0.987793	-0.993652
113	-0.993164	-0.996582
114	-0.993652	-0.996582
115	-0.998047	-0.999023
116	-0.996094	-0.998047
117	-0.992188	-0.996094
118	-0.994141	-0.997070
119	-0.989258	-0.991699
120	-0.993164	-0.996582
121	-0.997070	-0.998535
122	-0.990723	-0.994629
123	-0.985352	-0.991699
124	-0.994141	-0.997070
125	-0.994629	-0.997070
126	-0.994141	-0.997070
127	-0.990723	-0.994141
128	-0.995117	-0.997559
129	-0.991211	-0.995605
130	-0.986328	-0.993164
131	-0.993164	-0.996094
132	-0.996094	-0.998047
133	-0.986816	-0.993164
134	-0.996094	-0.998047
135	-0.991211	-0.995605
136	-0.994629	-0.995605
137	-0.989258	-0.994629
138	-0.989258	-0.994629
139	-0.993652	-0.996582
140	-0.991211	-0.995605
141	-0.993164	-0.996094
142	-0.994141	-0.997070
143	-0.995117	-0.997559
144	-0.995117	-0.997559
145	-0.992676	-0.996094
146	-0.990723	-0.993652
147	-0.993164	-0.996094
148	-0.994141	-0.997070
149	-0.989746	-0.994629
150	-0.996094	-0.998047
151	-0.989258	-0.994141
152	-0.996094	-0.998047
153	-0.991211	-0.995117
154	-0.991699	-0.995117
155	-0.994629	-0.997070
156	-0.987305	-0.993652
157	-0.992676	-0.996094
158	-0.993164	-0.996582
159	-0.991211	-0.995605
160	-0.994141	-0.997070
161	-0.992676	-0.996094
162	-0.989258	-0.994629
163	-0.994629	-0.997070
164	-0.988281	-0.993652
165	-0.990723	-0.995117
166	-0.990234	-0.995117
167	-0.990723	-0.994629
168	-0.993164	-0.996582
169	-0.994629	-0.997070
170	-0.990723	-0.994629
171	-0.995605	-0.997559
172	-0.988281	-0.993652
173	-0.992188	-0.995117
174	-0.993164	-0.996582
175	-0.992188	-0.995605
176	-0.992188	-0.995117
177	-0.991211	-0.995605
178	-0.997070	-0.998535
179	-0.992676	-0.996094
180	-0.987305	-0.993652
181	-0.991211	-0.995605
182	-0.995117	-0.997559
183	-0.993164	-0.996582
184	-0.991211	-0.995605
185	-0.994141	-0.997070
186	-0.993652	-0.996582
187	-0.996094	-0.998047
188	-0.993164	-0.996582
189	-0.990723	-0.995117
190	-0.994141	-0.997070
191	-0.990234	-0.994629
192	-0.990723	-0.995117
193	-0.990723	-0.995117
194	-0.992676	-0.996094
195	-0.994141	-0.997070
196	-0.991211	-0.995117
197	-0.994141	-0.997070
198	-0.996094	-0.998047
199	-0.995117	-0.997559
200	-0.990723	-0.995117
201	-0.996094	-0.998047
202	-0.987793	-0.993652
203	-0.996094	-0.998047
204	-0.993164	-0.996582
205	-0.991699	-0.995605
206	-0.996094	-0.998047
207	-0.992676	-0.996094
208	-0.992676	-0.996094
209	-0.989746	-0.994629
210	-0.995117	-0.997559
211	-0.994629	-0.997070
212	-0.993164	-0.996582
213	-0.995605	-0.997559
214	-0.997070	-0.998535
215	-0.990723	-0.995117
216	-0.992188	-0.996094
217	-0.994141	-0.997070
218	-0.991211	-0.995605
219	-0.993164	-0.996582
220	-0.995117	-0.997559
221	-0.990234	-0.995117
222	-0.995117	-0.997559
223	-0.989258	-0.994629
224	-0.991211	-0.995117
225	-0.989258	-0.994629
226	-0.996094	-0.998047
227	-0.992188	-0.996094
228	-0.994141	-0.997070
229	-0.991699	-0.995605
230	-0.994141	-0.997070
231	-0.992188	-0.996094
232	-0.995117	-0.997559
233	-0.993652	-0.996582
234	-0.993652	-0.996582
235	-0.993164	-0.996582
236	-0.997070	-0.998535
237	-0.988281	-0.993652
238	-0.991699	-0.995605
239	-0.991211	-0.994141
240	-0.995117	-0.997559
241	-0.994141	-0.997070
242	-0.990234	-0.994629
243	-0.990234	-0.994629
244	-0.996094	-0.998047
245	-0.995117	-0.997559
246	-0.990234	-0.995117
247	-0.995605	-0.997559
248	-0.992676	-0.996094
249	-0.992188	-0.995605
250	-0.992188	-0.996094
251	-0.993164	-0.996582
252	-0.996094	-0.998047
253	-0.993164	-0.996582
254	-0.992676	-0.996094
255	-0.990234	-0.995117
256	-0.991211	-0.995117
257	-0.991211	-0.995117
258	-0.991699	-0.995117
259	-0.983887	-0.991211
260	-0.998047	-0.999023
261	-0.987793	-0.993652
262	-0.991211	-0.995605
263	-0.991211	-0.995117
264	-0.999023	-0.999512
265	-0.989258	-0.994629
266	-0.989258	-0.992676
267	-0.993652	-0.996582
268	-0.991211	-0.995605
269	-0.989746	-0.994629
270	-0.991211	-0.995117
271	-0.992188	-0.996094
272	-0.994141	-0.997070
273	-0.989746	-0.994629
274	-0.995117	-0.997559
275	-0.991211	-0.995605
276	-0.991211	-0.995117
277	-0.992676	-0.996094
278	-0.989258	-0.994629
279	-0.995117	-0.997559
280	-0.992676	-0.996094
281	-0.990234	-0.995117
282	-0.994141	-0.997070
283	-0.987793	-0.992676
284	-0.991699	-0.995605
285	-0.994141	-0.997070
286	-0.991699	-0.995605
287	-0.988281	-0.994141
288	-0.992188	-0.996094
289	-0.984375	-0.991699
290	-0.994141	-0.996582
291	-0.992676	-0.996094
292	-0.987793	-0.993652
293	-0.989258	-0.994141
294	-0.992188	-0.996094
295	-0.994141	-0.997070
296	-0.995117	-0.997559
297	-0.990234	-0.995117
298	-0.986816	-0.993164
299	-0.996094	-0.998047
300	-0.990234	-0.995117
301	-0.997070	-0.998047
302	-0.994141	-0.997070
303	-0.996094	-0.998047
304	-0.989258	-0.994141
305	-0.995117	-0.997559
306	-0.994141	-0.997070
307	-0.999023	-0.999512
308	-0.997070	-0.998535
309	-0.993164	-0.996582
310	-0.993164	-0.996582
311	-0.987305	-0.992188
312	-0.992676	-0.996094
313	-0.991211	-0.995605
314	-0.990234	-0.995117
315	-0.997070	-0.998535
316	-0.991211	-0.995117
317	-0.996094	-0.997559
318	-0.989746	-0.994629
319	-0.992188	-0.996094
320	-0.994629	-0.997070
321	-0.993652	-0.996582
322	-0.992676	-0.996094
323	-0.995117	-0.997559
324	-0.987793	-0.993164
325	-0.994141	-0.997070
326	-0.994141	-0.997070
327	-0.992676	-0.996094
328	-0.988770	-0.993164
329	-0.988281	-0.994141
330	-1.000000	-1.000000
331	-0.992676	-0.996094
332	-0.990234	-0.994629
333	-0.995117	-0.997559
334	-0.992188	-0.996094
335	-0.994629	-0.997070
336	-0.994141	-0.997070
337	-0.990234	-0.995117
338	-0.994141	-0.997070
339	-0.987305	-0.993164
340	-0.993652	-0.996582
341	-0.987305	-0.993652
342	-0.989746	-0.994629
343	-0.987305	-0.993652
344	-0.995117	-0.997559
345	-0.996094	-0.998047
346	-0.996094	-0.998047
347	-0.996094	-0.998047
348	-0.995117	-0.997559
349	-0.995605	-0.997559
350	-0.991211	-0.995117
351	-0.989258	-0.994629
352	-0.993164	-0.996582
353	-0.989258	-0.994629
354	-0.991211	-0.995605
355	-0.995605	-0.997559
356	-0.989258	-0.994141
357	-0.993164	-0.996582
358	-0.989746	-0.994629
359	-0.989746	-0.994141
360	-0.996094	-0.998047
361	-0.986816	-0.993164
362	-0.989258	-0.994141
363	-0.996094	-0.998047
364	-0.990234	-0.995117
365	-0.989258	-0.994141
366	-0.996094	-0.998047
367	-0.993652	-0.996094
368	-0.990723	-0.995117
369	-0.995117	-0.997559
370	-0.994629	-0.997070
371	-0.995117	-0.997559
372	-0.994141	-0.996582
373	-0.993164	-0.996094
374	-0.987305	-0.993164
375	-0.991699	-0.995605
376	-0.992188	-0.996094
377	-0.996094	-0.998047
378	-0.995117	-0.997559
379	-0.988770	-0.994141
380	-0.993652	-0.996582
381	-0.994629	-0.997070
382	-0.991699	-0.995605
383	-0.994629	-0.997070
384	-0.992188	-0.996094
385	-0.989258	-0.992676
386	-0.997070	-0.998535
387	-0.995117	-0.997559
388	-0.990234	-0.994629
389	-0.990723	-0.995117
390	-0.994141	-0.997070
391	-0.994141	-0.997070
392	-0.993652	-0.996582
393	-0.995605	-0.997559
394	-0.989258	-0.994629
395	-0.992188	-0.996094
396	-0.993164	-0.996582
397	-0.994141	-0.997070
398	-0.992676	-0.996094
399	-0.985840	-0.992676
400	-0.987305	-0.993164
401	-0.994141	-0.997070
402	-0.997559	-0.998535
403	-0.991699	-0.995605
404	-0.993164	-0.996582
405	-0.994141	-0.997070
406	-0.991211	-0.995117
407	-0.990234	-0.995117
408	-0.993164	-0.996582
409	-0.992676	-0.996094
410	-0.994141	-0.997070
411	-0.989746	-0.994629
412	-0.986328	-0.992676
413	-0.993164	-0.996582
414	-0.994629	-0.997070
415	-0.991211	-0.995117
416	-0.994141	-0.996582
417	-0.995117	-0.997559
418	-0.993164	-0.996582
419	-0.993164	-0.996582
420	-0.991211	-0.994141
421	-0.994629	-0.997070
422	-0.995117	-0.997559
423	-0.993164	-0.996582
424	-0.992188	-0.996094
425	-0.994141	-0.997070
426	-0.990723	-0.995117
427	-0.994141	-0.996582
428	-0.996094	-0.998047
429	-0.994141	-0.997070
430	-0.990723	-0.995117
431	-0.997070	-0.998535
432	-0.989746	-0.994629
433	-0.995117	-0.997559
434	-0.988770	-0.992676
435	-0.989258	-0.994629
436	-0.992188	-0.996094
437	-0.986328	-0.993164
438	-0.996094	-0.998047
439	-0.994141	-0.996582
440	-0.995605	-0.997559
441	-0.998047	-0.999023
442	-0.988281	-0.994141
443	-0.992188	-0.996094
444	-0.993164	-0.996582
445	-0.996094	-0.998047
446	-0.991211	-0.995605
447	-0.993164	-0.996582
448	-0.990723	-0.995117
449	-0.995117	-0.997559
450	-0.987793	-0.993652
451	-0.993164	-0.996582
452	-0.994141	-0.997070
453	-0.994141	-0.997070
454	-0.983398	-0.990723
455	-0.988770	-0.994141
456	-0.992676	-0.996094
457	-0.991699	-0.995605
458	-0.994629	-0.997070
459	-0.996094	-0.998047
460	-0.994141	-0.997070
461	-0.986328	-0.992188
462	-0.992188	-0.996094
463	-0.993164	-0.996582
464	-0.992676	-0.995605
465	-0.993164	-0.996582
466	-0.991211	-0.995605
467	-0.991211	-0.995605
468	-0.990723	-0.995117
469	-0.992676	-0.995605
470	-0.993164	-0.996582
471	-0.991211	-0.995117
472	-0.993652	-0.996582
473	-0.992188	-0.996094
474	-0.990234	-0.994141
475	-0.987793	-0.993652
476	-0.996094	-0.998047
477	-0.992188	-0.996094
478	-0.992676	-0.996094
479	-0.993652	-0.996582
480	-0.990234	-0.995117
481	-0.987793	-0.993652
482	-0.991699	-0.995605
483	-0.992676	-0.996094
484	-0.989746	-0.994629
485	-0.992676	-0.995605
486	-0.997070	-0.998535
487	-0.991211	-0.995605
488	-0.995117	-0.997559
489	-0.994141	-0.997070
490	-0.990723	-0.995117
491	-0.994141	-0.997070
492	-0.993164	-0.996582
493	-0.991699	-0.995117
494	-0.995117	-0.997559
495	-0.991699	-0.995605
496	-0.993164	-0.996582
497	-0.993164	-0.996582
498	-0.992188	-0.996094
499	-0.996582	-0.998047
500	-0.990723	-0.995117
501	-0.994141	-0.997070
502	-0.993652	-0.996582
503	-0.989258	-0.994629
504	-0.989746	-0.994629
505	-0.991699	-0.995605
506	-0.993164	-0.996582
507	-0.995117	-0.997070
508	-0.993652	-0.996582
509	-0.994141	-0.997070
510	-0.993164	-0.996582
511	-0.989258	-0.994629
512	-0.989258	-0.994141
513	-0.986816	-0.992676
514	-0.992188	-0.996094
515	-0.996094	-0.998047
516	-0.997070	-0.998535
517	-0.991211	-0.995605
518	-0.992676	-0.996094
519	-0.996094	-0.998047
520	-0.989258	-0.994629
521	-0.993652	-0.996582
522	-0.996094	-0.998047
523	-0.984375	-0.991699
524	-0.986816	-0.992676
525	-0.994141	-0.997070
526	-0.993652	-0.996582
527	-0.993164	-0.996582
528	-0.998047	-0.999023
529	-0.995117	-0.997559
530	-0.992676	-0.996094
531	-0.991211	-0.995117
532	-0.990234	-0.994629
533	-0.992188	-0.996094
534	-0.986816	-0.992188
535	-0.994141	-0.997070
536	-0.992188	-0.995605
537	-0.985352	-0.991699
538	-0.992188	-0.996094
539	-0.997070	-0.998535
540	-0.990723	-0.995117
541	-0.989746	-0.994629
542	-0.988770	-0.994141
543	-0.989258	-0.993652
544	-0.993164	-0.996582
545	-0.995605	-0.997559
546	-0.991211	-0.995117
547	-0.994141	-0.997070
548	-0.994141	-0.997070
549	-0.994141	-0.997070
550	-0.992676	-0.996094
551	-0.996582	-0.998047
552	-0.991699	-0.995605
553	-0.991699	-0.995605
554	-0.994141	-0.997070
555	-0.990723	-0.995117
556	-0.988770	-0.993652
557	-0.996094	-0.998047
558	-0.990723	-0.995117
559	-0.989258	-0.994629
560	-0.995117	-0.997559
561	-0.992188	-0.996094
562	-0.987793	-0.993652
563	-0.996094	-0.998047
564	-0.992188	-0.996094
565	-0.992676	-0.995605
566	-0.995117	-0.997559
567	-0.994141	-0.997070
568	-0.990723	-0.994629
569	-0.994141	-0.997070
570	-0.991211	-0.994629
571	-0.992188	-0.996094
572	-0.997070	-0.998535
573	-0.988281	-0.994141
574	-0.993652	-0.996582
575	-0.990723	-0.995117
576	-0.990723	-0.995117
577	-0.994141	-0.996582
578	-0.994141	-0.997070
579	-0.987793	-0.992676
580	-0.988281	-0.993164
581	-0.992676	-0.996094
582	-0.995605	-0.997559
583	-0.991211	-0.995605
584	-0.994141	-0.996582
585	-0.992676	-0.996094
586	-0.992188	-0.996094
587	-0.988770	-0.994141
588	-0.993652	-0.996582
589	-0.993164	-0.996094
590	-0.990723	-0.995117
591	-0.995117	-0.997559
592	-0.992676	-0.996094
593	-0.989258	-0.994629
594	-0.993164	-0.996582
595	-0.998047	-0.999023
596	-0.994141	-0.997070
597	-0.993164	-0.996094
598	-0.995605	-0.997559
599	-0.993164	-0.996582
600	-0.993652	-0.996582
601	-0.994141	-0.996582
602	-0.995605	-0.997559
603	-0.991699	-0.995605
604	-0.984863	-0.991699
605	-0.990234	-0.995117
606	-0.995117	-0.997559
607	-0.997070	-0.998535
608	-0.993164	-0.996582
609	-0.994141	-0.997070
610	-0.993652	-0.996582
611	-0.990723	-0.995117
612	-0.992188	-0.996094
613	-0.993164	-0.996582
614	-0.994141	-0.997070
615	-0.987793	-0.993652
616	-0.991211	-0.995605
617	-0.991699	-0.995605
618	-0.994141	-0.997070
619	-0.993652	-0.996582
620	-0.988770	-0.993652
621	-0.994629	-0.997070
622	-0.993164	-0.996582
623	-0.996094	-0.998047
624	-0.991211	-0.995605
625	-0.995605	-0.997559
626	-0.989746	-0.994629
627	-0.992188	-0.995605
628	-0.990234	-0.994141
629	-0.995117	-0.997559
630	-0.991211	-0.995605
631	-0.991211	-0.995605
632	-0.990723	-0.995117
633	-0.986816	-0.993164
634	-0.996094	-0.998047
635	-0.993164	-0.996582
636	-0.997070	-0.998535
637	-0.992676	-0.996094
638	-0.987793	-0.993652
639	-0.994629	-0.997070
640	-0.990234	-0.995117
641	-0.988281	-0.994141
642	-0.992188	-0.996094
643	-0.993164	-0.996582
644	-0.993164	-0.996094
645	-0.992188	-0.996094
646	-0.992676	-0.996094
647	-0.988770	-0.994141
648	-0.997070	-0.998535
649	-0.992188	-0.996094
650	-0.995117	-0.997559
651	-0.995605	-0.997559
652	-0.991211	-0.995605
653	-0.994629	-0.997070
654	-0.988770	-0.994141
655	-0.994141	-0.997070
656	-0.986816	-0.993164
657	-0.994629	-0.997070
658	-0.993164	-0.996582
659	-0.997070	-0.998535
660	-0.991211	-0.995117
661	-0.992188	-0.996094
662	-0.991699	-0.995605
663	-0.997070	-0.998535
664	-0.991211	-0.995605
665	-0.990234	-0.994629
666	-0.995605	-0.997559
667	-0.990723	-0.994629
668	-0.990234	-0.994629
669	-0.991211	-0.995605
670	-0.989746	-0.994141
671	-0.990234	-0.994629
672	-0.991211	-0.995117
673	-0.990234	-0.995117
674	-0.987305	-0.993652
675	-0.991211	-0.995605
676	-0.989258	-0.994141
677	-0.994141	-0.997070
678	-0.989258	-0.994141
679	-0.992188	-0.996094
680	-0.994141	-0.997070
681	-0.990234	-0.995117
682	-0.994141	-0.997070
683	-0.993652	-0.996582
684	-0.996094	-0.998047
685	-0.992188	-0.996094
686	-0.989258	-0.994141
687	-0.994141	-0.997070
688	-0.993164	-0.996582
689	-0.991699	-0.995117
690	-0.990723	-0.995117
691	-0.995117	-0.997559
692	-0.992676	-0.996094
693	-0.994141	-0.997070
694	-0.990234	-0.995117
695	-0.992188	-0.996094
696	-0.990723	-0.995117
697	-0.991211	-0.995605
698	-0.998047	-0.999023
699	-0.986328	-0.993164
700	-0.994629	-0.996582
701	-0.992676	-0.996094
702	-0.989258	-0.994629
703	-0.994141	-0.997070
704	-0.995117	-0.997559
705	-0.993164	-0.996094
706	-0.989746	-0.994141
707	-0.993164	-0.996582
708	-0.992188	-0.996094
709	-0.991699	-0.995605
710	-0.988770	-0.993652
711	-0.994141	-0.997070
712	-0.989258	-0.994141
713	-0.990723	-0.994629
714	-0.993652	-0.996582
715	-0.990723	-0.995117
716	-0.996094	-0.998047
717	-0.992676	-0.996094
718	-0.988281	-0.994141
719	-0.995117	-0.997559
720	-0.989258	-0.994629
721	-0.996094	-0.998047
722	-0.993164	-0.996582
723	-0.986816	-0.993164
724	-0.985840	-0.992676
725	-0.989746	-0.994629
726	-0.994629	-0.997070
727	-0.993164	-0.996582
728	-0.989746	-0.994629
729	-0.996094	-0.998047
730	-0.992676	-0.996094
731	-0.990234	-0.994629
732	-0.997070	-0.998535
733	-0.989746	-0.994629
734	-0.991699	-0.995605
735	-0.992676	-0.996094
736	-0.996094	-0.997559
737	-0.985840	-0.992188
738	-0.995117	-0.997559
739	-0.990234	-0.994629
740	-0.993652	-0.996094
741	-0.997070	-0.998535
742	-0.987793	-0.993164
743	-0.985840	-0.992188
744	-0.988281	-0.994141
745	-0.993164	-0.996582
746	-0.988281	-0.994141
747	-0.995117	-0.997559
748	-0.994141	-0.997070
749	-0.985352	-0.992188
750	-0.996094	-0.998047
751	-0.995605	-0.997559
752	-0.994141	-0.997070
753	-0.992188	-0.995605
754	-0.993164	-0.996582
755	-0.991211	-0.995605
756	-0.995117	-0.997559
757	-0.995605	-0.997559
758	-0.994141	-0.996582
759	-0.995117	-0.997559
760	-0.994141	-0.997070
761	-0.991699	-0.995605
762	-0.989258	-0.994629
763	-0.992676	-0.996094
764	-0.991699	-0.995605
765	-0.994141	-0.997070
766	-0.990723	-0.995117
767	-0.997070	-0.998535
768	-0.988770	-0.994141
769	-0.998047	-0.999023
770	-0.992188	-0.995605
771	-0.991211	-0.995605
772	-0.996094	-0.998047
773	-0.990234	-0.994629
774	-0.990723	-0.995117
775	-0.996094	-0.998047
776	-0.995605	-0.997559
777	-0.993164	-0.996582
778	-0.989258	-0.994141
779	-0.995605	-0.997559
780	-0.983887	-0.991211
781	-0.992188	-0.996094
782	-0.990723	-0.995117
783	-0.995117	-0.997559
784	-0.988770	-0.994141
785	-0.986328	-0.993164
786	-0.992676	-0.996094
787	-0.996582	-0.998047
788	-0.988770	-0.993164
789	-0.994629	-0.997070
790	-0.996094	-0.998047
791	-0.995117	-0.997559
792	-0.991211	-0.995605
793	-0.993164	-0.996582
794	-0.993164	-0.996582
795	-0.989746	-0.994629
796	-0.989746	-0.994629
797	-0.993652	-0.996582
798	-0.992188	-0.995605
799	-0.990234	-0.995117
800	-0.990234	-0.995117
801	-0.990723	-0.995117
802	-0.990234	-0.995117
803	-0.994629	-0.997070
804	-0.989258	-0.994629
805	-0.992676	-0.996094
806	-0.990723	-0.995117
807	-0.990234	-0.995117
808	-0.991211	-0.995605
809	-0.992676	-0.996094
810	-0.996094	-0.998047
811	-0.994629	-0.997070
812	-0.996094	-0.997559
813	-0.995117	-0.997070
814	-0.999023	-0.999512
815	-0.990234	-0.995117
816	-0.989746	-0.994629
817	-0.995117	-0.997559
818	-0.993164	-0.996582
819	-0.990234	-0.995117
820	-0.993164	-0.996094
821	-0.994141	-0.997070
822	-0.994141	-0.996582
823	-0.988770	-0.994141
824	-0.987793	-0.993652
825	-0.995117	-0.997559
826	-0.994141	-0.997070
827	-0.989258	-0.991699
828	-0.992188	-0.996094
829	-0.991211	-0.995117
830	-0.988770	-0.993652
831	-0.994141	-0.997070
832	-0.998047	-0.999023
833	-0.995117	-0.997559
834	-0.991211	-0.995605
835	-0.989258	-0.994629
836	-0.988770	-0.991699
837	-0.989258	-0.994141
838	-0.989746	-0.994141
839	-0.996094	-0.998047
840	-0.994141	-0.997070
841	-0.993164	-0.996582
842	-0.993164	-0.996582
843	-0.987793	-0.993652
844	-0.994141	-0.997070
845	-0.994629	-0.997070
846	-0.994141	-0.997070
847	-0.991699	-0.995605
848	-0.995605	-0.997559
849	-0.995117	-0.997559
850	-0.991211	-0.995605
851	-0.992188	-0.996094
852	-0.991211	-0.995605
853	-0.993652	-0.996582
854	-0.991211	-0.995605
855	-0.992188	-0.996094
856	-0.993164	-0.996094
857	-0.992188	-0.996094
858	-0.994141	-0.997070
859	-0.991211	-0.995605
860	-0.987305	-0.993164
861	-0.988281	-0.994141
862	-0.989746	-0.994629
863	-0.996094	-0.998047
864	-0.993652	-0.996582
865	-0.996094	-0.998047
866	-0.995605	-0.997559
867	-0.993164	-0.996582
868	-0.990723	-0.995117
869	-0.992676	-0.996094
870	-0.993164	-0.996582
871	-0.994141	-0.997070
872	-0.995117	-0.997070
873	-0.988281	-0.994141
874	-0.992188	-0.996094
875	-0.989258	-0.994629
876	-0.994141	-0.996582
877	-0.989746	-0.994141
878	-0.991699	-0.995605
879	-0.992676	-0.995605
880	-0.992188	-0.996094
881	-0.987305	-0.992676
882	-0.991211	-0.995605
883	-0.987793	-0.993164
884	-0.995117	-0.997559
885	-0.991211	-0.995117
886	-0.987793	-0.993652
887	-0.992188	-0.995605
888	-0.994141	-0.997070
889	-0.993164	-0.996582
890	-0.990723	-0.994629
891	-0.995117	-0.997559
892	-0.995117	-0.997559
893	-0.987793	-0.993164
894	-0.995117	-0.997559
895	-0.987305	-0.993164
896	-0.988770	-0.993652
897	-0.990723	-0.995117
898	-0.992188	-0.996094
899	-0.989258	-0.994629
900	-0.993652	-0.996582
901	-0.986328	-0.992188
902	-0.992188	-0.996094
903	-0.991699	-0.995605
904	-0.989746	-0.994629
905	-0.994629	-0.997070
906	-0.990723	-0.995117
907	-0.991211	-0.995605
908	-0.994141	-0.996094
909	-0.992676	-0.996094
910	-0.993164	-0.996582
911	-0.992188	-0.995117
912	-0.988770	-0.993652
913	-0.996094	-0.998047
914	-0.992676	-0.996094
915	-0.997070	-0.998535
916	-0.993164	-0.996582
917	-0.995117	-0.997559
918	-0.988770	-0.994141
919	-0.995117	-0.997559
920	-0.995605	-0.997559
921	-0.992676	-0.996094
922	-0.991211	-0.995605
923	-0.995117	-0.997559
924	-0.995117	-0.997559
925	-0.995117	-0.997070
926	-0.991211	-0.995605
927	-0.994629	-0.997070
928	-0.997559	-0.998535
929	-0.996094	-0.998047
930	-0.986816	-0.993164
931	-0.992188	-0.996094
932	-0.990234	-0.994629
933	-0.989746	-0.994629
934	-0.992188	-0.996094
935	-0.992188	-0.996094
936	-0.989746	-0.994629
937	-0.991699	-0.995117
938	-0.993652	-0.996094
939	-0.994141	-0.997070
940	-0.994141	-0.997070
941	-0.997070	-0.998535
942	-0.989258	-0.994629
943	-0.992188	-0.996094
944	-0.994141	-0.996582
945	-0.992676	-0.996094
946	-0.991699	-0.995605
947	-0.990234	-0.995117
948	-0.991211	-0.995117
949	-0.990723	-0.995117
950	-0.988770	-0.993652
951	-0.989258	-0.994629
952	-0.994141	-0.997070
953	-0.994141	-0.997070
954	-0.988770	-0.994141
955	-0.989746	-0.994629
956	-0.986816	-0.993164
957	-0.993164	-0.996582
958	-0.987793	-0.993652
959	-0.996094	-0.998047
960	-0.994141	-0.997070
961	-0.990234	-0.995117
962	-0.990234	-0.995117
963	-0.992676	-0.996094
964	-0.990234	-0.995117
965	-0.991211	-0.995605
966	-0.994141	-0.996582
967	-0.993164	-0.996582
968	-0.997070	-0.998535
969	-0.990723	-0.995117
970	-0.992188	-0.995605
971	-0.990723	-0.995117
972	-0.992188	-0.996094
973	-0.989258	-0.993164
974	-0.997070	-0.998535
975	-0.994141	-0.997070
976	-0.997070	-0.998535
977	-0.989258	-0.994629
978	-0.997070	-0.998535
979	-0.993164	-0.996094
980	-0.989258	-0.994629
981	-0.994141	-0.997070
982	-0.993652	-0.996582
983	-0.989746	-0.994629
984	-0.992188	-0.996094
985	-0.988770	-0.993652
986	-0.988281	-0.993652
987	-0.989746	-0.994629
988	-0.992676	-0.995605
989	-0.992676	-0.996094
990	-0.997070	-0.998535
991	-0.991699	-0.995605
992	-0.994629	-0.997070
993	-0.997070	-0.998535
994	-0.994141	-0.997070
995	-0.995117	-0.997559
996	-0.993164	-0.996582
997	-0.990723	-0.995117
998	-0.992676	-0.996094
999	-0.986816	-0.992188
