0	-0.552734	0.119141
1	-0.568359	0.150391
2	-0.571289	0.190430
3	-0.558105	0.176758
4	-0.526367	0.176758
5	-0.540527	0.114258
6	-0.567871	0.047852
7	-0.583008	0.113770
8	-0.598145	0.150879
9	-0.585449	0.188965
10	-0.574219	0.164551
11	-0.567383	0.181641
12	-0.562012	0.080566
13	-0.588379	0.006348
14	-0.545410	-0.098633
15	-0.566895	-0.150879
16	-0.549316	-0.143066
17	-0.544434	-0.032227
18	-0.551758	0.029785
19	-0.592285	0.097656
20	-0.574219	0.070801
21	-0.564941	0.177246
22	-0.560547	0.086426
23	-0.573730	0.057617
24	-0.575195	-0.020020
25	-0.563965	0.043945
26	-0.550781	0.040039
27	-0.560059	0.105469
28	-0.558594	0.125000
29	-0.560547	0.107422
30	-0.555176	0.083008
31	-0.567383	-0.050781
32	-0.554199	0.101074
33	-0.556152	0.204102
34	-0.552734	0.109375
35	-0.556641	0.173828
36	-0.590820	0.229492
37	-0.583496	0.227051
38	-0.583984	0.247070
39	-0.560547	0.245117
40	-0.547363	0.270508
41	-0.567871	0.119141
42	-0.564453	0.168945
43	-0.587402	0.146973
44	-0.566895	0.317871
45	-0.596680	0.186035
46	-0.575195	0.244141
47	-0.538086	0.309082
48	-0.569336	0.297363
49	-0.558105	0.316406
50	-0.533691	0.175293
51	-0.562988	0.055664
52	-0.554199	0.043945
53	-0.534180	0.016113
54	-0.545410	0.027344
55	-0.568359	0.017090
56	-0.588867	-0.087891
57	-0.581543	0.001465
58	-0.541016	0.089844
59	-0.552246	0.068359
60	-0.584961	0.105469
61	-0.568848	0.123535
62	-0.583008	0.249023
63	-0.558594	0.223145
64	-0.615234	0.238281
65	-0.575684	0.254395
66	-0.552246	0.219727
67	-0.582031	0.203125
68	-0.555176	-0.029785
69	-0.549805	0.029297
70	-0.575195	-0.049805
71	-0.567383	0.103027
72	-0.571289	0.143555
73	-0.571777	0.046387
74	-0.594238	0.080078
75	-0.562500	-0.033203
76	-0.563965	0.029297
77	-0.556152	-0.108398
78	-0.554688	-0.156250
79	-0.586426	-0.093262
80	-0.574219	-0.077148
81	-0.579590	-0.092285
82	-0.576660	-0.098633
83	-0.567871	-0.090332
84	-0.534180	-0.042969
85	-0.539063	0.064941
86	-0.554688	0.066895
87	-0.580566	0.055176
88	-0.558594	0.029297
89	-0.572266	0.065430
90	-0.559082	0.124023
91	-0.592285	0.158203
92	-0.579590	0.038086
93	-0.541016	0.013184
94	-0.516602	-0.002441
95	-0.551758	-0.159180
96	-0.577637	-0.172363
97	-0.563477	-0.091309
98	-0.518066	-0.060547
99	-0.551270	-0.134277
100	-0.560547	-0.085449
101	-0.561523	-0.010254
102	-0.568359	-0.118652
103	-0.560059	-0.201172
104	-0.567871	-0.269043
105	-0.580566	-0.251953
106	-0.566406	-0.190918
107	-0.591797	-0.298340
108	-0.574707	-0.367188
109	-0.570801	-0.227539
110	-0.572266	-0.140625
111	-0.573242	-0.079102
112	-0.544434	-0.105469
113	-0.526367	-0.048828
114	-0.558105	-0.055176
115	-0.564941	0.022949
116	-0.566406	-0.039551
117	-0.596680	0.046387
118	-0.550293	-0.133789
119	-0.550293	-0.165039
120	-0.520508	-0.089844
121	-0.536621	-0.085449
122	-0.556641	-0.166016
123	-0.565918	-0.156250
124	-0.555664	0.010742
125	-0.560059	0.028809
126	-0.583496	-0.108887
127	-0.575195	-0.017090
128	-0.549316	-0.066406
129	-0.562988	-0.138672
130	-0.583008	-0.078125
131	-0.578613	-0.127930
132	-0.563965	-0.060547
133	-0.559570	0.039551
134	-0.564453	0.152344
135	-0.541992	0.167969
136	-0.525879	0.153320
137	-0.549805	-0.015137
138	-0.538086	-0.040527
139	-0.553223	-0.046387
140	-0.547363	-0.111816
141	-0.569336	0.073242
142	-0.582031	0.076660
143	-0.559570	0.071777
144	-0.577148	-0.041016
145	-0.556152	-0.032715
146	-0.561523	-0.087402
147	-0.569336	-0.029297
148	-0.578125	0.053711
149	-0.554199	0.000977
150	-0.550293	-0.047363
151	-0.570801	-0.033203
152	-0.569336	-0.029785
153	-0.556152	-0.001953
154	-0.567383	0.083496
155	-0.593262	0.077148
156	-0.559082	0.084473
157	-0.541992	0.151367
158	-0.579590	0.124512
159	-0.594238	0.016602
160	-0.557617	0.036621
161	-0.579102	0.112793
162	-0.593750	-0.046875
163	-0.563477	0.039063
164	-0.585938	0.042969
165	-0.567871	0.061523
166	-0.593262	0.073730
167	-0.550293	-0.000977
168	-0.557129	-0.091797
169	-0.543945	0.066895
170	-0.576172	0.069824
171	-0.601074	-0.090820
172	-0.557617	-0.118164
173	-0.572266	-0.125977
174	-0.560547	-0.039551
175	-0.553711	-0.020020
176	-0.579102	0.019531
177	-0.566406	0.003418
178	-0.548340	-0.103027
179	-0.559082	-0.138184
180	-0.560547	-0.168945
181	-0.564941	-0.041016
182	-0.538574	0.021484
183	-0.567383	-0.025879
184	-0.584961	-0.175293
185	-0.525391	-0.116699
186	-0.541016	-0.037598
187	-0.525879	-0.041504
188	-0.546875	-0.040527
189	-0.537109	0.081543
190	-0.548828	0.035645
191	-0.530762	0.031738
192	-0.549805	-0.166016
193	-0.571289	-0.152344
194	-0.551270	-0.096680
195	-0.585938	0.008301
196	-0.562012	0.018555
197	-0.614746	0.012207
198	-0.601074	0.090820
199	-0.573730	0.060059
200	-0.553223	-0.014648
201	-0.577637	0.047363
202	-0.546875	0.054199
203	-0.556641	-0.027832
204	-0.539551	0.084961
205	-0.533691	0.106445
206	-0.568359	0.070313
207	-0.534668	0.040527
208	-0.551758	-0.090332
209	-0.551270	-0.163574
210	-0.568359	-0.064941
211	-0.563477	-0.162598
212	-0.590332	-0.276367
213	-0.562988	-0.221680
214	-0.549805	-0.142578
215	-0.552734	-0.103516
216	-0.535645	-0.158691
217	-0.585938	-0.134277
218	-0.563965	-0.099609
219	-0.577148	-0.062500
220	-0.579102	-0.040039
221	-0.565918	0.028809
222	-0.584961	0.165039
223	-0.554688	-0.116211
224	-0.550781	-0.160645
225	-0.526367	-0.079590
226	-0.574707	-0.058105
227	-0.552246	0.003906
228	-0.542969	0.003906
229	-0.565918	-0.064941
230	-0.552246	-0.021484
231	-0.562500	-0.103516
232	-0.541504	-0.061523
233	-0.562988	0.004395
234	-0.593750	-0.058594
235	-0.541992	0.044922
236	-0.553711	0.047852
237	-0.528809	-0.040039
238	-0.561035	-0.016602
239	-0.592285	0.019043
240	-0.597168	0.006348
241	-0.572754	0.080078
242	-0.576172	0.204102
243	-0.556152	0.151367
244	-0.568359	0.124023
245	-0.569824	0.216309
246	-0.573242	0.395508
247	-0.619141	0.405273
248	-0.591797	0.278320
249	-0.591797	0.244141
250	-0.520020	0.131348
251	-0.560547	0.198242
252	-0.544922	0.105469
253	-0.548828	0.006348
254	-0.537109	-0.021973
255	-0.560547	0.069824
256	-0.532715	0.072754
257	-0.511230	0.019043
258	-0.532227	-0.067871
259	-0.534180	0.054688
260	-0.558594	0.100098
261	-0.542480	0.087402
262	-0.555176	0.157715
263	-0.572266	0.064453
264	-0.542480	-0.014648
265	-0.600098	-0.023926
266	-0.585938	-0.181152
267	-0.604980	-0.156738
268	-0.588867	-0.072754
269	-0.602051	-0.018066
270	-0.578125	0.027344
271	-0.545898	-0.035645
272	-0.521484	-0.128418
273	-0.578125	-0.166016
274	-0.557129	-0.141602
275	-0.571289	-0.196777
276	-0.554199	-0.125977
277	-0.562012	-0.115234
278	-0.562988	-0.215332
279	-0.550293	-0.087891
280	-0.562500	-0.075195
281	-0.570313	0.003418
282	-0.561035	0.129395
283	-0.556152	0.137207
284	-0.577148	0.131348
285	-0.562500	0.145020
286	-0.560059	0.159180
287	-0.556152	0.184570
288	-0.580566	0.117188
289	-0.540527	0.080078
290	-0.574707	0.086914
291	-0.554688	0.093262
292	-0.566895	0.114258
293	-0.580078	0.163574
294	-0.572754	0.120605
295	-0.559570	0.103516
296	-0.570313	0.090332
297	-0.550781	0.091797
298	-0.561523	0.157715
299	-0.558105	0.167480
300	-0.577637	0.017578
301	-0.549805	0.030273
302	-0.584473	0.039063
303	-0.551758	0.046875
304	-0.562988	0.062988
305	-0.545410	0.168457
306	-0.573242	-0.001953
307	-0.571289	0.038574
308	-0.571289	0.041992
309	-0.540039	0.107422
310	-0.582520	0.092773
311	-0.541504	0.019531
312	-0.568848	0.156738
313	-0.568359	0.080078
314	-0.573730	0.055176
315	-0.575195	0.038574
316	-0.586426	0.100098
317	-0.582520	0.107422
318	-0.562500	0.010742
319	-0.568848	0.007324
320	-0.588867	0.112305
321	-0.583984	0.101074
322	-0.578125	0.083984
323	-0.577637	0.202637
324	-0.586426	0.323730
325	-0.567871	0.268555
326	-0.557617	0.249023
327	-0.561523	0.166504
328	-0.571777	0.128418
329	-0.576172	0.088867
330	-0.565430	0.128906
331	-0.574707	0.130371
332	-0.536133	0.036621
333	-0.567871	0.034180
334	-0.574707	-0.155273
335	-0.607422	-0.157227
336	-0.589355	-0.004395
337	-0.579102	0.002441
338	-0.560059	0.092773
339	-0.552246	0.060059
340	-0.567871	0.265137
341	-0.566895	0.191406
342	-0.558594	0.116699
343	-0.548828	-0.039551
344	-0.568848	-0.109375
345	-0.541016	-0.084473
346	-0.565430	-0.166016
347	-0.591797	-0.117676
348	-0.639648	-0.125000
349	-0.603516	-0.127441
350	-0.596680	-0.057617
351	-0.561035	-0.049316
352	-0.567383	-0.078613
353	-0.558594	-0.005859
354	-0.582031	-0.050781
355	-0.554199	-0.030762
356	-0.556641	-0.094238
357	-0.568848	-0.148438
358	-0.578125	-0.167480
359	-0.544922	-0.103516
360	-0.594238	-0.006348
361	-0.555664	0.097656
362	-0.569824	0.140625
363	-0.546387	0.043945
364	-0.575684	0.049805
365	-0.543457	-0.009766
366	-0.556152	0.125488
367	-0.573730	0.081543
368	-0.586914	0.126953
369	-0.583984	0.204102
370	-0.570313	-0.037109
371	-0.554688	0.048828
372	-0.553711	0.012695
373	-0.532715	-0.078613
374	-0.560059	-0.134766
375	-0.542480	-0.124512
376	-0.532227	0.001953
377	-0.541504	-0.063965
378	-0.558105	-0.036621
379	-0.536621	-0.010254
380	-0.546387	0.165039
381	-0.569336	0.000977
382	-0.578125	0.064941
383	-0.574707	0.104004
384	-0.584473	0.111816
385	-0.581543	0.188965
386	-0.589844	0.165039
387	-0.596680	0.208984
388	-0.558594	0.125000
389	-0.579102	0.006348
390	-0.516602	0.012695
391	-0.550781	-0.148926
392	-0.590820	-0.115234
393	-0.527344	-0.156250
394	-0.531738	-0.149902
395	-0.570801	-0.156250
396	-0.576172	-0.265625
397	-0.588867	-0.239258
398	-0.559570	-0.198730
399	-0.562500	-0.155762
400	-0.573242	-0.095215
401	-0.575195	-0.137695
402	-0.593750	-0.145996
403	-0.582031	-0.149902
404	-0.562012	-0.062012
405	-0.571289	-0.042969
406	-0.576172	-0.107422
407	-0.556641	-0.000488
408	-0.573730	0.092773
409	-0.570801	0.035645
410	-0.551270	0.073730
411	-0.549805	0.029785
412	-0.546875	0.080566
413	-0.559082	0.021484
414	-0.563477	0.045410
415	-0.540039	0.182129
416	-0.577148	0.201172
417	-0.556152	0.101074
418	-0.548340	0.037109
419	-0.558105	-0.014160
420	-0.558594	0.042480
421	-0.572266	-0.037109
422	-0.567383	-0.067871
423	-0.609375	-0.126953
424	-0.597168	-0.082520
425	-0.584473	-0.173340
426	-0.569824	-0.182129
427	-0.574219	-0.222168
428	-0.561523	-0.336914
429	-0.558594	-0.193848
430	-0.554688	-0.148926
431	-0.599609	-0.140625
432	-0.558594	-0.171875
433	-0.556641	-0.084961
434	-0.546875	-0.032227
435	-0.525391	-0.028320
436	-0.544922	-0.169922
437	-0.543945	-0.014648
438	-0.535156	0.045898
439	-0.565918	0.168457
440	-0.538086	0.076172
441	-0.554688	0.083008
442	-0.566406	0.136230
443	-0.561035	0.182129
444	-0.540039	0.039063
445	-0.603027	0.062012
446	-0.564941	-0.054199
447	-0.554688	0.000977
448	-0.573730	-0.057617
449	-0.545898	0.054199
450	-0.558594	0.018066
451	-0.556641	0.046387
452	-0.581543	0.121094
453	-0.577148	0.178223
454	-0.572266	0.146973
455	-0.561523	0.191895
456	-0.535156	0.198242
457	-0.563965	0.089844
458	-0.569336	0.045898
459	-0.535645	-0.011230
460	-0.556152	-0.161621
461	-0.552246	-0.177734
462	-0.553223	-0.045410
463	-0.538086	-0.013184
464	-0.554688	0.016602
465	-0.583496	-0.136230
466	-0.551270	-0.177734
467	-0.550781	-0.177246
468	-0.548828	-0.213379
469	-0.560547	-0.172363
470	-0.583496	-0.204102
471	-0.540527	-0.118652
472	-0.582520	-0.061523
473	-0.575684	-0.091309
474	-0.563965	-0.117676
475	-0.574707	0.039063
476	-0.550293	0.005859
477	-0.556152	0.062988
478	-0.576660	0.009277
479	-0.557129	0.012695
480	-0.549316	-0.027832
481	-0.550781	-0.037598
482	-0.541504	0.087891
483	-0.553223	0.030762
484	-0.576660	-0.031738
485	-0.567871	-0.152832
486	-0.564941	-0.207520
487	-0.536621	-0.137695
488	-0.585449	-0.063965
489	-0.583984	-0.192871
490	-0.569336	-0.208984
491	-0.543945	-0.161133
492	-0.581543	-0.044434
493	-0.554688	0.026367
494	-0.560059	0.014648
495	-0.576172	-0.050781
496	-0.582520	-0.074707
497	-0.579590	-0.035156
498	-0.595703	-0.072266
499	-0.580078	-0.010254
500	-0.571289	-0.082031
501	-0.534180	-0.077148
502	-0.587891	0.033203
503	-0.573730	0.043457
504	-0.564453	0.092285
505	-0.561523	-0.025391
506	-0.576172	-0.044434
507	-0.553711	0.032227
508	-0.549316	0.009766
509	-0.537109	0.095215
510	-0.562988	0.062988
511	-0.581543	0.176270
512	-0.583984	0.125977
513	-0.537109	0.132324
514	-0.594238	0.182617
515	-0.570801	0.201660
516	-0.579102	0.122559
517	-0.555176	0.217285
518	-0.541504	0.307129
519	-0.555176	0.242188
520	-0.561523	0.140625
521	-0.564941	0.024902
522	-0.559082	0.068359
523	-0.552734	0.028809
524	-0.544922	0.132324
525	-0.548828	-0.006836
526	-0.547363	-0.016113
527	-0.517090	0.092285
528	-0.565430	0.038574
529	-0.557129	0.072266
530	-0.581055	0.092773
531	-0.559570	0.024902
532	-0.587402	-0.042969
533	-0.584961	-0.020508
534	-0.578613	-0.124023
535	-0.607910	-0.117188
536	-0.567871	-0.001465
537	-0.572754	-0.104980
538	-0.615234	-0.155762
539	-0.603516	-0.173828
540	-0.584473	-0.182129
541	-0.577637	-0.211426
542	-0.563965	-0.217285
543	-0.554199	-0.018555
544	-0.521973	-0.070313
545	-0.545410	-0.054688
546	-0.566406	-0.011719
547	-0.563477	0.004395
548	-0.574219	-0.079102
549	-0.563477	-0.135254
550	-0.559570	-0.105469
551	-0.591309	0.037598
552	-0.565430	0.035156
553	-0.590332	-0.101563
554	-0.565430	-0.174316
555	-0.554688	-0.172852
556	-0.577148	-0.139160
557	-0.564453	-0.048828
558	-0.533691	-0.192383
559	-0.588379	-0.282227
560	-0.574707	-0.179688
561	-0.568359	-0.111816
562	-0.561523	-0.228516
563	-0.576172	-0.215820
564	-0.590820	-0.104980
565	-0.575195	-0.214355
566	-0.580078	-0.152344
567	-0.561035	-0.206543
568	-0.567383	-0.311035
569	-0.586914	-0.317871
570	-0.538574	-0.236816
571	-0.562988	-0.176758
572	-0.562500	-0.091797
573	-0.569824	0.035645
574	-0.562500	0.035156
575	-0.572266	0.117188
576	-0.570313	0.084473
577	-0.558594	0.133789
578	-0.573730	0.217773
579	-0.573730	0.111328
580	-0.572266	-0.061035
581	-0.574219	-0.066406
582	-0.583008	-0.206543
583	-0.571777	-0.200684
584	-0.585938	0.000488
585	-0.577148	0.044922
586	-0.585449	0.008789
587	-0.577637	-0.087402
588	-0.572266	-0.156250
589	-0.575195	-0.245117
590	-0.584961	-0.152832
591	-0.583008	-0.118652
592	-0.575195	-0.147949
593	-0.547852	-0.088867
594	-0.562988	-0.114258
595	-0.557617	-0.125977
596	-0.529785	0.001953
597	-0.555664	0.004883
598	-0.525879	-0.027832
599	-0.555176	-0.083984
600	-0.542969	-0.020020
601	-0.580078	-0.092285
602	-0.564453	-0.076172
603	-0.516602	0.039063
604	-0.547363	0.093750
605	-0.569336	-0.003906
606	-0.558594	-0.088379
607	-0.577637	-0.011230
608	-0.560547	0.016113
609	-0.571289	-0.011719
610	-0.558105	-0.059570
611	-0.549316	0.063965
612	-0.550781	-0.073730
613	-0.554688	-0.035645
614	-0.544922	-0.148438
615	-0.563965	-0.119141
616	-0.574707	-0.084473
617	-0.569824	0.019531
618	-0.561035	0.083008
619	-0.543457	-0.001953
620	-0.564941	0.001953
621	-0.541504	-0.033691
622	-0.565430	-0.067383
623	-0.568848	0.100586
624	-0.557129	0.005859
625	-0.560547	-0.097168
626	-0.531738	-0.084473
627	-0.570801	-0.075195
628	-0.536621	-0.221191
629	-0.569824	-0.150391
630	-0.578125	-0.290039
631	-0.584473	-0.271484
632	-0.567871	-0.186523
633	-0.556152	-0.089355
634	-0.566895	0.085938
635	-0.571777	0.088379
636	-0.571289	-0.015625
637	-0.562500	-0.004883
638	-0.573242	-0.134766
639	-0.557617	-0.077637
640	-0.553223	-0.052734
641	-0.574707	-0.026367
642	-0.583008	-0.020996
643	-0.567871	-0.083496
644	-0.584961	-0.055176
645	-0.567383	0.042480
646	-0.533203	0.050293
647	-0.533691	0.086426
648	-0.579102	0.061035
649	-0.605469	0.079590
650	-0.595215	0.125488
651	-0.564453	0.034668
652	-0.564453	0.076172
653	-0.562988	-0.107910
654	-0.565430	-0.019531
655	-0.554199	-0.083496
656	-0.625000	-0.153809
657	-0.594727	-0.148438
658	-0.579102	-0.044434
659	-0.561523	0.012207
660	-0.549316	0.096680
661	-0.555664	0.031250
662	-0.560547	0.009766
663	-0.571289	-0.062012
664	-0.575195	-0.016113
665	-0.599609	0.132324
666	-0.549316	0.120605
667	-0.567871	0.072754
668	-0.571777	0.156250
669	-0.560059	0.074707
670	-0.582031	0.124023
671	-0.532227	0.097656
672	-0.572754	0.101563
673	-0.562012	-0.002441
674	-0.581543	-0.014648
675	-0.582520	-0.052734
676	-0.575684	-0.029785
677	-0.582031	-0.003906
678	-0.573242	0.078125
679	-0.555664	0.120117
680	-0.556152	0.081543
681	-0.555664	0.110352
682	-0.567383	0.076172
683	-0.572266	-0.009766
684	-0.584961	0.214355
685	-0.563477	0.152832
686	-0.566406	0.134277
687	-0.556641	0.035645
688	-0.566406	0.079590
689	-0.575684	0.072754
690	-0.579102	0.062500
691	-0.558105	0.032715
692	-0.576660	-0.000488
693	-0.551758	0.043945
694	-0.574219	0.063477
695	-0.577148	0.083496
696	-0.576660	0.030762
697	-0.556152	-0.061523
698	-0.576172	-0.217285
699	-0.566406	-0.312012
700	-0.571777	-0.327148
701	-0.582031	-0.205566
702	-0.605957	-0.165039
703	-0.584961	-0.191895
704	-0.564941	-0.201660
705	-0.600586	-0.245605
706	-0.592773	-0.182617
707	-0.556641	-0.125977
708	-0.536621	-0.040039
709	-0.559570	-0.082520
710	-0.577148	-0.058105
711	-0.569824	-0.033691
712	-0.563965	-0.132813
713	-0.589355	-0.194824
714	-0.538574	-0.168457
715	-0.551270	-0.044434
716	-0.549316	0.066406
717	-0.562500	0.106445
718	-0.532715	-0.096680
719	-0.579590	-0.239746
720	-0.542480	-0.097656
721	-0.527344	-0.113281
722	-0.554199	-0.082520
723	-0.575195	-0.218750
724	-0.576660	-0.218750
725	-0.584473	-0.106445
726	-0.596680	-0.155273
727	-0.568848	-0.177246
728	-0.538086	-0.079590
729	-0.538574	-0.113281
730	-0.546387	-0.167969
731	-0.558594	-0.166992
732	-0.558594	-0.089355
733	-0.569824	-0.068359
734	-0.560547	-0.019043
735	-0.566895	0.117188
736	-0.551270	0.104492
737	-0.577637	0.085938
738	-0.573730	0.033691
739	-0.559082	0.097656
740	-0.577637	0.178223
741	-0.579590	0.099121
742	-0.560059	-0.019043
743	-0.573242	-0.030273
744	-0.581055	-0.061035
745	-0.557617	0.045410
746	-0.583008	0.077637
747	-0.540527	-0.040527
748	-0.565430	-0.003418
749	-0.571777	0.003906
750	-0.549805	-0.013672
751	-0.568848	-0.198730
752	-0.561035	-0.264160
753	-0.578613	-0.214355
754	-0.554688	-0.120117
755	-0.545898	-0.126465
756	-0.579590	-0.173828
757	-0.552734	-0.185547
758	-0.582520	-0.161621
759	-0.576660	-0.058105
760	-0.573730	-0.069336
761	-0.566895	-0.120605
762	-0.559082	-0.132813
763	-0.568848	-0.054199
764	-0.592285	-0.215332
765	-0.569824	-0.206055
766	-0.574707	-0.166504
767	-0.550293	-0.027832
768	-0.589355	-0.094238
769	-0.567383	-0.056641
770	-0.574707	-0.158203
771	-0.586914	-0.220215
772	-0.548340	-0.197266
773	-0.573242	-0.122559
774	-0.573730	-0.133301
775	-0.565918	-0.230469
776	-0.565918	-0.130859
777	-0.564941	-0.183105
778	-0.576172	-0.133301
779	-0.548828	-0.086914
780	-0.586426	-0.104492
781	-0.576172	-0.102051
782	-0.550293	-0.104980
783	-0.573242	-0.145508
784	-0.565430	-0.081543
785	-0.541016	-0.032715
786	-0.560547	0.042969
787	-0.576172	-0.000977
788	-0.551758	-0.065918
789	-0.566895	-0.086426
790	-0.571777	-0.140137
791	-0.550293	-0.160645
792	-0.559570	-0.174805
793	-0.544434	-0.104980
794	-0.568848	-0.073242
795	-0.565430	-0.070801
796	-0.556641	0.010254
797	-0.562012	-0.112793
798	-0.575195	-0.178711
799	-0.570801	-0.161621
800	-0.572266	-0.055176
801	-0.576172	-0.128906
802	-0.549805	-0.162598
803	-0.545410	-0.133789
804	-0.562500	-0.042480
805	-0.534180	-0.072266
806	-0.542480	0.045898
807	-0.574707	0.061523
808	-0.550293	0.086426
809	-0.547363	0.026855
810	-0.574707	0.047852
811	-0.545898	0.139648
812	-0.549805	0.094238
813	-0.580078	0.157227
814	-0.577148	0.342285
815	-0.558594	0.305664
816	-0.552734	0.295898
817	-0.541992	0.236816
818	-0.559082	0.189453
819	-0.538574	0.081543
820	-0.571289	0.104980
821	-0.555664	0.182129
822	-0.558105	0.149902
823	-0.571777	0.146484
824	-0.539063	0.062012
825	-0.568359	0.071777
826	-0.595215	0.105469
827	-0.555176	0.128906
828	-0.558594	0.119629
829	-0.560059	0.128906
830	-0.584961	0.214355
831	-0.565430	0.148438
832	-0.574707	0.094727
833	-0.557617	0.092285
834	-0.584473	-0.034180
835	-0.571777	-0.009766
836	-0.558594	0.029297
837	-0.561523	-0.080566
838	-0.549316	-0.063477
839	-0.535156	-0.086426
840	-0.569824	-0.143066
841	-0.559570	-0.108398
842	-0.560059	-0.050781
843	-0.566895	-0.107422
844	-0.546875	-0.145996
845	-0.542480	-0.143555
846	-0.562012	-0.027832
847	-0.560547	-0.160156
848	-0.567383	-0.143066
849	-0.559082	-0.127441
850	-0.540527	-0.020996
851	-0.565918	-0.005859
852	-0.560059	0.079102
853	-0.566406	0.099609
854	-0.572266	0.016602
855	-0.562988	0.098633
856	-0.523438	0.126465
857	-0.542969	0.126465
858	-0.570313	0.095703
859	-0.561523	0.087891
860	-0.573242	-0.006836
861	-0.554688	-0.134766
862	-0.555176	-0.099609
863	-0.575684	-0.052734
864	-0.552246	0.008301
865	-0.529785	0.014160
866	-0.540527	-0.032227
867	-0.556641	-0.092773
868	-0.522461	-0.071289
869	-0.569824	-0.056152
870	-0.567383	0.010254
871	-0.571289	0.096680
872	-0.539551	0.057129
873	-0.548340	-0.013184
874	-0.576660	-0.195801
875	-0.556641	-0.077148
876	-0.564941	0.032715
877	-0.571777	0.116699
878	-0.539063	0.105469
879	-0.604492	0.069336
880	-0.561035	0.087891
881	-0.576172	0.085938
882	-0.553711	0.071777
883	-0.569336	0.099609
884	-0.572754	0.143555
885	-0.555176	0.059570
886	-0.551270	0.059082
887	-0.541992	0.169922
888	-0.561523	0.098633
889	-0.572266	0.180176
890	-0.563965	0.089355
891	-0.565430	0.059570
892	-0.583496	0.010254
893	-0.565430	-0.140625
894	-0.587891	-0.038086
895	-0.581055	-0.072266
896	-0.540527	-0.059082
897	-0.542480	0.013184
898	-0.555176	-0.001953
899	-0.580078	-0.049805
900	-0.543457	0.041992
901	-0.562988	0.109375
902	-0.549316	-0.014648
903	-0.545410	-0.018555
904	-0.539551	-0.016113
905	-0.557617	-0.050781
906	-0.576172	-0.007813
907	-0.580078	0.001465
908	-0.552734	0.041992
909	-0.545898	-0.062988
910	-0.558105	-0.037109
911	-0.559082	-0.034668
912	-0.537109	-0.001465
913	-0.572754	-0.066406
914	-0.538574	0.038086
915	-0.578613	0.039063
916	-0.539063	-0.099121
917	-0.546387	-0.073730
918	-0.565918	-0.019043
919	-0.541992	-0.051270
920	-0.550293	0.045410
921	-0.553711	0.067383
922	-0.576172	-0.010254
923	-0.579590	-0.075684
924	-0.583008	-0.020508
925	-0.547852	-0.032715
926	-0.547852	0.061523
927	-0.542969	0.023438
928	-0.547363	0.002930
929	-0.570313	0.136719
930	-0.590332	0.095703
931	-0.560059	0.012695
932	-0.534180	-0.046387
933	-0.543945	-0.065918
934	-0.554688	-0.062988
935	-0.555176	0.000000
936	-0.548828	-0.010742
937	-0.562012	-0.030273
938	-0.576660	0.049316
939	-0.527832	0.070313
940	-0.562012	0.060547
941	-0.564453	0.053711
942	-0.571289	0.050781
943	-0.575684	0.053711
944	-0.533691	0.093750
945	-0.553711	0.166016
946	-0.565430	0.079590
947	-0.587402	0.124512
948	-0.575195	0.003906
949	-0.583496	-0.003418
950	-0.548828	0.023438
951	-0.588379	-0.020508
952	-0.545898	0.017090
953	-0.552246	-0.041504
954	-0.544434	0.048340
955	-0.575195	0.073730
956	-0.555176	0.087891
957	-0.555176	0.042969
958	-0.563965	-0.011719
959	-0.552246	-0.083496
960	-0.573730	0.151855
961	-0.587891	0.176758
962	-0.557129	0.101074
963	-0.591797	0.092285
964	-0.547852	0.122070
965	-0.577148	0.093750
966	-0.595215	0.026855
967	-0.562012	0.080566
968	-0.571289	0.118164
969	-0.572266	0.079102
970	-0.545898	0.124023
971	-0.581543	-0.055664
972	-0.564941	0.002441
973	-0.575195	-0.047363
974	-0.562500	-0.054199
975	-0.565430	0.062012
976	-0.569824	0.037109
977	-0.562500	-0.023926
978	-0.587891	-0.062500
979	-0.581543	-0.046387
980	-0.582031	-0.053711
981	-0.586426	-0.120605
982	-0.558105	-0.102539
983	-0.573730	-0.098633
984	-0.552734	-0.118164
985	-0.573242	-0.210938
986	-0.583496	-0.147949
987	-0.588379	-0.011719
988	-0.555664	-0.062500
989	-0.531250	0.008301
990	-0.565430	0.000488
991	-0.552734	0.072754
992	-0.575684	0.090332
993	-0.542969	-0.090332
994	-0.543457	-0.067871
995	-0.565918	-0.106934
996	-0.580566	-0.104492
997	-0.579590	0.080078
998	-0.563965	0.125977
999	-0.594238	0.166992
