0	-0.998047	-0.999023
1	-0.991699	-0.995605
2	-0.991699	-0.995117
3	-0.994629	-0.997070
4	-0.990234	-0.995117
5	-0.994629	-0.997070
6	-0.994141	-0.997070
7	-0.993164	-0.996582
8	-0.996094	-0.998047
9	-0.992676	-0.996094
10	-0.992188	-0.996094
11	-0.995117	-0.997559
12	-0.992676	-0.996094
13	-0.992676	-0.996094
14	-0.990234	-0.995117
15	-0.990723	-0.994629
16	-0.993164	-0.996582
17	-0.994629	-0.997070
18	-0.991699	-0.995117
19	-0.995605	-0.997559
20	-0.988281	-0.993652
21	-0.995117	-0.997559
22	-0.994141	-0.997070
23	-0.993164	-0.996094
24	-0.992188	-0.995117
25	-0.991211	-0.995605
26	-0.997070	-0.998535
27	-0.992676	-0.996094
28	-0.988281	-0.994141
29	-0.992188	-0.996094
30	-0.995117	-0.997559
31	-0.996094	-0.998047
32	-0.991211	-0.995605
33	-0.996094	-0.998047
34	-0.995605	-0.997559
35	-0.996094	-0.998047
36	-0.993164	-0.996582
37	-0.992676	-0.996094
38	-0.994141	-0.997070
39	-0.992188	-0.995605
40	-0.990723	-0.995117
41	-0.992676	-0.996094
42	-0.992676	-0.996094
43	-0.994141	-0.997070
44	-0.992188	-0.995605
45	-0.996094	-0.998047
46	-0.997070	-0.998535
47	-0.995117	-0.997559
48	-0.991699	-0.995605
49	-0.997070	-0.998535
50	-0.990234	-0.995117
51	-0.997070	-0.998535
52	-0.995117	-0.997559
53	-0.992676	-0.996094
54	-0.998047	-0.999023
55	-0.992676	-0.996094
56	-0.992676	-0.996094
57	-0.991699	-0.995605
58	-0.995117	-0.997559
59	-0.995605	-0.997559
60	-0.997070	-0.998535
61	-0.995605	-0.997559
62	-0.997070	-0.998535
63	-0.993164	-0.996582
64	-0.992188	-0.996094
65	-0.995117	-0.997559
66	-0.992188	-0.996094
67	-0.996094	-0.998047
68	-0.996094	-0.998047
69	-0.990234	-0.995117
70	-0.995117	-0.997559
71	-0.990234	-0.995117
72	-0.992676	-0.996094
73	-0.994141	-0.997070
74	-0.996094	-0.998047
75	-0.996094	-0.998047
76	-0.995117	-0.997559
77	-0.995117	-0.997559
78	-0.994141	-0.997070
79	-0.993164	-0.996582
80	-0.996094	-0.998047
81	-0.995605	-0.997559
82	-0.994629	-0.997070
83	-0.993164	-0.996582
84	-0.998047	-0.999023
85	-0.988281	-0.993652
86	-0.992676	-0.996094
87	-0.992676	-0.995605
88	-0.996094	-0.998047
89	-0.995117	-0.997559
90	-0.991211	-0.995117
91	-0.991699	-0.995605
92	-0.999023	-0.999512
93	-0.995117	-0.997559
94	-0.990234	-0.995117
95	-0.996582	-0.998047
96	-0.992676	-0.996094
97	-0.994141	-0.996582
98	-0.994141	-0.997070
99	-0.994141	-0.997070
100	-0.997070	-0.998535
101	-0.993164	-0.996582
102	-0.995605	-0.997559
103	-0.992188	-0.996094
104	-0.991211	-0.995117
105	-0.992676	-0.996094
106	-0.995117	-0.997070
107	-0.984863	-0.991699
108	-0.999023	-0.999512
109	-0.989258	-0.994629
110	-0.992188	-0.996094
111	-0.994141	-0.997070
112	-0.999023	-0.999512
113	-0.990234	-0.995117
114	-0.991699	-0.995605
115	-0.994629	-0.997070
116	-0.992188	-0.996094
117	-0.990723	-0.995117
118	-0.995605	-0.997559
119	-0.993164	-0.996582
120	-0.996094	-0.998047
121	-0.989746	-0.994629
122	-0.995117	-0.997559
123	-0.995117	-0.997559
124	-0.992188	-0.995605
125	-0.992676	-0.996094
126	-0.989258	-0.994629
127	-0.995117	-0.997559
128	-0.992676	-0.996094
129	-0.992188	-0.996094
130	-0.996094	-0.998047
131	-0.989258	-0.993652
132	-0.994141	-0.997070
133	-0.994141	-0.997070
134	-0.992676	-0.996094
135	-0.988281	-0.994141
136	-0.994141	-0.997070
137	-0.987305	-0.993164
138	-0.997070	-0.998535
139	-0.995117	-0.997559
140	-0.987793	-0.993652
141	-0.994141	-0.997070
142	-0.993164	-0.996582
143	-0.995117	-0.997559
144	-0.996094	-0.998047
145	-0.991211	-0.995605
146	-0.989746	-0.994629
147	-0.997070	-0.998535
148	-0.992188	-0.996094
149	-0.997559	-0.998535
150	-0.995117	-0.997559
151	-0.996094	-0.998047
152	-0.990234	-0.994629
153	-0.997070	-0.998535
154	-0.996094	-0.998047
155	-0.999023	-0.999512
156	-0.998047	-0.999023
157	-0.996094	-0.998047
158	-0.994141	-0.997070
159	-0.988281	-0.993164
160	-0.993652	-0.996582
161	-0.993164	-0.996582
162	-0.990234	-0.995117
163	-0.998047	-0.999023
164	-0.991211	-0.995117
165	-0.996094	-0.997559
166	-0.990723	-0.995117
167	-0.992188	-0.996094
168	-0.998047	-0.999023
169	-0.995117	-0.997559
170	-0.994141	-0.997070
171	-0.995117	-0.997559
172	-0.988770	-0.993652
173	-0.994141	-0.997070
174	-0.994141	-0.997070
175	-0.995117	-0.997559
176	-0.989746	-0.993652
177	-0.988281	-0.994141
178	-1.000000	-1.000000
179	-0.995605	-0.997559
180	-0.991211	-0.995117
181	-0.995117	-0.997559
182	-0.994141	-0.997070
183	-0.994629	-0.997070
184	-0.995117	-0.997559
185	-0.991211	-0.995605
186	-0.995117	-0.997559
187	-0.989746	-0.994629
188	-0.995117	-0.997559
189	-0.990234	-0.995117
190	-0.992676	-0.996094
191	-0.988281	-0.994141
192	-0.995117	-0.997559
193	-0.997070	-0.998535
194	-0.997070	-0.998535
195	-0.996094	-0.998047
196	-0.995117	-0.997559
197	-0.997070	-0.998535
198	-0.991211	-0.995117
199	-0.996094	-0.998047
200	-0.993164	-0.996582
201	-0.990234	-0.995117
202	-0.993164	-0.996582
203	-0.995605	-0.997559
204	-0.991211	-0.995117
205	-0.994141	-0.997070
206	-0.990723	-0.995117
207	-0.990723	-0.994629
208	-0.997070	-0.998535
209	-0.987793	-0.993652
210	-0.991211	-0.995117
211	-0.999023	-0.999512
212	-0.991211	-0.995605
213	-0.992188	-0.995605
214	-0.996094	-0.998047
215	-0.994629	-0.997070
216	-0.994141	-0.997070
217	-0.997070	-0.998535
218	-0.998047	-0.999023
219	-0.995117	-0.997559
220	-0.994141	-0.996582
221	-0.994141	-0.996582
222	-0.991211	-0.995605
223	-0.992676	-0.996094
224	-0.993164	-0.996582
225	-0.997070	-0.998535
226	-0.996094	-0.998047
227	-0.988770	-0.994141
228	-0.996094	-0.998047
229	-0.996094	-0.998047
230	-0.993652	-0.996582
231	-0.994629	-0.997070
232	-0.995117	-0.997559
233	-0.991211	-0.993652
234	-0.998047	-0.999023
235	-0.997070	-0.998535
236	-0.991211	-0.995117
237	-0.991699	-0.995605
238	-0.995117	-0.997559
239	-0.995117	-0.997559
240	-0.995117	-0.997559
241	-0.997070	-0.998535
242	-0.993164	-0.996582
243	-0.992188	-0.996094
244	-0.994141	-0.997070
245	-0.995117	-0.997559
246	-0.993164	-0.996582
247	-0.986816	-0.993164
248	-0.990234	-0.994629
249	-0.994141	-0.997070
250	-0.999023	-0.999512
251	-0.993652	-0.996582
252	-0.994141	-0.997070
253	-0.994141	-0.997070
254	-0.993164	-0.996094
255	-0.992188	-0.996094
256	-0.993164	-0.996582
257	-0.992676	-0.996094
258	-0.995117	-0.997559
259	-0.989746	-0.994629
260	-0.987305	-0.993164
261	-0.996094	-0.998047
262	-0.994629	-0.997070
263	-0.995117	-0.997559
264	-0.996094	-0.998047
265	-0.995117	-0.997559
266	-0.995117	-0.997559
267	-0.994141	-0.997070
268	-0.992188	-0.994629
269	-0.994629	-0.997070
270	-0.997070	-0.998535
271	-0.993164	-0.996582
272	-0.992188	-0.996094
273	-0.995117	-0.997559
274	-0.991699	-0.995605
275	-0.995117	-0.997070
276	-0.996094	-0.998047
277	-0.995117	-0.997559
278	-0.993652	-0.996582
279	-0.997070	-0.998535
280	-0.995117	-0.997559
281	-0.996094	-0.998047
282	-0.991699	-0.994141
283	-0.990234	-0.995117
284	-0.993164	-0.996582
285	-0.987305	-0.993652
286	-0.997070	-0.998535
287	-0.995117	-0.997070
288	-0.995605	-0.997559
289	-0.998047	-0.999023
290	-0.991211	-0.995605
291	-0.992188	-0.996094
292	-0.995117	-0.997559
293	-0.996094	-0.998047
294	-0.993164	-0.996582
295	-0.995117	-0.997559
296	-0.990723	-0.995117
297	-0.996094	-0.998047
298	-0.990234	-0.995117
299	-0.994141	-0.997070
300	-0.998047	-0.999023
301	-0.994141	-0.997070
302	-0.984863	-0.991699
303	-0.990723	-0.995117
304	-0.993652	-0.996582
305	-0.994141	-0.997070
306	-0.994629	-0.997070
307	-0.997070	-0.998535
308	-0.995117	-0.997559
309	-0.988770	-0.993652
310	-0.993164	-0.996582
311	-0.993164	-0.996582
312	-0.994141	-0.996582
313	-0.995117	-0.997559
314	-0.993164	-0.996582
315	-0.992188	-0.996094
316	-0.992676	-0.996094
317	-0.993652	-0.996094
318	-0.994141	-0.997070
319	-0.991211	-0.995117
320	-0.995605	-0.997559
321	-0.993164	-0.996582
322	-0.990234	-0.994141
323	-0.989746	-0.994629
324	-0.997070	-0.998535
325	-0.992188	-0.996094
326	-0.995605	-0.997559
327	-0.993652	-0.996582
328	-0.993164	-0.996582
329	-0.989746	-0.994629
330	-0.991699	-0.995605
331	-0.994629	-0.997070
332	-0.992188	-0.996094
333	-0.995605	-0.997559
334	-0.997070	-0.998535
335	-0.993164	-0.996582
336	-0.995117	-0.997559
337	-0.994141	-0.997070
338	-0.991699	-0.995605
339	-0.994141	-0.997070
340	-0.994141	-0.997070
341	-0.992676	-0.996094
342	-0.996094	-0.998047
343	-0.993164	-0.996582
344	-0.993164	-0.996582
345	-0.995117	-0.997559
346	-0.994141	-0.997070
347	-0.997559	-0.998535
348	-0.991699	-0.995605
349	-0.994141	-0.997070
350	-0.995117	-0.997559
351	-0.991211	-0.995605
352	-0.989746	-0.994629
353	-0.993652	-0.996582
354	-0.994141	-0.997070
355	-0.997070	-0.998535
356	-0.993652	-0.996582
357	-0.994141	-0.997070
358	-0.993164	-0.996582
359	-0.990234	-0.995117
360	-0.992188	-0.995605
361	-0.987793	-0.993164
362	-0.994141	-0.997070
363	-0.997070	-0.998535
364	-0.998047	-0.999023
365	-0.991211	-0.995605
366	-0.994629	-0.997070
367	-0.996094	-0.998047
368	-0.989258	-0.994629
369	-0.994629	-0.997070
370	-0.996094	-0.998047
371	-0.988770	-0.994141
372	-0.988281	-0.993652
373	-0.994141	-0.997070
374	-0.994629	-0.997070
375	-0.995117	-0.997559
376	-0.998047	-0.999023
377	-0.995117	-0.997559
378	-0.992676	-0.996094
379	-0.992676	-0.996094
380	-0.991699	-0.995605
381	-0.994141	-0.997070
382	-0.989746	-0.994629
383	-0.995117	-0.997559
384	-0.994141	-0.996582
385	-0.986816	-0.993164
386	-0.993164	-0.996582
387	-0.997070	-0.998535
388	-0.990723	-0.995117
389	-0.989746	-0.994629
390	-0.993164	-0.996582
391	-0.989258	-0.993652
392	-0.994141	-0.997070
393	-0.995605	-0.997559
394	-0.993164	-0.996094
395	-0.994141	-0.997070
396	-0.994141	-0.997070
397	-0.996094	-0.998047
398	-0.992676	-0.996094
399	-0.996582	-0.998047
400	-0.991699	-0.995605
401	-0.995117	-0.997559
402	-0.996094	-0.998047
403	-0.992676	-0.996094
404	-0.990723	-0.995117
405	-0.998047	-0.999023
406	-0.991699	-0.995605
407	-0.991211	-0.995605
408	-0.995117	-0.997559
409	-0.992188	-0.996094
410	-0.989746	-0.994629
411	-0.997070	-0.998535
412	-0.993164	-0.996582
413	-0.995117	-0.997070
414	-0.995117	-0.997559
415	-0.995117	-0.997559
416	-0.991699	-0.995117
417	-0.995117	-0.997559
418	-0.992188	-0.995117
419	-0.992188	-0.996094
420	-0.998047	-0.999023
421	-0.989258	-0.994629
422	-0.995117	-0.997559
423	-0.991699	-0.995605
424	-0.991699	-0.995605
425	-0.994141	-0.996582
426	-0.994141	-0.997070
427	-0.988770	-0.993164
428	-0.990723	-0.995117
429	-0.995117	-0.997559
430	-0.996582	-0.998047
431	-0.992188	-0.996094
432	-0.995605	-0.997559
433	-0.995117	-0.997559
434	-0.995117	-0.997559
435	-0.993164	-0.996582
436	-0.994629	-0.997070
437	-0.995117	-0.997070
438	-0.991699	-0.995605
439	-0.998047	-0.999023
440	-0.992676	-0.996094
441	-0.991211	-0.995605
442	-0.993164	-0.996582
443	-0.998047	-0.999023
444	-0.994141	-0.997070
445	-0.994141	-0.996582
446	-0.997070	-0.998535
447	-0.994141	-0.997070
448	-0.994629	-0.997070
449	-0.997070	-0.998535
450	-0.995605	-0.997559
451	-0.993652	-0.996582
452	-0.987305	-0.993164
453	-0.996094	-0.998047
454	-0.995117	-0.997559
455	-0.997070	-0.998535
456	-0.995117	-0.997559
457	-0.996094	-0.998047
458	-0.994629	-0.997070
459	-0.990723	-0.995117
460	-0.995117	-0.997559
461	-0.993164	-0.996582
462	-0.995117	-0.997559
463	-0.989746	-0.994629
464	-0.992188	-0.996094
465	-0.994629	-0.997070
466	-0.995117	-0.997559
467	-0.993652	-0.996582
468	-0.989258	-0.994141
469	-0.994629	-0.997070
470	-0.994141	-0.997070
471	-0.997070	-0.998535
472	-0.993164	-0.996582
473	-0.995605	-0.997559
474	-0.991699	-0.995605
475	-0.993164	-0.996094
476	-0.992188	-0.995117
477	-0.995117	-0.997559
478	-0.993164	-0.996582
479	-0.991211	-0.995605
480	-0.992676	-0.996094
481	-0.990234	-0.995117
482	-0.997070	-0.998535
483	-0.993164	-0.996582
484	-0.998047	-0.999023
485	-0.995117	-0.997559
486	-0.987793	-0.993652
487	-0.996582	-0.998047
488	-0.994141	-0.997070
489	-0.990234	-0.995117
490	-0.992188	-0.996094
491	-0.994141	-0.997070
492	-0.993164	-0.996094
493	-0.995117	-0.997559
494	-0.994629	-0.997070
495	-0.990723	-0.995117
496	-0.997070	-0.998535
497	-0.994141	-0.997070
498	-0.997070	-0.998535
499	-0.999023	-0.999512
500	-0.993164	-0.996582
501	-0.995605	-0.997559
502	-0.989746	-0.994629
503	-0.994141	-0.997070
504	-0.989746	-0.994629
505	-0.994629	-0.997070
506	-0.995117	-0.997559
507	-0.998047	-0.999023
508	-0.995117	-0.997559
509	-0.992188	-0.996094
510	-0.991699	-0.995605
511	-0.997070	-0.998535
512	-0.991211	-0.995605
513	-0.991211	-0.995117
514	-0.995605	-0.997559
515	-0.991699	-0.995117
516	-0.991211	-0.995117
517	-0.993164	-0.996582
518	-0.990723	-0.995117
519	-0.990234	-0.994629
520	-0.993164	-0.996094
521	-0.991211	-0.995605
522	-0.988281	-0.994141
523	-0.992188	-0.996094
524	-0.991211	-0.995117
525	-0.994141	-0.997070
526	-0.990234	-0.994629
527	-0.993164	-0.996582
528	-0.995117	-0.997559
529	-0.991211	-0.995605
530	-0.996094	-0.998047
531	-0.993652	-0.996582
532	-0.997070	-0.998535
533	-0.993164	-0.996582
534	-0.994141	-0.997070
535	-0.997070	-0.998535
536	-0.994141	-0.997070
537	-0.993164	-0.996094
538	-0.993164	-0.996582
539	-0.996094	-0.998047
540	-0.992676	-0.996094
541	-0.995117	-0.997559
542	-0.991211	-0.995605
543	-0.994141	-0.997070
544	-0.993652	-0.996582
545	-0.993164	-0.996582
546	-0.998047	-0.999023
547	-0.987305	-0.993652
548	-0.995117	-0.997070
549	-0.994629	-0.997070
550	-0.991211	-0.995605
551	-0.995117	-0.997559
552	-0.995117	-0.997559
553	-0.994141	-0.996582
554	-0.991211	-0.995117
555	-0.994141	-0.997070
556	-0.993164	-0.996582
557	-0.991699	-0.995605
558	-0.991211	-0.995117
559	-0.996094	-0.998047
560	-0.992676	-0.996094
561	-0.991699	-0.995117
562	-0.995117	-0.997559
563	-0.991699	-0.995605
564	-0.996094	-0.998047
565	-0.992676	-0.996094
566	-0.988281	-0.994141
567	-0.995117	-0.997559
568	-0.991211	-0.995605
569	-0.996094	-0.998047
570	-0.998047	-0.999023
571	-0.987793	-0.993652
572	-0.986816	-0.993164
573	-0.990723	-0.995117
574	-0.997070	-0.998535
575	-0.995117	-0.997559
576	-0.992188	-0.996094
577	-0.996094	-0.998047
578	-0.993652	-0.996582
579	-0.992676	-0.996094
580	-0.997070	-0.998535
581	-0.989746	-0.994629
582	-0.993652	-0.996582
583	-0.993652	-0.996582
584	-0.996094	-0.997559
585	-0.988770	-0.993652
586	-0.996094	-0.998047
587	-0.992676	-0.996094
588	-0.993652	-0.996094
589	-0.998047	-0.999023
590	-0.988770	-0.993652
591	-0.986816	-0.992676
592	-0.988281	-0.994141
593	-0.995117	-0.997559
594	-0.988281	-0.994141
595	-0.995117	-0.997559
596	-0.995117	-0.997559
597	-0.987793	-0.993652
598	-0.996094	-0.998047
599	-0.995605	-0.997559
600	-0.994141	-0.997070
601	-0.996094	-0.998047
602	-0.993164	-0.996582
603	-0.993164	-0.996582
604	-0.995117	-0.997559
605	-0.997070	-0.998535
606	-0.996094	-0.997559
607	-0.997070	-0.998535
608	-0.995117	-0.997559
609	-0.995117	-0.997559
610	-0.991211	-0.995605
611	-0.995117	-0.997559
612	-0.994141	-0.997070
613	-0.994141	-0.997070
614	-0.993164	-0.996582
615	-0.997070	-0.998535
616	-0.990723	-0.995117
617	-0.998047	-0.999023
618	-0.993164	-0.996582
619	-0.992188	-0.996094
620	-0.996094	-0.998047
621	-0.992676	-0.996094
622	-0.992188	-0.996094
623	-0.997070	-0.998535
624	-0.996582	-0.998047
625	-0.994141	-0.997070
626	-0.991699	-0.995605
627	-0.996094	-0.998047
628	-0.985840	-0.992188
629	-0.994141	-0.997070
630	-0.994141	-0.997070
631	-0.996094	-0.998047
632	-0.988770	-0.994141
633	-0.986328	-0.993164
634	-0.992676	-0.996094
635	-0.999023	-0.999512
636	-0.991211	-0.995117
637	-0.994629	-0.997070
638	-0.997070	-0.998535
639	-0.995117	-0.997559
640	-0.992188	-0.996094
641	-0.993164	-0.996582
642	-0.994141	-0.997070
643	-0.992676	-0.996094
644	-0.992676	-0.996094
645	-0.994629	-0.997070
646	-0.993652	-0.996582
647	-0.992188	-0.996094
648	-0.991211	-0.995605
649	-0.992676	-0.996094
650	-0.991211	-0.995605
651	-0.994629	-0.997070
652	-0.990234	-0.995117
653	-0.992676	-0.996094
654	-0.992676	-0.996094
655	-0.992188	-0.996094
656	-0.992188	-0.996094
657	-0.994141	-0.997070
658	-0.997070	-0.998535
659	-0.994629	-0.997070
660	-0.996094	-0.997559
661	-0.997070	-0.998047
662	-0.999023	-0.999512
663	-0.993164	-0.996582
664	-0.990723	-0.995117
665	-0.995117	-0.997559
666	-0.993164	-0.996582
667	-0.993164	-0.996582
668	-0.994141	-0.997070
669	-0.994141	-0.997070
670	-0.994141	-0.996582
671	-0.989746	-0.994629
672	-0.988770	-0.994141
673	-0.995117	-0.997559
674	-0.996094	-0.998047
675	-0.989258	-0.991699
676	-0.994141	-0.997070
677	-0.992188	-0.995605
678	-0.989746	-0.994141
679	-0.996094	-0.998047
680	-0.998047	-0.999023
681	-0.996094	-0.998047
682	-0.992188	-0.996094
683	-0.991211	-0.995605
684	-0.989746	-0.992188
685	-0.992676	-0.996094
686	-0.990723	-0.994629
687	-0.999023	-0.999512
688	-0.994141	-0.997070
689	-0.994141	-0.997070
690	-0.994141	-0.997070
691	-0.989746	-0.994629
692	-0.994141	-0.997070
693	-0.995605	-0.997559
694	-0.995117	-0.997559
695	-0.991699	-0.995605
696	-0.996582	-0.998047
697	-0.997070	-0.998535
698	-0.992188	-0.996094
699	-0.993164	-0.996582
700	-0.995117	-0.997559
701	-0.993652	-0.996582
702	-0.993164	-0.996582
703	-0.994141	-0.997070
704	-0.996094	-0.998047
705	-0.993164	-0.996582
706	-0.994141	-0.997070
707	-0.992188	-0.996094
708	-0.990234	-0.994629
709	-0.989258	-0.994629
710	-0.990723	-0.995117
711	-0.997070	-0.998535
712	-0.993652	-0.996582
713	-0.998047	-0.999023
714	-0.997070	-0.998535
715	-0.996094	-0.998047
716	-0.993652	-0.996582
717	-0.994629	-0.997070
718	-0.994141	-0.997070
719	-0.994141	-0.997070
720	-0.995117	-0.997070
721	-0.992188	-0.996094
722	-0.993164	-0.996582
723	-0.994141	-0.997070
724	-0.994629	-0.997070
725	-0.989746	-0.994141
726	-0.994141	-0.997070
727	-0.994629	-0.997070
728	-0.993164	-0.996582
729	-0.987793	-0.993164
730	-0.993164	-0.996582
731	-0.987793	-0.993164
732	-0.995117	-0.997559
733	-0.991211	-0.995117
734	-0.990234	-0.995117
735	-0.993164	-0.996094
736	-0.994141	-0.997070
737	-0.994141	-0.997070
738	-0.993652	-0.996582
739	-0.997070	-0.998535
740	-0.996094	-0.998047
741	-0.988770	-0.993652
742	-0.995117	-0.997559
743	-0.990234	-0.995117
744	-0.989746	-0.994141
745	-0.992676	-0.996094
746	-0.993164	-0.996582
747	-0.989258	-0.994629
748	-0.995605	-0.997559
749	-0.989746	-0.994629
750	-0.995117	-0.997559
751	-0.992676	-0.996094
752	-0.992676	-0.996094
753	-0.994629	-0.997070
754	-0.991699	-0.995605
755	-0.994141	-0.997070
756	-0.995117	-0.996582
757	-0.994629	-0.997070
758	-0.996094	-0.998047
759	-0.992676	-0.995605
760	-0.990723	-0.994629
761	-0.996094	-0.998047
762	-0.992676	-0.996094
763	-0.997070	-0.998535
764	-0.993164	-0.996582
765	-0.996094	-0.998047
766	-0.988770	-0.994141
767	-0.997070	-0.998535
768	-0.995605	-0.997559
769	-0.993652	-0.996582
770	-0.992188	-0.996094
771	-0.996094	-0.998047
772	-0.995117	-0.997559
773	-0.995117	-0.997070
774	-0.992188	-0.996094
775	-0.996582	-0.998047
776	-0.998535	-0.999023
777	-0.997070	-0.998535
778	-0.988770	-0.994141
779	-0.995117	-0.997559
780	-0.991211	-0.995117
781	-0.993164	-0.996582
782	-0.992188	-0.996094
783	-0.994141	-0.997070
784	-0.990723	-0.995117
785	-0.994629	-0.997070
786	-0.994141	-0.996582
787	-0.994141	-0.997070
788	-0.996094	-0.998047
789	-0.997070	-0.998535
790	-0.990234	-0.995117
791	-0.993164	-0.996582
792	-0.995117	-0.997070
793	-0.993652	-0.996582
794	-0.992676	-0.996094
795	-0.992188	-0.996094
796	-0.995605	-0.997559
797	-0.990723	-0.995117
798	-0.993164	-0.996094
799	-0.991211	-0.995605
800	-0.995117	-0.997559
801	-0.994141	-0.997070
802	-0.990723	-0.995117
803	-0.990723	-0.995117
804	-0.987793	-0.993652
805	-0.993164	-0.996582
806	-0.988770	-0.994141
807	-0.998047	-0.999023
808	-0.994141	-0.997070
809	-0.992188	-0.996094
810	-0.993164	-0.996582
811	-0.993652	-0.996582
812	-0.992188	-0.996094
813	-0.992188	-0.996094
814	-0.994141	-0.996582
815	-0.993164	-0.996582
816	-0.997070	-0.998535
817	-0.994141	-0.997070
818	-0.992676	-0.996094
819	-0.992188	-0.996094
820	-0.994141	-0.997070
821	-0.992676	-0.995117
822	-0.997070	-0.998535
823	-0.995117	-0.997559
824	-0.998047	-0.999023
825	-0.990234	-0.995117
826	-0.997070	-0.998535
827	-0.996094	-0.997559
828	-0.989258	-0.994629
829	-0.995117	-0.997559
830	-0.994629	-0.997070
831	-0.989746	-0.994629
832	-0.993164	-0.996582
833	-0.989746	-0.994141
834	-0.991211	-0.995605
835	-0.989746	-0.994629
836	-0.992676	-0.995605
837	-0.993652	-0.996582
838	-0.997070	-0.998535
839	-0.991699	-0.995605
840	-0.994629	-0.997070
841	-0.997070	-0.998535
842	-0.995117	-0.997559
843	-0.996094	-0.998047
844	-0.994141	-0.997070
845	-0.993652	-0.996582
846	-0.992676	-0.996094
847	-0.988770	-0.993164
848	-0.997070	-0.998535
849	-0.992188	-0.995605
850	-0.995117	-0.997559
851	-0.996094	-0.997559
852	-0.992188	-0.996094
853	-0.992188	-0.996094
854	-0.994629	-0.997070
855	-0.994141	-0.997070
856	-0.995605	-0.997559
857	-0.993652	-0.996582
858	-0.991211	-0.995605
859	-0.993164	-0.996582
860	-0.993652	-0.996582
861	-0.999023	-0.999512
862	-0.996094	-0.997070
863	-0.994629	-0.997070
864	-0.995605	-0.997559
865	-0.994141	-0.996582
866	-0.992188	-0.996094
867	-0.993164	-0.996582
868	-0.994141	-0.997070
869	-0.990723	-0.995117
870	-0.997070	-0.998535
871	-0.992188	-0.996094
872	-0.991211	-0.995605
873	-0.995117	-0.997559
874	-0.996094	-0.998047
875	-0.992188	-0.995605
876	-0.992188	-0.996094
877	-0.997070	-0.998535
878	-0.990234	-0.995117
879	-0.995117	-0.997559
880	-0.994629	-0.996094
881	-0.989746	-0.994629
882	-0.999023	-0.999512
883	-0.993164	-0.996582
884	-0.993164	-0.996582
885	-0.995117	-0.997559
886	-0.996094	-0.998047
887	-0.993652	-0.996582
888	-0.994141	-0.997070
889	-0.993164	-0.996582
890	-0.993164	-0.996582
891	-0.991211	-0.995605
892	-0.996582	-0.998047
893	-0.992188	-0.996094
894	-0.994629	-0.997070
895	-0.986816	-0.993164
896	-0.993164	-0.996582
897	-0.997070	-0.998535
898	-0.989746	-0.994141
899	-0.992188	-0.995605
900	-0.992676	-0.996094
901	-0.997070	-0.998535
902	-0.989258	-0.994141
903	-0.995117	-0.997559
904	-0.993164	-0.996582
905	-0.999023	-0.999512
906	-0.990234	-0.994629
907	-0.993164	-0.996582
908	-0.996094	-0.998047
909	-0.991699	-0.995605
910	-0.993164	-0.996582
911	-0.992676	-0.995605
912	-0.984863	-0.992188
913	-0.995605	-0.997070
914	-0.990234	-0.995117
915	-0.991211	-0.995605
916	-0.987793	-0.993652
917	-0.996094	-0.998047
918	-0.993164	-0.996094
919	-0.991699	-0.995605
920	-0.993652	-0.996582
921	-0.993164	-0.996582
922	-0.993164	-0.996582
923	-0.991211	-0.995605
924	-0.996094	-0.998047
925	-0.996094	-0.998047
926	-0.987305	-0.992676
927	-0.999023	-0.999512
928	-0.989258	-0.994629
929	-0.993164	-0.996582
930	-0.993164	-0.996094
931	-0.995117	-0.997559
932	-0.994141	-0.996582
933	-0.992188	-0.995605
934	-0.997070	-0.998535
935	-0.996582	-0.998047
936	-0.990234	-0.995117
937	-0.996582	-0.998047
938	-0.995117	-0.997559
939	-0.992188	-0.996094
940	-0.996582	-0.998047
941	-0.991699	-0.995605
942	-0.996094	-0.998047
943	-0.996094	-0.997559
944	-0.992676	-0.996094
945	-0.994629	-0.997070
946	-0.994629	-0.997070
947	-0.995605	-0.997559
948	-0.995117	-0.997559
949	-0.996094	-0.998047
950	-0.992676	-0.996094
951	-0.995117	-0.997559
952	-0.991211	-0.995117
953	-0.988770	-0.994141
954	-0.994141	-0.997070
955	-0.995117	-0.997559
956	-0.993164	-0.996094
957	-0.996094	-0.998047
958	-0.995117	-0.997559
959	-0.992676	-0.995605
960	-0.991211	-0.995117
961	-0.991211	-0.995117
962	-0.988770	-0.994141
963	-0.997070	-0.998535
964	-0.995117	-0.997559
965	-0.997070	-0.998535
966	-0.989258	-0.994629
967	-0.994141	-0.997070
968	-0.993652	-0.996582
969	-0.988770	-0.994141
970	-0.996094	-0.998047
971	-0.990234	-0.994629
972	-0.987793	-0.993652
973	-0.993164	-0.996582
974	-0.995605	-0.997559
975	-0.992188	-0.996094
976	-0.995117	-0.997559
977	-0.993164	-0.996582
978	-0.995605	-0.997559
979	-0.997070	-0.998535
980	-0.995117	-0.997559
981	-0.993164	-0.996582
982	-0.995605	-0.997559
983	-0.990723	-0.994629
984	-0.990234	-0.995117
985	-0.993164	-0.996582
986	-0.993652	-0.996582
987	-0.999023	-0.999512
988	-0.996094	-0.998047
989	-0.992188	-0.996094
990	-0.995117	-0.997559
991	-0.991211	-0.992676
992	-0.993164	-0.996582
993	-0.998047	-0.999023
994	-0.991699	-0.995117
995	-0.987793	-0.993164
996	-0.994141	-0.997070
997	-0.994629	-0.997070
998	-0.995117	-0.997559
999	-0.994141	-0.996094
