0	-0.010742	-0.019531
1	-0.014648	0.013672
2	-0.028320	-0.006348
3	-0.034668	0.007813
4	-0.041016	0.000977
5	-0.042480	-0.008301
6	-0.037598	-0.003906
7	-0.039063	0.003418
8	-0.031738	-0.011230
9	-0.036621	0.006836
10	-0.026855	-0.012207
11	-0.036133	0.030762
12	-0.026855	-0.007813
13	-0.039551	0.005371
14	-0.027832	0.007324
15	-0.035156	0.001953
16	-0.037598	-0.020996
17	-0.043945	0.015625
18	-0.032227	-0.026367
19	-0.037109	0.022949
20	-0.029297	-0.015625
21	-0.020020	0.018066
22	-0.010254	-0.019043
23	-0.020508	0.007324
24	-0.010742	0.000977
25	-0.028809	-0.007813
26	-0.031738	0.020508
27	-0.016113	-0.012207
28	-0.020020	0.025879
29	-0.009277	-0.039063
30	-0.010254	0.044922
31	-0.025879	-0.040039
32	-0.025879	0.011719
33	-0.031250	0.003906
34	-0.046387	0.003906
35	-0.033691	-0.001465
36	-0.040527	-0.008301
37	-0.027832	-0.001953
38	-0.023926	0.013672
39	-0.014160	-0.012207
40	-0.020020	0.015137
41	-0.015137	-0.021484
42	-0.031738	0.012695
43	-0.009766	-0.001953
44	-0.023926	-0.000977
45	-0.031738	0.005371
46	-0.051270	-0.006348
47	-0.031738	0.018555
48	-0.036621	-0.016113
49	-0.028809	0.011230
50	-0.034180	-0.022949
51	-0.032715	0.001953
52	-0.025391	-0.007324
53	-0.011230	-0.004883
54	-0.021973	-0.003906
55	-0.033203	0.006836
56	-0.038574	-0.025879
57	-0.039063	0.026367
58	-0.017090	-0.011719
59	-0.017090	0.017090
60	-0.024902	-0.007813
61	-0.020020	0.001465
62	-0.024902	-0.003418
63	-0.015137	-0.020508
64	0.000000	-0.009766
65	-0.015137	-0.015137
66	-0.016602	0.024902
67	-0.036621	-0.020508
68	-0.028320	0.025391
69	-0.025879	-0.051758
70	-0.040527	0.044434
71	-0.030273	-0.019043
72	-0.032715	0.008301
73	-0.012207	-0.017578
74	-0.010742	0.010254
75	-0.010254	0.001953
76	-0.015137	-0.005371
77	-0.017578	0.012695
78	-0.015137	-0.001465
79	-0.023926	-0.007813
80	-0.035645	-0.001465
81	-0.035156	0.006348
82	-0.027344	0.004883
83	-0.027344	-0.001953
84	-0.018555	0.018555
85	-0.020508	-0.010254
86	-0.021973	0.003418
87	-0.010254	0.006836
88	-0.020020	-0.012207
89	-0.026367	0.018066
90	-0.039063	-0.008301
91	-0.039063	-0.019531
92	-0.050293	0.021484
93	-0.045410	-0.007813
94	-0.036133	0.020508
95	-0.029785	-0.024414
96	-0.031250	0.010742
97	-0.016602	-0.019043
98	0.005371	0.003418
99	0.005371	-0.001953
100	-0.011719	0.004883
101	-0.026367	0.009277
102	-0.022949	-0.009766
103	-0.024414	-0.010254
104	-0.013184	0.007324
105	-0.004395	0.002930
106	-0.006836	0.000488
107	-0.017090	-0.000488
108	-0.034180	0.002441
109	-0.042969	0.003418
110	-0.028809	-0.000488
111	-0.017578	0.017578
112	-0.022949	-0.002930
113	-0.034668	0.019043
114	-0.035645	-0.023926
115	-0.030762	0.026855
116	-0.015137	-0.012695
117	-0.016113	-0.002441
118	-0.017578	-0.027344
119	-0.017090	0.022949
120	-0.032227	-0.025879
121	-0.005859	0.012207
122	-0.012207	-0.018066
123	-0.023438	0.017578
124	-0.019531	0.000000
125	-0.036621	-0.006348
126	-0.039063	-0.003418
127	-0.039551	-0.003906
128	-0.028809	0.015137
129	-0.019531	-0.025391
130	-0.022461	0.011719
131	-0.020996	0.001953
132	-0.026855	0.019043
133	-0.014648	-0.018066
134	-0.024414	0.041504
135	-0.013184	-0.039551
136	-0.011719	0.040039
137	-0.017578	-0.019043
138	-0.016602	0.024414
139	-0.019531	-0.037598
140	-0.028809	0.032715
141	-0.008789	-0.009277
142	-0.010254	0.003906
143	-0.013184	-0.020508
144	-0.015625	0.026367
145	-0.027344	-0.030762
146	-0.029785	0.012207
147	-0.021973	-0.015137
148	-0.020020	-0.009766
149	-0.024902	0.002441
150	-0.024902	-0.003906
151	-0.022461	0.011230
152	-0.018066	0.000000
153	-0.026855	0.007324
154	-0.018066	0.005859
155	-0.029785	0.021484
156	-0.039063	-0.007813
157	-0.032227	0.029785
158	-0.016602	-0.022949
159	-0.022949	0.009766
160	-0.032715	-0.016113
161	-0.021973	-0.015137
162	-0.019043	-0.001465
163	-0.023438	0.037598
164	-0.018555	-0.024902
165	-0.017090	0.033203
166	-0.024414	-0.025391
167	-0.027344	0.003906
168	-0.037109	-0.011719
169	-0.025879	0.011719
170	-0.024414	-0.026367
171	-0.029297	0.023926
172	-0.038086	-0.015137
173	-0.032227	0.015625
174	-0.041992	-0.016602
175	-0.035645	-0.004883
176	-0.034668	0.006348
177	-0.034668	-0.006836
178	-0.029297	0.010742
179	-0.013184	-0.011719
180	-0.015625	0.019531
181	-0.019531	-0.017090
182	-0.020508	0.018066
183	-0.027344	-0.024902
184	-0.019531	0.005371
185	-0.008789	-0.000488
186	-0.010254	0.009766
187	-0.025879	0.005371
188	-0.012695	0.009766
189	-0.014648	-0.020020
190	-0.023926	0.013184
191	-0.029785	-0.003906
192	-0.028809	-0.004395
193	-0.042480	-0.006836
194	-0.022461	0.016113
195	-0.014648	-0.030273
196	-0.026367	0.010742
197	-0.028320	0.021973
198	-0.033203	-0.000488
199	-0.026367	0.000977
200	-0.028320	-0.010254
201	-0.015625	-0.006348
202	-0.015625	-0.011230
203	-0.026367	0.003418
204	-0.018555	0.019531
205	-0.025879	-0.015137
206	-0.009277	0.005859
207	-0.016602	0.007324
208	-0.014160	-0.007813
209	-0.032227	-0.020020
210	-0.023438	0.031250
211	-0.025391	-0.031250
212	-0.028320	0.051270
213	-0.028809	-0.018555
214	-0.049805	0.036621
215	-0.044434	-0.029785
216	-0.022461	0.019043
217	-0.028809	-0.009277
218	-0.025879	0.006836
219	-0.026855	-0.001465
220	-0.043945	-0.009766
221	-0.035645	0.023438
222	-0.020508	-0.023438
223	-0.021973	0.007324
224	-0.006348	-0.013184
225	-0.008301	0.003418
226	-0.003906	-0.000488
227	-0.020020	0.001465
228	-0.008789	0.010254
229	-0.019531	0.018555
230	-0.025879	0.000488
231	-0.015137	-0.005859
232	-0.026855	0.018066
233	-0.016602	-0.017090
234	-0.020508	0.006836
235	-0.023926	-0.027344
236	-0.009277	0.023438
237	-0.017578	0.003418
238	-0.016113	-0.010254
239	-0.016113	0.027832
240	-0.013672	-0.020020
241	-0.018555	0.008789
242	0.000000	-0.023926
243	-0.009277	0.023926
244	-0.000488	-0.013184
245	-0.005859	-0.003418
246	-0.010742	0.003418
247	-0.015137	0.009277
248	-0.027832	0.003418
249	-0.030273	0.008301
250	-0.030762	-0.007813
251	-0.044434	0.012207
252	-0.035156	-0.007324
253	-0.034668	-0.006836
254	-0.037109	0.035156
255	-0.027832	-0.026367
256	-0.018066	0.025391
257	-0.039551	-0.017578
258	-0.037598	0.000977
259	-0.022949	0.022949
260	-0.019043	-0.004395
261	-0.028809	-0.001953
262	-0.026367	0.000000
263	-0.021484	0.007813
264	-0.015137	0.011719
265	-0.013184	-0.002441
266	-0.004395	0.008301
267	-0.003418	0.009766
268	-0.025391	-0.020508
269	-0.028320	0.003906
270	-0.034668	-0.004395
271	-0.042480	0.005859
272	-0.021973	0.002441
273	-0.021973	0.003906
274	-0.013184	0.025391
275	-0.009766	-0.010254
276	-0.010742	0.008301
277	-0.008789	0.007324
278	-0.018555	-0.000977
279	-0.024414	0.006348
280	-0.034668	-0.002441
281	-0.012207	0.001465
282	0.004395	-0.012695
283	-0.019043	0.014160
284	-0.017578	-0.017578
285	-0.023438	0.032227
286	-0.017578	-0.031250
287	-0.010254	0.020020
288	-0.010742	-0.013672
289	-0.022949	0.020508
290	-0.008789	0.000000
291	-0.022949	-0.020996
292	-0.032227	0.014160
293	-0.020020	0.000000
294	-0.001465	0.001465
295	-0.004395	-0.006348
296	-0.022461	0.017090
297	-0.022949	-0.017578
298	-0.026855	0.015137
299	-0.022949	-0.001953
300	-0.027344	0.007324
301	-0.025879	-0.007813
302	-0.035156	0.016602
303	-0.029297	-0.014648
304	-0.023926	0.005859
305	-0.023438	0.012207
306	-0.018066	-0.010742
307	-0.017090	0.004395
308	-0.014160	-0.001953
309	-0.029785	0.010742
310	-0.024902	-0.013184
311	-0.020996	-0.003906
312	-0.027832	-0.009766
313	-0.020508	0.004395
314	-0.018555	-0.006836
315	-0.015625	-0.003906
316	-0.018555	-0.010742
317	-0.026367	0.020996
318	-0.029785	-0.019531
319	-0.011230	-0.003418
320	-0.013184	0.004883
321	-0.007813	-0.005371
322	-0.020508	0.022461
323	-0.021484	-0.023438
324	-0.031738	0.015137
325	-0.034668	0.013184
326	-0.029785	-0.015625
327	-0.007324	0.009277
328	-0.028320	-0.014648
329	-0.025879	0.012207
330	-0.031250	0.001465
331	-0.026367	-0.007324
332	-0.028320	-0.001953
333	-0.035645	0.004395
334	-0.013672	-0.004883
335	-0.019043	0.012207
336	-0.038574	0.021973
337	-0.038086	-0.009766
338	-0.024414	0.008301
339	-0.024414	-0.006348
340	-0.036133	0.014648
341	-0.047363	-0.026855
342	-0.040527	0.035645
343	-0.024902	-0.033203
344	-0.019531	0.032227
345	-0.020508	-0.011230
346	-0.019531	0.002930
347	-0.018555	-0.018555
348	-0.026367	0.013184
349	-0.020020	-0.023438
350	-0.024414	-0.003418
351	-0.008301	0.004395
352	-0.023926	0.008789
353	-0.031738	0.014648
354	-0.050293	-0.006348
355	-0.029785	0.010742
356	-0.021484	-0.010742
357	-0.008301	0.000977
358	-0.005859	-0.025879
359	-0.006836	0.044434
360	-0.027344	-0.034668
361	-0.031738	0.034180
362	-0.032715	-0.015625
363	-0.023926	0.005371
364	-0.021484	-0.008789
365	-0.019531	-0.007324
366	-0.017578	-0.000977
367	-0.026855	-0.003906
368	-0.018555	0.020508
369	-0.009766	-0.031250
370	-0.018066	0.045898
371	-0.031738	-0.028320
372	-0.033203	0.016113
373	-0.043945	0.000488
374	-0.042480	-0.012207
375	-0.041504	0.033691
376	-0.024902	-0.020020
377	-0.023438	0.034668
378	-0.022461	-0.027344
379	-0.020020	0.017090
380	-0.011719	-0.003418
381	-0.006836	0.027344
382	-0.007324	-0.023926
383	-0.012207	0.016602
384	-0.011719	-0.007324
385	-0.014160	0.011230
386	-0.002930	-0.004395
387	-0.013672	-0.001953
388	-0.007813	-0.014160
389	-0.023438	0.023438
390	-0.023926	-0.030273
391	-0.012207	0.037598
392	-0.037598	-0.018555
393	-0.034180	-0.008301
394	-0.032715	0.000977
395	-0.030273	0.006348
396	-0.035156	0.011230
397	-0.044922	-0.012695
398	-0.047852	0.001953
399	-0.059082	-0.012695
400	-0.033691	0.024902
401	-0.031738	-0.026855
402	-0.024414	0.033203
403	-0.016113	-0.029297
404	-0.008301	-0.004883
405	-0.007324	-0.006836
406	-0.020020	0.008301
407	-0.012207	-0.012207
408	-0.033691	-0.002441
409	-0.025879	0.008789
410	-0.039551	-0.013672
411	-0.029297	0.004395
412	-0.023438	0.026367
413	-0.034668	-0.017578
414	-0.033203	0.018555
415	-0.024414	0.013672
416	-0.031250	-0.014648
417	-0.029785	0.006348
418	-0.021484	0.005859
419	-0.019043	0.013184
420	-0.009277	-0.012695
421	-0.002930	0.020996
422	-0.024902	-0.010742
423	-0.020020	0.026855
424	-0.016602	-0.015137
425	-0.025879	0.003906
426	-0.033203	-0.012207
427	-0.016113	0.032227
428	0.000488	-0.024902
429	-0.011230	0.030273
430	-0.005371	-0.020996
431	-0.010254	0.014648
432	-0.005371	-0.004395
433	-0.008789	0.010254
434	-0.010742	-0.014648
435	-0.026367	-0.007324
436	-0.012695	0.003418
437	-0.027832	-0.002930
438	-0.039063	0.011230
439	-0.035156	0.002930
440	-0.039063	0.005371
441	-0.020508	0.001465
442	-0.030762	-0.004883
443	-0.022949	-0.002441
444	-0.028320	0.002441
445	-0.033203	-0.005371
446	-0.027832	0.014160
447	-0.020020	-0.010742
448	-0.011719	-0.004883
449	0.010742	-0.010254
450	-0.010254	-0.016113
451	-0.015625	0.009277
452	-0.028809	-0.014648
453	-0.026367	0.025391
454	-0.023926	-0.030762
455	-0.020508	0.026367
456	-0.031250	-0.021973
457	-0.033203	0.038086
458	-0.027832	-0.013672
459	-0.023438	0.001465
460	-0.036621	0.019531
461	-0.020020	-0.007324
462	-0.029785	0.008301
463	-0.035156	-0.019531
464	-0.012695	-0.010254
465	-0.013672	-0.002441
466	-0.018555	0.015625
467	-0.003418	0.001953
468	-0.004883	-0.003418
469	-0.011719	0.005371
470	-0.019043	-0.004883
471	-0.029785	-0.004883
472	-0.023438	-0.017578
473	-0.015625	0.001953
474	-0.032227	0.005859
475	-0.025879	-0.023438
476	-0.032715	0.009277
477	-0.020996	0.008789
478	-0.023438	0.009766
479	-0.019043	-0.024902
480	-0.014160	0.027832
481	-0.030273	-0.018066
482	-0.026855	0.018066
483	-0.028320	-0.012207
484	-0.028809	-0.012207
485	-0.021973	-0.001465
486	-0.014648	0.003418
487	-0.018555	-0.004395
488	-0.020020	-0.009277
489	-0.028809	0.025391
490	-0.019043	-0.020020
491	-0.044434	0.010742
492	-0.028320	-0.001953
493	-0.024902	0.014160
494	-0.027832	-0.002441
495	-0.017578	0.021484
496	-0.024414	-0.000488
497	-0.023926	0.018066
498	-0.010254	-0.003906
499	-0.013672	0.017578
500	-0.031738	-0.022461
501	-0.023926	0.006836
502	-0.033691	-0.005371
503	-0.035645	-0.000977
504	-0.041992	0.000977
505	-0.026367	0.009277
506	-0.029297	-0.013184
507	-0.023438	0.007324
508	-0.035645	-0.028320
509	-0.032227	-0.002930
510	-0.028320	0.012695
511	-0.022949	0.000000
512	-0.020508	0.004883
513	-0.017090	-0.027344
514	-0.020508	0.015137
515	-0.016113	-0.019531
516	-0.018066	-0.002441
517	-0.023438	-0.004395
518	-0.014160	0.005859
519	-0.019043	0.007324
520	-0.008301	0.003906
521	-0.020508	-0.001953
522	-0.023926	-0.006836
523	-0.020996	0.006348
524	-0.027344	-0.005371
525	-0.035645	0.017578
526	-0.027344	-0.021973
527	-0.023926	0.015137
528	-0.025391	0.000000
529	-0.024902	-0.009277
530	-0.029297	0.011230
531	-0.016113	-0.011230
532	0.005859	-0.004883
533	-0.007813	-0.006348
534	-0.014648	-0.015137
535	-0.016602	0.016113
536	-0.019531	0.000977
537	-0.036621	0.000000
538	-0.034668	-0.006836
539	-0.040039	-0.006836
540	-0.039063	0.000488
541	-0.037109	-0.008789
542	-0.036133	0.007813
543	-0.031738	0.020020
544	-0.040039	-0.013672
545	-0.031738	0.020996
546	-0.023926	-0.015625
547	-0.031250	0.020508
548	-0.041016	-0.006836
549	-0.026855	0.019531
550	-0.022949	0.010254
551	-0.022949	0.010742
552	-0.020996	-0.025879
553	-0.034180	0.016113
554	-0.036133	0.000488
555	-0.037109	0.000488
556	-0.034180	0.001953
557	-0.031250	-0.000977
558	-0.025879	-0.005371
559	-0.036133	0.007324
560	-0.038574	-0.012207
561	-0.035156	-0.011719
562	-0.030762	0.024902
563	-0.031250	-0.017578
564	-0.029785	0.006348
565	-0.041992	-0.008301
566	-0.046875	-0.011230
567	-0.034668	0.005859
568	-0.014160	-0.000488
569	-0.013672	0.001465
570	-0.015137	0.002441
571	-0.018066	-0.006836
572	-0.014648	0.008301
573	-0.014160	0.005859
574	-0.012695	0.032227
575	-0.023438	-0.029297
576	-0.022461	0.023926
577	-0.038086	0.001953
578	-0.030273	0.000977
579	-0.023438	-0.017090
580	-0.021484	0.008789
581	-0.012207	-0.013672
582	-0.012695	-0.006348
583	-0.006836	-0.013672
584	-0.011719	0.018066
585	-0.014160	-0.017090
586	-0.025391	0.015625
587	-0.022461	0.004395
588	-0.024902	0.010742
589	-0.023438	-0.008301
590	-0.013184	-0.023438
591	-0.016113	0.026855
592	-0.012695	-0.020996
593	-0.012207	0.030762
594	-0.008301	-0.012207
595	-0.022949	0.028809
596	-0.034180	-0.006348
597	-0.034668	0.007813
598	-0.041016	-0.010742
599	-0.028809	0.013672
600	-0.037109	-0.012207
601	-0.030273	0.020996
602	-0.012695	-0.018555
603	-0.023926	0.000000
604	-0.020020	0.002441
605	-0.018555	-0.006836
606	-0.013184	0.026367
607	-0.014648	-0.013184
608	-0.012207	-0.010254
609	-0.014160	-0.001953
610	-0.022461	0.008789
611	-0.015625	0.000977
612	-0.010742	0.001465
613	-0.013184	0.000977
614	-0.017090	-0.008301
615	-0.020020	-0.014160
616	-0.010254	0.004395
617	-0.019043	-0.018066
618	-0.015625	0.008789
619	-0.032715	0.009277
620	-0.033203	-0.030273
621	-0.032715	0.016113
622	-0.047363	-0.001465
623	-0.032227	-0.019531
624	-0.023926	-0.006348
625	-0.034668	0.016113
626	-0.032715	-0.010254
627	-0.037598	0.002930
628	-0.041016	-0.001465
629	-0.033691	0.002930
630	-0.035645	0.006348
631	-0.047363	0.015137
632	-0.029785	0.001465
633	-0.020996	-0.020508
634	-0.019043	0.020996
635	-0.013184	-0.018555
636	-0.015625	0.021973
637	-0.000977	-0.015625
638	-0.020996	0.019531
639	-0.006836	0.009766
640	-0.010254	-0.020020
641	-0.006348	0.019043
642	-0.001465	-0.024902
643	-0.023438	0.024902
644	-0.024414	-0.002930
645	-0.029785	-0.005371
646	-0.041504	-0.008789
647	-0.044922	0.005371
648	-0.036133	-0.008301
649	-0.030762	0.014648
650	-0.026367	-0.026855
651	-0.027344	-0.002441
652	-0.024414	0.008789
653	-0.016113	0.003906
654	-0.025391	-0.017090
655	-0.024414	0.010742
656	-0.022949	0.026855
657	-0.018066	-0.019043
658	-0.011719	0.017090
659	-0.007813	-0.010742
660	-0.019043	0.032715
661	-0.019531	-0.026855
662	-0.014160	0.009766
663	-0.019043	-0.022949
664	-0.014160	0.031250
665	-0.035156	-0.016602
666	-0.020996	0.008301
667	-0.031738	0.021973
668	-0.035645	-0.024902
669	-0.040039	0.033203
670	-0.035645	-0.047363
671	-0.040527	0.021973
672	-0.026855	-0.021484
673	-0.016602	0.008789
674	-0.029297	-0.005859
675	-0.025879	0.021973
676	-0.014648	-0.005371
677	-0.008789	0.001465
678	0.001465	0.001465
679	-0.004883	-0.021973
680	0.000977	-0.000488
681	-0.015137	-0.007813
682	-0.010254	0.025879
683	-0.022949	-0.007324
684	-0.026855	0.008301
685	-0.038574	-0.015625
686	-0.031250	0.004883
687	-0.022461	-0.025879
688	-0.031250	0.019531
689	-0.015137	-0.014648
690	-0.011230	0.016602
691	-0.006348	-0.005859
692	-0.011719	-0.002930
693	-0.028809	-0.010742
694	-0.030273	0.009766
695	-0.029297	0.016602
696	-0.031738	-0.032715
697	-0.020020	0.043457
698	-0.018066	-0.048828
699	-0.016602	0.019043
700	-0.021484	-0.007324
701	-0.034180	0.001953
702	-0.027832	0.015625
703	-0.031738	-0.010254
704	-0.013672	0.001465
705	-0.029785	-0.006348
706	-0.033691	-0.007324
707	-0.020996	0.014648
708	-0.021973	0.005371
709	-0.026855	0.011230
710	-0.018066	-0.005859
711	-0.015137	-0.000488
712	-0.014648	-0.006348
713	-0.019531	-0.003906
714	-0.016113	0.007324
715	-0.021973	0.000977
716	-0.031738	-0.001465
717	-0.038574	0.002441
718	-0.040039	0.008789
719	-0.030762	-0.016602
720	-0.017090	0.004395
721	-0.022461	-0.015625
722	-0.019531	-0.001953
723	-0.025391	0.004883
724	-0.035156	-0.014160
725	-0.030273	0.004883
726	-0.039063	-0.000977
727	-0.029297	0.004883
728	-0.039551	0.002441
729	-0.046875	-0.021484
730	-0.037598	0.020020
731	-0.034668	-0.016602
732	-0.025391	0.028320
733	-0.018066	-0.017578
734	-0.013184	0.010254
735	-0.024414	0.002441
736	-0.027344	-0.004395
737	-0.019531	0.010254
738	-0.029297	-0.014648
739	-0.034668	0.009277
740	-0.016602	-0.007324
741	-0.025391	0.001953
742	-0.040039	0.012207
743	-0.041504	-0.011719
744	-0.037109	0.006836
745	-0.035156	-0.002441
746	-0.028809	0.000000
747	-0.031738	-0.011230
748	-0.035156	0.017090
749	-0.042480	-0.015625
750	-0.034668	0.012695
751	-0.043457	-0.011230
752	-0.042969	0.007324
753	-0.035156	0.012207
754	-0.028320	-0.019043
755	-0.043457	0.005859
756	-0.045898	-0.016113
757	-0.058594	0.037598
758	-0.058105	-0.019043
759	-0.048340	0.012207
760	-0.052246	0.002441
761	-0.035645	0.006836
762	-0.033691	-0.014160
763	-0.030762	0.009766
764	-0.026367	0.000488
765	-0.041504	0.014648
766	-0.037109	-0.024414
767	-0.038574	0.009277
768	-0.040527	-0.018066
769	-0.035156	0.011719
770	-0.043457	0.015625
771	-0.031250	-0.005371
772	-0.038574	0.005371
773	-0.023438	-0.020020
774	-0.028809	0.003418
775	-0.038086	-0.015625
776	-0.037598	0.020020
777	-0.035645	-0.036133
778	-0.025879	0.009766
779	-0.029297	-0.004883
780	-0.040039	0.002930
781	-0.027344	-0.001953
782	-0.035645	0.007813
783	-0.033203	-0.005371
784	-0.033203	0.013184
785	-0.027344	-0.013672
786	-0.019043	0.023926
787	-0.024902	-0.032227
788	-0.029297	0.032227
789	-0.023926	-0.028320
790	-0.009277	0.003906
791	-0.022461	-0.008789
792	-0.026855	0.006836
793	-0.035645	0.011719
794	-0.019531	0.010254
795	-0.013184	-0.006348
796	-0.032227	0.005371
797	-0.019531	-0.004883
798	-0.014160	-0.006836
799	-0.026367	0.009766
800	-0.035645	0.014648
801	-0.044434	-0.041504
802	-0.029297	0.043457
803	-0.027832	-0.030273
804	-0.028320	0.030762
805	-0.023926	-0.017090
806	-0.030273	-0.001953
807	-0.032715	0.004883
808	-0.035156	0.025391
809	-0.041016	-0.003418
810	-0.032227	-0.009277
811	-0.006348	0.007813
812	0.003418	0.019531
813	-0.009277	0.008789
814	-0.023438	-0.010254
815	0.000000	-0.004395
816	0.002441	0.018555
817	0.002930	-0.014160
818	-0.012695	0.008789
819	-0.014160	-0.010742
820	-0.036621	0.009766
821	-0.017090	-0.016113
822	-0.037109	0.005371
823	-0.039551	-0.012695
824	-0.030273	0.028320
825	-0.020508	-0.011719
826	-0.003906	0.020020
827	-0.016602	-0.013184
828	-0.014648	0.002930
829	-0.014648	-0.012207
830	-0.004883	0.011230
831	-0.012695	-0.029297
832	-0.014160	0.020020
833	-0.020020	-0.000977
834	-0.029297	-0.002441
835	-0.025391	-0.010254
836	-0.008301	0.001953
837	-0.009277	-0.003418
838	-0.008789	0.020020
839	-0.004395	-0.022461
840	0.001953	0.010254
841	-0.000977	-0.002930
842	-0.022461	0.012695
843	-0.004395	-0.024414
844	-0.017090	0.027344
845	-0.018066	0.005859
846	-0.022461	0.005371
847	-0.028809	-0.025391
848	-0.035156	0.011719
849	-0.047363	-0.021484
850	-0.037598	0.014648
851	-0.035156	-0.017090
852	-0.052734	0.005371
853	-0.046875	-0.003418
854	-0.033203	0.011719
855	-0.023438	-0.013672
856	-0.021484	-0.002930
857	-0.038574	0.013184
858	-0.034668	-0.027832
859	-0.041016	0.024414
860	-0.032715	-0.012207
861	-0.025879	0.021484
862	-0.018066	-0.020996
863	-0.012207	0.004883
864	-0.015137	0.001465
865	-0.030273	-0.017090
866	-0.035156	0.014160
867	-0.035645	0.002441
868	-0.028809	-0.000977
869	-0.020508	-0.009766
870	-0.018555	-0.015625
871	-0.034668	0.015625
872	-0.020996	-0.006836
873	-0.017090	0.001953
874	-0.004883	0.002930
875	-0.023438	-0.008301
876	-0.027344	-0.008301
877	-0.014160	0.005371
878	-0.020508	-0.001953
879	-0.031738	0.019531
880	-0.023438	-0.012695
881	-0.014648	0.026855
882	-0.014648	-0.013672
883	-0.010742	-0.008301
884	-0.018066	-0.012207
885	-0.020996	0.005371
886	-0.029297	-0.003418
887	-0.017090	-0.002441
888	-0.026855	0.001465
889	-0.036621	0.000488
890	-0.036133	0.010254
891	-0.027832	-0.030762
892	-0.030273	0.034180
893	-0.029297	-0.022461
894	-0.030762	0.027832
895	-0.040527	-0.023926
896	-0.023438	0.006348
897	-0.014160	0.002930
898	-0.002930	0.011230
899	-0.011719	-0.021484
900	-0.017090	0.009766
901	-0.010742	0.006836
902	-0.012207	-0.021484
903	-0.017578	0.010254
904	-0.007813	0.000488
905	-0.019043	0.014648
906	-0.019531	-0.002930
907	-0.018555	0.001465
908	-0.037109	0.002930
909	-0.044434	0.010254
910	-0.042969	0.007813
911	-0.031738	0.003906
912	-0.038086	0.006348
913	-0.036621	-0.007813
914	-0.037109	-0.013184
915	-0.038574	0.016602
916	-0.034668	-0.012207
917	-0.026367	0.026367
918	-0.035156	0.000000
919	-0.035645	0.005371
920	-0.033691	-0.007813
921	-0.043945	0.008301
922	-0.039551	-0.009277
923	-0.035645	0.018066
924	-0.050293	-0.019043
925	-0.041992	0.011719
926	-0.036621	-0.005859
927	-0.034668	0.002441
928	-0.039551	-0.023926
929	-0.040039	0.001465
930	-0.040039	-0.011719
931	-0.043945	-0.005859
932	-0.035645	0.016113
933	-0.041504	-0.006348
934	-0.038086	0.003906
935	-0.023438	-0.021484
936	-0.011230	0.007324
937	-0.016602	-0.004883
938	-0.017578	-0.009766
939	-0.031738	0.042480
940	-0.024902	-0.040039
941	-0.025391	0.022461
942	-0.030273	-0.017090
943	-0.019043	0.027344
944	-0.017090	-0.033691
945	-0.018555	0.014648
946	-0.023926	-0.014160
947	-0.038086	-0.002441
948	-0.021973	0.002441
949	-0.009277	-0.000488
950	-0.020508	-0.001953
951	-0.024902	-0.016113
952	-0.029785	0.016113
953	-0.043457	-0.015625
954	-0.028320	0.014648
955	-0.027344	-0.010254
956	-0.032227	0.006348
957	-0.022949	-0.004395
958	-0.037109	0.025391
959	-0.026367	-0.022461
960	-0.005371	0.013184
961	-0.003906	-0.017090
962	-0.010742	0.017578
963	-0.006836	-0.024902
964	-0.014160	0.022461
965	-0.009766	-0.009277
966	0.004883	-0.004395
967	-0.012695	-0.015625
968	-0.029297	0.018555
969	-0.046875	-0.011719
970	-0.054199	-0.003906
971	-0.050781	0.014160
972	-0.054688	-0.017578
973	-0.052734	0.002441
974	-0.043945	-0.003418
975	-0.039551	-0.001465
976	-0.038086	0.013184
977	-0.029785	0.002441
978	-0.029785	-0.007324
979	-0.033203	-0.010742
980	-0.014160	0.007813
981	-0.011230	-0.006836
982	-0.019531	0.001953
983	-0.008301	-0.009766
984	-0.003418	-0.000977
985	-0.016113	0.008301
986	-0.014160	-0.012207
987	-0.036133	-0.003418
988	-0.020996	0.014648
989	-0.013672	0.006348
990	-0.016602	-0.008789
991	-0.031250	0.039551
992	-0.024414	-0.017090
993	-0.014160	-0.010254
994	-0.013672	0.032715
995	-0.014160	-0.020020
996	-0.025879	0.014648
997	-0.031250	-0.031250
998	-0.026367	0.026855
999	-0.022949	-0.022461
