0	-0.937988	-0.961914
1	-0.926270	-0.954590
2	-0.916504	-0.950195
3	-0.916992	-0.947266
4	-0.934082	-0.959961
5	-0.930176	-0.957520
6	-0.921875	-0.948242
7	-0.929688	-0.956543
8	-0.923340	-0.951172
9	-0.926758	-0.953613
10	-0.934082	-0.961426
11	-0.928223	-0.951660
12	-0.928711	-0.954590
13	-0.935059	-0.958008
14	-0.916992	-0.944336
15	-0.934570	-0.959961
16	-0.944336	-0.968262
17	-0.942383	-0.967773
18	-0.937012	-0.960449
19	-0.928223	-0.958008
20	-0.925293	-0.950195
21	-0.936035	-0.956543
22	-0.925781	-0.948730
23	-0.927734	-0.949707
24	-0.933105	-0.957520
25	-0.925293	-0.953125
26	-0.941406	-0.963379
27	-0.929199	-0.955566
28	-0.917969	-0.950684
29	-0.922852	-0.954102
30	-0.932129	-0.960449
31	-0.927246	-0.952637
32	-0.927246	-0.953613
33	-0.952148	-0.972656
34	-0.930664	-0.954102
35	-0.911621	-0.948242
36	-0.929199	-0.959961
37	-0.931641	-0.957520
38	-0.926270	-0.956055
39	-0.914551	-0.944824
40	-0.939941	-0.963379
41	-0.946289	-0.971191
42	-0.920410	-0.949219
43	-0.918945	-0.950684
44	-0.926270	-0.954590
45	-0.932617	-0.959961
46	-0.934570	-0.960938
47	-0.925781	-0.950195
48	-0.924316	-0.957031
49	-0.922852	-0.950684
50	-0.936523	-0.960938
51	-0.932129	-0.959473
52	-0.943359	-0.965332
53	-0.933594	-0.959961
54	-0.926270	-0.958496
55	-0.923828	-0.953613
56	-0.925293	-0.953125
57	-0.922852	-0.952637
58	-0.939453	-0.961426
59	-0.911133	-0.947266
60	-0.928711	-0.954102
61	-0.942871	-0.964355
62	-0.933594	-0.959473
63	-0.938965	-0.962402
64	-0.950195	-0.970703
65	-0.936523	-0.960449
66	-0.916504	-0.943359
67	-0.920410	-0.953613
68	-0.926758	-0.954102
69	-0.924316	-0.949707
70	-0.933105	-0.955078
71	-0.932129	-0.957520
72	-0.946777	-0.967285
73	-0.928223	-0.946289
74	-0.913086	-0.936035
75	-0.907715	-0.937500
76	-0.950684	-0.971680
77	-0.926270	-0.947754
78	-0.934570	-0.961426
79	-0.928711	-0.951172
80	-0.924805	-0.950195
81	-0.909180	-0.932617
82	-0.912109	-0.947754
83	-0.922363	-0.947754
84	-0.943359	-0.956055
85	-0.933105	-0.960449
86	-0.932617	-0.958496
87	-0.926758	-0.952148
88	-0.937012	-0.963867
89	-0.919434	-0.944824
90	-0.937012	-0.964844
91	-0.923340	-0.950684
92	-0.938965	-0.966309
93	-0.931641	-0.958008
94	-0.933594	-0.954102
95	-0.939941	-0.966309
96	-0.924316	-0.951172
97	-0.925781	-0.956543
98	-0.932617	-0.958008
99	-0.924805	-0.953613
100	-0.934082	-0.963379
101	-0.933105	-0.954102
102	-0.923340	-0.941895
103	-0.934082	-0.963379
104	-0.932617	-0.958008
105	-0.924316	-0.951172
106	-0.934082	-0.957520
107	-0.919922	-0.948242
108	-0.924316	-0.954102
109	-0.920898	-0.951660
110	-0.918945	-0.948730
111	-0.923828	-0.952637
112	-0.930176	-0.954102
113	-0.928223	-0.958008
114	-0.936035	-0.961914
115	-0.923828	-0.948730
116	-0.923340	-0.949219
117	-0.916992	-0.952148
118	-0.941406	-0.963867
119	-0.929688	-0.958984
120	-0.924316	-0.948242
121	-0.922852	-0.950195
122	-0.917480	-0.937500
123	-0.913086	-0.929199
124	-0.919434	-0.938477
125	-0.925781	-0.930664
126	-0.927734	-0.944336
127	-0.918457	-0.949707
128	-0.919922	-0.951660
129	-0.930176	-0.956055
130	-0.926758	-0.942871
131	-0.933594	-0.952148
132	-0.938477	-0.962402
133	-0.913574	-0.943359
134	-0.930176	-0.955078
135	-0.933105	-0.959961
136	-0.917969	-0.945801
137	-0.940430	-0.964355
138	-0.938965	-0.961914
139	-0.925293	-0.951660
140	-0.927246	-0.953125
141	-0.922852	-0.951660
142	-0.939941	-0.960938
143	-0.925293	-0.956055
144	-0.929199	-0.956055
145	-0.903809	-0.940918
146	-0.927246	-0.956543
147	-0.926758	-0.958984
148	-0.928711	-0.954590
149	-0.930176	-0.956055
150	-0.937012	-0.961426
151	-0.929199	-0.954102
152	-0.931641	-0.955566
153	-0.938477	-0.955078
154	-0.931152	-0.960938
155	-0.917480	-0.944336
156	-0.917480	-0.949219
157	-0.929199	-0.957520
158	-0.930664	-0.959961
159	-0.919434	-0.950684
160	-0.924316	-0.932617
161	-0.919434	-0.951660
162	-0.914551	-0.949219
163	-0.920898	-0.948242
164	-0.923340	-0.951172
165	-0.906738	-0.938965
166	-0.945313	-0.970703
167	-0.928711	-0.953125
168	-0.933594	-0.963379
169	-0.910645	-0.941406
170	-0.930176	-0.957520
171	-0.916504	-0.940918
172	-0.928223	-0.954102
173	-0.919922	-0.933105
174	-0.946777	-0.967285
175	-0.915039	-0.934082
176	-0.929199	-0.958008
177	-0.927734	-0.956055
178	-0.929688	-0.958008
179	-0.925293	-0.953613
180	-0.931152	-0.957520
181	-0.922363	-0.946289
182	-0.930176	-0.957520
183	-0.914551	-0.946777
184	-0.929199	-0.954102
185	-0.928711	-0.953613
186	-0.940918	-0.964844
187	-0.924316	-0.955566
188	-0.927734	-0.956055
189	-0.928711	-0.955078
190	-0.920898	-0.953125
191	-0.911133	-0.945801
192	-0.913086	-0.934570
193	-0.943359	-0.967773
194	-0.953125	-0.972656
195	-0.914063	-0.946289
196	-0.928711	-0.952637
197	-0.924316	-0.956055
198	-0.937988	-0.956055
199	-0.921875	-0.952148
200	-0.918457	-0.950195
201	-0.927246	-0.954102
202	-0.945801	-0.965820
203	-0.915039	-0.941406
204	-0.913574	-0.937500
205	-0.923828	-0.947754
206	-0.935547	-0.964355
207	-0.928711	-0.957520
208	-0.920898	-0.946777
209	-0.926270	-0.958496
210	-0.922852	-0.946777
211	-0.929688	-0.956543
212	-0.920410	-0.949219
213	-0.922852	-0.951660
214	-0.927246	-0.958496
215	-0.916992	-0.948242
216	-0.920410	-0.949219
217	-0.926758	-0.947266
218	-0.923828	-0.949219
219	-0.920410	-0.947754
220	-0.929688	-0.957520
221	-0.909180	-0.941895
222	-0.936035	-0.964844
223	-0.931641	-0.960449
224	-0.926270	-0.952148
225	-0.916016	-0.949707
226	-0.925293	-0.948242
227	-0.920898	-0.946777
228	-0.921387	-0.947754
229	-0.932617	-0.959961
230	-0.921875	-0.955078
231	-0.934570	-0.961426
232	-0.933594	-0.962402
233	-0.923828	-0.950195
234	-0.931152	-0.954590
235	-0.925293	-0.952148
236	-0.933105	-0.960938
237	-0.924316	-0.954102
238	-0.936523	-0.964355
239	-0.923340	-0.952148
240	-0.930664	-0.960449
241	-0.917480	-0.949219
242	-0.934570	-0.962402
243	-0.914551	-0.947754
244	-0.920410	-0.948730
245	-0.948242	-0.969727
246	-0.940918	-0.966309
247	-0.899414	-0.937988
248	-0.935059	-0.960449
249	-0.938965	-0.963867
250	-0.933105	-0.962402
251	-0.922852	-0.950195
252	-0.931641	-0.958984
253	-0.925293	-0.954590
254	-0.931641	-0.958008
255	-0.918457	-0.950684
256	-0.940918	-0.967773
257	-0.931641	-0.956055
258	-0.929199	-0.956543
259	-0.930176	-0.958008
260	-0.924316	-0.953613
261	-0.919922	-0.952637
262	-0.936523	-0.959473
263	-0.931641	-0.958008
264	-0.927734	-0.955078
265	-0.926758	-0.953125
266	-0.924805	-0.950684
267	-0.928223	-0.952148
268	-0.932617	-0.958008
269	-0.928711	-0.958496
270	-0.931152	-0.960449
271	-0.927734	-0.952637
272	-0.923828	-0.956543
273	-0.944824	-0.965332
274	-0.931152	-0.950195
275	-0.930664	-0.952148
276	-0.920898	-0.955566
277	-0.945313	-0.962891
278	-0.930664	-0.945313
279	-0.898438	-0.930176
280	-0.904785	-0.937500
281	-0.937988	-0.962891
282	-0.919922	-0.953125
283	-0.912109	-0.945313
284	-0.914551	-0.943359
285	-0.935059	-0.957520
286	-0.920410	-0.940430
287	-0.910645	-0.945313
288	-0.921387	-0.946289
289	-0.920410	-0.945801
290	-0.948730	-0.971191
291	-0.919434	-0.950684
292	-0.928223	-0.956055
293	-0.939941	-0.964844
294	-0.920410	-0.946777
295	-0.939453	-0.964844
296	-0.929199	-0.958496
297	-0.934082	-0.960449
298	-0.927246	-0.956543
299	-0.937988	-0.962402
300	-0.940430	-0.962402
301	-0.925293	-0.955078
302	-0.930664	-0.958008
303	-0.917969	-0.948730
304	-0.938965	-0.964355
305	-0.933105	-0.958008
306	-0.918945	-0.948242
307	-0.931152	-0.953125
308	-0.933105	-0.960449
309	-0.920410	-0.950684
310	-0.918457	-0.939941
311	-0.925293	-0.953125
312	-0.910645	-0.946289
313	-0.939453	-0.964355
314	-0.931152	-0.954102
315	-0.921387	-0.952637
316	-0.919434	-0.950684
317	-0.947754	-0.969727
318	-0.938965	-0.962402
319	-0.939453	-0.964844
320	-0.926270	-0.950195
321	-0.930664	-0.957031
322	-0.933105	-0.959473
323	-0.920898	-0.950195
324	-0.922363	-0.952148
325	-0.938965	-0.954590
326	-0.931152	-0.954590
327	-0.916504	-0.936035
328	-0.913574	-0.930176
329	-0.920898	-0.942383
330	-0.914551	-0.922363
331	-0.929199	-0.954102
332	-0.913574	-0.942383
333	-0.925781	-0.953613
334	-0.933594	-0.955566
335	-0.935547	-0.958496
336	-0.926270	-0.940918
337	-0.936035	-0.962402
338	-0.922363	-0.950195
339	-0.913574	-0.942871
340	-0.916992	-0.951660
341	-0.942383	-0.966797
342	-0.926270	-0.952148
343	-0.927734	-0.956055
344	-0.925781	-0.955566
345	-0.938477	-0.962891
346	-0.912598	-0.943359
347	-0.919434	-0.942383
348	-0.931641	-0.959961
349	-0.920410	-0.953125
350	-0.930664	-0.955078
351	-0.941406	-0.967285
352	-0.926758	-0.956543
353	-0.929199	-0.953125
354	-0.929688	-0.958984
355	-0.923340	-0.953125
356	-0.923340	-0.952637
357	-0.932617	-0.952637
358	-0.924316	-0.952637
359	-0.927246	-0.957031
360	-0.915527	-0.949707
361	-0.918457	-0.951172
362	-0.934570	-0.955566
363	-0.938477	-0.963867
364	-0.933594	-0.958008
365	-0.916992	-0.938477
366	-0.908203	-0.939453
367	-0.929199	-0.960938
368	-0.919922	-0.946289
369	-0.911133	-0.943359
370	-0.914551	-0.948242
371	-0.940918	-0.963867
372	-0.920898	-0.948242
373	-0.938965	-0.962402
374	-0.927734	-0.951172
375	-0.927246	-0.953125
376	-0.912598	-0.937988
377	-0.926270	-0.953613
378	-0.928223	-0.938965
379	-0.940918	-0.961914
380	-0.925781	-0.950684
381	-0.930664	-0.955078
382	-0.937012	-0.963379
383	-0.932129	-0.957520
384	-0.928223	-0.956055
385	-0.930664	-0.959961
386	-0.927734	-0.953125
387	-0.929199	-0.957031
388	-0.916016	-0.951660
389	-0.940430	-0.958008
390	-0.927246	-0.954102
391	-0.928223	-0.958008
392	-0.923828	-0.950195
393	-0.921387	-0.951660
394	-0.929199	-0.959473
395	-0.934082	-0.957031
396	-0.925293	-0.951172
397	-0.917480	-0.940430
398	-0.937012	-0.960938
399	-0.948242	-0.968750
400	-0.923340	-0.953125
401	-0.930664	-0.957520
402	-0.928711	-0.955566
403	-0.923340	-0.948730
404	-0.937988	-0.963867
405	-0.923828	-0.953125
406	-0.937012	-0.965332
407	-0.937500	-0.960938
408	-0.919922	-0.952148
409	-0.919434	-0.942871
410	-0.913574	-0.934082
411	-0.934082	-0.959961
412	-0.938965	-0.966309
413	-0.937500	-0.961426
414	-0.934082	-0.960938
415	-0.924316	-0.953125
416	-0.933105	-0.962402
417	-0.925781	-0.950684
418	-0.917969	-0.948730
419	-0.928711	-0.958984
420	-0.936523	-0.959961
421	-0.921387	-0.951660
422	-0.915527	-0.937012
423	-0.942383	-0.963379
424	-0.915527	-0.946777
425	-0.935547	-0.959961
426	-0.940918	-0.965332
427	-0.931152	-0.959961
428	-0.926270	-0.953613
429	-0.927246	-0.952637
430	-0.935059	-0.960449
431	-0.920898	-0.946777
432	-0.914551	-0.945313
433	-0.922363	-0.947754
434	-0.944336	-0.964355
435	-0.938477	-0.958496
436	-0.933594	-0.963379
437	-0.918945	-0.951172
438	-0.913086	-0.940918
439	-0.947754	-0.971191
440	-0.911621	-0.948242
441	-0.933105	-0.961914
442	-0.920898	-0.951660
443	-0.927734	-0.955078
444	-0.895996	-0.928223
445	-0.912109	-0.942871
446	-0.915527	-0.948730
447	-0.929199	-0.958496
448	-0.915039	-0.944336
449	-0.925293	-0.950684
450	-0.930176	-0.960449
451	-0.930664	-0.960449
452	-0.918945	-0.955078
453	-0.924316	-0.949219
454	-0.918457	-0.950195
455	-0.940430	-0.967285
456	-0.920410	-0.950195
457	-0.945801	-0.964844
458	-0.934082	-0.961914
459	-0.940430	-0.965820
460	-0.935059	-0.963379
461	-0.935547	-0.959473
462	-0.927246	-0.955078
463	-0.934082	-0.961426
464	-0.922363	-0.952637
465	-0.925781	-0.950684
466	-0.934082	-0.958984
467	-0.939941	-0.962402
468	-0.930176	-0.956055
469	-0.941406	-0.967285
470	-0.903320	-0.941895
471	-0.921387	-0.949219
472	-0.914551	-0.943359
473	-0.920898	-0.950684
474	-0.927734	-0.957031
475	-0.945801	-0.965820
476	-0.932129	-0.958496
477	-0.915527	-0.946289
478	-0.925781	-0.957520
479	-0.933594	-0.958008
480	-0.919922	-0.945313
481	-0.928711	-0.955566
482	-0.938965	-0.953125
483	-0.907227	-0.926270
484	-0.909668	-0.937500
485	-0.916992	-0.944336
486	-0.945313	-0.966309
487	-0.937988	-0.962891
488	-0.921875	-0.951660
489	-0.933105	-0.957520
490	-0.921875	-0.943848
491	-0.919434	-0.950195
492	-0.924805	-0.952637
493	-0.907227	-0.937988
494	-0.923828	-0.946777
495	-0.934570	-0.962402
496	-0.923828	-0.953125
497	-0.925781	-0.954102
498	-0.933105	-0.963379
499	-0.923340	-0.946289
500	-0.916992	-0.951660
501	-0.926270	-0.954590
502	-0.929199	-0.957031
503	-0.925293	-0.955566
504	-0.917480	-0.949219
505	-0.937012	-0.961914
506	-0.925781	-0.951172
507	-0.945313	-0.966797
508	-0.917480	-0.946777
509	-0.913086	-0.946777
510	-0.922852	-0.956543
511	-0.926758	-0.956055
512	-0.930664	-0.955566
513	-0.930664	-0.958496
514	-0.932129	-0.958984
515	-0.933105	-0.953125
516	-0.922363	-0.949707
517	-0.925781	-0.956543
518	-0.942383	-0.965820
519	-0.935547	-0.962402
520	-0.916504	-0.947754
521	-0.933594	-0.962891
522	-0.929199	-0.959473
523	-0.933105	-0.958984
524	-0.936523	-0.963867
525	-0.922363	-0.952148
526	-0.930664	-0.957031
527	-0.931152	-0.957520
528	-0.937988	-0.965332
529	-0.935547	-0.961426
530	-0.920898	-0.948730
531	-0.926270	-0.955078
532	-0.902832	-0.931152
533	-0.909180	-0.927246
534	-0.927734	-0.948730
535	-0.930176	-0.935059
536	-0.925781	-0.951172
537	-0.936523	-0.962402
538	-0.921875	-0.956055
539	-0.924316	-0.948730
540	-0.935059	-0.958496
541	-0.912598	-0.933594
542	-0.935547	-0.959961
543	-0.929199	-0.952148
544	-0.917480	-0.946289
545	-0.916504	-0.946289
546	-0.941406	-0.964844
547	-0.934570	-0.959473
548	-0.929199	-0.952637
549	-0.929199	-0.956055
550	-0.928223	-0.951172
551	-0.941895	-0.964355
552	-0.905762	-0.933105
553	-0.926758	-0.955566
554	-0.938477	-0.962891
555	-0.926270	-0.953613
556	-0.931641	-0.958496
557	-0.940430	-0.963867
558	-0.936523	-0.962402
559	-0.933594	-0.961426
560	-0.917969	-0.949707
561	-0.931152	-0.961426
562	-0.918457	-0.940918
563	-0.923340	-0.954102
564	-0.925781	-0.955566
565	-0.915039	-0.936523
566	-0.927734	-0.950684
567	-0.947754	-0.968750
568	-0.916016	-0.948242
569	-0.918457	-0.948730
570	-0.911133	-0.937988
571	-0.901855	-0.936035
572	-0.932129	-0.962891
573	-0.923828	-0.950684
574	-0.922363	-0.950195
575	-0.927734	-0.957031
576	-0.929688	-0.956543
577	-0.925293	-0.948730
578	-0.943848	-0.967773
579	-0.914551	-0.942383
580	-0.939941	-0.962891
581	-0.934570	-0.961426
582	-0.907715	-0.933105
583	-0.933105	-0.941406
584	-0.929688	-0.953613
585	-0.931152	-0.957520
586	-0.941406	-0.960938
587	-0.938965	-0.960449
588	-0.931152	-0.957031
589	-0.926758	-0.956055
590	-0.932617	-0.960938
591	-0.911133	-0.935547
592	-0.927734	-0.957031
593	-0.929199	-0.957031
594	-0.950684	-0.973145
595	-0.929688	-0.958008
596	-0.927246	-0.956543
597	-0.913574	-0.947266
598	-0.930176	-0.959473
599	-0.918945	-0.947754
600	-0.936523	-0.963867
601	-0.920898	-0.951172
602	-0.919922	-0.940430
603	-0.935059	-0.959473
604	-0.929688	-0.956055
605	-0.916504	-0.939941
606	-0.941406	-0.965820
607	-0.933594	-0.958984
608	-0.915039	-0.941406
609	-0.933105	-0.958984
610	-0.928223	-0.953613
611	-0.929688	-0.959473
612	-0.928223	-0.948730
613	-0.918457	-0.953613
614	-0.937988	-0.961426
615	-0.917969	-0.948242
616	-0.919434	-0.948242
617	-0.937012	-0.961914
618	-0.930176	-0.958008
619	-0.933594	-0.961914
620	-0.918457	-0.950684
621	-0.952637	-0.971680
622	-0.923828	-0.948730
623	-0.903320	-0.935547
624	-0.926758	-0.951660
625	-0.918457	-0.950195
626	-0.926758	-0.951660
627	-0.912109	-0.941895
628	-0.932617	-0.956543
629	-0.919434	-0.945801
630	-0.940918	-0.964355
631	-0.939453	-0.965332
632	-0.934570	-0.960938
633	-0.927734	-0.955566
634	-0.938477	-0.958008
635	-0.936523	-0.963867
636	-0.938477	-0.954590
637	-0.916016	-0.943359
638	-0.918945	-0.945801
639	-0.933105	-0.957031
640	-0.942871	-0.966797
641	-0.913574	-0.945313
642	-0.939453	-0.966309
643	-0.920898	-0.950195
644	-0.933105	-0.958008
645	-0.926758	-0.957520
646	-0.933105	-0.956543
647	-0.920898	-0.951660
648	-0.934082	-0.959473
649	-0.910156	-0.938965
650	-0.915527	-0.947266
651	-0.923340	-0.953613
652	-0.924316	-0.955078
653	-0.932617	-0.954590
654	-0.936035	-0.958008
655	-0.935547	-0.961914
656	-0.942871	-0.967773
657	-0.922852	-0.951660
658	-0.933594	-0.958984
659	-0.932617	-0.959473
660	-0.941406	-0.963867
661	-0.917480	-0.950684
662	-0.931641	-0.958008
663	-0.935059	-0.960938
664	-0.928223	-0.956543
665	-0.922852	-0.951660
666	-0.936523	-0.962402
667	-0.926758	-0.955078
668	-0.934570	-0.960938
669	-0.935059	-0.963379
670	-0.924316	-0.952637
671	-0.922363	-0.951172
672	-0.928223	-0.958008
673	-0.919434	-0.950684
674	-0.950684	-0.965820
675	-0.905762	-0.937988
676	-0.936035	-0.958984
677	-0.925781	-0.947754
678	-0.926270	-0.957031
679	-0.925293	-0.951172
680	-0.928711	-0.956543
681	-0.918457	-0.953125
682	-0.929688	-0.957031
683	-0.921875	-0.955566
684	-0.927246	-0.949219
685	-0.922852	-0.947266
686	-0.916504	-0.948242
687	-0.923340	-0.943848
688	-0.902344	-0.927246
689	-0.908691	-0.937500
690	-0.936035	-0.960938
691	-0.920898	-0.952148
692	-0.939453	-0.964844
693	-0.928223	-0.956055
694	-0.935059	-0.963379
695	-0.923828	-0.943848
696	-0.930176	-0.958984
697	-0.912598	-0.945801
698	-0.928711	-0.943848
699	-0.938477	-0.958496
700	-0.924316	-0.954102
701	-0.915527	-0.950195
702	-0.921387	-0.947754
703	-0.923340	-0.947754
704	-0.925781	-0.945313
705	-0.910156	-0.944336
706	-0.926758	-0.955566
707	-0.935059	-0.962402
708	-0.939453	-0.965332
709	-0.931152	-0.957031
710	-0.918457	-0.951172
711	-0.913574	-0.943359
712	-0.936523	-0.957031
713	-0.936035	-0.960449
714	-0.922852	-0.954590
715	-0.932129	-0.960938
716	-0.940430	-0.964844
717	-0.931641	-0.955566
718	-0.908691	-0.942871
719	-0.936035	-0.964355
720	-0.940430	-0.959961
721	-0.917969	-0.946777
722	-0.935059	-0.961426
723	-0.923340	-0.955078
724	-0.938965	-0.965820
725	-0.906250	-0.939453
726	-0.917480	-0.947754
727	-0.937988	-0.959473
728	-0.938477	-0.959961
729	-0.929688	-0.959961
730	-0.933105	-0.953613
731	-0.923340	-0.954590
732	-0.927246	-0.956055
733	-0.939453	-0.963867
734	-0.942383	-0.960938
735	-0.934570	-0.956543
736	-0.919922	-0.943359
737	-0.910156	-0.933594
738	-0.927734	-0.944336
739	-0.917480	-0.936523
740	-0.930176	-0.933594
741	-0.926758	-0.952637
742	-0.926758	-0.956055
743	-0.918945	-0.949219
744	-0.913086	-0.932617
745	-0.926270	-0.946777
746	-0.918457	-0.940918
747	-0.922852	-0.952148
748	-0.928711	-0.953125
749	-0.919434	-0.950684
750	-0.918457	-0.953613
751	-0.929688	-0.958496
752	-0.928711	-0.954102
753	-0.933594	-0.961914
754	-0.932129	-0.961426
755	-0.944336	-0.965820
756	-0.930664	-0.960938
757	-0.911133	-0.943359
758	-0.930176	-0.959961
759	-0.925293	-0.952148
760	-0.919922	-0.950684
761	-0.925781	-0.954590
762	-0.929199	-0.960449
763	-0.918945	-0.953125
764	-0.940918	-0.964844
765	-0.912598	-0.938965
766	-0.914551	-0.938965
767	-0.944336	-0.959961
768	-0.926270	-0.956543
769	-0.937988	-0.961914
770	-0.923828	-0.952637
771	-0.935547	-0.964355
772	-0.940430	-0.965820
773	-0.915527	-0.947266
774	-0.929199	-0.958496
775	-0.920898	-0.947754
776	-0.921875	-0.952148
777	-0.937500	-0.963379
778	-0.913574	-0.944336
779	-0.912109	-0.946289
780	-0.936035	-0.963867
781	-0.916992	-0.949707
782	-0.926758	-0.952637
783	-0.926270	-0.954102
784	-0.923828	-0.941406
785	-0.923340	-0.945801
786	-0.927734	-0.958984
787	-0.925293	-0.939941
788	-0.937012	-0.949707
789	-0.901855	-0.930664
790	-0.927734	-0.956055
791	-0.934570	-0.960938
792	-0.937500	-0.964844
793	-0.923828	-0.956055
794	-0.940918	-0.964844
795	-0.929688	-0.960449
796	-0.923340	-0.942871
797	-0.939453	-0.964844
798	-0.932129	-0.954590
799	-0.940918	-0.964355
800	-0.943848	-0.963379
801	-0.935547	-0.965332
802	-0.918945	-0.951172
803	-0.918457	-0.948242
804	-0.932129	-0.958008
805	-0.928223	-0.954590
806	-0.927246	-0.950195
807	-0.921387	-0.947266
808	-0.930176	-0.953125
809	-0.929199	-0.954590
810	-0.929688	-0.958008
811	-0.931152	-0.957520
812	-0.919434	-0.948730
813	-0.918457	-0.949219
814	-0.937988	-0.964844
815	-0.917969	-0.949219
816	-0.944336	-0.966797
817	-0.939941	-0.965332
818	-0.922852	-0.947754
819	-0.944336	-0.967285
820	-0.925781	-0.953613
821	-0.927734	-0.956055
822	-0.914551	-0.944336
823	-0.941895	-0.965820
824	-0.937500	-0.964844
825	-0.913086	-0.945313
826	-0.924316	-0.953125
827	-0.942383	-0.964844
828	-0.921387	-0.945313
829	-0.938965	-0.963867
830	-0.933594	-0.962402
831	-0.931641	-0.958496
832	-0.917969	-0.946777
833	-0.936523	-0.962891
834	-0.916992	-0.944824
835	-0.945313	-0.966797
836	-0.940918	-0.966797
837	-0.945313	-0.966797
838	-0.925293	-0.955078
839	-0.923828	-0.947266
840	-0.931641	-0.958984
841	-0.930664	-0.947266
842	-0.908203	-0.938477
843	-0.932129	-0.956543
844	-0.930176	-0.958008
845	-0.928711	-0.956055
846	-0.926758	-0.955078
847	-0.929688	-0.954590
848	-0.926758	-0.952637
849	-0.928711	-0.956055
850	-0.933105	-0.958984
851	-0.927246	-0.957520
852	-0.928711	-0.958496
853	-0.935547	-0.959473
854	-0.917969	-0.951172
855	-0.918945	-0.948730
856	-0.936035	-0.960938
857	-0.928223	-0.954590
858	-0.906738	-0.934082
859	-0.941406	-0.965820
860	-0.943359	-0.966797
861	-0.928711	-0.958496
862	-0.915039	-0.943848
863	-0.929199	-0.956543
864	-0.927246	-0.956543
865	-0.931641	-0.960938
866	-0.934082	-0.958008
867	-0.935547	-0.959961
868	-0.925293	-0.953125
869	-0.944824	-0.966797
870	-0.923340	-0.951172
871	-0.925781	-0.952637
872	-0.931641	-0.954590
873	-0.930664	-0.958984
874	-0.929688	-0.958984
875	-0.929199	-0.950684
876	-0.931152	-0.958496
877	-0.924805	-0.954102
878	-0.929199	-0.956055
879	-0.930176	-0.960938
880	-0.914551	-0.942383
881	-0.940918	-0.961914
882	-0.929688	-0.958984
883	-0.936035	-0.963867
884	-0.933594	-0.961426
885	-0.923340	-0.949707
886	-0.930664	-0.956055
887	-0.935059	-0.960449
888	-0.927246	-0.952637
889	-0.922852	-0.949219
890	-0.910156	-0.945801
891	-0.923828	-0.954102
892	-0.924805	-0.945313
893	-0.907715	-0.928711
894	-0.916992	-0.944824
895	-0.939941	-0.962891
896	-0.922852	-0.953125
897	-0.931152	-0.957520
898	-0.918945	-0.950195
899	-0.935059	-0.963867
900	-0.914551	-0.938965
901	-0.933594	-0.958008
902	-0.935547	-0.958984
903	-0.918945	-0.930664
904	-0.933105	-0.951172
905	-0.933594	-0.958008
906	-0.928711	-0.955566
907	-0.926270	-0.948730
908	-0.932129	-0.948242
909	-0.925781	-0.955566
910	-0.917969	-0.942871
911	-0.928711	-0.957031
912	-0.931152	-0.959473
913	-0.935059	-0.959473
914	-0.932129	-0.960938
915	-0.934570	-0.963379
916	-0.925293	-0.956055
917	-0.935547	-0.958008
918	-0.935059	-0.958008
919	-0.927246	-0.959961
920	-0.915527	-0.941895
921	-0.938965	-0.965332
922	-0.928223	-0.959473
923	-0.923828	-0.954102
924	-0.931641	-0.958984
925	-0.928711	-0.955566
926	-0.908203	-0.937988
927	-0.934570	-0.959473
928	-0.933594	-0.958496
929	-0.931641	-0.957520
930	-0.908203	-0.936523
931	-0.938477	-0.959961
932	-0.925781	-0.952637
933	-0.932129	-0.958008
934	-0.919434	-0.952148
935	-0.923340	-0.952148
936	-0.937012	-0.963379
937	-0.946777	-0.966309
938	-0.920898	-0.947754
939	-0.929688	-0.955078
940	-0.915527	-0.943359
941	-0.928711	-0.952148
942	-0.914551	-0.939453
943	-0.920410	-0.939453
944	-0.929199	-0.942871
945	-0.937500	-0.935059
946	-0.921875	-0.950195
947	-0.927246	-0.957031
948	-0.937012	-0.959473
949	-0.928223	-0.949707
950	-0.916992	-0.943848
951	-0.921387	-0.947754
952	-0.913086	-0.943359
953	-0.926270	-0.950684
954	-0.927734	-0.957031
955	-0.929688	-0.957031
956	-0.928223	-0.953125
957	-0.940430	-0.962402
958	-0.924805	-0.955078
959	-0.915039	-0.949707
960	-0.924805	-0.955566
961	-0.925781	-0.955078
962	-0.907227	-0.941895
963	-0.936035	-0.961914
964	-0.918945	-0.944824
965	-0.931152	-0.958008
966	-0.935547	-0.963867
967	-0.933105	-0.961914
968	-0.924316	-0.952148
969	-0.934082	-0.959473
970	-0.919434	-0.947266
971	-0.929688	-0.955566
972	-0.931152	-0.949219
973	-0.928711	-0.955566
974	-0.922363	-0.952637
975	-0.921387	-0.949707
976	-0.925781	-0.955566
977	-0.939941	-0.962402
978	-0.928711	-0.958984
979	-0.930176	-0.949219
980	-0.910645	-0.945313
981	-0.938477	-0.963379
982	-0.934082	-0.957520
983	-0.922363	-0.948242
984	-0.919434	-0.949219
985	-0.928223	-0.957031
986	-0.908203	-0.940430
987	-0.934570	-0.962891
988	-0.916504	-0.943848
989	-0.922852	-0.947266
990	-0.917480	-0.944824
991	-0.936523	-0.963867
992	-0.916504	-0.935059
993	-0.920410	-0.946289
994	-0.910156	-0.936035
995	-0.925293	-0.956055
996	-0.938477	-0.964844
997	-0.940430	-0.966309
998	-0.938477	-0.961426
999	-0.942871	-0.967773
