0	-0.411621	0.055664
1	-0.412109	0.008301
2	-0.436523	0.035645
3	-0.420410	-0.080078
4	-0.430176	-0.094238
5	-0.416016	-0.022949
6	-0.445313	-0.048340
7	-0.439941	0.015625
8	-0.440918	0.044434
9	-0.439941	-0.088379
10	-0.422852	0.027832
11	-0.425293	-0.005371
12	-0.426758	-0.024414
13	-0.414551	-0.029785
14	-0.458008	-0.055176
15	-0.409180	-0.051758
16	-0.428223	-0.053223
17	-0.435547	-0.018066
18	-0.439941	0.054688
19	-0.467773	-0.030762
20	-0.455566	-0.188965
21	-0.435059	0.027832
22	-0.428223	0.011230
23	-0.451660	-0.097656
24	-0.435059	-0.072266
25	-0.436035	0.058594
26	-0.432617	0.009277
27	-0.439941	0.055664
28	-0.464355	-0.077637
29	-0.433594	0.029297
30	-0.430664	0.052734
31	-0.412109	0.028320
32	-0.423340	-0.027344
33	-0.444824	0.032715
34	-0.426270	-0.072266
35	-0.445801	0.007324
36	-0.427734	-0.107910
37	-0.449707	0.041016
38	-0.409180	0.044922
39	-0.444336	-0.062988
40	-0.433105	0.029785
41	-0.434082	0.060059
42	-0.450684	0.003418
43	-0.425293	-0.074219
44	-0.437012	0.030762
45	-0.452637	-0.041992
46	-0.435547	0.027344
47	-0.435547	-0.088867
48	-0.430664	0.020996
49	-0.391113	-0.049805
50	-0.410645	-0.019043
51	-0.398926	-0.016602
52	-0.452637	0.004883
53	-0.451172	-0.038574
54	-0.430176	0.020508
55	-0.437012	-0.124512
56	-0.437500	-0.062500
57	-0.433594	-0.104004
58	-0.445801	0.025391
59	-0.445801	0.119141
60	-0.432617	-0.126953
61	-0.415039	0.016602
62	-0.426758	0.036133
63	-0.448730	0.042969
64	-0.422363	-0.044922
65	-0.418457	0.000488
66	-0.410645	-0.107422
67	-0.410645	-0.034180
68	-0.417480	0.033691
69	-0.456055	-0.072266
70	-0.425293	0.069824
71	-0.414551	0.065430
72	-0.439941	0.052246
73	-0.447754	0.018555
74	-0.435547	0.012207
75	-0.431641	0.062012
76	-0.419922	0.076660
77	-0.456055	0.023926
78	-0.428711	-0.020020
79	-0.406738	0.004883
80	-0.460938	-0.030273
81	-0.465820	-0.153320
82	-0.458008	0.017578
83	-0.426758	-0.098633
84	-0.437012	-0.049316
85	-0.426270	-0.056152
86	-0.458496	-0.049316
87	-0.448242	0.001465
88	-0.447754	0.027344
89	-0.420898	0.076660
90	-0.434082	0.067383
91	-0.447266	-0.129883
92	-0.418945	-0.023438
93	-0.412598	-0.031250
94	-0.436035	0.011230
95	-0.444824	0.060547
96	-0.401367	0.040527
97	-0.424316	0.016113
98	-0.419434	-0.045898
99	-0.432617	-0.096680
100	-0.428223	-0.058594
101	-0.438965	-0.075684
102	-0.441895	-0.065918
103	-0.434570	-0.108887
104	-0.418945	-0.001465
105	-0.433594	0.059570
106	-0.453613	-0.090820
107	-0.438477	-0.018555
108	-0.454590	-0.079102
109	-0.442383	0.025879
110	-0.440430	-0.042969
111	-0.462402	0.022461
112	-0.442871	-0.087891
113	-0.436035	0.022949
114	-0.417969	0.121582
115	-0.451660	0.065430
116	-0.423828	0.026367
117	-0.423340	-0.047363
118	-0.430176	-0.066406
119	-0.452148	0.013184
120	-0.440918	0.040527
121	-0.438965	0.088379
122	-0.460449	0.119141
123	-0.443359	0.072754
124	-0.427734	0.019043
125	-0.438477	-0.056641
126	-0.447266	-0.025391
127	-0.457031	-0.050293
128	-0.455078	-0.030762
129	-0.425781	0.096680
130	-0.457031	0.139160
131	-0.413574	-0.030273
132	-0.439453	0.003418
133	-0.409668	-0.058594
134	-0.425293	-0.026855
135	-0.435547	0.104004
136	-0.422852	0.084473
137	-0.430664	0.068359
138	-0.414063	0.022949
139	-0.419434	-0.002441
140	-0.420410	-0.057617
141	-0.438965	0.016113
142	-0.418457	0.045410
143	-0.450684	0.035156
144	-0.432129	-0.036133
145	-0.417480	0.010742
146	-0.440430	-0.049805
147	-0.435059	0.095215
148	-0.432617	0.035645
149	-0.451172	0.072266
150	-0.413574	0.020996
151	-0.473633	0.091309
152	-0.445313	-0.043457
153	-0.458496	0.063965
154	-0.411133	-0.048340
155	-0.445801	0.097656
156	-0.429199	-0.024902
157	-0.433105	0.140625
158	-0.429199	-0.059082
159	-0.424316	-0.031250
160	-0.418457	-0.068359
161	-0.444336	0.058105
162	-0.416016	-0.065918
163	-0.441406	0.062500
164	-0.409180	0.034180
165	-0.456055	0.053711
166	-0.423828	0.020996
167	-0.417969	0.055664
168	-0.447754	-0.024414
169	-0.444336	-0.060059
170	-0.447266	-0.010742
171	-0.447754	0.040527
172	-0.418457	-0.029297
173	-0.415039	0.019043
174	-0.439453	-0.054199
175	-0.438477	-0.011719
176	-0.440430	-0.046875
177	-0.437500	-0.014160
178	-0.456055	-0.016113
179	-0.462402	-0.031738
180	-0.431152	-0.114746
181	-0.427734	0.031250
182	-0.433105	-0.054688
183	-0.426270	0.045410
184	-0.427734	0.050293
185	-0.424805	0.078125
186	-0.431641	0.035645
187	-0.431641	0.044434
188	-0.438477	0.033691
189	-0.426758	-0.057129
190	-0.426270	0.042969
191	-0.419434	-0.025879
192	-0.447266	0.048340
193	-0.444824	0.052734
194	-0.438477	0.081055
195	-0.416992	0.005859
196	-0.447754	0.007813
197	-0.417480	-0.042969
198	-0.408203	0.020508
199	-0.404785	-0.080078
200	-0.429199	0.065430
201	-0.437012	0.088867
202	-0.434082	0.086914
203	-0.413086	0.059570
204	-0.462891	0.105469
205	-0.461426	0.058105
206	-0.446777	0.040039
207	-0.420898	0.004395
208	-0.437988	-0.061035
209	-0.421387	0.043945
210	-0.441895	0.008789
211	-0.414063	-0.077637
212	-0.416992	-0.025879
213	-0.454590	-0.070313
214	-0.441406	-0.003906
215	-0.422363	0.018066
216	-0.411621	0.069336
217	-0.431641	-0.018066
218	-0.411621	-0.010254
219	-0.430664	0.040039
220	-0.456543	-0.015625
221	-0.435059	0.074219
222	-0.436035	-0.026855
223	-0.422363	-0.001953
224	-0.415527	-0.020020
225	-0.430176	-0.030273
226	-0.479492	0.047363
227	-0.435547	-0.049316
228	-0.440918	0.011230
229	-0.415527	-0.055176
230	-0.434082	0.012207
231	-0.446777	-0.002441
232	-0.446289	-0.112793
233	-0.432617	-0.029297
234	-0.432129	-0.108887
235	-0.432617	0.031738
236	-0.437500	0.008789
237	-0.428223	0.053711
238	-0.437988	0.014648
239	-0.432129	-0.027832
240	-0.432129	-0.039551
241	-0.440430	-0.014160
242	-0.439453	0.137207
243	-0.428223	-0.018555
244	-0.443848	0.047363
245	-0.424805	-0.081055
246	-0.435059	0.013672
247	-0.451172	-0.049805
248	-0.426270	-0.005859
249	-0.424316	0.005371
250	-0.413574	0.050293
251	-0.444336	-0.115234
252	-0.423828	-0.091309
253	-0.437988	-0.032715
254	-0.442871	-0.116699
255	-0.447754	0.079102
256	-0.408203	-0.002441
257	-0.423340	-0.133789
258	-0.426270	0.119141
259	-0.441895	-0.015137
260	-0.413086	-0.066406
261	-0.398926	0.025391
262	-0.437500	-0.035645
263	-0.412109	-0.025391
264	-0.429688	0.091309
265	-0.425781	-0.137207
266	-0.446289	-0.068848
267	-0.431641	-0.014648
268	-0.443848	0.051758
269	-0.421875	0.040039
270	-0.423828	-0.023926
271	-0.424805	-0.060547
272	-0.425781	0.092773
273	-0.436523	-0.080566
274	-0.442871	-0.066895
275	-0.448730	-0.128906
276	-0.446777	0.025391
277	-0.417969	0.050293
278	-0.411133	-0.042969
279	-0.464844	0.084961
280	-0.433594	-0.014160
281	-0.457520	-0.038086
282	-0.425781	0.028320
283	-0.445313	-0.014648
284	-0.432129	0.095215
285	-0.442871	-0.046387
286	-0.427734	-0.078125
287	-0.409668	0.071777
288	-0.438965	0.045898
289	-0.429199	-0.019043
290	-0.453613	-0.025391
291	-0.426758	0.041992
292	-0.444336	0.110840
293	-0.410156	0.023438
294	-0.425293	0.006836
295	-0.441406	-0.026855
296	-0.424805	0.024902
297	-0.407715	-0.034180
298	-0.403320	-0.018066
299	-0.417480	-0.050781
300	-0.407227	-0.030762
301	-0.414063	0.029785
302	-0.435547	-0.022949
303	-0.419434	0.041992
304	-0.419922	-0.000977
305	-0.452148	-0.051270
306	-0.444336	-0.020508
307	-0.451660	-0.013184
308	-0.434082	-0.023926
309	-0.446289	-0.127441
310	-0.442383	-0.057129
311	-0.456543	-0.006836
312	-0.447266	0.057617
313	-0.459473	0.031738
314	-0.455078	-0.032715
315	-0.440918	0.011719
316	-0.464355	0.068359
317	-0.431641	0.044434
318	-0.440430	-0.068359
319	-0.393555	-0.025391
320	-0.430176	-0.033691
321	-0.425293	-0.062988
322	-0.428711	0.046387
323	-0.429199	-0.013672
324	-0.443848	-0.067871
325	-0.422852	0.017578
326	-0.450195	0.067871
327	-0.414063	0.082520
328	-0.403809	0.036621
329	-0.444336	0.097168
330	-0.443848	0.006348
331	-0.429688	0.015137
332	-0.432129	0.043457
333	-0.423340	0.052734
334	-0.442871	0.002441
335	-0.450195	0.028320
336	-0.414551	-0.002930
337	-0.407227	-0.033691
338	-0.429199	0.088379
339	-0.430176	-0.020020
340	-0.433105	-0.001465
341	-0.431152	-0.021973
342	-0.405762	-0.003906
343	-0.431152	0.007324
344	-0.406250	-0.048340
345	-0.432617	0.008789
346	-0.446289	-0.005371
347	-0.427246	0.020508
348	-0.429199	-0.034180
349	-0.443359	0.018555
350	-0.424805	0.036621
351	-0.419922	-0.042969
352	-0.430664	0.031738
353	-0.420410	-0.105957
354	-0.426758	-0.002441
355	-0.422852	0.056641
356	-0.440918	-0.060547
357	-0.399902	0.060547
358	-0.451660	0.003418
359	-0.441406	-0.004883
360	-0.425781	-0.002930
361	-0.448730	0.045898
362	-0.431641	-0.087402
363	-0.440430	0.063477
364	-0.411621	-0.019531
365	-0.439941	-0.111816
366	-0.427734	0.086914
367	-0.420898	0.060059
368	-0.433105	0.062012
369	-0.449707	-0.025391
370	-0.440918	-0.037598
371	-0.410156	-0.083008
372	-0.435547	-0.061523
373	-0.448730	0.114258
374	-0.417969	0.014648
375	-0.431152	-0.071289
376	-0.440918	0.018555
377	-0.409180	-0.019531
378	-0.402832	-0.010742
379	-0.434082	-0.000488
380	-0.435547	0.026367
381	-0.433105	0.016113
382	-0.429688	-0.000488
383	-0.443848	-0.039063
384	-0.419434	0.042969
385	-0.433594	-0.069336
386	-0.434570	-0.008789
387	-0.442383	0.050781
388	-0.425781	0.083496
389	-0.427246	-0.002930
390	-0.436523	0.040039
391	-0.395996	-0.061035
392	-0.437988	-0.048340
393	-0.425293	0.025391
394	-0.437500	0.038574
395	-0.427246	-0.057129
396	-0.416992	0.049316
397	-0.420898	0.041992
398	-0.449219	0.072754
399	-0.417969	-0.049805
400	-0.430664	-0.041992
401	-0.437988	-0.124512
402	-0.426758	-0.042969
403	-0.430176	0.046875
404	-0.451660	0.037598
405	-0.445801	-0.001953
406	-0.400879	0.066895
407	-0.437500	0.076660
408	-0.463379	0.009766
409	-0.448730	-0.053223
410	-0.422363	-0.021973
411	-0.420410	0.088379
412	-0.434082	-0.058594
413	-0.432129	0.020020
414	-0.462402	-0.005859
415	-0.443359	-0.036133
416	-0.442871	0.030762
417	-0.436523	-0.013672
418	-0.431152	0.052734
419	-0.441406	0.008789
420	-0.421387	-0.037109
421	-0.418457	-0.012695
422	-0.447266	0.069824
423	-0.456055	-0.051270
424	-0.437500	-0.002441
425	-0.434082	0.004883
426	-0.447754	0.014160
427	-0.431641	-0.101563
428	-0.418457	-0.030273
429	-0.428223	-0.010254
430	-0.425293	-0.002441
431	-0.449707	-0.043945
432	-0.424805	0.056641
433	-0.422852	-0.068848
434	-0.413574	0.041992
435	-0.429199	-0.019043
436	-0.423340	-0.080078
437	-0.444336	0.047852
438	-0.393555	0.055664
439	-0.409668	-0.002930
440	-0.414551	-0.012207
441	-0.424316	0.008789
442	-0.428223	-0.004395
443	-0.430664	-0.024902
444	-0.431152	-0.046387
445	-0.436035	-0.019531
446	-0.434082	-0.027832
447	-0.435547	-0.075684
448	-0.449219	-0.077637
449	-0.460449	-0.052734
450	-0.428223	-0.097656
451	-0.421387	0.028809
452	-0.451660	0.020996
453	-0.425781	-0.000488
454	-0.436523	0.001465
455	-0.435059	-0.005859
456	-0.408203	-0.008789
457	-0.433105	0.075684
458	-0.440918	-0.020508
459	-0.437988	-0.101074
460	-0.433105	0.016113
461	-0.417480	-0.017578
462	-0.431641	0.025391
463	-0.440918	0.089355
464	-0.425781	-0.023926
465	-0.423828	0.014648
466	-0.422363	0.041992
467	-0.431641	0.070801
468	-0.440918	-0.052246
469	-0.449707	-0.087402
470	-0.445801	0.020508
471	-0.448242	-0.055664
472	-0.452148	-0.057617
473	-0.443848	-0.049805
474	-0.426270	-0.058594
475	-0.414551	0.000977
476	-0.447266	-0.001465
477	-0.439453	-0.127930
478	-0.431641	-0.009766
479	-0.425293	-0.021484
480	-0.442383	0.005371
481	-0.435547	-0.023926
482	-0.418457	-0.021973
483	-0.431152	0.123535
484	-0.446289	-0.092285
485	-0.435059	0.020020
486	-0.422363	0.012207
487	-0.437988	-0.016113
488	-0.430176	0.033691
489	-0.424316	0.027832
490	-0.429688	-0.078125
491	-0.435059	0.042480
492	-0.435059	0.059082
493	-0.446289	0.073242
494	-0.423828	0.012207
495	-0.445801	-0.020996
496	-0.416504	0.013672
497	-0.434082	0.009277
498	-0.448242	0.063965
499	-0.435059	0.008789
500	-0.419922	0.050781
501	-0.437988	-0.004395
502	-0.432617	0.029785
503	-0.434570	0.019531
504	-0.418945	0.059570
505	-0.450195	0.071289
506	-0.463379	-0.038086
507	-0.430664	0.042969
508	-0.441895	-0.001465
509	-0.414063	-0.028809
510	-0.448730	0.025879
511	-0.441895	0.094238
512	-0.448730	-0.011719
513	-0.438477	-0.019531
514	-0.423340	-0.117676
515	-0.434570	-0.049316
516	-0.414063	-0.093750
517	-0.426758	-0.049805
518	-0.416992	-0.017090
519	-0.444336	-0.044434
520	-0.450195	-0.033203
521	-0.439941	-0.010254
522	-0.431641	0.024902
523	-0.447754	0.122070
524	-0.439941	0.005371
525	-0.395996	-0.023438
526	-0.422363	0.041504
527	-0.415039	-0.016113
528	-0.409180	-0.000977
529	-0.420898	0.066895
530	-0.439941	0.090332
531	-0.444336	-0.051270
532	-0.410156	-0.070313
533	-0.464844	0.095703
534	-0.457031	-0.017090
535	-0.417969	0.017090
536	-0.415039	0.010742
537	-0.450195	-0.040527
538	-0.448730	-0.028320
539	-0.408203	0.153809
540	-0.433105	0.022461
541	-0.447266	0.006836
542	-0.446777	0.040527
543	-0.416504	-0.034668
544	-0.419922	0.020996
545	-0.443359	-0.003418
546	-0.419922	-0.089844
547	-0.429199	-0.083984
548	-0.451172	-0.131836
549	-0.421875	-0.116211
550	-0.401855	0.044922
551	-0.450195	0.056152
552	-0.447266	0.085449
553	-0.434082	-0.015137
554	-0.416992	0.006348
555	-0.437012	-0.057129
556	-0.437988	0.045410
557	-0.414551	0.007324
558	-0.409180	0.068359
559	-0.417969	0.067871
560	-0.414063	0.051758
561	-0.434082	0.062500
562	-0.438965	0.034180
563	-0.445801	-0.056641
564	-0.450684	0.037598
565	-0.450195	0.071777
566	-0.413574	0.040039
567	-0.411133	-0.015625
568	-0.454590	0.042969
569	-0.421387	0.029785
570	-0.432617	-0.093750
571	-0.419434	0.069336
572	-0.416016	-0.064941
573	-0.464844	-0.059082
574	-0.432617	-0.009277
575	-0.440430	-0.016602
576	-0.410156	0.000488
577	-0.446289	0.024414
578	-0.461914	-0.025879
579	-0.432617	0.067383
580	-0.456055	0.041504
581	-0.411133	-0.056152
582	-0.429688	-0.093750
583	-0.428711	0.004395
584	-0.420410	0.024414
585	-0.416504	-0.068848
586	-0.433105	-0.042480
587	-0.431641	0.029297
588	-0.423828	-0.034668
589	-0.403320	0.092285
590	-0.413086	0.009277
591	-0.416016	-0.001465
592	-0.449219	-0.071289
593	-0.428223	-0.071777
594	-0.424316	0.014648
595	-0.408691	-0.004883
596	-0.415039	-0.041504
597	-0.425293	0.108398
598	-0.439941	0.090332
599	-0.429199	0.025879
600	-0.476563	0.047363
601	-0.442383	0.056641
602	-0.423828	0.003418
603	-0.460449	0.003906
604	-0.446289	0.004395
605	-0.424316	0.046387
606	-0.416016	0.051758
607	-0.426758	-0.013184
608	-0.466797	0.051758
609	-0.424316	0.014160
610	-0.420898	-0.052246
611	-0.442871	0.082520
612	-0.439453	0.067383
613	-0.443848	0.055664
614	-0.449219	-0.017578
615	-0.442383	-0.041016
616	-0.469238	-0.110352
617	-0.453613	-0.010742
618	-0.448242	0.081055
619	-0.433105	-0.052246
620	-0.441406	-0.076172
621	-0.398438	-0.048828
622	-0.439453	-0.004395
623	-0.437500	0.058105
624	-0.441895	0.104980
625	-0.433594	-0.042969
626	-0.449707	-0.025879
627	-0.432129	-0.067871
628	-0.422852	-0.075195
629	-0.429688	0.045898
630	-0.458984	0.060547
631	-0.436523	0.076172
632	-0.435547	0.069336
633	-0.437500	0.019043
634	-0.433105	0.017090
635	-0.406250	-0.066406
636	-0.430176	-0.058105
637	-0.422852	-0.008301
638	-0.413574	0.011230
639	-0.435547	-0.110352
640	-0.406738	0.042480
641	-0.413086	0.044434
642	-0.442383	-0.055176
643	-0.417480	0.103516
644	-0.422852	-0.047852
645	-0.426270	0.029297
646	-0.416992	0.010742
647	-0.442383	0.042969
648	-0.454590	0.033203
649	-0.457031	0.016602
650	-0.428223	-0.012207
651	-0.442383	-0.029785
652	-0.438477	0.065430
653	-0.484863	0.044434
654	-0.459473	0.014160
655	-0.466797	-0.012207
656	-0.458008	0.051758
657	-0.429688	-0.057617
658	-0.437012	-0.080566
659	-0.458496	-0.052246
660	-0.411133	0.053711
661	-0.439453	0.028320
662	-0.441895	0.044922
663	-0.398438	0.062500
664	-0.416504	0.014160
665	-0.420410	0.015625
666	-0.435059	-0.001953
667	-0.445801	0.019531
668	-0.427246	-0.002930
669	-0.452148	0.012207
670	-0.463379	-0.034668
671	-0.426758	-0.028809
672	-0.428711	-0.020508
673	-0.435547	-0.143555
674	-0.432129	0.045410
675	-0.435059	0.003906
676	-0.434082	-0.049805
677	-0.415527	-0.052734
678	-0.427246	0.049316
679	-0.424805	-0.056152
680	-0.422852	0.083496
681	-0.425293	-0.045898
682	-0.420898	-0.074219
683	-0.430176	-0.041992
684	-0.418945	0.021973
685	-0.422852	0.006348
686	-0.447754	0.051758
687	-0.434082	-0.013672
688	-0.442871	-0.005371
689	-0.425781	0.006348
690	-0.433105	-0.005859
691	-0.424316	0.063477
692	-0.408203	-0.030273
693	-0.417969	0.025879
694	-0.428711	0.045898
695	-0.420898	-0.000488
696	-0.416016	0.085938
697	-0.450195	0.120605
698	-0.434570	0.020020
699	-0.414063	-0.078125
700	-0.425781	-0.121582
701	-0.483398	-0.042969
702	-0.430176	-0.002441
703	-0.436035	-0.064941
704	-0.407715	-0.061523
705	-0.437012	-0.104004
706	-0.420898	0.013184
707	-0.425293	-0.014648
708	-0.426270	-0.011230
709	-0.432617	0.019531
710	-0.424805	0.107422
711	-0.429199	0.050781
712	-0.391113	-0.010254
713	-0.419922	-0.048828
714	-0.421387	0.032227
715	-0.416504	0.045898
716	-0.400391	-0.161133
717	-0.404785	-0.074707
718	-0.422363	-0.067871
719	-0.455078	-0.050293
720	-0.409668	-0.003906
721	-0.444336	0.039551
722	-0.429688	-0.054199
723	-0.462402	-0.024902
724	-0.433594	0.102539
725	-0.437500	-0.037598
726	-0.457031	0.040039
727	-0.415527	0.040039
728	-0.428223	0.028809
729	-0.443359	-0.039063
730	-0.438477	0.004883
731	-0.432129	-0.080078
732	-0.411133	0.040039
733	-0.435059	0.013184
734	-0.429199	-0.034668
735	-0.435547	-0.007324
736	-0.418457	-0.039551
737	-0.439453	-0.032227
738	-0.427246	-0.016602
739	-0.425781	0.058105
740	-0.428223	-0.031738
741	-0.433105	-0.036621
742	-0.448730	0.029297
743	-0.432129	-0.041016
744	-0.440430	0.039551
745	-0.437012	0.055176
746	-0.452148	-0.020020
747	-0.406250	-0.039063
748	-0.429199	-0.002441
749	-0.442871	-0.076660
750	-0.442871	-0.029785
751	-0.451172	0.077148
752	-0.432129	-0.007324
753	-0.424316	-0.037598
754	-0.443848	-0.050781
755	-0.454102	-0.021484
756	-0.439453	0.100098
757	-0.433105	0.079590
758	-0.442383	0.007324
759	-0.433105	-0.015625
760	-0.433105	-0.008301
761	-0.420410	0.048828
762	-0.464355	-0.057129
763	-0.442871	-0.005859
764	-0.411621	0.032227
765	-0.460449	0.013184
766	-0.453613	0.024902
767	-0.430176	0.003418
768	-0.435059	0.084961
769	-0.454102	-0.028320
770	-0.452637	-0.056152
771	-0.433594	-0.031738
772	-0.444824	0.051270
773	-0.454102	0.059570
774	-0.422852	-0.020996
775	-0.404785	-0.050293
776	-0.451172	-0.088379
777	-0.424805	0.022461
778	-0.416992	-0.042480
779	-0.438477	-0.018066
780	-0.454590	-0.088379
781	-0.454590	-0.088867
782	-0.450684	-0.172852
783	-0.412109	-0.017578
784	-0.434082	-0.056641
785	-0.437988	0.093750
786	-0.394043	0.079590
787	-0.439453	0.006836
788	-0.447266	-0.039551
789	-0.433594	-0.060547
790	-0.440430	0.008301
791	-0.446289	-0.052734
792	-0.426758	-0.002930
793	-0.418457	0.004883
794	-0.403809	0.083008
795	-0.437988	-0.067383
796	-0.413086	-0.108398
797	-0.437500	0.078125
798	-0.427734	0.088379
799	-0.407227	-0.041016
800	-0.400879	-0.026367
801	-0.416992	-0.009766
802	-0.424805	-0.063477
803	-0.439941	-0.045410
804	-0.437012	-0.091309
805	-0.437012	0.067871
806	-0.428223	0.033691
807	-0.429199	0.075195
808	-0.436035	0.053223
809	-0.437500	-0.019043
810	-0.425781	0.094238
811	-0.434570	-0.044434
812	-0.463867	0.071289
813	-0.437988	0.070313
814	-0.446777	0.030762
815	-0.436523	0.073242
816	-0.436523	0.033203
817	-0.439941	-0.001465
818	-0.448242	-0.092285
819	-0.437500	-0.025879
820	-0.432617	0.007813
821	-0.422363	0.051758
822	-0.434082	-0.044922
823	-0.433594	0.033691
824	-0.407715	-0.027832
825	-0.419922	0.012695
826	-0.449219	0.058105
827	-0.431152	-0.029785
828	-0.428223	-0.007324
829	-0.446777	0.085449
830	-0.431152	-0.025879
831	-0.417480	0.027344
832	-0.420898	0.028320
833	-0.442871	-0.052734
834	-0.433594	0.112305
835	-0.443359	-0.055664
836	-0.459473	0.002441
837	-0.438477	-0.008789
838	-0.420898	0.027832
839	-0.409180	0.051270
840	-0.429199	0.007813
841	-0.430664	-0.030762
842	-0.420898	-0.020508
843	-0.452148	0.058105
844	-0.446777	0.000977
845	-0.439453	0.078613
846	-0.418457	0.026367
847	-0.454102	-0.079590
848	-0.411621	-0.067871
849	-0.416992	-0.015625
850	-0.425293	-0.075195
851	-0.437500	0.039551
852	-0.435547	-0.034180
853	-0.454102	0.039063
854	-0.424805	0.007813
855	-0.450684	-0.034180
856	-0.411133	0.028809
857	-0.434570	0.074219
858	-0.462402	0.117188
859	-0.427734	-0.011230
860	-0.437012	-0.026367
861	-0.426758	-0.005859
862	-0.418945	-0.021484
863	-0.464844	0.006348
864	-0.425293	0.036133
865	-0.439453	0.069336
866	-0.451660	-0.001465
867	-0.424805	-0.065918
868	-0.432617	-0.031250
869	-0.431641	0.005859
870	-0.412598	-0.089844
871	-0.455078	-0.012207
872	-0.432617	-0.028320
873	-0.429199	0.066895
874	-0.405273	0.011719
875	-0.439453	-0.004395
876	-0.446289	0.023926
877	-0.445801	0.040039
878	-0.422363	0.046387
879	-0.416016	0.046387
880	-0.451660	-0.022461
881	-0.448730	-0.125488
882	-0.421387	0.105957
883	-0.426270	-0.010254
884	-0.426270	0.020508
885	-0.408691	-0.004395
886	-0.437012	0.022461
887	-0.461914	-0.016113
888	-0.449219	0.102539
889	-0.435547	0.020996
890	-0.452637	0.021973
891	-0.428711	0.068359
892	-0.435547	0.004395
893	-0.441895	0.075684
894	-0.442383	0.016113
895	-0.431641	0.081543
896	-0.432617	0.017578
897	-0.440918	-0.018555
898	-0.453125	0.008301
899	-0.436035	0.039551
900	-0.430176	-0.085449
901	-0.435547	0.003418
902	-0.416504	-0.000488
903	-0.445313	-0.014648
904	-0.427246	0.055664
905	-0.444824	-0.046875
906	-0.432129	0.083984
907	-0.435059	-0.024414
908	-0.426758	0.105957
909	-0.433594	-0.033203
910	-0.419922	0.000977
911	-0.405762	0.025391
912	-0.416504	-0.005859
913	-0.435059	0.032715
914	-0.439453	-0.044434
915	-0.441895	0.003418
916	-0.432617	0.099609
917	-0.415527	0.060547
918	-0.423828	0.063965
919	-0.431641	-0.014160
920	-0.452637	0.071289
921	-0.445313	-0.008301
922	-0.444336	0.064941
923	-0.426758	-0.029297
924	-0.436035	0.027832
925	-0.411133	-0.043457
926	-0.450195	-0.003906
927	-0.408203	0.057617
928	-0.449219	0.089844
929	-0.427246	0.014648
930	-0.455566	-0.073242
931	-0.433594	0.032227
932	-0.434082	-0.046875
933	-0.413086	0.046387
934	-0.428223	-0.019043
935	-0.442383	0.079590
936	-0.426758	-0.004395
937	-0.426758	0.026367
938	-0.420898	0.078613
939	-0.423340	-0.095215
940	-0.433105	0.073730
941	-0.459473	0.054688
942	-0.419922	-0.010254
943	-0.408691	0.031738
944	-0.459961	0.071777
945	-0.446777	-0.049316
946	-0.459961	-0.038086
947	-0.426758	-0.082520
948	-0.423340	0.038574
949	-0.415039	-0.005859
950	-0.430664	-0.002930
951	-0.399414	-0.039063
952	-0.433594	-0.073242
953	-0.429199	0.110352
954	-0.435059	-0.088867
955	-0.434570	-0.033203
956	-0.422852	0.050293
957	-0.427246	0.000977
958	-0.457031	0.043945
959	-0.449219	0.025879
960	-0.447754	0.029297
961	-0.440430	-0.063965
962	-0.443848	-0.004395
963	-0.437988	-0.010254
964	-0.419922	-0.016602
965	-0.440918	0.036621
966	-0.405762	0.046875
967	-0.407715	0.071289
968	-0.435547	0.002441
969	-0.432617	-0.075195
970	-0.420410	0.013672
971	-0.419922	-0.017578
972	-0.439941	0.062988
973	-0.410156	-0.052734
974	-0.426758	-0.076172
975	-0.447266	0.005859
976	-0.451660	0.039063
977	-0.429199	-0.025391
978	-0.426270	-0.049805
979	-0.404297	0.070801
980	-0.418945	0.031250
981	-0.424316	-0.022949
982	-0.401855	-0.025391
983	-0.423340	-0.018066
984	-0.442871	0.002930
985	-0.435059	-0.062988
986	-0.428711	-0.065918
987	-0.449219	-0.046875
988	-0.425293	-0.064941
989	-0.425781	-0.036133
990	-0.445313	-0.016602
991	-0.459473	-0.056152
992	-0.415039	-0.023926
993	-0.473633	0.053711
994	-0.454102	0.054688
995	-0.475098	-0.160156
996	-0.437988	-0.023438
997	-0.447266	-0.093262
998	-0.437988	0.000488
999	-0.453613	0.027832
