0	-0.208984	-0.013184
1	-0.201172	0.021973
2	-0.188965	0.008789
3	-0.214355	-0.003418
4	-0.211426	0.010742
5	-0.220703	-0.033203
6	-0.194336	0.017090
7	-0.183105	0.002441
8	-0.187500	0.015137
9	-0.208008	0.006348
10	-0.196777	0.025391
11	-0.194824	0.000977
12	-0.207520	0.041016
13	-0.204590	0.014160
14	-0.200684	0.004395
15	-0.209961	0.007813
16	-0.210449	-0.027832
17	-0.215820	-0.034668
18	-0.195313	0.026855
19	-0.224121	0.041992
20	-0.193848	0.014160
21	-0.197754	-0.018555
22	-0.179688	0.046875
23	-0.195801	-0.007324
24	-0.185059	-0.001465
25	-0.178711	-0.036133
26	-0.198242	0.013672
27	-0.201172	0.012695
28	-0.205078	0.011230
29	-0.204590	-0.029785
30	-0.197754	-0.012695
31	-0.225586	-0.022949
32	-0.207520	0.006836
33	-0.195801	0.008301
34	-0.190918	-0.022949
35	-0.190918	-0.002930
36	-0.178711	-0.017090
37	-0.215820	0.069824
38	-0.197754	-0.010254
39	-0.205078	-0.025391
40	-0.208008	0.016113
41	-0.177734	-0.017090
42	-0.196289	-0.004883
43	-0.213379	-0.018066
44	-0.216797	-0.053223
45	-0.213867	-0.008301
46	-0.203125	-0.005371
47	-0.202637	-0.034668
48	-0.179688	0.004395
49	-0.202637	0.035645
50	-0.205566	0.007813
51	-0.189941	0.037598
52	-0.220703	0.015625
53	-0.195313	0.022461
54	-0.208496	-0.000977
55	-0.202148	-0.000488
56	-0.172852	-0.006348
57	-0.190430	0.005859
58	-0.195801	0.003418
59	-0.214355	0.000000
60	-0.197266	0.020020
61	-0.203613	0.018555
62	-0.186035	0.003418
63	-0.185547	-0.006348
64	-0.202637	-0.011719
65	-0.210449	0.040527
66	-0.207031	-0.023438
67	-0.179199	-0.024902
68	-0.188965	-0.001465
69	-0.185059	-0.007324
70	-0.212891	-0.012207
71	-0.197754	0.062988
72	-0.211914	0.006836
73	-0.218750	-0.028320
74	-0.198242	-0.028809
75	-0.195313	-0.052734
76	-0.213379	-0.053223
77	-0.229004	-0.050293
78	-0.194336	0.004883
79	-0.198242	0.000000
80	-0.186035	0.007813
81	-0.192871	-0.027832
82	-0.212891	-0.013672
83	-0.201660	0.004883
84	-0.195313	0.012695
85	-0.194824	-0.014160
86	-0.189941	-0.039063
87	-0.183105	0.025879
88	-0.203125	-0.009766
89	-0.182129	-0.029297
90	-0.207520	-0.010742
91	-0.213867	0.026855
92	-0.200684	-0.020508
93	-0.196777	0.009277
94	-0.204590	-0.007813
95	-0.196777	-0.005859
96	-0.200684	-0.011230
97	-0.207031	-0.031250
98	-0.189453	-0.017578
99	-0.195313	-0.036621
100	-0.209961	-0.011230
101	-0.217773	0.009277
102	-0.211914	-0.009277
103	-0.193848	-0.041504
104	-0.202637	-0.013184
105	-0.187012	-0.003418
106	-0.194336	-0.020508
107	-0.177734	0.057617
108	-0.200684	0.020020
109	-0.192871	0.025391
110	-0.204590	-0.024902
111	-0.206543	0.020508
112	-0.199219	-0.015625
113	-0.201172	-0.002441
114	-0.196289	0.004395
115	-0.210449	0.055664
116	-0.201172	-0.037598
117	-0.199707	-0.045898
118	-0.178711	0.005859
119	-0.185059	-0.000977
120	-0.178223	-0.007324
121	-0.216797	0.005859
122	-0.209473	-0.028320
123	-0.206055	-0.031738
124	-0.188965	0.045410
125	-0.217773	-0.004883
126	-0.195801	-0.024414
127	-0.200684	-0.007324
128	-0.197266	-0.008301
129	-0.197754	0.003906
130	-0.199707	-0.003418
131	-0.222168	0.006836
132	-0.207520	0.028320
133	-0.186523	0.001953
134	-0.192383	-0.016602
135	-0.191895	0.016113
136	-0.201172	0.006836
137	-0.187012	0.005371
138	-0.191895	0.023438
139	-0.191895	0.020020
140	-0.191895	-0.002930
141	-0.200195	0.004395
142	-0.189453	0.067871
143	-0.201660	-0.013184
144	-0.195313	-0.002441
145	-0.205078	-0.025391
146	-0.185547	0.023438
147	-0.196777	0.048828
148	-0.201660	-0.032715
149	-0.210938	0.032227
150	-0.190430	0.004395
151	-0.196777	0.017578
152	-0.193848	-0.039063
153	-0.217285	0.029297
154	-0.187012	-0.016602
155	-0.165039	-0.026367
156	-0.212402	0.003418
157	-0.203613	0.011719
158	-0.186523	-0.001953
159	-0.187012	-0.019043
160	-0.198242	0.020996
161	-0.225098	-0.007813
162	-0.211426	-0.028320
163	-0.187988	0.007324
164	-0.208984	0.004395
165	-0.177734	-0.008789
166	-0.220215	-0.003906
167	-0.180176	0.039063
168	-0.230469	-0.043945
169	-0.185547	-0.001465
170	-0.220215	0.030273
171	-0.203125	-0.032715
172	-0.196777	0.008301
173	-0.193359	-0.036133
174	-0.204102	0.000000
175	-0.208496	0.002930
176	-0.204102	0.040039
177	-0.234863	0.011230
178	-0.196777	0.051758
179	-0.204102	-0.033691
180	-0.212891	-0.027344
181	-0.210938	-0.009277
182	-0.192871	0.031738
183	-0.195313	-0.014160
184	-0.190918	0.067871
185	-0.190430	-0.012207
186	-0.214355	-0.035156
187	-0.198242	-0.007324
188	-0.214844	0.031250
189	-0.206543	0.020996
190	-0.191895	-0.003418
191	-0.184570	-0.020020
192	-0.190918	0.030762
193	-0.197754	0.007324
194	-0.176758	-0.021973
195	-0.187500	-0.008789
196	-0.180664	0.010254
197	-0.198730	-0.050781
198	-0.216309	0.034668
199	-0.206543	0.010254
200	-0.193848	0.001465
201	-0.182129	0.021973
202	-0.206543	0.015137
203	-0.206543	0.012207
204	-0.167480	0.015137
205	-0.211426	0.015137
206	-0.216797	0.018555
207	-0.213379	0.013672
208	-0.194336	-0.048828
209	-0.215820	-0.028320
210	-0.188965	0.012695
211	-0.199219	-0.048340
212	-0.200684	0.027832
213	-0.195313	-0.000488
214	-0.189453	-0.013672
215	-0.204102	-0.020508
216	-0.191406	0.008301
217	-0.198242	0.008789
218	-0.206543	0.027832
219	-0.216797	0.000000
220	-0.215820	-0.013672
221	-0.181152	-0.023926
222	-0.189941	-0.031738
223	-0.191406	0.046387
224	-0.176270	-0.022461
225	-0.207520	-0.044434
226	-0.186523	-0.020020
227	-0.189941	0.015625
228	-0.191406	0.069824
229	-0.170410	-0.011230
230	-0.199707	0.017090
231	-0.198730	0.006836
232	-0.215332	-0.046387
233	-0.188477	0.016602
234	-0.187500	-0.006836
235	-0.198730	0.036133
236	-0.177246	-0.006836
237	-0.198730	-0.021484
238	-0.230957	0.000977
239	-0.220215	0.000488
240	-0.207031	0.007324
241	-0.215332	0.004395
242	-0.201660	-0.020508
243	-0.197754	0.019531
244	-0.207520	0.019531
245	-0.206055	0.004395
246	-0.203125	0.029785
247	-0.191895	-0.035645
248	-0.208008	-0.011719
249	-0.210449	0.010742
250	-0.202637	0.023926
251	-0.182129	-0.007813
252	-0.185547	-0.013184
253	-0.187500	0.032715
254	-0.171387	0.013672
255	-0.201660	-0.041016
256	-0.199219	-0.018066
257	-0.193848	-0.025391
258	-0.164063	-0.012695
259	-0.212891	-0.024902
260	-0.182617	0.013184
261	-0.198242	-0.029297
262	-0.194824	0.005859
263	-0.187500	-0.014648
264	-0.211914	-0.014648
265	-0.200684	-0.040527
266	-0.204102	-0.015625
267	-0.191406	-0.028320
268	-0.213379	0.013672
269	-0.202637	0.001465
270	-0.197266	-0.008789
271	-0.199219	-0.023438
272	-0.189941	0.058594
273	-0.190430	0.008789
274	-0.193848	-0.057617
275	-0.195801	-0.024902
276	-0.190918	-0.002930
277	-0.211914	0.032227
278	-0.190918	-0.033691
279	-0.201660	-0.001465
280	-0.213379	-0.008789
281	-0.196777	-0.022949
282	-0.219727	0.020020
283	-0.187012	-0.027344
284	-0.206543	-0.008789
285	-0.196777	-0.001465
286	-0.191895	0.002930
287	-0.170410	0.037598
288	-0.187012	0.017578
289	-0.209473	-0.048828
290	-0.183594	-0.005371
291	-0.209473	-0.003418
292	-0.209961	0.023926
293	-0.203125	-0.024414
294	-0.197266	-0.015625
295	-0.196289	-0.028320
296	-0.228516	-0.032227
297	-0.182617	-0.011719
298	-0.215332	-0.022949
299	-0.200195	-0.022949
300	-0.199219	-0.005859
301	-0.191895	0.000977
302	-0.207031	-0.002441
303	-0.196289	-0.044922
304	-0.199707	0.007324
305	-0.214844	0.002441
306	-0.207520	-0.009277
307	-0.214844	0.003906
308	-0.187500	-0.022461
309	-0.195801	-0.014160
310	-0.187988	0.004395
311	-0.193848	0.030273
312	-0.220703	-0.021484
313	-0.190430	-0.023438
314	-0.187988	0.017578
315	-0.201660	0.019043
316	-0.196777	-0.014160
317	-0.188965	-0.000488
318	-0.201172	-0.002930
319	-0.207031	0.006348
320	-0.172852	-0.020996
321	-0.187988	-0.012207
322	-0.208496	-0.002441
323	-0.193848	0.001465
324	-0.191406	-0.012207
325	-0.231445	0.007324
326	-0.188477	-0.037598
327	-0.194336	-0.026367
328	-0.184082	-0.020020
329	-0.202148	0.045410
330	-0.227051	0.004883
331	-0.182617	0.009766
332	-0.198730	0.005859
333	-0.192871	-0.014648
334	-0.205566	0.008301
335	-0.220215	-0.020508
336	-0.212891	0.039063
337	-0.208008	-0.014648
338	-0.202637	-0.002441
339	-0.208984	0.023926
340	-0.205078	0.012207
341	-0.215332	0.036133
342	-0.231934	0.021484
343	-0.184570	-0.035645
344	-0.201660	-0.006836
345	-0.206055	0.015625
346	-0.209961	0.044434
347	-0.173340	-0.014160
348	-0.200684	-0.023438
349	-0.218262	0.005859
350	-0.192383	-0.000488
351	-0.186035	-0.014160
352	-0.206055	-0.019531
353	-0.195801	-0.030273
354	-0.205078	-0.035156
355	-0.220703	0.014648
356	-0.188477	-0.020996
357	-0.201172	-0.023926
358	-0.200195	0.024414
359	-0.205566	0.040527
360	-0.202637	0.008789
361	-0.196289	0.002441
362	-0.227051	-0.004395
363	-0.187500	0.019043
364	-0.194824	0.000488
365	-0.200684	0.030273
366	-0.206055	-0.022461
367	-0.203613	-0.014160
368	-0.186035	0.010254
369	-0.200195	0.017578
370	-0.205566	0.000977
371	-0.208008	0.038574
372	-0.210938	0.019531
373	-0.194824	-0.000488
374	-0.178711	-0.019043
375	-0.219727	0.029785
376	-0.200195	0.045898
377	-0.186035	0.003906
378	-0.184082	0.003418
379	-0.195313	-0.009277
380	-0.190430	0.024414
381	-0.192871	-0.003906
382	-0.220703	-0.023926
383	-0.219727	-0.021973
384	-0.199219	-0.022949
385	-0.191406	0.027832
386	-0.199707	-0.025879
387	-0.200684	0.009277
388	-0.202637	-0.052246
389	-0.190918	0.002930
390	-0.195801	-0.023926
391	-0.200684	-0.011230
392	-0.193359	0.023926
393	-0.192871	0.030762
394	-0.180176	-0.023438
395	-0.195313	-0.007813
396	-0.217285	-0.018555
397	-0.222656	-0.021484
398	-0.177734	-0.020508
399	-0.206055	-0.019531
400	-0.188965	-0.014160
401	-0.199707	0.008301
402	-0.210938	0.018555
403	-0.209961	0.011719
404	-0.215820	-0.011230
405	-0.201172	0.017578
406	-0.195801	-0.001953
407	-0.201660	-0.008789
408	-0.179199	0.014648
409	-0.192383	0.004883
410	-0.212891	-0.013184
411	-0.197754	-0.024902
412	-0.200684	-0.042969
413	-0.184082	0.041016
414	-0.212891	-0.048828
415	-0.181152	0.021484
416	-0.209961	0.003418
417	-0.189453	-0.001953
418	-0.221191	-0.026855
419	-0.195801	-0.021973
420	-0.198242	0.004883
421	-0.196289	-0.006348
422	-0.208984	0.007324
423	-0.193359	0.063965
424	-0.199707	-0.018555
425	-0.188965	0.031738
426	-0.202148	-0.039551
427	-0.193359	0.025391
428	-0.212891	-0.046875
429	-0.200195	0.036621
430	-0.223633	-0.031250
431	-0.197266	0.003418
432	-0.206543	-0.013672
433	-0.227539	0.012207
434	-0.198730	-0.005859
435	-0.222656	0.014648
436	-0.191895	0.041992
437	-0.203125	-0.000977
438	-0.189941	-0.050293
439	-0.183105	0.009277
440	-0.199707	-0.000488
441	-0.186523	-0.023926
442	-0.206543	0.031250
443	-0.211914	0.012695
444	-0.211426	0.022949
445	-0.209473	0.026367
446	-0.217285	-0.015137
447	-0.184570	-0.015137
448	-0.178711	0.034668
449	-0.230957	0.001465
450	-0.203613	-0.043457
451	-0.192871	0.028320
452	-0.187500	-0.017578
453	-0.221680	-0.001465
454	-0.194824	-0.001953
455	-0.217285	0.036621
456	-0.195313	-0.028320
457	-0.198242	0.024902
458	-0.213379	0.008789
459	-0.208008	-0.011719
460	-0.194824	0.010742
461	-0.196777	-0.031250
462	-0.190430	-0.059570
463	-0.199707	-0.044434
464	-0.181152	0.008301
465	-0.205566	-0.009766
466	-0.187500	0.004883
467	-0.204102	0.015625
468	-0.187500	0.020020
469	-0.199219	-0.020996
470	-0.220215	0.001953
471	-0.224609	0.020508
472	-0.226074	0.032715
473	-0.208984	-0.019043
474	-0.201172	0.009277
475	-0.204102	0.033203
476	-0.195313	0.002441
477	-0.207520	0.029297
478	-0.230469	0.030273
479	-0.187988	-0.017090
480	-0.204590	-0.021973
481	-0.194336	-0.001465
482	-0.209473	0.001953
483	-0.195801	-0.021973
484	-0.220215	-0.021484
485	-0.199219	-0.041992
486	-0.185547	0.014648
487	-0.193848	0.048828
488	-0.207520	-0.018066
489	-0.201172	0.008789
490	-0.198242	0.025879
491	-0.188965	0.041504
492	-0.190430	-0.007813
493	-0.190430	-0.041016
494	-0.208496	-0.020996
495	-0.184082	-0.011719
496	-0.176270	0.002930
497	-0.213379	0.021973
498	-0.221191	0.073242
499	-0.200684	-0.011719
500	-0.203125	0.028809
501	-0.216797	0.026367
502	-0.207520	0.006348
503	-0.195801	-0.037109
504	-0.176270	0.052734
505	-0.208008	0.019043
506	-0.185547	-0.014160
507	-0.198730	0.032227
508	-0.226074	0.005859
509	-0.201172	-0.014160
510	-0.195801	0.029785
511	-0.185059	0.001953
512	-0.184570	-0.008301
513	-0.200195	0.013184
514	-0.189941	-0.016113
515	-0.192383	0.005859
516	-0.198242	0.046387
517	-0.190918	-0.004395
518	-0.197266	0.016113
519	-0.226563	-0.020020
520	-0.192871	-0.015137
521	-0.193848	-0.020508
522	-0.208984	-0.028320
523	-0.208496	0.007324
524	-0.210938	0.021484
525	-0.192383	0.031738
526	-0.191895	-0.040039
527	-0.179688	-0.038574
528	-0.200195	-0.004883
529	-0.192383	-0.022949
530	-0.190430	-0.013672
531	-0.205078	-0.003418
532	-0.206055	-0.021484
533	-0.224609	0.000488
534	-0.207520	-0.017090
535	-0.211426	-0.002441
536	-0.187500	-0.054199
537	-0.207520	0.041016
538	-0.200684	0.018066
539	-0.198242	-0.029785
540	-0.205078	0.004883
541	-0.209473	-0.006836
542	-0.205566	-0.020996
543	-0.195801	0.010254
544	-0.184570	0.016113
545	-0.193848	0.026367
546	-0.170898	0.028320
547	-0.187012	0.000977
548	-0.200195	0.002441
549	-0.213379	0.006836
550	-0.187988	0.018066
551	-0.187012	0.043457
552	-0.212891	-0.008789
553	-0.220703	-0.019531
554	-0.196289	0.020996
555	-0.201660	0.008789
556	-0.188965	0.028320
557	-0.183594	0.021973
558	-0.217285	0.009277
559	-0.198730	-0.004395
560	-0.203613	0.022461
561	-0.199219	-0.009277
562	-0.215332	0.030762
563	-0.208496	0.054688
564	-0.208496	0.063477
565	-0.183105	0.024902
566	-0.193848	0.019531
567	-0.191895	0.004395
568	-0.188477	0.008789
569	-0.198242	0.005371
570	-0.205078	0.073242
571	-0.211426	-0.000488
572	-0.206543	0.055664
573	-0.205566	-0.029785
574	-0.206543	-0.001465
575	-0.206543	-0.006348
576	-0.201660	-0.025391
577	-0.189941	-0.002930
578	-0.188477	0.011230
579	-0.184082	-0.007813
580	-0.189453	-0.010254
581	-0.189941	0.043945
582	-0.182617	0.011719
583	-0.205566	0.051758
584	-0.175781	-0.020508
585	-0.201660	-0.019043
586	-0.198242	0.010254
587	-0.178223	0.022949
588	-0.218262	0.006348
589	-0.167480	0.012695
590	-0.204590	-0.006836
591	-0.182617	-0.014648
592	-0.193359	-0.015625
593	-0.172852	-0.041016
594	-0.212402	0.010254
595	-0.220215	0.031250
596	-0.208496	0.010254
597	-0.220215	0.027832
598	-0.197754	-0.056641
599	-0.197754	-0.036133
600	-0.215332	0.021973
601	-0.193359	0.010254
602	-0.199707	0.010742
603	-0.197266	-0.005859
604	-0.184082	-0.001953
605	-0.199219	-0.000488
606	-0.199219	-0.013184
607	-0.208496	-0.002930
608	-0.207520	-0.019531
609	-0.208984	-0.036133
610	-0.185059	-0.001465
611	-0.211914	-0.004883
612	-0.193848	0.010742
613	-0.181152	0.011230
614	-0.190918	-0.013184
615	-0.211914	-0.021484
616	-0.206055	-0.008301
617	-0.202637	0.027832
618	-0.199707	-0.048828
619	-0.212402	-0.031738
620	-0.208496	-0.021484
621	-0.192383	-0.013184
622	-0.215332	-0.024902
623	-0.198730	0.006836
624	-0.196289	0.018555
625	-0.199707	0.049316
626	-0.178223	-0.060059
627	-0.205078	0.010742
628	-0.201172	-0.014160
629	-0.203613	0.017578
630	-0.204590	0.017578
631	-0.204102	0.020996
632	-0.199219	-0.015625
633	-0.195801	0.006348
634	-0.193359	-0.017090
635	-0.188965	-0.023438
636	-0.181152	-0.010742
637	-0.190430	0.024414
638	-0.218262	-0.009277
639	-0.220703	0.017090
640	-0.198242	0.034668
641	-0.204590	-0.021973
642	-0.186523	-0.014160
643	-0.203125	-0.001953
644	-0.203613	0.012695
645	-0.178711	-0.033203
646	-0.204102	0.042969
647	-0.197754	-0.043945
648	-0.206543	-0.032715
649	-0.191406	-0.009766
650	-0.203613	-0.001465
651	-0.190430	0.002930
652	-0.198242	0.035156
653	-0.194336	-0.004883
654	-0.203613	-0.004883
655	-0.209473	0.017090
656	-0.208008	0.031250
657	-0.206055	-0.021973
658	-0.205566	0.025391
659	-0.200684	-0.017090
660	-0.193359	-0.021973
661	-0.187012	-0.021973
662	-0.186035	-0.021973
663	-0.208008	0.000000
664	-0.202148	-0.011719
665	-0.220215	0.006348
666	-0.170898	-0.035645
667	-0.196777	-0.006348
668	-0.204590	-0.004395
669	-0.179688	0.022949
670	-0.186523	-0.025391
671	-0.204590	0.034668
672	-0.216797	0.007324
673	-0.182617	-0.008789
674	-0.189941	0.022461
675	-0.181641	0.016113
676	-0.187500	-0.013184
677	-0.210449	0.023438
678	-0.196777	0.000977
679	-0.196289	-0.040039
680	-0.204590	0.013672
681	-0.225098	-0.014160
682	-0.214355	-0.001953
683	-0.200684	-0.009766
684	-0.202148	0.031250
685	-0.206543	-0.004883
686	-0.196289	-0.007813
687	-0.219238	-0.037109
688	-0.208008	-0.009277
689	-0.192871	-0.033691
690	-0.202148	-0.039063
691	-0.208496	-0.012695
692	-0.189941	-0.022461
693	-0.203125	-0.029785
694	-0.196777	0.008789
695	-0.199707	-0.002441
696	-0.183105	-0.002441
697	-0.187500	-0.011230
698	-0.203125	0.046387
699	-0.208008	-0.002930
700	-0.180664	-0.030273
701	-0.208496	0.041016
702	-0.204102	0.030273
703	-0.183594	-0.017578
704	-0.217285	-0.004395
705	-0.216797	0.058594
706	-0.211426	-0.021973
707	-0.220215	-0.029785
708	-0.229492	-0.040527
709	-0.194824	-0.019043
710	-0.191895	0.027344
711	-0.187500	-0.026367
712	-0.201172	0.041992
713	-0.211914	0.003906
714	-0.185059	0.000977
715	-0.209473	-0.010742
716	-0.205078	0.000000
717	-0.193359	0.010254
718	-0.205566	-0.005371
719	-0.208496	-0.014648
720	-0.204590	-0.016113
721	-0.205566	-0.005859
722	-0.179688	0.010254
723	-0.193359	-0.015137
724	-0.194824	-0.004883
725	-0.202637	-0.002930
726	-0.188477	0.033203
727	-0.219727	-0.009277
728	-0.193359	0.033203
729	-0.195801	-0.008789
730	-0.182129	-0.007324
731	-0.195801	-0.041992
732	-0.194336	0.026855
733	-0.204102	-0.006348
734	-0.205566	-0.006348
735	-0.207031	0.017578
736	-0.207520	0.068848
737	-0.206055	0.050293
738	-0.208496	0.000488
739	-0.215820	-0.026367
740	-0.205566	-0.013184
741	-0.219238	0.036133
742	-0.209473	0.038086
743	-0.209473	-0.040527
744	-0.205078	0.002441
745	-0.212402	0.045410
746	-0.197266	-0.008301
747	-0.199219	0.008789
748	-0.196289	0.013672
749	-0.192871	0.002441
750	-0.199707	0.019043
751	-0.202637	-0.002930
752	-0.189941	-0.049316
753	-0.204590	-0.006348
754	-0.201172	0.044434
755	-0.200684	0.027344
756	-0.212891	-0.000977
757	-0.192871	0.017090
758	-0.203125	-0.001953
759	-0.188965	0.001953
760	-0.200195	0.001953
761	-0.197754	-0.023438
762	-0.218750	-0.019531
763	-0.201660	0.060059
764	-0.187500	0.013184
765	-0.214355	-0.020508
766	-0.210449	-0.011719
767	-0.202148	0.011719
768	-0.208496	-0.011719
769	-0.194824	0.047852
770	-0.206543	-0.041016
771	-0.193359	-0.004883
772	-0.197266	0.040039
773	-0.200195	-0.010254
774	-0.181152	0.020020
775	-0.218262	0.009766
776	-0.215332	0.001953
777	-0.211426	0.010254
778	-0.208984	0.018066
779	-0.188965	-0.004395
780	-0.205078	-0.015137
781	-0.195313	0.041992
782	-0.196289	0.001465
783	-0.192383	-0.018555
784	-0.222656	-0.001953
785	-0.200684	-0.014648
786	-0.200684	-0.020508
787	-0.214355	-0.013184
788	-0.206055	-0.010254
789	-0.213379	-0.040039
790	-0.213867	-0.019531
791	-0.209961	-0.002441
792	-0.203613	0.002441
793	-0.198730	0.024902
794	-0.176270	0.026855
795	-0.185059	0.004883
796	-0.216309	0.028320
797	-0.185059	-0.012695
798	-0.194336	-0.019043
799	-0.191895	0.002930
800	-0.205566	0.017090
801	-0.203125	0.032227
802	-0.202148	-0.034180
803	-0.204590	-0.013184
804	-0.215332	0.002441
805	-0.191406	0.046875
806	-0.196289	-0.019043
807	-0.208008	-0.064453
808	-0.203613	0.037109
809	-0.201660	-0.016602
810	-0.187012	-0.012695
811	-0.220703	-0.010254
812	-0.196289	0.013184
813	-0.200684	0.023438
814	-0.204590	0.008301
815	-0.206543	-0.005371
816	-0.197266	0.001953
817	-0.174316	0.020020
818	-0.213379	-0.005371
819	-0.179688	0.019043
820	-0.198730	-0.002930
821	-0.203125	0.025391
822	-0.188965	-0.032715
823	-0.205566	-0.034180
824	-0.196289	0.010742
825	-0.190918	-0.000488
826	-0.196777	-0.034668
827	-0.190918	0.026367
828	-0.192383	0.019531
829	-0.193359	0.017090
830	-0.185059	0.024902
831	-0.197754	0.025391
832	-0.203125	0.026367
833	-0.222168	-0.010254
834	-0.210938	-0.007324
835	-0.205566	0.010742
836	-0.217773	-0.000488
837	-0.191406	-0.001953
838	-0.196289	0.005859
839	-0.206055	0.034668
840	-0.200684	-0.020508
841	-0.206055	-0.016602
842	-0.193848	0.031738
843	-0.210449	0.047363
844	-0.200195	0.007324
845	-0.203613	-0.012207
846	-0.203125	-0.022949
847	-0.197754	-0.034180
848	-0.198242	0.014648
849	-0.180664	0.010742
850	-0.201660	0.019043
851	-0.204102	-0.008789
852	-0.207520	0.003418
853	-0.188477	-0.033203
854	-0.214844	0.025879
855	-0.189453	-0.013184
856	-0.212891	-0.003418
857	-0.190430	-0.021973
858	-0.214844	-0.029785
859	-0.200195	0.053223
860	-0.198730	-0.007324
861	-0.221191	0.002441
862	-0.217773	0.001953
863	-0.218750	0.016113
864	-0.218750	0.017578
865	-0.204102	-0.038086
866	-0.220215	-0.003906
867	-0.195313	0.000488
868	-0.203125	0.026855
869	-0.200684	-0.017578
870	-0.198242	-0.014160
871	-0.187500	-0.040527
872	-0.209961	-0.030273
873	-0.209961	-0.020996
874	-0.191895	0.011230
875	-0.206543	0.029297
876	-0.185547	-0.028809
877	-0.193359	-0.046387
878	-0.175781	-0.033691
879	-0.198730	-0.046875
880	-0.208984	0.019531
881	-0.200195	-0.023926
882	-0.201660	-0.047363
883	-0.209961	-0.012695
884	-0.191406	-0.014648
885	-0.182129	-0.011230
886	-0.189941	0.007324
887	-0.204590	0.032715
888	-0.200684	0.025879
889	-0.179688	0.018555
890	-0.208496	-0.008789
891	-0.202148	-0.014160
892	-0.204590	-0.040039
893	-0.191406	0.024902
894	-0.173828	0.018066
895	-0.199707	-0.000977
896	-0.187500	0.024414
897	-0.191406	-0.011719
898	-0.203613	0.000488
899	-0.177246	0.007324
900	-0.198242	0.015137
901	-0.185059	0.041992
902	-0.200684	0.000977
903	-0.200195	0.002441
904	-0.194336	0.005371
905	-0.192871	-0.006836
906	-0.192383	-0.005859
907	-0.201660	0.010254
908	-0.180664	0.006348
909	-0.191895	-0.003906
910	-0.187500	-0.021973
911	-0.218750	-0.009766
912	-0.197754	0.027832
913	-0.181641	0.010254
914	-0.191895	0.005859
915	-0.191406	-0.014648
916	-0.210449	-0.008789
917	-0.193848	-0.010254
918	-0.191406	-0.055176
919	-0.210449	-0.035156
920	-0.191406	-0.037598
921	-0.218262	0.018555
922	-0.178223	0.067383
923	-0.191895	0.029297
924	-0.179688	-0.002441
925	-0.206543	-0.018066
926	-0.202637	-0.028320
927	-0.193359	-0.021484
928	-0.209473	-0.021973
929	-0.184570	-0.038574
930	-0.225098	0.017090
931	-0.193359	0.050781
932	-0.202637	-0.000488
933	-0.208984	-0.035156
934	-0.212402	-0.040039
935	-0.192383	-0.015137
936	-0.198242	0.003418
937	-0.191895	-0.035645
938	-0.197754	-0.001465
939	-0.187500	0.040039
940	-0.211914	0.028809
941	-0.205078	-0.002930
942	-0.199219	-0.024414
943	-0.190430	0.003418
944	-0.204590	-0.004883
945	-0.209473	-0.005859
946	-0.182617	0.009277
947	-0.188965	0.008789
948	-0.222656	-0.004883
949	-0.188477	-0.011719
950	-0.197266	0.014160
951	-0.187500	0.001953
952	-0.208984	-0.005859
953	-0.215332	0.012695
954	-0.207031	0.025391
955	-0.197754	-0.013672
956	-0.200684	0.006836
957	-0.210449	-0.022461
958	-0.187012	0.003906
959	-0.186523	0.000488
960	-0.201660	-0.032227
961	-0.219727	0.011719
962	-0.204102	-0.045410
963	-0.198730	-0.002930
964	-0.194336	-0.042480
965	-0.194336	0.007813
966	-0.183594	0.020996
967	-0.208984	-0.017090
968	-0.224609	0.009766
969	-0.217285	0.023438
970	-0.201172	-0.035156
971	-0.209473	0.052246
972	-0.191406	-0.000488
973	-0.194336	0.033691
974	-0.197266	-0.026855
975	-0.185059	-0.032715
976	-0.175293	0.049316
977	-0.209473	-0.030762
978	-0.192871	-0.019531
979	-0.200684	0.001953
980	-0.223145	0.016602
981	-0.206543	-0.000488
982	-0.206543	0.007324
983	-0.204590	0.009766
984	-0.187988	-0.001465
985	-0.199707	0.019531
986	-0.210449	-0.016602
987	-0.208984	-0.023926
988	-0.188477	-0.001953
989	-0.198730	-0.001953
990	-0.188965	-0.041016
991	-0.192383	0.007324
992	-0.197266	0.009277
993	-0.219727	0.032715
994	-0.183594	-0.009277
995	-0.197266	0.020996
996	-0.199707	-0.006348
997	-0.194336	0.005859
998	-0.185059	0.012695
999	-0.193848	0.005859
