0	-0.945313	-0.963867
1	-0.949707	-0.965820
2	-0.942383	-0.967773
3	-0.933105	-0.957031
4	-0.927246	-0.955566
5	-0.939941	-0.964355
6	-0.953125	-0.972656
7	-0.938965	-0.964355
8	-0.939453	-0.952637
9	-0.939453	-0.963867
10	-0.926270	-0.956543
11	-0.936523	-0.962891
12	-0.936523	-0.959961
13	-0.922852	-0.947754
14	-0.955078	-0.976563
15	-0.944824	-0.963379
16	-0.945801	-0.970215
17	-0.919922	-0.951172
18	-0.942871	-0.966309
19	-0.930664	-0.951172
20	-0.939453	-0.962891
21	-0.934082	-0.953613
22	-0.953125	-0.974609
23	-0.932129	-0.957520
24	-0.945313	-0.969727
25	-0.947266	-0.969727
26	-0.940430	-0.963867
27	-0.932129	-0.958008
28	-0.944824	-0.966309
29	-0.938965	-0.957520
30	-0.945801	-0.968750
31	-0.931152	-0.960449
32	-0.941406	-0.964844
33	-0.944824	-0.966797
34	-0.948242	-0.970215
35	-0.937500	-0.963379
36	-0.941895	-0.966797
37	-0.936035	-0.959961
38	-0.928711	-0.958496
39	-0.929688	-0.959473
40	-0.937988	-0.956543
41	-0.957520	-0.977051
42	-0.958496	-0.976074
43	-0.933105	-0.958984
44	-0.941895	-0.962402
45	-0.935059	-0.961914
46	-0.948730	-0.963867
47	-0.928711	-0.955566
48	-0.937012	-0.962891
49	-0.934570	-0.958008
50	-0.951660	-0.969727
51	-0.933594	-0.958008
52	-0.928223	-0.955078
53	-0.931641	-0.955078
54	-0.942871	-0.968750
55	-0.940430	-0.965820
56	-0.937500	-0.962402
57	-0.932617	-0.961914
58	-0.940430	-0.960449
59	-0.944336	-0.967773
60	-0.937500	-0.960449
61	-0.937988	-0.960449
62	-0.948242	-0.972168
63	-0.927734	-0.953613
64	-0.932617	-0.957520
65	-0.942383	-0.964355
66	-0.938477	-0.960938
67	-0.934082	-0.958496
68	-0.944336	-0.967285
69	-0.924805	-0.950684
70	-0.946289	-0.971191
71	-0.943359	-0.967773
72	-0.936523	-0.957031
73	-0.924316	-0.945313
74	-0.950684	-0.971191
75	-0.934570	-0.959473
76	-0.939941	-0.965332
77	-0.943848	-0.966309
78	-0.934570	-0.963379
79	-0.945801	-0.967773
80	-0.950195	-0.973145
81	-0.943359	-0.963867
82	-0.951172	-0.968750
83	-0.941406	-0.963379
84	-0.944336	-0.967773
85	-0.936035	-0.963379
86	-0.951172	-0.974121
87	-0.938477	-0.964844
88	-0.945801	-0.969727
89	-0.935059	-0.960449
90	-0.944824	-0.969727
91	-0.932617	-0.961426
92	-0.935059	-0.960449
93	-0.961914	-0.977539
94	-0.943359	-0.967773
95	-0.920410	-0.951660
96	-0.942871	-0.966309
97	-0.948730	-0.969727
98	-0.947266	-0.971191
99	-0.936035	-0.959473
100	-0.944336	-0.968750
101	-0.951172	-0.972168
102	-0.949707	-0.970703
103	-0.937012	-0.961914
104	-0.949219	-0.972168
105	-0.945313	-0.966797
106	-0.939941	-0.962891
107	-0.941406	-0.964355
108	-0.936035	-0.962402
109	-0.929199	-0.956055
110	-0.955078	-0.971191
111	-0.943359	-0.965332
112	-0.941895	-0.965820
113	-0.941895	-0.965332
114	-0.937988	-0.960938
115	-0.945801	-0.968262
116	-0.942871	-0.965332
117	-0.945801	-0.968262
118	-0.942871	-0.968262
119	-0.944824	-0.966309
120	-0.939453	-0.966797
121	-0.958008	-0.974121
122	-0.940918	-0.956543
123	-0.942383	-0.959473
124	-0.939941	-0.965820
125	-0.955566	-0.969727
126	-0.947266	-0.963867
127	-0.916992	-0.947754
128	-0.928711	-0.956543
129	-0.950684	-0.972168
130	-0.929199	-0.958496
131	-0.930176	-0.957520
132	-0.930664	-0.955566
133	-0.955566	-0.974609
134	-0.935547	-0.955078
135	-0.919922	-0.951172
136	-0.943848	-0.963867
137	-0.944336	-0.969238
138	-0.958984	-0.978027
139	-0.937988	-0.963379
140	-0.940430	-0.964844
141	-0.950195	-0.971680
142	-0.939453	-0.961914
143	-0.949707	-0.972168
144	-0.949219	-0.970703
145	-0.949707	-0.969727
146	-0.939941	-0.964844
147	-0.950195	-0.969238
148	-0.954102	-0.970703
149	-0.936035	-0.962402
150	-0.958008	-0.976074
151	-0.934570	-0.960938
152	-0.945313	-0.969238
153	-0.944824	-0.965332
154	-0.937012	-0.960938
155	-0.940918	-0.962402
156	-0.938477	-0.963379
157	-0.936523	-0.962891
158	-0.938965	-0.962891
159	-0.940918	-0.964355
160	-0.931641	-0.959473
161	-0.956543	-0.975098
162	-0.944336	-0.962891
163	-0.938477	-0.962402
164	-0.937500	-0.961914
165	-0.961914	-0.978516
166	-0.949707	-0.969727
167	-0.953125	-0.973633
168	-0.948242	-0.967285
169	-0.949219	-0.969727
170	-0.936523	-0.961914
171	-0.932129	-0.957031
172	-0.940430	-0.964355
173	-0.948242	-0.959961
174	-0.947754	-0.967285
175	-0.925781	-0.941406
176	-0.927246	-0.948242
177	-0.941895	-0.964844
178	-0.932617	-0.954590
179	-0.953125	-0.973145
180	-0.935547	-0.960449
181	-0.941895	-0.964355
182	-0.941406	-0.960449
183	-0.943359	-0.962402
184	-0.934082	-0.949219
185	-0.949219	-0.969727
186	-0.935059	-0.955566
187	-0.926758	-0.954102
188	-0.937500	-0.965332
189	-0.952637	-0.973633
190	-0.945313	-0.964355
191	-0.941895	-0.967773
192	-0.934570	-0.960938
193	-0.944824	-0.966309
194	-0.928711	-0.955078
195	-0.938965	-0.958496
196	-0.948730	-0.970703
197	-0.936523	-0.963379
198	-0.941406	-0.963379
199	-0.956055	-0.976563
200	-0.937988	-0.963867
201	-0.947266	-0.966797
202	-0.947754	-0.970215
203	-0.945313	-0.967773
204	-0.939453	-0.965332
205	-0.948730	-0.962402
206	-0.943359	-0.965820
207	-0.942383	-0.966797
208	-0.932617	-0.961426
209	-0.924316	-0.955566
210	-0.950684	-0.967285
211	-0.950195	-0.970703
212	-0.947266	-0.966309
213	-0.934082	-0.955078
214	-0.929199	-0.956543
215	-0.941895	-0.969238
216	-0.927246	-0.950684
217	-0.921387	-0.952148
218	-0.936035	-0.960938
219	-0.945801	-0.966797
220	-0.933105	-0.956055
221	-0.953125	-0.971680
222	-0.941406	-0.963379
223	-0.944336	-0.964844
224	-0.926758	-0.949219
225	-0.937012	-0.960449
226	-0.940918	-0.962402
227	-0.951660	-0.973633
228	-0.943359	-0.966309
229	-0.948242	-0.967773
230	-0.951660	-0.972168
231	-0.943359	-0.965820
232	-0.941406	-0.964355
233	-0.948242	-0.970703
234	-0.940918	-0.960938
235	-0.942871	-0.966309
236	-0.928711	-0.959473
237	-0.947266	-0.965332
238	-0.944824	-0.967285
239	-0.937988	-0.963867
240	-0.936035	-0.961426
241	-0.936035	-0.961426
242	-0.945801	-0.971191
243	-0.946777	-0.967773
244	-0.937500	-0.958496
245	-0.941406	-0.957031
246	-0.946289	-0.966309
247	-0.956055	-0.973633
248	-0.938477	-0.964844
249	-0.944336	-0.966797
250	-0.943848	-0.964844
251	-0.934082	-0.956543
252	-0.948242	-0.969727
253	-0.948242	-0.971191
254	-0.942871	-0.968262
255	-0.940918	-0.962402
256	-0.938965	-0.963379
257	-0.944336	-0.966797
258	-0.931641	-0.950684
259	-0.942383	-0.964844
260	-0.944336	-0.969727
261	-0.949707	-0.968750
262	-0.939453	-0.963867
263	-0.937500	-0.961426
264	-0.945313	-0.970215
265	-0.939453	-0.962402
266	-0.927246	-0.954102
267	-0.944824	-0.969238
268	-0.942871	-0.964355
269	-0.930176	-0.958496
270	-0.937988	-0.957031
271	-0.954590	-0.971191
272	-0.924316	-0.952637
273	-0.947266	-0.968262
274	-0.951660	-0.972168
275	-0.946289	-0.969727
276	-0.941895	-0.964844
277	-0.937012	-0.954102
278	-0.943359	-0.960449
279	-0.945313	-0.967285
280	-0.933594	-0.959961
281	-0.932617	-0.958496
282	-0.955078	-0.970703
283	-0.951172	-0.968750
284	-0.948730	-0.972656
285	-0.931641	-0.959961
286	-0.928223	-0.953613
287	-0.953125	-0.974609
288	-0.935547	-0.962891
289	-0.945313	-0.969238
290	-0.933594	-0.959473
291	-0.937988	-0.963867
292	-0.917969	-0.946777
293	-0.927734	-0.954590
294	-0.941895	-0.966797
295	-0.941895	-0.965332
296	-0.938965	-0.963379
297	-0.942871	-0.963379
298	-0.945801	-0.969727
299	-0.943359	-0.969238
300	-0.934082	-0.964355
301	-0.939941	-0.959473
302	-0.930664	-0.958008
303	-0.954102	-0.974609
304	-0.932617	-0.959473
305	-0.952148	-0.969238
306	-0.945801	-0.969238
307	-0.954590	-0.974609
308	-0.945313	-0.969238
309	-0.947754	-0.967773
310	-0.944336	-0.966797
311	-0.941406	-0.965332
312	-0.934082	-0.961426
313	-0.934570	-0.958008
314	-0.946289	-0.967773
315	-0.947754	-0.967285
316	-0.946289	-0.968750
317	-0.953613	-0.974121
318	-0.919434	-0.953125
319	-0.937500	-0.962891
320	-0.927246	-0.954102
321	-0.934082	-0.962891
322	-0.941406	-0.965820
323	-0.950195	-0.968262
324	-0.955078	-0.974609
325	-0.926758	-0.956543
326	-0.937012	-0.964355
327	-0.946289	-0.965820
328	-0.934570	-0.954590
329	-0.938965	-0.961426
330	-0.946289	-0.961426
331	-0.927734	-0.950684
332	-0.921387	-0.951660
333	-0.935059	-0.958008
334	-0.952148	-0.971680
335	-0.945313	-0.966797
336	-0.938477	-0.962402
337	-0.946289	-0.967285
338	-0.940430	-0.959473
339	-0.935547	-0.961426
340	-0.930176	-0.956055
341	-0.936035	-0.963867
342	-0.941895	-0.966797
343	-0.946777	-0.970215
344	-0.944824	-0.969238
345	-0.940918	-0.964355
346	-0.939453	-0.967285
347	-0.938965	-0.959961
348	-0.925293	-0.956543
349	-0.937500	-0.962891
350	-0.940918	-0.963379
351	-0.938965	-0.964355
352	-0.933594	-0.959473
353	-0.945801	-0.968750
354	-0.936035	-0.958984
355	-0.956055	-0.972656
356	-0.931152	-0.956543
357	-0.929199	-0.957031
358	-0.937988	-0.964844
359	-0.943359	-0.969238
360	-0.943359	-0.966309
361	-0.941406	-0.965820
362	-0.946777	-0.969238
363	-0.951172	-0.970215
364	-0.941406	-0.961914
365	-0.937012	-0.962891
366	-0.954102	-0.973145
367	-0.944336	-0.969238
368	-0.937988	-0.959961
369	-0.948730	-0.971191
370	-0.938965	-0.965332
371	-0.943848	-0.967285
372	-0.945801	-0.968750
373	-0.937500	-0.964355
374	-0.944336	-0.965332
375	-0.941895	-0.964355
376	-0.949707	-0.973145
377	-0.953125	-0.974121
378	-0.930176	-0.955078
379	-0.933594	-0.959473
380	-0.918945	-0.940918
381	-0.930176	-0.950684
382	-0.941895	-0.967773
383	-0.950684	-0.970703
384	-0.949707	-0.972656
385	-0.943848	-0.966309
386	-0.942383	-0.967773
387	-0.935547	-0.956543
388	-0.940918	-0.961426
389	-0.936035	-0.949707
390	-0.941406	-0.963867
391	-0.940918	-0.962891
392	-0.941406	-0.965820
393	-0.937988	-0.963867
394	-0.950195	-0.971191
395	-0.945801	-0.965820
396	-0.943359	-0.965820
397	-0.941406	-0.965332
398	-0.940918	-0.960938
399	-0.950195	-0.969727
400	-0.928223	-0.953125
401	-0.940430	-0.964844
402	-0.947266	-0.968750
403	-0.937012	-0.959961
404	-0.940430	-0.963867
405	-0.953125	-0.971680
406	-0.954102	-0.974121
407	-0.943848	-0.967285
408	-0.934570	-0.960938
409	-0.945801	-0.971191
410	-0.931641	-0.948242
411	-0.937012	-0.963379
412	-0.941406	-0.965332
413	-0.933105	-0.953613
414	-0.938477	-0.959961
415	-0.963379	-0.978516
416	-0.928223	-0.957520
417	-0.935059	-0.960938
418	-0.931641	-0.955566
419	-0.922852	-0.954102
420	-0.941406	-0.967773
421	-0.936035	-0.962891
422	-0.936035	-0.958496
423	-0.944336	-0.964844
424	-0.943359	-0.967285
425	-0.939941	-0.959473
426	-0.957031	-0.976563
427	-0.937500	-0.962402
428	-0.954590	-0.972656
429	-0.942871	-0.965820
430	-0.922852	-0.950684
431	-0.946289	-0.966309
432	-0.947754	-0.970703
433	-0.942871	-0.967773
434	-0.957031	-0.971191
435	-0.949707	-0.971680
436	-0.951172	-0.972656
437	-0.937988	-0.963379
438	-0.947266	-0.970703
439	-0.930664	-0.952148
440	-0.945801	-0.968262
441	-0.940918	-0.962891
442	-0.958984	-0.977539
443	-0.940918	-0.965332
444	-0.937500	-0.961914
445	-0.933594	-0.960938
446	-0.944336	-0.967773
447	-0.937988	-0.962402
448	-0.950195	-0.971191
449	-0.933594	-0.958496
450	-0.942383	-0.956055
451	-0.942383	-0.963867
452	-0.940430	-0.963867
453	-0.929199	-0.951660
454	-0.953125	-0.973145
455	-0.943359	-0.966797
456	-0.928711	-0.954102
457	-0.950195	-0.968750
458	-0.946289	-0.967773
459	-0.947266	-0.969727
460	-0.934570	-0.952637
461	-0.938965	-0.965820
462	-0.952148	-0.971191
463	-0.933594	-0.960449
464	-0.938477	-0.962891
465	-0.945313	-0.967773
466	-0.939453	-0.962891
467	-0.946289	-0.968750
468	-0.931641	-0.958984
469	-0.960938	-0.978027
470	-0.937012	-0.959961
471	-0.913086	-0.945313
472	-0.943359	-0.965332
473	-0.931152	-0.958008
474	-0.936523	-0.958984
475	-0.933105	-0.960938
476	-0.950684	-0.968262
477	-0.933105	-0.956055
478	-0.951660	-0.970703
479	-0.947266	-0.970703
480	-0.951660	-0.973633
481	-0.949219	-0.970215
482	-0.949707	-0.957520
483	-0.943359	-0.968262
484	-0.950195	-0.970703
485	-0.932617	-0.956543
486	-0.921387	-0.947754
487	-0.943359	-0.963379
488	-0.953125	-0.974609
489	-0.926270	-0.954590
490	-0.949219	-0.971680
491	-0.933105	-0.957520
492	-0.948242	-0.968750
493	-0.943359	-0.968262
494	-0.943848	-0.965332
495	-0.936035	-0.959473
496	-0.946289	-0.967773
497	-0.925781	-0.953125
498	-0.927734	-0.958496
499	-0.938477	-0.963867
500	-0.937500	-0.962402
501	-0.945801	-0.965820
502	-0.956055	-0.972168
503	-0.946289	-0.968262
504	-0.952637	-0.973633
505	-0.941406	-0.967285
506	-0.948242	-0.970215
507	-0.943359	-0.966797
508	-0.950684	-0.969238
509	-0.933594	-0.961426
510	-0.942383	-0.963379
511	-0.954102	-0.973633
512	-0.942871	-0.966309
513	-0.940918	-0.964844
514	-0.950195	-0.970215
515	-0.941895	-0.963867
516	-0.946289	-0.968262
517	-0.949219	-0.973633
518	-0.936035	-0.960938
519	-0.930176	-0.957031
520	-0.937988	-0.963379
521	-0.943359	-0.967285
522	-0.959961	-0.971680
523	-0.925293	-0.953613
524	-0.948730	-0.970703
525	-0.935547	-0.953613
526	-0.939941	-0.965820
527	-0.936523	-0.958496
528	-0.937500	-0.963379
529	-0.938477	-0.964844
530	-0.942871	-0.965820
531	-0.937988	-0.964355
532	-0.939941	-0.958984
533	-0.933594	-0.956055
534	-0.934570	-0.958984
535	-0.940430	-0.959961
536	-0.923828	-0.949707
537	-0.931641	-0.957520
538	-0.947266	-0.968262
539	-0.934082	-0.959961
540	-0.952148	-0.974121
541	-0.944336	-0.967285
542	-0.953125	-0.975098
543	-0.940918	-0.961426
544	-0.936523	-0.963379
545	-0.928223	-0.958984
546	-0.948242	-0.970703
547	-0.947266	-0.968750
548	-0.941895	-0.964844
549	-0.931641	-0.960449
550	-0.941895	-0.963379
551	-0.936035	-0.959961
552	-0.943359	-0.961426
553	-0.923828	-0.953125
554	-0.943359	-0.967773
555	-0.941895	-0.966797
556	-0.950195	-0.973145
557	-0.943359	-0.964355
558	-0.929199	-0.958008
559	-0.929688	-0.954590
560	-0.941895	-0.960449
561	-0.945313	-0.965820
562	-0.937500	-0.965332
563	-0.945801	-0.969238
564	-0.957031	-0.977539
565	-0.946777	-0.969238
566	-0.927246	-0.956543
567	-0.949219	-0.972168
568	-0.958008	-0.976563
569	-0.940430	-0.960449
570	-0.939941	-0.964355
571	-0.930176	-0.959961
572	-0.949707	-0.972168
573	-0.920410	-0.947754
574	-0.942383	-0.966309
575	-0.947754	-0.964844
576	-0.948730	-0.967773
577	-0.937988	-0.964355
578	-0.944824	-0.962402
579	-0.937500	-0.964355
580	-0.939453	-0.962891
581	-0.948242	-0.970215
582	-0.949219	-0.968262
583	-0.943848	-0.963867
584	-0.925781	-0.943359
585	-0.921387	-0.939941
586	-0.944336	-0.960938
587	-0.940918	-0.964355
588	-0.946289	-0.969238
589	-0.944824	-0.969727
590	-0.938477	-0.963379
591	-0.934082	-0.958984
592	-0.918945	-0.936523
593	-0.937012	-0.956543
594	-0.931641	-0.952148
595	-0.934570	-0.959961
596	-0.940430	-0.964844
597	-0.939453	-0.963379
598	-0.931152	-0.963379
599	-0.940430	-0.964355
600	-0.932617	-0.956055
601	-0.945801	-0.969727
602	-0.943359	-0.968262
603	-0.955078	-0.972656
604	-0.941895	-0.968262
605	-0.924805	-0.953613
606	-0.937500	-0.964355
607	-0.936523	-0.959473
608	-0.929199	-0.957031
609	-0.940430	-0.965332
610	-0.946777	-0.970703
611	-0.932617	-0.960938
612	-0.953125	-0.973145
613	-0.929688	-0.958496
614	-0.929688	-0.949707
615	-0.953125	-0.964844
616	-0.938965	-0.964355
617	-0.946777	-0.968262
618	-0.936523	-0.962402
619	-0.947754	-0.971680
620	-0.950195	-0.971680
621	-0.937500	-0.962402
622	-0.939453	-0.964844
623	-0.944824	-0.967285
624	-0.934082	-0.961426
625	-0.948730	-0.972168
626	-0.931152	-0.959961
627	-0.930664	-0.958984
628	-0.951172	-0.972168
629	-0.937988	-0.965820
630	-0.937012	-0.961426
631	-0.939941	-0.965332
632	-0.944824	-0.964844
633	-0.938965	-0.958496
634	-0.937988	-0.965332
635	-0.937012	-0.956055
636	-0.953613	-0.973633
637	-0.917969	-0.947754
638	-0.940918	-0.966309
639	-0.956055	-0.976074
640	-0.948242	-0.971191
641	-0.933594	-0.963379
642	-0.949707	-0.969727
643	-0.947266	-0.970703
644	-0.939941	-0.958496
645	-0.956055	-0.975098
646	-0.948242	-0.970703
647	-0.952148	-0.971680
648	-0.949707	-0.967773
649	-0.950684	-0.974121
650	-0.932129	-0.959961
651	-0.929688	-0.955078
652	-0.938965	-0.963379
653	-0.939941	-0.962891
654	-0.941895	-0.960938
655	-0.937988	-0.961914
656	-0.938477	-0.958984
657	-0.944824	-0.965332
658	-0.942383	-0.965820
659	-0.941895	-0.963379
660	-0.932129	-0.959473
661	-0.935547	-0.961914
662	-0.950684	-0.972168
663	-0.936523	-0.961426
664	-0.952637	-0.971191
665	-0.953125	-0.972656
666	-0.934082	-0.955078
667	-0.951660	-0.971680
668	-0.941895	-0.964355
669	-0.946777	-0.969727
670	-0.936035	-0.961914
671	-0.950684	-0.971191
672	-0.950684	-0.973633
673	-0.928711	-0.957520
674	-0.936035	-0.961426
675	-0.959473	-0.977051
676	-0.935059	-0.958008
677	-0.950684	-0.970703
678	-0.946777	-0.970215
679	-0.942871	-0.967773
680	-0.940918	-0.967285
681	-0.946777	-0.969727
682	-0.935547	-0.959473
683	-0.953613	-0.972656
684	-0.947754	-0.970215
685	-0.957031	-0.974121
686	-0.946289	-0.968750
687	-0.933105	-0.945313
688	-0.944336	-0.968262
689	-0.944824	-0.965332
690	-0.931641	-0.961426
691	-0.941406	-0.961914
692	-0.946777	-0.968262
693	-0.948242	-0.969727
694	-0.939941	-0.962402
695	-0.940430	-0.961426
696	-0.938965	-0.962402
697	-0.946777	-0.967773
698	-0.941895	-0.964844
699	-0.943848	-0.969727
700	-0.942383	-0.966797
701	-0.950195	-0.968262
702	-0.938965	-0.965820
703	-0.935059	-0.962402
704	-0.953125	-0.973145
705	-0.941406	-0.963867
706	-0.932129	-0.955078
707	-0.956055	-0.974121
708	-0.953613	-0.974121
709	-0.943359	-0.967285
710	-0.934570	-0.959961
711	-0.946289	-0.968262
712	-0.937988	-0.963379
713	-0.944824	-0.969238
714	-0.953125	-0.970703
715	-0.943359	-0.961426
716	-0.946777	-0.968750
717	-0.959473	-0.976563
718	-0.935547	-0.958008
719	-0.937500	-0.960938
720	-0.946289	-0.963379
721	-0.944336	-0.969238
722	-0.941406	-0.967285
723	-0.943848	-0.963867
724	-0.941895	-0.965332
725	-0.936523	-0.961426
726	-0.949707	-0.970215
727	-0.937988	-0.965332
728	-0.932129	-0.954102
729	-0.958496	-0.976563
730	-0.940918	-0.965332
731	-0.952637	-0.974121
732	-0.950684	-0.972168
733	-0.940430	-0.962402
734	-0.941895	-0.963867
735	-0.943848	-0.964844
736	-0.937988	-0.960449
737	-0.941406	-0.960449
738	-0.923340	-0.953613
739	-0.937988	-0.963867
740	-0.944824	-0.960938
741	-0.935059	-0.956543
742	-0.936523	-0.960938
743	-0.945801	-0.968262
744	-0.930176	-0.958008
745	-0.942871	-0.965820
746	-0.930176	-0.958008
747	-0.945313	-0.970215
748	-0.929688	-0.956055
749	-0.940430	-0.962402
750	-0.947266	-0.969238
751	-0.940918	-0.960449
752	-0.948242	-0.966309
753	-0.950195	-0.968750
754	-0.944336	-0.966309
755	-0.949219	-0.971191
756	-0.943848	-0.963379
757	-0.947754	-0.969727
758	-0.937988	-0.959473
759	-0.944824	-0.968262
760	-0.941895	-0.965332
761	-0.950195	-0.970215
762	-0.939941	-0.965332
763	-0.946289	-0.969727
764	-0.937500	-0.963379
765	-0.949707	-0.968262
766	-0.948730	-0.968750
767	-0.936523	-0.965332
768	-0.928711	-0.950195
769	-0.951660	-0.973633
770	-0.947754	-0.971191
771	-0.934570	-0.962402
772	-0.946289	-0.970215
773	-0.944336	-0.967285
774	-0.926758	-0.951660
775	-0.943359	-0.964844
776	-0.940430	-0.962891
777	-0.946289	-0.968262
778	-0.917969	-0.944824
779	-0.953125	-0.970703
780	-0.938965	-0.961426
781	-0.941406	-0.964355
782	-0.932129	-0.960449
783	-0.940430	-0.963379
784	-0.946777	-0.969727
785	-0.956055	-0.972168
786	-0.932617	-0.958496
787	-0.937500	-0.960449
788	-0.932129	-0.957031
789	-0.939453	-0.955566
790	-0.929688	-0.950684
791	-0.938965	-0.960938
792	-0.947266	-0.969727
793	-0.959961	-0.975098
794	-0.939453	-0.963867
795	-0.939941	-0.964355
796	-0.956055	-0.972168
797	-0.934082	-0.952637
798	-0.930176	-0.951660
799	-0.937988	-0.961426
800	-0.926270	-0.954102
801	-0.943848	-0.968262
802	-0.932617	-0.960449
803	-0.944336	-0.967773
804	-0.942383	-0.962402
805	-0.942383	-0.963379
806	-0.936523	-0.962891
807	-0.928711	-0.958496
808	-0.934570	-0.962891
809	-0.941895	-0.965332
810	-0.930664	-0.958008
811	-0.943848	-0.966309
812	-0.929199	-0.952637
813	-0.942383	-0.966309
814	-0.943848	-0.968262
815	-0.948242	-0.971680
816	-0.937988	-0.961914
817	-0.949707	-0.971680
818	-0.933105	-0.961914
819	-0.946777	-0.966797
820	-0.937988	-0.954102
821	-0.938477	-0.963867
822	-0.935547	-0.961914
823	-0.939453	-0.962402
824	-0.941406	-0.965332
825	-0.955566	-0.972168
826	-0.947266	-0.969727
827	-0.942871	-0.959473
828	-0.932129	-0.961426
829	-0.951172	-0.972168
830	-0.946777	-0.967285
831	-0.936035	-0.958496
832	-0.936523	-0.959961
833	-0.940430	-0.965332
834	-0.932129	-0.961426
835	-0.943359	-0.967773
836	-0.932129	-0.955566
837	-0.944336	-0.966797
838	-0.934082	-0.956543
839	-0.945801	-0.969727
840	-0.928223	-0.950684
841	-0.936523	-0.961914
842	-0.927246	-0.956055
843	-0.933594	-0.961914
844	-0.951172	-0.973145
845	-0.946777	-0.970215
846	-0.945801	-0.968262
847	-0.947754	-0.970703
848	-0.944336	-0.964355
849	-0.947266	-0.968750
850	-0.937500	-0.963867
851	-0.933105	-0.960449
852	-0.943359	-0.967773
853	-0.956055	-0.971680
854	-0.938477	-0.962891
855	-0.944824	-0.968750
856	-0.930176	-0.958008
857	-0.944824	-0.968262
858	-0.934082	-0.960938
859	-0.936035	-0.958008
860	-0.939453	-0.963867
861	-0.933594	-0.958496
862	-0.930176	-0.957520
863	-0.947266	-0.967773
864	-0.946289	-0.969238
865	-0.939941	-0.961914
866	-0.929688	-0.958496
867	-0.938965	-0.965820
868	-0.944824	-0.970215
869	-0.950684	-0.973633
870	-0.937988	-0.962891
871	-0.918457	-0.941895
872	-0.945801	-0.966309
873	-0.934570	-0.961426
874	-0.934082	-0.961426
875	-0.930664	-0.957520
876	-0.939453	-0.962891
877	-0.941895	-0.967285
878	-0.933594	-0.957031
879	-0.941895	-0.964355
880	-0.939941	-0.963379
881	-0.939941	-0.963867
882	-0.945313	-0.967285
883	-0.942871	-0.960938
884	-0.938477	-0.963867
885	-0.948242	-0.968262
886	-0.937012	-0.960449
887	-0.955566	-0.972656
888	-0.952148	-0.973633
889	-0.954590	-0.974609
890	-0.951660	-0.969238
891	-0.939941	-0.964844
892	-0.930176	-0.943359
893	-0.954102	-0.972656
894	-0.939941	-0.963379
895	-0.943848	-0.962402
896	-0.940430	-0.961914
897	-0.941895	-0.964355
898	-0.959473	-0.978027
899	-0.938477	-0.960938
900	-0.938965	-0.965332
901	-0.937988	-0.963379
902	-0.952148	-0.972168
903	-0.937988	-0.959961
904	-0.943359	-0.965332
905	-0.961426	-0.978027
906	-0.940918	-0.961426
907	-0.935059	-0.962402
908	-0.945313	-0.968262
909	-0.947266	-0.969727
910	-0.944336	-0.967285
911	-0.941895	-0.967773
912	-0.956055	-0.973145
913	-0.954102	-0.975098
914	-0.940430	-0.964355
915	-0.935547	-0.961914
916	-0.935547	-0.961426
917	-0.945313	-0.967773
918	-0.946777	-0.969238
919	-0.944336	-0.963379
920	-0.932129	-0.959473
921	-0.944824	-0.967285
922	-0.946777	-0.967773
923	-0.942383	-0.966309
924	-0.957520	-0.975098
925	-0.941406	-0.963867
926	-0.938965	-0.965332
927	-0.937500	-0.961914
928	-0.938965	-0.964355
929	-0.941406	-0.965332
930	-0.956543	-0.973145
931	-0.934570	-0.962402
932	-0.936035	-0.961426
933	-0.955078	-0.972168
934	-0.952637	-0.974609
935	-0.948730	-0.969727
936	-0.960938	-0.977051
937	-0.952637	-0.971680
938	-0.937012	-0.958008
939	-0.939453	-0.965332
940	-0.937500	-0.960449
941	-0.937500	-0.958496
942	-0.947754	-0.964844
943	-0.942383	-0.963867
944	-0.954102	-0.971191
945	-0.944336	-0.959961
946	-0.938477	-0.959473
947	-0.925293	-0.952637
948	-0.958496	-0.976074
949	-0.935547	-0.954102
950	-0.945313	-0.967773
951	-0.944336	-0.966797
952	-0.937500	-0.961426
953	-0.929688	-0.953613
954	-0.923340	-0.954102
955	-0.938965	-0.960938
956	-0.963379	-0.980469
957	-0.941895	-0.966309
958	-0.946289	-0.968262
959	-0.950684	-0.970703
960	-0.947266	-0.969238
961	-0.941406	-0.964844
962	-0.951660	-0.974121
963	-0.945313	-0.967773
964	-0.949219	-0.972168
965	-0.942871	-0.964355
966	-0.947266	-0.964355
967	-0.951660	-0.973145
968	-0.930176	-0.954590
969	-0.935547	-0.961914
970	-0.946289	-0.966797
971	-0.938477	-0.965332
972	-0.941406	-0.967285
973	-0.944336	-0.963867
974	-0.935547	-0.952637
975	-0.943359	-0.968262
976	-0.944824	-0.966797
977	-0.944336	-0.967773
978	-0.946777	-0.968750
979	-0.942871	-0.963379
980	-0.937988	-0.962402
981	-0.933594	-0.960449
982	-0.936523	-0.959961
983	-0.945801	-0.969238
984	-0.945801	-0.965820
985	-0.942383	-0.967285
986	-0.949219	-0.970215
987	-0.940918	-0.963379
988	-0.937500	-0.962402
989	-0.927734	-0.958984
990	-0.947754	-0.968750
991	-0.940430	-0.965820
992	-0.935059	-0.954102
993	-0.935059	-0.961426
994	-0.927734	-0.942383
995	-0.928223	-0.945313
996	-0.933594	-0.953125
997	-0.943359	-0.963379
998	-0.948730	-0.967773
999	-0.935059	-0.963867
