0	-0.480957	0.015137
1	-0.479980	0.054199
2	-0.535156	-0.032715
3	-0.495117	0.015625
4	-0.516113	-0.042480
5	-0.510742	-0.067383
6	-0.540039	-0.112305
7	-0.564453	-0.074707
8	-0.533203	-0.031250
9	-0.527344	-0.010254
10	-0.505859	0.069824
11	-0.549805	-0.062500
12	-0.519043	-0.055664
13	-0.494629	-0.191895
14	-0.479492	-0.082031
15	-0.502441	-0.020996
16	-0.490723	0.056152
17	-0.481934	0.042969
18	-0.522461	0.087891
19	-0.520020	0.186035
20	-0.504883	0.129883
21	-0.498047	0.021973
22	-0.486328	0.007324
23	-0.532715	0.059570
24	-0.501465	0.015625
25	-0.525879	-0.002441
26	-0.490723	-0.054688
27	-0.534668	0.000000
28	-0.495117	0.077148
29	-0.485840	0.088379
30	-0.535645	0.167480
31	-0.524414	0.081543
32	-0.492188	-0.043457
33	-0.498535	-0.083008
34	-0.526855	0.009277
35	-0.488281	0.100098
36	-0.502441	0.174805
37	-0.511719	0.123535
38	-0.492676	0.141602
39	-0.502930	0.180176
40	-0.510742	0.159180
41	-0.490723	0.038086
42	-0.525391	0.035156
43	-0.498535	0.037598
44	-0.512207	-0.037109
45	-0.520020	0.077637
46	-0.527344	0.056641
47	-0.499023	0.138672
48	-0.508789	0.019043
49	-0.473145	0.025391
50	-0.493164	0.094727
51	-0.541992	0.047852
52	-0.533691	0.057129
53	-0.492188	-0.002930
54	-0.501953	-0.081543
55	-0.529785	-0.057129
56	-0.510254	-0.048340
57	-0.525879	0.048828
58	-0.518555	0.104492
59	-0.501465	0.020020
60	-0.525879	-0.080566
61	-0.545898	-0.118164
62	-0.515625	-0.065918
63	-0.505859	-0.047852
64	-0.513672	-0.016113
65	-0.507324	-0.047363
66	-0.508789	0.104004
67	-0.485352	0.058105
68	-0.481445	0.036133
69	-0.509277	0.047852
70	-0.515137	-0.065918
71	-0.520508	0.014648
72	-0.472656	-0.074219
73	-0.483398	-0.094727
74	-0.499512	-0.031250
75	-0.537109	-0.182617
76	-0.538574	-0.093750
77	-0.548340	-0.030273
78	-0.505859	-0.059082
79	-0.550293	-0.056152
80	-0.500000	-0.104004
81	-0.512695	-0.041992
82	-0.511719	-0.055664
83	-0.502441	-0.107422
84	-0.488281	-0.112793
85	-0.494629	0.007813
86	-0.517090	0.031250
87	-0.507813	-0.136230
88	-0.534180	-0.150879
89	-0.503906	-0.123047
90	-0.519043	-0.113281
91	-0.529297	-0.050293
92	-0.513184	-0.107910
93	-0.518555	-0.151855
94	-0.524902	-0.041504
95	-0.537598	0.018555
96	-0.522949	-0.062988
97	-0.515137	-0.082520
98	-0.505859	0.041992
99	-0.509277	0.121094
100	-0.519531	0.102051
101	-0.531250	0.087891
102	-0.511230	-0.093262
103	-0.510742	-0.163574
104	-0.506348	-0.120605
105	-0.510254	-0.115723
106	-0.514648	-0.198730
107	-0.506348	-0.124512
108	-0.499512	-0.048340
109	-0.531738	0.029297
110	-0.506836	0.074219
111	-0.510254	0.135742
112	-0.484863	-0.000977
113	-0.508789	0.094727
114	-0.509277	0.086426
115	-0.526367	0.128418
116	-0.506836	0.128418
117	-0.531250	-0.057129
118	-0.535156	-0.142578
119	-0.535645	-0.061035
120	-0.526367	-0.047852
121	-0.502930	-0.103027
122	-0.510742	-0.099609
123	-0.510254	-0.058105
124	-0.516602	-0.075684
125	-0.504395	0.012207
126	-0.512207	0.226074
127	-0.513184	0.055176
128	-0.531250	0.106445
129	-0.502930	-0.026855
130	-0.501465	0.149414
131	-0.491699	-0.006348
132	-0.484863	0.126465
133	-0.535156	0.129883
134	-0.513184	0.079102
135	-0.478516	0.010254
136	-0.479980	0.040039
137	-0.529785	0.030273
138	-0.500977	-0.037598
139	-0.532227	-0.216309
140	-0.516602	-0.084473
141	-0.519043	-0.180176
142	-0.529785	-0.110352
143	-0.504883	0.069336
144	-0.544434	-0.073730
145	-0.549805	-0.020508
146	-0.487793	-0.044434
147	-0.508789	0.088867
148	-0.528320	0.125977
149	-0.491699	0.014160
150	-0.504883	-0.003906
151	-0.509766	-0.075684
152	-0.491699	-0.120605
153	-0.499023	-0.156250
154	-0.514648	-0.012695
155	-0.510742	-0.040527
156	-0.495605	-0.050293
157	-0.499512	-0.182129
158	-0.518555	-0.203613
159	-0.524414	-0.118652
160	-0.521484	0.078613
161	-0.507813	0.034180
162	-0.532227	0.124023
163	-0.532715	0.134277
164	-0.531250	0.162598
165	-0.503906	0.250000
166	-0.553711	0.165527
167	-0.537598	0.041992
168	-0.512695	-0.072266
169	-0.506348	-0.048340
170	-0.509277	-0.147461
171	-0.507813	-0.109375
172	-0.508301	-0.051270
173	-0.494141	0.000000
174	-0.541504	0.065918
175	-0.499512	0.051270
176	-0.500488	-0.025879
177	-0.529785	-0.018555
178	-0.498535	0.060059
179	-0.536133	0.040039
180	-0.530273	0.027832
181	-0.503418	0.024414
182	-0.485352	0.085449
183	-0.489746	-0.007813
184	-0.508301	0.053223
185	-0.506348	-0.042480
186	-0.520020	-0.096680
187	-0.541992	-0.061523
188	-0.524902	0.062012
189	-0.513184	0.101074
190	-0.502441	0.209961
191	-0.520020	0.094238
192	-0.478027	0.038086
193	-0.535156	0.013184
194	-0.500488	-0.015137
195	-0.545410	0.093262
196	-0.485352	0.132813
197	-0.504883	0.090820
198	-0.498535	-0.031738
199	-0.505371	-0.013672
200	-0.491211	-0.046387
201	-0.504395	-0.109863
202	-0.502930	-0.096680
203	-0.482910	-0.145508
204	-0.491211	-0.024414
205	-0.509766	0.044434
206	-0.506348	-0.150391
207	-0.525391	-0.154297
208	-0.527832	-0.187012
209	-0.522461	-0.073730
210	-0.502441	0.074219
211	-0.515625	0.125977
212	-0.530762	0.029297
213	-0.506836	-0.029785
214	-0.508301	0.129883
215	-0.509277	0.065430
216	-0.557617	0.025391
217	-0.526855	-0.054688
218	-0.494141	-0.069824
219	-0.507813	0.039551
220	-0.545410	0.051270
221	-0.508789	0.078613
222	-0.492188	0.017090
223	-0.495605	-0.027344
224	-0.490234	-0.000977
225	-0.516602	-0.087402
226	-0.503418	-0.020508
227	-0.511719	0.059570
228	-0.499023	-0.058105
229	-0.537598	-0.094238
230	-0.517578	-0.030273
231	-0.478516	-0.022461
232	-0.496582	0.000977
233	-0.508789	0.081055
234	-0.519043	0.152344
235	-0.518066	0.075684
236	-0.520996	-0.062988
237	-0.515137	-0.036133
238	-0.490234	-0.103516
239	-0.507813	-0.038574
240	-0.510254	-0.088867
241	-0.537598	-0.163574
242	-0.524414	-0.132324
243	-0.535645	-0.155762
244	-0.487305	-0.130859
245	-0.504883	-0.076172
246	-0.462891	-0.016113
247	-0.513672	0.006836
248	-0.532715	0.102539
249	-0.511230	0.104980
250	-0.486328	-0.044922
251	-0.535156	-0.124023
252	-0.513672	-0.084473
253	-0.509277	-0.002441
254	-0.512207	-0.086914
255	-0.508789	-0.103516
256	-0.523438	-0.089844
257	-0.523926	-0.020020
258	-0.493652	-0.018066
259	-0.540527	-0.136719
260	-0.506836	-0.099121
261	-0.506836	-0.057129
262	-0.505371	-0.074219
263	-0.508301	-0.192383
264	-0.515625	-0.169434
265	-0.507813	-0.085938
266	-0.503418	-0.176758
267	-0.508789	-0.002441
268	-0.516602	0.066406
269	-0.529297	-0.211914
270	-0.505859	0.045898
271	-0.503418	0.080566
272	-0.467285	-0.016113
273	-0.500000	-0.020508
274	-0.528320	-0.015625
275	-0.527832	0.047363
276	-0.533691	0.083008
277	-0.500000	0.042969
278	-0.514648	-0.003906
279	-0.519043	0.060059
280	-0.504395	-0.005859
281	-0.503418	0.101563
282	-0.546387	0.123047
283	-0.515137	0.010254
284	-0.539063	-0.066895
285	-0.487305	-0.030273
286	-0.483887	0.030273
287	-0.514160	-0.024902
288	-0.521973	0.007813
289	-0.517578	0.026855
290	-0.514648	0.078613
291	-0.524902	0.142090
292	-0.517090	0.014648
293	-0.488281	0.091797
294	-0.502441	-0.043457
295	-0.530762	0.026855
296	-0.513184	-0.016602
297	-0.484863	-0.023926
298	-0.486328	0.082520
299	-0.517578	0.098145
300	-0.536621	0.128906
301	-0.516602	0.104980
302	-0.513672	-0.076172
303	-0.506348	-0.017578
304	-0.534668	0.059082
305	-0.515137	0.066895
306	-0.500488	0.009766
307	-0.515137	-0.009766
308	-0.512207	0.091797
309	-0.523926	-0.031738
310	-0.508789	-0.093262
311	-0.530762	-0.195313
312	-0.525879	0.020996
313	-0.524902	0.019531
314	-0.546387	-0.056641
315	-0.500488	0.086914
316	-0.504883	0.134766
317	-0.537109	0.124512
318	-0.539063	0.156250
319	-0.503906	0.086914
320	-0.507813	0.141113
321	-0.527344	0.066895
322	-0.501465	0.062988
323	-0.498047	-0.041016
324	-0.503418	-0.076172
325	-0.506836	-0.087402
326	-0.514648	-0.065918
327	-0.504883	0.039551
328	-0.520020	-0.016113
329	-0.510254	-0.129395
330	-0.486816	-0.077148
331	-0.490234	-0.085938
332	-0.507813	-0.117188
333	-0.501953	-0.052734
334	-0.530762	-0.146973
335	-0.500977	-0.095703
336	-0.516602	-0.145020
337	-0.490234	-0.021484
338	-0.488281	-0.147949
339	-0.530762	0.025879
340	-0.473633	-0.002930
341	-0.509766	-0.013672
342	-0.486816	-0.021484
343	-0.494141	0.082031
344	-0.533203	0.091309
345	-0.509277	0.002930
346	-0.522949	-0.039063
347	-0.533691	-0.062500
348	-0.497559	0.073242
349	-0.526855	0.155762
350	-0.535645	0.080078
351	-0.500977	-0.034668
352	-0.510742	-0.087891
353	-0.545410	-0.044922
354	-0.545410	0.020020
355	-0.501465	-0.010742
356	-0.467773	0.047852
357	-0.489258	0.145508
358	-0.517090	-0.026855
359	-0.519531	-0.089355
360	-0.500977	0.136230
361	-0.514160	0.055664
362	-0.507813	-0.037598
363	-0.520508	-0.016113
364	-0.494141	-0.065430
365	-0.521973	0.192383
366	-0.495605	0.131348
367	-0.510742	0.101563
368	-0.516602	0.071289
369	-0.490723	-0.057129
370	-0.520508	0.068359
371	-0.515625	0.027344
372	-0.527832	-0.001465
373	-0.488770	0.068848
374	-0.483398	-0.021973
375	-0.509766	-0.038574
376	-0.501953	0.113281
377	-0.511719	0.087891
378	-0.532715	0.087891
379	-0.532715	-0.004395
380	-0.504395	-0.068359
381	-0.520508	-0.132813
382	-0.489258	-0.066895
383	-0.504883	-0.074219
384	-0.496094	-0.007813
385	-0.499512	-0.031738
386	-0.523438	0.019531
387	-0.505371	-0.018555
388	-0.500977	0.106934
389	-0.496094	-0.068359
390	-0.516602	-0.113770
391	-0.511230	-0.225098
392	-0.519531	-0.163086
393	-0.512207	-0.146973
394	-0.509277	-0.181152
395	-0.510742	-0.040527
396	-0.491699	-0.035645
397	-0.524414	0.046387
398	-0.517090	-0.166016
399	-0.536621	-0.105469
400	-0.524414	0.004883
401	-0.513672	0.081543
402	-0.509766	0.075195
403	-0.513672	0.017090
404	-0.497070	0.037598
405	-0.514160	-0.122559
406	-0.480469	0.021484
407	-0.502441	-0.080078
408	-0.493164	-0.059570
409	-0.491211	-0.096680
410	-0.480469	-0.062500
411	-0.490234	0.025879
412	-0.483887	-0.010742
413	-0.505859	0.066895
414	-0.481934	0.032715
415	-0.521973	-0.029297
416	-0.510742	0.049805
417	-0.534180	0.065918
418	-0.525391	0.020996
419	-0.519531	-0.034668
420	-0.513184	0.088379
421	-0.527344	0.018066
422	-0.493652	-0.014160
423	-0.536133	-0.087891
424	-0.506836	-0.060059
425	-0.530273	-0.044434
426	-0.522949	-0.053711
427	-0.503906	-0.051758
428	-0.510254	-0.058594
429	-0.492676	-0.047363
430	-0.520508	-0.019531
431	-0.494629	-0.036621
432	-0.520996	-0.001953
433	-0.516113	-0.120605
434	-0.515625	0.068359
435	-0.497070	-0.070801
436	-0.513184	-0.121094
437	-0.513672	-0.125977
438	-0.493164	-0.085938
439	-0.499512	-0.034180
440	-0.535156	-0.175293
441	-0.514648	-0.094238
442	-0.526855	-0.017578
443	-0.512207	0.081543
444	-0.528320	0.163086
445	-0.506348	0.151855
446	-0.522461	0.004395
447	-0.549805	0.074707
448	-0.525391	0.093262
449	-0.530273	0.084961
450	-0.525879	-0.021484
451	-0.514648	0.053711
452	-0.513672	-0.014160
453	-0.522949	0.057617
454	-0.537109	-0.041504
455	-0.541016	-0.050781
456	-0.520508	0.029297
457	-0.495117	0.149414
458	-0.523926	0.187988
459	-0.532227	0.092773
460	-0.524902	-0.041016
461	-0.504395	-0.118652
462	-0.508789	-0.052246
463	-0.527832	-0.160645
464	-0.533203	-0.205078
465	-0.526367	-0.063965
466	-0.533691	-0.010254
467	-0.513184	-0.065918
468	-0.492676	0.020020
469	-0.516602	-0.066895
470	-0.485840	0.036133
471	-0.508301	-0.005859
472	-0.539551	-0.095215
473	-0.529785	-0.086914
474	-0.530273	-0.085938
475	-0.493652	-0.038574
476	-0.476563	0.039063
477	-0.507324	-0.100098
478	-0.498047	-0.091797
479	-0.514648	-0.012695
480	-0.507813	0.041016
481	-0.529785	0.095703
482	-0.500000	0.051270
483	-0.504883	-0.035156
484	-0.512695	-0.024902
485	-0.556152	-0.025391
486	-0.484375	-0.026367
487	-0.497559	0.022461
488	-0.506836	-0.046875
489	-0.528809	-0.042969
490	-0.523926	-0.042969
491	-0.522949	0.039551
492	-0.522461	0.072266
493	-0.498535	-0.059082
494	-0.535645	0.023438
495	-0.507813	0.037598
496	-0.527344	-0.067383
497	-0.522949	-0.038086
498	-0.521484	-0.061523
499	-0.523438	-0.105469
500	-0.523438	-0.138184
501	-0.510254	-0.061035
502	-0.504883	0.022949
503	-0.500000	0.020996
504	-0.521484	0.045410
505	-0.516113	0.066895
506	-0.521973	0.047852
507	-0.540039	0.047363
508	-0.527344	-0.035645
509	-0.522949	-0.087891
510	-0.542480	-0.053223
511	-0.519043	-0.042969
512	-0.528320	0.043945
513	-0.494629	-0.010254
514	-0.522461	0.067871
515	-0.485352	0.062988
516	-0.502930	0.046387
517	-0.484863	0.020996
518	-0.491211	-0.056152
519	-0.490234	-0.077148
520	-0.506836	0.031250
521	-0.494629	-0.014648
522	-0.494629	0.056641
523	-0.521973	0.080566
524	-0.514648	-0.095215
525	-0.504883	-0.030273
526	-0.537598	-0.037109
527	-0.529785	-0.187012
528	-0.496582	-0.068848
529	-0.522461	-0.087891
530	-0.510742	0.009766
531	-0.500488	-0.019043
532	-0.510742	-0.000488
533	-0.512207	-0.131836
534	-0.506836	-0.102051
535	-0.509766	-0.033691
536	-0.530273	0.054199
537	-0.519043	0.079590
538	-0.520996	0.126465
539	-0.518066	0.184082
540	-0.507324	0.087891
541	-0.528809	0.147461
542	-0.497070	0.099121
543	-0.543945	0.057617
544	-0.497070	0.032715
545	-0.494629	0.097168
546	-0.493164	0.056152
547	-0.522949	0.123535
548	-0.508789	-0.017090
549	-0.536133	-0.081055
550	-0.491699	-0.062012
551	-0.549805	-0.031250
552	-0.492188	0.044434
553	-0.508789	0.088867
554	-0.533691	0.012695
555	-0.477051	-0.062012
556	-0.519531	0.033691
557	-0.507813	0.190430
558	-0.523438	0.138672
559	-0.499512	0.060059
560	-0.497559	0.019531
561	-0.502441	0.010254
562	-0.506836	-0.009277
563	-0.520996	-0.044434
564	-0.497070	-0.032715
565	-0.512207	0.020020
566	-0.500488	0.079590
567	-0.525391	0.015625
568	-0.531250	0.013672
569	-0.514160	-0.084961
570	-0.499512	0.015625
571	-0.524414	-0.068359
572	-0.503418	-0.015137
573	-0.505371	-0.068359
574	-0.504883	-0.067383
575	-0.539063	0.099121
576	-0.549316	0.006348
577	-0.508301	0.088379
578	-0.500000	0.009766
579	-0.519043	-0.103027
580	-0.507324	-0.034180
581	-0.499512	0.025879
582	-0.523926	0.028809
583	-0.528809	-0.061523
584	-0.508789	-0.082031
585	-0.517090	0.013672
586	-0.529785	0.046387
587	-0.512207	0.152344
588	-0.542480	-0.022461
589	-0.521973	-0.091797
590	-0.512207	-0.015137
591	-0.524902	0.096191
592	-0.485352	-0.038574
593	-0.480469	0.036133
594	-0.492188	0.022949
595	-0.521484	-0.061523
596	-0.514160	-0.032227
597	-0.501953	0.076660
598	-0.539551	-0.082520
599	-0.491699	0.010742
600	-0.503906	-0.011719
601	-0.534180	0.038086
602	-0.529785	-0.013184
603	-0.511719	0.006836
604	-0.529785	-0.025879
605	-0.520020	0.099121
606	-0.501465	0.133789
607	-0.504395	0.004883
608	-0.500488	0.063477
609	-0.499512	0.126465
610	-0.524414	0.066895
611	-0.507813	0.040527
612	-0.511719	0.002930
613	-0.502930	-0.024414
614	-0.486816	-0.117676
615	-0.469238	-0.051270
616	-0.497559	-0.096680
617	-0.529297	-0.139160
618	-0.514160	0.050781
619	-0.489746	-0.021484
620	-0.509277	-0.016602
621	-0.515137	-0.048340
622	-0.509277	0.054199
623	-0.510742	-0.076172
624	-0.525391	0.009766
625	-0.473145	0.016602
626	-0.485840	0.030273
627	-0.493652	0.066406
628	-0.511719	0.122070
629	-0.507813	0.063965
630	-0.520508	0.021484
631	-0.503418	0.020996
632	-0.491699	0.026855
633	-0.512207	-0.038574
634	-0.500000	-0.051270
635	-0.503906	-0.083008
636	-0.508789	-0.004883
637	-0.522461	0.031738
638	-0.521484	-0.080566
639	-0.486328	0.133301
640	-0.509766	0.115234
641	-0.518555	0.025879
642	-0.519043	-0.048828
643	-0.541504	0.041016
644	-0.518555	0.105469
645	-0.521973	0.188477
646	-0.492188	0.089844
647	-0.525879	0.043945
648	-0.520020	0.116211
649	-0.503418	0.086914
650	-0.519531	0.106445
651	-0.530273	0.155762
652	-0.498535	0.086426
653	-0.528320	0.147949
654	-0.534668	0.121582
655	-0.526855	0.213867
656	-0.493164	0.058594
657	-0.484375	-0.049805
658	-0.534668	-0.188965
659	-0.527832	-0.132813
660	-0.516602	-0.178223
661	-0.505371	-0.117676
662	-0.520996	-0.071289
663	-0.522949	-0.104980
664	-0.519531	-0.103516
665	-0.491211	-0.127930
666	-0.532227	-0.079590
667	-0.491211	-0.107910
668	-0.541016	-0.054688
669	-0.515137	0.059570
670	-0.506348	-0.023438
671	-0.500000	-0.022949
672	-0.540527	-0.093750
673	-0.498047	-0.051758
674	-0.506348	0.007813
675	-0.532715	-0.021484
676	-0.479004	-0.040527
677	-0.487793	-0.003906
678	-0.480469	0.042480
679	-0.466797	0.097168
680	-0.473633	-0.083008
681	-0.508301	-0.088379
682	-0.500000	-0.077148
683	-0.500000	-0.053711
684	-0.546387	-0.148438
685	-0.500000	-0.070801
686	-0.535156	-0.023926
687	-0.537598	-0.142578
688	-0.499512	-0.086914
689	-0.535645	-0.025391
690	-0.536621	-0.098145
691	-0.515625	0.099609
692	-0.546387	0.150391
693	-0.548340	0.030762
694	-0.528320	0.112305
695	-0.506836	0.068359
696	-0.499512	0.032715
697	-0.510742	-0.008301
698	-0.498535	-0.000977
699	-0.506836	-0.041992
700	-0.523438	-0.014160
701	-0.509766	-0.041992
702	-0.493164	0.046387
703	-0.522461	0.072754
704	-0.525391	0.000488
705	-0.546875	-0.046875
706	-0.510742	-0.051758
707	-0.510254	-0.124512
708	-0.513672	-0.065918
709	-0.544434	-0.002930
710	-0.519043	-0.029785
711	-0.515137	-0.040527
712	-0.522949	-0.045898
713	-0.501465	-0.028809
714	-0.502930	-0.045898
715	-0.523438	0.037598
716	-0.503906	0.042480
717	-0.513672	0.009277
718	-0.503418	0.002441
719	-0.514648	-0.134766
720	-0.490234	-0.062500
721	-0.524414	-0.195801
722	-0.516113	-0.006836
723	-0.495117	0.065918
724	-0.508301	-0.042969
725	-0.509277	0.026855
726	-0.506348	0.021973
727	-0.524414	-0.054199
728	-0.525879	0.097656
729	-0.493164	-0.007324
730	-0.500977	-0.094238
731	-0.502930	-0.125000
732	-0.523926	-0.052734
733	-0.488281	-0.040039
734	-0.533691	-0.003418
735	-0.508789	-0.050781
736	-0.510254	-0.073730
737	-0.505859	-0.011719
738	-0.536133	0.001953
739	-0.546875	-0.015137
740	-0.520508	0.089844
741	-0.495605	0.020020
742	-0.513184	-0.054688
743	-0.515625	-0.074219
744	-0.532715	0.022461
745	-0.511230	-0.002441
746	-0.478027	0.036133
747	-0.509766	-0.027344
748	-0.505859	0.045898
749	-0.488770	0.023926
750	-0.474609	0.043945
751	-0.520508	0.054688
752	-0.492188	0.002441
753	-0.535156	-0.014648
754	-0.515137	-0.078125
755	-0.508301	0.013672
756	-0.497559	-0.114746
757	-0.537598	0.000977
758	-0.519531	0.104492
759	-0.512695	0.053223
760	-0.497559	0.056152
761	-0.534668	0.062500
762	-0.515137	-0.019531
763	-0.520020	0.086426
764	-0.526855	0.000488
765	-0.524902	-0.033203
766	-0.532715	0.037598
767	-0.501465	0.048340
768	-0.540527	0.038086
769	-0.487305	-0.050781
770	-0.487793	-0.067871
771	-0.510742	-0.166016
772	-0.512207	-0.096680
773	-0.498535	-0.006348
774	-0.516113	0.093262
775	-0.525391	0.052246
776	-0.518555	0.042480
777	-0.496582	-0.014648
778	-0.518066	-0.081543
779	-0.513184	-0.032227
780	-0.506348	0.000977
781	-0.517578	0.093262
782	-0.526855	0.022949
783	-0.547363	0.087402
784	-0.525879	-0.095215
785	-0.500488	-0.076172
786	-0.511719	-0.047363
787	-0.534180	0.024414
788	-0.523926	0.063965
789	-0.518066	0.048828
790	-0.498047	0.082520
791	-0.520996	-0.031250
792	-0.524902	-0.039063
793	-0.542480	0.083984
794	-0.527344	0.055664
795	-0.514648	0.018066
796	-0.549316	0.037598
797	-0.507324	0.016113
798	-0.499512	0.104492
799	-0.485840	-0.049316
800	-0.525391	0.091797
801	-0.525391	0.029297
802	-0.530273	-0.046387
803	-0.494141	-0.010254
804	-0.491211	0.027344
805	-0.520020	-0.039551
806	-0.499023	-0.012695
807	-0.519043	-0.066895
808	-0.507324	-0.037598
809	-0.523438	-0.062988
810	-0.501465	-0.055664
811	-0.502930	-0.014648
812	-0.491699	-0.159668
813	-0.488770	-0.003906
814	-0.494141	0.046387
815	-0.532227	0.037598
816	-0.518066	0.107422
817	-0.513184	0.020996
818	-0.478516	-0.043945
819	-0.515625	-0.017090
820	-0.499512	-0.017090
821	-0.516602	-0.004883
822	-0.513672	0.099121
823	-0.518066	0.085938
824	-0.509277	0.083496
825	-0.505371	0.196289
826	-0.508301	0.039063
827	-0.518066	0.065918
828	-0.496094	0.107910
829	-0.527344	0.159668
830	-0.515625	0.064453
831	-0.513672	0.123047
832	-0.504883	0.016602
833	-0.495605	0.015137
834	-0.504395	0.029297
835	-0.520020	0.108398
836	-0.500488	0.030762
837	-0.493652	0.075684
838	-0.509766	-0.048828
839	-0.502930	-0.036133
840	-0.494629	0.014160
841	-0.516602	0.059570
842	-0.494629	-0.036133
843	-0.510742	-0.019043
844	-0.492676	-0.053711
845	-0.515137	-0.059570
846	-0.523926	0.085449
847	-0.520996	0.020020
848	-0.509766	0.027832
849	-0.501465	0.068359
850	-0.521973	0.090332
851	-0.521484	0.114258
852	-0.517578	0.193848
853	-0.513672	0.249512
854	-0.522461	0.062500
855	-0.512207	-0.026367
856	-0.523926	-0.099121
857	-0.517090	-0.054688
858	-0.519043	-0.092285
859	-0.504883	-0.108887
860	-0.501465	-0.087402
861	-0.515137	-0.100098
862	-0.508301	-0.104492
863	-0.483887	0.043457
864	-0.500000	-0.023438
865	-0.488770	0.022949
866	-0.513672	-0.016602
867	-0.520508	0.053223
868	-0.509277	-0.048340
869	-0.509277	-0.085449
870	-0.522949	-0.214355
871	-0.559570	-0.198730
872	-0.509766	-0.149902
873	-0.505859	-0.115234
874	-0.485840	-0.064941
875	-0.512207	0.082520
876	-0.519531	0.156250
877	-0.509766	0.076172
878	-0.511719	0.081543
879	-0.509766	0.085938
880	-0.502441	0.021484
881	-0.500977	0.053711
882	-0.534668	0.063477
883	-0.527344	-0.039551
884	-0.500977	-0.095215
885	-0.514648	0.088379
886	-0.507813	-0.044922
887	-0.521484	0.000488
888	-0.497559	0.053711
889	-0.523926	0.032715
890	-0.523438	0.067871
891	-0.519043	-0.062500
892	-0.511230	-0.111816
893	-0.505859	-0.020508
894	-0.518555	0.066895
895	-0.512207	0.073242
896	-0.519043	0.080078
897	-0.531738	-0.019531
898	-0.528809	-0.086914
899	-0.514160	-0.074707
900	-0.507813	-0.190918
901	-0.503418	-0.094727
902	-0.527344	-0.068359
903	-0.502930	-0.045410
904	-0.500000	-0.182617
905	-0.508301	-0.129395
906	-0.520508	-0.035645
907	-0.505371	-0.111816
908	-0.521484	-0.123047
909	-0.506836	-0.119629
910	-0.516602	-0.072754
911	-0.493164	0.011719
912	-0.507324	0.002441
913	-0.527832	-0.048828
914	-0.498047	-0.009766
915	-0.502441	0.083496
916	-0.488281	0.014648
917	-0.541992	0.034668
918	-0.525391	0.012695
919	-0.523438	-0.010742
920	-0.517090	-0.005859
921	-0.520508	-0.030273
922	-0.511719	-0.012695
923	-0.525391	0.039551
924	-0.519531	0.082031
925	-0.527344	0.052734
926	-0.519043	0.014160
927	-0.507813	0.174316
928	-0.538574	0.216309
929	-0.515625	-0.005371
930	-0.512695	0.099609
931	-0.520508	0.072754
932	-0.506348	0.049316
933	-0.551270	-0.121094
934	-0.518066	0.020020
935	-0.510254	-0.017578
936	-0.500488	0.055176
937	-0.531250	0.029785
938	-0.520996	0.076172
939	-0.524414	0.040039
940	-0.552734	-0.076660
941	-0.516113	-0.101563
942	-0.507813	0.011719
943	-0.508789	-0.105957
944	-0.524902	-0.006348
945	-0.511719	-0.116699
946	-0.511230	0.058105
947	-0.497559	-0.006348
948	-0.502441	-0.049316
949	-0.500000	-0.045410
950	-0.529785	-0.005371
951	-0.526855	-0.020508
952	-0.524414	0.032715
953	-0.493164	-0.032715
954	-0.478516	-0.013184
955	-0.490234	-0.169434
956	-0.508301	-0.204590
957	-0.520020	-0.131836
958	-0.525879	-0.056152
959	-0.533203	-0.034180
960	-0.521973	0.049316
961	-0.522461	-0.113281
962	-0.511719	-0.085938
963	-0.500488	0.095215
964	-0.493652	0.063477
965	-0.510742	0.093750
966	-0.531250	0.162598
967	-0.524902	0.117676
968	-0.521484	0.115234
969	-0.508301	0.115234
970	-0.520020	0.025391
971	-0.497559	-0.063965
972	-0.524414	-0.030273
973	-0.513672	0.000977
974	-0.502441	0.008301
975	-0.502441	-0.089844
976	-0.472168	-0.066406
977	-0.508789	0.079590
978	-0.525391	-0.083496
979	-0.515137	0.077148
980	-0.492188	0.030273
981	-0.480469	-0.024414
982	-0.539551	-0.083008
983	-0.506348	-0.107422
984	-0.514648	-0.078613
985	-0.514160	-0.028809
986	-0.511230	-0.012695
987	-0.524414	-0.000977
988	-0.518066	-0.025879
989	-0.499512	-0.053223
990	-0.505371	0.112305
991	-0.536133	-0.003418
992	-0.554688	-0.118652
993	-0.531250	-0.060547
994	-0.519531	-0.091797
995	-0.532227	-0.034180
996	-0.505371	-0.053711
997	-0.515625	0.010742
998	-0.526367	-0.006348
999	-0.503418	0.044434
