0	-0.663086	0.293945
1	-0.636719	0.257324
2	-0.612793	0.174316
3	-0.616699	0.139160
4	-0.634766	0.195313
5	-0.640625	0.161621
6	-0.645508	0.188477
7	-0.648438	0.188965
8	-0.657715	0.077637
9	-0.654297	0.128418
10	-0.629883	0.064453
11	-0.641113	0.154785
12	-0.646484	0.071289
13	-0.654297	0.022461
14	-0.649414	0.042969
15	-0.607910	-0.049805
16	-0.614746	-0.017578
17	-0.621094	-0.042969
18	-0.641602	-0.023438
19	-0.614746	-0.022949
20	-0.634277	0.072754
21	-0.651855	0.104004
22	-0.640625	0.042480
23	-0.639648	-0.080566
24	-0.652832	-0.029297
25	-0.632813	-0.035645
26	-0.591797	-0.188477
27	-0.634277	-0.264160
28	-0.627930	-0.283691
29	-0.616211	-0.238770
30	-0.609863	-0.268066
31	-0.615234	-0.293457
32	-0.639648	-0.360352
33	-0.583984	-0.341309
34	-0.643555	-0.325684
35	-0.579590	-0.279785
36	-0.588867	-0.346680
37	-0.620605	-0.356445
38	-0.621582	-0.395020
39	-0.616211	-0.380371
40	-0.631348	-0.381348
41	-0.632813	-0.381836
42	-0.645508	-0.457520
43	-0.651855	-0.457520
44	-0.673828	-0.502930
45	-0.707031	-0.555176
46	-0.690918	-0.516113
47	-0.686523	-0.520020
48	-0.662598	-0.545898
49	-0.672852	-0.591797
50	-0.663574	-0.502441
51	-0.640137	-0.491699
52	-0.616699	-0.460449
53	-0.627441	-0.384277
54	-0.633789	-0.435547
55	-0.614258	-0.279785
56	-0.613770	-0.416992
57	-0.621094	-0.369629
58	-0.663086	-0.376465
59	-0.649902	-0.410156
60	-0.658203	-0.397949
61	-0.633789	-0.361816
62	-0.605469	-0.381836
63	-0.614258	-0.296387
64	-0.613281	-0.242676
65	-0.639160	-0.055664
66	-0.631836	-0.037109
67	-0.629395	0.032227
68	-0.625000	-0.087402
69	-0.609863	0.011719
70	-0.621582	0.129395
71	-0.599609	0.072754
72	-0.618652	0.245605
73	-0.621094	0.221191
74	-0.634277	0.086914
75	-0.625000	-0.010254
76	-0.613281	-0.166992
77	-0.609863	-0.192383
78	-0.602051	-0.167480
79	-0.633789	-0.266113
80	-0.612793	-0.277344
81	-0.636230	-0.321289
82	-0.633301	-0.203613
83	-0.634766	-0.157715
84	-0.612793	-0.017090
85	-0.617188	-0.094238
86	-0.622559	-0.133301
87	-0.634277	-0.188965
88	-0.646484	-0.208008
89	-0.628906	-0.141602
90	-0.638672	-0.049805
91	-0.635254	-0.024414
92	-0.627930	0.144531
93	-0.635254	0.261719
94	-0.645508	0.247070
95	-0.678223	0.250000
96	-0.677246	0.273926
97	-0.627441	0.275391
98	-0.635254	0.271973
99	-0.633301	0.279297
100	-0.602051	0.221191
101	-0.630371	0.232910
102	-0.639648	0.176270
103	-0.602051	0.234863
104	-0.593750	0.129883
105	-0.590820	0.114258
106	-0.588379	0.076660
107	-0.649414	0.172363
108	-0.628418	0.170898
109	-0.597168	0.238770
110	-0.603516	0.189941
111	-0.638672	0.207031
112	-0.625488	0.235352
113	-0.646973	0.345215
114	-0.618164	0.336914
115	-0.666504	0.401367
116	-0.615234	0.324707
117	-0.670898	0.400391
118	-0.641113	0.287109
119	-0.654785	0.211914
120	-0.622070	0.138184
121	-0.666016	0.192383
122	-0.622559	0.151855
123	-0.627930	0.153320
124	-0.643066	0.096191
125	-0.636719	0.141602
126	-0.612305	0.170410
127	-0.612793	0.086914
128	-0.643555	0.082520
129	-0.658203	0.191406
130	-0.619141	0.129883
131	-0.626465	0.096191
132	-0.630371	0.232422
133	-0.623047	0.125000
134	-0.633789	0.074219
135	-0.627441	0.047363
136	-0.612305	-0.071777
137	-0.590820	-0.028320
138	-0.623535	0.004395
139	-0.633301	0.007324
140	-0.634277	-0.027344
141	-0.645020	0.020996
142	-0.661621	0.130371
143	-0.637695	0.226074
144	-0.628418	0.174805
145	-0.615723	0.154785
146	-0.647949	0.136719
147	-0.616211	0.116211
148	-0.610352	0.023438
149	-0.613770	0.066895
150	-0.635742	0.043457
151	-0.622559	0.113281
152	-0.643066	0.056152
153	-0.616211	0.065918
154	-0.621094	0.119141
155	-0.640137	0.089355
156	-0.620605	0.073730
157	-0.619141	0.009277
158	-0.626953	0.083496
159	-0.613281	0.067383
160	-0.618652	0.017090
161	-0.617676	0.040527
162	-0.617188	0.006836
163	-0.635254	-0.059082
164	-0.661621	0.013184
165	-0.628906	0.016602
166	-0.612305	0.016602
167	-0.638672	0.104492
168	-0.662598	0.032227
169	-0.639648	-0.060547
170	-0.644043	-0.073242
171	-0.654297	-0.208984
172	-0.640137	-0.355957
173	-0.638672	-0.285645
174	-0.598633	-0.224121
175	-0.603516	-0.247070
176	-0.607910	-0.281738
177	-0.605957	-0.232422
178	-0.642578	-0.290527
179	-0.637207	-0.422363
180	-0.646484	-0.464355
181	-0.684082	-0.493652
182	-0.633301	-0.417480
183	-0.690430	-0.448242
184	-0.654785	-0.452148
185	-0.662598	-0.452637
186	-0.616699	-0.358887
187	-0.603027	-0.322754
188	-0.604492	-0.333496
189	-0.610840	-0.349121
190	-0.617676	-0.339355
191	-0.603027	-0.222168
192	-0.602051	-0.275391
193	-0.614258	-0.300293
194	-0.599121	-0.191895
195	-0.634766	-0.204590
196	-0.628418	-0.146973
197	-0.632813	-0.170410
198	-0.652832	-0.274414
199	-0.633301	-0.223633
200	-0.622559	-0.046387
201	-0.628906	0.077148
202	-0.642090	0.003906
203	-0.618652	-0.046387
204	-0.627930	-0.008789
205	-0.600098	0.096191
206	-0.644043	0.153320
207	-0.592285	0.138672
208	-0.629883	0.008301
209	-0.626953	0.105469
210	-0.618652	0.076172
211	-0.642578	0.152344
212	-0.656250	0.135254
213	-0.629395	0.123535
214	-0.633789	0.191406
215	-0.644043	0.230469
216	-0.633789	0.204102
217	-0.655762	0.216309
218	-0.638672	0.231445
219	-0.639160	0.264648
220	-0.646973	0.252441
221	-0.641602	0.115234
222	-0.653809	0.217285
223	-0.641602	0.128906
224	-0.619629	0.185547
225	-0.649414	0.278809
226	-0.658203	0.259277
227	-0.673340	0.316895
228	-0.658691	0.216309
229	-0.656738	0.229980
230	-0.630859	0.155762
231	-0.674805	0.147461
232	-0.628418	0.113770
233	-0.630371	0.147949
234	-0.614746	0.136719
235	-0.639648	0.049316
236	-0.602539	-0.006348
237	-0.615723	0.019043
238	-0.579590	-0.009766
239	-0.622559	-0.091309
240	-0.623047	0.032227
241	-0.610840	-0.112793
242	-0.606934	-0.127441
243	-0.617676	-0.086914
244	-0.615723	-0.049316
245	-0.639648	-0.203613
246	-0.637207	-0.208496
247	-0.655273	-0.198730
248	-0.675781	-0.232422
249	-0.655273	-0.327637
250	-0.690918	-0.310059
251	-0.641602	-0.192383
252	-0.632813	-0.277344
253	-0.673340	-0.268555
254	-0.658203	-0.228027
255	-0.633789	-0.264160
256	-0.627441	-0.292480
257	-0.613770	-0.323242
258	-0.633789	-0.316406
259	-0.626465	-0.380371
260	-0.606934	-0.370117
261	-0.591309	-0.225586
262	-0.607910	-0.260254
263	-0.625000	-0.304688
264	-0.640625	-0.373047
265	-0.653809	-0.393066
266	-0.665527	-0.328613
267	-0.642578	-0.360352
268	-0.636719	-0.291992
269	-0.630371	-0.325195
270	-0.669434	-0.497070
271	-0.669434	-0.559082
272	-0.693359	-0.597168
273	-0.647461	-0.571289
274	-0.671387	-0.572754
275	-0.671875	-0.520020
276	-0.683105	-0.559570
277	-0.628906	-0.498047
278	-0.669922	-0.480469
279	-0.687988	-0.493652
280	-0.708008	-0.514160
281	-0.679688	-0.489258
282	-0.664551	-0.518555
283	-0.636719	-0.538086
284	-0.665527	-0.527832
285	-0.644043	-0.528320
286	-0.677734	-0.608887
287	-0.669434	-0.581543
288	-0.671387	-0.592773
289	-0.674805	-0.615234
290	-0.691895	-0.648438
291	-0.671387	-0.607910
292	-0.665039	-0.511719
293	-0.665039	-0.522949
294	-0.622070	-0.415527
295	-0.633789	-0.476074
296	-0.682129	-0.522461
297	-0.645020	-0.523438
298	-0.649414	-0.463379
299	-0.654297	-0.478516
300	-0.665039	-0.514648
301	-0.653809	-0.441895
302	-0.631836	-0.390137
303	-0.633301	-0.420898
304	-0.604004	-0.426270
305	-0.609375	-0.364258
306	-0.635254	-0.399414
307	-0.610352	-0.361816
308	-0.598145	-0.313477
309	-0.605957	-0.298828
310	-0.621094	-0.272949
311	-0.615723	-0.212402
312	-0.629395	-0.208008
313	-0.620605	-0.288086
314	-0.597656	-0.277344
315	-0.597656	-0.282715
316	-0.637207	-0.224609
317	-0.636719	-0.307129
318	-0.652832	-0.334473
319	-0.628906	-0.226563
320	-0.644043	-0.365723
321	-0.658203	-0.239258
322	-0.644043	-0.253418
323	-0.632813	-0.204102
324	-0.626953	-0.215332
325	-0.600586	-0.083008
326	-0.645508	-0.062988
327	-0.633789	-0.155762
328	-0.616211	-0.146484
329	-0.626953	-0.092285
330	-0.576660	-0.045410
331	-0.625977	-0.067383
332	-0.618164	-0.083496
333	-0.627441	0.011719
334	-0.629883	0.000977
335	-0.572754	0.044922
336	-0.606445	0.149414
337	-0.646973	0.141602
338	-0.628906	0.046875
339	-0.622070	0.156250
340	-0.667969	0.260742
341	-0.644043	0.238281
342	-0.637207	0.110352
343	-0.648926	0.203125
344	-0.652832	0.172852
345	-0.669434	0.167480
346	-0.656738	0.111816
347	-0.641113	0.160156
348	-0.638184	0.179199
349	-0.630371	0.091797
350	-0.625000	0.143066
351	-0.632324	0.174805
352	-0.631348	0.102539
353	-0.640137	0.101563
354	-0.661621	0.200684
355	-0.659668	0.323730
356	-0.659668	0.370117
357	-0.615723	0.360352
358	-0.631348	0.422852
359	-0.634766	0.399414
360	-0.643555	0.210938
361	-0.603027	0.142578
362	-0.619629	0.083008
363	-0.597656	0.023438
364	-0.630371	0.014160
365	-0.634277	-0.145996
366	-0.634277	-0.010742
367	-0.622070	0.027344
368	-0.635254	0.008301
369	-0.637207	0.069336
370	-0.609863	0.076172
371	-0.643066	0.018555
372	-0.615723	-0.063965
373	-0.615234	-0.075684
374	-0.625977	-0.043945
375	-0.588867	-0.126465
376	-0.595703	-0.070801
377	-0.580078	0.026855
378	-0.651367	0.135742
379	-0.622559	0.185547
380	-0.640137	0.085938
381	-0.633789	0.098633
382	-0.655273	0.160156
383	-0.670410	0.122070
384	-0.628906	0.108887
385	-0.631348	0.118652
386	-0.666504	0.125977
387	-0.658691	0.068848
388	-0.655273	-0.001465
389	-0.701172	0.027344
390	-0.693359	0.075684
391	-0.654785	0.168945
392	-0.635254	0.165039
393	-0.623047	0.045898
394	-0.626465	0.155762
395	-0.625488	0.213379
396	-0.620117	0.158691
397	-0.604492	0.149902
398	-0.609863	0.089844
399	-0.625488	0.152832
400	-0.645020	0.235840
401	-0.660645	0.197754
402	-0.653320	0.250977
403	-0.648438	0.153809
404	-0.673828	0.228027
405	-0.633789	0.165527
406	-0.617188	0.142090
407	-0.621582	0.028320
408	-0.605957	0.043945
409	-0.621094	0.199707
410	-0.640625	0.186035
411	-0.635742	0.248047
412	-0.645508	0.263672
413	-0.637207	0.276367
414	-0.607910	0.219238
415	-0.615234	0.111328
416	-0.606445	0.127930
417	-0.635742	0.171387
418	-0.615723	0.237305
419	-0.626465	0.145996
420	-0.634766	0.161621
421	-0.641113	0.292969
422	-0.645508	0.273926
423	-0.642090	0.191406
424	-0.638184	0.130859
425	-0.626465	0.122559
426	-0.616699	0.115234
427	-0.609375	0.074707
428	-0.616699	-0.008301
429	-0.588379	-0.076660
430	-0.643555	-0.194824
431	-0.636230	-0.250000
432	-0.654785	-0.161133
433	-0.625000	-0.082520
434	-0.633789	0.055664
435	-0.608887	0.035156
436	-0.668457	-0.029297
437	-0.642578	-0.077637
438	-0.626953	-0.037109
439	-0.617676	0.077148
440	-0.599121	0.094238
441	-0.606445	0.161621
442	-0.625488	0.160156
443	-0.589355	0.160156
444	-0.589355	0.221191
445	-0.604980	0.312012
446	-0.599609	0.301270
447	-0.642578	0.376953
448	-0.649902	0.333496
449	-0.660156	0.322266
450	-0.644043	0.313477
451	-0.615723	0.266602
452	-0.628906	0.229004
453	-0.623535	0.174316
454	-0.622559	0.122070
455	-0.626953	0.048828
456	-0.616211	-0.018066
457	-0.631348	-0.063965
458	-0.616699	-0.056152
459	-0.627441	-0.063965
460	-0.645508	-0.132324
461	-0.656250	-0.071777
462	-0.615234	-0.023438
463	-0.664063	-0.014648
464	-0.616211	0.007813
465	-0.621094	0.061035
466	-0.605469	-0.003418
467	-0.597168	-0.041016
468	-0.640137	-0.017578
469	-0.627930	0.007324
470	-0.622070	-0.060547
471	-0.648926	-0.119629
472	-0.607910	-0.075195
473	-0.609863	-0.080566
474	-0.621094	-0.178711
475	-0.637207	-0.082031
476	-0.641602	-0.149414
477	-0.620605	-0.188965
478	-0.628418	-0.092285
479	-0.624023	-0.114746
480	-0.626465	-0.133789
481	-0.615723	-0.064453
482	-0.612305	-0.186035
483	-0.641602	-0.175781
484	-0.654297	-0.082031
485	-0.631348	-0.004883
486	-0.662109	-0.066406
487	-0.639160	-0.050781
488	-0.598145	-0.067871
489	-0.662109	-0.031738
490	-0.643555	-0.097168
491	-0.638184	-0.138672
492	-0.626465	-0.102051
493	-0.638672	-0.202637
494	-0.640137	-0.223145
495	-0.611816	-0.175781
496	-0.671875	-0.054688
497	-0.675293	0.020508
498	-0.660156	-0.027832
499	-0.636230	-0.002930
500	-0.649414	0.011719
501	-0.639160	-0.035156
502	-0.657715	-0.137207
503	-0.659180	-0.234863
504	-0.663574	-0.005859
505	-0.666992	0.002930
506	-0.668945	0.080078
507	-0.627930	0.081055
508	-0.624512	0.160156
509	-0.607910	0.113770
510	-0.611328	0.148438
511	-0.631836	0.153320
512	-0.615723	0.190430
513	-0.612305	0.145020
514	-0.629395	0.157715
515	-0.615234	0.222656
516	-0.647949	0.319824
517	-0.641113	0.247559
518	-0.625488	0.210938
519	-0.613770	0.295410
520	-0.622559	0.267090
521	-0.651367	0.228516
522	-0.646484	0.309570
523	-0.645508	0.342773
524	-0.615234	0.384766
525	-0.662109	0.417480
526	-0.637695	0.379883
527	-0.649414	0.289063
528	-0.604980	0.295898
529	-0.648438	0.381348
530	-0.629883	0.349609
531	-0.625977	0.335938
532	-0.635254	0.335449
533	-0.610352	0.291504
534	-0.646484	0.245605
535	-0.635742	0.174805
536	-0.642090	0.190918
537	-0.645020	0.041016
538	-0.666504	0.047852
539	-0.652344	0.109863
540	-0.634277	0.101074
541	-0.600586	0.123047
542	-0.607910	0.066406
543	-0.630859	0.154785
544	-0.635742	0.255371
545	-0.640137	0.320313
546	-0.646484	0.364258
547	-0.636230	0.373047
548	-0.639160	0.343262
549	-0.643066	0.339355
550	-0.677246	0.326172
551	-0.645508	0.235840
552	-0.628906	0.237793
553	-0.654785	0.155273
554	-0.615723	0.102051
555	-0.615234	0.182129
556	-0.599609	0.260742
557	-0.642578	0.200684
558	-0.649414	0.182617
559	-0.645508	0.099121
560	-0.642090	0.204590
561	-0.646484	0.169922
562	-0.647949	0.236328
563	-0.632813	0.184570
564	-0.651367	0.203125
565	-0.628906	0.166504
566	-0.647461	0.226074
567	-0.641602	0.204102
568	-0.620117	0.077148
569	-0.624023	0.011230
570	-0.621094	-0.047363
571	-0.681152	-0.011230
572	-0.661621	0.008789
573	-0.635742	-0.062988
574	-0.641113	-0.061035
575	-0.607422	-0.023926
576	-0.653320	-0.081055
577	-0.627930	-0.112305
578	-0.616211	-0.136719
579	-0.625488	-0.010254
580	-0.604004	-0.143066
581	-0.622559	-0.188965
582	-0.599609	-0.107910
583	-0.591309	-0.091309
584	-0.612305	-0.086914
585	-0.628418	-0.220703
586	-0.604492	-0.256836
587	-0.629883	-0.371094
588	-0.657227	-0.467285
589	-0.671387	-0.482910
590	-0.673828	-0.542969
591	-0.662109	-0.436035
592	-0.677246	-0.379883
593	-0.637207	-0.344727
594	-0.687012	-0.360352
595	-0.644531	-0.342773
596	-0.664551	-0.409180
597	-0.637207	-0.376465
598	-0.631348	-0.325195
599	-0.632813	-0.392578
600	-0.615723	-0.371582
601	-0.642090	-0.316406
602	-0.630859	-0.272461
603	-0.629883	-0.132813
604	-0.637695	-0.277344
605	-0.607910	-0.235840
606	-0.665527	-0.184082
607	-0.630371	-0.158691
608	-0.625488	-0.147949
609	-0.617188	-0.184082
610	-0.634766	-0.351074
611	-0.627441	-0.248535
612	-0.638672	-0.231445
613	-0.647949	-0.187500
614	-0.666016	-0.167969
615	-0.628418	0.002930
616	-0.603027	0.095703
617	-0.609375	0.174805
618	-0.634277	0.128906
619	-0.619141	0.085938
620	-0.653320	0.291504
621	-0.642578	0.171875
622	-0.630859	0.158691
623	-0.616211	0.166992
624	-0.612793	0.144043
625	-0.627441	0.221680
626	-0.665527	0.205078
627	-0.644531	0.149414
628	-0.647461	0.157715
629	-0.655273	0.124512
630	-0.639648	0.107422
631	-0.621582	0.228516
632	-0.604980	0.238770
633	-0.634277	0.256348
634	-0.620605	0.250000
635	-0.656738	0.277832
636	-0.638184	0.270508
637	-0.665039	0.337402
638	-0.656738	0.348633
639	-0.642578	0.364258
640	-0.664551	0.435547
641	-0.653320	0.376465
642	-0.649414	0.407227
643	-0.615723	0.433105
644	-0.590332	0.288574
645	-0.585449	0.269531
646	-0.621582	0.232422
647	-0.621094	0.208984
648	-0.647949	0.272461
649	-0.612305	0.197754
650	-0.573242	0.053223
651	-0.573730	0.004883
652	-0.584961	0.040527
653	-0.588867	0.073242
654	-0.633301	0.005371
655	-0.602051	-0.068848
656	-0.611816	-0.069336
657	-0.608887	-0.055664
658	-0.607910	-0.064453
659	-0.632813	-0.019043
660	-0.637695	-0.109863
661	-0.620605	-0.079590
662	-0.656738	-0.085449
663	-0.644043	-0.094727
664	-0.635742	-0.160645
665	-0.637695	-0.057129
666	-0.650391	-0.015137
667	-0.631836	0.056152
668	-0.614258	0.094238
669	-0.620605	-0.124023
670	-0.614746	-0.207031
671	-0.636230	-0.165039
672	-0.650391	-0.128418
673	-0.631348	-0.221191
674	-0.674805	-0.274902
675	-0.665039	-0.265137
676	-0.664551	-0.232422
677	-0.614258	-0.208984
678	-0.660156	-0.199219
679	-0.651855	-0.208984
680	-0.638184	-0.224121
681	-0.643555	-0.376465
682	-0.645508	-0.367188
683	-0.633789	-0.146484
684	-0.661133	-0.208496
685	-0.614258	-0.225098
686	-0.605469	-0.242188
687	-0.613770	-0.242188
688	-0.651367	-0.205078
689	-0.620605	-0.186523
690	-0.638184	-0.293945
691	-0.635254	-0.228516
692	-0.634766	-0.266113
693	-0.625000	-0.253418
694	-0.621582	-0.215332
695	-0.638672	-0.244141
696	-0.677246	-0.300293
697	-0.626953	-0.334473
698	-0.625488	-0.303711
699	-0.659180	-0.357910
700	-0.645508	-0.276855
701	-0.635254	-0.309082
702	-0.648926	-0.175293
703	-0.637207	-0.147949
704	-0.627930	-0.216309
705	-0.626465	-0.228027
706	-0.631836	-0.138672
707	-0.628418	-0.072266
708	-0.617676	-0.078125
709	-0.631836	-0.056152
710	-0.635742	-0.139160
711	-0.634766	-0.177246
712	-0.610352	-0.101074
713	-0.587402	-0.162109
714	-0.591309	-0.197754
715	-0.606934	-0.200684
716	-0.597168	-0.173828
717	-0.599609	-0.116699
718	-0.598145	-0.109863
719	-0.594238	-0.123047
720	-0.608887	-0.152832
721	-0.625000	-0.110352
722	-0.669922	0.048828
723	-0.645020	-0.031738
724	-0.585938	-0.110840
725	-0.641602	-0.075684
726	-0.634277	-0.108887
727	-0.692383	-0.218750
728	-0.664551	-0.323730
729	-0.662598	-0.261230
730	-0.655762	-0.212891
731	-0.670898	-0.232422
732	-0.667969	-0.241699
733	-0.655762	-0.208984
734	-0.613770	-0.109863
735	-0.645508	-0.168457
736	-0.651367	-0.176758
737	-0.653320	-0.127441
738	-0.602539	-0.015625
739	-0.614746	-0.047363
740	-0.618164	0.056152
741	-0.615234	-0.009766
742	-0.624023	-0.063477
743	-0.633301	-0.090820
744	-0.604492	-0.043457
745	-0.605957	0.007324
746	-0.602051	0.062012
747	-0.640137	-0.071777
748	-0.646484	-0.020508
749	-0.633301	-0.123047
750	-0.632324	-0.179199
751	-0.628906	-0.192871
752	-0.621582	-0.070313
753	-0.637207	-0.061523
754	-0.642090	0.030273
755	-0.628418	-0.021484
756	-0.640625	0.119629
757	-0.619629	0.005371
758	-0.627930	-0.049316
759	-0.631348	0.064941
760	-0.611816	-0.065430
761	-0.627930	0.003906
762	-0.608398	0.029785
763	-0.642090	0.031738
764	-0.652344	-0.000488
765	-0.635254	-0.048340
766	-0.632813	-0.011719
767	-0.626465	0.011719
768	-0.626465	0.043945
769	-0.625488	-0.036621
770	-0.608887	-0.074707
771	-0.619629	-0.062988
772	-0.646973	0.013184
773	-0.640625	0.034668
774	-0.632813	0.077637
775	-0.652344	0.035156
776	-0.644043	0.020508
777	-0.650879	-0.022461
778	-0.641113	-0.073242
779	-0.621582	0.004883
780	-0.602539	-0.036621
781	-0.633789	0.050293
782	-0.626953	0.046387
783	-0.640625	0.064453
784	-0.662598	0.164063
785	-0.662109	0.211914
786	-0.648926	0.157227
787	-0.582520	0.118652
788	-0.617676	0.137207
789	-0.632324	0.020508
790	-0.622559	0.160645
791	-0.636230	0.119141
792	-0.608398	0.075684
793	-0.638672	0.112305
794	-0.620605	0.138184
795	-0.642578	0.184570
796	-0.634766	0.154297
797	-0.646484	0.136230
798	-0.632813	0.203125
799	-0.638184	0.185059
800	-0.596680	0.167969
801	-0.622070	0.323242
802	-0.617676	0.239746
803	-0.612305	0.167969
804	-0.604492	0.133301
805	-0.625977	0.186035
806	-0.629883	0.010742
807	-0.607422	0.082520
808	-0.612793	0.050293
809	-0.643066	-0.089844
810	-0.619629	0.052246
811	-0.645996	-0.028320
812	-0.621582	-0.022949
813	-0.624023	0.041992
814	-0.622070	-0.060059
815	-0.615723	-0.146484
816	-0.639648	-0.153809
817	-0.659668	-0.235840
818	-0.651367	-0.132813
819	-0.628906	-0.176270
820	-0.608887	-0.136719
821	-0.624023	-0.202637
822	-0.612793	-0.076172
823	-0.627930	0.025391
824	-0.638184	0.018066
825	-0.647461	-0.016602
826	-0.661621	-0.086914
827	-0.629883	-0.185547
828	-0.636719	-0.212402
829	-0.623047	-0.137695
830	-0.654297	-0.197266
831	-0.665527	-0.232422
832	-0.611816	-0.233398
833	-0.641602	-0.210449
834	-0.624512	-0.219238
835	-0.645996	-0.268555
836	-0.638184	-0.307617
837	-0.620117	-0.245605
838	-0.633789	-0.281250
839	-0.648926	-0.208008
840	-0.671387	-0.197266
841	-0.656250	-0.222168
842	-0.659180	-0.175293
843	-0.663574	-0.086426
844	-0.650391	-0.142090
845	-0.664551	-0.201660
846	-0.658203	-0.314453
847	-0.652832	-0.284180
848	-0.628906	-0.252441
849	-0.624023	-0.192383
850	-0.629395	-0.184082
851	-0.622559	-0.273926
852	-0.600586	-0.125000
853	-0.637695	-0.092773
854	-0.600098	-0.069824
855	-0.608398	-0.128906
856	-0.587402	-0.215332
857	-0.639648	-0.217773
858	-0.618164	-0.106934
859	-0.624023	-0.126953
860	-0.606934	0.001953
861	-0.628906	0.142578
862	-0.607422	0.101074
863	-0.633789	-0.007324
864	-0.627930	0.042480
865	-0.677734	0.047363
866	-0.640625	0.094238
867	-0.649414	0.067383
868	-0.667480	0.060547
869	-0.636719	0.107422
870	-0.647949	0.149414
871	-0.620117	0.105957
872	-0.613770	0.019531
873	-0.625000	-0.060059
874	-0.630371	-0.065918
875	-0.605469	-0.033691
876	-0.577148	-0.124512
877	-0.604004	-0.116211
878	-0.641113	-0.134766
879	-0.627441	-0.115234
880	-0.609375	-0.208008
881	-0.625488	-0.278809
882	-0.603516	-0.207031
883	-0.656738	-0.113281
884	-0.612793	-0.130371
885	-0.630859	-0.162598
886	-0.660156	-0.124512
887	-0.638672	-0.125488
888	-0.646484	-0.113281
889	-0.604980	-0.092773
890	-0.602051	-0.188965
891	-0.643066	-0.229492
892	-0.641602	-0.216309
893	-0.630371	-0.123047
894	-0.604492	-0.217773
895	-0.624023	-0.111328
896	-0.624512	-0.032715
897	-0.589844	-0.108398
898	-0.611816	-0.165039
899	-0.646973	-0.163574
900	-0.655762	-0.224609
901	-0.640625	-0.125977
902	-0.633301	-0.092285
903	-0.619629	-0.164063
904	-0.614746	-0.182617
905	-0.613281	-0.257324
906	-0.631348	-0.217285
907	-0.655273	-0.262207
908	-0.640137	-0.237793
909	-0.600098	-0.203125
910	-0.628906	-0.275391
911	-0.615234	-0.343262
912	-0.606445	-0.404785
913	-0.677246	-0.334473
914	-0.641602	-0.282227
915	-0.659668	-0.441895
916	-0.630371	-0.458984
917	-0.667969	-0.398438
918	-0.647949	-0.346191
919	-0.622559	-0.302734
920	-0.633789	-0.374512
921	-0.648926	-0.417969
922	-0.580078	-0.301270
923	-0.583008	-0.369629
924	-0.619629	-0.378418
925	-0.619141	-0.360840
926	-0.625000	-0.335938
927	-0.666504	-0.376953
928	-0.657227	-0.317871
929	-0.645996	-0.359375
930	-0.638672	-0.442383
931	-0.669922	-0.477539
932	-0.687012	-0.447266
933	-0.670410	-0.344727
934	-0.650879	-0.438965
935	-0.642090	-0.376953
936	-0.666992	-0.359375
937	-0.631348	-0.380371
938	-0.614746	-0.384277
939	-0.630371	-0.455078
940	-0.669922	-0.434570
941	-0.631348	-0.345215
942	-0.584961	-0.308594
943	-0.614746	-0.313477
944	-0.628418	-0.358887
945	-0.613281	-0.315430
946	-0.612793	-0.354004
947	-0.627930	-0.414063
948	-0.642090	-0.471191
949	-0.651855	-0.493164
950	-0.630371	-0.393555
951	-0.614746	-0.388184
952	-0.631836	-0.422852
953	-0.678711	-0.425293
954	-0.667480	-0.394043
955	-0.661621	-0.352539
956	-0.627930	-0.354980
957	-0.646973	-0.393555
958	-0.652832	-0.423340
959	-0.641602	-0.382813
960	-0.671875	-0.532715
961	-0.675293	-0.619141
962	-0.653809	-0.558105
963	-0.658203	-0.471680
964	-0.636719	-0.400391
965	-0.653320	-0.468750
966	-0.630859	-0.434082
967	-0.631348	-0.315430
968	-0.656250	-0.432617
969	-0.632324	-0.375000
970	-0.644531	-0.346191
971	-0.650879	-0.448730
972	-0.657227	-0.545898
973	-0.634766	-0.521484
974	-0.645508	-0.471680
975	-0.647949	-0.462891
976	-0.625000	-0.375977
977	-0.630859	-0.281738
978	-0.616699	-0.212402
979	-0.668457	-0.180664
980	-0.651855	-0.087891
981	-0.655273	-0.210938
982	-0.638672	-0.151367
983	-0.627441	-0.198242
984	-0.637207	-0.219238
985	-0.604004	-0.154297
986	-0.623047	-0.186035
987	-0.617188	-0.130371
988	-0.620117	-0.224609
989	-0.629883	-0.166504
990	-0.605957	-0.227539
991	-0.610352	-0.366211
992	-0.601563	-0.331055
993	-0.617676	-0.358398
994	-0.652344	-0.443848
995	-0.650391	-0.506348
996	-0.658203	-0.401367
997	-0.633301	-0.328613
998	-0.651855	-0.327148
999	-0.669434	-0.306641
