0	-0.101563	0.001953
1	-0.127930	-0.043945
2	-0.126465	0.018066
3	-0.123535	-0.008301
4	-0.118164	-0.039063
5	-0.110840	-0.006836
6	-0.112305	0.028809
7	-0.113281	0.000488
8	-0.112793	0.000000
9	-0.107422	-0.017090
10	-0.087402	-0.014160
11	-0.100586	-0.012695
12	-0.116211	-0.023438
13	-0.114258	-0.032715
14	-0.129883	0.010254
15	-0.102051	-0.012695
16	-0.122070	0.007813
17	-0.103027	0.004395
18	-0.094238	-0.029297
19	-0.109375	-0.009277
20	-0.123047	0.013184
21	-0.109375	0.010254
22	-0.091309	0.020996
23	-0.097656	0.010742
24	-0.103027	-0.023438
25	-0.091797	-0.018555
26	-0.111328	0.003418
27	-0.097168	0.001465
28	-0.094238	0.021973
29	-0.108887	-0.000488
30	-0.117188	-0.000977
31	-0.129395	-0.000488
32	-0.130371	-0.032227
33	-0.113770	-0.000488
34	-0.101074	0.013184
35	-0.110352	-0.023438
36	-0.102539	0.004883
37	-0.104980	-0.005859
38	-0.111328	-0.010742
39	-0.105957	0.020996
40	-0.094238	-0.025879
41	-0.133301	-0.008301
42	-0.113770	0.012207
43	-0.116211	0.041016
44	-0.119141	-0.012695
45	-0.089355	-0.003418
46	-0.107910	-0.019531
47	-0.114746	-0.005859
48	-0.111816	0.004395
49	-0.127441	0.015625
50	-0.113770	-0.008301
51	-0.108398	0.014648
52	-0.101563	-0.016113
53	-0.127930	0.009277
54	-0.108887	-0.029297
55	-0.116211	0.001953
56	-0.116699	0.014160
57	-0.103027	-0.016113
58	-0.102539	0.004395
59	-0.125000	-0.003906
60	-0.132324	0.017578
61	-0.123535	-0.042969
62	-0.113281	-0.001953
63	-0.109863	-0.034180
64	-0.118164	0.039551
65	-0.100098	-0.008789
66	-0.106445	0.042480
67	-0.098633	0.021973
68	-0.088379	-0.014648
69	-0.114258	0.022461
70	-0.116211	0.012207
71	-0.115234	0.007813
72	-0.106934	0.005371
73	-0.116211	0.030273
74	-0.100098	-0.019531
75	-0.111328	0.019531
76	-0.103516	0.002930
77	-0.110840	-0.023926
78	-0.108398	0.030762
79	-0.117676	0.004395
80	-0.125488	-0.018555
81	-0.131348	0.005371
82	-0.093262	-0.011719
83	-0.114258	-0.014160
84	-0.108398	-0.003418
85	-0.111328	-0.004395
86	-0.122070	0.006348
87	-0.103027	0.016113
88	-0.114746	0.011230
89	-0.116211	0.009766
90	-0.118652	-0.009766
91	-0.113281	-0.000977
92	-0.097656	0.037109
93	-0.127441	-0.001953
94	-0.103027	0.009277
95	-0.103027	-0.007813
96	-0.117676	-0.036133
97	-0.103516	0.003418
98	-0.095703	-0.009277
99	-0.127441	-0.019043
100	-0.114258	-0.021484
101	-0.098633	0.019531
102	-0.107422	0.010254
103	-0.102051	-0.018066
104	-0.111816	0.026367
105	-0.104980	0.006348
106	-0.112305	-0.011719
107	-0.110840	0.004395
108	-0.124023	0.006348
109	-0.087891	-0.027832
110	-0.111328	0.032227
111	-0.111328	0.000000
112	-0.107910	0.006348
113	-0.112793	0.017090
114	-0.105957	0.003418
115	-0.091797	0.005371
116	-0.094727	-0.023926
117	-0.104980	0.023438
118	-0.116699	0.029785
119	-0.118164	-0.011719
120	-0.117676	0.000000
121	-0.113281	0.008789
122	-0.104980	-0.037109
123	-0.101563	0.017578
124	-0.092773	-0.003906
125	-0.088379	0.024902
126	-0.078613	-0.026855
127	-0.108887	0.000488
128	-0.091309	0.010742
129	-0.102051	0.023926
130	-0.084961	0.024414
131	-0.108398	-0.024902
132	-0.111816	-0.000977
133	-0.095215	0.043945
134	-0.101074	0.001465
135	-0.115234	0.029297
136	-0.100098	-0.011719
137	-0.094238	-0.007324
138	-0.119141	0.000488
139	-0.106934	-0.000977
140	-0.118652	-0.014648
141	-0.108398	0.001465
142	-0.100098	0.011230
143	-0.114258	-0.021973
144	-0.121094	0.006348
145	-0.104004	0.014648
146	-0.114258	0.017090
147	-0.100098	-0.002930
148	-0.105957	-0.037598
149	-0.108398	-0.014648
150	-0.116699	0.006836
151	-0.111816	0.000488
152	-0.112305	-0.008301
153	-0.099609	0.044434
154	-0.099609	0.015625
155	-0.106934	0.003418
156	-0.101563	-0.012207
157	-0.104492	-0.022949
158	-0.102051	0.038574
159	-0.104980	-0.011230
160	-0.110840	0.024902
161	-0.106934	-0.030762
162	-0.105469	0.015137
163	-0.094238	-0.004395
164	-0.093750	0.023926
165	-0.098633	0.013184
166	-0.112305	0.011719
167	-0.092773	0.003906
168	-0.096191	-0.030273
169	-0.104980	0.006348
170	-0.117188	-0.007324
171	-0.111328	-0.008301
172	-0.120605	0.020508
173	-0.120117	0.017578
174	-0.123047	0.000488
175	-0.089844	0.003906
176	-0.097168	0.020996
177	-0.108887	-0.024414
178	-0.102539	0.005859
179	-0.099121	-0.001465
180	-0.100586	-0.018066
181	-0.100586	-0.034180
182	-0.076660	0.003418
183	-0.103516	-0.018066
184	-0.115234	0.009766
185	-0.104004	0.000977
186	-0.102051	-0.008789
187	-0.090820	-0.032227
188	-0.102051	0.040527
189	-0.103516	0.007813
190	-0.100586	0.000488
191	-0.117676	-0.005371
192	-0.126465	-0.001465
193	-0.105957	-0.004883
194	-0.113281	0.008301
195	-0.109863	-0.011230
196	-0.108398	0.008789
197	-0.094727	-0.008301
198	-0.125000	-0.022949
199	-0.104492	-0.021973
200	-0.108398	-0.009277
201	-0.111328	-0.003418
202	-0.110352	-0.000977
203	-0.086914	-0.016602
204	-0.134277	0.002930
205	-0.128906	0.017090
206	-0.100098	0.016602
207	-0.089355	-0.019531
208	-0.093750	-0.022949
209	-0.124023	-0.031738
210	-0.116699	0.009766
211	-0.108887	-0.009766
212	-0.088379	-0.017090
213	-0.079590	-0.001953
214	-0.091797	-0.005859
215	-0.105469	-0.002441
216	-0.088379	-0.002930
217	-0.107910	-0.023926
218	-0.108398	0.005371
219	-0.112793	0.033691
220	-0.112793	0.015137
221	-0.112305	0.000977
222	-0.114746	0.003418
223	-0.096680	-0.021484
224	-0.100098	0.031250
225	-0.110840	0.000488
226	-0.104980	0.002930
227	-0.094238	0.011230
228	-0.096191	-0.011230
229	-0.107422	0.019531
230	-0.096191	0.004883
231	-0.109863	-0.002930
232	-0.141602	0.030762
233	-0.153809	0.010742
234	-0.134766	0.033203
235	-0.119141	-0.020996
236	-0.107422	0.011230
237	-0.120117	-0.007813
238	-0.129395	0.003906
239	-0.102051	0.024902
240	-0.101074	0.004883
241	-0.114746	0.000488
242	-0.107910	-0.014648
243	-0.094238	-0.019043
244	-0.099121	-0.011719
245	-0.099609	-0.007324
246	-0.108398	0.002930
247	-0.113281	0.020020
248	-0.118652	-0.019043
249	-0.110352	0.000977
250	-0.124512	0.002441
251	-0.111816	0.044434
252	-0.121094	-0.005859
253	-0.114258	-0.015137
254	-0.112793	-0.008301
255	-0.100586	-0.016113
256	-0.117188	-0.001953
257	-0.106445	0.005371
258	-0.113770	-0.016113
259	-0.124023	0.004395
260	-0.091309	-0.006836
261	-0.116211	-0.021484
262	-0.111328	-0.013672
263	-0.099121	0.003906
264	-0.085449	-0.001465
265	-0.106445	-0.005371
266	-0.126465	0.019531
267	-0.091309	0.005859
268	-0.101563	0.017090
269	-0.120605	0.017090
270	-0.098633	-0.005371
271	-0.112793	-0.008301
272	-0.109375	-0.021973
273	-0.096680	0.022461
274	-0.107422	-0.038086
275	-0.103027	-0.016113
276	-0.103027	0.007813
277	-0.110352	-0.013184
278	-0.123535	-0.001465
279	-0.093750	-0.003906
280	-0.085938	0.001465
281	-0.095703	-0.044922
282	-0.093750	0.001953
283	-0.095703	-0.015137
284	-0.105469	-0.003418
285	-0.099121	-0.002441
286	-0.093262	0.018555
287	-0.094727	-0.018066
288	-0.109863	-0.031250
289	-0.094727	0.025391
290	-0.108887	0.034180
291	-0.127441	0.003906
292	-0.101563	-0.014160
293	-0.114258	-0.003418
294	-0.103027	-0.020020
295	-0.114258	-0.024902
296	-0.096191	-0.015137
297	-0.098633	-0.025879
298	-0.107422	0.020020
299	-0.102539	-0.020020
300	-0.114258	0.042480
301	-0.102051	-0.029785
302	-0.094238	0.011230
303	-0.107910	-0.028320
304	-0.106934	0.012695
305	-0.105957	-0.000977
306	-0.075195	-0.020996
307	-0.108887	0.003906
308	-0.102539	-0.007324
309	-0.108398	0.033691
310	-0.094727	-0.041016
311	-0.115723	-0.025391
312	-0.093262	0.005371
313	-0.109863	0.039063
314	-0.114258	-0.044922
315	-0.119141	-0.018066
316	-0.108398	0.026855
317	-0.112793	0.014648
318	-0.109375	-0.005371
319	-0.125488	0.020020
320	-0.111328	-0.023926
321	-0.097656	-0.008789
322	-0.110840	-0.041992
323	-0.129883	0.008301
324	-0.084473	0.016602
325	-0.102539	0.011230
326	-0.098145	0.020508
327	-0.105957	0.003418
328	-0.090820	0.012695
329	-0.100586	0.029785
330	-0.087402	-0.000977
331	-0.094238	0.019531
332	-0.084473	-0.009277
333	-0.110352	0.009277
334	-0.109375	-0.023438
335	-0.094727	0.027344
336	-0.101563	0.006836
337	-0.090332	0.000488
338	-0.103516	-0.000488
339	-0.115234	0.007813
340	-0.098633	0.008789
341	-0.105469	0.054688
342	-0.100098	0.009766
343	-0.105469	0.015625
344	-0.085938	-0.014648
345	-0.098145	0.017090
346	-0.112793	-0.011230
347	-0.102051	0.038574
348	-0.097168	0.033203
349	-0.108887	-0.022949
350	-0.108887	0.006348
351	-0.104980	-0.013672
352	-0.094238	-0.002441
353	-0.109375	0.012207
354	-0.122070	0.030273
355	-0.109375	0.003906
356	-0.122559	-0.007813
357	-0.117676	0.012207
358	-0.099609	0.020508
359	-0.104004	-0.015137
360	-0.131836	0.038574
361	-0.108398	0.003418
362	-0.124023	-0.008301
363	-0.105957	-0.008789
364	-0.125000	-0.006348
365	-0.097168	0.005371
366	-0.115723	-0.014160
367	-0.118164	0.018066
368	-0.102051	-0.024414
369	-0.099609	-0.011719
370	-0.120117	-0.021484
371	-0.111816	-0.018066
372	-0.115234	0.040039
373	-0.125000	-0.002441
374	-0.117188	-0.013184
375	-0.102539	0.030762
376	-0.104492	0.015625
377	-0.106934	0.011719
378	-0.106934	-0.009766
379	-0.125977	-0.017578
380	-0.134277	-0.005371
381	-0.118164	0.019043
382	-0.103516	-0.004883
383	-0.116211	-0.004883
384	-0.110352	-0.002441
385	-0.109863	0.002930
386	-0.094727	-0.043945
387	-0.111816	-0.013184
388	-0.089844	0.008789
389	-0.107910	-0.013672
390	-0.109863	-0.003418
391	-0.139648	-0.024414
392	-0.111816	0.021484
393	-0.104980	0.015137
394	-0.084961	0.009277
395	-0.099121	0.013672
396	-0.117188	-0.024902
397	-0.116211	0.006836
398	-0.109375	-0.025879
399	-0.107910	0.010254
400	-0.126953	-0.008789
401	-0.113281	-0.010742
402	-0.127441	0.004395
403	-0.112305	0.025391
404	-0.116699	0.003418
405	-0.124512	-0.053223
406	-0.117188	0.005371
407	-0.100098	0.019043
408	-0.108887	-0.021973
409	-0.123535	-0.025879
410	-0.123047	-0.024902
411	-0.099121	0.006348
412	-0.100586	0.014648
413	-0.108398	-0.016113
414	-0.104492	0.025879
415	-0.104492	0.032227
416	-0.123535	-0.004395
417	-0.101563	-0.024414
418	-0.107422	-0.008301
419	-0.111328	-0.042969
420	-0.098633	0.012207
421	-0.095703	-0.001465
422	-0.117188	0.019043
423	-0.104980	-0.013184
424	-0.106445	-0.007324
425	-0.112793	-0.005859
426	-0.103027	-0.025391
427	-0.123047	0.020020
428	-0.104004	-0.022461
429	-0.102051	-0.031738
430	-0.113281	-0.027832
431	-0.118164	-0.013184
432	-0.113281	0.031250
433	-0.099609	-0.005859
434	-0.088379	-0.004883
435	-0.102051	-0.022949
436	-0.108398	0.019043
437	-0.112793	0.009277
438	-0.108398	0.003418
439	-0.109863	0.000000
440	-0.110352	0.026367
441	-0.114258	-0.005371
442	-0.112793	0.009766
443	-0.101563	-0.002441
444	-0.111816	-0.012207
445	-0.106934	-0.031738
446	-0.125000	0.024414
447	-0.117676	0.017090
448	-0.123047	-0.013184
449	-0.113770	-0.011719
450	-0.095215	-0.020020
451	-0.105957	-0.015137
452	-0.114258	0.022461
453	-0.122070	-0.002441
454	-0.113281	0.010254
455	-0.094727	0.030273
456	-0.098633	0.020508
457	-0.103027	-0.008301
458	-0.113281	0.013672
459	-0.117676	-0.011719
460	-0.112793	0.007813
461	-0.098145	0.023438
462	-0.095703	0.057129
463	-0.087891	0.022949
464	-0.113770	0.000488
465	-0.106934	0.016113
466	-0.094238	0.016113
467	-0.119629	-0.009277
468	-0.109375	0.029785
469	-0.106934	0.022461
470	-0.096680	-0.008301
471	-0.095703	0.033691
472	-0.087402	0.010742
473	-0.107422	-0.018066
474	-0.106445	0.006836
475	-0.110840	-0.007324
476	-0.113281	0.018066
477	-0.107910	-0.015625
478	-0.115723	-0.014160
479	-0.097168	0.007324
480	-0.091797	-0.000977
481	-0.110352	-0.000977
482	-0.100586	-0.001465
483	-0.099121	-0.010742
484	-0.103516	-0.012695
485	-0.098145	0.032227
486	-0.113770	-0.003418
487	-0.104492	-0.011230
488	-0.089844	-0.009277
489	-0.100586	-0.009766
490	-0.097656	0.020508
491	-0.111328	-0.034180
492	-0.109863	-0.008301
493	-0.101074	0.023438
494	-0.112305	-0.009277
495	-0.108398	-0.009766
496	-0.099609	0.016602
497	-0.091309	-0.010742
498	-0.107910	0.008789
499	-0.089844	0.009766
500	-0.118652	0.022949
501	-0.117188	0.010254
502	-0.139160	0.030273
503	-0.108887	0.007813
504	-0.105957	-0.001953
505	-0.097656	-0.004395
506	-0.107910	0.008301
507	-0.093262	-0.013184
508	-0.114746	0.010742
509	-0.101074	-0.024414
510	-0.105469	0.000488
511	-0.105957	0.009277
512	-0.119141	-0.034180
513	-0.100586	0.034668
514	-0.118164	0.022461
515	-0.115234	0.012207
516	-0.118652	0.015137
517	-0.113770	-0.005859
518	-0.105957	-0.025391
519	-0.099609	-0.019043
520	-0.114746	-0.002930
521	-0.120117	-0.009766
522	-0.119141	0.013672
523	-0.103027	0.006348
524	-0.117676	0.039063
525	-0.113770	-0.032715
526	-0.117188	-0.004883
527	-0.109863	0.030762
528	-0.123047	-0.052246
529	-0.103516	-0.004395
530	-0.103516	-0.026855
531	-0.116699	0.006836
532	-0.111816	-0.010254
533	-0.106445	-0.004883
534	-0.104492	0.002930
535	-0.110352	0.040527
536	-0.106445	0.000977
537	-0.091309	0.024414
538	-0.112305	0.014160
539	-0.108398	0.002930
540	-0.101563	0.003906
541	-0.105957	0.004883
542	-0.116211	-0.030762
543	-0.104492	-0.008789
544	-0.101563	0.001465
545	-0.098145	-0.000488
546	-0.110840	0.007324
547	-0.102539	-0.020020
548	-0.106934	0.031738
549	-0.119629	-0.032715
550	-0.128906	0.025391
551	-0.125977	0.045410
552	-0.077637	-0.015625
553	-0.116211	-0.017578
554	-0.111328	0.050781
555	-0.114746	-0.036621
556	-0.131348	-0.035645
557	-0.104004	-0.017578
558	-0.097656	0.030762
559	-0.103027	0.008789
560	-0.092285	0.022461
561	-0.105469	-0.011230
562	-0.092285	-0.000977
563	-0.122070	-0.012207
564	-0.107422	0.011230
565	-0.105469	-0.009277
566	-0.093750	-0.001953
567	-0.097656	0.020020
568	-0.115234	-0.013672
569	-0.107422	-0.000977
570	-0.095215	0.025879
571	-0.124512	-0.007324
572	-0.098633	0.037109
573	-0.112793	0.016113
574	-0.113281	0.031738
575	-0.116211	-0.003418
576	-0.110352	-0.015625
577	-0.104980	0.009277
578	-0.103027	0.006348
579	-0.117188	0.041016
580	-0.113770	0.002441
581	-0.108887	-0.019043
582	-0.125000	0.013672
583	-0.121582	-0.040527
584	-0.122070	-0.029297
585	-0.142578	-0.010254
586	-0.117676	0.008301
587	-0.116699	-0.017090
588	-0.104004	-0.003418
589	-0.123535	0.002930
590	-0.117188	0.024902
591	-0.106445	-0.016113
592	-0.091309	-0.010742
593	-0.104492	0.001953
594	-0.103516	0.000977
595	-0.090332	-0.010254
596	-0.110840	-0.032715
597	-0.083984	-0.003418
598	-0.096680	-0.028320
599	-0.089355	0.014648
600	-0.092285	-0.016602
601	-0.103027	0.000488
602	-0.136230	0.023438
603	-0.114746	-0.018555
604	-0.116699	-0.008301
605	-0.102539	0.010742
606	-0.107422	0.032227
607	-0.117188	-0.001465
608	-0.110352	-0.017090
609	-0.083984	-0.001953
610	-0.080078	0.022461
611	-0.107422	0.011719
612	-0.099121	-0.039063
613	-0.091797	-0.014160
614	-0.089355	0.006836
615	-0.114258	-0.012695
616	-0.108398	0.019043
617	-0.096191	-0.013672
618	-0.078613	-0.008301
619	-0.090820	-0.004395
620	-0.100098	-0.009766
621	-0.109375	-0.009766
622	-0.096680	-0.017578
623	-0.104004	-0.006348
624	-0.129395	-0.016113
625	-0.114746	0.003418
626	-0.106934	-0.009277
627	-0.110840	-0.015625
628	-0.120117	0.009277
629	-0.127441	-0.003418
630	-0.108887	0.003418
631	-0.096191	0.003906
632	-0.100586	-0.025879
633	-0.099121	0.019043
634	-0.091309	0.000000
635	-0.128906	-0.005371
636	-0.097168	-0.004395
637	-0.090820	0.006836
638	-0.109863	-0.015625
639	-0.101563	0.031738
640	-0.124023	0.026855
641	-0.115723	-0.055176
642	-0.107910	-0.000488
643	-0.117188	0.019531
644	-0.110352	-0.003906
645	-0.108887	0.009766
646	-0.104980	0.025879
647	-0.109863	0.016602
648	-0.092285	-0.006348
649	-0.110352	-0.015625
650	-0.081055	0.019531
651	-0.093750	-0.003906
652	-0.112793	0.005859
653	-0.095703	0.013184
654	-0.096680	0.005859
655	-0.116211	-0.011719
656	-0.081055	0.007813
657	-0.098145	0.000000
658	-0.120605	-0.027344
659	-0.111816	-0.013184
660	-0.104492	0.012695
661	-0.122559	-0.012207
662	-0.111328	0.011230
663	-0.125977	-0.021973
664	-0.117676	-0.006836
665	-0.101563	-0.001953
666	-0.120605	-0.030762
667	-0.133789	0.022461
668	-0.100098	0.001953
669	-0.104492	0.011230
670	-0.103027	-0.001465
671	-0.115234	0.021973
672	-0.100586	-0.027344
673	-0.120605	0.001465
674	-0.109863	-0.012207
675	-0.099609	-0.012695
676	-0.110352	-0.003418
677	-0.109375	0.009277
678	-0.115234	-0.013672
679	-0.123047	0.016113
680	-0.091797	0.011230
681	-0.114258	-0.019043
682	-0.091797	0.034668
683	-0.118652	-0.019043
684	-0.117676	0.017090
685	-0.103516	-0.011230
686	-0.115234	-0.020996
687	-0.133301	-0.007813
688	-0.124023	0.003418
689	-0.124512	0.015625
690	-0.101563	0.018555
691	-0.101074	-0.003906
692	-0.109375	0.021973
693	-0.111328	-0.037598
694	-0.104492	-0.009766
695	-0.124512	0.034180
696	-0.124023	0.005859
697	-0.131836	0.000488
698	-0.122559	-0.017090
699	-0.113281	0.013184
700	-0.095215	0.024414
701	-0.106445	0.013672
702	-0.107910	-0.012695
703	-0.109375	-0.001465
704	-0.114746	-0.002441
705	-0.106934	-0.014160
706	-0.117188	-0.010742
707	-0.107910	-0.025879
708	-0.122559	-0.008301
709	-0.113770	0.013672
710	-0.107910	-0.001465
711	-0.111328	0.000488
712	-0.105957	-0.010254
713	-0.114258	0.013672
714	-0.095703	-0.010742
715	-0.114258	-0.020508
716	-0.107422	-0.021973
717	-0.122559	0.014160
718	-0.118652	0.014160
719	-0.114258	-0.040039
720	-0.102051	0.022949
721	-0.108398	-0.000488
722	-0.134277	0.035645
723	-0.126953	0.006836
724	-0.092773	-0.005371
725	-0.119629	0.042480
726	-0.098145	-0.006836
727	-0.089355	-0.013672
728	-0.095703	-0.005859
729	-0.120605	0.005371
730	-0.116699	-0.005859
731	-0.139160	0.033203
732	-0.097656	0.000488
733	-0.102051	-0.024414
734	-0.096191	-0.004395
735	-0.100098	-0.005371
736	-0.103027	-0.035156
737	-0.087891	0.007813
738	-0.106934	0.017578
739	-0.104980	-0.003418
740	-0.116699	0.040039
741	-0.105957	0.025391
742	-0.113770	0.010742
743	-0.121094	0.032715
744	-0.108887	-0.004395
745	-0.096191	-0.000488
746	-0.099121	0.004395
747	-0.117676	0.004883
748	-0.123535	0.000488
749	-0.124512	0.018555
750	-0.088867	-0.006836
751	-0.108398	-0.005859
752	-0.120117	0.028809
753	-0.105957	-0.034668
754	-0.122559	-0.029785
755	-0.111816	-0.003418
756	-0.131348	0.029297
757	-0.100098	-0.005859
758	-0.101563	0.008301
759	-0.114258	-0.004395
760	-0.106445	-0.001953
761	-0.112305	-0.030273
762	-0.106445	-0.009277
763	-0.098145	0.013184
764	-0.109375	0.023926
765	-0.108887	-0.005371
766	-0.114258	0.016113
767	-0.084961	-0.001953
768	-0.097168	-0.025391
769	-0.115234	0.031250
770	-0.120605	0.014160
771	-0.096680	0.000000
772	-0.112305	-0.026367
773	-0.135742	0.025879
774	-0.104492	0.008789
775	-0.123047	-0.022949
776	-0.071777	-0.010254
777	-0.102539	-0.007813
778	-0.085938	-0.006348
779	-0.092285	0.007324
780	-0.085938	-0.019043
781	-0.111816	-0.007324
782	-0.109375	-0.000488
783	-0.098633	0.036621
784	-0.124023	0.013184
785	-0.116699	0.019531
786	-0.100098	0.010254
787	-0.104980	-0.020508
788	-0.116211	-0.027344
789	-0.125488	0.048340
790	-0.111328	-0.017090
791	-0.120605	-0.042969
792	-0.098145	0.016113
793	-0.099609	-0.001465
794	-0.120605	0.025391
795	-0.101074	0.020020
796	-0.111328	-0.016602
797	-0.093750	-0.023438
798	-0.106934	0.034668
799	-0.106934	0.020996
800	-0.129883	0.005371
801	-0.132324	-0.018555
802	-0.109375	-0.009766
803	-0.095215	-0.003906
804	-0.095703	0.015625
805	-0.098145	0.000000
806	-0.113770	0.039551
807	-0.112305	0.004395
808	-0.132324	-0.001953
809	-0.141113	-0.021484
810	-0.109863	-0.021484
811	-0.114258	-0.000488
812	-0.119141	-0.017090
813	-0.100098	-0.048340
814	-0.087402	0.030273
815	-0.101563	0.008789
816	-0.100098	-0.016602
817	-0.111328	0.013672
818	-0.105469	-0.012695
819	-0.101074	-0.020996
820	-0.144531	-0.005371
821	-0.105957	0.003906
822	-0.100586	0.018066
823	-0.091797	0.039551
824	-0.087891	0.003906
825	-0.095703	-0.000488
826	-0.103516	0.017578
827	-0.101563	0.006348
828	-0.103516	-0.019531
829	-0.093262	-0.000488
830	-0.090332	-0.010742
831	-0.095215	-0.014160
832	-0.103516	-0.022461
833	-0.110840	0.004395
834	-0.117188	-0.024902
835	-0.109375	-0.033203
836	-0.099121	0.038574
837	-0.102539	0.020996
838	-0.096191	-0.019043
839	-0.097656	0.033203
840	-0.097656	0.000488
841	-0.099609	0.011230
842	-0.115723	0.020508
843	-0.124023	0.025879
844	-0.117676	0.035645
845	-0.113281	-0.022461
846	-0.111816	-0.016602
847	-0.116211	0.011719
848	-0.125977	-0.003418
849	-0.110352	-0.015625
850	-0.116211	0.021484
851	-0.107422	0.001953
852	-0.097168	-0.001953
853	-0.121094	-0.016602
854	-0.120117	-0.003418
855	-0.116211	0.003906
856	-0.105957	-0.030273
857	-0.085449	-0.000977
858	-0.117676	0.006836
859	-0.114746	-0.035156
860	-0.116211	0.017578
861	-0.127930	0.039551
862	-0.116699	-0.028320
863	-0.115723	0.022949
864	-0.111328	0.001465
865	-0.104004	0.018066
866	-0.111328	-0.011719
867	-0.097656	0.009766
868	-0.089844	-0.004883
869	-0.090332	-0.007324
870	-0.094727	0.018555
871	-0.099609	-0.005371
872	-0.111816	-0.013672
873	-0.120117	0.002930
874	-0.122070	-0.017578
875	-0.111328	0.002930
876	-0.117676	-0.013672
877	-0.115234	-0.001953
878	-0.094238	-0.009277
879	-0.102539	-0.006836
880	-0.097168	-0.009277
881	-0.113281	0.015137
882	-0.115234	0.016602
883	-0.101074	0.029297
884	-0.101563	-0.003418
885	-0.085449	-0.010254
886	-0.111816	0.037109
887	-0.125000	0.010254
888	-0.115234	-0.018555
889	-0.099609	0.029297
890	-0.106445	0.009766
891	-0.098633	0.034668
892	-0.103027	-0.004395
893	-0.123535	0.008789
894	-0.122070	0.001953
895	-0.106445	-0.024414
896	-0.106445	-0.030273
897	-0.102539	0.001465
898	-0.106934	0.007813
899	-0.128906	0.014648
900	-0.125488	-0.019043
901	-0.116211	-0.031250
902	-0.117676	-0.008789
903	-0.098145	-0.019531
904	-0.102051	0.009766
905	-0.104980	-0.004395
906	-0.118652	0.013672
907	-0.121094	0.000000
908	-0.105469	0.004395
909	-0.107910	0.009277
910	-0.114746	-0.024414
911	-0.115723	-0.000488
912	-0.110840	-0.003906
913	-0.121094	-0.013672
914	-0.100586	-0.011230
915	-0.096680	0.008301
916	-0.098145	0.020508
917	-0.099609	0.003418
918	-0.119629	-0.001953
919	-0.098145	0.016602
920	-0.102051	-0.025391
921	-0.093262	-0.026367
922	-0.113281	-0.005859
923	-0.099609	0.004395
924	-0.124512	0.000977
925	-0.113770	-0.003906
926	-0.105957	-0.006348
927	-0.115723	-0.002441
928	-0.110352	-0.006836
929	-0.089355	0.018066
930	-0.091797	-0.023926
931	-0.091309	0.029785
932	-0.099609	-0.024902
933	-0.112793	-0.005371
934	-0.119629	0.022949
935	-0.118652	0.021973
936	-0.102539	0.012207
937	-0.107910	-0.010742
938	-0.120117	-0.015137
939	-0.123047	0.022949
940	-0.106445	0.024414
941	-0.102539	-0.021973
942	-0.128418	-0.000488
943	-0.108398	-0.024414
944	-0.106934	0.036133
945	-0.124023	0.002930
946	-0.109375	0.012207
947	-0.096191	-0.031250
948	-0.097168	0.003906
949	-0.104492	-0.004395
950	-0.113281	0.010742
951	-0.099121	0.019531
952	-0.105957	-0.005371
953	-0.114746	0.015137
954	-0.107422	-0.004883
955	-0.096680	0.009766
956	-0.110352	-0.044922
957	-0.105469	0.029785
958	-0.115723	0.026367
959	-0.114258	-0.024414
960	-0.113281	-0.022461
961	-0.109863	-0.033691
962	-0.086914	-0.011719
963	-0.102539	-0.037598
964	-0.102051	-0.023438
965	-0.107910	-0.002441
966	-0.114746	0.028809
967	-0.111816	0.002930
968	-0.115723	0.010742
969	-0.118164	-0.035156
970	-0.105957	0.032227
971	-0.098633	0.000000
972	-0.077148	0.002441
973	-0.102539	0.000488
974	-0.099121	0.009277
975	-0.113281	0.014648
976	-0.112305	-0.003418
977	-0.114746	-0.021484
978	-0.111328	0.019043
979	-0.128418	-0.011719
980	-0.109863	0.035156
981	-0.115723	0.031250
982	-0.137695	-0.013184
983	-0.128906	-0.030762
984	-0.116211	-0.021484
985	-0.108887	-0.043457
986	-0.116699	0.015625
987	-0.109375	0.014160
988	-0.093750	-0.013184
989	-0.101074	-0.025391
990	-0.116211	0.027344
991	-0.115234	0.015625
992	-0.095703	-0.010742
993	-0.096191	-0.013184
994	-0.119629	-0.019043
995	-0.088379	0.006348
996	-0.112793	-0.031250
997	-0.114746	-0.019043
998	-0.119141	-0.026367
999	-0.108887	-0.002930
