0	-0.997559	-0.998535
1	-0.998047	-0.999023
2	-1.000000	-1.000000
3	-0.996094	-0.998047
4	-0.996582	-0.998047
5	-0.998047	-0.999023
6	-0.998047	-0.999023
7	-0.999023	-0.999512
8	-0.996094	-0.998047
9	-0.997070	-0.998535
10	-0.998535	-0.999023
11	-0.996094	-0.998047
12	-0.998047	-0.999023
13	-0.997559	-0.998535
14	-0.998047	-0.999023
15	-1.000000	-1.000000
16	-0.997070	-0.998535
17	-0.997070	-0.998535
18	-0.999023	-0.999512
19	-0.996094	-0.998047
20	-0.999023	-0.999512
21	-0.995117	-0.997559
22	-0.997070	-0.998535
23	-0.999023	-0.999512
24	-0.999023	-0.999512
25	-1.000000	-1.000000
26	-0.999023	-0.999512
27	-0.998047	-0.999023
28	-0.998047	-0.999023
29	-0.996094	-0.998047
30	-0.998047	-0.999023
31	-0.997070	-0.998535
32	-0.998047	-0.999023
33	-0.995117	-0.997559
34	-0.999023	-0.999512
35	-0.997070	-0.998535
36	-0.996094	-0.998047
37	-0.998047	-0.999023
38	-0.999023	-0.999512
39	-0.995117	-0.997070
40	-0.998047	-0.999023
41	-0.998047	-0.999023
42	-0.994141	-0.997070
43	-0.996094	-0.998047
44	-1.000000	-1.000000
45	-0.998047	-0.999023
46	-1.000000	-1.000000
47	-0.997070	-0.998535
48	-0.996094	-0.998047
49	-0.999023	-0.999512
50	-0.998047	-0.999023
51	-0.997070	-0.998535
52	-0.997070	-0.998535
53	-0.998047	-0.999023
54	-0.998047	-0.999023
55	-0.998047	-0.999023
56	-0.997559	-0.998535
57	-0.997070	-0.998535
58	-0.997070	-0.998535
59	-0.992188	-0.996094
60	-0.998047	-0.999023
61	-1.000000	-1.000000
62	-0.994141	-0.996582
63	-0.997070	-0.998535
64	-0.997559	-0.998535
65	-0.998047	-0.999023
66	-0.993164	-0.996582
67	-0.998047	-0.999023
68	-0.999023	-0.999512
69	-1.000000	-1.000000
70	-0.995117	-0.997559
71	-0.996094	-0.998047
72	-0.997070	-0.998535
73	-0.999023	-0.999512
74	-0.995117	-0.997559
75	-0.999023	-0.999512
76	-0.995117	-0.997559
77	-0.999023	-0.999512
78	-0.999023	-0.999512
79	-0.995117	-0.997559
80	-0.992676	-0.996094
81	-0.998047	-0.999023
82	-0.998047	-0.999023
83	-0.996094	-0.998047
84	-0.995605	-0.997559
85	-0.998047	-0.999023
86	-0.995117	-0.997559
87	-0.997070	-0.998535
88	-0.999023	-0.999512
89	-0.999023	-0.999512
90	-0.996582	-0.998047
91	-1.000000	-1.000000
92	-0.998047	-0.999023
93	-0.997070	-0.998535
94	-0.996094	-0.998047
95	-0.997070	-0.998535
96	-0.999023	-0.999512
97	-0.994629	-0.997070
98	-1.000000	-1.000000
99	-0.999023	-0.999512
100	-0.998047	-0.999023
101	-0.997559	-0.998535
102	-0.998047	-0.999023
103	-0.994141	-0.997070
104	-1.000000	-1.000000
105	-0.997070	-0.998535
106	-0.999023	-0.999512
107	-0.999023	-0.999512
108	-0.998047	-0.999023
109	-0.997070	-0.998535
110	-0.999023	-0.999512
111	-0.999023	-0.999512
112	-0.996094	-0.998047
113	-0.998047	-0.999023
114	-0.996582	-0.998047
115	-0.998047	-0.999023
116	-0.994629	-0.997070
117	-0.995605	-0.997559
118	-1.000000	-1.000000
119	-0.998047	-0.999023
120	-0.995605	-0.997559
121	-0.998047	-0.999023
122	-0.999023	-0.999512
123	-0.996094	-0.997559
124	-0.996582	-0.998047
125	-0.996094	-0.998047
126	-0.996582	-0.998047
127	-0.999023	-0.999512
128	-0.998047	-0.999023
129	-0.999023	-0.999512
130	-0.995117	-0.997559
131	-0.994141	-0.997070
132	-0.998047	-0.999023
133	-0.998047	-0.999023
134	-0.998047	-0.999023
135	-0.999023	-0.999512
136	-0.997070	-0.998535
137	-0.998047	-0.999023
138	-0.998047	-0.999023
139	-0.995117	-0.997559
140	-0.999023	-0.999512
141	-0.997070	-0.998535
142	-0.996582	-0.998047
143	-0.997070	-0.998535
144	-0.999023	-0.999512
145	-0.997070	-0.998535
146	-0.997559	-0.998535
147	-0.997559	-0.998535
148	-0.996094	-0.998047
149	-0.994141	-0.997070
150	-0.997070	-0.998535
151	-1.000000	-1.000000
152	-0.997070	-0.998535
153	-0.996094	-0.998047
154	-0.997070	-0.998535
155	-0.999023	-0.999512
156	-0.997070	-0.998535
157	-0.999023	-0.999512
158	-0.996582	-0.998047
159	-0.995605	-0.997559
160	-0.998047	-0.999023
161	-0.997070	-0.998535
162	-0.999023	-0.999512
163	-0.997559	-0.998535
164	-0.999023	-0.999512
165	-0.999023	-0.999512
166	-0.996094	-0.998047
167	-0.998047	-0.999023
168	-0.998047	-0.999023
169	-0.997070	-0.998535
170	-1.000000	-1.000000
171	-0.998047	-0.999023
172	-1.000000	-1.000000
173	-0.997070	-0.998535
174	-0.996094	-0.998047
175	-0.997559	-0.998535
176	-0.997070	-0.998535
177	-0.998047	-0.999023
178	-0.998047	-0.999023
179	-0.999023	-0.999512
180	-0.995117	-0.997559
181	-0.999023	-0.999512
182	-0.996094	-0.998047
183	-0.997070	-0.998535
184	-0.999023	-0.999512
185	-0.998047	-0.999023
186	-0.999023	-0.999512
187	-0.998047	-0.999023
188	-0.998047	-0.999023
189	-0.996582	-0.998047
190	-0.996094	-0.998047
191	-0.997559	-0.998535
192	-0.996094	-0.998047
193	-0.997559	-0.998535
194	-0.999023	-0.999512
195	-0.996094	-0.998047
196	-1.000000	-1.000000
197	-0.998047	-0.999023
198	-0.994141	-0.997070
199	-0.996094	-0.998047
200	-0.999023	-0.999512
201	-0.998047	-0.999023
202	-0.997070	-0.998535
203	-0.997070	-0.998535
204	-0.999023	-0.999512
205	-0.998047	-0.999023
206	-0.998047	-0.999023
207	-0.999023	-0.999512
208	-0.994629	-0.997070
209	-0.997070	-0.998535
210	-0.996094	-0.998047
211	-0.995117	-0.997070
212	-0.999023	-0.999512
213	-0.996094	-0.998047
214	-0.998047	-0.999023
215	-0.997070	-0.998535
216	-0.995117	-0.997559
217	-0.995117	-0.997559
218	-0.999023	-0.999512
219	-0.998047	-0.999023
220	-0.998047	-0.999023
221	-1.000000	-1.000000
222	-0.998535	-0.999023
223	-1.000000	-1.000000
224	-0.999023	-0.999512
225	-0.997070	-0.998535
226	-0.997070	-0.998535
227	-0.996094	-0.998047
228	-0.996094	-0.998047
229	-0.996094	-0.998047
230	-0.997070	-0.998535
231	-0.998047	-0.999023
232	-0.996094	-0.998047
233	-0.999023	-0.999512
234	-1.000000	-1.000000
235	-0.996094	-0.998047
236	-0.997070	-0.998535
237	-0.997070	-0.998535
238	-0.996094	-0.998047
239	-0.998047	-0.999023
240	-0.998047	-0.999023
241	-0.998047	-0.999023
242	-1.000000	-1.000000
243	-0.999023	-0.999512
244	-0.998047	-0.999023
245	-0.997559	-0.998535
246	-0.997070	-0.998535
247	-0.998535	-0.999023
248	-1.000000	-1.000000
249	-1.000000	-1.000000
250	-1.000000	-1.000000
251	-0.997070	-0.998535
252	-0.997070	-0.998535
253	-1.000000	-1.000000
254	-0.996094	-0.998047
255	-0.997070	-0.998535
256	-1.000000	-1.000000
257	-0.994141	-0.997070
258	-0.996094	-0.998047
259	-0.994141	-0.997070
260	-0.998047	-0.999023
261	-0.997070	-0.998535
262	-0.997070	-0.998535
263	-0.998047	-0.999023
264	-0.999023	-0.999512
265	-0.998047	-0.999023
266	-1.000000	-1.000000
267	-0.998047	-0.999023
268	-0.999023	-0.999512
269	-0.997070	-0.998535
270	-1.000000	-1.000000
271	-1.000000	-1.000000
272	-0.999023	-0.999512
273	-0.994141	-0.996582
274	-1.000000	-1.000000
275	-0.997559	-0.998535
276	-0.997070	-0.998535
277	-0.997070	-0.998535
278	-0.997559	-0.998535
279	-0.998047	-0.999023
280	-0.999023	-0.999512
281	-0.999023	-0.999512
282	-0.996094	-0.998047
283	-0.998047	-0.999023
284	-0.998047	-0.999023
285	-0.997070	-0.998535
286	-0.997070	-0.998535
287	-0.996094	-0.998047
288	-0.999023	-0.999512
289	-0.997070	-0.998535
290	-0.999023	-0.999512
291	-0.994141	-0.997070
292	-0.996094	-0.998047
293	-0.997070	-0.998535
294	-0.999023	-0.999512
295	-0.995117	-0.997559
296	-0.999023	-0.999512
297	-1.000000	-1.000000
298	-0.996094	-0.998047
299	-0.997070	-0.998535
300	-1.000000	-1.000000
301	-0.997070	-0.998535
302	-0.996094	-0.998047
303	-0.999023	-0.999512
304	-0.995117	-0.997559
305	-0.998047	-0.999023
306	-0.998047	-0.999023
307	-0.997070	-0.998535
308	-0.999023	-0.999512
309	-0.995117	-0.997559
310	-0.998047	-0.999023
311	-0.999023	-0.999512
312	-0.996094	-0.998047
313	-0.997559	-0.998535
314	-0.997070	-0.998535
315	-0.999023	-0.999512
316	-0.997070	-0.998535
317	-0.995117	-0.997559
318	-0.999023	-0.999512
319	-0.997070	-0.998535
320	-0.998047	-0.999023
321	-0.996094	-0.998047
322	-0.995605	-0.997559
323	-0.994141	-0.997070
324	-0.997070	-0.998535
325	-0.994629	-0.997070
326	-0.999023	-0.999512
327	-0.998047	-0.999023
328	-0.996094	-0.998047
329	-0.996094	-0.998047
330	-0.996094	-0.998047
331	-0.998047	-0.999023
332	-0.998047	-0.999023
333	-0.995117	-0.997559
334	-0.998047	-0.999023
335	-1.000000	-1.000000
336	-0.997070	-0.998535
337	-0.999023	-0.999512
338	-0.996094	-0.998047
339	-0.997070	-0.998535
340	-0.995117	-0.997559
341	-1.000000	-1.000000
342	-0.998047	-0.999023
343	-1.000000	-1.000000
344	-1.000000	-1.000000
345	-0.997070	-0.998535
346	-0.998047	-0.999023
347	-0.993164	-0.996094
348	-0.997070	-0.998535
349	-0.998047	-0.999023
350	-0.996094	-0.998047
351	-0.998047	-0.999023
352	-0.992188	-0.995605
353	-0.999023	-0.999512
354	-0.995117	-0.997559
355	-0.996094	-0.998047
356	-0.999023	-0.999512
357	-1.000000	-1.000000
358	-0.997070	-0.998535
359	-0.999023	-0.999512
360	-0.999023	-0.999512
361	-0.997070	-0.998535
362	-0.995117	-0.997559
363	-0.996094	-0.998047
364	-0.995605	-0.996582
365	-0.996094	-0.998047
366	-1.000000	-1.000000
367	-0.996582	-0.998047
368	-0.997070	-0.998535
369	-0.998047	-0.999023
370	-0.999023	-0.999512
371	-0.999023	-0.999512
372	-0.998047	-0.999023
373	-0.996094	-0.998047
374	-0.998047	-0.999023
375	-0.998047	-0.999023
376	-0.997070	-0.998535
377	-0.996094	-0.998047
378	-0.996582	-0.998047
379	-0.996094	-0.998047
380	-0.998047	-0.999023
381	-0.998047	-0.999023
382	-1.000000	-1.000000
383	-0.998047	-0.999023
384	-0.998047	-0.999023
385	-0.999023	-0.999512
386	-0.996094	-0.998047
387	-0.998047	-0.999023
388	-0.997070	-0.998535
389	-0.998047	-0.999023
390	-0.996094	-0.998047
391	-0.999023	-0.999512
392	-0.996094	-0.997559
393	-0.996094	-0.998047
394	-0.998047	-0.999023
395	-1.000000	-1.000000
396	-0.999023	-0.999512
397	-0.996094	-0.998047
398	-0.996094	-0.998047
399	-1.000000	-1.000000
400	-0.995117	-0.997559
401	-0.998535	-0.999023
402	-0.999023	-0.999512
403	-0.997070	-0.998535
404	-0.998047	-0.999023
405	-0.998047	-0.999023
406	-0.999023	-0.999512
407	-0.999023	-0.999512
408	-0.998535	-0.999023
409	-0.997070	-0.998535
410	-0.992188	-0.996094
411	-0.998047	-0.999023
412	-1.000000	-1.000000
413	-0.999023	-0.999512
414	-0.997070	-0.998535
415	-0.996094	-0.998047
416	-0.997070	-0.998535
417	-0.997070	-0.998535
418	-0.998047	-0.999023
419	-0.998047	-0.999023
420	-0.999023	-0.999512
421	-0.996094	-0.998047
422	-1.000000	-1.000000
423	-0.999023	-0.999512
424	-0.998047	-0.999023
425	-0.996582	-0.998047
426	-0.998047	-0.999023
427	-0.998047	-0.999023
428	-0.999023	-0.999512
429	-0.998047	-0.999023
430	-0.997070	-0.998535
431	-0.998047	-0.999023
432	-0.998047	-0.999023
433	-0.995117	-0.997559
434	-0.996094	-0.998047
435	-0.995605	-0.997559
436	-0.995605	-0.997559
437	-0.998047	-0.999023
438	-1.000000	-1.000000
439	-0.998047	-0.999023
440	-0.998047	-0.999023
441	-0.999023	-0.999512
442	-0.999023	-0.999512
443	-0.998047	-0.999023
444	-0.998047	-0.999023
445	-0.997070	-0.998535
446	-0.998047	-0.999023
447	-0.995117	-0.997559
448	-0.998047	-0.999023
449	-0.996094	-0.998047
450	-0.999023	-0.999512
451	-0.999023	-0.999512
452	-0.997070	-0.998535
453	-0.999023	-0.999512
454	-1.000000	-1.000000
455	-0.996094	-0.998047
456	-0.996582	-0.998047
457	-0.999023	-0.999512
458	-0.998047	-0.999023
459	-0.995117	-0.997559
460	-0.998047	-0.999023
461	-0.997070	-0.998535
462	-0.997070	-0.998535
463	-0.999023	-0.999512
464	-0.997070	-0.998535
465	-0.997070	-0.998535
466	-0.996582	-0.998047
467	-0.999023	-0.999512
468	-0.998047	-0.999023
469	-0.997070	-0.998535
470	-0.998047	-0.999023
471	-0.996094	-0.998047
472	-0.997070	-0.998535
473	-0.995117	-0.997559
474	-0.999023	-0.999512
475	-0.998535	-0.999023
476	-0.996582	-0.998047
477	-0.999023	-0.999512
478	-0.996094	-0.998047
479	-0.998047	-0.999023
480	-0.998047	-0.999023
481	-0.998047	-0.999023
482	-0.995117	-0.997559
483	-0.998047	-0.999023
484	-0.999023	-0.999512
485	-0.999023	-0.999512
486	-0.998047	-0.999023
487	-0.999023	-0.999512
488	-0.998047	-0.999023
489	-0.998047	-0.999023
490	-0.993652	-0.996582
491	-0.996094	-0.998047
492	-0.996582	-0.998047
493	-0.998047	-0.999023
494	-0.998047	-0.999023
495	-0.999023	-0.999512
496	-0.997070	-0.998535
497	-0.997070	-0.998535
498	-0.997070	-0.998535
499	-0.999023	-0.999512
500	-0.996094	-0.998047
501	-0.997070	-0.998535
502	-0.997070	-0.998535
503	-0.998047	-0.999023
504	-0.997070	-0.998535
505	-0.997559	-0.998535
506	-0.998047	-0.999023
507	-0.998047	-0.999023
508	-0.998047	-0.999023
509	-1.000000	-1.000000
510	-0.995605	-0.997559
511	-0.992676	-0.996094
512	-0.999023	-0.999512
513	-0.998047	-0.999023
514	-0.995605	-0.997559
515	-0.996094	-0.998047
516	-0.996094	-0.998047
517	-0.996094	-0.998047
518	-0.995605	-0.997559
519	-0.999023	-0.999512
520	-0.999023	-0.999512
521	-0.999023	-0.999512
522	-0.999023	-0.999512
523	-0.995117	-0.997559
524	-0.998047	-0.999023
525	-0.998047	-0.999023
526	-0.996094	-0.998047
527	-0.995117	-0.997559
528	-0.998047	-0.999023
529	-0.996094	-0.998047
530	-0.999023	-0.999512
531	-0.998047	-0.999023
532	-0.999023	-0.999512
533	-0.997070	-0.998535
534	-0.999023	-0.999512
535	-0.999023	-0.999512
536	-0.993652	-0.996582
537	-0.998047	-0.999023
538	-0.999023	-0.999512
539	-0.996094	-0.998047
540	-0.997070	-0.998535
541	-0.997559	-0.998535
542	-0.999023	-0.999512
543	-0.999023	-0.999512
544	-0.998047	-0.999023
545	-0.997070	-0.998535
546	-0.996094	-0.998047
547	-0.993164	-0.996582
548	-0.997070	-0.998535
549	-0.996094	-0.998047
550	-0.997070	-0.998535
551	-0.999023	-0.999512
552	-0.998047	-0.999023
553	-0.996094	-0.998047
554	-0.999023	-0.999512
555	-0.999023	-0.999512
556	-0.995117	-0.997559
557	-1.000000	-1.000000
558	-0.997070	-0.998535
559	-0.994629	-0.997070
560	-0.997070	-0.998535
561	-0.998047	-0.999023
562	-1.000000	-1.000000
563	-0.998047	-0.999023
564	-0.999023	-0.999512
565	-0.996094	-0.998047
566	-0.999023	-0.999512
567	-0.998047	-0.999023
568	-0.996582	-0.998047
569	-0.998047	-0.999023
570	-0.997070	-0.998535
571	-0.998047	-0.999023
572	-0.997070	-0.998535
573	-0.996094	-0.998047
574	-0.996094	-0.998047
575	-0.998047	-0.999023
576	-0.997070	-0.998535
577	-0.996094	-0.998047
578	-0.998047	-0.999023
579	-0.995117	-0.997559
580	-0.999023	-0.999512
581	-0.999023	-0.999512
582	-0.996582	-0.998047
583	-0.997070	-0.998535
584	-0.997070	-0.998535
585	-0.998047	-0.999023
586	-0.999023	-0.999512
587	-0.997559	-0.998535
588	-0.996582	-0.998047
589	-0.998047	-0.999023
590	-0.997070	-0.998535
591	-0.998047	-0.999023
592	-0.996094	-0.998047
593	-1.000000	-1.000000
594	-0.999023	-0.999512
595	-0.997070	-0.998535
596	-0.999023	-0.999512
597	-0.998047	-0.999023
598	-0.993164	-0.996582
599	-1.000000	-1.000000
600	-0.997070	-0.998535
601	-0.998047	-0.999023
602	-0.998047	-0.999023
603	-0.998047	-0.999023
604	-0.996094	-0.997559
605	-0.999023	-0.999512
606	-0.997070	-0.998535
607	-0.998047	-0.999023
608	-0.999023	-0.999512
609	-0.999023	-0.999512
610	-0.999023	-0.999512
611	-0.996094	-0.998047
612	-0.997070	-0.998535
613	-0.997559	-0.998535
614	-0.999023	-0.999512
615	-0.999023	-0.999512
616	-0.994629	-0.997070
617	-0.998047	-0.999023
618	-1.000000	-1.000000
619	-0.995117	-0.997559
620	-1.000000	-1.000000
621	-0.998047	-0.999023
622	-0.998047	-0.999023
623	-0.999023	-0.999512
624	-1.000000	-1.000000
625	-1.000000	-1.000000
626	-0.996094	-0.998047
627	-0.999023	-0.999512
628	-0.999023	-0.999512
629	-0.996094	-0.998047
630	-0.999023	-0.999512
631	-1.000000	-1.000000
632	-0.998047	-0.999023
633	-0.998047	-0.999023
634	-1.000000	-1.000000
635	-0.997070	-0.998535
636	-1.000000	-1.000000
637	-0.999023	-0.999512
638	-0.997559	-0.998535
639	-0.996582	-0.998047
640	-0.997070	-0.998535
641	-0.999023	-0.999512
642	-0.998047	-0.999023
643	-0.999023	-0.999512
644	-0.998047	-0.999023
645	-0.998047	-0.999023
646	-0.998047	-0.999023
647	-0.994141	-0.997070
648	-0.998047	-0.999023
649	-0.997070	-0.998535
650	-0.998047	-0.999023
651	-0.996094	-0.998047
652	-0.996094	-0.998047
653	-0.995605	-0.997559
654	-0.998047	-0.999023
655	-0.999023	-0.999512
656	-0.997070	-0.998535
657	-0.997070	-0.998535
658	-0.998047	-0.999023
659	-0.999023	-0.999512
660	-0.996094	-0.998047
661	-0.998047	-0.999023
662	-0.996094	-0.998047
663	-0.997070	-0.998535
664	-0.993652	-0.996094
665	-0.999023	-0.999512
666	-0.995117	-0.997559
667	-0.996094	-0.998047
668	-0.999023	-0.999512
669	-0.994141	-0.997070
670	-0.999023	-0.999512
671	-0.994141	-0.997070
672	-0.999023	-0.999512
673	-0.998047	-0.999023
674	-0.992676	-0.996094
675	-0.999023	-0.999512
676	-0.998047	-0.999023
677	-0.996094	-0.998047
678	-0.996094	-0.998047
679	-0.999023	-0.999512
680	-0.995117	-0.997559
681	-0.998047	-0.999023
682	-0.998047	-0.999023
683	-0.996094	-0.998047
684	-0.998047	-0.999023
685	-0.997070	-0.998535
686	-0.999023	-0.999512
687	-1.000000	-1.000000
688	-0.998047	-0.999023
689	-0.998047	-0.999023
690	-0.995117	-0.997559
691	-0.999023	-0.999512
692	-0.998047	-0.999023
693	-1.000000	-1.000000
694	-0.997070	-0.998535
695	-0.999023	-0.999512
696	-1.000000	-1.000000
697	-0.998047	-0.999023
698	-0.994629	-0.997070
699	-1.000000	-1.000000
700	-0.997070	-0.998535
701	-0.994141	-0.996582
702	-0.999023	-0.999512
703	-0.997070	-0.998535
704	-0.994141	-0.997070
705	-0.996094	-0.998047
706	-0.994141	-0.997070
707	-0.996094	-0.998047
708	-0.999023	-0.999512
709	-0.997070	-0.998535
710	-0.992188	-0.996094
711	-0.998047	-0.999023
712	-0.996094	-0.998047
713	-0.998047	-0.999023
714	-0.996094	-0.998047
715	-0.996094	-0.998047
716	-0.998047	-0.999023
717	-0.996094	-0.998047
718	-0.998047	-0.999023
719	-0.996582	-0.998047
720	-0.998047	-0.999023
721	-0.999023	-0.999512
722	-0.997070	-0.998535
723	-0.998047	-0.999023
724	-0.998047	-0.999023
725	-0.996094	-0.998047
726	-0.996094	-0.998047
727	-0.998047	-0.999023
728	-0.999023	-0.999512
729	-0.999023	-0.999512
730	-0.994141	-0.997070
731	-0.997070	-0.998535
732	-0.994629	-0.997070
733	-0.996094	-0.998047
734	-1.000000	-1.000000
735	-0.995117	-0.997559
736	-0.998535	-0.999023
737	-0.998047	-0.999023
738	-0.997070	-0.998535
739	-0.998047	-0.999023
740	-0.998047	-0.999023
741	-0.997070	-0.998047
742	-0.998047	-0.999023
743	-0.998047	-0.999023
744	-0.997070	-0.998535
745	-0.999023	-0.999512
746	-0.996094	-0.998047
747	-0.997070	-0.998535
748	-0.996582	-0.998047
749	-0.994141	-0.996582
750	-0.999023	-0.999512
751	-0.995605	-0.997559
752	-0.997070	-0.998535
753	-0.998047	-0.999023
754	-0.995117	-0.997559
755	-0.998047	-0.999023
756	-0.997070	-0.998535
757	-0.999023	-0.999512
758	-0.998047	-0.999023
759	-0.996094	-0.998047
760	-0.996094	-0.998047
761	-0.997070	-0.998535
762	-1.000000	-1.000000
763	-0.997070	-0.998535
764	-0.997070	-0.998535
765	-1.000000	-1.000000
766	-0.998047	-0.999023
767	-0.997559	-0.998535
768	-1.000000	-1.000000
769	-0.996094	-0.998047
770	-0.999023	-0.999512
771	-0.995605	-0.997559
772	-0.998047	-0.999023
773	-0.997070	-0.998535
774	-0.999023	-0.999512
775	-0.996094	-0.998047
776	-0.995117	-0.997070
777	-0.999023	-0.999512
778	-0.995117	-0.997559
779	-0.994141	-0.997070
780	-0.993164	-0.996582
781	-0.998047	-0.999023
782	-0.994141	-0.997070
783	-1.000000	-1.000000
784	-0.997070	-0.998535
785	-0.996094	-0.998047
786	-0.999023	-0.999512
787	-0.999023	-0.999512
788	-0.996094	-0.998047
789	-0.998047	-0.999023
790	-0.998047	-0.999023
791	-0.998047	-0.999023
792	-0.996094	-0.998047
793	-0.998047	-0.999023
794	-0.997070	-0.998047
795	-1.000000	-1.000000
796	-0.999023	-0.999512
797	-0.998047	-0.999023
798	-0.995117	-0.997559
799	-0.999023	-0.999512
800	-0.999023	-0.999512
801	-0.997070	-0.998535
802	-0.999023	-0.999512
803	-0.998047	-0.999023
804	-0.997070	-0.998535
805	-1.000000	-1.000000
806	-0.996094	-0.998047
807	-0.996094	-0.998047
808	-0.999023	-0.999512
809	-0.996094	-0.998047
810	-0.996094	-0.998047
811	-0.997070	-0.998535
812	-0.997559	-0.998535
813	-0.999023	-0.999512
814	-0.998047	-0.999023
815	-0.999023	-0.999512
816	-0.994141	-0.997070
817	-0.996094	-0.998047
818	-0.999023	-0.999512
819	-0.998047	-0.999023
820	-0.999023	-0.999512
821	-0.992188	-0.996094
822	-0.997070	-0.998535
823	-1.000000	-1.000000
824	-0.995605	-0.997559
825	-0.997070	-0.998535
826	-0.998047	-0.999023
827	-0.997070	-0.998535
828	-0.995117	-0.997559
829	-0.998047	-0.999023
830	-0.998047	-0.999023
831	-0.995117	-0.997559
832	-0.998047	-0.999023
833	-0.998047	-0.999023
834	-0.998047	-0.999023
835	-0.996094	-0.998047
836	-0.999023	-0.999512
837	-0.998047	-0.999023
838	-0.994141	-0.997070
839	-0.997070	-0.998535
840	-0.994141	-0.997070
841	-0.999023	-0.999512
842	-0.999023	-0.999512
843	-0.999023	-0.999512
844	-0.995117	-0.997559
845	-0.997070	-0.998535
846	-0.999023	-0.999512
847	-0.997070	-0.998535
848	-0.999023	-0.999512
849	-0.998047	-0.999023
850	-0.999023	-0.999512
851	-0.998047	-0.999023
852	-0.995117	-0.997559
853	-0.999023	-0.999512
854	-0.997070	-0.998535
855	-0.997070	-0.998535
856	-0.999023	-0.999512
857	-0.998047	-0.999023
858	-0.999023	-0.999512
859	-0.993652	-0.996582
860	-0.994629	-0.997070
861	-0.998047	-0.999023
862	-1.000000	-1.000000
863	-0.993652	-0.996582
864	-0.998047	-0.999023
865	-0.994629	-0.997070
866	-0.999023	-0.999512
867	-0.999023	-0.999512
868	-0.999023	-0.999512
869	-0.998047	-0.999023
870	-0.997070	-0.998535
871	-0.994141	-0.997070
872	-0.995117	-0.996582
873	-0.998047	-0.999023
874	-0.997070	-0.998535
875	-1.000000	-1.000000
876	-0.996094	-0.998047
877	-0.995117	-0.997559
878	-0.999023	-0.999512
879	-0.996582	-0.998047
880	-0.995117	-0.997559
881	-0.997070	-0.998535
882	-0.998047	-0.999023
883	-0.998047	-0.999023
884	-0.997559	-0.998535
885	-0.997070	-0.998535
886	-0.995117	-0.997559
887	-1.000000	-1.000000
888	-0.999023	-0.999512
889	-0.996094	-0.998047
890	-0.996094	-0.998047
891	-0.997070	-0.998535
892	-1.000000	-1.000000
893	-1.000000	-1.000000
894	-0.996094	-0.998047
895	-0.997070	-0.998535
896	-0.995605	-0.997559
897	-0.997070	-0.998535
898	-0.995117	-0.997559
899	-0.999023	-0.999512
900	-0.998047	-0.999023
901	-0.999023	-0.999512
902	-0.998047	-0.999023
903	-0.997070	-0.998535
904	-0.998047	-0.999023
905	-0.996582	-0.998047
906	-0.995117	-0.997559
907	-0.999023	-0.999512
908	-0.999023	-0.999512
909	-0.995117	-0.997559
910	-0.999023	-0.999512
911	-1.000000	-1.000000
912	-0.998047	-0.999023
913	-0.995117	-0.997559
914	-1.000000	-1.000000
915	-1.000000	-1.000000
916	-0.999023	-0.999512
917	-0.995605	-0.997559
918	-0.998047	-0.999023
919	-0.998047	-0.999023
920	-1.000000	-1.000000
921	-0.995605	-0.997559
922	-0.996094	-0.998047
923	-0.997070	-0.998535
924	-0.999023	-0.999512
925	-0.996094	-0.998047
926	-0.997559	-0.998535
927	-0.998047	-0.999023
928	-1.000000	-1.000000
929	-0.996094	-0.998047
930	-0.998047	-0.999023
931	-0.994141	-0.997070
932	-0.996582	-0.998047
933	-0.996094	-0.998047
934	-0.997070	-0.998535
935	-0.997070	-0.998535
936	-0.999023	-0.999512
937	-0.995117	-0.997559
938	-0.997070	-0.998535
939	-0.997070	-0.998535
940	-0.998047	-0.999023
941	-0.996582	-0.998047
942	-0.998047	-0.999023
943	-0.997070	-0.998535
944	-0.997070	-0.997559
945	-0.999023	-0.999512
946	-0.998047	-0.999023
947	-0.996094	-0.997559
948	-0.996582	-0.998047
949	-0.999023	-0.999512
950	-0.999023	-0.999512
951	-0.999023	-0.999512
952	-0.998047	-0.999023
953	-0.998047	-0.999023
954	-0.995117	-0.997559
955	-0.999023	-0.999512
956	-0.997070	-0.998535
957	-0.997070	-0.998535
958	-0.996094	-0.998047
959	-0.999023	-0.999512
960	-0.998047	-0.999023
961	-0.997559	-0.998535
962	-0.997070	-0.998535
963	-1.000000	-1.000000
964	-1.000000	-1.000000
965	-0.998047	-0.999023
966	-0.996094	-0.998047
967	-0.999023	-0.999512
968	-0.995605	-0.997559
969	-0.997070	-0.998535
970	-0.994141	-0.997070
971	-0.997070	-0.998535
972	-0.997070	-0.998535
973	-1.000000	-1.000000
974	-0.996094	-0.998047
975	-0.997070	-0.998535
976	-0.998047	-0.999023
977	-0.998047	-0.999023
978	-0.997070	-0.998535
979	-0.997070	-0.998535
980	-0.998047	-0.999023
981	-0.996582	-0.998047
982	-0.999023	-0.999512
983	-0.998047	-0.999023
984	-0.996582	-0.998047
985	-0.997070	-0.998535
986	-0.997070	-0.998535
987	-0.996094	-0.998047
988	-0.998047	-0.999023
989	-0.997070	-0.998535
990	-0.995117	-0.997559
991	-0.997070	-0.998535
992	-0.994629	-0.997070
993	-0.998047	-0.999023
994	-0.998047	-0.999023
995	-1.000000	-1.000000
996	-0.998047	-0.999023
997	-0.999023	-0.999512
998	-0.996094	-0.998047
999	-0.996582	-0.998047
