0	-0.843750	-0.906250
1	-0.953125	-0.968750
2	-0.921875	-0.945313
3	-0.945313	-0.968750
4	-0.843750	-0.914063
5	-0.921875	-0.960938
6	-0.859375	-0.906250
7	-0.921875	-0.953125
8	-0.937500	-0.960938
9	-0.968750	-0.984375
10	-0.906250	-0.945313
11	-0.898438	-0.914063
12	-0.960938	-0.976563
13	-0.906250	-0.945313
14	-0.968750	-0.984375
15	-0.875000	-0.914063
16	-0.921875	-0.937500
17	-0.937500	-0.968750
18	-0.921875	-0.953125
19	-0.867188	-0.929688
20	-0.953125	-0.976563
21	-0.921875	-0.960938
22	-0.968750	-0.984375
23	-0.953125	-0.968750
24	-0.929688	-0.960938
25	-0.953125	-0.976563
26	-0.929688	-0.960938
27	-0.914063	-0.945313
28	-0.921875	-0.953125
29	-0.937500	-0.968750
30	-0.984375	-0.992188
31	-0.945313	-0.968750
32	-0.953125	-0.976563
33	-0.898438	-0.937500
34	-0.937500	-0.960938
35	-0.906250	-0.953125
36	-0.984375	-0.992188
37	-0.898438	-0.937500
38	-0.867188	-0.898438
39	-0.945313	-0.968750
40	-0.867188	-0.890625
41	-0.890625	-0.929688
42	-0.921875	-0.953125
43	-0.929688	-0.960938
44	-0.921875	-0.937500
45	-0.929688	-0.960938
46	-0.937500	-0.960938
47	-0.984375	-0.992188
48	-0.921875	-0.960938
49	-0.851563	-0.914063
50	-0.953125	-0.976563
51	-0.953125	-0.968750
52	-0.953125	-0.976563
53	-0.937500	-0.960938
54	-0.929688	-0.960938
55	-0.929688	-0.960938
56	-0.953125	-0.976563
57	-0.984375	-0.992188
58	-0.882813	-0.937500
59	-0.968750	-0.984375
60	-0.859375	-0.898438
61	-0.953125	-0.976563
62	-0.882813	-0.929688
63	-0.890625	-0.906250
64	-0.921875	-0.960938
65	-0.875000	-0.898438
66	-0.945313	-0.968750
67	-0.921875	-0.929688
68	-0.898438	-0.945313
69	-0.882813	-0.929688
70	-0.945313	-0.968750
71	-0.953125	-0.968750
72	-0.937500	-0.968750
73	-0.968750	-0.984375
74	-0.906250	-0.921875
75	-0.921875	-0.937500
76	-0.984375	-0.992188
77	-0.875000	-0.929688
78	-0.953125	-0.968750
79	-0.906250	-0.945313
80	-0.984375	-0.992188
81	-0.921875	-0.953125
82	-0.828125	-0.890625
83	-0.851563	-0.898438
84	-0.960938	-0.976563
85	-0.906250	-0.945313
86	-0.953125	-0.976563
87	-0.953125	-0.976563
88	-0.960938	-0.976563
89	-0.937500	-0.968750
90	-0.953125	-0.976563
91	-0.960938	-0.976563
92	-0.929688	-0.960938
93	-0.921875	-0.953125
94	-0.937500	-0.968750
95	-0.921875	-0.960938
96	-0.984375	-0.992188
97	-0.929688	-0.960938
98	-0.921875	-0.953125
99	-0.906250	-0.937500
100	-0.984375	-0.992188
101	-0.875000	-0.921875
102	-0.890625	-0.937500
103	-0.882813	-0.929688
104	-0.937500	-0.968750
105	-0.937500	-0.968750
106	-0.835938	-0.882813
107	-0.914063	-0.929688
108	-0.906250	-0.945313
109	-0.953125	-0.976563
110	-0.914063	-0.945313
111	-0.953125	-0.976563
112	-0.929688	-0.960938
113	-0.937500	-0.968750
114	-0.851563	-0.906250
115	-0.929688	-0.937500
116	-0.921875	-0.953125
117	-0.984375	-0.992188
118	-0.937500	-0.968750
119	-0.945313	-0.953125
120	-0.906250	-0.945313
121	-0.890625	-0.937500
122	-0.968750	-0.976563
123	-0.937500	-0.968750
124	-0.945313	-0.968750
125	-0.921875	-0.953125
126	-0.890625	-0.929688
127	-0.937500	-0.960938
128	-0.898438	-0.929688
129	-0.929688	-0.960938
130	-0.875000	-0.929688
131	-0.929688	-0.960938
132	-0.921875	-0.960938
133	-0.843750	-0.882813
134	-0.929688	-0.960938
135	-0.929688	-0.960938
136	-1.000000	-1.000000
137	-0.968750	-0.984375
138	-0.890625	-0.914063
139	-0.921875	-0.929688
140	-0.875000	-0.890625
141	-0.882813	-0.937500
142	-0.937500	-0.953125
143	-0.968750	-0.984375
144	-0.906250	-0.945313
145	-0.773438	-0.828125
146	-0.882813	-0.906250
147	-0.898438	-0.945313
148	-0.945313	-0.968750
149	-0.937500	-0.968750
150	-0.968750	-0.984375
151	-0.906250	-0.945313
152	-0.929688	-0.960938
153	-0.937500	-0.968750
154	-0.968750	-0.984375
155	-0.835938	-0.898438
156	-0.968750	-0.984375
157	-0.960938	-0.976563
158	-0.890625	-0.937500
159	-0.898438	-0.937500
160	-0.882813	-0.890625
161	-0.968750	-0.984375
162	-0.937500	-0.968750
163	-0.929688	-0.960938
164	-0.929688	-0.960938
165	-0.906250	-0.945313
166	-0.953125	-0.976563
167	-0.953125	-0.968750
168	-0.875000	-0.914063
169	-0.968750	-0.984375
170	-0.921875	-0.960938
171	-0.898438	-0.898438
172	-0.929688	-0.953125
173	-0.898438	-0.929688
174	-0.937500	-0.960938
175	-0.914063	-0.945313
176	-0.921875	-0.960938
177	-0.898438	-0.945313
178	-0.921875	-0.960938
179	-0.890625	-0.921875
180	-0.976563	-0.984375
181	-0.945313	-0.968750
182	-0.921875	-0.960938
183	-1.000000	-1.000000
184	-0.875000	-0.929688
185	-0.929688	-0.960938
186	-0.984375	-0.992188
187	-0.937500	-0.968750
188	-0.960938	-0.976563
189	-0.906250	-0.882813
190	-0.937500	-0.960938
191	-0.882813	-0.929688
192	-0.929688	-0.960938
193	-0.984375	-0.992188
194	-0.953125	-0.976563
195	-0.945313	-0.968750
196	-0.929688	-0.953125
197	-0.882813	-0.929688
198	-0.820313	-0.875000
199	-0.851563	-0.875000
200	-0.921875	-0.953125
201	-0.843750	-0.882813
202	-0.953125	-0.976563
203	-0.921875	-0.960938
204	-0.898438	-0.937500
205	-1.000000	-1.000000
206	-0.875000	-0.914063
207	-0.937500	-0.968750
208	-0.968750	-0.984375
209	-0.945313	-0.968750
210	-0.937500	-0.953125
211	-0.929688	-0.960938
212	-0.984375	-0.992188
213	-0.898438	-0.929688
214	-0.937500	-0.968750
215	-0.984375	-0.992188
216	-0.968750	-0.984375
217	-0.859375	-0.914063
218	-0.914063	-0.945313
219	-0.984375	-0.992188
220	-0.960938	-0.976563
221	-0.921875	-0.929688
222	-0.945313	-0.968750
223	-0.914063	-0.929688
224	-0.953125	-0.968750
225	-0.968750	-0.984375
226	-0.960938	-0.976563
227	-0.906250	-0.945313
228	-0.929688	-0.960938
229	-0.953125	-0.976563
230	-0.953125	-0.976563
231	-0.898438	-0.945313
232	-0.968750	-0.984375
233	-0.976563	-0.984375
234	-0.882813	-0.914063
235	-0.929688	-0.953125
236	-0.953125	-0.976563
237	-0.921875	-0.953125
238	-0.914063	-0.937500
239	-0.953125	-0.976563
240	-0.906250	-0.945313
241	-0.867188	-0.898438
242	-0.960938	-0.976563
243	-0.890625	-0.921875
244	-1.000000	-1.000000
245	-0.882813	-0.937500
246	-0.906250	-0.945313
247	-0.968750	-0.984375
248	-0.968750	-0.984375
249	-0.929688	-0.960938
250	-0.906250	-0.953125
251	-0.937500	-0.960938
252	-0.921875	-0.953125
253	-0.882813	-0.929688
254	-0.945313	-0.968750
255	-0.914063	-0.945313
256	-0.882813	-0.929688
257	-0.914063	-0.953125
258	-0.945313	-0.968750
259	-0.898438	-0.929688
260	-0.968750	-0.984375
261	-0.953125	-0.976563
262	-0.984375	-0.992188
263	-0.945313	-0.968750
264	-0.890625	-0.937500
265	-0.945313	-0.968750
266	-0.882813	-0.890625
267	-0.953125	-0.976563
268	-0.929688	-0.960938
269	-0.984375	-0.992188
270	-0.898438	-0.945313
271	-0.914063	-0.953125
272	-0.890625	-0.945313
273	-0.914063	-0.953125
274	-0.890625	-0.898438
275	-0.968750	-0.984375
276	-0.953125	-0.976563
277	-0.984375	-0.992188
278	-0.953125	-0.976563
279	-0.953125	-0.968750
280	-0.945313	-0.968750
281	-0.953125	-0.976563
282	-0.984375	-0.992188
283	-0.968750	-0.984375
284	-0.921875	-0.960938
285	-0.929688	-0.960938
286	-0.890625	-0.937500
287	-0.906250	-0.875000
288	-0.984375	-0.992188
289	-0.914063	-0.945313
290	-0.968750	-0.984375
291	-0.984375	-0.992188
292	-0.929688	-0.953125
293	-0.906250	-0.953125
294	-0.976563	-0.984375
295	-0.929688	-0.960938
296	-0.906250	-0.945313
297	-0.851563	-0.914063
298	-0.937500	-0.968750
299	-0.914063	-0.953125
300	-0.914063	-0.953125
301	-0.898438	-0.929688
302	-0.890625	-0.929688
303	-0.921875	-0.953125
304	-0.882813	-0.937500
305	-0.890625	-0.929688
306	-0.953125	-0.976563
307	-0.984375	-0.992188
308	-0.843750	-0.890625
309	-0.898438	-0.945313
310	-0.937500	-0.968750
311	-0.890625	-0.937500
312	-0.968750	-0.984375
313	-0.953125	-0.976563
314	-0.937500	-0.968750
315	-0.929688	-0.960938
316	-0.914063	-0.945313
317	-0.937500	-0.953125
318	-0.968750	-0.984375
319	-0.929688	-0.960938
320	-0.882813	-0.898438
321	-0.906250	-0.937500
322	-0.914063	-0.937500
323	-0.937500	-0.968750
324	-0.921875	-0.960938
325	-0.976563	-0.984375
326	-0.945313	-0.968750
327	-0.953125	-0.976563
328	-0.945313	-0.968750
329	-0.921875	-0.953125
330	-0.945313	-0.968750
331	-0.843750	-0.890625
332	-0.906250	-0.945313
333	-0.984375	-0.992188
334	-0.937500	-0.960938
335	-0.968750	-0.984375
336	-1.000000	-1.000000
337	-0.875000	-0.882813
338	-0.937500	-0.960938
339	-0.921875	-0.960938
340	-0.968750	-0.984375
341	-0.968750	-0.984375
342	-0.937500	-0.960938
343	-0.882813	-0.937500
344	-0.929688	-0.953125
345	-0.921875	-0.953125
346	-0.937500	-0.968750
347	-0.953125	-0.976563
348	-0.867188	-0.921875
349	-0.937500	-0.968750
350	-0.953125	-0.976563
351	-0.937500	-0.960938
352	-0.937500	-0.960938
353	-0.984375	-0.992188
354	-0.757813	-0.812500
355	-0.968750	-0.984375
356	-0.953125	-0.976563
357	-0.906250	-0.945313
358	-0.906250	-0.937500
359	-0.945313	-0.968750
360	-0.937500	-0.968750
361	-0.796875	-0.867188
362	-0.960938	-0.968750
363	-0.906250	-0.945313
364	-0.906250	-0.945313
365	-0.914063	-0.953125
366	-0.921875	-0.960938
367	-0.914063	-0.953125
368	-0.937500	-0.953125
369	-0.914063	-0.953125
370	-0.867188	-0.906250
371	-0.968750	-0.984375
372	-0.867188	-0.921875
373	-0.789063	-0.851563
374	-0.968750	-0.976563
375	-0.929688	-0.960938
376	-0.929688	-0.960938
377	-0.898438	-0.937500
378	-0.968750	-0.984375
379	-0.968750	-0.984375
380	-0.906250	-0.929688
381	-0.937500	-0.968750
382	-0.945313	-0.968750
383	-0.882813	-0.921875
384	-1.000000	-1.000000
385	-0.960938	-0.976563
386	-0.867188	-0.906250
387	-0.945313	-0.968750
388	-0.914063	-0.945313
389	-0.882813	-0.937500
390	-0.914063	-0.953125
391	-0.921875	-0.960938
392	-0.875000	-0.929688
393	-0.929688	-0.960938
394	-0.890625	-0.937500
395	-0.953125	-0.976563
396	-0.875000	-0.921875
397	-0.953125	-0.976563
398	-0.960938	-0.976563
399	-0.953125	-0.976563
400	-0.875000	-0.929688
401	-0.968750	-0.976563
402	-0.945313	-0.968750
403	-0.953125	-0.976563
404	-0.843750	-0.890625
405	-0.875000	-0.921875
406	-0.914063	-0.945313
407	-0.914063	-0.953125
408	-0.984375	-0.992188
409	-0.867188	-0.914063
410	-0.929688	-0.960938
411	-0.953125	-0.976563
412	-0.953125	-0.976563
413	-0.906250	-0.929688
414	-0.914063	-0.953125
415	-0.984375	-0.992188
416	-0.843750	-0.890625
417	-0.898438	-0.945313
418	-0.890625	-0.921875
419	-0.968750	-0.984375
420	-0.914063	-0.953125
421	-0.898438	-0.929688
422	-0.906250	-0.945313
423	-0.906250	-0.953125
424	-0.945313	-0.968750
425	-0.984375	-0.992188
426	-0.953125	-0.968750
427	-0.851563	-0.898438
428	-0.945313	-0.968750
429	-0.937500	-0.968750
430	-0.968750	-0.976563
431	-0.929688	-0.960938
432	-0.882813	-0.929688
433	-0.968750	-0.984375
434	-0.984375	-0.992188
435	-0.906250	-0.953125
436	-0.929688	-0.945313
437	-0.828125	-0.906250
438	-0.890625	-0.937500
439	-0.984375	-0.992188
440	-0.984375	-0.992188
441	-0.968750	-0.984375
442	-0.921875	-0.960938
443	-0.929688	-0.960938
444	-0.882813	-0.929688
445	-0.906250	-0.953125
446	-0.945313	-0.960938
447	-0.906250	-0.953125
448	-0.796875	-0.851563
449	-0.968750	-0.984375
450	-0.906250	-0.953125
451	-0.906250	-0.945313
452	-0.882813	-0.921875
453	-0.937500	-0.968750
454	-0.882813	-0.937500
455	-0.921875	-0.960938
456	-0.921875	-0.960938
457	-0.953125	-0.976563
458	-0.914063	-0.945313
459	-0.914063	-0.945313
460	-0.906250	-0.945313
461	-0.960938	-0.976563
462	-0.937500	-0.960938
463	-0.929688	-0.960938
464	-0.921875	-0.929688
465	-0.984375	-0.992188
466	-0.898438	-0.945313
467	-0.890625	-0.937500
468	-0.984375	-0.992188
469	-0.937500	-0.968750
470	-0.953125	-0.976563
471	-0.953125	-0.976563
472	-0.976563	-0.984375
473	-0.968750	-0.984375
474	-0.867188	-0.890625
475	-0.875000	-0.937500
476	-0.914063	-0.945313
477	-0.945313	-0.968750
478	-0.921875	-0.960938
479	-0.968750	-0.984375
480	-0.968750	-0.984375
481	-0.875000	-0.929688
482	-0.937500	-0.960938
483	-0.929688	-0.960938
484	-0.984375	-0.992188
485	-0.929688	-0.960938
486	-0.875000	-0.914063
487	-0.914063	-0.953125
488	-0.921875	-0.945313
489	-0.859375	-0.914063
490	-0.906250	-0.953125
491	-0.937500	-0.968750
492	-0.882813	-0.929688
493	-0.984375	-0.992188
494	-0.945313	-0.968750
495	-0.921875	-0.953125
496	-0.929688	-0.960938
497	-0.828125	-0.882813
498	-0.953125	-0.968750
499	-0.968750	-0.984375
500	-0.906250	-0.945313
501	-0.875000	-0.921875
502	-0.859375	-0.914063
503	-0.984375	-0.992188
504	-0.921875	-0.960938
505	-0.937500	-0.968750
506	-0.906250	-0.945313
507	-0.968750	-0.984375
508	-0.914063	-0.929688
509	-0.921875	-0.960938
510	-0.953125	-0.968750
511	-0.867188	-0.914063
512	-0.929688	-0.945313
513	-1.000000	-1.000000
514	-0.875000	-0.937500
515	-0.953125	-0.976563
516	-0.937500	-0.968750
517	-0.890625	-0.937500
518	-0.937500	-0.960938
519	-0.984375	-0.992188
520	-0.960938	-0.976563
521	-1.000000	-1.000000
522	-0.921875	-0.960938
523	-0.953125	-0.976563
524	-0.968750	-0.984375
525	-0.968750	-0.984375
526	-0.882813	-0.929688
527	-0.875000	-0.914063
528	-0.960938	-0.976563
529	-0.867188	-0.843750
530	-0.953125	-0.976563
531	-0.890625	-0.937500
532	-0.968750	-0.984375
533	-0.906250	-0.937500
534	-0.929688	-0.960938
535	-0.914063	-0.953125
536	-0.984375	-0.992188
537	-0.937500	-0.968750
538	-0.828125	-0.890625
539	-0.921875	-0.953125
540	-0.921875	-0.960938
541	-0.945313	-0.968750
542	-0.953125	-0.976563
543	-0.929688	-0.960938
544	-0.937500	-0.968750
545	-0.914063	-0.953125
546	-0.929688	-0.953125
547	-0.953125	-0.968750
548	-0.898438	-0.937500
549	-0.945313	-0.960938
550	-0.953125	-0.976563
551	-0.937500	-0.968750
552	-0.921875	-0.953125
553	-0.906250	-0.945313
554	-0.890625	-0.937500
555	-0.914063	-0.953125
556	-0.968750	-0.984375
557	-0.929688	-0.960938
558	-0.914063	-0.945313
559	-0.906250	-0.953125
560	-0.929688	-0.960938
561	-0.929688	-0.960938
562	-0.914063	-0.953125
563	-0.937500	-0.968750
564	-0.914063	-0.953125
565	-0.929688	-0.960938
566	-0.984375	-0.992188
567	-0.968750	-0.984375
568	-0.984375	-0.992188
569	-0.921875	-0.960938
570	-0.929688	-0.960938
571	-0.937500	-0.960938
572	-0.953125	-0.976563
573	-0.898438	-0.945313
574	-0.890625	-0.945313
575	-0.937500	-0.960938
576	-0.890625	-0.937500
577	-0.898438	-0.937500
578	-0.953125	-0.976563
579	-0.945313	-0.968750
580	-0.921875	-0.929688
581	-0.851563	-0.921875
582	-0.921875	-0.960938
583	-0.906250	-0.945313
584	-0.945313	-0.937500
585	-0.937500	-0.968750
586	-0.984375	-0.992188
587	-0.953125	-0.976563
588	-0.906250	-0.945313
589	-0.890625	-0.898438
590	-1.000000	-1.000000
591	-0.875000	-0.898438
592	-0.890625	-0.937500
593	-0.953125	-0.976563
594	-0.882813	-0.929688
595	-0.921875	-0.953125
596	-1.000000	-1.000000
597	-0.906250	-0.937500
598	-0.968750	-0.984375
599	-0.921875	-0.953125
600	-0.898438	-0.937500
601	-0.953125	-0.968750
602	-0.929688	-0.945313
603	-0.914063	-0.953125
604	-0.906250	-0.945313
605	-0.898438	-0.921875
606	-0.937500	-0.968750
607	-0.945313	-0.968750
608	-0.859375	-0.898438
609	-0.984375	-0.992188
610	-0.929688	-0.960938
611	-0.859375	-0.906250
612	-0.890625	-0.906250
613	-0.835938	-0.875000
614	-0.851563	-0.882813
615	-0.984375	-0.992188
616	-0.921875	-0.960938
617	-0.929688	-0.960938
618	-0.882813	-0.937500
619	-0.968750	-0.984375
620	-0.875000	-0.914063
621	-0.914063	-0.953125
622	-0.960938	-0.960938
623	-0.929688	-0.960938
624	-0.984375	-0.992188
625	-0.882813	-0.937500
626	-0.960938	-0.976563
627	-0.929688	-0.960938
628	-0.890625	-0.937500
629	-0.914063	-0.945313
630	-0.867188	-0.921875
631	-0.890625	-0.929688
632	-0.921875	-0.953125
633	-0.929688	-0.960938
634	-0.960938	-0.976563
635	-0.875000	-0.914063
636	-0.882813	-0.929688
637	-0.937500	-0.960938
638	-0.976563	-0.984375
639	-0.875000	-0.929688
640	-0.929688	-0.953125
641	-0.929688	-0.960938
642	-0.953125	-0.976563
643	-0.890625	-0.929688
644	-0.976563	-0.984375
645	-0.937500	-0.953125
646	-0.921875	-0.937500
647	-0.984375	-0.992188
648	-0.914063	-0.953125
649	-0.921875	-0.953125
650	-0.984375	-0.992188
651	-0.968750	-0.984375
652	-0.960938	-0.976563
653	-0.921875	-0.960938
654	-0.906250	-0.953125
655	-0.914063	-0.945313
656	-0.945313	-0.960938
657	-0.968750	-0.984375
658	-1.000000	-1.000000
659	-0.953125	-0.976563
660	-0.968750	-0.984375
661	-0.914063	-0.953125
662	-0.906250	-0.953125
663	-0.914063	-0.945313
664	-0.875000	-0.929688
665	-0.929688	-0.960938
666	-0.882813	-0.937500
667	-0.984375	-0.992188
668	-0.890625	-0.914063
669	-0.921875	-0.960938
670	-0.882813	-0.921875
671	-0.937500	-0.968750
672	-0.937500	-0.960938
673	-0.882813	-0.937500
674	-0.929688	-0.960938
675	-0.882813	-0.929688
676	-0.843750	-0.906250
677	-0.968750	-0.984375
678	-0.875000	-0.921875
679	-0.890625	-0.914063
680	-0.953125	-0.976563
681	-0.960938	-0.976563
682	-0.890625	-0.921875
683	-0.851563	-0.906250
684	-0.968750	-0.984375
685	-0.914063	-0.953125
686	-0.898438	-0.937500
687	-0.929688	-0.953125
688	-0.953125	-0.976563
689	-0.859375	-0.906250
690	-0.945313	-0.968750
691	-0.968750	-0.984375
692	-0.945313	-0.968750
693	-0.921875	-0.960938
694	-0.906250	-0.937500
695	-0.953125	-0.976563
696	-0.984375	-0.992188
697	-0.968750	-0.984375
698	-0.921875	-0.960938
699	-0.984375	-0.992188
700	-1.000000	-1.000000
701	-0.921875	-0.953125
702	-0.929688	-0.960938
703	-0.906250	-0.945313
704	-0.906250	-0.945313
705	-0.906250	-0.953125
706	-0.890625	-0.929688
707	-0.921875	-0.953125
708	-0.968750	-0.984375
709	-0.937500	-0.968750
710	-0.960938	-0.976563
711	-0.945313	-0.968750
712	-0.937500	-0.968750
713	-0.914063	-0.953125
714	-0.953125	-0.976563
715	-0.937500	-0.968750
716	-0.906250	-0.945313
717	-0.968750	-0.984375
718	-0.906250	-0.945313
719	-0.914063	-0.953125
720	-0.937500	-0.968750
721	-0.921875	-0.960938
722	-0.898438	-0.945313
723	-0.953125	-0.968750
724	-0.859375	-0.921875
725	-0.976563	-0.984375
726	-0.968750	-0.984375
727	-0.914063	-0.937500
728	-0.929688	-0.953125
729	-0.921875	-0.937500
730	-0.906250	-0.945313
731	-1.000000	-1.000000
732	-0.914063	-0.945313
733	-0.906250	-0.929688
734	-0.875000	-0.867188
735	-0.937500	-0.968750
736	-0.906250	-0.937500
737	-0.921875	-0.953125
738	-0.953125	-0.976563
739	-0.984375	-0.992188
740	-0.937500	-0.968750
741	-0.968750	-0.984375
742	-0.929688	-0.945313
743	-0.914063	-0.953125
744	-0.937500	-0.968750
745	-0.937500	-0.968750
746	-0.953125	-0.968750
747	-0.914063	-0.945313
748	-0.945313	-0.968750
749	-0.898438	-0.937500
750	-0.921875	-0.945313
751	-0.843750	-0.898438
752	-0.953125	-0.976563
753	-0.968750	-0.984375
754	-0.890625	-0.929688
755	-1.000000	-1.000000
756	-0.835938	-0.882813
757	-0.929688	-0.960938
758	-0.945313	-0.968750
759	-0.914063	-0.945313
760	-0.906250	-0.953125
761	-0.851563	-0.914063
762	-0.929688	-0.960938
763	-0.890625	-0.937500
764	-0.960938	-0.976563
765	-0.960938	-0.976563
766	-0.882813	-0.937500
767	-0.882813	-0.914063
768	-0.960938	-0.976563
769	-0.937500	-0.960938
770	-0.945313	-0.968750
771	-0.968750	-0.984375
772	-0.953125	-0.976563
773	-0.906250	-0.890625
774	-0.921875	-0.953125
775	-0.882813	-0.929688
776	-0.953125	-0.976563
777	-1.000000	-1.000000
778	-0.921875	-0.953125
779	-0.929688	-0.953125
780	-0.906250	-0.953125
781	-0.976563	-0.984375
782	-0.968750	-0.984375
783	-0.921875	-0.960938
784	-0.882813	-0.929688
785	-0.937500	-0.960938
786	-0.882813	-0.921875
787	-0.953125	-0.976563
788	-0.968750	-0.984375
789	-0.898438	-0.937500
790	-0.929688	-0.960938
791	-0.906250	-0.937500
792	-0.953125	-0.976563
793	-0.968750	-0.984375
794	-0.960938	-0.968750
795	-0.945313	-0.968750
796	-0.984375	-0.992188
797	-0.937500	-0.968750
798	-0.937500	-0.968750
799	-0.921875	-0.960938
800	-0.921875	-0.953125
801	-0.921875	-0.953125
802	-0.890625	-0.929688
803	-0.953125	-0.976563
804	-0.937500	-0.968750
805	-0.882813	-0.921875
806	-0.851563	-0.906250
807	-0.921875	-0.953125
808	-0.851563	-0.898438
809	-0.937500	-0.968750
810	-0.890625	-0.945313
811	-0.914063	-0.937500
812	-0.929688	-0.960938
813	-0.937500	-0.960938
814	-0.945313	-0.968750
815	-0.937500	-0.960938
816	-0.968750	-0.984375
817	-0.890625	-0.937500
818	-0.875000	-0.921875
819	-0.937500	-0.960938
820	-0.960938	-0.976563
821	-0.914063	-0.945313
822	-0.968750	-0.984375
823	-0.843750	-0.914063
824	-0.984375	-0.992188
825	-0.968750	-0.984375
826	-0.929688	-0.960938
827	-0.914063	-0.914063
828	-0.984375	-0.992188
829	-0.960938	-0.976563
830	-0.945313	-0.968750
831	-0.960938	-0.976563
832	-0.921875	-0.945313
833	-0.945313	-0.960938
834	-0.875000	-0.921875
835	-0.914063	-0.945313
836	-0.906250	-0.945313
837	-0.898438	-0.914063
838	-0.945313	-0.968750
839	-0.937500	-0.968750
840	-0.898438	-0.929688
841	-0.898438	-0.929688
842	-0.953125	-0.976563
843	-0.906250	-0.937500
844	-0.968750	-0.984375
845	-0.953125	-0.968750
846	-0.914063	-0.953125
847	-0.859375	-0.914063
848	-0.914063	-0.945313
849	-0.914063	-0.945313
850	-0.968750	-0.976563
851	-0.968750	-0.984375
852	-0.921875	-0.945313
853	-0.921875	-0.953125
854	-1.000000	-1.000000
855	-0.914063	-0.937500
856	-0.921875	-0.960938
857	-0.984375	-0.992188
858	-0.968750	-0.984375
859	-0.968750	-0.984375
860	-0.984375	-0.992188
861	-0.960938	-0.976563
862	-0.984375	-0.992188
863	-0.968750	-0.984375
864	-0.828125	-0.898438
865	-0.898438	-0.937500
866	-0.937500	-0.968750
867	-0.906250	-0.945313
868	-0.921875	-0.953125
869	-0.945313	-0.953125
870	-0.945313	-0.968750
871	-0.953125	-0.976563
872	-0.843750	-0.898438
873	-0.984375	-0.992188
874	-0.882813	-0.914063
875	-0.898438	-0.937500
876	-0.898438	-0.945313
877	-0.890625	-0.945313
878	-0.953125	-0.976563
879	-0.914063	-0.953125
880	-0.898438	-0.945313
881	-0.953125	-0.976563
882	-0.960938	-0.976563
883	-0.882813	-0.937500
884	-0.867188	-0.898438
885	-0.906250	-0.937500
886	-0.882813	-0.929688
887	-0.929688	-0.960938
888	-0.953125	-0.968750
889	-0.968750	-0.984375
890	-0.984375	-0.992188
891	-0.968750	-0.984375
892	-0.914063	-0.953125
893	-0.953125	-0.968750
894	-0.937500	-0.960938
895	-0.890625	-0.945313
896	-0.945313	-0.968750
897	-0.953125	-0.976563
898	-0.898438	-0.937500
899	-0.906250	-0.945313
900	-0.906250	-0.945313
901	-0.953125	-0.968750
902	-0.953125	-0.976563
903	-0.953125	-0.976563
904	-0.921875	-0.960938
905	-0.968750	-0.984375
906	-0.914063	-0.953125
907	-0.875000	-0.914063
908	-0.914063	-0.945313
909	-0.960938	-0.976563
910	-0.953125	-0.976563
911	-0.968750	-0.984375
912	-0.859375	-0.914063
913	-0.843750	-0.890625
914	-0.937500	-0.968750
915	-0.953125	-0.976563
916	-0.914063	-0.937500
917	-0.906250	-0.945313
918	-0.859375	-0.875000
919	-0.984375	-0.992188
920	-0.976563	-0.984375
921	-0.906250	-0.945313
922	-0.929688	-0.953125
923	-0.914063	-0.953125
924	-0.960938	-0.976563
925	-0.914063	-0.945313
926	-0.937500	-0.968750
927	-0.929688	-0.960938
928	-0.914063	-0.953125
929	-0.914063	-0.953125
930	-0.968750	-0.984375
931	-0.882813	-0.929688
932	-0.968750	-0.984375
933	-0.921875	-0.960938
934	-0.906250	-0.953125
935	-0.960938	-0.976563
936	-0.843750	-0.890625
937	-0.953125	-0.976563
938	-0.875000	-0.929688
939	-0.937500	-0.968750
940	-0.890625	-0.929688
941	-0.960938	-0.976563
942	-0.953125	-0.976563
943	-0.953125	-0.968750
944	-0.937500	-0.968750
945	-0.781250	-0.843750
946	-0.937500	-0.953125
947	-0.898438	-0.937500
948	-0.921875	-0.960938
949	-0.929688	-0.960938
950	-0.882813	-0.906250
951	-0.968750	-0.984375
952	-0.953125	-0.976563
953	-0.906250	-0.953125
954	-0.921875	-0.945313
955	-0.937500	-0.968750
956	-0.937500	-0.968750
957	-0.953125	-0.976563
958	-0.960938	-0.976563
959	-0.921875	-0.960938
960	-0.906250	-0.945313
961	-0.921875	-0.953125
962	-0.968750	-0.984375
963	-0.945313	-0.968750
964	-0.859375	-0.914063
965	-0.921875	-0.960938
966	-0.953125	-0.976563
967	-0.875000	-0.914063
968	-0.953125	-0.976563
969	-0.914063	-0.953125
970	-0.937500	-0.953125
971	-0.914063	-0.953125
972	-0.851563	-0.890625
973	-0.968750	-0.984375
974	-0.960938	-0.976563
975	-0.921875	-0.960938
976	-0.968750	-0.984375
977	-0.929688	-0.945313
978	-0.898438	-0.937500
979	-0.945313	-0.968750
980	-0.960938	-0.976563
981	-0.890625	-0.937500
982	-0.914063	-0.953125
983	-0.890625	-0.929688
984	-0.937500	-0.960938
985	-0.968750	-0.984375
986	-0.921875	-0.953125
987	-0.984375	-0.992188
988	-0.953125	-0.976563
989	-0.882813	-0.914063
990	-0.890625	-0.937500
991	-0.968750	-0.984375
992	-0.953125	-0.976563
993	-0.914063	-0.937500
994	-0.914063	-0.953125
995	-0.937500	-0.960938
996	-0.906250	-0.945313
997	-0.968750	-0.984375
998	-0.929688	-0.960938
999	-0.960938	-0.976563
