0	-1.000000	-1.000000
1	-1.000000	-1.000000
2	-1.000000	-1.000000
3	-1.000000	-1.000000
4	-0.968750	-0.984375
5	-0.968750	-0.984375
6	-1.000000	-1.000000
7	-0.984375	-0.992188
8	-1.000000	-1.000000
9	-1.000000	-1.000000
10	-0.984375	-0.992188
11	-0.968750	-0.984375
12	-1.000000	-1.000000
13	-1.000000	-1.000000
14	-0.976563	-0.984375
15	-1.000000	-1.000000
16	-0.984375	-0.992188
17	-1.000000	-1.000000
18	-1.000000	-1.000000
19	-0.960938	-0.976563
20	-0.976563	-0.984375
21	-0.984375	-0.992188
22	-0.960938	-0.976563
23	-1.000000	-1.000000
24	-1.000000	-1.000000
25	-1.000000	-1.000000
26	-1.000000	-1.000000
27	-1.000000	-1.000000
28	-1.000000	-1.000000
29	-1.000000	-1.000000
30	-1.000000	-1.000000
31	-1.000000	-1.000000
32	-1.000000	-1.000000
33	-0.984375	-0.992188
34	-1.000000	-1.000000
35	-0.968750	-0.984375
36	-1.000000	-1.000000
37	-0.984375	-0.992188
38	-1.000000	-1.000000
39	-1.000000	-1.000000
40	-1.000000	-1.000000
41	-0.984375	-0.992188
42	-0.953125	-0.976563
43	-1.000000	-1.000000
44	-1.000000	-1.000000
45	-0.968750	-0.984375
46	-0.984375	-0.992188
47	-0.968750	-0.984375
48	-0.984375	-0.992188
49	-1.000000	-1.000000
50	-0.968750	-0.984375
51	-0.984375	-0.992188
52	-1.000000	-1.000000
53	-0.984375	-0.992188
54	-1.000000	-1.000000
55	-0.984375	-0.992188
56	-0.968750	-0.984375
57	-1.000000	-1.000000
58	-1.000000	-1.000000
59	-1.000000	-1.000000
60	-0.984375	-0.992188
61	-0.984375	-0.992188
62	-0.984375	-0.992188
63	-0.960938	-0.976563
64	-1.000000	-1.000000
65	-0.984375	-0.992188
66	-0.984375	-0.992188
67	-1.000000	-1.000000
68	-1.000000	-1.000000
69	-0.984375	-0.992188
70	-0.984375	-0.992188
71	-1.000000	-1.000000
72	-1.000000	-1.000000
73	-0.984375	-0.992188
74	-1.000000	-1.000000
75	-0.968750	-0.984375
76	-0.984375	-0.992188
77	-0.968750	-0.984375
78	-1.000000	-1.000000
79	-1.000000	-1.000000
80	-0.968750	-0.984375
81	-0.984375	-0.992188
82	-0.984375	-0.992188
83	-1.000000	-1.000000
84	-1.000000	-1.000000
85	-0.984375	-0.992188
86	-0.984375	-0.992188
87	-0.960938	-0.976563
88	-1.000000	-1.000000
89	-0.984375	-0.992188
90	-0.984375	-0.992188
91	-1.000000	-1.000000
92	-1.000000	-1.000000
93	-1.000000	-1.000000
94	-0.984375	-0.992188
95	-0.984375	-0.992188
96	-1.000000	-1.000000
97	-1.000000	-1.000000
98	-1.000000	-1.000000
99	-1.000000	-1.000000
100	-1.000000	-1.000000
101	-0.984375	-0.992188
102	-0.960938	-0.976563
103	-1.000000	-1.000000
104	-1.000000	-1.000000
105	-1.000000	-1.000000
106	-1.000000	-1.000000
107	-1.000000	-1.000000
108	-0.976563	-0.984375
109	-0.984375	-0.992188
110	-0.984375	-0.992188
111	-0.968750	-0.984375
112	-0.968750	-0.984375
113	-1.000000	-1.000000
114	-0.976563	-0.984375
115	-1.000000	-1.000000
116	-0.984375	-0.992188
117	-0.984375	-0.992188
118	-1.000000	-1.000000
119	-1.000000	-1.000000
120	-1.000000	-1.000000
121	-1.000000	-1.000000
122	-1.000000	-1.000000
123	-0.921875	-0.960938
124	-0.984375	-0.992188
125	-0.953125	-0.976563
126	-1.000000	-1.000000
127	-0.984375	-0.992188
128	-0.984375	-0.992188
129	-1.000000	-1.000000
130	-0.984375	-0.992188
131	-0.953125	-0.968750
132	-1.000000	-1.000000
133	-0.984375	-0.992188
134	-0.984375	-0.992188
135	-1.000000	-1.000000
136	-0.968750	-0.984375
137	-1.000000	-1.000000
138	-0.968750	-0.984375
139	-1.000000	-1.000000
140	-0.984375	-0.992188
141	-1.000000	-1.000000
142	-0.984375	-0.992188
143	-1.000000	-1.000000
144	-0.968750	-0.984375
145	-1.000000	-1.000000
146	-1.000000	-1.000000
147	-0.960938	-0.976563
148	-1.000000	-1.000000
149	-1.000000	-1.000000
150	-0.984375	-0.992188
151	-1.000000	-1.000000
152	-0.984375	-0.992188
153	-1.000000	-1.000000
154	-0.960938	-0.976563
155	-1.000000	-1.000000
156	-0.984375	-0.992188
157	-1.000000	-1.000000
158	-0.984375	-0.992188
159	-0.984375	-0.992188
160	-0.968750	-0.984375
161	-0.976563	-0.984375
162	-1.000000	-1.000000
163	-0.984375	-0.992188
164	-0.984375	-0.992188
165	-1.000000	-1.000000
166	-1.000000	-1.000000
167	-1.000000	-1.000000
168	-1.000000	-1.000000
169	-1.000000	-1.000000
170	-0.984375	-0.992188
171	-1.000000	-1.000000
172	-1.000000	-1.000000
173	-1.000000	-1.000000
174	-0.984375	-0.992188
175	-1.000000	-1.000000
176	-1.000000	-1.000000
177	-0.960938	-0.976563
178	-0.945313	-0.968750
179	-0.984375	-0.992188
180	-1.000000	-1.000000
181	-0.968750	-0.984375
182	-1.000000	-1.000000
183	-1.000000	-1.000000
184	-0.984375	-0.992188
185	-0.984375	-0.992188
186	-0.968750	-0.984375
187	-0.984375	-0.992188
188	-1.000000	-1.000000
189	-0.984375	-0.992188
190	-0.984375	-0.992188
191	-0.984375	-0.992188
192	-0.984375	-0.992188
193	-0.984375	-0.992188
194	-0.984375	-0.992188
195	-0.984375	-0.992188
196	-1.000000	-1.000000
197	-0.968750	-0.984375
198	-1.000000	-1.000000
199	-1.000000	-1.000000
200	-1.000000	-1.000000
201	-1.000000	-1.000000
202	-1.000000	-1.000000
203	-1.000000	-1.000000
204	-1.000000	-1.000000
205	-1.000000	-1.000000
206	-0.976563	-0.984375
207	-0.968750	-0.984375
208	-1.000000	-1.000000
209	-1.000000	-1.000000
210	-1.000000	-1.000000
211	-0.984375	-0.992188
212	-0.968750	-0.984375
213	-1.000000	-1.000000
214	-1.000000	-1.000000
215	-0.984375	-0.992188
216	-0.984375	-0.992188
217	-0.968750	-0.984375
218	-0.984375	-0.992188
219	-1.000000	-1.000000
220	-1.000000	-1.000000
221	-0.968750	-0.984375
222	-0.984375	-0.992188
223	-1.000000	-1.000000
224	-0.945313	-0.960938
225	-0.984375	-0.992188
226	-0.960938	-0.976563
227	-1.000000	-1.000000
228	-1.000000	-1.000000
229	-0.968750	-0.984375
230	-1.000000	-1.000000
231	-1.000000	-1.000000
232	-0.984375	-0.992188
233	-0.968750	-0.984375
234	-0.968750	-0.984375
235	-0.968750	-0.984375
236	-0.984375	-0.992188
237	-0.984375	-0.992188
238	-0.984375	-0.992188
239	-0.984375	-0.992188
240	-0.984375	-0.992188
241	-1.000000	-1.000000
242	-0.984375	-0.992188
243	-0.984375	-0.992188
244	-0.960938	-0.976563
245	-1.000000	-1.000000
246	-1.000000	-1.000000
247	-1.000000	-1.000000
248	-1.000000	-1.000000
249	-1.000000	-1.000000
250	-0.984375	-0.992188
251	-1.000000	-1.000000
252	-1.000000	-1.000000
253	-0.976563	-0.984375
254	-1.000000	-1.000000
255	-1.000000	-1.000000
256	-1.000000	-1.000000
257	-1.000000	-1.000000
258	-0.984375	-0.992188
259	-1.000000	-1.000000
260	-0.968750	-0.984375
261	-0.976563	-0.984375
262	-0.984375	-0.992188
263	-1.000000	-1.000000
264	-0.984375	-0.992188
265	-0.984375	-0.992188
266	-1.000000	-1.000000
267	-0.984375	-0.992188
268	-1.000000	-1.000000
269	-1.000000	-1.000000
270	-1.000000	-1.000000
271	-0.984375	-0.992188
272	-1.000000	-1.000000
273	-1.000000	-1.000000
274	-1.000000	-1.000000
275	-0.960938	-0.976563
276	-1.000000	-1.000000
277	-0.984375	-0.992188
278	-0.968750	-0.976563
279	-1.000000	-1.000000
280	-0.984375	-0.992188
281	-1.000000	-1.000000
282	-1.000000	-1.000000
283	-1.000000	-1.000000
284	-0.984375	-0.992188
285	-0.968750	-0.984375
286	-1.000000	-1.000000
287	-1.000000	-1.000000
288	-1.000000	-1.000000
289	-1.000000	-1.000000
290	-1.000000	-1.000000
291	-1.000000	-1.000000
292	-1.000000	-1.000000
293	-0.984375	-0.992188
294	-0.984375	-0.992188
295	-1.000000	-1.000000
296	-1.000000	-1.000000
297	-1.000000	-1.000000
298	-1.000000	-1.000000
299	-0.953125	-0.976563
300	-0.984375	-0.992188
301	-0.984375	-0.992188
302	-0.984375	-0.992188
303	-0.968750	-0.984375
304	-0.984375	-0.992188
305	-1.000000	-1.000000
306	-0.984375	-0.992188
307	-0.984375	-0.992188
308	-0.968750	-0.984375
309	-0.984375	-0.992188
310	-1.000000	-1.000000
311	-0.984375	-0.992188
312	-0.984375	-0.992188
313	-1.000000	-1.000000
314	-1.000000	-1.000000
315	-1.000000	-1.000000
316	-0.984375	-0.992188
317	-0.984375	-0.992188
318	-1.000000	-1.000000
319	-0.984375	-0.992188
320	-0.953125	-0.976563
321	-1.000000	-1.000000
322	-1.000000	-1.000000
323	-1.000000	-1.000000
324	-0.984375	-0.992188
325	-0.968750	-0.984375
326	-1.000000	-1.000000
327	-1.000000	-1.000000
328	-0.953125	-0.976563
329	-0.984375	-0.992188
330	-0.945313	-0.960938
331	-0.984375	-0.992188
332	-1.000000	-1.000000
333	-1.000000	-1.000000
334	-1.000000	-1.000000
335	-1.000000	-1.000000
336	-0.976563	-0.984375
337	-1.000000	-1.000000
338	-0.984375	-0.992188
339	-1.000000	-1.000000
340	-0.968750	-0.984375
341	-0.984375	-0.992188
342	-0.984375	-0.992188
343	-1.000000	-1.000000
344	-0.984375	-0.992188
345	-1.000000	-1.000000
346	-0.984375	-0.992188
347	-1.000000	-1.000000
348	-1.000000	-1.000000
349	-1.000000	-1.000000
350	-1.000000	-1.000000
351	-1.000000	-1.000000
352	-1.000000	-1.000000
353	-1.000000	-1.000000
354	-0.984375	-0.992188
355	-0.968750	-0.984375
356	-0.984375	-0.992188
357	-1.000000	-1.000000
358	-1.000000	-1.000000
359	-0.968750	-0.984375
360	-1.000000	-1.000000
361	-1.000000	-1.000000
362	-0.984375	-0.992188
363	-0.968750	-0.984375
364	-1.000000	-1.000000
365	-1.000000	-1.000000
366	-1.000000	-1.000000
367	-1.000000	-1.000000
368	-1.000000	-1.000000
369	-0.984375	-0.992188
370	-0.984375	-0.992188
371	-1.000000	-1.000000
372	-1.000000	-1.000000
373	-0.968750	-0.984375
374	-1.000000	-1.000000
375	-0.984375	-0.992188
376	-1.000000	-1.000000
377	-0.984375	-0.992188
378	-1.000000	-1.000000
379	-0.984375	-0.992188
380	-1.000000	-1.000000
381	-1.000000	-1.000000
382	-1.000000	-1.000000
383	-0.968750	-0.984375
384	-1.000000	-1.000000
385	-1.000000	-1.000000
386	-1.000000	-1.000000
387	-1.000000	-1.000000
388	-0.984375	-0.992188
389	-1.000000	-1.000000
390	-0.976563	-0.984375
391	-1.000000	-1.000000
392	-0.953125	-0.976563
393	-0.984375	-0.992188
394	-0.984375	-0.992188
395	-0.968750	-0.984375
396	-1.000000	-1.000000
397	-0.984375	-0.992188
398	-0.984375	-0.992188
399	-0.984375	-0.992188
400	-0.984375	-0.992188
401	-0.984375	-0.992188
402	-1.000000	-1.000000
403	-1.000000	-1.000000
404	-0.984375	-0.992188
405	-1.000000	-1.000000
406	-0.984375	-0.992188
407	-1.000000	-1.000000
408	-1.000000	-1.000000
409	-1.000000	-1.000000
410	-0.984375	-0.992188
411	-1.000000	-1.000000
412	-1.000000	-1.000000
413	-1.000000	-1.000000
414	-0.984375	-0.992188
415	-1.000000	-1.000000
416	-0.984375	-0.992188
417	-1.000000	-1.000000
418	-0.984375	-0.992188
419	-0.984375	-0.992188
420	-1.000000	-1.000000
421	-1.000000	-1.000000
422	-0.984375	-0.992188
423	-0.984375	-0.992188
424	-1.000000	-1.000000
425	-1.000000	-1.000000
426	-0.984375	-0.992188
427	-1.000000	-1.000000
428	-0.984375	-0.992188
429	-1.000000	-1.000000
430	-0.968750	-0.984375
431	-1.000000	-1.000000
432	-1.000000	-1.000000
433	-0.968750	-0.984375
434	-1.000000	-1.000000
435	-0.984375	-0.992188
436	-1.000000	-1.000000
437	-0.953125	-0.976563
438	-0.984375	-0.992188
439	-0.984375	-0.992188
440	-1.000000	-1.000000
441	-0.968750	-0.984375
442	-0.984375	-0.992188
443	-1.000000	-1.000000
444	-0.984375	-0.992188
445	-0.984375	-0.992188
446	-1.000000	-1.000000
447	-1.000000	-1.000000
448	-0.953125	-0.976563
449	-1.000000	-1.000000
450	-1.000000	-1.000000
451	-1.000000	-1.000000
452	-0.984375	-0.992188
453	-1.000000	-1.000000
454	-1.000000	-1.000000
455	-0.984375	-0.992188
456	-0.984375	-0.992188
457	-0.984375	-0.992188
458	-0.976563	-0.984375
459	-0.984375	-0.992188
460	-0.960938	-0.976563
461	-1.000000	-1.000000
462	-1.000000	-1.000000
463	-0.968750	-0.984375
464	-0.984375	-0.992188
465	-1.000000	-1.000000
466	-0.968750	-0.984375
467	-0.960938	-0.976563
468	-0.984375	-0.992188
469	-1.000000	-1.000000
470	-1.000000	-1.000000
471	-1.000000	-1.000000
472	-0.984375	-0.992188
473	-1.000000	-1.000000
474	-1.000000	-1.000000
475	-1.000000	-1.000000
476	-1.000000	-1.000000
477	-0.968750	-0.984375
478	-1.000000	-1.000000
479	-1.000000	-1.000000
480	-0.968750	-0.984375
481	-1.000000	-1.000000
482	-0.984375	-0.992188
483	-1.000000	-1.000000
484	-0.984375	-0.992188
485	-1.000000	-1.000000
486	-0.984375	-0.992188
487	-0.984375	-0.992188
488	-1.000000	-1.000000
489	-1.000000	-1.000000
490	-0.937500	-0.968750
491	-1.000000	-1.000000
492	-1.000000	-1.000000
493	-0.984375	-0.992188
494	-1.000000	-1.000000
495	-0.984375	-0.992188
496	-1.000000	-1.000000
497	-1.000000	-1.000000
498	-0.984375	-0.992188
499	-1.000000	-1.000000
500	-1.000000	-1.000000
501	-1.000000	-1.000000
502	-0.984375	-0.992188
503	-1.000000	-1.000000
504	-1.000000	-1.000000
505	-1.000000	-1.000000
506	-0.968750	-0.984375
507	-1.000000	-1.000000
508	-1.000000	-1.000000
509	-1.000000	-1.000000
510	-0.984375	-0.992188
511	-0.984375	-0.992188
512	-1.000000	-1.000000
513	-0.984375	-0.992188
514	-1.000000	-1.000000
515	-1.000000	-1.000000
516	-1.000000	-1.000000
517	-1.000000	-1.000000
518	-1.000000	-1.000000
519	-0.984375	-0.992188
520	-0.984375	-0.992188
521	-0.984375	-0.992188
522	-0.953125	-0.968750
523	-0.968750	-0.984375
524	-1.000000	-1.000000
525	-1.000000	-1.000000
526	-1.000000	-1.000000
527	-0.984375	-0.992188
528	-1.000000	-1.000000
529	-0.984375	-0.992188
530	-0.984375	-0.992188
531	-0.984375	-0.992188
532	-1.000000	-1.000000
533	-0.968750	-0.984375
534	-1.000000	-1.000000
535	-1.000000	-1.000000
536	-1.000000	-1.000000
537	-1.000000	-1.000000
538	-0.984375	-0.992188
539	-0.960938	-0.976563
540	-1.000000	-1.000000
541	-0.984375	-0.992188
542	-1.000000	-1.000000
543	-0.984375	-0.992188
544	-0.968750	-0.984375
545	-1.000000	-1.000000
546	-0.984375	-0.992188
547	-1.000000	-1.000000
548	-0.984375	-0.992188
549	-0.953125	-0.976563
550	-1.000000	-1.000000
551	-0.984375	-0.992188
552	-0.984375	-0.992188
553	-0.984375	-0.992188
554	-0.968750	-0.984375
555	-0.984375	-0.992188
556	-0.968750	-0.984375
557	-1.000000	-1.000000
558	-1.000000	-1.000000
559	-0.976563	-0.984375
560	-0.984375	-0.992188
561	-0.953125	-0.976563
562	-0.984375	-0.992188
563	-1.000000	-1.000000
564	-1.000000	-1.000000
565	-0.984375	-0.992188
566	-0.968750	-0.984375
567	-1.000000	-1.000000
568	-0.984375	-0.992188
569	-1.000000	-1.000000
570	-0.984375	-0.992188
571	-1.000000	-1.000000
572	-1.000000	-1.000000
573	-1.000000	-1.000000
574	-1.000000	-1.000000
575	-0.984375	-0.992188
576	-0.984375	-0.992188
577	-0.984375	-0.992188
578	-1.000000	-1.000000
579	-0.976563	-0.984375
580	-1.000000	-1.000000
581	-1.000000	-1.000000
582	-1.000000	-1.000000
583	-0.984375	-0.992188
584	-0.984375	-0.992188
585	-1.000000	-1.000000
586	-1.000000	-1.000000
587	-1.000000	-1.000000
588	-1.000000	-1.000000
589	-1.000000	-1.000000
590	-1.000000	-1.000000
591	-1.000000	-1.000000
592	-1.000000	-1.000000
593	-1.000000	-1.000000
594	-1.000000	-1.000000
595	-1.000000	-1.000000
596	-0.984375	-0.992188
597	-0.984375	-0.992188
598	-1.000000	-1.000000
599	-0.984375	-0.992188
600	-0.984375	-0.992188
601	-1.000000	-1.000000
602	-0.976563	-0.984375
603	-1.000000	-1.000000
604	-0.968750	-0.984375
605	-1.000000	-1.000000
606	-0.984375	-0.992188
607	-0.984375	-0.992188
608	-1.000000	-1.000000
609	-1.000000	-1.000000
610	-1.000000	-1.000000
611	-1.000000	-1.000000
612	-1.000000	-1.000000
613	-1.000000	-1.000000
614	-0.984375	-0.992188
615	-0.984375	-0.992188
616	-1.000000	-1.000000
617	-1.000000	-1.000000
618	-0.984375	-0.992188
619	-0.984375	-0.992188
620	-1.000000	-1.000000
621	-0.968750	-0.984375
622	-1.000000	-1.000000
623	-1.000000	-1.000000
624	-1.000000	-1.000000
625	-1.000000	-1.000000
626	-0.984375	-0.992188
627	-0.984375	-0.992188
628	-0.984375	-0.992188
629	-0.984375	-0.992188
630	-1.000000	-1.000000
631	-1.000000	-1.000000
632	-0.953125	-0.976563
633	-0.984375	-0.992188
634	-1.000000	-1.000000
635	-0.984375	-0.992188
636	-1.000000	-1.000000
637	-0.968750	-0.984375
638	-0.984375	-0.992188
639	-1.000000	-1.000000
640	-0.984375	-0.992188
641	-0.984375	-0.992188
642	-1.000000	-1.000000
643	-1.000000	-1.000000
644	-1.000000	-1.000000
645	-1.000000	-1.000000
646	-1.000000	-1.000000
647	-1.000000	-1.000000
648	-0.984375	-0.992188
649	-0.984375	-0.992188
650	-1.000000	-1.000000
651	-0.984375	-0.992188
652	-1.000000	-1.000000
653	-0.984375	-0.992188
654	-1.000000	-1.000000
655	-1.000000	-1.000000
656	-1.000000	-1.000000
657	-0.984375	-0.992188
658	-0.976563	-0.984375
659	-1.000000	-1.000000
660	-0.984375	-0.992188
661	-0.953125	-0.976563
662	-1.000000	-1.000000
663	-1.000000	-1.000000
664	-1.000000	-1.000000
665	-0.976563	-0.984375
666	-0.984375	-0.992188
667	-0.984375	-0.992188
668	-0.968750	-0.984375
669	-0.945313	-0.968750
670	-1.000000	-1.000000
671	-1.000000	-1.000000
672	-0.968750	-0.984375
673	-1.000000	-1.000000
674	-1.000000	-1.000000
675	-0.968750	-0.984375
676	-1.000000	-1.000000
677	-0.984375	-0.992188
678	-1.000000	-1.000000
679	-1.000000	-1.000000
680	-0.984375	-0.992188
681	-1.000000	-1.000000
682	-1.000000	-1.000000
683	-0.953125	-0.968750
684	-0.984375	-0.992188
685	-1.000000	-1.000000
686	-1.000000	-1.000000
687	-0.984375	-0.992188
688	-0.984375	-0.992188
689	-1.000000	-1.000000
690	-1.000000	-1.000000
691	-1.000000	-1.000000
692	-1.000000	-1.000000
693	-1.000000	-1.000000
694	-0.984375	-0.992188
695	-0.968750	-0.984375
696	-1.000000	-1.000000
697	-1.000000	-1.000000
698	-1.000000	-1.000000
699	-0.968750	-0.984375
700	-1.000000	-1.000000
701	-1.000000	-1.000000
702	-1.000000	-1.000000
703	-1.000000	-1.000000
704	-0.984375	-0.992188
705	-0.968750	-0.984375
706	-0.945313	-0.968750
707	-1.000000	-1.000000
708	-1.000000	-1.000000
709	-0.984375	-0.992188
710	-1.000000	-1.000000
711	-0.984375	-0.992188
712	-0.968750	-0.984375
713	-1.000000	-1.000000
714	-0.960938	-0.976563
715	-0.984375	-0.992188
716	-1.000000	-1.000000
717	-0.984375	-0.992188
718	-0.968750	-0.984375
719	-0.968750	-0.976563
720	-0.968750	-0.984375
721	-1.000000	-1.000000
722	-1.000000	-1.000000
723	-1.000000	-1.000000
724	-0.968750	-0.984375
725	-0.968750	-0.984375
726	-0.984375	-0.992188
727	-1.000000	-1.000000
728	-1.000000	-1.000000
729	-1.000000	-1.000000
730	-1.000000	-1.000000
731	-0.968750	-0.984375
732	-1.000000	-1.000000
733	-1.000000	-1.000000
734	-1.000000	-1.000000
735	-0.968750	-0.984375
736	-0.984375	-0.992188
737	-1.000000	-1.000000
738	-0.984375	-0.992188
739	-1.000000	-1.000000
740	-0.984375	-0.992188
741	-0.968750	-0.984375
742	-1.000000	-1.000000
743	-1.000000	-1.000000
744	-0.984375	-0.992188
745	-0.968750	-0.984375
746	-0.976563	-0.984375
747	-0.984375	-0.992188
748	-1.000000	-1.000000
749	-1.000000	-1.000000
750	-1.000000	-1.000000
751	-1.000000	-1.000000
752	-1.000000	-1.000000
753	-0.984375	-0.992188
754	-0.984375	-0.992188
755	-0.953125	-0.976563
756	-0.984375	-0.992188
757	-0.976563	-0.984375
758	-1.000000	-1.000000
759	-1.000000	-1.000000
760	-1.000000	-1.000000
761	-1.000000	-1.000000
762	-1.000000	-1.000000
763	-1.000000	-1.000000
764	-1.000000	-1.000000
765	-0.968750	-0.984375
766	-0.968750	-0.984375
767	-1.000000	-1.000000
768	-1.000000	-1.000000
769	-0.984375	-0.992188
770	-0.984375	-0.992188
771	-0.984375	-0.992188
772	-1.000000	-1.000000
773	-1.000000	-1.000000
774	-0.968750	-0.984375
775	-0.984375	-0.992188
776	-1.000000	-1.000000
777	-1.000000	-1.000000
778	-1.000000	-1.000000
779	-1.000000	-1.000000
780	-1.000000	-1.000000
781	-1.000000	-1.000000
782	-0.968750	-0.984375
783	-1.000000	-1.000000
784	-1.000000	-1.000000
785	-0.984375	-0.992188
786	-1.000000	-1.000000
787	-0.968750	-0.984375
788	-0.960938	-0.976563
789	-0.968750	-0.984375
790	-0.984375	-0.992188
791	-0.984375	-0.992188
792	-0.984375	-0.992188
793	-1.000000	-1.000000
794	-0.984375	-0.992188
795	-0.984375	-0.992188
796	-1.000000	-1.000000
797	-0.984375	-0.992188
798	-0.968750	-0.984375
799	-0.984375	-0.992188
800	-0.984375	-0.992188
801	-0.968750	-0.984375
802	-1.000000	-1.000000
803	-1.000000	-1.000000
804	-1.000000	-1.000000
805	-1.000000	-1.000000
806	-0.984375	-0.992188
807	-0.984375	-0.992188
808	-1.000000	-1.000000
809	-0.984375	-0.992188
810	-1.000000	-1.000000
811	-0.984375	-0.992188
812	-0.984375	-0.992188
813	-1.000000	-1.000000
814	-1.000000	-1.000000
815	-1.000000	-1.000000
816	-0.953125	-0.976563
817	-1.000000	-1.000000
818	-0.968750	-0.984375
819	-1.000000	-1.000000
820	-0.984375	-0.992188
821	-1.000000	-1.000000
822	-0.984375	-0.992188
823	-0.968750	-0.976563
824	-0.976563	-0.984375
825	-1.000000	-1.000000
826	-0.968750	-0.984375
827	-0.968750	-0.984375
828	-1.000000	-1.000000
829	-1.000000	-1.000000
830	-1.000000	-1.000000
831	-0.968750	-0.984375
832	-0.984375	-0.992188
833	-0.984375	-0.992188
834	-0.968750	-0.984375
835	-1.000000	-1.000000
836	-1.000000	-1.000000
837	-1.000000	-1.000000
838	-1.000000	-1.000000
839	-1.000000	-1.000000
840	-1.000000	-1.000000
841	-0.984375	-0.992188
842	-0.984375	-0.992188
843	-0.968750	-0.984375
844	-1.000000	-1.000000
845	-0.984375	-0.992188
846	-1.000000	-1.000000
847	-1.000000	-1.000000
848	-1.000000	-1.000000
849	-1.000000	-1.000000
850	-0.968750	-0.984375
851	-1.000000	-1.000000
852	-1.000000	-1.000000
853	-0.984375	-0.992188
854	-0.984375	-0.992188
855	-1.000000	-1.000000
856	-1.000000	-1.000000
857	-1.000000	-1.000000
858	-0.984375	-0.992188
859	-0.984375	-0.992188
860	-0.984375	-0.992188
861	-0.984375	-0.992188
862	-0.984375	-0.992188
863	-0.984375	-0.992188
864	-1.000000	-1.000000
865	-0.968750	-0.984375
866	-1.000000	-1.000000
867	-1.000000	-1.000000
868	-1.000000	-1.000000
869	-1.000000	-1.000000
870	-0.968750	-0.976563
871	-0.984375	-0.992188
872	-1.000000	-1.000000
873	-1.000000	-1.000000
874	-1.000000	-1.000000
875	-1.000000	-1.000000
876	-1.000000	-1.000000
877	-1.000000	-1.000000
878	-0.984375	-0.992188
879	-1.000000	-1.000000
880	-0.984375	-0.992188
881	-1.000000	-1.000000
882	-0.976563	-0.984375
883	-1.000000	-1.000000
884	-1.000000	-1.000000
885	-0.984375	-0.992188
886	-0.968750	-0.984375
887	-1.000000	-1.000000
888	-1.000000	-1.000000
889	-1.000000	-1.000000
890	-1.000000	-1.000000
891	-0.984375	-0.992188
892	-1.000000	-1.000000
893	-0.968750	-0.984375
894	-0.984375	-0.992188
895	-1.000000	-1.000000
896	-0.968750	-0.984375
897	-0.984375	-0.992188
898	-0.984375	-0.992188
899	-0.953125	-0.976563
900	-0.984375	-0.992188
901	-0.984375	-0.992188
902	-0.984375	-0.992188
903	-0.984375	-0.992188
904	-0.984375	-0.992188
905	-0.984375	-0.992188
906	-0.984375	-0.992188
907	-1.000000	-1.000000
908	-0.968750	-0.984375
909	-1.000000	-1.000000
910	-1.000000	-1.000000
911	-1.000000	-1.000000
912	-0.968750	-0.984375
913	-1.000000	-1.000000
914	-1.000000	-1.000000
915	-1.000000	-1.000000
916	-1.000000	-1.000000
917	-0.984375	-0.992188
918	-1.000000	-1.000000
919	-1.000000	-1.000000
920	-1.000000	-1.000000
921	-0.984375	-0.992188
922	-1.000000	-1.000000
923	-1.000000	-1.000000
924	-0.984375	-0.992188
925	-0.984375	-0.992188
926	-1.000000	-1.000000
927	-1.000000	-1.000000
928	-1.000000	-1.000000
929	-1.000000	-1.000000
930	-1.000000	-1.000000
931	-0.984375	-0.992188
932	-0.968750	-0.984375
933	-1.000000	-1.000000
934	-0.984375	-0.992188
935	-0.984375	-0.992188
936	-0.953125	-0.976563
937	-0.968750	-0.984375
938	-0.984375	-0.992188
939	-0.968750	-0.984375
940	-1.000000	-1.000000
941	-1.000000	-1.000000
942	-0.984375	-0.992188
943	-1.000000	-1.000000
944	-1.000000	-1.000000
945	-0.968750	-0.984375
946	-1.000000	-1.000000
947	-1.000000	-1.000000
948	-0.968750	-0.984375
949	-1.000000	-1.000000
950	-0.968750	-0.984375
951	-1.000000	-1.000000
952	-1.000000	-1.000000
953	-1.000000	-1.000000
954	-0.976563	-0.984375
955	-0.984375	-0.992188
956	-1.000000	-1.000000
957	-0.984375	-0.992188
958	-0.960938	-0.976563
959	-1.000000	-1.000000
960	-0.984375	-0.992188
961	-0.984375	-0.992188
962	-1.000000	-1.000000
963	-0.937500	-0.960938
964	-0.984375	-0.992188
965	-0.968750	-0.984375
966	-1.000000	-1.000000
967	-1.000000	-1.000000
968	-1.000000	-1.000000
969	-1.000000	-1.000000
970	-0.984375	-0.992188
971	-1.000000	-1.000000
972	-0.953125	-0.976563
973	-1.000000	-1.000000
974	-0.984375	-0.992188
975	-1.000000	-1.000000
976	-1.000000	-1.000000
977	-1.000000	-1.000000
978	-1.000000	-1.000000
979	-0.984375	-0.992188
980	-1.000000	-1.000000
981	-1.000000	-1.000000
982	-0.984375	-0.992188
983	-1.000000	-1.000000
984	-0.968750	-0.984375
985	-1.000000	-1.000000
986	-1.000000	-1.000000
987	-0.984375	-0.992188
988	-1.000000	-1.000000
989	-0.968750	-0.984375
990	-0.984375	-0.992188
991	-1.000000	-1.000000
992	-0.968750	-0.984375
993	-1.000000	-1.000000
994	-1.000000	-1.000000
995	-1.000000	-1.000000
996	-1.000000	-1.000000
997	-1.000000	-1.000000
998	-1.000000	-1.000000
999	-1.000000	-1.000000
