0	-0.414063	0.250000
1	-0.460938	0.195313
2	-0.468750	-0.125000
3	-0.414063	0.234375
4	-0.445313	0.132813
5	-0.500000	0.437500
6	-0.437500	0.265625
7	-0.523438	0.414063
8	-0.468750	0.179688
9	-0.414063	0.117188
10	-0.554688	-0.335938
11	-0.664063	-0.648438
12	-0.500000	-0.312500
13	-0.500000	-0.328125
14	-0.585938	-0.507813
15	-0.609375	-0.570313
16	-0.617188	-0.531250
17	-0.367188	0.062500
18	-0.539063	0.210938
19	-0.492188	0.328125
20	-0.531250	0.140625
21	-0.460938	0.031250
22	-0.406250	-0.085938
23	-0.515625	-0.289063
24	-0.632813	-0.507813
25	-0.515625	-0.445313
26	-0.492188	-0.570313
27	-0.476563	-0.289063
28	-0.375000	0.164063
29	-0.523438	0.007813
30	-0.437500	0.007813
31	-0.460938	-0.429688
32	-0.554688	-0.351563
33	-0.414063	0.046875
34	-0.562500	0.492188
35	-0.609375	0.609375
36	-0.585938	0.546875
37	-0.476563	0.375000
38	-0.585938	0.468750
39	-0.601563	0.640625
40	-0.445313	0.250000
41	-0.523438	0.460938
42	-0.476563	0.453125
43	-0.562500	0.164063
44	-0.382813	0.148438
45	-0.640625	0.398438
46	-0.476563	0.101563
47	-0.437500	0.156250
48	-0.546875	-0.109375
49	-0.539063	-0.507813
50	-0.671875	-0.656250
51	-0.484375	-0.437500
52	-0.546875	-0.484375
53	-0.539063	0.093750
54	-0.460938	-0.039063
55	-0.359375	0.101563
56	-0.601563	0.101563
57	-0.382813	0.007813
58	-0.421875	0.046875
59	-0.578125	0.179688
60	-0.398438	-0.023438
61	-0.585938	-0.187500
62	-0.429688	-0.367188
63	-0.609375	-0.687500
64	-0.476563	-0.453125
65	-0.492188	-0.304688
66	-0.554688	-0.218750
67	-0.601563	-0.140625
68	-0.539063	-0.171875
69	-0.429688	0.187500
70	-0.476563	-0.062500
71	-0.523438	0.023438
72	-0.500000	0.187500
73	-0.437500	0.343750
74	-0.554688	0.593750
75	-0.437500	0.437500
76	-0.546875	-0.054688
77	-0.500000	-0.187500
78	-0.476563	-0.242188
79	-0.453125	-0.210938
80	-0.398438	-0.406250
81	-0.578125	-0.546875
82	-0.492188	-0.390625
83	-0.406250	-0.265625
84	-0.359375	0.250000
85	-0.437500	-0.164063
86	-0.710938	-0.773438
87	-0.593750	-0.421875
88	-0.601563	0.007813
89	-0.507813	0.164063
90	-0.531250	0.210938
91	-0.554688	-0.117188
92	-0.437500	-0.179688
93	-0.500000	-0.343750
94	-0.593750	-0.539063
95	-0.492188	-0.359375
96	-0.507813	0.007813
97	-0.523438	0.375000
98	-0.523438	0.492188
99	-0.453125	0.085938
100	-0.523438	-0.117188
101	-0.445313	-0.296875
102	-0.562500	-0.507813
103	-0.523438	-0.101563
104	-0.390625	-0.015625
105	-0.593750	0.593750
106	-0.585938	0.554688
107	-0.476563	0.140625
108	-0.531250	0.570313
109	-0.453125	0.234375
110	-0.578125	0.367188
111	-0.500000	0.390625
112	-0.460938	-0.023438
113	-0.476563	0.023438
114	-0.429688	-0.031250
115	-0.421875	0.109375
116	-0.515625	-0.304688
117	-0.492188	-0.250000
118	-0.445313	-0.148438
119	-0.421875	0.023438
120	-0.476563	0.203125
121	-0.468750	0.343750
122	-0.476563	0.398438
123	-0.531250	0.375000
124	-0.515625	0.585938
125	-0.445313	0.101563
126	-0.414063	-0.125000
127	-0.484375	-0.289063
128	-0.484375	-0.335938
129	-0.500000	-0.273438
130	-0.523438	-0.023438
131	-0.367188	0.015625
132	-0.429688	0.218750
133	-0.492188	-0.132813
134	-0.398438	-0.171875
135	-0.500000	-0.320313
136	-0.617188	-0.695313
137	-0.539063	-0.570313
138	-0.429688	-0.335938
139	-0.500000	-0.312500
140	-0.429688	0.085938
141	-0.500000	-0.328125
142	-0.546875	-0.078125
143	-0.531250	-0.507813
144	-0.585938	-0.453125
145	-0.539063	-0.515625
146	-0.546875	-0.515625
147	-0.507813	-0.234375
148	-0.617188	-0.234375
149	-0.437500	-0.351563
150	-0.593750	-0.648438
151	-0.460938	-0.234375
152	-0.593750	-0.421875
153	-0.546875	-0.515625
154	-0.664063	-0.726563
155	-0.640625	-0.648438
156	-0.531250	-0.500000
157	-0.515625	-0.242188
158	-0.648438	-0.625000
159	-0.585938	-0.695313
160	-0.546875	-0.273438
161	-0.562500	0.335938
162	-0.468750	0.210938
163	-0.500000	0.109375
164	-0.414063	-0.148438
165	-0.539063	-0.179688
166	-0.507813	0.203125
167	-0.460938	0.210938
168	-0.445313	0.148438
169	-0.625000	0.593750
170	-0.671875	0.703125
171	-0.640625	0.656250
172	-0.492188	-0.031250
173	-0.562500	-0.414063
174	-0.445313	-0.296875
175	-0.554688	-0.468750
176	-0.437500	-0.070313
177	-0.421875	0.382813
178	-0.539063	0.093750
179	-0.523438	-0.070313
180	-0.476563	0.000000
181	-0.492188	0.289063
182	-0.531250	0.257813
183	-0.578125	-0.234375
184	-0.539063	-0.414063
185	-0.500000	-0.445313
186	-0.585938	-0.265625
187	-0.500000	-0.414063
188	-0.453125	0.085938
189	-0.515625	0.585938
190	-0.453125	-0.382813
191	-0.398438	0.007813
192	-0.492188	0.500000
193	-0.507813	0.554688
194	-0.468750	0.429688
195	-0.539063	0.078125
196	-0.562500	-0.359375
197	-0.546875	-0.515625
198	-0.562500	-0.500000
199	-0.609375	-0.718750
200	-0.375000	-0.382813
201	-0.468750	0.265625
202	-0.484375	-0.039063
203	-0.492188	0.335938
204	-0.531250	-0.421875
205	-0.453125	-0.171875
206	-0.484375	-0.210938
207	-0.460938	-0.226563
208	-0.531250	-0.296875
209	-0.578125	-0.421875
210	-0.445313	-0.187500
211	-0.375000	-0.140625
212	-0.453125	-0.421875
213	-0.546875	-0.515625
214	-0.585938	-0.406250
215	-0.515625	0.437500
216	-0.484375	0.421875
217	-0.492188	0.156250
218	-0.492188	0.085938
219	-0.390625	0.031250
220	-0.359375	-0.289063
221	-0.500000	-0.250000
222	-0.546875	-0.484375
223	-0.601563	-0.468750
224	-0.570313	-0.460938
225	-0.398438	-0.132813
226	-0.507813	-0.187500
227	-0.531250	-0.289063
228	-0.500000	-0.320313
229	-0.445313	0.117188
230	-0.523438	0.117188
231	-0.398438	0.140625
232	-0.406250	0.242188
233	-0.523438	-0.242188
234	-0.507813	-0.226563
235	-0.523438	0.453125
236	-0.500000	0.078125
237	-0.460938	-0.164063
238	-0.539063	0.210938
239	-0.539063	0.304688
240	-0.554688	0.289063
241	-0.546875	0.203125
242	-0.445313	0.156250
243	-0.484375	0.437500
244	-0.554688	0.351563
245	-0.601563	0.195313
246	-0.546875	0.632813
247	-0.578125	0.570313
248	-0.562500	0.656250
249	-0.414063	0.335938
250	-0.445313	0.101563
251	-0.460938	0.218750
252	-0.507813	-0.109375
253	-0.492188	0.039063
254	-0.382813	0.328125
255	-0.531250	0.265625
256	-0.601563	0.429688
257	-0.523438	0.484375
258	-0.429688	0.289063
259	-0.625000	0.554688
260	-0.500000	-0.187500
261	-0.382813	-0.273438
262	-0.546875	-0.484375
263	-0.515625	-0.179688
264	-0.460938	-0.132813
265	-0.500000	-0.367188
266	-0.437500	-0.187500
267	-0.304688	-0.132813
268	-0.601563	0.140625
269	-0.617188	0.609375
270	-0.554688	0.085938
271	-0.492188	0.210938
272	-0.507813	0.054688
273	-0.570313	0.414063
274	-0.531250	0.195313
275	-0.515625	0.351563
276	-0.453125	0.117188
277	-0.507813	0.476563
278	-0.546875	0.187500
279	-0.453125	0.070313
280	-0.429688	-0.156250
281	-0.578125	0.312500
282	-0.492188	0.468750
283	-0.570313	-0.281250
284	-0.664063	-0.664063
285	-0.625000	-0.648438
286	-0.554688	-0.468750
287	-0.585938	0.273438
288	-0.515625	-0.062500
289	-0.601563	0.187500
290	-0.437500	0.015625
291	-0.609375	-0.484375
292	-0.500000	-0.476563
293	-0.492188	-0.421875
294	-0.437500	-0.312500
295	-0.492188	-0.453125
296	-0.460938	-0.242188
297	-0.515625	0.007813
298	-0.468750	0.125000
299	-0.468750	0.085938
300	-0.445313	-0.031250
301	-0.515625	-0.187500
302	-0.484375	-0.281250
303	-0.367188	-0.226563
304	-0.617188	0.171875
305	-0.390625	-0.148438
306	-0.492188	0.406250
307	-0.507813	-0.312500
308	-0.468750	0.015625
309	-0.507813	0.132813
310	-0.523438	0.468750
311	-0.554688	0.195313
312	-0.429688	-0.093750
313	-0.507813	-0.312500
314	-0.406250	0.117188
315	-0.453125	0.140625
316	-0.617188	0.367188
317	-0.500000	0.242188
318	-0.625000	0.476563
319	-0.476563	-0.109375
320	-0.476563	-0.398438
321	-0.414063	-0.156250
322	-0.398438	-0.101563
323	-0.500000	0.554688
324	-0.500000	0.218750
325	-0.523438	-0.125000
326	-0.609375	-0.312500
327	-0.562500	-0.500000
328	-0.453125	-0.093750
329	-0.515625	-0.109375
330	-0.507813	0.382813
331	-0.562500	0.445313
332	-0.617188	0.554688
333	-0.617188	0.601563
334	-0.500000	0.367188
335	-0.468750	0.367188
336	-0.445313	0.187500
337	-0.445313	0.132813
338	-0.609375	0.617188
339	-0.531250	0.484375
340	-0.554688	0.554688
341	-0.453125	0.406250
342	-0.453125	0.437500
343	-0.546875	0.632813
344	-0.523438	0.187500
345	-0.593750	0.500000
346	-0.398438	0.218750
347	-0.382813	0.195313
348	-0.429688	-0.195313
349	-0.578125	-0.226563
350	-0.617188	-0.476563
351	-0.414063	-0.179688
352	-0.492188	-0.164063
353	-0.523438	0.101563
354	-0.562500	0.460938
355	-0.593750	0.609375
356	-0.578125	0.562500
357	-0.593750	0.515625
358	-0.562500	0.070313
359	-0.531250	-0.195313
360	-0.445313	-0.250000
361	-0.531250	-0.164063
362	-0.648438	-0.695313
363	-0.476563	-0.359375
364	-0.632813	-0.476563
365	-0.531250	-0.539063
366	-0.421875	-0.304688
367	-0.593750	-0.570313
368	-0.656250	-0.750000
369	-0.570313	-0.585938
370	-0.601563	-0.609375
371	-0.515625	-0.156250
372	-0.398438	-0.289063
373	-0.375000	-0.046875
374	-0.507813	0.101563
375	-0.562500	-0.617188
376	-0.625000	-0.648438
377	-0.492188	0.320313
378	-0.429688	0.398438
379	-0.500000	0.367188
380	-0.617188	0.578125
381	-0.421875	0.320313
382	-0.523438	0.492188
383	-0.343750	0.132813
384	-0.437500	-0.132813
385	-0.539063	-0.593750
386	-0.562500	-0.593750
387	-0.570313	-0.507813
388	-0.476563	-0.257813
389	-0.437500	-0.312500
390	-0.539063	-0.031250
391	-0.515625	0.007813
392	-0.492188	0.234375
393	-0.531250	-0.039063
394	-0.414063	-0.210938
395	-0.523438	-0.179688
396	-0.585938	0.000000
397	-0.445313	-0.148438
398	-0.562500	0.062500
399	-0.476563	-0.101563
400	-0.484375	-0.429688
401	-0.507813	-0.070313
402	-0.437500	-0.156250
403	-0.429688	-0.148438
404	-0.546875	0.054688
405	-0.414063	-0.132813
406	-0.492188	0.062500
407	-0.515625	-0.328125
408	-0.570313	0.187500
409	-0.546875	-0.453125
410	-0.531250	-0.468750
411	-0.500000	0.140625
412	-0.585938	0.539063
413	-0.593750	0.539063
414	-0.500000	0.468750
415	-0.421875	0.062500
416	-0.484375	0.015625
417	-0.476563	-0.289063
418	-0.359375	-0.328125
419	-0.476563	-0.250000
420	-0.546875	-0.179688
421	-0.570313	-0.445313
422	-0.500000	0.140625
423	-0.554688	0.570313
424	-0.578125	0.578125
425	-0.601563	0.531250
426	-0.523438	0.242188
427	-0.476563	-0.007813
428	-0.468750	0.265625
429	-0.453125	0.304688
430	-0.578125	0.265625
431	-0.492188	-0.289063
432	-0.515625	-0.421875
433	-0.382813	-0.046875
434	-0.460938	0.179688
435	-0.476563	0.289063
436	-0.484375	0.203125
437	-0.484375	0.039063
438	-0.554688	0.343750
439	-0.593750	0.656250
440	-0.507813	0.382813
441	-0.609375	0.539063
442	-0.359375	0.156250
443	-0.468750	-0.078125
444	-0.531250	-0.164063
445	-0.515625	-0.390625
446	-0.390625	-0.054688
447	-0.468750	-0.195313
448	-0.414063	-0.132813
449	-0.656250	-0.648438
450	-0.585938	-0.546875
451	-0.562500	-0.359375
452	-0.437500	-0.140625
453	-0.468750	-0.304688
454	-0.507813	0.007813
455	-0.382813	0.132813
456	-0.507813	-0.007813
457	-0.578125	0.062500
458	-0.484375	-0.031250
459	-0.578125	-0.500000
460	-0.406250	-0.062500
461	-0.570313	-0.445313
462	-0.500000	0.226563
463	-0.492188	0.226563
464	-0.539063	0.062500
465	-0.390625	-0.148438
466	-0.656250	-0.601563
467	-0.570313	-0.585938
468	-0.476563	-0.195313
469	-0.492188	-0.312500
470	-0.546875	0.406250
471	-0.578125	0.453125
472	-0.531250	0.523438
473	-0.539063	0.554688
474	-0.601563	0.320313
475	-0.570313	0.179688
476	-0.468750	-0.093750
477	-0.531250	0.343750
478	-0.640625	0.335938
479	-0.515625	-0.109375
480	-0.421875	0.210938
481	-0.468750	0.218750
482	-0.476563	-0.281250
483	-0.421875	-0.242188
484	-0.546875	-0.296875
485	-0.468750	-0.312500
486	-0.500000	-0.382813
487	-0.492188	-0.546875
488	-0.539063	-0.140625
489	-0.453125	-0.187500
490	-0.531250	-0.039063
491	-0.632813	0.617188
492	-0.445313	0.007813
493	-0.515625	-0.398438
494	-0.515625	-0.539063
495	-0.343750	0.054688
496	-0.421875	-0.015625
497	-0.539063	-0.140625
498	-0.523438	0.007813
499	-0.421875	-0.015625
500	-0.625000	-0.546875
501	-0.507813	-0.335938
502	-0.414063	-0.054688
503	-0.437500	-0.164063
504	-0.531250	-0.132813
505	-0.453125	-0.398438
506	-0.539063	-0.375000
507	-0.429688	0.218750
508	-0.445313	0.054688
509	-0.531250	0.234375
510	-0.515625	-0.062500
511	-0.476563	-0.500000
512	-0.476563	0.429688
513	-0.414063	-0.015625
514	-0.531250	0.046875
515	-0.515625	-0.203125
516	-0.515625	-0.390625
517	-0.500000	-0.117188
518	-0.593750	-0.507813
519	-0.445313	0.046875
520	-0.601563	0.695313
521	-0.531250	0.039063
522	-0.492188	-0.296875
523	-0.539063	-0.195313
524	-0.421875	0.171875
525	-0.687500	0.585938
526	-0.523438	-0.335938
527	-0.539063	-0.429688
528	-0.523438	-0.507813
529	-0.492188	-0.031250
530	-0.437500	-0.523438
531	-0.476563	-0.312500
532	-0.507813	-0.007813
533	-0.468750	-0.093750
534	-0.453125	-0.148438
535	-0.585938	-0.304688
536	-0.507813	-0.101563
537	-0.601563	-0.234375
538	-0.593750	-0.328125
539	-0.414063	-0.093750
540	-0.398438	-0.031250
541	-0.515625	-0.250000
542	-0.523438	0.109375
543	-0.476563	0.359375
544	-0.492188	0.054688
545	-0.437500	0.265625
546	-0.390625	0.101563
547	-0.476563	-0.140625
548	-0.601563	0.359375
549	-0.492188	0.117188
550	-0.507813	-0.093750
551	-0.429688	0.007813
552	-0.562500	0.539063
553	-0.515625	0.156250
554	-0.554688	0.351563
555	-0.539063	0.023438
556	-0.367188	0.210938
557	-0.476563	0.203125
558	-0.289063	-0.078125
559	-0.515625	-0.539063
560	-0.539063	-0.492188
561	-0.445313	-0.125000
562	-0.523438	-0.304688
563	-0.562500	0.476563
564	-0.601563	0.687500
565	-0.343750	0.171875
566	-0.515625	0.406250
567	-0.656250	0.585938
568	-0.484375	0.390625
569	-0.429688	0.437500
570	-0.554688	0.453125
571	-0.484375	0.078125
572	-0.546875	-0.351563
573	-0.570313	-0.437500
574	-0.507813	-0.242188
575	-0.539063	0.281250
576	-0.578125	0.382813
577	-0.593750	0.539063
578	-0.484375	-0.085938
579	-0.562500	-0.351563
580	-0.578125	-0.156250
581	-0.492188	-0.164063
582	-0.625000	-0.492188
583	-0.468750	-0.351563
584	-0.593750	-0.015625
585	-0.406250	0.031250
586	-0.554688	0.070313
587	-0.421875	0.265625
588	-0.507813	0.234375
589	-0.421875	-0.078125
590	-0.617188	-0.656250
591	-0.601563	-0.609375
592	-0.382813	-0.007813
593	-0.546875	0.148438
594	-0.390625	0.007813
595	-0.429688	-0.007813
596	-0.492188	-0.140625
597	-0.507813	-0.328125
598	-0.632813	-0.617188
599	-0.445313	-0.312500
600	-0.484375	-0.445313
601	-0.500000	-0.234375
602	-0.398438	-0.054688
603	-0.507813	0.281250
604	-0.445313	-0.023438
605	-0.546875	-0.429688
606	-0.625000	-0.695313
607	-0.460938	-0.140625
608	-0.460938	-0.375000
609	-0.554688	-0.507813
610	-0.500000	-0.179688
611	-0.492188	0.085938
612	-0.492188	-0.062500
613	-0.507813	-0.242188
614	-0.414063	0.007813
615	-0.523438	0.210938
616	-0.484375	0.312500
617	-0.531250	-0.437500
618	-0.500000	-0.492188
619	-0.484375	-0.351563
620	-0.609375	-0.593750
621	-0.585938	-0.585938
622	-0.507813	-0.398438
623	-0.437500	-0.171875
624	-0.500000	-0.351563
625	-0.414063	-0.007813
626	-0.515625	0.460938
627	-0.515625	0.429688
628	-0.554688	0.429688
629	-0.468750	0.265625
630	-0.398438	0.343750
631	-0.500000	0.281250
632	-0.546875	0.539063
633	-0.445313	0.492188
634	-0.632813	0.625000
635	-0.757813	0.851563
636	-0.507813	0.531250
637	-0.562500	0.656250
638	-0.546875	0.632813
639	-0.554688	0.578125
640	-0.445313	0.351563
641	-0.492188	0.312500
642	-0.398438	-0.085938
643	-0.429688	-0.031250
644	-0.500000	-0.312500
645	-0.492188	0.156250
646	-0.617188	0.656250
647	-0.562500	0.601563
648	-0.625000	0.562500
649	-0.476563	0.421875
650	-0.460938	0.054688
651	-0.523438	0.195313
652	-0.539063	0.335938
653	-0.523438	0.226563
654	-0.375000	0.164063
655	-0.539063	0.312500
656	-0.507813	0.039063
657	-0.523438	-0.070313
658	-0.617188	-0.609375
659	-0.593750	0.093750
660	-0.507813	0.046875
661	-0.507813	-0.062500
662	-0.531250	-0.140625
663	-0.632813	-0.085938
664	-0.515625	-0.359375
665	-0.421875	-0.289063
666	-0.500000	-0.234375
667	-0.539063	0.031250
668	-0.609375	0.679688
669	-0.484375	0.375000
670	-0.632813	0.656250
671	-0.562500	0.015625
672	-0.546875	-0.398438
673	-0.593750	-0.406250
674	-0.429688	-0.015625
675	-0.539063	0.148438
676	-0.695313	0.625000
677	-0.484375	0.109375
678	-0.476563	-0.210938
679	-0.507813	-0.531250
680	-0.515625	-0.429688
681	-0.507813	0.132813
682	-0.585938	0.406250
683	-0.429688	0.242188
684	-0.523438	0.101563
685	-0.562500	-0.140625
686	-0.375000	0.039063
687	-0.593750	0.546875
688	-0.476563	0.398438
689	-0.570313	0.257813
690	-0.453125	0.000000
691	-0.562500	0.507813
692	-0.593750	0.671875
693	-0.429688	-0.015625
694	-0.546875	0.398438
695	-0.578125	0.359375
696	-0.476563	0.000000
697	-0.460938	-0.398438
698	-0.500000	-0.085938
699	-0.484375	0.062500
700	-0.421875	-0.203125
701	-0.515625	-0.359375
702	-0.375000	-0.281250
703	-0.484375	-0.242188
704	-0.406250	-0.140625
705	-0.539063	-0.210938
706	-0.664063	-0.718750
707	-0.523438	-0.312500
708	-0.437500	-0.304688
709	-0.445313	-0.250000
710	-0.632813	-0.648438
711	-0.500000	-0.359375
712	-0.414063	0.203125
713	-0.414063	0.015625
714	-0.531250	-0.343750
715	-0.460938	-0.351563
716	-0.609375	-0.406250
717	-0.500000	-0.437500
718	-0.554688	-0.390625
719	-0.484375	-0.156250
720	-0.453125	-0.210938
721	-0.484375	-0.320313
722	-0.476563	-0.437500
723	-0.492188	0.281250
724	-0.476563	-0.054688
725	-0.507813	0.382813
726	-0.500000	0.585938
727	-0.554688	0.632813
728	-0.421875	0.218750
729	-0.484375	0.367188
730	-0.507813	0.343750
731	-0.492188	0.031250
732	-0.515625	-0.093750
733	-0.414063	-0.101563
734	-0.515625	0.125000
735	-0.476563	0.046875
736	-0.523438	-0.218750
737	-0.460938	-0.023438
738	-0.453125	-0.140625
739	-0.578125	0.312500
740	-0.515625	0.312500
741	-0.570313	0.234375
742	-0.398438	0.085938
743	-0.500000	-0.250000
744	-0.406250	-0.507813
745	-0.578125	-0.523438
746	-0.601563	-0.507813
747	-0.421875	-0.328125
748	-0.648438	-0.601563
749	-0.554688	-0.531250
750	-0.453125	-0.179688
751	-0.390625	-0.242188
752	-0.671875	-0.726563
753	-0.460938	-0.500000
754	-0.406250	-0.367188
755	-0.484375	0.039063
756	-0.445313	-0.406250
757	-0.640625	-0.695313
758	-0.562500	-0.468750
759	-0.671875	-0.757813
760	-0.468750	-0.304688
761	-0.500000	0.093750
762	-0.406250	0.007813
763	-0.609375	-0.046875
764	-0.554688	0.085938
765	-0.531250	-0.437500
766	-0.578125	-0.609375
767	-0.507813	-0.476563
768	-0.640625	-0.554688
769	-0.453125	-0.179688
770	-0.476563	-0.437500
771	-0.398438	0.109375
772	-0.554688	-0.570313
773	-0.578125	-0.632813
774	-0.468750	-0.414063
775	-0.468750	-0.320313
776	-0.398438	-0.164063
777	-0.406250	-0.234375
778	-0.460938	-0.320313
779	-0.476563	-0.226563
780	-0.539063	-0.195313
781	-0.656250	-0.625000
782	-0.562500	-0.578125
783	-0.523438	-0.406250
784	-0.601563	-0.640625
785	-0.562500	-0.398438
786	-0.500000	-0.109375
787	-0.625000	-0.679688
788	-0.484375	-0.500000
789	-0.570313	-0.625000
790	-0.554688	-0.421875
791	-0.585938	-0.546875
792	-0.539063	0.351563
793	-0.367188	0.257813
794	-0.601563	0.664063
795	-0.507813	0.242188
796	-0.476563	-0.031250
797	-0.343750	-0.195313
798	-0.531250	-0.250000
799	-0.617188	-0.492188
800	-0.593750	-0.531250
801	-0.460938	-0.335938
802	-0.445313	-0.234375
803	-0.429688	-0.382813
804	-0.648438	-0.710938
805	-0.570313	-0.445313
806	-0.460938	-0.398438
807	-0.609375	-0.343750
808	-0.507813	-0.445313
809	-0.468750	-0.281250
810	-0.609375	-0.578125
811	-0.554688	-0.476563
812	-0.531250	-0.226563
813	-0.500000	0.453125
814	-0.476563	0.101563
815	-0.453125	-0.062500
816	-0.484375	-0.007813
817	-0.460938	-0.093750
818	-0.593750	-0.507813
819	-0.562500	-0.468750
820	-0.460938	-0.265625
821	-0.398438	-0.078125
822	-0.484375	-0.179688
823	-0.468750	-0.335938
824	-0.609375	-0.125000
825	-0.500000	-0.132813
826	-0.578125	0.515625
827	-0.484375	0.460938
828	-0.429688	-0.171875
829	-0.429688	0.000000
830	-0.507813	0.304688
831	-0.460938	-0.015625
832	-0.476563	0.406250
833	-0.515625	0.281250
834	-0.500000	-0.007813
835	-0.429688	-0.179688
836	-0.500000	-0.164063
837	-0.531250	0.570313
838	-0.539063	0.359375
839	-0.578125	0.617188
840	-0.484375	0.375000
841	-0.523438	0.328125
842	-0.468750	0.320313
843	-0.476563	0.210938
844	-0.468750	0.093750
845	-0.507813	0.117188
846	-0.484375	0.179688
847	-0.468750	0.000000
848	-0.539063	0.585938
849	-0.500000	0.445313
850	-0.617188	0.554688
851	-0.437500	-0.109375
852	-0.546875	-0.242188
853	-0.437500	-0.218750
854	-0.382813	-0.234375
855	-0.445313	0.148438
856	-0.445313	0.148438
857	-0.585938	-0.007813
858	-0.531250	0.226563
859	-0.500000	-0.015625
860	-0.437500	-0.054688
861	-0.437500	-0.117188
862	-0.554688	-0.335938
863	-0.421875	0.218750
864	-0.492188	0.164063
865	-0.515625	0.367188
866	-0.531250	0.500000
867	-0.429688	-0.023438
868	-0.429688	0.328125
869	-0.500000	-0.304688
870	-0.429688	-0.132813
871	-0.343750	-0.085938
872	-0.406250	0.171875
873	-0.523438	0.156250
874	-0.578125	0.351563
875	-0.554688	0.460938
876	-0.593750	0.523438
877	-0.601563	0.515625
878	-0.460938	-0.187500
879	-0.648438	-0.742188
880	-0.609375	-0.648438
881	-0.507813	-0.476563
882	-0.515625	0.093750
883	-0.421875	0.164063
884	-0.515625	0.109375
885	-0.570313	0.015625
886	-0.437500	0.226563
887	-0.507813	0.507813
888	-0.421875	0.289063
889	-0.437500	0.250000
890	-0.523438	0.156250
891	-0.460938	0.015625
892	-0.414063	-0.015625
893	-0.656250	0.414063
894	-0.515625	0.406250
895	-0.460938	0.250000
896	-0.492188	-0.109375
897	-0.585938	-0.554688
898	-0.515625	-0.414063
899	-0.570313	-0.156250
900	-0.578125	-0.421875
901	-0.570313	-0.351563
902	-0.539063	-0.226563
903	-0.507813	0.085938
904	-0.507813	-0.054688
905	-0.570313	-0.539063
906	-0.375000	0.101563
907	-0.390625	-0.187500
908	-0.484375	-0.281250
909	-0.437500	-0.015625
910	-0.453125	0.062500
911	-0.398438	0.046875
912	-0.468750	-0.195313
913	-0.460938	-0.039063
914	-0.468750	-0.046875
915	-0.343750	0.039063
916	-0.453125	-0.210938
917	-0.539063	-0.320313
918	-0.484375	-0.156250
919	-0.523438	-0.210938
920	-0.429688	-0.023438
921	-0.562500	0.453125
922	-0.562500	0.593750
923	-0.601563	0.625000
924	-0.492188	0.125000
925	-0.554688	-0.390625
926	-0.507813	-0.382813
927	-0.523438	-0.500000
928	-0.640625	-0.617188
929	-0.437500	-0.296875
930	-0.546875	-0.382813
931	-0.460938	-0.062500
932	-0.640625	0.601563
933	-0.492188	0.304688
934	-0.554688	-0.296875
935	-0.515625	-0.304688
936	-0.507813	-0.210938
937	-0.546875	0.187500
938	-0.453125	-0.054688
939	-0.484375	0.335938
940	-0.398438	0.296875
941	-0.507813	0.148438
942	-0.609375	0.304688
943	-0.414063	0.062500
944	-0.476563	0.218750
945	-0.554688	0.429688
946	-0.726563	0.804688
947	-0.609375	0.679688
948	-0.539063	0.539063
949	-0.476563	0.335938
950	-0.609375	0.570313
951	-0.515625	0.101563
952	-0.460938	-0.093750
953	-0.507813	0.328125
954	-0.546875	-0.562500
955	-0.562500	-0.468750
956	-0.390625	-0.062500
957	-0.414063	-0.218750
958	-0.515625	-0.289063
959	-0.562500	-0.515625
960	-0.398438	0.007813
961	-0.531250	0.437500
962	-0.609375	0.031250
963	-0.375000	-0.101563
964	-0.476563	0.218750
965	-0.578125	0.562500
966	-0.648438	0.500000
967	-0.460938	0.445313
968	-0.507813	0.390625
969	-0.492188	0.070313
970	-0.429688	0.070313
971	-0.421875	-0.031250
972	-0.554688	0.445313
973	-0.460938	0.257813
974	-0.562500	0.617188
975	-0.453125	0.218750
976	-0.468750	-0.335938
977	-0.515625	0.039063
978	-0.398438	0.031250
979	-0.453125	0.335938
980	-0.523438	0.468750
981	-0.437500	0.203125
982	-0.507813	0.093750
983	-0.484375	0.382813
984	-0.531250	0.531250
985	-0.476563	0.210938
986	-0.554688	0.562500
987	-0.429688	0.507813
988	-0.414063	0.273438
989	-0.453125	0.429688
990	-0.500000	0.351563
991	-0.445313	0.281250
992	-0.585938	0.437500
993	-0.484375	0.085938
994	-0.437500	0.070313
995	-0.570313	0.429688
996	-0.500000	0.515625
997	-0.445313	0.296875
998	-0.500000	0.257813
999	-0.492188	0.531250
