0	-0.171875	-0.031250
1	-0.156250	-0.031250
2	-0.281250	-0.007813
3	-0.195313	-0.148438
4	-0.187500	0.000000
5	-0.250000	0.203125
6	-0.164063	0.031250
7	-0.265625	-0.101563
8	-0.195313	0.046875
9	-0.179688	-0.078125
10	-0.210938	-0.023438
11	-0.164063	0.015625
12	-0.273438	-0.117188
13	-0.218750	0.007813
14	-0.132813	0.015625
15	-0.164063	0.015625
16	-0.250000	-0.007813
17	-0.242188	0.117188
18	-0.218750	-0.062500
19	-0.195313	0.023438
20	-0.203125	-0.109375
21	-0.273438	0.023438
22	-0.117188	-0.054688
23	-0.203125	0.000000
24	-0.210938	0.031250
25	-0.218750	-0.078125
26	-0.156250	-0.179688
27	-0.203125	0.101563
28	-0.203125	-0.039063
29	-0.203125	0.171875
30	-0.265625	0.140625
31	-0.234375	0.078125
32	-0.273438	-0.140625
33	-0.218750	0.093750
34	-0.312500	-0.031250
35	-0.148438	0.054688
36	-0.195313	0.156250
37	-0.226563	-0.023438
38	-0.218750	-0.031250
39	-0.226563	0.125000
40	-0.265625	0.132813
41	-0.273438	-0.171875
42	-0.195313	-0.015625
43	-0.179688	-0.078125
44	-0.203125	0.031250
45	-0.203125	0.101563
46	-0.140625	-0.023438
47	-0.195313	-0.101563
48	-0.187500	0.015625
49	-0.234375	0.078125
50	-0.257813	0.156250
51	-0.226563	-0.140625
52	-0.296875	0.101563
53	-0.179688	-0.125000
54	-0.257813	0.078125
55	-0.023438	-0.023438
56	-0.218750	-0.023438
57	-0.164063	0.023438
58	-0.164063	0.171875
59	-0.125000	0.156250
60	-0.265625	0.046875
61	-0.226563	-0.015625
62	-0.250000	-0.031250
63	-0.250000	-0.046875
64	-0.257813	-0.218750
65	-0.265625	-0.023438
66	-0.242188	0.195313
67	-0.179688	0.000000
68	-0.179688	-0.078125
69	-0.203125	-0.046875
70	-0.148438	-0.078125
71	-0.187500	0.156250
72	-0.179688	-0.234375
73	-0.250000	0.117188
74	-0.171875	0.015625
75	-0.242188	-0.109375
76	-0.171875	0.000000
77	-0.281250	-0.179688
78	-0.210938	-0.109375
79	-0.296875	-0.132813
80	-0.164063	0.062500
81	-0.296875	0.039063
82	-0.265625	0.234375
83	-0.179688	0.109375
84	-0.281250	-0.179688
85	-0.179688	-0.140625
86	-0.281250	0.140625
87	-0.156250	-0.031250
88	-0.203125	-0.015625
89	-0.234375	0.101563
90	-0.234375	-0.242188
91	-0.242188	0.007813
92	-0.226563	-0.039063
93	-0.179688	0.164063
94	-0.273438	-0.015625
95	-0.234375	0.101563
96	-0.203125	0.000000
97	-0.164063	-0.054688
98	-0.218750	0.000000
99	-0.265625	0.234375
100	-0.242188	0.187500
101	-0.242188	0.078125
102	-0.148438	-0.109375
103	-0.218750	0.140625
104	-0.210938	0.007813
105	-0.179688	-0.015625
106	-0.218750	0.156250
107	-0.281250	-0.156250
108	-0.218750	0.109375
109	-0.234375	0.031250
110	-0.140625	-0.054688
111	-0.210938	-0.164063
112	-0.250000	-0.140625
113	-0.187500	-0.070313
114	-0.242188	-0.078125
115	-0.179688	-0.054688
116	-0.179688	0.007813
117	-0.148438	0.171875
118	-0.257813	0.132813
119	-0.312500	-0.203125
120	-0.273438	0.078125
121	-0.210938	0.062500
122	-0.226563	0.031250
123	-0.156250	0.109375
124	-0.203125	-0.070313
125	-0.179688	0.109375
126	-0.179688	-0.007813
127	-0.140625	-0.101563
128	-0.304688	-0.054688
129	-0.148438	-0.015625
130	-0.203125	0.101563
131	-0.210938	0.187500
132	-0.179688	0.109375
133	-0.210938	0.109375
134	-0.132813	-0.078125
135	-0.273438	-0.078125
136	-0.148438	0.015625
137	-0.179688	0.226563
138	-0.156250	-0.023438
139	-0.226563	-0.039063
140	-0.226563	-0.015625
141	-0.187500	0.125000
142	-0.250000	0.007813
143	-0.179688	-0.171875
144	-0.226563	0.125000
145	-0.210938	-0.070313
146	-0.148438	0.031250
147	-0.085938	-0.031250
148	-0.242188	0.132813
149	-0.226563	-0.109375
150	-0.210938	-0.164063
151	-0.218750	-0.109375
152	-0.335938	0.023438
153	-0.367188	-0.085938
154	-0.257813	-0.218750
155	-0.195313	0.054688
156	-0.250000	0.335938
157	-0.242188	0.093750
158	-0.125000	-0.101563
159	-0.210938	0.093750
160	-0.164063	-0.031250
161	-0.195313	0.078125
162	-0.117188	0.046875
163	-0.289063	0.070313
164	-0.218750	0.007813
165	-0.132813	0.062500
166	-0.218750	0.125000
167	-0.265625	-0.039063
168	-0.265625	0.046875
169	-0.210938	-0.085938
170	-0.171875	0.000000
171	-0.203125	0.046875
172	-0.179688	0.093750
173	-0.226563	0.031250
174	-0.234375	0.023438
175	-0.171875	-0.046875
176	-0.156250	0.148438
177	-0.242188	-0.046875
178	-0.179688	-0.007813
179	-0.210938	0.015625
180	-0.171875	-0.031250
181	-0.132813	-0.015625
182	-0.218750	0.062500
183	-0.210938	0.125000
184	-0.257813	0.101563
185	-0.250000	0.195313
186	-0.320313	-0.156250
187	-0.250000	0.000000
188	-0.242188	0.109375
189	-0.210938	-0.039063
190	-0.296875	-0.015625
191	-0.218750	-0.015625
192	-0.242188	0.125000
193	-0.210938	0.164063
194	-0.195313	-0.093750
195	-0.203125	0.015625
196	-0.125000	-0.039063
197	-0.218750	-0.031250
198	-0.234375	-0.296875
199	-0.226563	-0.023438
200	-0.187500	0.109375
201	-0.273438	0.070313
202	-0.257813	0.093750
203	-0.234375	0.132813
204	-0.210938	-0.007813
205	-0.273438	0.085938
206	-0.234375	0.109375
207	-0.179688	-0.023438
208	-0.171875	-0.031250
209	-0.250000	0.117188
210	-0.203125	0.125000
211	-0.156250	-0.023438
212	-0.171875	-0.210938
213	-0.203125	0.023438
214	-0.187500	0.062500
215	-0.242188	0.062500
216	-0.187500	0.031250
217	-0.164063	0.000000
218	-0.179688	-0.023438
219	-0.164063	-0.015625
220	-0.203125	-0.078125
221	-0.203125	0.179688
222	-0.203125	-0.085938
223	-0.171875	0.265625
224	-0.132813	0.101563
225	-0.203125	0.015625
226	-0.257813	0.000000
227	-0.195313	-0.078125
228	-0.203125	-0.132813
229	-0.234375	0.054688
230	-0.265625	-0.031250
231	-0.289063	0.062500
232	-0.234375	0.023438
233	-0.210938	0.085938
234	-0.187500	0.031250
235	-0.250000	-0.101563
236	-0.273438	-0.078125
237	-0.179688	0.132813
238	-0.125000	-0.062500
239	-0.156250	0.007813
240	-0.171875	0.085938
241	-0.281250	0.054688
242	-0.218750	0.046875
243	-0.187500	0.093750
244	-0.242188	0.039063
245	-0.226563	0.046875
246	-0.218750	0.132813
247	-0.210938	-0.226563
248	-0.210938	-0.039063
249	-0.226563	0.031250
250	-0.203125	-0.054688
251	-0.250000	-0.125000
252	-0.234375	0.023438
253	-0.320313	-0.281250
254	-0.312500	0.210938
255	-0.242188	0.257813
256	-0.203125	0.039063
257	-0.226563	0.093750
258	-0.210938	0.031250
259	-0.257813	0.101563
260	-0.179688	0.164063
261	-0.289063	-0.117188
262	-0.203125	0.007813
263	-0.312500	-0.187500
264	-0.265625	0.171875
265	-0.250000	-0.132813
266	-0.148438	-0.109375
267	-0.304688	0.000000
268	-0.257813	-0.148438
269	-0.203125	-0.015625
270	-0.125000	0.085938
271	-0.242188	-0.226563
272	-0.218750	-0.117188
273	-0.226563	-0.117188
274	-0.132813	-0.070313
275	-0.195313	0.000000
276	-0.281250	-0.007813
277	-0.312500	-0.015625
278	-0.234375	0.117188
279	-0.195313	0.078125
280	-0.210938	-0.093750
281	-0.257813	-0.117188
282	-0.320313	0.218750
283	-0.250000	0.281250
284	-0.117188	0.015625
285	-0.312500	-0.093750
286	-0.132813	-0.015625
287	-0.273438	0.031250
288	-0.203125	-0.203125
289	-0.210938	-0.054688
290	-0.250000	0.000000
291	-0.187500	-0.054688
292	-0.250000	0.070313
293	-0.218750	-0.007813
294	-0.226563	-0.054688
295	-0.289063	0.171875
296	-0.289063	0.109375
297	-0.218750	-0.031250
298	-0.195313	0.085938
299	-0.250000	0.015625
300	-0.187500	-0.046875
301	-0.250000	-0.062500
302	-0.242188	-0.015625
303	-0.265625	0.320313
304	-0.242188	-0.093750
305	-0.203125	-0.125000
306	-0.218750	0.125000
307	-0.203125	0.070313
308	-0.242188	-0.078125
309	-0.218750	-0.039063
310	-0.265625	-0.132813
311	-0.203125	0.125000
312	-0.132813	-0.023438
313	-0.273438	0.000000
314	-0.328125	0.070313
315	-0.171875	-0.023438
316	-0.242188	0.023438
317	-0.289063	0.085938
318	-0.210938	-0.039063
319	-0.281250	-0.015625
320	-0.242188	0.007813
321	-0.218750	-0.109375
322	-0.171875	0.007813
323	-0.203125	-0.015625
324	-0.218750	-0.187500
325	-0.164063	-0.039063
326	-0.187500	-0.023438
327	-0.242188	-0.054688
328	-0.187500	-0.054688
329	-0.210938	-0.101563
330	-0.226563	0.023438
331	-0.171875	0.007813
332	-0.312500	0.195313
333	-0.281250	0.054688
334	-0.218750	0.226563
335	-0.328125	-0.078125
336	-0.257813	0.070313
337	-0.281250	0.117188
338	-0.281250	-0.140625
339	-0.257813	-0.007813
340	-0.171875	0.085938
341	-0.257813	0.023438
342	-0.218750	0.015625
343	-0.265625	-0.093750
344	-0.195313	-0.093750
345	-0.171875	0.000000
346	-0.320313	0.273438
347	-0.281250	0.148438
348	-0.156250	-0.031250
349	-0.195313	-0.234375
350	-0.179688	0.054688
351	-0.242188	-0.007813
352	-0.257813	0.023438
353	-0.226563	0.093750
354	-0.195313	0.031250
355	-0.218750	0.140625
356	-0.156250	0.054688
357	-0.179688	-0.085938
358	-0.140625	0.070313
359	-0.250000	0.007813
360	-0.257813	0.085938
361	-0.289063	0.031250
362	-0.273438	-0.195313
363	-0.210938	0.039063
364	-0.296875	0.132813
365	-0.273438	-0.226563
366	-0.210938	-0.062500
367	-0.218750	0.078125
368	-0.234375	-0.140625
369	-0.148438	0.023438
370	-0.171875	0.164063
371	-0.187500	-0.039063
372	-0.187500	0.046875
373	-0.234375	-0.187500
374	-0.187500	-0.125000
375	-0.250000	-0.218750
376	-0.226563	-0.179688
377	-0.281250	-0.078125
378	-0.148438	-0.062500
379	-0.171875	-0.031250
380	-0.234375	0.007813
381	-0.218750	-0.125000
382	-0.210938	-0.164063
383	-0.179688	0.070313
384	-0.187500	0.039063
385	-0.273438	-0.039063
386	-0.179688	0.085938
387	-0.210938	-0.054688
388	-0.218750	0.140625
389	-0.265625	-0.078125
390	-0.234375	0.054688
391	-0.179688	-0.046875
392	-0.312500	-0.125000
393	-0.156250	-0.039063
394	-0.234375	-0.195313
395	-0.187500	-0.101563
396	-0.242188	0.007813
397	-0.296875	-0.023438
398	-0.281250	0.046875
399	-0.164063	-0.031250
400	-0.234375	-0.125000
401	-0.242188	0.148438
402	-0.242188	-0.101563
403	-0.210938	-0.007813
404	-0.195313	-0.023438
405	-0.171875	-0.039063
406	-0.109375	-0.101563
407	-0.226563	-0.007813
408	-0.257813	-0.171875
409	-0.250000	0.210938
410	-0.226563	-0.109375
411	-0.296875	-0.140625
412	-0.265625	0.007813
413	-0.140625	-0.046875
414	-0.226563	-0.234375
415	-0.203125	0.078125
416	-0.304688	0.179688
417	-0.265625	0.140625
418	-0.164063	0.203125
419	-0.195313	-0.093750
420	-0.132813	0.132813
421	-0.226563	0.046875
422	-0.273438	0.093750
423	-0.312500	-0.039063
424	-0.195313	0.039063
425	-0.218750	-0.078125
426	-0.140625	-0.023438
427	-0.218750	-0.015625
428	-0.304688	-0.070313
429	-0.289063	0.046875
430	-0.156250	0.101563
431	-0.195313	-0.023438
432	-0.234375	0.085938
433	-0.226563	-0.117188
434	-0.148438	0.007813
435	-0.218750	-0.101563
436	-0.195313	-0.007813
437	-0.218750	-0.171875
438	-0.218750	0.203125
439	-0.226563	-0.148438
440	-0.210938	-0.171875
441	-0.210938	-0.062500
442	-0.187500	0.117188
443	-0.281250	0.179688
444	-0.226563	0.007813
445	-0.210938	-0.062500
446	-0.070313	0.046875
447	-0.164063	-0.164063
448	-0.250000	0.125000
449	-0.234375	0.062500
450	-0.203125	-0.007813
451	-0.203125	0.007813
452	-0.226563	0.007813
453	-0.250000	0.015625
454	-0.226563	0.046875
455	-0.281250	0.140625
456	-0.164063	0.000000
457	-0.265625	-0.039063
458	-0.164063	0.007813
459	-0.242188	-0.031250
460	-0.226563	-0.234375
461	-0.187500	-0.015625
462	-0.226563	-0.070313
463	-0.164063	-0.046875
464	-0.273438	-0.109375
465	-0.281250	-0.007813
466	-0.171875	-0.023438
467	-0.195313	0.140625
468	-0.156250	0.078125
469	-0.210938	0.015625
470	-0.210938	0.140625
471	-0.117188	-0.125000
472	-0.179688	0.039063
473	-0.179688	0.023438
474	-0.234375	-0.007813
475	-0.218750	0.054688
476	-0.242188	-0.039063
477	-0.226563	0.000000
478	-0.203125	-0.031250
479	-0.179688	0.070313
480	-0.218750	-0.140625
481	-0.164063	0.015625
482	-0.250000	0.164063
483	-0.210938	-0.109375
484	-0.210938	0.179688
485	-0.164063	-0.078125
486	-0.250000	-0.039063
487	-0.250000	0.187500
488	-0.242188	-0.179688
489	-0.148438	-0.007813
490	-0.257813	0.054688
491	-0.273438	-0.046875
492	-0.234375	0.000000
493	-0.265625	-0.007813
494	-0.210938	-0.023438
495	-0.187500	-0.039063
496	-0.203125	-0.062500
497	-0.226563	0.226563
498	-0.140625	0.054688
499	-0.132813	-0.148438
500	-0.304688	-0.015625
501	-0.179688	0.000000
502	-0.203125	-0.164063
503	-0.250000	0.156250
504	-0.250000	-0.226563
505	-0.179688	-0.085938
506	-0.179688	-0.015625
507	-0.265625	-0.117188
508	-0.179688	0.023438
509	-0.250000	0.000000
510	-0.250000	0.039063
511	-0.234375	-0.039063
512	-0.210938	-0.078125
513	-0.250000	0.015625
514	-0.226563	0.023438
515	-0.101563	0.039063
516	-0.164063	0.078125
517	-0.109375	-0.109375
518	-0.171875	-0.070313
519	-0.210938	-0.171875
520	-0.312500	0.132813
521	-0.179688	0.000000
522	-0.156250	-0.132813
523	-0.234375	-0.085938
524	-0.273438	0.046875
525	-0.351563	-0.101563
526	-0.203125	0.187500
527	-0.250000	0.117188
528	-0.234375	0.023438
529	-0.351563	0.125000
530	-0.242188	0.117188
531	-0.203125	0.195313
532	-0.273438	0.062500
533	-0.218750	0.117188
534	-0.164063	-0.046875
535	-0.226563	-0.093750
536	-0.234375	-0.109375
537	-0.304688	-0.062500
538	-0.226563	-0.062500
539	-0.273438	0.062500
540	-0.242188	-0.195313
541	-0.210938	0.046875
542	-0.257813	0.125000
543	-0.187500	-0.015625
544	-0.226563	-0.007813
545	-0.304688	0.054688
546	-0.085938	0.015625
547	-0.226563	0.023438
548	-0.218750	0.265625
549	-0.195313	0.109375
550	-0.156250	0.046875
551	-0.156250	0.015625
552	-0.218750	0.054688
553	-0.234375	-0.078125
554	-0.218750	0.078125
555	-0.203125	-0.054688
556	-0.242188	0.109375
557	-0.164063	-0.171875
558	-0.257813	-0.085938
559	-0.164063	0.054688
560	-0.226563	0.109375
561	-0.171875	0.000000
562	-0.351563	-0.140625
563	-0.195313	-0.171875
564	-0.242188	-0.242188
565	-0.203125	-0.046875
566	-0.132813	-0.078125
567	-0.210938	0.000000
568	-0.273438	0.101563
569	-0.273438	0.093750
570	-0.328125	0.187500
571	-0.117188	0.039063
572	-0.242188	-0.148438
573	-0.234375	-0.296875
574	-0.203125	0.039063
575	-0.179688	-0.109375
576	-0.250000	-0.140625
577	-0.164063	-0.015625
578	-0.265625	-0.179688
579	-0.226563	0.148438
580	-0.218750	0.132813
581	-0.210938	-0.023438
582	-0.195313	-0.007813
583	-0.234375	-0.078125
584	-0.148438	0.039063
585	-0.109375	-0.031250
586	-0.156250	-0.007813
587	-0.289063	0.171875
588	-0.250000	0.171875
589	-0.257813	0.070313
590	-0.195313	0.015625
591	-0.171875	0.007813
592	-0.164063	0.031250
593	-0.210938	-0.007813
594	-0.195313	0.062500
595	-0.132813	-0.062500
596	-0.203125	-0.210938
597	-0.179688	0.062500
598	-0.203125	-0.046875
599	-0.117188	-0.062500
600	-0.203125	0.039063
601	-0.335938	-0.093750
602	-0.273438	0.023438
603	-0.203125	0.156250
604	-0.218750	-0.046875
605	-0.281250	-0.132813
606	-0.265625	-0.078125
607	-0.148438	0.179688
608	-0.273438	-0.179688
609	-0.210938	0.132813
610	-0.234375	0.085938
611	-0.179688	0.023438
612	-0.289063	0.039063
613	-0.257813	0.039063
614	-0.132813	0.093750
615	-0.148438	-0.171875
616	-0.179688	0.023438
617	-0.210938	-0.039063
618	-0.281250	0.015625
619	-0.289063	0.250000
620	-0.195313	-0.039063
621	-0.257813	-0.007813
622	-0.218750	0.023438
623	-0.210938	-0.101563
624	-0.226563	-0.007813
625	-0.265625	0.109375
626	-0.195313	0.156250
627	-0.171875	-0.164063
628	-0.195313	0.070313
629	-0.273438	0.187500
630	-0.218750	0.171875
631	-0.304688	-0.171875
632	-0.226563	0.023438
633	-0.187500	-0.093750
634	-0.335938	-0.023438
635	-0.226563	-0.210938
636	-0.171875	-0.039063
637	-0.273438	-0.023438
638	-0.140625	0.000000
639	-0.187500	0.031250
640	-0.242188	-0.218750
641	-0.242188	0.070313
642	-0.156250	0.070313
643	-0.187500	-0.031250
644	-0.195313	0.210938
645	-0.242188	0.281250
646	-0.148438	0.000000
647	-0.242188	-0.250000
648	-0.164063	0.117188
649	-0.242188	0.062500
650	-0.148438	-0.039063
651	-0.125000	-0.132813
652	-0.257813	-0.046875
653	-0.234375	0.000000
654	-0.140625	-0.054688
655	-0.164063	-0.093750
656	-0.187500	0.085938
657	-0.140625	-0.039063
658	-0.148438	-0.140625
659	-0.257813	-0.195313
660	-0.304688	0.070313
661	-0.101563	-0.023438
662	-0.210938	0.031250
663	-0.156250	-0.046875
664	-0.257813	-0.078125
665	-0.203125	0.187500
666	-0.257813	0.031250
667	-0.195313	0.046875
668	-0.234375	0.039063
669	-0.218750	-0.031250
670	-0.257813	0.007813
671	-0.195313	-0.101563
672	-0.250000	-0.062500
673	-0.273438	-0.054688
674	-0.187500	0.117188
675	-0.242188	0.054688
676	-0.156250	-0.125000
677	-0.125000	0.015625
678	-0.218750	0.023438
679	-0.164063	0.078125
680	-0.148438	-0.078125
681	-0.179688	-0.046875
682	-0.210938	-0.015625
683	-0.265625	0.085938
684	-0.210938	-0.148438
685	-0.257813	0.132813
686	-0.234375	-0.187500
687	-0.148438	-0.046875
688	-0.218750	0.093750
689	-0.250000	0.000000
690	-0.210938	0.164063
691	-0.187500	-0.132813
692	-0.226563	-0.093750
693	-0.140625	0.039063
694	-0.164063	-0.039063
695	-0.242188	-0.187500
696	-0.343750	0.023438
697	-0.195313	0.085938
698	-0.320313	-0.148438
699	-0.195313	0.000000
700	-0.187500	0.000000
701	-0.148438	0.093750
702	-0.203125	-0.101563
703	-0.210938	0.078125
704	-0.234375	-0.031250
705	-0.148438	-0.101563
706	-0.203125	0.046875
707	-0.210938	0.117188
708	-0.281250	0.179688
709	-0.203125	0.023438
710	-0.210938	0.007813
711	-0.226563	-0.015625
712	-0.210938	0.039063
713	-0.304688	-0.070313
714	-0.187500	-0.085938
715	-0.195313	0.171875
716	-0.195313	-0.085938
717	-0.234375	-0.023438
718	-0.148438	-0.125000
719	-0.203125	0.093750
720	-0.234375	-0.062500
721	-0.203125	-0.109375
722	-0.109375	0.000000
723	-0.304688	0.164063
724	-0.273438	-0.132813
725	-0.296875	0.054688
726	-0.226563	-0.039063
727	-0.210938	0.007813
728	-0.234375	0.210938
729	-0.140625	0.046875
730	-0.179688	0.046875
731	-0.164063	-0.007813
732	-0.250000	0.101563
733	-0.179688	-0.023438
734	-0.250000	-0.085938
735	-0.226563	-0.054688
736	-0.257813	0.171875
737	-0.265625	-0.031250
738	-0.234375	0.007813
739	-0.179688	-0.054688
740	-0.265625	-0.171875
741	-0.226563	-0.195313
742	-0.226563	0.078125
743	-0.164063	0.015625
744	-0.195313	0.054688
745	-0.218750	-0.101563
746	-0.265625	-0.101563
747	-0.281250	0.023438
748	-0.179688	0.000000
749	-0.226563	0.023438
750	-0.203125	-0.187500
751	-0.257813	-0.085938
752	-0.289063	0.101563
753	-0.179688	-0.046875
754	-0.171875	0.046875
755	-0.179688	-0.039063
756	-0.273438	0.078125
757	-0.210938	-0.070313
758	-0.234375	-0.101563
759	-0.296875	-0.093750
760	-0.242188	0.062500
761	-0.367188	0.109375
762	-0.218750	-0.031250
763	-0.226563	0.023438
764	-0.210938	0.164063
765	-0.140625	0.164063
766	-0.273438	0.070313
767	-0.210938	0.085938
768	-0.296875	-0.171875
769	-0.195313	-0.039063
770	-0.273438	-0.039063
771	-0.210938	0.132813
772	-0.132813	0.062500
773	-0.265625	-0.015625
774	-0.179688	0.078125
775	-0.250000	0.046875
776	-0.132813	-0.039063
777	-0.179688	-0.062500
778	-0.265625	-0.046875
779	-0.210938	-0.125000
780	-0.203125	-0.101563
781	-0.273438	-0.039063
782	-0.289063	0.000000
783	-0.203125	0.218750
784	-0.195313	-0.148438
785	-0.242188	0.125000
786	-0.179688	0.000000
787	-0.281250	0.171875
788	-0.234375	0.062500
789	-0.148438	0.000000
790	-0.281250	0.117188
791	-0.218750	-0.078125
792	-0.234375	0.140625
793	-0.335938	-0.210938
794	-0.289063	0.007813
795	-0.179688	-0.085938
796	-0.304688	-0.093750
797	-0.164063	0.046875
798	-0.210938	0.304688
799	-0.171875	-0.015625
800	-0.257813	-0.101563
801	-0.265625	-0.148438
802	-0.187500	-0.015625
803	-0.234375	0.226563
804	-0.203125	0.085938
805	-0.195313	0.101563
806	-0.234375	-0.031250
807	-0.273438	-0.023438
808	-0.187500	-0.078125
809	-0.250000	0.156250
810	-0.343750	-0.007813
811	-0.257813	-0.070313
812	-0.210938	-0.070313
813	-0.242188	-0.046875
814	-0.304688	-0.093750
815	-0.218750	-0.039063
816	-0.078125	-0.039063
817	-0.296875	-0.218750
818	-0.257813	0.085938
819	-0.140625	-0.007813
820	-0.257813	0.054688
821	-0.148438	0.046875
822	-0.125000	-0.132813
823	-0.125000	0.156250
824	-0.187500	0.023438
825	-0.273438	-0.148438
826	-0.273438	0.062500
827	-0.343750	0.140625
828	-0.195313	-0.007813
829	-0.156250	-0.054688
830	-0.187500	-0.195313
831	-0.265625	0.039063
832	-0.210938	-0.078125
833	-0.164063	0.031250
834	-0.132813	-0.195313
835	-0.210938	0.093750
836	-0.257813	0.046875
837	-0.164063	0.070313
838	-0.195313	0.046875
839	-0.210938	-0.148438
840	-0.132813	-0.007813
841	-0.304688	-0.031250
842	-0.187500	0.023438
843	-0.234375	-0.070313
844	-0.085938	0.046875
845	-0.125000	0.210938
846	-0.210938	-0.078125
847	-0.179688	-0.195313
848	-0.289063	-0.117188
849	-0.179688	-0.093750
850	-0.273438	0.078125
851	-0.195313	0.062500
852	-0.281250	-0.203125
853	-0.179688	-0.023438
854	-0.195313	-0.101563
855	-0.210938	-0.031250
856	-0.289063	-0.148438
857	-0.226563	-0.078125
858	-0.125000	0.039063
859	-0.171875	-0.031250
860	-0.242188	-0.078125
861	-0.203125	0.085938
862	-0.179688	0.093750
863	-0.273438	-0.265625
864	-0.218750	-0.101563
865	-0.203125	0.000000
866	-0.257813	0.289063
867	-0.179688	-0.101563
868	-0.156250	-0.046875
869	-0.226563	-0.046875
870	-0.203125	0.140625
871	-0.187500	0.093750
872	-0.187500	0.054688
873	-0.242188	0.054688
874	-0.179688	0.195313
875	-0.289063	0.171875
876	-0.218750	-0.054688
877	-0.218750	0.085938
878	-0.242188	0.187500
879	-0.265625	0.054688
880	-0.367188	-0.304688
881	-0.179688	-0.085938
882	-0.195313	0.101563
883	-0.218750	-0.070313
884	-0.289063	-0.195313
885	-0.265625	-0.093750
886	-0.164063	-0.023438
887	-0.164063	0.148438
888	-0.273438	-0.093750
889	-0.203125	0.078125
890	-0.164063	-0.085938
891	-0.187500	-0.015625
892	-0.179688	0.046875
893	-0.078125	-0.007813
894	-0.171875	-0.070313
895	-0.085938	-0.054688
896	-0.171875	-0.031250
897	-0.242188	0.156250
898	-0.281250	0.179688
899	-0.218750	0.093750
900	-0.210938	0.046875
901	-0.132813	0.015625
902	-0.257813	0.062500
903	-0.156250	0.070313
904	-0.203125	-0.031250
905	-0.164063	-0.109375
906	-0.250000	0.085938
907	-0.171875	-0.046875
908	-0.257813	-0.023438
909	-0.203125	-0.023438
910	-0.187500	-0.023438
911	-0.218750	-0.187500
912	-0.187500	-0.125000
913	-0.210938	-0.031250
914	-0.226563	-0.015625
915	-0.171875	-0.085938
916	-0.226563	-0.078125
917	-0.101563	-0.039063
918	-0.281250	-0.156250
919	-0.226563	-0.015625
920	-0.242188	-0.023438
921	-0.257813	0.078125
922	-0.218750	-0.125000
923	-0.210938	0.054688
924	-0.140625	-0.101563
925	-0.179688	-0.007813
926	-0.218750	-0.179688
927	-0.195313	-0.179688
928	-0.164063	0.031250
929	-0.210938	-0.031250
930	-0.257813	0.015625
931	-0.273438	-0.296875
932	-0.203125	-0.070313
933	-0.234375	-0.007813
934	-0.156250	0.015625
935	-0.203125	-0.070313
936	-0.250000	0.117188
937	-0.148438	-0.023438
938	-0.140625	0.171875
939	-0.171875	0.109375
940	-0.304688	-0.039063
941	-0.265625	0.109375
942	-0.273438	-0.117188
943	-0.203125	-0.117188
944	-0.148438	0.117188
945	-0.242188	0.156250
946	-0.226563	-0.210938
947	-0.273438	0.062500
948	-0.171875	-0.023438
949	-0.234375	0.039063
950	-0.179688	-0.007813
951	-0.226563	-0.179688
952	-0.203125	-0.062500
953	-0.281250	-0.109375
954	-0.187500	-0.031250
955	-0.265625	-0.039063
956	-0.148438	0.046875
957	-0.203125	0.125000
958	-0.289063	0.070313
959	-0.125000	0.117188
960	-0.156250	-0.140625
961	-0.187500	-0.093750
962	-0.296875	-0.242188
963	-0.250000	0.007813
964	-0.132813	-0.101563
965	-0.187500	0.109375
966	-0.195313	0.007813
967	-0.171875	-0.015625
968	-0.304688	-0.109375
969	-0.210938	0.031250
970	-0.250000	-0.062500
971	-0.265625	0.164063
972	-0.296875	0.234375
973	-0.218750	-0.023438
974	-0.257813	-0.164063
975	-0.164063	0.039063
976	-0.281250	0.164063
977	-0.125000	0.015625
978	-0.164063	0.054688
979	-0.218750	0.101563
980	-0.132813	0.054688
981	-0.203125	-0.078125
982	-0.257813	0.000000
983	-0.281250	0.054688
984	-0.117188	0.031250
985	-0.132813	0.085938
986	-0.171875	-0.054688
987	-0.195313	-0.093750
988	-0.203125	-0.187500
989	-0.218750	0.070313
990	-0.195313	0.000000
991	-0.187500	-0.015625
992	-0.179688	0.015625
993	-0.179688	-0.046875
994	-0.242188	0.210938
995	-0.187500	-0.062500
996	-0.296875	0.007813
997	-0.273438	-0.156250
998	-0.226563	-0.156250
999	-0.156250	-0.062500
