0	-0.406250	-0.078125
1	-0.437500	0.078125
2	-0.492188	0.250000
3	-0.460938	-0.015625
4	-0.445313	-0.046875
5	-0.445313	-0.156250
6	-0.476563	0.460938
7	-0.531250	0.273438
8	-0.390625	-0.062500
9	-0.406250	0.132813
10	-0.484375	0.265625
11	-0.328125	0.218750
12	-0.531250	0.234375
13	-0.429688	0.265625
14	-0.429688	0.226563
15	-0.484375	-0.312500
16	-0.421875	0.101563
17	-0.453125	0.273438
18	-0.328125	-0.125000
19	-0.500000	-0.156250
20	-0.421875	-0.179688
21	-0.453125	-0.492188
22	-0.460938	-0.257813
23	-0.515625	0.437500
24	-0.382813	0.234375
25	-0.554688	0.367188
26	-0.406250	-0.125000
27	-0.453125	-0.125000
28	-0.445313	-0.210938
29	-0.484375	-0.398438
30	-0.492188	-0.375000
31	-0.507813	-0.445313
32	-0.312500	0.093750
33	-0.343750	0.085938
34	-0.414063	0.000000
35	-0.414063	-0.132813
36	-0.531250	0.273438
37	-0.382813	0.132813
38	-0.468750	0.375000
39	-0.492188	0.093750
40	-0.507813	-0.148438
41	-0.539063	0.351563
42	-0.375000	-0.039063
43	-0.453125	-0.054688
44	-0.359375	-0.203125
45	-0.375000	-0.187500
46	-0.382813	-0.070313
47	-0.554688	0.585938
48	-0.468750	0.445313
49	-0.375000	0.000000
50	-0.500000	-0.023438
51	-0.273438	0.093750
52	-0.437500	-0.359375
53	-0.507813	-0.609375
54	-0.437500	-0.382813
55	-0.617188	-0.664063
56	-0.343750	-0.015625
57	-0.398438	-0.125000
58	-0.382813	0.054688
59	-0.437500	-0.132813
60	-0.476563	0.070313
61	-0.460938	-0.023438
62	-0.421875	0.093750
63	-0.382813	0.242188
64	-0.359375	-0.031250
65	-0.398438	0.101563
66	-0.359375	0.117188
67	-0.445313	-0.031250
68	-0.554688	-0.328125
69	-0.500000	-0.320313
70	-0.531250	-0.617188
71	-0.421875	-0.046875
72	-0.375000	-0.078125
73	-0.398438	0.164063
74	-0.382813	0.140625
75	-0.375000	0.101563
76	-0.398438	-0.242188
77	-0.390625	-0.085938
78	-0.335938	-0.109375
79	-0.359375	-0.312500
80	-0.492188	0.343750
81	-0.554688	0.218750
82	-0.726563	0.710938
83	-0.382813	0.148438
84	-0.398438	0.242188
85	-0.476563	0.171875
86	-0.437500	-0.007813
87	-0.421875	-0.242188
88	-0.335938	-0.046875
89	-0.437500	0.148438
90	-0.414063	0.000000
91	-0.484375	0.156250
92	-0.398438	-0.257813
93	-0.445313	0.187500
94	-0.445313	0.187500
95	-0.531250	0.492188
96	-0.539063	0.476563
97	-0.429688	-0.007813
98	-0.406250	-0.273438
99	-0.343750	-0.148438
100	-0.507813	-0.500000
101	-0.437500	-0.179688
102	-0.367188	0.210938
103	-0.406250	0.078125
104	-0.570313	0.242188
105	-0.460938	-0.257813
106	-0.406250	-0.046875
107	-0.476563	0.210938
108	-0.390625	0.031250
109	-0.429688	0.218750
110	-0.460938	0.257813
111	-0.484375	-0.289063
112	-0.468750	-0.453125
113	-0.515625	-0.109375
114	-0.359375	-0.273438
115	-0.375000	-0.195313
116	-0.367188	-0.273438
117	-0.296875	0.093750
118	-0.367188	-0.007813
119	-0.414063	0.078125
120	-0.445313	-0.242188
121	-0.437500	0.070313
122	-0.531250	-0.453125
123	-0.468750	-0.257813
124	-0.531250	-0.015625
125	-0.468750	0.226563
126	-0.382813	0.195313
127	-0.406250	0.171875
128	-0.453125	0.187500
129	-0.476563	-0.164063
130	-0.375000	0.156250
131	-0.398438	0.195313
132	-0.398438	0.078125
133	-0.421875	0.273438
134	-0.460938	0.453125
135	-0.304688	0.148438
136	-0.406250	-0.007813
137	-0.382813	0.007813
138	-0.398438	0.156250
139	-0.437500	0.359375
140	-0.445313	0.164063
141	-0.335938	0.289063
142	-0.367188	-0.187500
143	-0.328125	0.171875
144	-0.367188	-0.023438
145	-0.390625	0.164063
146	-0.507813	0.406250
147	-0.382813	0.195313
148	-0.609375	0.570313
149	-0.398438	-0.023438
150	-0.359375	-0.031250
151	-0.421875	0.351563
152	-0.453125	-0.234375
153	-0.398438	0.070313
154	-0.429688	0.382813
155	-0.500000	0.390625
156	-0.414063	0.476563
157	-0.421875	0.101563
158	-0.398438	0.000000
159	-0.492188	0.515625
160	-0.421875	0.320313
161	-0.476563	0.132813
162	-0.414063	-0.109375
163	-0.390625	0.054688
164	-0.359375	-0.257813
165	-0.531250	-0.289063
166	-0.414063	0.031250
167	-0.398438	-0.101563
168	-0.421875	-0.390625
169	-0.484375	0.203125
170	-0.421875	-0.054688
171	-0.382813	-0.085938
172	-0.445313	0.265625
173	-0.453125	0.250000
174	-0.593750	-0.007813
175	-0.453125	0.085938
176	-0.437500	-0.109375
177	-0.390625	-0.281250
178	-0.453125	-0.507813
179	-0.460938	-0.218750
180	-0.460938	-0.304688
181	-0.476563	-0.367188
182	-0.476563	0.187500
183	-0.367188	-0.039063
184	-0.453125	-0.320313
185	-0.476563	0.148438
186	-0.484375	-0.023438
187	-0.382813	0.148438
188	-0.500000	-0.367188
189	-0.375000	-0.203125
190	-0.437500	0.234375
191	-0.421875	-0.195313
192	-0.484375	0.203125
193	-0.476563	-0.273438
194	-0.429688	0.125000
195	-0.445313	0.351563
196	-0.468750	0.140625
197	-0.382813	-0.359375
198	-0.445313	-0.304688
199	-0.421875	-0.343750
200	-0.445313	0.000000
201	-0.531250	0.414063
202	-0.382813	0.109375
203	-0.398438	0.421875
204	-0.390625	0.054688
205	-0.492188	-0.062500
206	-0.328125	0.125000
207	-0.453125	-0.195313
208	-0.421875	-0.210938
209	-0.500000	0.257813
210	-0.445313	0.156250
211	-0.445313	0.023438
212	-0.523438	-0.492188
213	-0.359375	0.085938
214	-0.437500	-0.312500
215	-0.492188	-0.320313
216	-0.500000	0.226563
217	-0.429688	0.437500
218	-0.437500	0.289063
219	-0.468750	0.093750
220	-0.476563	0.359375
221	-0.398438	-0.203125
222	-0.367188	0.187500
223	-0.539063	-0.093750
224	-0.437500	-0.046875
225	-0.476563	-0.109375
226	-0.484375	0.078125
227	-0.476563	0.164063
228	-0.328125	0.109375
229	-0.359375	0.117188
230	-0.484375	-0.039063
231	-0.484375	0.304688
232	-0.406250	0.140625
233	-0.375000	-0.085938
234	-0.289063	-0.015625
235	-0.375000	-0.093750
236	-0.429688	-0.132813
237	-0.460938	-0.335938
238	-0.375000	-0.039063
239	-0.500000	-0.203125
240	-0.453125	-0.015625
241	-0.453125	0.203125
242	-0.453125	0.179688
243	-0.343750	0.226563
244	-0.429688	-0.093750
245	-0.382813	0.171875
246	-0.414063	-0.101563
247	-0.335938	-0.140625
248	-0.375000	0.031250
249	-0.492188	-0.289063
250	-0.453125	-0.148438
251	-0.375000	0.093750
252	-0.484375	-0.093750
253	-0.476563	0.226563
254	-0.531250	0.476563
255	-0.468750	0.109375
256	-0.492188	0.062500
257	-0.500000	-0.242188
258	-0.476563	-0.179688
259	-0.492188	-0.437500
260	-0.492188	-0.515625
261	-0.476563	-0.210938
262	-0.453125	-0.226563
263	-0.429688	-0.406250
264	-0.523438	-0.171875
265	-0.328125	-0.062500
266	-0.453125	-0.250000
267	-0.445313	0.273438
268	-0.492188	0.335938
269	-0.484375	0.054688
270	-0.429688	-0.359375
271	-0.460938	-0.179688
272	-0.382813	-0.101563
273	-0.335938	-0.031250
274	-0.367188	0.000000
275	-0.398438	0.250000
276	-0.429688	-0.054688
277	-0.468750	0.046875
278	-0.382813	-0.085938
279	-0.445313	-0.195313
280	-0.453125	-0.429688
281	-0.437500	0.281250
282	-0.445313	0.023438
283	-0.351563	0.070313
284	-0.414063	-0.164063
285	-0.437500	0.031250
286	-0.390625	-0.234375
287	-0.390625	0.156250
288	-0.500000	-0.148438
289	-0.453125	-0.226563
290	-0.406250	-0.304688
291	-0.437500	-0.109375
292	-0.445313	-0.023438
293	-0.546875	0.375000
294	-0.437500	0.000000
295	-0.445313	0.007813
296	-0.445313	0.234375
297	-0.437500	-0.109375
298	-0.406250	-0.132813
299	-0.367188	-0.179688
300	-0.492188	-0.132813
301	-0.609375	-0.539063
302	-0.414063	-0.109375
303	-0.445313	0.382813
304	-0.515625	0.250000
305	-0.593750	0.421875
306	-0.437500	-0.046875
307	-0.500000	-0.039063
308	-0.460938	-0.476563
309	-0.523438	-0.460938
310	-0.500000	-0.031250
311	-0.492188	-0.023438
312	-0.437500	-0.140625
313	-0.398438	-0.015625
314	-0.492188	-0.281250
315	-0.406250	-0.281250
316	-0.507813	-0.414063
317	-0.492188	-0.148438
318	-0.421875	-0.421875
319	-0.335938	-0.078125
320	-0.500000	0.367188
321	-0.539063	0.117188
322	-0.453125	0.054688
323	-0.414063	0.296875
324	-0.468750	0.109375
325	-0.382813	-0.085938
326	-0.375000	-0.125000
327	-0.468750	-0.156250
328	-0.445313	0.085938
329	-0.382813	0.007813
330	-0.554688	0.328125
331	-0.414063	0.109375
332	-0.421875	0.015625
333	-0.531250	0.125000
334	-0.500000	0.085938
335	-0.554688	0.296875
336	-0.335938	-0.187500
337	-0.500000	0.429688
338	-0.429688	0.132813
339	-0.554688	0.070313
340	-0.453125	-0.031250
341	-0.515625	0.195313
342	-0.437500	0.210938
343	-0.390625	0.250000
344	-0.421875	0.195313
345	-0.335938	0.046875
346	-0.328125	-0.070313
347	-0.476563	0.367188
348	-0.375000	0.140625
349	-0.484375	-0.328125
350	-0.375000	0.078125
351	-0.359375	-0.007813
352	-0.375000	-0.140625
353	-0.445313	-0.460938
354	-0.382813	-0.132813
355	-0.468750	-0.031250
356	-0.367188	0.070313
357	-0.406250	0.054688
358	-0.382813	0.164063
359	-0.500000	0.453125
360	-0.531250	0.578125
361	-0.515625	-0.046875
362	-0.484375	-0.171875
363	-0.421875	0.125000
364	-0.375000	-0.203125
365	-0.500000	-0.203125
366	-0.523438	0.093750
367	-0.500000	-0.117188
368	-0.414063	-0.492188
369	-0.281250	-0.148438
370	-0.437500	0.140625
371	-0.382813	-0.046875
372	-0.500000	-0.054688
373	-0.531250	0.250000
374	-0.375000	0.210938
375	-0.398438	0.242188
376	-0.570313	-0.125000
377	-0.421875	0.070313
378	-0.390625	-0.007813
379	-0.414063	-0.046875
380	-0.437500	-0.437500
381	-0.406250	0.062500
382	-0.523438	-0.101563
383	-0.390625	0.039063
384	-0.445313	0.289063
385	-0.429688	0.335938
386	-0.335938	0.140625
387	-0.343750	0.039063
388	-0.531250	-0.414063
389	-0.421875	-0.203125
390	-0.437500	-0.007813
391	-0.351563	-0.070313
392	-0.546875	0.125000
393	-0.398438	0.156250
394	-0.398438	0.039063
395	-0.515625	0.460938
396	-0.312500	0.109375
397	-0.515625	-0.492188
398	-0.429688	-0.460938
399	-0.359375	-0.007813
400	-0.476563	-0.312500
401	-0.343750	0.093750
402	-0.476563	0.054688
403	-0.554688	-0.289063
404	-0.468750	-0.203125
405	-0.429688	0.343750
406	-0.460938	0.101563
407	-0.406250	0.445313
408	-0.484375	0.054688
409	-0.445313	0.031250
410	-0.312500	0.171875
411	-0.453125	0.210938
412	-0.554688	0.320313
413	-0.421875	0.281250
414	-0.445313	-0.046875
415	-0.500000	-0.554688
416	-0.367188	-0.140625
417	-0.390625	0.054688
418	-0.484375	-0.046875
419	-0.484375	-0.078125
420	-0.320313	-0.125000
421	-0.382813	0.289063
422	-0.367188	0.101563
423	-0.367188	-0.062500
424	-0.437500	0.085938
425	-0.492188	0.125000
426	-0.554688	-0.468750
427	-0.351563	-0.140625
428	-0.445313	-0.320313
429	-0.390625	0.015625
430	-0.460938	-0.046875
431	-0.500000	-0.015625
432	-0.523438	0.039063
433	-0.390625	0.164063
434	-0.437500	0.312500
435	-0.554688	-0.007813
436	-0.453125	-0.031250
437	-0.578125	0.414063
438	-0.468750	0.296875
439	-0.375000	0.226563
440	-0.460938	0.070313
441	-0.492188	-0.312500
442	-0.343750	-0.304688
443	-0.375000	-0.218750
444	-0.429688	-0.101563
445	-0.484375	-0.148438
446	-0.476563	0.132813
447	-0.460938	0.203125
448	-0.453125	0.265625
449	-0.414063	-0.078125
450	-0.335938	-0.039063
451	-0.453125	-0.242188
452	-0.476563	-0.117188
453	-0.562500	-0.359375
454	-0.515625	-0.585938
455	-0.390625	-0.148438
456	-0.421875	-0.195313
457	-0.328125	0.039063
458	-0.375000	0.195313
459	-0.429688	0.234375
460	-0.484375	0.210938
461	-0.398438	-0.179688
462	-0.468750	-0.296875
463	-0.398438	-0.031250
464	-0.460938	-0.226563
465	-0.476563	-0.101563
466	-0.445313	0.367188
467	-0.601563	-0.492188
468	-0.328125	-0.015625
469	-0.414063	-0.125000
470	-0.453125	-0.312500
471	-0.625000	0.242188
472	-0.351563	-0.093750
473	-0.445313	-0.156250
474	-0.468750	-0.062500
475	-0.398438	0.203125
476	-0.429688	0.375000
477	-0.468750	0.226563
478	-0.343750	0.171875
479	-0.429688	0.101563
480	-0.351563	-0.023438
481	-0.453125	0.070313
482	-0.367188	-0.171875
483	-0.343750	-0.078125
484	-0.406250	0.171875
485	-0.484375	0.281250
486	-0.484375	0.320313
487	-0.515625	0.093750
488	-0.359375	-0.031250
489	-0.382813	0.070313
490	-0.398438	0.093750
491	-0.500000	0.000000
492	-0.500000	0.015625
493	-0.460938	-0.015625
494	-0.375000	-0.453125
495	-0.437500	-0.296875
496	-0.414063	-0.148438
497	-0.460938	-0.460938
498	-0.453125	0.289063
499	-0.390625	0.226563
500	-0.523438	0.179688
501	-0.484375	0.148438
502	-0.445313	0.132813
503	-0.460938	0.218750
504	-0.445313	-0.500000
505	-0.437500	-0.023438
506	-0.414063	-0.265625
507	-0.523438	0.117188
508	-0.492188	0.359375
509	-0.375000	-0.007813
510	-0.468750	0.250000
511	-0.476563	0.140625
512	-0.289063	0.132813
513	-0.421875	0.257813
514	-0.445313	0.031250
515	-0.406250	0.195313
516	-0.500000	0.203125
517	-0.507813	-0.023438
518	-0.546875	0.265625
519	-0.539063	-0.226563
520	-0.367188	-0.085938
521	-0.492188	0.242188
522	-0.578125	0.335938
523	-0.429688	0.414063
524	-0.500000	0.437500
525	-0.453125	0.257813
526	-0.335938	-0.117188
527	-0.359375	0.085938
528	-0.460938	0.000000
529	-0.625000	-0.640625
530	-0.382813	-0.265625
531	-0.460938	-0.343750
532	-0.359375	-0.101563
533	-0.437500	0.140625
534	-0.414063	-0.078125
535	-0.445313	-0.117188
536	-0.351563	-0.312500
537	-0.429688	-0.335938
538	-0.429688	-0.250000
539	-0.414063	0.335938
540	-0.500000	0.007813
541	-0.390625	-0.125000
542	-0.367188	-0.164063
543	-0.539063	0.250000
544	-0.359375	0.218750
545	-0.507813	0.507813
546	-0.320313	-0.015625
547	-0.375000	-0.015625
548	-0.453125	0.351563
549	-0.476563	0.093750
550	-0.523438	-0.023438
551	-0.468750	0.093750
552	-0.476563	-0.187500
553	-0.500000	-0.390625
554	-0.351563	-0.070313
555	-0.359375	0.312500
556	-0.437500	0.210938
557	-0.359375	0.171875
558	-0.484375	0.445313
559	-0.609375	0.562500
560	-0.492188	0.281250
561	-0.429688	0.296875
562	-0.515625	0.312500
563	-0.398438	0.101563
564	-0.390625	-0.226563
565	-0.546875	0.406250
566	-0.437500	0.179688
567	-0.335938	-0.007813
568	-0.421875	0.281250
569	-0.445313	-0.015625
570	-0.453125	0.492188
571	-0.500000	-0.273438
572	-0.531250	0.054688
573	-0.375000	-0.023438
574	-0.406250	0.304688
575	-0.437500	0.046875
576	-0.562500	-0.476563
577	-0.429688	-0.250000
578	-0.335938	-0.250000
579	-0.429688	0.164063
580	-0.460938	0.156250
581	-0.429688	0.273438
582	-0.414063	-0.070313
583	-0.382813	0.015625
584	-0.414063	-0.242188
585	-0.398438	0.351563
586	-0.492188	-0.109375
587	-0.460938	-0.125000
588	-0.320313	0.023438
589	-0.460938	-0.085938
590	-0.476563	-0.093750
591	-0.414063	0.296875
592	-0.437500	0.343750
593	-0.351563	-0.007813
594	-0.539063	-0.515625
595	-0.398438	-0.289063
596	-0.437500	-0.062500
597	-0.507813	-0.148438
598	-0.476563	-0.257813
599	-0.562500	-0.234375
600	-0.281250	-0.109375
601	-0.429688	-0.320313
602	-0.367188	-0.164063
603	-0.453125	0.085938
604	-0.484375	-0.187500
605	-0.484375	0.156250
606	-0.437500	0.101563
607	-0.468750	0.031250
608	-0.414063	0.218750
609	-0.390625	0.093750
610	-0.445313	0.046875
611	-0.406250	0.101563
612	-0.492188	0.078125
613	-0.453125	0.085938
614	-0.468750	-0.250000
615	-0.398438	-0.117188
616	-0.507813	-0.226563
617	-0.429688	-0.148438
618	-0.515625	-0.171875
619	-0.476563	0.429688
620	-0.406250	-0.031250
621	-0.367188	0.132813
622	-0.460938	0.398438
623	-0.414063	0.242188
624	-0.445313	0.226563
625	-0.429688	-0.171875
626	-0.406250	-0.140625
627	-0.390625	-0.296875
628	-0.406250	-0.390625
629	-0.507813	0.156250
630	-0.398438	0.476563
631	-0.359375	0.031250
632	-0.367188	-0.039063
633	-0.421875	-0.359375
634	-0.437500	-0.117188
635	-0.500000	-0.148438
636	-0.296875	-0.078125
637	-0.500000	-0.304688
638	-0.437500	-0.351563
639	-0.382813	0.273438
640	-0.429688	-0.015625
641	-0.507813	0.437500
642	-0.390625	0.015625
643	-0.359375	-0.062500
644	-0.421875	-0.046875
645	-0.421875	0.140625
646	-0.406250	-0.078125
647	-0.421875	0.062500
648	-0.382813	0.148438
649	-0.585938	0.578125
650	-0.539063	0.109375
651	-0.437500	0.375000
652	-0.398438	0.070313
653	-0.398438	-0.085938
654	-0.453125	-0.093750
655	-0.414063	0.117188
656	-0.453125	0.296875
657	-0.406250	0.164063
658	-0.437500	0.242188
659	-0.382813	0.179688
660	-0.398438	-0.015625
661	-0.453125	-0.312500
662	-0.429688	-0.195313
663	-0.500000	0.000000
664	-0.390625	0.320313
665	-0.328125	0.132813
666	-0.367188	0.117188
667	-0.375000	-0.039063
668	-0.554688	0.343750
669	-0.515625	-0.281250
670	-0.484375	0.000000
671	-0.515625	-0.007813
672	-0.390625	-0.148438
673	-0.460938	-0.242188
674	-0.382813	-0.078125
675	-0.437500	-0.210938
676	-0.281250	0.156250
677	-0.382813	0.132813
678	-0.484375	0.000000
679	-0.437500	0.195313
680	-0.531250	-0.445313
681	-0.289063	0.171875
682	-0.468750	0.023438
683	-0.476563	-0.289063
684	-0.500000	-0.117188
685	-0.554688	0.460938
686	-0.492188	0.445313
687	-0.375000	0.414063
688	-0.414063	0.414063
689	-0.468750	0.484375
690	-0.523438	0.039063
691	-0.414063	-0.117188
692	-0.476563	-0.429688
693	-0.507813	-0.242188
694	-0.437500	0.093750
695	-0.414063	-0.007813
696	-0.500000	-0.382813
697	-0.398438	-0.156250
698	-0.515625	0.101563
699	-0.468750	-0.179688
700	-0.421875	0.101563
701	-0.609375	-0.078125
702	-0.335938	-0.054688
703	-0.429688	0.007813
704	-0.468750	0.265625
705	-0.546875	0.296875
706	-0.375000	-0.132813
707	-0.343750	0.250000
708	-0.382813	-0.085938
709	-0.390625	0.445313
710	-0.390625	0.351563
711	-0.398438	0.234375
712	-0.476563	-0.125000
713	-0.484375	-0.210938
714	-0.460938	-0.375000
715	-0.437500	-0.335938
716	-0.375000	0.046875
717	-0.421875	-0.125000
718	-0.382813	0.328125
719	-0.398438	-0.132813
720	-0.445313	0.507813
721	-0.304688	-0.117188
722	-0.453125	-0.226563
723	-0.382813	-0.023438
724	-0.437500	0.226563
725	-0.429688	0.351563
726	-0.476563	-0.281250
727	-0.414063	0.226563
728	-0.429688	-0.218750
729	-0.468750	-0.179688
730	-0.445313	-0.039063
731	-0.484375	0.414063
732	-0.359375	0.007813
733	-0.375000	0.234375
734	-0.382813	0.164063
735	-0.398438	0.101563
736	-0.484375	-0.234375
737	-0.437500	-0.390625
738	-0.460938	-0.578125
739	-0.437500	-0.140625
740	-0.460938	0.015625
741	-0.531250	0.171875
742	-0.414063	-0.250000
743	-0.421875	0.054688
744	-0.460938	0.179688
745	-0.382813	-0.117188
746	-0.484375	-0.031250
747	-0.359375	0.117188
748	-0.468750	-0.125000
749	-0.500000	-0.429688
750	-0.406250	0.062500
751	-0.257813	-0.070313
752	-0.390625	-0.093750
753	-0.507813	-0.289063
754	-0.484375	-0.289063
755	-0.531250	-0.421875
756	-0.515625	-0.289063
757	-0.375000	-0.171875
758	-0.351563	0.023438
759	-0.593750	0.460938
760	-0.453125	0.140625
761	-0.375000	0.070313
762	-0.476563	-0.273438
763	-0.375000	-0.234375
764	-0.414063	0.250000
765	-0.453125	0.289063
766	-0.414063	0.226563
767	-0.500000	0.218750
768	-0.335938	0.125000
769	-0.523438	0.257813
770	-0.414063	0.164063
771	-0.515625	-0.062500
772	-0.429688	-0.070313
773	-0.406250	-0.148438
774	-0.398438	0.335938
775	-0.500000	0.179688
776	-0.468750	0.210938
777	-0.476563	-0.195313
778	-0.414063	-0.132813
779	-0.398438	-0.164063
780	-0.515625	0.351563
781	-0.421875	0.156250
782	-0.484375	-0.429688
783	-0.398438	0.000000
784	-0.375000	0.335938
785	-0.414063	0.218750
786	-0.382813	0.195313
787	-0.335938	0.132813
788	-0.421875	0.359375
789	-0.500000	0.015625
790	-0.429688	0.101563
791	-0.484375	-0.015625
792	-0.492188	0.312500
793	-0.460938	0.343750
794	-0.460938	-0.140625
795	-0.468750	0.101563
796	-0.437500	-0.125000
797	-0.460938	-0.445313
798	-0.468750	-0.367188
799	-0.359375	-0.070313
800	-0.500000	0.492188
801	-0.367188	0.062500
802	-0.507813	-0.398438
803	-0.476563	0.281250
804	-0.437500	-0.375000
805	-0.382813	0.210938
806	-0.414063	0.187500
807	-0.476563	0.187500
808	-0.484375	0.218750
809	-0.406250	0.218750
810	-0.476563	0.375000
811	-0.414063	0.085938
812	-0.484375	-0.015625
813	-0.390625	0.210938
814	-0.531250	0.531250
815	-0.507813	0.101563
816	-0.296875	-0.109375
817	-0.382813	0.218750
818	-0.468750	0.406250
819	-0.453125	-0.359375
820	-0.492188	0.523438
821	-0.476563	0.265625
822	-0.390625	0.078125
823	-0.359375	-0.351563
824	-0.492188	-0.273438
825	-0.484375	-0.437500
826	-0.429688	-0.132813
827	-0.554688	0.242188
828	-0.406250	-0.062500
829	-0.523438	0.335938
830	-0.421875	0.335938
831	-0.359375	0.093750
832	-0.343750	-0.101563
833	-0.437500	0.203125
834	-0.445313	0.164063
835	-0.445313	-0.226563
836	-0.507813	-0.382813
837	-0.500000	-0.304688
838	-0.484375	-0.054688
839	-0.445313	0.156250
840	-0.500000	0.031250
841	-0.625000	-0.640625
842	-0.421875	-0.312500
843	-0.492188	-0.281250
844	-0.375000	-0.054688
845	-0.437500	-0.015625
846	-0.382813	-0.101563
847	-0.492188	0.195313
848	-0.421875	0.210938
849	-0.429688	0.218750
850	-0.375000	-0.054688
851	-0.531250	0.023438
852	-0.523438	0.242188
853	-0.484375	0.015625
854	-0.507813	0.023438
855	-0.500000	0.132813
856	-0.343750	0.101563
857	-0.359375	-0.187500
858	-0.429688	0.242188
859	-0.406250	-0.296875
860	-0.507813	-0.312500
861	-0.492188	-0.140625
862	-0.414063	-0.156250
863	-0.382813	0.117188
864	-0.390625	0.328125
865	-0.312500	-0.187500
866	-0.484375	-0.445313
867	-0.382813	0.054688
868	-0.585938	0.562500
869	-0.492188	0.203125
870	-0.476563	0.234375
871	-0.343750	0.000000
872	-0.453125	-0.390625
873	-0.523438	-0.226563
874	-0.343750	0.093750
875	-0.421875	0.375000
876	-0.445313	0.343750
877	-0.453125	0.054688
878	-0.421875	-0.023438
879	-0.429688	-0.015625
880	-0.476563	0.343750
881	-0.382813	0.273438
882	-0.492188	-0.203125
883	-0.460938	-0.078125
884	-0.390625	0.140625
885	-0.437500	0.335938
886	-0.382813	-0.109375
887	-0.445313	-0.148438
888	-0.382813	-0.351563
889	-0.515625	-0.414063
890	-0.343750	-0.125000
891	-0.414063	0.093750
892	-0.406250	0.109375
893	-0.453125	-0.148438
894	-0.437500	0.140625
895	-0.492188	-0.101563
896	-0.429688	-0.148438
897	-0.453125	-0.109375
898	-0.523438	0.390625
899	-0.453125	0.296875
900	-0.437500	0.093750
901	-0.320313	0.031250
902	-0.523438	0.382813
903	-0.484375	0.203125
904	-0.460938	-0.031250
905	-0.375000	0.132813
906	-0.476563	0.164063
907	-0.468750	-0.304688
908	-0.429688	-0.210938
909	-0.398438	-0.015625
910	-0.554688	-0.531250
911	-0.398438	0.250000
912	-0.437500	-0.250000
913	-0.421875	-0.257813
914	-0.445313	0.273438
915	-0.445313	0.000000
916	-0.492188	0.007813
917	-0.468750	-0.140625
918	-0.382813	0.140625
919	-0.460938	-0.171875
920	-0.468750	-0.335938
921	-0.546875	-0.250000
922	-0.546875	-0.500000
923	-0.453125	-0.390625
924	-0.531250	-0.585938
925	-0.500000	0.023438
926	-0.523438	-0.359375
927	-0.656250	-0.406250
928	-0.468750	0.265625
929	-0.445313	0.148438
930	-0.492188	0.359375
931	-0.476563	0.148438
932	-0.429688	0.335938
933	-0.335938	0.023438
934	-0.437500	0.250000
935	-0.476563	-0.242188
936	-0.398438	0.031250
937	-0.460938	0.070313
938	-0.484375	0.148438
939	-0.500000	-0.054688
940	-0.500000	0.015625
941	-0.492188	-0.234375
942	-0.453125	-0.156250
943	-0.367188	-0.164063
944	-0.460938	0.421875
945	-0.546875	0.484375
946	-0.585938	0.539063
947	-0.421875	0.281250
948	-0.398438	-0.195313
949	-0.414063	-0.367188
950	-0.445313	-0.109375
951	-0.546875	-0.078125
952	-0.421875	0.148438
953	-0.476563	-0.078125
954	-0.445313	0.390625
955	-0.421875	-0.062500
956	-0.500000	0.015625
957	-0.398438	0.453125
958	-0.406250	0.171875
959	-0.429688	0.148438
960	-0.335938	-0.125000
961	-0.507813	-0.125000
962	-0.398438	0.164063
963	-0.343750	0.132813
964	-0.554688	0.453125
965	-0.554688	0.062500
966	-0.359375	-0.039063
967	-0.390625	0.062500
968	-0.390625	-0.085938
969	-0.398438	0.023438
970	-0.437500	-0.140625
971	-0.335938	-0.210938
972	-0.476563	-0.062500
973	-0.429688	0.101563
974	-0.445313	-0.320313
975	-0.515625	-0.320313
976	-0.507813	-0.054688
977	-0.429688	-0.335938
978	-0.390625	0.039063
979	-0.343750	0.101563
980	-0.453125	-0.101563
981	-0.390625	-0.195313
982	-0.515625	-0.179688
983	-0.468750	-0.164063
984	-0.429688	-0.007813
985	-0.429688	-0.171875
986	-0.421875	-0.335938
987	-0.406250	-0.062500
988	-0.523438	-0.390625
989	-0.320313	-0.179688
990	-0.421875	-0.421875
991	-0.406250	-0.078125
992	-0.437500	0.015625
993	-0.375000	0.234375
994	-0.460938	0.351563
995	-0.351563	-0.234375
996	-0.382813	0.007813
997	-0.453125	-0.250000
998	-0.437500	-0.156250
999	-0.367188	0.007813
