0	-0.984375	-0.992188
1	-0.968750	-0.984375
2	-0.976563	-0.984375
3	-0.984375	-0.992188
4	-1.000000	-1.000000
5	-1.000000	-1.000000
6	-0.984375	-0.992188
7	-0.984375	-0.992188
8	-1.000000	-1.000000
9	-1.000000	-1.000000
10	-1.000000	-1.000000
11	-0.968750	-0.984375
12	-1.000000	-1.000000
13	-0.968750	-0.984375
14	-0.960938	-0.976563
15	-0.953125	-0.976563
16	-0.984375	-0.992188
17	-0.984375	-0.992188
18	-0.984375	-0.992188
19	-1.000000	-1.000000
20	-1.000000	-1.000000
21	-0.914063	-0.953125
22	-0.984375	-0.992188
23	-0.960938	-0.976563
24	-0.984375	-0.992188
25	-0.984375	-0.992188
26	-0.953125	-0.960938
27	-1.000000	-1.000000
28	-0.984375	-0.992188
29	-0.984375	-0.992188
30	-1.000000	-1.000000
31	-1.000000	-1.000000
32	-1.000000	-1.000000
33	-0.976563	-0.984375
34	-1.000000	-1.000000
35	-0.937500	-0.960938
36	-0.984375	-0.992188
37	-0.984375	-0.992188
38	-1.000000	-1.000000
39	-1.000000	-1.000000
40	-1.000000	-1.000000
41	-0.984375	-0.992188
42	-0.968750	-0.984375
43	-0.984375	-0.992188
44	-1.000000	-1.000000
45	-0.984375	-0.992188
46	-1.000000	-1.000000
47	-1.000000	-1.000000
48	-1.000000	-1.000000
49	-0.968750	-0.984375
50	-1.000000	-1.000000
51	-0.968750	-0.984375
52	-1.000000	-1.000000
53	-1.000000	-1.000000
54	-0.968750	-0.984375
55	-0.984375	-0.992188
56	-0.945313	-0.968750
57	-0.960938	-0.976563
58	-0.984375	-0.992188
59	-0.984375	-0.992188
60	-0.984375	-0.992188
61	-0.968750	-0.984375
62	-0.976563	-0.984375
63	-1.000000	-1.000000
64	-0.953125	-0.976563
65	-1.000000	-1.000000
66	-0.984375	-0.992188
67	-0.968750	-0.984375
68	-0.984375	-0.992188
69	-0.984375	-0.992188
70	-0.984375	-0.992188
71	-0.968750	-0.984375
72	-0.968750	-0.984375
73	-0.984375	-0.992188
74	-1.000000	-1.000000
75	-0.984375	-0.992188
76	-0.984375	-0.992188
77	-1.000000	-1.000000
78	-0.968750	-0.984375
79	-0.984375	-0.992188
80	-0.984375	-0.992188
81	-0.984375	-0.992188
82	-1.000000	-1.000000
83	-0.945313	-0.968750
84	-1.000000	-1.000000
85	-0.968750	-0.984375
86	-0.976563	-0.984375
87	-0.968750	-0.984375
88	-0.984375	-0.992188
89	-0.976563	-0.984375
90	-0.968750	-0.984375
91	-0.984375	-0.992188
92	-1.000000	-1.000000
93	-0.984375	-0.992188
94	-0.929688	-0.960938
95	-0.968750	-0.984375
96	-0.984375	-0.992188
97	-1.000000	-1.000000
98	-1.000000	-1.000000
99	-1.000000	-1.000000
100	-1.000000	-1.000000
101	-1.000000	-1.000000
102	-0.968750	-0.984375
103	-1.000000	-1.000000
104	-1.000000	-1.000000
105	-0.984375	-0.992188
106	-0.976563	-0.984375
107	-0.984375	-0.992188
108	-0.984375	-0.992188
109	-0.945313	-0.968750
110	-0.984375	-0.992188
111	-0.984375	-0.992188
112	-1.000000	-1.000000
113	-0.984375	-0.992188
114	-0.968750	-0.984375
115	-0.937500	-0.968750
116	-0.984375	-0.992188
117	-1.000000	-1.000000
118	-0.984375	-0.992188
119	-0.937500	-0.968750
120	-0.984375	-0.992188
121	-1.000000	-1.000000
122	-0.968750	-0.984375
123	-0.984375	-0.992188
124	-1.000000	-1.000000
125	-0.968750	-0.984375
126	-1.000000	-1.000000
127	-1.000000	-1.000000
128	-1.000000	-1.000000
129	-1.000000	-1.000000
130	-0.968750	-0.984375
131	-0.976563	-0.984375
132	-0.968750	-0.984375
133	-0.984375	-0.992188
134	-0.953125	-0.976563
135	-1.000000	-1.000000
136	-1.000000	-1.000000
137	-0.953125	-0.976563
138	-1.000000	-1.000000
139	-0.984375	-0.992188
140	-1.000000	-1.000000
141	-0.968750	-0.984375
142	-0.953125	-0.976563
143	-1.000000	-1.000000
144	-0.984375	-0.992188
145	-1.000000	-1.000000
146	-1.000000	-1.000000
147	-0.984375	-0.992188
148	-0.976563	-0.984375
149	-1.000000	-1.000000
150	-1.000000	-1.000000
151	-1.000000	-1.000000
152	-0.968750	-0.984375
153	-0.968750	-0.984375
154	-0.960938	-0.976563
155	-1.000000	-1.000000
156	-0.984375	-0.992188
157	-1.000000	-1.000000
158	-0.953125	-0.968750
159	-1.000000	-1.000000
160	-0.984375	-0.992188
161	-0.953125	-0.976563
162	-0.976563	-0.984375
163	-0.968750	-0.984375
164	-0.984375	-0.992188
165	-1.000000	-1.000000
166	-0.968750	-0.984375
167	-1.000000	-1.000000
168	-0.968750	-0.984375
169	-0.984375	-0.992188
170	-0.984375	-0.992188
171	-0.984375	-0.992188
172	-0.953125	-0.976563
173	-1.000000	-1.000000
174	-0.984375	-0.992188
175	-0.968750	-0.984375
176	-0.953125	-0.976563
177	-0.953125	-0.976563
178	-1.000000	-1.000000
179	-0.953125	-0.976563
180	-0.976563	-0.984375
181	-0.968750	-0.984375
182	-0.984375	-0.992188
183	-1.000000	-1.000000
184	-0.968750	-0.984375
185	-0.984375	-0.992188
186	-0.929688	-0.960938
187	-1.000000	-1.000000
188	-1.000000	-1.000000
189	-0.984375	-0.992188
190	-1.000000	-1.000000
191	-1.000000	-1.000000
192	-1.000000	-1.000000
193	-0.968750	-0.984375
194	-0.984375	-0.992188
195	-0.984375	-0.992188
196	-0.968750	-0.984375
197	-1.000000	-1.000000
198	-1.000000	-1.000000
199	-1.000000	-1.000000
200	-0.968750	-0.984375
201	-0.921875	-0.953125
202	-0.968750	-0.984375
203	-1.000000	-1.000000
204	-0.968750	-0.984375
205	-0.984375	-0.992188
206	-0.968750	-0.984375
207	-0.968750	-0.976563
208	-0.984375	-0.992188
209	-0.968750	-0.984375
210	-0.984375	-0.992188
211	-0.945313	-0.968750
212	-1.000000	-1.000000
213	-0.968750	-0.984375
214	-0.937500	-0.968750
215	-0.953125	-0.976563
216	-0.976563	-0.984375
217	-0.984375	-0.992188
218	-0.984375	-0.992188
219	-1.000000	-1.000000
220	-0.984375	-0.992188
221	-1.000000	-1.000000
222	-1.000000	-1.000000
223	-1.000000	-1.000000
224	-0.960938	-0.976563
225	-1.000000	-1.000000
226	-0.968750	-0.984375
227	-0.984375	-0.992188
228	-1.000000	-1.000000
229	-1.000000	-1.000000
230	-0.937500	-0.960938
231	-0.960938	-0.976563
232	-0.984375	-0.992188
233	-0.968750	-0.984375
234	-0.968750	-0.984375
235	-0.984375	-0.992188
236	-1.000000	-1.000000
237	-0.953125	-0.976563
238	-0.976563	-0.984375
239	-0.984375	-0.992188
240	-1.000000	-1.000000
241	-0.968750	-0.984375
242	-1.000000	-1.000000
243	-0.953125	-0.968750
244	-0.929688	-0.960938
245	-0.953125	-0.976563
246	-0.984375	-0.992188
247	-0.945313	-0.960938
248	-1.000000	-1.000000
249	-1.000000	-1.000000
250	-0.976563	-0.984375
251	-0.921875	-0.953125
252	-0.984375	-0.992188
253	-0.945313	-0.968750
254	-0.984375	-0.992188
255	-0.984375	-0.992188
256	-1.000000	-1.000000
257	-1.000000	-1.000000
258	-0.937500	-0.960938
259	-0.984375	-0.992188
260	-0.953125	-0.960938
261	-0.984375	-0.992188
262	-0.953125	-0.976563
263	-1.000000	-1.000000
264	-1.000000	-1.000000
265	-0.984375	-0.992188
266	-0.984375	-0.992188
267	-1.000000	-1.000000
268	-0.968750	-0.984375
269	-1.000000	-1.000000
270	-1.000000	-1.000000
271	-1.000000	-1.000000
272	-0.929688	-0.960938
273	-0.906250	-0.953125
274	-0.968750	-0.984375
275	-1.000000	-1.000000
276	-1.000000	-1.000000
277	-0.929688	-0.960938
278	-1.000000	-1.000000
279	-0.945313	-0.960938
280	-0.984375	-0.992188
281	-0.984375	-0.992188
282	-1.000000	-1.000000
283	-1.000000	-1.000000
284	-0.984375	-0.992188
285	-0.960938	-0.976563
286	-0.984375	-0.992188
287	-0.984375	-0.992188
288	-1.000000	-1.000000
289	-1.000000	-1.000000
290	-0.960938	-0.976563
291	-0.968750	-0.984375
292	-0.984375	-0.992188
293	-1.000000	-1.000000
294	-0.960938	-0.976563
295	-0.953125	-0.976563
296	-1.000000	-1.000000
297	-1.000000	-1.000000
298	-1.000000	-1.000000
299	-0.945313	-0.960938
300	-1.000000	-1.000000
301	-0.984375	-0.992188
302	-1.000000	-1.000000
303	-0.984375	-0.992188
304	-0.984375	-0.992188
305	-0.976563	-0.984375
306	-0.984375	-0.992188
307	-0.968750	-0.984375
308	-0.984375	-0.992188
309	-0.968750	-0.984375
310	-0.984375	-0.992188
311	-0.953125	-0.968750
312	-0.984375	-0.992188
313	-0.968750	-0.984375
314	-0.968750	-0.984375
315	-1.000000	-1.000000
316	-0.984375	-0.992188
317	-0.968750	-0.984375
318	-1.000000	-1.000000
319	-0.953125	-0.976563
320	-0.960938	-0.976563
321	-0.984375	-0.992188
322	-0.968750	-0.984375
323	-1.000000	-1.000000
324	-0.968750	-0.984375
325	-1.000000	-1.000000
326	-0.976563	-0.984375
327	-0.968750	-0.984375
328	-1.000000	-1.000000
329	-1.000000	-1.000000
330	-0.984375	-0.992188
331	-1.000000	-1.000000
332	-1.000000	-1.000000
333	-0.984375	-0.992188
334	-1.000000	-1.000000
335	-1.000000	-1.000000
336	-0.968750	-0.984375
337	-1.000000	-1.000000
338	-0.984375	-0.992188
339	-0.984375	-0.992188
340	-0.976563	-0.984375
341	-0.984375	-0.992188
342	-0.960938	-0.976563
343	-1.000000	-1.000000
344	-0.984375	-0.992188
345	-0.984375	-0.992188
346	-0.968750	-0.984375
347	-0.968750	-0.984375
348	-0.984375	-0.992188
349	-0.984375	-0.992188
350	-0.984375	-0.992188
351	-0.953125	-0.976563
352	-0.984375	-0.992188
353	-0.960938	-0.976563
354	-0.968750	-0.984375
355	-1.000000	-1.000000
356	-0.984375	-0.992188
357	-0.953125	-0.976563
358	-0.984375	-0.992188
359	-1.000000	-1.000000
360	-1.000000	-1.000000
361	-0.976563	-0.984375
362	-0.953125	-0.976563
363	-0.984375	-0.992188
364	-1.000000	-1.000000
365	-0.968750	-0.984375
366	-0.984375	-0.992188
367	-0.929688	-0.953125
368	-1.000000	-1.000000
369	-0.984375	-0.992188
370	-1.000000	-1.000000
371	-1.000000	-1.000000
372	-0.984375	-0.992188
373	-0.984375	-0.992188
374	-0.968750	-0.984375
375	-1.000000	-1.000000
376	-0.968750	-0.984375
377	-1.000000	-1.000000
378	-0.968750	-0.984375
379	-1.000000	-1.000000
380	-0.968750	-0.984375
381	-0.984375	-0.992188
382	-0.984375	-0.992188
383	-0.984375	-0.992188
384	-0.984375	-0.992188
385	-0.984375	-0.992188
386	-0.984375	-0.992188
387	-0.984375	-0.992188
388	-0.968750	-0.984375
389	-0.984375	-0.992188
390	-0.960938	-0.976563
391	-0.953125	-0.976563
392	-0.976563	-0.984375
393	-1.000000	-1.000000
394	-0.968750	-0.984375
395	-0.984375	-0.992188
396	-0.984375	-0.992188
397	-0.984375	-0.992188
398	-1.000000	-1.000000
399	-0.968750	-0.984375
400	-1.000000	-1.000000
401	-0.976563	-0.984375
402	-0.984375	-0.992188
403	-0.984375	-0.992188
404	-1.000000	-1.000000
405	-0.953125	-0.945313
406	-0.960938	-0.976563
407	-0.937500	-0.968750
408	-1.000000	-1.000000
409	-0.984375	-0.992188
410	-0.968750	-0.984375
411	-0.968750	-0.984375
412	-0.937500	-0.968750
413	-0.945313	-0.968750
414	-1.000000	-1.000000
415	-0.984375	-0.992188
416	-0.984375	-0.992188
417	-0.953125	-0.968750
418	-1.000000	-1.000000
419	-0.953125	-0.976563
420	-0.984375	-0.992188
421	-0.984375	-0.992188
422	-1.000000	-1.000000
423	-0.984375	-0.992188
424	-0.976563	-0.984375
425	-0.984375	-0.992188
426	-0.984375	-0.992188
427	-1.000000	-1.000000
428	-0.960938	-0.976563
429	-1.000000	-1.000000
430	-1.000000	-1.000000
431	-1.000000	-1.000000
432	-0.984375	-0.992188
433	-1.000000	-1.000000
434	-0.960938	-0.976563
435	-1.000000	-1.000000
436	-0.945313	-0.968750
437	-1.000000	-1.000000
438	-0.953125	-0.976563
439	-0.984375	-0.992188
440	-0.960938	-0.976563
441	-1.000000	-1.000000
442	-0.984375	-0.992188
443	-0.953125	-0.976563
444	-0.976563	-0.984375
445	-1.000000	-1.000000
446	-0.984375	-0.992188
447	-0.976563	-0.984375
448	-0.984375	-0.992188
449	-0.984375	-0.992188
450	-1.000000	-1.000000
451	-1.000000	-1.000000
452	-0.984375	-0.992188
453	-0.984375	-0.992188
454	-1.000000	-1.000000
455	-1.000000	-1.000000
456	-1.000000	-1.000000
457	-1.000000	-1.000000
458	-1.000000	-1.000000
459	-0.984375	-0.992188
460	-0.953125	-0.968750
461	-1.000000	-1.000000
462	-0.984375	-0.992188
463	-1.000000	-1.000000
464	-0.968750	-0.984375
465	-0.984375	-0.992188
466	-0.984375	-0.992188
467	-0.921875	-0.937500
468	-0.960938	-0.976563
469	-1.000000	-1.000000
470	-1.000000	-1.000000
471	-0.984375	-0.992188
472	-1.000000	-1.000000
473	-1.000000	-1.000000
474	-1.000000	-1.000000
475	-0.984375	-0.992188
476	-0.976563	-0.984375
477	-0.984375	-0.992188
478	-1.000000	-1.000000
479	-1.000000	-1.000000
480	-1.000000	-1.000000
481	-1.000000	-1.000000
482	-0.984375	-0.992188
483	-0.984375	-0.992188
484	-0.984375	-0.992188
485	-0.968750	-0.984375
486	-0.976563	-0.984375
487	-0.984375	-0.992188
488	-0.984375	-0.992188
489	-1.000000	-1.000000
490	-0.968750	-0.984375
491	-0.976563	-0.984375
492	-0.984375	-0.992188
493	-0.953125	-0.976563
494	-0.976563	-0.984375
495	-1.000000	-1.000000
496	-0.945313	-0.968750
497	-1.000000	-1.000000
498	-1.000000	-1.000000
499	-0.984375	-0.992188
500	-0.984375	-0.992188
501	-0.984375	-0.992188
502	-0.960938	-0.976563
503	-1.000000	-1.000000
504	-0.984375	-0.992188
505	-1.000000	-1.000000
506	-1.000000	-1.000000
507	-0.937500	-0.968750
508	-0.984375	-0.992188
509	-1.000000	-1.000000
510	-0.984375	-0.992188
511	-0.968750	-0.984375
512	-0.968750	-0.984375
513	-1.000000	-1.000000
514	-1.000000	-1.000000
515	-0.937500	-0.960938
516	-0.968750	-0.984375
517	-1.000000	-1.000000
518	-0.984375	-0.992188
519	-0.984375	-0.992188
520	-0.921875	-0.953125
521	-0.984375	-0.992188
522	-0.968750	-0.984375
523	-1.000000	-1.000000
524	-0.960938	-0.976563
525	-0.968750	-0.984375
526	-1.000000	-1.000000
527	-0.984375	-0.992188
528	-0.953125	-0.976563
529	-0.960938	-0.976563
530	-1.000000	-1.000000
531	-0.984375	-0.992188
532	-0.984375	-0.992188
533	-1.000000	-1.000000
534	-1.000000	-1.000000
535	-1.000000	-1.000000
536	-0.968750	-0.984375
537	-1.000000	-1.000000
538	-0.984375	-0.992188
539	-1.000000	-1.000000
540	-1.000000	-1.000000
541	-0.984375	-0.992188
542	-0.968750	-0.984375
543	-0.968750	-0.984375
544	-0.984375	-0.992188
545	-0.976563	-0.984375
546	-1.000000	-1.000000
547	-0.984375	-0.992188
548	-0.968750	-0.984375
549	-0.984375	-0.992188
550	-1.000000	-1.000000
551	-0.937500	-0.960938
552	-1.000000	-1.000000
553	-0.984375	-0.992188
554	-0.976563	-0.984375
555	-0.984375	-0.992188
556	-1.000000	-1.000000
557	-0.984375	-0.992188
558	-0.984375	-0.992188
559	-0.968750	-0.984375
560	-0.968750	-0.984375
561	-0.976563	-0.984375
562	-1.000000	-1.000000
563	-1.000000	-1.000000
564	-1.000000	-1.000000
565	-0.984375	-0.992188
566	-1.000000	-1.000000
567	-0.968750	-0.984375
568	-0.960938	-0.976563
569	-0.945313	-0.968750
570	-0.984375	-0.992188
571	-0.976563	-0.984375
572	-1.000000	-1.000000
573	-0.953125	-0.976563
574	-0.984375	-0.992188
575	-0.945313	-0.968750
576	-0.968750	-0.984375
577	-0.968750	-0.984375
578	-1.000000	-1.000000
579	-0.968750	-0.984375
580	-1.000000	-1.000000
581	-1.000000	-1.000000
582	-1.000000	-1.000000
583	-0.984375	-0.992188
584	-0.976563	-0.984375
585	-1.000000	-1.000000
586	-0.984375	-0.992188
587	-0.984375	-0.992188
588	-1.000000	-1.000000
589	-0.984375	-0.992188
590	-0.984375	-0.992188
591	-0.953125	-0.976563
592	-0.953125	-0.976563
593	-1.000000	-1.000000
594	-0.960938	-0.976563
595	-0.976563	-0.984375
596	-0.984375	-0.992188
597	-0.984375	-0.992188
598	-1.000000	-1.000000
599	-0.984375	-0.992188
600	-0.960938	-0.960938
601	-0.945313	-0.968750
602	-0.984375	-0.992188
603	-1.000000	-1.000000
604	-0.968750	-0.984375
605	-0.921875	-0.960938
606	-1.000000	-1.000000
607	-0.960938	-0.976563
608	-0.953125	-0.968750
609	-1.000000	-1.000000
610	-1.000000	-1.000000
611	-1.000000	-1.000000
612	-1.000000	-1.000000
613	-1.000000	-1.000000
614	-1.000000	-1.000000
615	-0.984375	-0.992188
616	-1.000000	-1.000000
617	-0.984375	-0.992188
618	-1.000000	-1.000000
619	-0.984375	-0.992188
620	-0.937500	-0.960938
621	-1.000000	-1.000000
622	-1.000000	-1.000000
623	-0.984375	-0.992188
624	-0.968750	-0.984375
625	-1.000000	-1.000000
626	-0.984375	-0.992188
627	-1.000000	-1.000000
628	-1.000000	-1.000000
629	-0.968750	-0.984375
630	-1.000000	-1.000000
631	-0.898438	-0.929688
632	-0.953125	-0.976563
633	-0.984375	-0.992188
634	-0.968750	-0.984375
635	-1.000000	-1.000000
636	-0.976563	-0.984375
637	-0.984375	-0.992188
638	-1.000000	-1.000000
639	-0.984375	-0.992188
640	-1.000000	-1.000000
641	-0.953125	-0.976563
642	-1.000000	-1.000000
643	-0.984375	-0.992188
644	-0.976563	-0.984375
645	-1.000000	-1.000000
646	-0.968750	-0.984375
647	-0.968750	-0.984375
648	-1.000000	-1.000000
649	-0.968750	-0.976563
650	-1.000000	-1.000000
651	-0.945313	-0.968750
652	-0.968750	-0.984375
653	-1.000000	-1.000000
654	-1.000000	-1.000000
655	-0.984375	-0.992188
656	-0.984375	-0.992188
657	-1.000000	-1.000000
658	-0.968750	-0.984375
659	-0.968750	-0.984375
660	-1.000000	-1.000000
661	-0.984375	-0.992188
662	-0.945313	-0.968750
663	-0.968750	-0.984375
664	-1.000000	-1.000000
665	-0.960938	-0.976563
666	-0.914063	-0.953125
667	-0.976563	-0.984375
668	-0.984375	-0.992188
669	-1.000000	-1.000000
670	-0.984375	-0.992188
671	-0.960938	-0.976563
672	-0.984375	-0.992188
673	-1.000000	-1.000000
674	-0.968750	-0.984375
675	-0.968750	-0.984375
676	-0.984375	-0.992188
677	-0.976563	-0.984375
678	-1.000000	-1.000000
679	-0.968750	-0.984375
680	-0.968750	-0.984375
681	-1.000000	-1.000000
682	-1.000000	-1.000000
683	-0.984375	-0.992188
684	-1.000000	-1.000000
685	-0.937500	-0.968750
686	-0.953125	-0.976563
687	-0.968750	-0.984375
688	-1.000000	-1.000000
689	-0.984375	-0.992188
690	-1.000000	-1.000000
691	-1.000000	-1.000000
692	-0.984375	-0.992188
693	-0.984375	-0.992188
694	-0.984375	-0.992188
695	-0.945313	-0.968750
696	-1.000000	-1.000000
697	-0.976563	-0.984375
698	-0.968750	-0.984375
699	-1.000000	-1.000000
700	-1.000000	-1.000000
701	-1.000000	-1.000000
702	-1.000000	-1.000000
703	-1.000000	-1.000000
704	-0.984375	-0.992188
705	-0.984375	-0.992188
706	-0.976563	-0.984375
707	-0.984375	-0.992188
708	-1.000000	-1.000000
709	-0.984375	-0.992188
710	-0.984375	-0.992188
711	-0.968750	-0.984375
712	-1.000000	-1.000000
713	-1.000000	-1.000000
714	-0.929688	-0.960938
715	-0.984375	-0.992188
716	-1.000000	-1.000000
717	-0.953125	-0.976563
718	-0.984375	-0.992188
719	-1.000000	-1.000000
720	-0.945313	-0.968750
721	-1.000000	-1.000000
722	-1.000000	-1.000000
723	-0.984375	-0.992188
724	-0.953125	-0.976563
725	-1.000000	-1.000000
726	-0.984375	-0.992188
727	-1.000000	-1.000000
728	-0.953125	-0.976563
729	-0.984375	-0.992188
730	-1.000000	-1.000000
731	-0.984375	-0.992188
732	-1.000000	-1.000000
733	-1.000000	-1.000000
734	-0.984375	-0.992188
735	-0.976563	-0.984375
736	-0.960938	-0.976563
737	-1.000000	-1.000000
738	-0.968750	-0.984375
739	-0.968750	-0.984375
740	-1.000000	-1.000000
741	-1.000000	-1.000000
742	-1.000000	-1.000000
743	-0.921875	-0.960938
744	-0.984375	-0.992188
745	-0.984375	-0.992188
746	-1.000000	-1.000000
747	-0.953125	-0.976563
748	-0.984375	-0.992188
749	-0.984375	-0.992188
750	-1.000000	-1.000000
751	-1.000000	-1.000000
752	-1.000000	-1.000000
753	-1.000000	-1.000000
754	-0.984375	-0.992188
755	-0.968750	-0.984375
756	-0.984375	-0.992188
757	-0.984375	-0.992188
758	-0.968750	-0.984375
759	-1.000000	-1.000000
760	-0.937500	-0.968750
761	-0.984375	-0.992188
762	-1.000000	-1.000000
763	-0.953125	-0.976563
764	-1.000000	-1.000000
765	-0.984375	-0.992188
766	-0.921875	-0.953125
767	-1.000000	-1.000000
768	-0.968750	-0.984375
769	-1.000000	-1.000000
770	-0.968750	-0.984375
771	-0.945313	-0.968750
772	-0.984375	-0.992188
773	-0.984375	-0.992188
774	-1.000000	-1.000000
775	-1.000000	-1.000000
776	-0.984375	-0.992188
777	-0.984375	-0.992188
778	-0.968750	-0.984375
779	-0.984375	-0.992188
780	-0.960938	-0.976563
781	-0.984375	-0.992188
782	-0.968750	-0.984375
783	-1.000000	-1.000000
784	-1.000000	-1.000000
785	-1.000000	-1.000000
786	-0.984375	-0.992188
787	-1.000000	-1.000000
788	-1.000000	-1.000000
789	-1.000000	-1.000000
790	-0.945313	-0.968750
791	-1.000000	-1.000000
792	-1.000000	-1.000000
793	-0.984375	-0.992188
794	-1.000000	-1.000000
795	-0.960938	-0.976563
796	-0.984375	-0.992188
797	-0.984375	-0.992188
798	-0.937500	-0.968750
799	-1.000000	-1.000000
800	-1.000000	-1.000000
801	-1.000000	-1.000000
802	-1.000000	-1.000000
803	-0.984375	-0.992188
804	-1.000000	-1.000000
805	-0.984375	-0.992188
806	-0.984375	-0.992188
807	-0.984375	-0.992188
808	-1.000000	-1.000000
809	-0.968750	-0.976563
810	-0.984375	-0.992188
811	-1.000000	-1.000000
812	-0.960938	-0.976563
813	-1.000000	-1.000000
814	-0.984375	-0.992188
815	-0.976563	-0.984375
816	-0.953125	-0.976563
817	-0.953125	-0.976563
818	-1.000000	-1.000000
819	-1.000000	-1.000000
820	-0.968750	-0.984375
821	-0.976563	-0.984375
822	-0.953125	-0.976563
823	-0.984375	-0.992188
824	-0.960938	-0.976563
825	-0.968750	-0.984375
826	-1.000000	-1.000000
827	-1.000000	-1.000000
828	-0.953125	-0.976563
829	-0.945313	-0.968750
830	-0.976563	-0.984375
831	-0.984375	-0.992188
832	-0.953125	-0.968750
833	-0.968750	-0.984375
834	-0.984375	-0.992188
835	-1.000000	-1.000000
836	-0.984375	-0.992188
837	-1.000000	-1.000000
838	-0.976563	-0.984375
839	-1.000000	-1.000000
840	-1.000000	-1.000000
841	-0.984375	-0.992188
842	-1.000000	-1.000000
843	-1.000000	-1.000000
844	-0.976563	-0.984375
845	-0.968750	-0.984375
846	-0.968750	-0.984375
847	-0.968750	-0.984375
848	-1.000000	-1.000000
849	-1.000000	-1.000000
850	-0.976563	-0.984375
851	-0.937500	-0.960938
852	-0.976563	-0.984375
853	-1.000000	-1.000000
854	-0.976563	-0.984375
855	-1.000000	-1.000000
856	-0.968750	-0.984375
857	-1.000000	-1.000000
858	-0.984375	-0.992188
859	-1.000000	-1.000000
860	-0.976563	-0.984375
861	-0.984375	-0.992188
862	-1.000000	-1.000000
863	-0.937500	-0.968750
864	-1.000000	-1.000000
865	-1.000000	-1.000000
866	-1.000000	-1.000000
867	-1.000000	-1.000000
868	-1.000000	-1.000000
869	-1.000000	-1.000000
870	-1.000000	-1.000000
871	-1.000000	-1.000000
872	-1.000000	-1.000000
873	-1.000000	-1.000000
874	-0.968750	-0.984375
875	-0.968750	-0.984375
876	-0.984375	-0.992188
877	-0.984375	-0.992188
878	-0.968750	-0.984375
879	-0.968750	-0.984375
880	-0.968750	-0.984375
881	-0.984375	-0.992188
882	-0.984375	-0.992188
883	-0.984375	-0.992188
884	-0.984375	-0.992188
885	-1.000000	-1.000000
886	-0.984375	-0.992188
887	-0.960938	-0.976563
888	-0.953125	-0.976563
889	-0.984375	-0.992188
890	-1.000000	-1.000000
891	-0.984375	-0.992188
892	-0.984375	-0.992188
893	-1.000000	-1.000000
894	-0.968750	-0.976563
895	-0.976563	-0.984375
896	-0.984375	-0.992188
897	-0.953125	-0.976563
898	-0.968750	-0.984375
899	-1.000000	-1.000000
900	-0.984375	-0.992188
901	-0.984375	-0.992188
902	-0.937500	-0.960938
903	-1.000000	-1.000000
904	-1.000000	-1.000000
905	-0.984375	-0.992188
906	-0.976563	-0.984375
907	-0.976563	-0.984375
908	-0.968750	-0.984375
909	-0.984375	-0.992188
910	-0.976563	-0.984375
911	-0.984375	-0.992188
912	-1.000000	-1.000000
913	-0.968750	-0.984375
914	-1.000000	-1.000000
915	-0.976563	-0.984375
916	-0.960938	-0.976563
917	-1.000000	-1.000000
918	-0.968750	-0.984375
919	-0.984375	-0.992188
920	-1.000000	-1.000000
921	-0.984375	-0.992188
922	-0.945313	-0.960938
923	-0.921875	-0.960938
924	-0.984375	-0.992188
925	-0.984375	-0.992188
926	-0.953125	-0.976563
927	-0.984375	-0.992188
928	-1.000000	-1.000000
929	-1.000000	-1.000000
930	-0.984375	-0.992188
931	-1.000000	-1.000000
932	-0.968750	-0.984375
933	-0.976563	-0.984375
934	-0.984375	-0.992188
935	-1.000000	-1.000000
936	-0.984375	-0.992188
937	-0.984375	-0.992188
938	-0.984375	-0.992188
939	-0.968750	-0.984375
940	-0.984375	-0.992188
941	-1.000000	-1.000000
942	-1.000000	-1.000000
943	-0.937500	-0.968750
944	-0.953125	-0.976563
945	-0.937500	-0.968750
946	-0.953125	-0.976563
947	-1.000000	-1.000000
948	-1.000000	-1.000000
949	-1.000000	-1.000000
950	-0.984375	-0.992188
951	-0.984375	-0.992188
952	-0.968750	-0.984375
953	-0.968750	-0.984375
954	-1.000000	-1.000000
955	-0.968750	-0.984375
956	-0.968750	-0.984375
957	-1.000000	-1.000000
958	-0.984375	-0.992188
959	-0.968750	-0.984375
960	-0.976563	-0.984375
961	-0.968750	-0.984375
962	-1.000000	-1.000000
963	-0.976563	-0.984375
964	-1.000000	-1.000000
965	-0.984375	-0.992188
966	-0.953125	-0.968750
967	-0.984375	-0.992188
968	-0.984375	-0.992188
969	-0.968750	-0.984375
970	-0.968750	-0.984375
971	-0.968750	-0.984375
972	-0.929688	-0.960938
973	-1.000000	-1.000000
974	-0.984375	-0.992188
975	-0.984375	-0.992188
976	-0.968750	-0.984375
977	-0.968750	-0.984375
978	-1.000000	-1.000000
979	-0.976563	-0.984375
980	-0.937500	-0.968750
981	-0.953125	-0.968750
982	-0.960938	-0.976563
983	-1.000000	-1.000000
984	-0.960938	-0.976563
985	-0.976563	-0.984375
986	-0.960938	-0.976563
987	-0.984375	-0.992188
988	-0.968750	-0.984375
989	-1.000000	-1.000000
990	-0.953125	-0.960938
991	-0.984375	-0.992188
992	-1.000000	-1.000000
993	-1.000000	-1.000000
994	-0.968750	-0.984375
995	-0.984375	-0.992188
996	-1.000000	-1.000000
997	-0.984375	-0.992188
998	-0.984375	-0.992188
999	-0.953125	-0.976563
