0	-1.000000	-1.000000
1	-1.000000	-1.000000
2	-1.000000	-1.000000
3	-1.000000	-1.000000
4	-1.000000	-1.000000
5	-0.984375	-0.992188
6	-1.000000	-1.000000
7	-1.000000	-1.000000
8	-1.000000	-1.000000
9	-0.984375	-0.992188
10	-1.000000	-1.000000
11	-1.000000	-1.000000
12	-0.984375	-0.992188
13	-1.000000	-1.000000
14	-0.953125	-0.976563
15	-1.000000	-1.000000
16	-0.984375	-0.992188
17	-1.000000	-1.000000
18	-0.976563	-0.984375
19	-1.000000	-1.000000
20	-1.000000	-1.000000
21	-1.000000	-1.000000
22	-1.000000	-1.000000
23	-1.000000	-1.000000
24	-1.000000	-1.000000
25	-0.968750	-0.984375
26	-1.000000	-1.000000
27	-1.000000	-1.000000
28	-1.000000	-1.000000
29	-1.000000	-1.000000
30	-1.000000	-1.000000
31	-1.000000	-1.000000
32	-1.000000	-1.000000
33	-1.000000	-1.000000
34	-0.984375	-0.992188
35	-1.000000	-1.000000
36	-1.000000	-1.000000
37	-1.000000	-1.000000
38	-1.000000	-1.000000
39	-1.000000	-1.000000
40	-1.000000	-1.000000
41	-1.000000	-1.000000
42	-1.000000	-1.000000
43	-0.968750	-0.984375
44	-1.000000	-1.000000
45	-1.000000	-1.000000
46	-1.000000	-1.000000
47	-0.984375	-0.992188
48	-1.000000	-1.000000
49	-0.968750	-0.984375
50	-0.984375	-0.992188
51	-1.000000	-1.000000
52	-0.984375	-0.992188
53	-1.000000	-1.000000
54	-1.000000	-1.000000
55	-0.984375	-0.992188
56	-1.000000	-1.000000
57	-1.000000	-1.000000
58	-1.000000	-1.000000
59	-0.984375	-0.992188
60	-0.968750	-0.976563
61	-0.984375	-0.992188
62	-1.000000	-1.000000
63	-0.976563	-0.984375
64	-0.984375	-0.992188
65	-1.000000	-1.000000
66	-0.984375	-0.992188
67	-1.000000	-1.000000
68	-0.984375	-0.992188
69	-1.000000	-1.000000
70	-1.000000	-1.000000
71	-1.000000	-1.000000
72	-1.000000	-1.000000
73	-1.000000	-1.000000
74	-0.976563	-0.984375
75	-1.000000	-1.000000
76	-1.000000	-1.000000
77	-1.000000	-1.000000
78	-1.000000	-1.000000
79	-1.000000	-1.000000
80	-1.000000	-1.000000
81	-1.000000	-1.000000
82	-1.000000	-1.000000
83	-1.000000	-1.000000
84	-0.984375	-0.992188
85	-1.000000	-1.000000
86	-1.000000	-1.000000
87	-0.976563	-0.984375
88	-0.976563	-0.984375
89	-1.000000	-1.000000
90	-0.984375	-0.992188
91	-0.984375	-0.992188
92	-1.000000	-1.000000
93	-1.000000	-1.000000
94	-1.000000	-1.000000
95	-0.984375	-0.992188
96	-0.984375	-0.992188
97	-0.968750	-0.984375
98	-0.968750	-0.984375
99	-0.984375	-0.992188
100	-1.000000	-1.000000
101	-1.000000	-1.000000
102	-1.000000	-1.000000
103	-0.984375	-0.992188
104	-1.000000	-1.000000
105	-1.000000	-1.000000
106	-1.000000	-1.000000
107	-0.976563	-0.984375
108	-1.000000	-1.000000
109	-1.000000	-1.000000
110	-1.000000	-1.000000
111	-1.000000	-1.000000
112	-0.984375	-0.992188
113	-1.000000	-1.000000
114	-1.000000	-1.000000
115	-0.984375	-0.992188
116	-1.000000	-1.000000
117	-1.000000	-1.000000
118	-1.000000	-1.000000
119	-1.000000	-1.000000
120	-1.000000	-1.000000
121	-1.000000	-1.000000
122	-1.000000	-1.000000
123	-0.960938	-0.976563
124	-0.984375	-0.992188
125	-1.000000	-1.000000
126	-1.000000	-1.000000
127	-0.984375	-0.992188
128	-0.984375	-0.992188
129	-1.000000	-1.000000
130	-1.000000	-1.000000
131	-1.000000	-1.000000
132	-1.000000	-1.000000
133	-0.984375	-0.992188
134	-1.000000	-1.000000
135	-1.000000	-1.000000
136	-0.984375	-0.992188
137	-0.968750	-0.984375
138	-0.984375	-0.992188
139	-1.000000	-1.000000
140	-1.000000	-1.000000
141	-1.000000	-1.000000
142	-1.000000	-1.000000
143	-1.000000	-1.000000
144	-1.000000	-1.000000
145	-0.960938	-0.976563
146	-1.000000	-1.000000
147	-1.000000	-1.000000
148	-1.000000	-1.000000
149	-1.000000	-1.000000
150	-1.000000	-1.000000
151	-0.984375	-0.992188
152	-1.000000	-1.000000
153	-1.000000	-1.000000
154	-0.984375	-0.992188
155	-0.984375	-0.992188
156	-1.000000	-1.000000
157	-1.000000	-1.000000
158	-1.000000	-1.000000
159	-0.984375	-0.992188
160	-1.000000	-1.000000
161	-0.984375	-0.992188
162	-1.000000	-1.000000
163	-0.984375	-0.992188
164	-0.984375	-0.992188
165	-1.000000	-1.000000
166	-0.976563	-0.984375
167	-1.000000	-1.000000
168	-1.000000	-1.000000
169	-0.984375	-0.992188
170	-1.000000	-1.000000
171	-0.984375	-0.992188
172	-0.984375	-0.992188
173	-1.000000	-1.000000
174	-1.000000	-1.000000
175	-0.984375	-0.992188
176	-1.000000	-1.000000
177	-1.000000	-1.000000
178	-0.984375	-0.992188
179	-1.000000	-1.000000
180	-1.000000	-1.000000
181	-1.000000	-1.000000
182	-1.000000	-1.000000
183	-0.984375	-0.992188
184	-0.984375	-0.992188
185	-0.984375	-0.992188
186	-0.968750	-0.984375
187	-0.984375	-0.992188
188	-0.984375	-0.992188
189	-1.000000	-1.000000
190	-0.984375	-0.992188
191	-1.000000	-1.000000
192	-1.000000	-1.000000
193	-1.000000	-1.000000
194	-1.000000	-1.000000
195	-1.000000	-1.000000
196	-0.984375	-0.992188
197	-0.984375	-0.992188
198	-0.968750	-0.984375
199	-0.984375	-0.992188
200	-1.000000	-1.000000
201	-1.000000	-1.000000
202	-0.984375	-0.992188
203	-0.984375	-0.992188
204	-1.000000	-1.000000
205	-1.000000	-1.000000
206	-1.000000	-1.000000
207	-1.000000	-1.000000
208	-1.000000	-1.000000
209	-0.968750	-0.984375
210	-0.984375	-0.992188
211	-0.976563	-0.984375
212	-0.976563	-0.984375
213	-1.000000	-1.000000
214	-1.000000	-1.000000
215	-1.000000	-1.000000
216	-0.984375	-0.992188
217	-1.000000	-1.000000
218	-1.000000	-1.000000
219	-1.000000	-1.000000
220	-0.984375	-0.992188
221	-1.000000	-1.000000
222	-1.000000	-1.000000
223	-1.000000	-1.000000
224	-0.984375	-0.992188
225	-0.984375	-0.992188
226	-1.000000	-1.000000
227	-0.984375	-0.992188
228	-1.000000	-1.000000
229	-1.000000	-1.000000
230	-0.984375	-0.992188
231	-1.000000	-1.000000
232	-1.000000	-1.000000
233	-1.000000	-1.000000
234	-1.000000	-1.000000
235	-1.000000	-1.000000
236	-1.000000	-1.000000
237	-0.984375	-0.992188
238	-1.000000	-1.000000
239	-1.000000	-1.000000
240	-0.984375	-0.992188
241	-1.000000	-1.000000
242	-1.000000	-1.000000
243	-1.000000	-1.000000
244	-1.000000	-1.000000
245	-1.000000	-1.000000
246	-0.984375	-0.992188
247	-1.000000	-1.000000
248	-1.000000	-1.000000
249	-1.000000	-1.000000
250	-1.000000	-1.000000
251	-1.000000	-1.000000
252	-1.000000	-1.000000
253	-1.000000	-1.000000
254	-1.000000	-1.000000
255	-1.000000	-1.000000
256	-1.000000	-1.000000
257	-1.000000	-1.000000
258	-0.984375	-0.992188
259	-1.000000	-1.000000
260	-1.000000	-1.000000
261	-0.984375	-0.992188
262	-1.000000	-1.000000
263	-1.000000	-1.000000
264	-1.000000	-1.000000
265	-1.000000	-1.000000
266	-1.000000	-1.000000
267	-0.968750	-0.984375
268	-1.000000	-1.000000
269	-0.968750	-0.984375
270	-0.984375	-0.992188
271	-0.984375	-0.992188
272	-1.000000	-1.000000
273	-1.000000	-1.000000
274	-1.000000	-1.000000
275	-1.000000	-1.000000
276	-1.000000	-1.000000
277	-1.000000	-1.000000
278	-1.000000	-1.000000
279	-1.000000	-1.000000
280	-1.000000	-1.000000
281	-1.000000	-1.000000
282	-1.000000	-1.000000
283	-0.984375	-0.992188
284	-1.000000	-1.000000
285	-0.968750	-0.984375
286	-1.000000	-1.000000
287	-1.000000	-1.000000
288	-0.984375	-0.992188
289	-1.000000	-1.000000
290	-1.000000	-1.000000
291	-1.000000	-1.000000
292	-0.984375	-0.992188
293	-0.984375	-0.992188
294	-1.000000	-1.000000
295	-1.000000	-1.000000
296	-0.984375	-0.992188
297	-1.000000	-1.000000
298	-0.968750	-0.984375
299	-0.984375	-0.992188
300	-0.984375	-0.992188
301	-1.000000	-1.000000
302	-0.968750	-0.984375
303	-1.000000	-1.000000
304	-0.984375	-0.992188
305	-1.000000	-1.000000
306	-0.968750	-0.984375
307	-1.000000	-1.000000
308	-0.984375	-0.992188
309	-0.984375	-0.992188
310	-0.984375	-0.992188
311	-0.968750	-0.984375
312	-1.000000	-1.000000
313	-0.984375	-0.992188
314	-0.984375	-0.992188
315	-0.968750	-0.984375
316	-1.000000	-1.000000
317	-0.984375	-0.992188
318	-1.000000	-1.000000
319	-0.984375	-0.992188
320	-1.000000	-1.000000
321	-1.000000	-1.000000
322	-1.000000	-1.000000
323	-0.984375	-0.992188
324	-0.984375	-0.992188
325	-1.000000	-1.000000
326	-1.000000	-1.000000
327	-1.000000	-1.000000
328	-1.000000	-1.000000
329	-0.968750	-0.984375
330	-0.984375	-0.992188
331	-0.976563	-0.984375
332	-0.984375	-0.992188
333	-0.984375	-0.992188
334	-1.000000	-1.000000
335	-1.000000	-1.000000
336	-1.000000	-1.000000
337	-0.953125	-0.976563
338	-1.000000	-1.000000
339	-1.000000	-1.000000
340	-1.000000	-1.000000
341	-0.960938	-0.976563
342	-0.984375	-0.992188
343	-1.000000	-1.000000
344	-1.000000	-1.000000
345	-1.000000	-1.000000
346	-0.984375	-0.992188
347	-0.968750	-0.984375
348	-1.000000	-1.000000
349	-0.984375	-0.992188
350	-0.976563	-0.984375
351	-1.000000	-1.000000
352	-0.960938	-0.976563
353	-1.000000	-1.000000
354	-0.984375	-0.992188
355	-0.984375	-0.992188
356	-1.000000	-1.000000
357	-0.968750	-0.984375
358	-0.976563	-0.984375
359	-1.000000	-1.000000
360	-0.984375	-0.992188
361	-0.984375	-0.992188
362	-1.000000	-1.000000
363	-0.984375	-0.992188
364	-1.000000	-1.000000
365	-0.968750	-0.984375
366	-0.984375	-0.992188
367	-1.000000	-1.000000
368	-0.984375	-0.992188
369	-1.000000	-1.000000
370	-1.000000	-1.000000
371	-1.000000	-1.000000
372	-1.000000	-1.000000
373	-1.000000	-1.000000
374	-0.984375	-0.992188
375	-0.984375	-0.992188
376	-0.984375	-0.992188
377	-1.000000	-1.000000
378	-1.000000	-1.000000
379	-1.000000	-1.000000
380	-0.984375	-0.992188
381	-0.984375	-0.992188
382	-1.000000	-1.000000
383	-1.000000	-1.000000
384	-0.968750	-0.984375
385	-1.000000	-1.000000
386	-1.000000	-1.000000
387	-1.000000	-1.000000
388	-1.000000	-1.000000
389	-0.984375	-0.992188
390	-1.000000	-1.000000
391	-1.000000	-1.000000
392	-0.984375	-0.992188
393	-0.984375	-0.992188
394	-1.000000	-1.000000
395	-1.000000	-1.000000
396	-0.984375	-0.992188
397	-1.000000	-1.000000
398	-1.000000	-1.000000
399	-1.000000	-1.000000
400	-1.000000	-1.000000
401	-1.000000	-1.000000
402	-1.000000	-1.000000
403	-1.000000	-1.000000
404	-1.000000	-1.000000
405	-1.000000	-1.000000
406	-0.984375	-0.992188
407	-1.000000	-1.000000
408	-0.984375	-0.992188
409	-1.000000	-1.000000
410	-1.000000	-1.000000
411	-0.984375	-0.992188
412	-0.984375	-0.992188
413	-0.984375	-0.992188
414	-1.000000	-1.000000
415	-1.000000	-1.000000
416	-1.000000	-1.000000
417	-1.000000	-1.000000
418	-1.000000	-1.000000
419	-0.968750	-0.984375
420	-0.984375	-0.992188
421	-1.000000	-1.000000
422	-0.984375	-0.992188
423	-1.000000	-1.000000
424	-0.984375	-0.992188
425	-1.000000	-1.000000
426	-1.000000	-1.000000
427	-0.984375	-0.992188
428	-1.000000	-1.000000
429	-0.984375	-0.992188
430	-1.000000	-1.000000
431	-1.000000	-1.000000
432	-0.984375	-0.992188
433	-1.000000	-1.000000
434	-0.984375	-0.992188
435	-1.000000	-1.000000
436	-1.000000	-1.000000
437	-0.984375	-0.992188
438	-1.000000	-1.000000
439	-1.000000	-1.000000
440	-1.000000	-1.000000
441	-1.000000	-1.000000
442	-1.000000	-1.000000
443	-1.000000	-1.000000
444	-1.000000	-1.000000
445	-1.000000	-1.000000
446	-1.000000	-1.000000
447	-1.000000	-1.000000
448	-1.000000	-1.000000
449	-1.000000	-1.000000
450	-1.000000	-1.000000
451	-1.000000	-1.000000
452	-1.000000	-1.000000
453	-1.000000	-1.000000
454	-1.000000	-1.000000
455	-0.984375	-0.992188
456	-1.000000	-1.000000
457	-1.000000	-1.000000
458	-1.000000	-1.000000
459	-1.000000	-1.000000
460	-0.984375	-0.992188
461	-1.000000	-1.000000
462	-1.000000	-1.000000
463	-1.000000	-1.000000
464	-0.984375	-0.992188
465	-1.000000	-1.000000
466	-0.984375	-0.992188
467	-1.000000	-1.000000
468	-0.984375	-0.992188
469	-0.968750	-0.984375
470	-1.000000	-1.000000
471	-0.984375	-0.992188
472	-1.000000	-1.000000
473	-1.000000	-1.000000
474	-1.000000	-1.000000
475	-1.000000	-1.000000
476	-1.000000	-1.000000
477	-1.000000	-1.000000
478	-1.000000	-1.000000
479	-1.000000	-1.000000
480	-0.984375	-0.992188
481	-0.968750	-0.984375
482	-1.000000	-1.000000
483	-1.000000	-1.000000
484	-0.984375	-0.992188
485	-1.000000	-1.000000
486	-1.000000	-1.000000
487	-1.000000	-1.000000
488	-0.984375	-0.992188
489	-0.984375	-0.992188
490	-1.000000	-1.000000
491	-1.000000	-1.000000
492	-1.000000	-1.000000
493	-0.984375	-0.992188
494	-1.000000	-1.000000
495	-0.984375	-0.992188
496	-1.000000	-1.000000
497	-1.000000	-1.000000
498	-1.000000	-1.000000
499	-0.984375	-0.992188
500	-1.000000	-1.000000
501	-1.000000	-1.000000
502	-1.000000	-1.000000
503	-1.000000	-1.000000
504	-1.000000	-1.000000
505	-1.000000	-1.000000
506	-1.000000	-1.000000
507	-0.984375	-0.992188
508	-1.000000	-1.000000
509	-1.000000	-1.000000
510	-1.000000	-1.000000
511	-1.000000	-1.000000
512	-1.000000	-1.000000
513	-1.000000	-1.000000
514	-1.000000	-1.000000
515	-0.984375	-0.992188
516	-0.968750	-0.984375
517	-1.000000	-1.000000
518	-1.000000	-1.000000
519	-1.000000	-1.000000
520	-0.984375	-0.992188
521	-1.000000	-1.000000
522	-0.984375	-0.992188
523	-0.984375	-0.992188
524	-1.000000	-1.000000
525	-1.000000	-1.000000
526	-1.000000	-1.000000
527	-1.000000	-1.000000
528	-1.000000	-1.000000
529	-1.000000	-1.000000
530	-0.968750	-0.984375
531	-0.968750	-0.984375
532	-1.000000	-1.000000
533	-1.000000	-1.000000
534	-0.968750	-0.984375
535	-1.000000	-1.000000
536	-0.984375	-0.992188
537	-1.000000	-1.000000
538	-1.000000	-1.000000
539	-0.968750	-0.984375
540	-1.000000	-1.000000
541	-1.000000	-1.000000
542	-1.000000	-1.000000
543	-1.000000	-1.000000
544	-0.984375	-0.992188
545	-0.984375	-0.992188
546	-1.000000	-1.000000
547	-1.000000	-1.000000
548	-1.000000	-1.000000
549	-1.000000	-1.000000
550	-1.000000	-1.000000
551	-1.000000	-1.000000
552	-1.000000	-1.000000
553	-0.984375	-0.992188
554	-1.000000	-1.000000
555	-1.000000	-1.000000
556	-1.000000	-1.000000
557	-1.000000	-1.000000
558	-1.000000	-1.000000
559	-0.968750	-0.984375
560	-1.000000	-1.000000
561	-1.000000	-1.000000
562	-1.000000	-1.000000
563	-0.984375	-0.992188
564	-1.000000	-1.000000
565	-1.000000	-1.000000
566	-0.984375	-0.992188
567	-1.000000	-1.000000
568	-1.000000	-1.000000
569	-1.000000	-1.000000
570	-1.000000	-1.000000
571	-1.000000	-1.000000
572	-1.000000	-1.000000
573	-0.984375	-0.992188
574	-1.000000	-1.000000
575	-0.984375	-0.992188
576	-1.000000	-1.000000
577	-1.000000	-1.000000
578	-0.984375	-0.992188
579	-1.000000	-1.000000
580	-1.000000	-1.000000
581	-1.000000	-1.000000
582	-0.984375	-0.992188
583	-1.000000	-1.000000
584	-0.984375	-0.992188
585	-0.976563	-0.984375
586	-1.000000	-1.000000
587	-1.000000	-1.000000
588	-1.000000	-1.000000
589	-1.000000	-1.000000
590	-0.953125	-0.976563
591	-0.984375	-0.992188
592	-0.984375	-0.992188
593	-1.000000	-1.000000
594	-1.000000	-1.000000
595	-1.000000	-1.000000
596	-1.000000	-1.000000
597	-0.984375	-0.992188
598	-0.984375	-0.992188
599	-1.000000	-1.000000
600	-0.984375	-0.992188
601	-0.976563	-0.984375
602	-1.000000	-1.000000
603	-1.000000	-1.000000
604	-1.000000	-1.000000
605	-0.984375	-0.992188
606	-1.000000	-1.000000
607	-1.000000	-1.000000
608	-0.984375	-0.992188
609	-1.000000	-1.000000
610	-1.000000	-1.000000
611	-1.000000	-1.000000
612	-1.000000	-1.000000
613	-0.984375	-0.992188
614	-0.984375	-0.992188
615	-0.984375	-0.992188
616	-1.000000	-1.000000
617	-0.984375	-0.992188
618	-0.984375	-0.992188
619	-1.000000	-1.000000
620	-1.000000	-1.000000
621	-1.000000	-1.000000
622	-1.000000	-1.000000
623	-0.984375	-0.992188
624	-0.984375	-0.992188
625	-1.000000	-1.000000
626	-1.000000	-1.000000
627	-1.000000	-1.000000
628	-1.000000	-1.000000
629	-0.984375	-0.992188
630	-0.984375	-0.992188
631	-0.984375	-0.992188
632	-0.984375	-0.992188
633	-0.968750	-0.984375
634	-0.984375	-0.992188
635	-0.968750	-0.984375
636	-1.000000	-1.000000
637	-0.960938	-0.976563
638	-1.000000	-1.000000
639	-1.000000	-1.000000
640	-1.000000	-1.000000
641	-0.968750	-0.984375
642	-0.984375	-0.992188
643	-1.000000	-1.000000
644	-1.000000	-1.000000
645	-1.000000	-1.000000
646	-1.000000	-1.000000
647	-0.984375	-0.992188
648	-1.000000	-1.000000
649	-1.000000	-1.000000
650	-1.000000	-1.000000
651	-1.000000	-1.000000
652	-1.000000	-1.000000
653	-1.000000	-1.000000
654	-1.000000	-1.000000
655	-1.000000	-1.000000
656	-0.984375	-0.992188
657	-1.000000	-1.000000
658	-1.000000	-1.000000
659	-1.000000	-1.000000
660	-1.000000	-1.000000
661	-1.000000	-1.000000
662	-1.000000	-1.000000
663	-0.984375	-0.992188
664	-1.000000	-1.000000
665	-0.937500	-0.960938
666	-1.000000	-1.000000
667	-1.000000	-1.000000
668	-1.000000	-1.000000
669	-0.984375	-0.992188
670	-1.000000	-1.000000
671	-1.000000	-1.000000
672	-1.000000	-1.000000
673	-0.984375	-0.992188
674	-1.000000	-1.000000
675	-1.000000	-1.000000
676	-0.984375	-0.992188
677	-1.000000	-1.000000
678	-1.000000	-1.000000
679	-1.000000	-1.000000
680	-1.000000	-1.000000
681	-0.968750	-0.984375
682	-1.000000	-1.000000
683	-1.000000	-1.000000
684	-1.000000	-1.000000
685	-1.000000	-1.000000
686	-0.953125	-0.976563
687	-1.000000	-1.000000
688	-1.000000	-1.000000
689	-0.984375	-0.992188
690	-1.000000	-1.000000
691	-1.000000	-1.000000
692	-1.000000	-1.000000
693	-1.000000	-1.000000
694	-1.000000	-1.000000
695	-0.984375	-0.992188
696	-0.984375	-0.992188
697	-0.968750	-0.984375
698	-0.968750	-0.984375
699	-1.000000	-1.000000
700	-0.984375	-0.992188
701	-1.000000	-1.000000
702	-1.000000	-1.000000
703	-1.000000	-1.000000
704	-1.000000	-1.000000
705	-0.984375	-0.992188
706	-0.976563	-0.984375
707	-1.000000	-1.000000
708	-1.000000	-1.000000
709	-1.000000	-1.000000
710	-0.984375	-0.992188
711	-1.000000	-1.000000
712	-1.000000	-1.000000
713	-0.984375	-0.992188
714	-1.000000	-1.000000
715	-1.000000	-1.000000
716	-1.000000	-1.000000
717	-1.000000	-1.000000
718	-1.000000	-1.000000
719	-1.000000	-1.000000
720	-0.984375	-0.992188
721	-1.000000	-1.000000
722	-1.000000	-1.000000
723	-0.984375	-0.992188
724	-1.000000	-1.000000
725	-0.984375	-0.992188
726	-1.000000	-1.000000
727	-1.000000	-1.000000
728	-1.000000	-1.000000
729	-1.000000	-1.000000
730	-0.984375	-0.992188
731	-1.000000	-1.000000
732	-0.984375	-0.992188
733	-1.000000	-1.000000
734	-0.984375	-0.992188
735	-1.000000	-1.000000
736	-1.000000	-1.000000
737	-1.000000	-1.000000
738	-0.984375	-0.992188
739	-1.000000	-1.000000
740	-1.000000	-1.000000
741	-1.000000	-1.000000
742	-0.984375	-0.992188
743	-1.000000	-1.000000
744	-1.000000	-1.000000
745	-1.000000	-1.000000
746	-1.000000	-1.000000
747	-1.000000	-1.000000
748	-0.968750	-0.984375
749	-1.000000	-1.000000
750	-1.000000	-1.000000
751	-0.984375	-0.992188
752	-1.000000	-1.000000
753	-1.000000	-1.000000
754	-0.984375	-0.992188
755	-0.984375	-0.992188
756	-1.000000	-1.000000
757	-1.000000	-1.000000
758	-0.984375	-0.992188
759	-1.000000	-1.000000
760	-0.984375	-0.992188
761	-0.984375	-0.992188
762	-0.968750	-0.984375
763	-1.000000	-1.000000
764	-1.000000	-1.000000
765	-1.000000	-1.000000
766	-0.984375	-0.992188
767	-0.984375	-0.992188
768	-1.000000	-1.000000
769	-0.984375	-0.992188
770	-1.000000	-1.000000
771	-0.984375	-0.992188
772	-1.000000	-1.000000
773	-1.000000	-1.000000
774	-0.984375	-0.992188
775	-1.000000	-1.000000
776	-1.000000	-1.000000
777	-1.000000	-1.000000
778	-1.000000	-1.000000
779	-1.000000	-1.000000
780	-1.000000	-1.000000
781	-1.000000	-1.000000
782	-0.984375	-0.992188
783	-1.000000	-1.000000
784	-1.000000	-1.000000
785	-1.000000	-1.000000
786	-0.984375	-0.992188
787	-1.000000	-1.000000
788	-1.000000	-1.000000
789	-1.000000	-1.000000
790	-1.000000	-1.000000
791	-1.000000	-1.000000
792	-1.000000	-1.000000
793	-1.000000	-1.000000
794	-1.000000	-1.000000
795	-1.000000	-1.000000
796	-0.984375	-0.992188
797	-1.000000	-1.000000
798	-0.968750	-0.984375
799	-0.984375	-0.992188
800	-0.968750	-0.984375
801	-1.000000	-1.000000
802	-0.984375	-0.992188
803	-1.000000	-1.000000
804	-1.000000	-1.000000
805	-1.000000	-1.000000
806	-1.000000	-1.000000
807	-0.984375	-0.992188
808	-0.984375	-0.992188
809	-1.000000	-1.000000
810	-1.000000	-1.000000
811	-1.000000	-1.000000
812	-1.000000	-1.000000
813	-0.968750	-0.984375
814	-1.000000	-1.000000
815	-0.984375	-0.992188
816	-1.000000	-1.000000
817	-1.000000	-1.000000
818	-0.968750	-0.984375
819	-1.000000	-1.000000
820	-1.000000	-1.000000
821	-1.000000	-1.000000
822	-0.984375	-0.992188
823	-1.000000	-1.000000
824	-1.000000	-1.000000
825	-1.000000	-1.000000
826	-1.000000	-1.000000
827	-0.968750	-0.984375
828	-1.000000	-1.000000
829	-1.000000	-1.000000
830	-1.000000	-1.000000
831	-0.984375	-0.992188
832	-1.000000	-1.000000
833	-1.000000	-1.000000
834	-0.968750	-0.984375
835	-1.000000	-1.000000
836	-0.984375	-0.992188
837	-1.000000	-1.000000
838	-1.000000	-1.000000
839	-1.000000	-1.000000
840	-1.000000	-1.000000
841	-1.000000	-1.000000
842	-1.000000	-1.000000
843	-1.000000	-1.000000
844	-0.984375	-0.992188
845	-0.968750	-0.976563
846	-0.984375	-0.992188
847	-1.000000	-1.000000
848	-0.984375	-0.992188
849	-1.000000	-1.000000
850	-0.968750	-0.984375
851	-0.984375	-0.992188
852	-0.984375	-0.992188
853	-1.000000	-1.000000
854	-1.000000	-1.000000
855	-1.000000	-1.000000
856	-1.000000	-1.000000
857	-1.000000	-1.000000
858	-1.000000	-1.000000
859	-0.984375	-0.992188
860	-1.000000	-1.000000
861	-1.000000	-1.000000
862	-0.984375	-0.992188
863	-1.000000	-1.000000
864	-0.984375	-0.992188
865	-0.984375	-0.992188
866	-0.984375	-0.992188
867	-0.984375	-0.992188
868	-1.000000	-1.000000
869	-1.000000	-1.000000
870	-0.984375	-0.992188
871	-1.000000	-1.000000
872	-0.984375	-0.992188
873	-0.984375	-0.992188
874	-1.000000	-1.000000
875	-1.000000	-1.000000
876	-0.984375	-0.992188
877	-1.000000	-1.000000
878	-1.000000	-1.000000
879	-0.984375	-0.992188
880	-0.984375	-0.992188
881	-1.000000	-1.000000
882	-0.984375	-0.992188
883	-1.000000	-1.000000
884	-1.000000	-1.000000
885	-1.000000	-1.000000
886	-0.984375	-0.992188
887	-1.000000	-1.000000
888	-0.984375	-0.992188
889	-1.000000	-1.000000
890	-1.000000	-1.000000
891	-1.000000	-1.000000
892	-1.000000	-1.000000
893	-1.000000	-1.000000
894	-0.984375	-0.992188
895	-0.984375	-0.992188
896	-1.000000	-1.000000
897	-0.984375	-0.992188
898	-1.000000	-1.000000
899	-0.984375	-0.992188
900	-1.000000	-1.000000
901	-0.976563	-0.984375
902	-1.000000	-1.000000
903	-1.000000	-1.000000
904	-1.000000	-1.000000
905	-1.000000	-1.000000
906	-1.000000	-1.000000
907	-1.000000	-1.000000
908	-0.984375	-0.992188
909	-0.984375	-0.992188
910	-1.000000	-1.000000
911	-1.000000	-1.000000
912	-0.984375	-0.992188
913	-0.984375	-0.992188
914	-1.000000	-1.000000
915	-1.000000	-1.000000
916	-1.000000	-1.000000
917	-0.976563	-0.984375
918	-1.000000	-1.000000
919	-1.000000	-1.000000
920	-1.000000	-1.000000
921	-1.000000	-1.000000
922	-1.000000	-1.000000
923	-1.000000	-1.000000
924	-1.000000	-1.000000
925	-0.953125	-0.976563
926	-1.000000	-1.000000
927	-0.984375	-0.992188
928	-1.000000	-1.000000
929	-1.000000	-1.000000
930	-1.000000	-1.000000
931	-0.984375	-0.992188
932	-1.000000	-1.000000
933	-0.984375	-0.992188
934	-0.976563	-0.984375
935	-1.000000	-1.000000
936	-1.000000	-1.000000
937	-0.984375	-0.992188
938	-0.984375	-0.992188
939	-0.984375	-0.992188
940	-0.968750	-0.984375
941	-1.000000	-1.000000
942	-1.000000	-1.000000
943	-1.000000	-1.000000
944	-1.000000	-1.000000
945	-1.000000	-1.000000
946	-1.000000	-1.000000
947	-0.984375	-0.992188
948	-0.984375	-0.992188
949	-1.000000	-1.000000
950	-0.984375	-0.992188
951	-1.000000	-1.000000
952	-1.000000	-1.000000
953	-1.000000	-1.000000
954	-0.968750	-0.984375
955	-1.000000	-1.000000
956	-1.000000	-1.000000
957	-1.000000	-1.000000
958	-1.000000	-1.000000
959	-1.000000	-1.000000
960	-0.976563	-0.984375
961	-1.000000	-1.000000
962	-0.984375	-0.992188
963	-1.000000	-1.000000
964	-0.968750	-0.984375
965	-1.000000	-1.000000
966	-1.000000	-1.000000
967	-1.000000	-1.000000
968	-0.976563	-0.984375
969	-1.000000	-1.000000
970	-0.984375	-0.992188
971	-1.000000	-1.000000
972	-0.984375	-0.992188
973	-1.000000	-1.000000
974	-1.000000	-1.000000
975	-1.000000	-1.000000
976	-1.000000	-1.000000
977	-1.000000	-1.000000
978	-1.000000	-1.000000
979	-1.000000	-1.000000
980	-1.000000	-1.000000
981	-1.000000	-1.000000
982	-1.000000	-1.000000
983	-1.000000	-1.000000
984	-0.976563	-0.984375
985	-0.984375	-0.992188
986	-1.000000	-1.000000
987	-0.968750	-0.984375
988	-0.976563	-0.984375
989	-1.000000	-1.000000
990	-1.000000	-1.000000
991	-1.000000	-1.000000
992	-0.968750	-0.984375
993	-0.984375	-0.992188
994	-1.000000	-1.000000
995	-0.984375	-0.992188
996	-0.984375	-0.992188
997	-0.968750	-0.984375
998	-1.000000	-1.000000
999	-1.000000	-1.000000
