0	-1.000000	-1.000000
1	-1.000000	-1.000000
2	-1.000000	-1.000000
3	-1.000000	-1.000000
4	-1.000000	-1.000000
5	-1.000000	-1.000000
6	-1.000000	-1.000000
7	-1.000000	-1.000000
8	-0.968750	-0.984375
9	-1.000000	-1.000000
10	-1.000000	-1.000000
11	-1.000000	-1.000000
12	-1.000000	-1.000000
13	-1.000000	-1.000000
14	-0.984375	-0.992188
15	-0.984375	-0.992188
16	-1.000000	-1.000000
17	-1.000000	-1.000000
18	-0.976563	-0.984375
19	-1.000000	-1.000000
20	-1.000000	-1.000000
21	-1.000000	-1.000000
22	-1.000000	-1.000000
23	-0.984375	-0.992188
24	-1.000000	-1.000000
25	-1.000000	-1.000000
26	-0.984375	-0.992188
27	-1.000000	-1.000000
28	-0.968750	-0.984375
29	-1.000000	-1.000000
30	-1.000000	-1.000000
31	-1.000000	-1.000000
32	-1.000000	-1.000000
33	-1.000000	-1.000000
34	-1.000000	-1.000000
35	-0.984375	-0.992188
36	-1.000000	-1.000000
37	-1.000000	-1.000000
38	-1.000000	-1.000000
39	-1.000000	-1.000000
40	-0.984375	-0.992188
41	-0.984375	-0.992188
42	-0.968750	-0.984375
43	-1.000000	-1.000000
44	-0.984375	-0.992188
45	-1.000000	-1.000000
46	-1.000000	-1.000000
47	-0.976563	-0.984375
48	-1.000000	-1.000000
49	-1.000000	-1.000000
50	-1.000000	-1.000000
51	-0.984375	-0.992188
52	-1.000000	-1.000000
53	-0.984375	-0.992188
54	-0.968750	-0.984375
55	-1.000000	-1.000000
56	-1.000000	-1.000000
57	-1.000000	-1.000000
58	-1.000000	-1.000000
59	-1.000000	-1.000000
60	-1.000000	-1.000000
61	-0.968750	-0.984375
62	-1.000000	-1.000000
63	-1.000000	-1.000000
64	-1.000000	-1.000000
65	-0.968750	-0.984375
66	-0.984375	-0.992188
67	-1.000000	-1.000000
68	-1.000000	-1.000000
69	-1.000000	-1.000000
70	-1.000000	-1.000000
71	-1.000000	-1.000000
72	-1.000000	-1.000000
73	-1.000000	-1.000000
74	-0.968750	-0.984375
75	-1.000000	-1.000000
76	-0.976563	-0.984375
77	-1.000000	-1.000000
78	-0.984375	-0.992188
79	-1.000000	-1.000000
80	-1.000000	-1.000000
81	-1.000000	-1.000000
82	-0.984375	-0.992188
83	-1.000000	-1.000000
84	-1.000000	-1.000000
85	-1.000000	-1.000000
86	-1.000000	-1.000000
87	-1.000000	-1.000000
88	-1.000000	-1.000000
89	-1.000000	-1.000000
90	-1.000000	-1.000000
91	-1.000000	-1.000000
92	-1.000000	-1.000000
93	-1.000000	-1.000000
94	-1.000000	-1.000000
95	-1.000000	-1.000000
96	-1.000000	-1.000000
97	-1.000000	-1.000000
98	-0.976563	-0.984375
99	-1.000000	-1.000000
100	-1.000000	-1.000000
101	-1.000000	-1.000000
102	-1.000000	-1.000000
103	-1.000000	-1.000000
104	-1.000000	-1.000000
105	-1.000000	-1.000000
106	-1.000000	-1.000000
107	-0.984375	-0.992188
108	-0.984375	-0.992188
109	-0.968750	-0.976563
110	-1.000000	-1.000000
111	-1.000000	-1.000000
112	-0.984375	-0.992188
113	-1.000000	-1.000000
114	-1.000000	-1.000000
115	-1.000000	-1.000000
116	-1.000000	-1.000000
117	-1.000000	-1.000000
118	-0.984375	-0.992188
119	-1.000000	-1.000000
120	-1.000000	-1.000000
121	-1.000000	-1.000000
122	-0.984375	-0.992188
123	-1.000000	-1.000000
124	-0.984375	-0.992188
125	-1.000000	-1.000000
126	-1.000000	-1.000000
127	-1.000000	-1.000000
128	-1.000000	-1.000000
129	-1.000000	-1.000000
130	-1.000000	-1.000000
131	-1.000000	-1.000000
132	-1.000000	-1.000000
133	-1.000000	-1.000000
134	-1.000000	-1.000000
135	-1.000000	-1.000000
136	-1.000000	-1.000000
137	-1.000000	-1.000000
138	-1.000000	-1.000000
139	-1.000000	-1.000000
140	-1.000000	-1.000000
141	-1.000000	-1.000000
142	-1.000000	-1.000000
143	-1.000000	-1.000000
144	-1.000000	-1.000000
145	-1.000000	-1.000000
146	-1.000000	-1.000000
147	-1.000000	-1.000000
148	-0.984375	-0.992188
149	-1.000000	-1.000000
150	-1.000000	-1.000000
151	-1.000000	-1.000000
152	-1.000000	-1.000000
153	-1.000000	-1.000000
154	-1.000000	-1.000000
155	-1.000000	-1.000000
156	-1.000000	-1.000000
157	-1.000000	-1.000000
158	-1.000000	-1.000000
159	-1.000000	-1.000000
160	-1.000000	-1.000000
161	-1.000000	-1.000000
162	-1.000000	-1.000000
163	-1.000000	-1.000000
164	-0.984375	-0.992188
165	-1.000000	-1.000000
166	-0.968750	-0.984375
167	-1.000000	-1.000000
168	-1.000000	-1.000000
169	-1.000000	-1.000000
170	-1.000000	-1.000000
171	-1.000000	-1.000000
172	-0.984375	-0.992188
173	-1.000000	-1.000000
174	-1.000000	-1.000000
175	-1.000000	-1.000000
176	-1.000000	-1.000000
177	-1.000000	-1.000000
178	-1.000000	-1.000000
179	-1.000000	-1.000000
180	-0.984375	-0.992188
181	-0.984375	-0.992188
182	-1.000000	-1.000000
183	-1.000000	-1.000000
184	-1.000000	-1.000000
185	-1.000000	-1.000000
186	-1.000000	-1.000000
187	-1.000000	-1.000000
188	-0.968750	-0.984375
189	-0.984375	-0.992188
190	-1.000000	-1.000000
191	-1.000000	-1.000000
192	-1.000000	-1.000000
193	-1.000000	-1.000000
194	-1.000000	-1.000000
195	-0.984375	-0.992188
196	-1.000000	-1.000000
197	-1.000000	-1.000000
198	-0.984375	-0.992188
199	-1.000000	-1.000000
200	-1.000000	-1.000000
201	-1.000000	-1.000000
202	-1.000000	-1.000000
203	-1.000000	-1.000000
204	-1.000000	-1.000000
205	-1.000000	-1.000000
206	-1.000000	-1.000000
207	-0.984375	-0.992188
208	-1.000000	-1.000000
209	-1.000000	-1.000000
210	-0.984375	-0.992188
211	-1.000000	-1.000000
212	-0.984375	-0.992188
213	-1.000000	-1.000000
214	-1.000000	-1.000000
215	-1.000000	-1.000000
216	-1.000000	-1.000000
217	-0.984375	-0.992188
218	-0.984375	-0.992188
219	-0.984375	-0.992188
220	-1.000000	-1.000000
221	-0.984375	-0.992188
222	-0.984375	-0.992188
223	-0.984375	-0.992188
224	-1.000000	-1.000000
225	-1.000000	-1.000000
226	-1.000000	-1.000000
227	-1.000000	-1.000000
228	-1.000000	-1.000000
229	-1.000000	-1.000000
230	-1.000000	-1.000000
231	-1.000000	-1.000000
232	-1.000000	-1.000000
233	-1.000000	-1.000000
234	-1.000000	-1.000000
235	-1.000000	-1.000000
236	-1.000000	-1.000000
237	-1.000000	-1.000000
238	-1.000000	-1.000000
239	-1.000000	-1.000000
240	-1.000000	-1.000000
241	-1.000000	-1.000000
242	-1.000000	-1.000000
243	-1.000000	-1.000000
244	-0.984375	-0.992188
245	-0.984375	-0.992188
246	-1.000000	-1.000000
247	-0.984375	-0.992188
248	-1.000000	-1.000000
249	-1.000000	-1.000000
250	-1.000000	-1.000000
251	-1.000000	-1.000000
252	-1.000000	-1.000000
253	-1.000000	-1.000000
254	-0.984375	-0.992188
255	-1.000000	-1.000000
256	-1.000000	-1.000000
257	-1.000000	-1.000000
258	-1.000000	-1.000000
259	-1.000000	-1.000000
260	-1.000000	-1.000000
261	-1.000000	-1.000000
262	-1.000000	-1.000000
263	-0.984375	-0.992188
264	-1.000000	-1.000000
265	-1.000000	-1.000000
266	-1.000000	-1.000000
267	-1.000000	-1.000000
268	-1.000000	-1.000000
269	-1.000000	-1.000000
270	-0.984375	-0.992188
271	-1.000000	-1.000000
272	-1.000000	-1.000000
273	-1.000000	-1.000000
274	-1.000000	-1.000000
275	-1.000000	-1.000000
276	-1.000000	-1.000000
277	-1.000000	-1.000000
278	-0.984375	-0.992188
279	-1.000000	-1.000000
280	-1.000000	-1.000000
281	-1.000000	-1.000000
282	-0.984375	-0.992188
283	-0.984375	-0.992188
284	-0.984375	-0.992188
285	-1.000000	-1.000000
286	-1.000000	-1.000000
287	-0.968750	-0.984375
288	-0.984375	-0.992188
289	-1.000000	-1.000000
290	-0.984375	-0.992188
291	-1.000000	-1.000000
292	-1.000000	-1.000000
293	-1.000000	-1.000000
294	-1.000000	-1.000000
295	-1.000000	-1.000000
296	-1.000000	-1.000000
297	-0.984375	-0.992188
298	-1.000000	-1.000000
299	-1.000000	-1.000000
300	-1.000000	-1.000000
301	-0.984375	-0.992188
302	-1.000000	-1.000000
303	-1.000000	-1.000000
304	-1.000000	-1.000000
305	-0.984375	-0.992188
306	-0.984375	-0.992188
307	-1.000000	-1.000000
308	-1.000000	-1.000000
309	-1.000000	-1.000000
310	-1.000000	-1.000000
311	-1.000000	-1.000000
312	-1.000000	-1.000000
313	-0.953125	-0.976563
314	-0.984375	-0.992188
315	-1.000000	-1.000000
316	-1.000000	-1.000000
317	-0.984375	-0.992188
318	-1.000000	-1.000000
319	-0.968750	-0.984375
320	-0.984375	-0.992188
321	-1.000000	-1.000000
322	-1.000000	-1.000000
323	-1.000000	-1.000000
324	-1.000000	-1.000000
325	-1.000000	-1.000000
326	-1.000000	-1.000000
327	-1.000000	-1.000000
328	-1.000000	-1.000000
329	-0.960938	-0.976563
330	-0.984375	-0.992188
331	-1.000000	-1.000000
332	-1.000000	-1.000000
333	-1.000000	-1.000000
334	-1.000000	-1.000000
335	-1.000000	-1.000000
336	-1.000000	-1.000000
337	-1.000000	-1.000000
338	-0.984375	-0.992188
339	-1.000000	-1.000000
340	-1.000000	-1.000000
341	-1.000000	-1.000000
342	-1.000000	-1.000000
343	-1.000000	-1.000000
344	-1.000000	-1.000000
345	-1.000000	-1.000000
346	-0.984375	-0.992188
347	-0.984375	-0.992188
348	-1.000000	-1.000000
349	-1.000000	-1.000000
350	-1.000000	-1.000000
351	-0.984375	-0.992188
352	-1.000000	-1.000000
353	-1.000000	-1.000000
354	-1.000000	-1.000000
355	-1.000000	-1.000000
356	-0.984375	-0.992188
357	-1.000000	-1.000000
358	-1.000000	-1.000000
359	-0.984375	-0.992188
360	-0.984375	-0.992188
361	-0.984375	-0.992188
362	-0.984375	-0.992188
363	-1.000000	-1.000000
364	-1.000000	-1.000000
365	-1.000000	-1.000000
366	-1.000000	-1.000000
367	-1.000000	-1.000000
368	-1.000000	-1.000000
369	-1.000000	-1.000000
370	-0.984375	-0.992188
371	-1.000000	-1.000000
372	-1.000000	-1.000000
373	-0.937500	-0.968750
374	-1.000000	-1.000000
375	-1.000000	-1.000000
376	-1.000000	-1.000000
377	-0.984375	-0.992188
378	-1.000000	-1.000000
379	-1.000000	-1.000000
380	-1.000000	-1.000000
381	-1.000000	-1.000000
382	-0.984375	-0.992188
383	-1.000000	-1.000000
384	-1.000000	-1.000000
385	-1.000000	-1.000000
386	-1.000000	-1.000000
387	-1.000000	-1.000000
388	-1.000000	-1.000000
389	-1.000000	-1.000000
390	-1.000000	-1.000000
391	-1.000000	-1.000000
392	-1.000000	-1.000000
393	-1.000000	-1.000000
394	-1.000000	-1.000000
395	-1.000000	-1.000000
396	-0.984375	-0.992188
397	-1.000000	-1.000000
398	-1.000000	-1.000000
399	-1.000000	-1.000000
400	-1.000000	-1.000000
401	-1.000000	-1.000000
402	-1.000000	-1.000000
403	-1.000000	-1.000000
404	-0.984375	-0.992188
405	-1.000000	-1.000000
406	-0.984375	-0.992188
407	-1.000000	-1.000000
408	-1.000000	-1.000000
409	-1.000000	-1.000000
410	-1.000000	-1.000000
411	-1.000000	-1.000000
412	-1.000000	-1.000000
413	-0.984375	-0.992188
414	-1.000000	-1.000000
415	-1.000000	-1.000000
416	-1.000000	-1.000000
417	-1.000000	-1.000000
418	-1.000000	-1.000000
419	-0.984375	-0.992188
420	-1.000000	-1.000000
421	-1.000000	-1.000000
422	-1.000000	-1.000000
423	-1.000000	-1.000000
424	-1.000000	-1.000000
425	-1.000000	-1.000000
426	-1.000000	-1.000000
427	-1.000000	-1.000000
428	-1.000000	-1.000000
429	-0.984375	-0.992188
430	-1.000000	-1.000000
431	-1.000000	-1.000000
432	-1.000000	-1.000000
433	-1.000000	-1.000000
434	-0.984375	-0.992188
435	-1.000000	-1.000000
436	-1.000000	-1.000000
437	-1.000000	-1.000000
438	-0.976563	-0.984375
439	-1.000000	-1.000000
440	-1.000000	-1.000000
441	-1.000000	-1.000000
442	-1.000000	-1.000000
443	-1.000000	-1.000000
444	-1.000000	-1.000000
445	-1.000000	-1.000000
446	-1.000000	-1.000000
447	-1.000000	-1.000000
448	-0.984375	-0.992188
449	-1.000000	-1.000000
450	-1.000000	-1.000000
451	-1.000000	-1.000000
452	-1.000000	-1.000000
453	-1.000000	-1.000000
454	-1.000000	-1.000000
455	-1.000000	-1.000000
456	-0.984375	-0.992188
457	-1.000000	-1.000000
458	-1.000000	-1.000000
459	-1.000000	-1.000000
460	-1.000000	-1.000000
461	-0.984375	-0.992188
462	-0.984375	-0.992188
463	-1.000000	-1.000000
464	-1.000000	-1.000000
465	-1.000000	-1.000000
466	-1.000000	-1.000000
467	-1.000000	-1.000000
468	-0.984375	-0.992188
469	-0.976563	-0.984375
470	-1.000000	-1.000000
471	-1.000000	-1.000000
472	-0.984375	-0.992188
473	-0.984375	-0.992188
474	-0.984375	-0.992188
475	-1.000000	-1.000000
476	-1.000000	-1.000000
477	-1.000000	-1.000000
478	-1.000000	-1.000000
479	-1.000000	-1.000000
480	-1.000000	-1.000000
481	-1.000000	-1.000000
482	-1.000000	-1.000000
483	-1.000000	-1.000000
484	-1.000000	-1.000000
485	-0.984375	-0.992188
486	-1.000000	-1.000000
487	-1.000000	-1.000000
488	-1.000000	-1.000000
489	-1.000000	-1.000000
490	-1.000000	-1.000000
491	-1.000000	-1.000000
492	-1.000000	-1.000000
493	-1.000000	-1.000000
494	-1.000000	-1.000000
495	-0.984375	-0.992188
496	-1.000000	-1.000000
497	-1.000000	-1.000000
498	-1.000000	-1.000000
499	-1.000000	-1.000000
500	-1.000000	-1.000000
501	-1.000000	-1.000000
502	-1.000000	-1.000000
503	-1.000000	-1.000000
504	-0.984375	-0.992188
505	-1.000000	-1.000000
506	-1.000000	-1.000000
507	-1.000000	-1.000000
508	-1.000000	-1.000000
509	-1.000000	-1.000000
510	-1.000000	-1.000000
511	-1.000000	-1.000000
512	-1.000000	-1.000000
513	-1.000000	-1.000000
514	-1.000000	-1.000000
515	-0.976563	-0.984375
516	-1.000000	-1.000000
517	-0.984375	-0.992188
518	-1.000000	-1.000000
519	-1.000000	-1.000000
520	-1.000000	-1.000000
521	-1.000000	-1.000000
522	-1.000000	-1.000000
523	-1.000000	-1.000000
524	-1.000000	-1.000000
525	-1.000000	-1.000000
526	-1.000000	-1.000000
527	-0.984375	-0.992188
528	-1.000000	-1.000000
529	-1.000000	-1.000000
530	-0.984375	-0.992188
531	-1.000000	-1.000000
532	-0.984375	-0.992188
533	-1.000000	-1.000000
534	-1.000000	-1.000000
535	-1.000000	-1.000000
536	-1.000000	-1.000000
537	-1.000000	-1.000000
538	-1.000000	-1.000000
539	-1.000000	-1.000000
540	-1.000000	-1.000000
541	-1.000000	-1.000000
542	-1.000000	-1.000000
543	-0.984375	-0.992188
544	-1.000000	-1.000000
545	-1.000000	-1.000000
546	-1.000000	-1.000000
547	-0.984375	-0.992188
548	-1.000000	-1.000000
549	-1.000000	-1.000000
550	-1.000000	-1.000000
551	-0.984375	-0.992188
552	-1.000000	-1.000000
553	-1.000000	-1.000000
554	-1.000000	-1.000000
555	-1.000000	-1.000000
556	-1.000000	-1.000000
557	-1.000000	-1.000000
558	-0.968750	-0.984375
559	-1.000000	-1.000000
560	-0.984375	-0.992188
561	-1.000000	-1.000000
562	-1.000000	-1.000000
563	-1.000000	-1.000000
564	-1.000000	-1.000000
565	-1.000000	-1.000000
566	-0.984375	-0.992188
567	-1.000000	-1.000000
568	-1.000000	-1.000000
569	-1.000000	-1.000000
570	-0.968750	-0.984375
571	-1.000000	-1.000000
572	-1.000000	-1.000000
573	-1.000000	-1.000000
574	-1.000000	-1.000000
575	-1.000000	-1.000000
576	-0.984375	-0.992188
577	-1.000000	-1.000000
578	-0.984375	-0.992188
579	-0.984375	-0.992188
580	-1.000000	-1.000000
581	-1.000000	-1.000000
582	-1.000000	-1.000000
583	-1.000000	-1.000000
584	-1.000000	-1.000000
585	-1.000000	-1.000000
586	-1.000000	-1.000000
587	-1.000000	-1.000000
588	-0.984375	-0.992188
589	-1.000000	-1.000000
590	-0.976563	-0.984375
591	-1.000000	-1.000000
592	-1.000000	-1.000000
593	-1.000000	-1.000000
594	-1.000000	-1.000000
595	-1.000000	-1.000000
596	-0.984375	-0.992188
597	-0.984375	-0.992188
598	-1.000000	-1.000000
599	-1.000000	-1.000000
600	-1.000000	-1.000000
601	-0.984375	-0.992188
602	-1.000000	-1.000000
603	-0.984375	-0.992188
604	-1.000000	-1.000000
605	-0.984375	-0.992188
606	-1.000000	-1.000000
607	-1.000000	-1.000000
608	-1.000000	-1.000000
609	-1.000000	-1.000000
610	-0.984375	-0.992188
611	-1.000000	-1.000000
612	-1.000000	-1.000000
613	-0.984375	-0.992188
614	-0.984375	-0.992188
615	-0.984375	-0.992188
616	-1.000000	-1.000000
617	-1.000000	-1.000000
618	-1.000000	-1.000000
619	-0.937500	-0.968750
620	-1.000000	-1.000000
621	-1.000000	-1.000000
622	-1.000000	-1.000000
623	-0.984375	-0.992188
624	-0.984375	-0.992188
625	-0.984375	-0.992188
626	-1.000000	-1.000000
627	-1.000000	-1.000000
628	-1.000000	-1.000000
629	-1.000000	-1.000000
630	-1.000000	-1.000000
631	-1.000000	-1.000000
632	-0.984375	-0.992188
633	-1.000000	-1.000000
634	-1.000000	-1.000000
635	-0.976563	-0.984375
636	-1.000000	-1.000000
637	-1.000000	-1.000000
638	-1.000000	-1.000000
639	-1.000000	-1.000000
640	-1.000000	-1.000000
641	-1.000000	-1.000000
642	-1.000000	-1.000000
643	-1.000000	-1.000000
644	-1.000000	-1.000000
645	-1.000000	-1.000000
646	-1.000000	-1.000000
647	-1.000000	-1.000000
648	-1.000000	-1.000000
649	-1.000000	-1.000000
650	-1.000000	-1.000000
651	-1.000000	-1.000000
652	-1.000000	-1.000000
653	-1.000000	-1.000000
654	-1.000000	-1.000000
655	-1.000000	-1.000000
656	-1.000000	-1.000000
657	-1.000000	-1.000000
658	-1.000000	-1.000000
659	-1.000000	-1.000000
660	-1.000000	-1.000000
661	-1.000000	-1.000000
662	-1.000000	-1.000000
663	-1.000000	-1.000000
664	-0.984375	-0.992188
665	-0.984375	-0.992188
666	-1.000000	-1.000000
667	-1.000000	-1.000000
668	-0.984375	-0.992188
669	-1.000000	-1.000000
670	-1.000000	-1.000000
671	-1.000000	-1.000000
672	-1.000000	-1.000000
673	-1.000000	-1.000000
674	-1.000000	-1.000000
675	-1.000000	-1.000000
676	-0.984375	-0.992188
677	-0.984375	-0.992188
678	-0.984375	-0.992188
679	-1.000000	-1.000000
680	-1.000000	-1.000000
681	-1.000000	-1.000000
682	-1.000000	-1.000000
683	-1.000000	-1.000000
684	-1.000000	-1.000000
685	-1.000000	-1.000000
686	-0.984375	-0.992188
687	-1.000000	-1.000000
688	-1.000000	-1.000000
689	-1.000000	-1.000000
690	-1.000000	-1.000000
691	-1.000000	-1.000000
692	-1.000000	-1.000000
693	-1.000000	-1.000000
694	-1.000000	-1.000000
695	-1.000000	-1.000000
696	-1.000000	-1.000000
697	-1.000000	-1.000000
698	-1.000000	-1.000000
699	-1.000000	-1.000000
700	-1.000000	-1.000000
701	-1.000000	-1.000000
702	-1.000000	-1.000000
703	-1.000000	-1.000000
704	-0.984375	-0.992188
705	-0.984375	-0.992188
706	-1.000000	-1.000000
707	-0.984375	-0.992188
708	-1.000000	-1.000000
709	-1.000000	-1.000000
710	-1.000000	-1.000000
711	-1.000000	-1.000000
712	-1.000000	-1.000000
713	-1.000000	-1.000000
714	-0.984375	-0.992188
715	-1.000000	-1.000000
716	-1.000000	-1.000000
717	-1.000000	-1.000000
718	-1.000000	-1.000000
719	-1.000000	-1.000000
720	-1.000000	-1.000000
721	-1.000000	-1.000000
722	-1.000000	-1.000000
723	-1.000000	-1.000000
724	-1.000000	-1.000000
725	-0.968750	-0.984375
726	-1.000000	-1.000000
727	-1.000000	-1.000000
728	-1.000000	-1.000000
729	-1.000000	-1.000000
730	-1.000000	-1.000000
731	-1.000000	-1.000000
732	-1.000000	-1.000000
733	-1.000000	-1.000000
734	-1.000000	-1.000000
735	-1.000000	-1.000000
736	-1.000000	-1.000000
737	-1.000000	-1.000000
738	-0.984375	-0.992188
739	-1.000000	-1.000000
740	-0.984375	-0.992188
741	-1.000000	-1.000000
742	-1.000000	-1.000000
743	-1.000000	-1.000000
744	-1.000000	-1.000000
745	-1.000000	-1.000000
746	-1.000000	-1.000000
747	-1.000000	-1.000000
748	-1.000000	-1.000000
749	-1.000000	-1.000000
750	-1.000000	-1.000000
751	-1.000000	-1.000000
752	-0.984375	-0.992188
753	-1.000000	-1.000000
754	-1.000000	-1.000000
755	-1.000000	-1.000000
756	-1.000000	-1.000000
757	-1.000000	-1.000000
758	-1.000000	-1.000000
759	-1.000000	-1.000000
760	-1.000000	-1.000000
761	-1.000000	-1.000000
762	-0.984375	-0.992188
763	-1.000000	-1.000000
764	-1.000000	-1.000000
765	-1.000000	-1.000000
766	-0.976563	-0.984375
767	-1.000000	-1.000000
768	-1.000000	-1.000000
769	-1.000000	-1.000000
770	-1.000000	-1.000000
771	-1.000000	-1.000000
772	-0.968750	-0.984375
773	-1.000000	-1.000000
774	-1.000000	-1.000000
775	-1.000000	-1.000000
776	-1.000000	-1.000000
777	-0.984375	-0.992188
778	-1.000000	-1.000000
779	-1.000000	-1.000000
780	-1.000000	-1.000000
781	-1.000000	-1.000000
782	-1.000000	-1.000000
783	-1.000000	-1.000000
784	-1.000000	-1.000000
785	-1.000000	-1.000000
786	-1.000000	-1.000000
787	-1.000000	-1.000000
788	-1.000000	-1.000000
789	-1.000000	-1.000000
790	-1.000000	-1.000000
791	-1.000000	-1.000000
792	-1.000000	-1.000000
793	-1.000000	-1.000000
794	-1.000000	-1.000000
795	-1.000000	-1.000000
796	-1.000000	-1.000000
797	-1.000000	-1.000000
798	-0.984375	-0.992188
799	-1.000000	-1.000000
800	-1.000000	-1.000000
801	-1.000000	-1.000000
802	-0.984375	-0.992188
803	-1.000000	-1.000000
804	-1.000000	-1.000000
805	-1.000000	-1.000000
806	-1.000000	-1.000000
807	-1.000000	-1.000000
808	-1.000000	-1.000000
809	-1.000000	-1.000000
810	-1.000000	-1.000000
811	-1.000000	-1.000000
812	-0.968750	-0.984375
813	-0.968750	-0.984375
814	-1.000000	-1.000000
815	-1.000000	-1.000000
816	-1.000000	-1.000000
817	-0.984375	-0.992188
818	-1.000000	-1.000000
819	-1.000000	-1.000000
820	-0.984375	-0.992188
821	-0.984375	-0.992188
822	-1.000000	-1.000000
823	-1.000000	-1.000000
824	-1.000000	-1.000000
825	-1.000000	-1.000000
826	-1.000000	-1.000000
827	-0.984375	-0.992188
828	-1.000000	-1.000000
829	-1.000000	-1.000000
830	-1.000000	-1.000000
831	-0.984375	-0.992188
832	-0.984375	-0.992188
833	-1.000000	-1.000000
834	-1.000000	-1.000000
835	-1.000000	-1.000000
836	-0.984375	-0.992188
837	-1.000000	-1.000000
838	-1.000000	-1.000000
839	-1.000000	-1.000000
840	-1.000000	-1.000000
841	-1.000000	-1.000000
842	-1.000000	-1.000000
843	-1.000000	-1.000000
844	-1.000000	-1.000000
845	-1.000000	-1.000000
846	-1.000000	-1.000000
847	-1.000000	-1.000000
848	-0.984375	-0.992188
849	-1.000000	-1.000000
850	-1.000000	-1.000000
851	-1.000000	-1.000000
852	-1.000000	-1.000000
853	-0.984375	-0.992188
854	-1.000000	-1.000000
855	-1.000000	-1.000000
856	-0.945313	-0.968750
857	-0.976563	-0.984375
858	-1.000000	-1.000000
859	-1.000000	-1.000000
860	-1.000000	-1.000000
861	-1.000000	-1.000000
862	-1.000000	-1.000000
863	-1.000000	-1.000000
864	-0.984375	-0.992188
865	-1.000000	-1.000000
866	-1.000000	-1.000000
867	-1.000000	-1.000000
868	-1.000000	-1.000000
869	-1.000000	-1.000000
870	-1.000000	-1.000000
871	-0.984375	-0.992188
872	-1.000000	-1.000000
873	-1.000000	-1.000000
874	-0.984375	-0.992188
875	-1.000000	-1.000000
876	-1.000000	-1.000000
877	-1.000000	-1.000000
878	-1.000000	-1.000000
879	-1.000000	-1.000000
880	-1.000000	-1.000000
881	-0.968750	-0.984375
882	-0.984375	-0.992188
883	-0.984375	-0.992188
884	-1.000000	-1.000000
885	-0.984375	-0.992188
886	-0.984375	-0.992188
887	-1.000000	-1.000000
888	-1.000000	-1.000000
889	-1.000000	-1.000000
890	-0.984375	-0.992188
891	-1.000000	-1.000000
892	-1.000000	-1.000000
893	-1.000000	-1.000000
894	-1.000000	-1.000000
895	-1.000000	-1.000000
896	-1.000000	-1.000000
897	-1.000000	-1.000000
898	-1.000000	-1.000000
899	-1.000000	-1.000000
900	-1.000000	-1.000000
901	-1.000000	-1.000000
902	-0.984375	-0.992188
903	-1.000000	-1.000000
904	-1.000000	-1.000000
905	-1.000000	-1.000000
906	-1.000000	-1.000000
907	-1.000000	-1.000000
908	-0.984375	-0.992188
909	-1.000000	-1.000000
910	-1.000000	-1.000000
911	-1.000000	-1.000000
912	-1.000000	-1.000000
913	-1.000000	-1.000000
914	-1.000000	-1.000000
915	-1.000000	-1.000000
916	-1.000000	-1.000000
917	-1.000000	-1.000000
918	-1.000000	-1.000000
919	-0.984375	-0.992188
920	-1.000000	-1.000000
921	-1.000000	-1.000000
922	-1.000000	-1.000000
923	-1.000000	-1.000000
924	-1.000000	-1.000000
925	-1.000000	-1.000000
926	-1.000000	-1.000000
927	-0.984375	-0.992188
928	-1.000000	-1.000000
929	-1.000000	-1.000000
930	-1.000000	-1.000000
931	-1.000000	-1.000000
932	-1.000000	-1.000000
933	-1.000000	-1.000000
934	-1.000000	-1.000000
935	-1.000000	-1.000000
936	-1.000000	-1.000000
937	-1.000000	-1.000000
938	-1.000000	-1.000000
939	-1.000000	-1.000000
940	-1.000000	-1.000000
941	-1.000000	-1.000000
942	-0.984375	-0.992188
943	-1.000000	-1.000000
944	-1.000000	-1.000000
945	-1.000000	-1.000000
946	-1.000000	-1.000000
947	-0.968750	-0.984375
948	-1.000000	-1.000000
949	-1.000000	-1.000000
950	-1.000000	-1.000000
951	-0.984375	-0.992188
952	-1.000000	-1.000000
953	-1.000000	-1.000000
954	-0.984375	-0.992188
955	-1.000000	-1.000000
956	-1.000000	-1.000000
957	-1.000000	-1.000000
958	-0.984375	-0.992188
959	-1.000000	-1.000000
960	-1.000000	-1.000000
961	-0.984375	-0.992188
962	-1.000000	-1.000000
963	-1.000000	-1.000000
964	-0.984375	-0.992188
965	-1.000000	-1.000000
966	-1.000000	-1.000000
967	-1.000000	-1.000000
968	-1.000000	-1.000000
969	-0.984375	-0.992188
970	-1.000000	-1.000000
971	-1.000000	-1.000000
972	-1.000000	-1.000000
973	-0.984375	-0.992188
974	-1.000000	-1.000000
975	-1.000000	-1.000000
976	-0.984375	-0.992188
977	-1.000000	-1.000000
978	-1.000000	-1.000000
979	-1.000000	-1.000000
980	-1.000000	-1.000000
981	-0.984375	-0.992188
982	-1.000000	-1.000000
983	-0.984375	-0.992188
984	-0.984375	-0.992188
985	-1.000000	-1.000000
986	-1.000000	-1.000000
987	-1.000000	-1.000000
988	-1.000000	-1.000000
989	-1.000000	-1.000000
990	-1.000000	-1.000000
991	-0.984375	-0.992188
992	-1.000000	-1.000000
993	-0.984375	-0.992188
994	-1.000000	-1.000000
995	-1.000000	-1.000000
996	-1.000000	-1.000000
997	-1.000000	-1.000000
998	-1.000000	-1.000000
999	-1.000000	-1.000000
