0	-0.937500	-0.968750
1	-1.000000	-1.000000
2	-0.945313	-0.968750
3	-0.968750	-0.984375
4	-0.976563	-0.984375
5	-0.921875	-0.953125
6	-0.929688	-0.960938
7	-1.000000	-1.000000
8	-0.953125	-0.976563
9	-0.953125	-0.968750
10	-1.000000	-1.000000
11	-0.968750	-0.984375
12	-1.000000	-1.000000
13	-0.984375	-0.992188
14	-0.953125	-0.976563
15	-1.000000	-1.000000
16	-0.953125	-0.976563
17	-0.984375	-0.992188
18	-0.953125	-0.976563
19	-0.984375	-0.992188
20	-0.968750	-0.984375
21	-0.953125	-0.976563
22	-0.953125	-0.976563
23	-0.984375	-0.992188
24	-0.984375	-0.992188
25	-0.976563	-0.984375
26	-1.000000	-1.000000
27	-0.960938	-0.976563
28	-1.000000	-1.000000
29	-0.968750	-0.984375
30	-0.984375	-0.992188
31	-0.953125	-0.976563
32	-0.953125	-0.976563
33	-0.960938	-0.976563
34	-0.945313	-0.968750
35	-0.945313	-0.968750
36	-0.929688	-0.960938
37	-0.984375	-0.992188
38	-0.921875	-0.960938
39	-1.000000	-1.000000
40	-1.000000	-1.000000
41	-1.000000	-1.000000
42	-0.945313	-0.960938
43	-0.937500	-0.968750
44	-0.984375	-0.992188
45	-0.968750	-0.984375
46	-1.000000	-1.000000
47	-0.968750	-0.984375
48	-0.945313	-0.968750
49	-1.000000	-1.000000
50	-0.984375	-0.992188
51	-0.953125	-0.976563
52	-0.976563	-0.984375
53	-0.937500	-0.960938
54	-0.921875	-0.960938
55	-0.968750	-0.984375
56	-0.945313	-0.968750
57	-0.984375	-0.992188
58	-0.984375	-0.992188
59	-0.976563	-0.984375
60	-1.000000	-1.000000
61	-0.984375	-0.992188
62	-0.968750	-0.984375
63	-0.953125	-0.976563
64	-0.968750	-0.984375
65	-0.953125	-0.968750
66	-0.984375	-0.992188
67	-0.937500	-0.968750
68	-0.984375	-0.992188
69	-0.968750	-0.984375
70	-0.937500	-0.968750
71	-0.953125	-0.976563
72	-0.921875	-0.960938
73	-1.000000	-1.000000
74	-0.976563	-0.984375
75	-0.937500	-0.968750
76	-0.968750	-0.984375
77	-1.000000	-1.000000
78	-0.953125	-0.976563
79	-0.984375	-0.992188
80	-0.929688	-0.953125
81	-0.984375	-0.992188
82	-0.984375	-0.992188
83	-0.945313	-0.968750
84	-0.984375	-0.992188
85	-0.984375	-0.992188
86	-0.968750	-0.984375
87	-0.968750	-0.984375
88	-0.984375	-0.992188
89	-0.968750	-0.984375
90	-0.984375	-0.992188
91	-0.960938	-0.976563
92	-0.984375	-0.992188
93	-0.984375	-0.992188
94	-0.968750	-0.984375
95	-0.960938	-0.976563
96	-0.960938	-0.976563
97	-0.968750	-0.984375
98	-0.968750	-0.984375
99	-0.960938	-0.976563
100	-0.953125	-0.968750
101	-0.953125	-0.976563
102	-0.968750	-0.984375
103	-0.960938	-0.976563
104	-0.968750	-0.984375
105	-0.984375	-0.992188
106	-0.937500	-0.960938
107	-0.960938	-0.976563
108	-0.914063	-0.937500
109	-0.976563	-0.984375
110	-0.953125	-0.976563
111	-0.984375	-0.992188
112	-0.960938	-0.976563
113	-0.968750	-0.984375
114	-1.000000	-1.000000
115	-0.984375	-0.992188
116	-0.968750	-0.984375
117	-0.968750	-0.984375
118	-0.906250	-0.953125
119	-0.984375	-0.992188
120	-0.984375	-0.992188
121	-0.937500	-0.968750
122	-0.976563	-0.984375
123	-1.000000	-1.000000
124	-0.937500	-0.953125
125	-0.937500	-0.968750
126	-1.000000	-1.000000
127	-0.968750	-0.984375
128	-0.921875	-0.960938
129	-0.976563	-0.984375
130	-0.921875	-0.960938
131	-0.968750	-0.984375
132	-0.937500	-0.968750
133	-0.976563	-0.984375
134	-0.984375	-0.992188
135	-0.968750	-0.984375
136	-1.000000	-1.000000
137	-0.953125	-0.976563
138	-0.984375	-0.992188
139	-0.968750	-0.984375
140	-0.968750	-0.984375
141	-0.984375	-0.992188
142	-0.898438	-0.914063
143	-0.945313	-0.968750
144	-1.000000	-1.000000
145	-0.984375	-0.992188
146	-0.945313	-0.968750
147	-0.953125	-0.968750
148	-0.984375	-0.992188
149	-0.968750	-0.984375
150	-0.968750	-0.984375
151	-0.984375	-0.992188
152	-0.984375	-0.992188
153	-1.000000	-1.000000
154	-0.953125	-0.976563
155	-0.968750	-0.984375
156	-0.937500	-0.968750
157	-0.976563	-0.984375
158	-0.968750	-0.984375
159	-0.929688	-0.960938
160	-0.953125	-0.976563
161	-0.890625	-0.937500
162	-1.000000	-1.000000
163	-0.984375	-0.992188
164	-0.929688	-0.960938
165	-1.000000	-1.000000
166	-0.984375	-0.992188
167	-0.968750	-0.984375
168	-1.000000	-1.000000
169	-0.968750	-0.984375
170	-0.968750	-0.984375
171	-0.937500	-0.968750
172	-0.984375	-0.992188
173	-0.984375	-0.992188
174	-0.960938	-0.976563
175	-0.921875	-0.945313
176	-0.968750	-0.984375
177	-0.984375	-0.992188
178	-0.960938	-0.976563
179	-0.984375	-0.992188
180	-1.000000	-1.000000
181	-0.953125	-0.976563
182	-1.000000	-1.000000
183	-0.960938	-0.968750
184	-0.968750	-0.984375
185	-0.984375	-0.992188
186	-0.968750	-0.984375
187	-0.984375	-0.992188
188	-1.000000	-1.000000
189	-0.898438	-0.929688
190	-0.921875	-0.953125
191	-0.968750	-0.984375
192	-0.984375	-0.992188
193	-0.906250	-0.937500
194	-1.000000	-1.000000
195	-0.984375	-0.992188
196	-0.984375	-0.992188
197	-0.914063	-0.953125
198	-0.976563	-0.984375
199	-0.960938	-0.976563
200	-1.000000	-1.000000
201	-0.953125	-0.968750
202	-0.968750	-0.984375
203	-0.953125	-0.976563
204	-0.968750	-0.984375
205	-1.000000	-1.000000
206	-0.976563	-0.984375
207	-1.000000	-1.000000
208	-0.984375	-0.992188
209	-0.968750	-0.984375
210	-1.000000	-1.000000
211	-0.953125	-0.976563
212	-1.000000	-1.000000
213	-0.968750	-0.984375
214	-0.968750	-0.984375
215	-0.968750	-0.984375
216	-0.968750	-0.984375
217	-1.000000	-1.000000
218	-0.968750	-0.984375
219	-0.984375	-0.992188
220	-0.968750	-0.984375
221	-1.000000	-1.000000
222	-0.968750	-0.984375
223	-0.960938	-0.976563
224	-0.937500	-0.968750
225	-0.945313	-0.968750
226	-0.945313	-0.960938
227	-0.953125	-0.976563
228	-1.000000	-1.000000
229	-0.960938	-0.976563
230	-0.953125	-0.976563
231	-0.960938	-0.968750
232	-0.914063	-0.953125
233	-0.898438	-0.945313
234	-0.953125	-0.976563
235	-0.984375	-0.992188
236	-0.953125	-0.976563
237	-0.937500	-0.968750
238	-1.000000	-1.000000
239	-1.000000	-1.000000
240	-1.000000	-1.000000
241	-0.937500	-0.960938
242	-1.000000	-1.000000
243	-0.968750	-0.984375
244	-0.984375	-0.992188
245	-0.898438	-0.929688
246	-0.968750	-0.984375
247	-0.984375	-0.992188
248	-0.984375	-0.992188
249	-0.976563	-0.984375
250	-0.953125	-0.976563
251	-0.937500	-0.968750
252	-0.984375	-0.992188
253	-0.945313	-0.945313
254	-0.929688	-0.960938
255	-0.945313	-0.968750
256	-0.984375	-0.992188
257	-1.000000	-1.000000
258	-0.968750	-0.984375
259	-0.953125	-0.976563
260	-0.984375	-0.992188
261	-0.984375	-0.992188
262	-0.937500	-0.953125
263	-1.000000	-1.000000
264	-1.000000	-1.000000
265	-0.929688	-0.953125
266	-0.968750	-0.968750
267	-0.953125	-0.976563
268	-0.968750	-0.984375
269	-0.968750	-0.984375
270	-0.968750	-0.984375
271	-0.968750	-0.976563
272	-0.953125	-0.976563
273	-0.945313	-0.968750
274	-0.984375	-0.992188
275	-1.000000	-1.000000
276	-0.960938	-0.976563
277	-0.976563	-0.984375
278	-0.906250	-0.945313
279	-0.929688	-0.960938
280	-0.953125	-0.976563
281	-1.000000	-1.000000
282	-0.968750	-0.984375
283	-0.984375	-0.992188
284	-0.968750	-0.984375
285	-0.960938	-0.976563
286	-0.960938	-0.976563
287	-0.953125	-0.976563
288	-1.000000	-1.000000
289	-0.984375	-0.992188
290	-0.937500	-0.968750
291	-0.945313	-0.968750
292	-0.953125	-0.976563
293	-0.937500	-0.960938
294	-0.859375	-0.921875
295	-0.960938	-0.976563
296	-0.953125	-0.976563
297	-1.000000	-1.000000
298	-1.000000	-1.000000
299	-0.953125	-0.976563
300	-0.984375	-0.992188
301	-0.968750	-0.984375
302	-0.984375	-0.992188
303	-0.960938	-0.976563
304	-0.968750	-0.984375
305	-0.906250	-0.953125
306	-0.960938	-0.960938
307	-0.914063	-0.945313
308	-0.953125	-0.976563
309	-0.984375	-0.992188
310	-1.000000	-1.000000
311	-0.960938	-0.976563
312	-0.867188	-0.921875
313	-0.968750	-0.984375
314	-1.000000	-1.000000
315	-0.984375	-0.992188
316	-0.976563	-0.984375
317	-0.984375	-0.992188
318	-0.968750	-0.984375
319	-0.953125	-0.968750
320	-1.000000	-1.000000
321	-0.968750	-0.984375
322	-0.960938	-0.968750
323	-0.984375	-0.992188
324	-0.960938	-0.976563
325	-0.953125	-0.976563
326	-0.968750	-0.984375
327	-0.968750	-0.984375
328	-1.000000	-1.000000
329	-0.960938	-0.976563
330	-1.000000	-1.000000
331	-0.976563	-0.984375
332	-0.984375	-0.992188
333	-0.984375	-0.992188
334	-0.921875	-0.945313
335	-1.000000	-1.000000
336	-1.000000	-1.000000
337	-0.953125	-0.976563
338	-0.953125	-0.976563
339	-0.968750	-0.984375
340	-0.984375	-0.992188
341	-1.000000	-1.000000
342	-0.968750	-0.984375
343	-0.968750	-0.984375
344	-0.984375	-0.992188
345	-0.984375	-0.992188
346	-0.984375	-0.992188
347	-0.968750	-0.984375
348	-0.968750	-0.984375
349	-0.984375	-0.992188
350	-0.953125	-0.976563
351	-0.984375	-0.992188
352	-0.960938	-0.976563
353	-1.000000	-1.000000
354	-0.968750	-0.984375
355	-1.000000	-1.000000
356	-1.000000	-1.000000
357	-0.914063	-0.953125
358	-0.953125	-0.976563
359	-0.960938	-0.976563
360	-0.984375	-0.992188
361	-0.929688	-0.953125
362	-0.976563	-0.984375
363	-0.960938	-0.976563
364	-0.953125	-0.968750
365	-0.945313	-0.968750
366	-0.929688	-0.960938
367	-0.953125	-0.976563
368	-0.976563	-0.984375
369	-0.937500	-0.960938
370	-0.953125	-0.976563
371	-0.968750	-0.984375
372	-0.953125	-0.976563
373	-0.929688	-0.945313
374	-0.929688	-0.960938
375	-0.937500	-0.960938
376	-0.953125	-0.976563
377	-1.000000	-1.000000
378	-0.968750	-0.984375
379	-0.945313	-0.968750
380	-0.984375	-0.992188
381	-0.968750	-0.984375
382	-0.984375	-0.992188
383	-0.968750	-0.984375
384	-0.960938	-0.976563
385	-0.984375	-0.992188
386	-1.000000	-1.000000
387	-0.984375	-0.992188
388	-1.000000	-1.000000
389	-0.945313	-0.968750
390	-0.968750	-0.984375
391	-0.953125	-0.968750
392	-0.906250	-0.945313
393	-1.000000	-1.000000
394	-0.906250	-0.945313
395	-0.968750	-0.984375
396	-0.968750	-0.984375
397	-0.984375	-0.992188
398	-0.984375	-0.992188
399	-0.953125	-0.976563
400	-0.953125	-0.976563
401	-0.976563	-0.984375
402	-0.953125	-0.968750
403	-0.968750	-0.984375
404	-0.945313	-0.968750
405	-1.000000	-1.000000
406	-0.968750	-0.984375
407	-0.984375	-0.992188
408	-0.968750	-0.984375
409	-0.968750	-0.984375
410	-1.000000	-1.000000
411	-0.921875	-0.945313
412	-0.921875	-0.945313
413	-0.968750	-0.984375
414	-1.000000	-1.000000
415	-1.000000	-1.000000
416	-0.984375	-0.992188
417	-0.968750	-0.984375
418	-0.984375	-0.992188
419	-0.945313	-0.968750
420	-0.968750	-0.984375
421	-0.968750	-0.984375
422	-0.953125	-0.976563
423	-0.953125	-0.976563
424	-0.960938	-0.976563
425	-0.984375	-0.992188
426	-0.914063	-0.953125
427	-0.945313	-0.968750
428	-0.945313	-0.968750
429	-0.960938	-0.976563
430	-1.000000	-1.000000
431	-0.968750	-0.984375
432	-1.000000	-1.000000
433	-0.984375	-0.992188
434	-0.968750	-0.984375
435	-0.968750	-0.984375
436	-0.984375	-0.992188
437	-0.929688	-0.953125
438	-0.953125	-0.976563
439	-0.960938	-0.976563
440	-1.000000	-1.000000
441	-0.984375	-0.992188
442	-0.953125	-0.976563
443	-0.945313	-0.960938
444	-1.000000	-1.000000
445	-0.984375	-0.992188
446	-0.984375	-0.992188
447	-0.984375	-0.992188
448	-0.929688	-0.960938
449	-0.968750	-0.984375
450	-0.937500	-0.968750
451	-0.937500	-0.960938
452	-0.968750	-0.984375
453	-0.921875	-0.937500
454	-0.976563	-0.984375
455	-0.953125	-0.976563
456	-0.976563	-0.984375
457	-0.945313	-0.968750
458	-0.968750	-0.984375
459	-0.968750	-0.984375
460	-0.937500	-0.968750
461	-0.984375	-0.992188
462	-0.968750	-0.984375
463	-0.984375	-0.992188
464	-0.968750	-0.984375
465	-0.929688	-0.945313
466	-1.000000	-1.000000
467	-0.968750	-0.984375
468	-0.960938	-0.976563
469	-0.968750	-0.984375
470	-0.984375	-0.992188
471	-0.968750	-0.984375
472	-0.968750	-0.984375
473	-1.000000	-1.000000
474	-1.000000	-1.000000
475	-0.984375	-0.992188
476	-1.000000	-1.000000
477	-0.968750	-0.984375
478	-0.984375	-0.992188
479	-0.953125	-0.976563
480	-0.898438	-0.945313
481	-0.968750	-0.984375
482	-0.953125	-0.976563
483	-0.960938	-0.976563
484	-0.937500	-0.960938
485	-0.968750	-0.984375
486	-0.968750	-0.984375
487	-0.984375	-0.992188
488	-0.960938	-0.960938
489	-0.984375	-0.992188
490	-0.968750	-0.984375
491	-0.937500	-0.945313
492	-0.945313	-0.968750
493	-0.937500	-0.968750
494	-0.968750	-0.984375
495	-0.953125	-0.976563
496	-0.953125	-0.976563
497	-0.968750	-0.984375
498	-0.976563	-0.984375
499	-1.000000	-1.000000
500	-0.968750	-0.984375
501	-0.984375	-0.992188
502	-0.984375	-0.992188
503	-0.968750	-0.984375
504	-0.984375	-0.992188
505	-1.000000	-1.000000
506	-1.000000	-1.000000
507	-0.953125	-0.976563
508	-0.953125	-0.976563
509	-0.953125	-0.976563
510	-1.000000	-1.000000
511	-0.968750	-0.984375
512	-1.000000	-1.000000
513	-0.968750	-0.984375
514	-0.984375	-0.992188
515	-0.945313	-0.968750
516	-0.984375	-0.992188
517	-0.984375	-0.992188
518	-0.937500	-0.968750
519	-1.000000	-1.000000
520	-0.968750	-0.984375
521	-0.960938	-0.976563
522	-0.968750	-0.984375
523	-0.968750	-0.984375
524	-0.976563	-0.984375
525	-0.984375	-0.992188
526	-0.984375	-0.992188
527	-0.937500	-0.960938
528	-0.960938	-0.976563
529	-0.953125	-0.976563
530	-0.968750	-0.984375
531	-0.984375	-0.992188
532	-0.984375	-0.992188
533	-0.968750	-0.984375
534	-0.968750	-0.984375
535	-0.960938	-0.976563
536	-0.945313	-0.968750
537	-0.921875	-0.960938
538	-0.968750	-0.984375
539	-0.960938	-0.976563
540	-0.960938	-0.976563
541	-0.953125	-0.968750
542	-0.953125	-0.976563
543	-0.984375	-0.992188
544	-0.960938	-0.968750
545	-0.968750	-0.984375
546	-0.968750	-0.984375
547	-0.953125	-0.968750
548	-1.000000	-1.000000
549	-1.000000	-1.000000
550	-0.968750	-0.984375
551	-0.953125	-0.976563
552	-0.984375	-0.992188
553	-0.984375	-0.992188
554	-0.937500	-0.968750
555	-0.976563	-0.984375
556	-0.984375	-0.992188
557	-0.976563	-0.984375
558	-0.968750	-0.984375
559	-0.968750	-0.984375
560	-0.937500	-0.968750
561	-0.906250	-0.937500
562	-1.000000	-1.000000
563	-0.945313	-0.968750
564	-0.953125	-0.976563
565	-0.984375	-0.992188
566	-0.929688	-0.960938
567	-0.945313	-0.968750
568	-0.984375	-0.992188
569	-0.968750	-0.984375
570	-0.968750	-0.984375
571	-0.984375	-0.992188
572	-0.984375	-0.992188
573	-0.960938	-0.976563
574	-1.000000	-1.000000
575	-0.984375	-0.992188
576	-0.906250	-0.953125
577	-0.953125	-0.976563
578	-0.968750	-0.976563
579	-0.960938	-0.976563
580	-1.000000	-1.000000
581	-0.968750	-0.984375
582	-0.968750	-0.984375
583	-0.937500	-0.960938
584	-0.929688	-0.937500
585	-0.929688	-0.960938
586	-0.968750	-0.984375
587	-0.984375	-0.992188
588	-0.953125	-0.968750
589	-0.968750	-0.984375
590	-0.968750	-0.984375
591	-0.968750	-0.984375
592	-0.953125	-0.976563
593	-0.976563	-0.984375
594	-0.984375	-0.992188
595	-0.968750	-0.984375
596	-1.000000	-1.000000
597	-0.953125	-0.960938
598	-1.000000	-1.000000
599	-0.914063	-0.921875
600	-0.984375	-0.992188
601	-0.984375	-0.992188
602	-0.937500	-0.937500
603	-0.968750	-0.984375
604	-0.984375	-0.992188
605	-0.968750	-0.984375
606	-0.984375	-0.992188
607	-0.984375	-0.992188
608	-0.960938	-0.976563
609	-0.953125	-0.960938
610	-0.968750	-0.984375
611	-0.945313	-0.968750
612	-0.914063	-0.945313
613	-0.968750	-0.984375
614	-0.937500	-0.960938
615	-1.000000	-1.000000
616	-0.953125	-0.976563
617	-0.953125	-0.968750
618	-0.953125	-0.976563
619	-0.921875	-0.953125
620	-0.953125	-0.968750
621	-0.984375	-0.992188
622	-0.929688	-0.960938
623	-0.984375	-0.992188
624	-0.984375	-0.992188
625	-0.984375	-0.992188
626	-0.968750	-0.984375
627	-0.914063	-0.945313
628	-0.929688	-0.945313
629	-0.984375	-0.992188
630	-0.937500	-0.960938
631	-0.945313	-0.968750
632	-0.976563	-0.984375
633	-0.968750	-0.984375
634	-0.968750	-0.984375
635	-0.984375	-0.992188
636	-0.984375	-0.992188
637	-0.968750	-0.984375
638	-0.953125	-0.976563
639	-0.937500	-0.968750
640	-0.968750	-0.984375
641	-0.984375	-0.992188
642	-0.968750	-0.984375
643	-0.929688	-0.953125
644	-0.984375	-0.992188
645	-0.929688	-0.960938
646	-0.953125	-0.976563
647	-0.984375	-0.992188
648	-0.984375	-0.992188
649	-0.984375	-0.992188
650	-0.968750	-0.984375
651	-0.968750	-0.976563
652	-0.953125	-0.976563
653	-1.000000	-1.000000
654	-0.976563	-0.984375
655	-0.953125	-0.976563
656	-0.968750	-0.984375
657	-1.000000	-1.000000
658	-0.984375	-0.992188
659	-0.968750	-0.984375
660	-1.000000	-1.000000
661	-0.953125	-0.976563
662	-0.984375	-0.992188
663	-0.984375	-0.992188
664	-0.945313	-0.968750
665	-0.984375	-0.992188
666	-0.945313	-0.968750
667	-0.968750	-0.984375
668	-0.968750	-0.984375
669	-0.984375	-0.992188
670	-0.968750	-0.984375
671	-0.968750	-0.984375
672	-0.953125	-0.976563
673	-1.000000	-1.000000
674	-0.929688	-0.960938
675	-0.921875	-0.960938
676	-1.000000	-1.000000
677	-0.953125	-0.976563
678	-0.953125	-0.976563
679	-0.984375	-0.992188
680	-0.937500	-0.968750
681	-0.960938	-0.976563
682	-0.968750	-0.984375
683	-0.968750	-0.984375
684	-0.968750	-0.984375
685	-0.937500	-0.968750
686	-0.984375	-0.992188
687	-0.968750	-0.984375
688	-0.953125	-0.976563
689	-0.984375	-0.992188
690	-0.984375	-0.992188
691	-0.937500	-0.960938
692	-1.000000	-1.000000
693	-0.945313	-0.960938
694	-0.968750	-0.984375
695	-0.984375	-0.992188
696	-0.945313	-0.968750
697	-0.953125	-0.968750
698	-0.968750	-0.984375
699	-0.984375	-0.992188
700	-0.984375	-0.992188
701	-0.968750	-0.984375
702	-0.968750	-0.984375
703	-0.960938	-0.976563
704	-0.953125	-0.976563
705	-0.984375	-0.992188
706	-0.984375	-0.992188
707	-1.000000	-1.000000
708	-1.000000	-1.000000
709	-0.945313	-0.968750
710	-0.984375	-0.992188
711	-0.929688	-0.953125
712	-0.945313	-0.968750
713	-0.968750	-0.984375
714	-1.000000	-1.000000
715	-0.953125	-0.976563
716	-0.929688	-0.960938
717	-0.875000	-0.914063
718	-0.921875	-0.953125
719	-0.968750	-0.984375
720	-0.953125	-0.976563
721	-1.000000	-1.000000
722	-1.000000	-1.000000
723	-0.968750	-0.984375
724	-0.984375	-0.992188
725	-0.945313	-0.968750
726	-0.984375	-0.992188
727	-0.968750	-0.976563
728	-0.953125	-0.976563
729	-0.968750	-0.984375
730	-0.984375	-0.992188
731	-0.945313	-0.968750
732	-0.984375	-0.992188
733	-0.953125	-0.968750
734	-0.984375	-0.992188
735	-0.984375	-0.992188
736	-0.953125	-0.937500
737	-0.953125	-0.976563
738	-0.914063	-0.953125
739	-0.921875	-0.953125
740	-1.000000	-1.000000
741	-1.000000	-1.000000
742	-0.984375	-0.992188
743	-0.945313	-0.968750
744	-0.976563	-0.984375
745	-0.984375	-0.992188
746	-0.984375	-0.992188
747	-0.968750	-0.984375
748	-1.000000	-1.000000
749	-0.953125	-0.976563
750	-1.000000	-1.000000
751	-0.976563	-0.984375
752	-0.984375	-0.992188
753	-0.968750	-0.984375
754	-0.968750	-0.984375
755	-0.976563	-0.984375
756	-0.921875	-0.953125
757	-0.945313	-0.968750
758	-0.929688	-0.960938
759	-0.984375	-0.992188
760	-0.953125	-0.976563
761	-0.945313	-0.953125
762	-0.984375	-0.992188
763	-0.937500	-0.968750
764	-0.984375	-0.992188
765	-0.968750	-0.984375
766	-0.945313	-0.960938
767	-0.968750	-0.984375
768	-0.984375	-0.992188
769	-0.945313	-0.968750
770	-0.921875	-0.953125
771	-0.953125	-0.976563
772	-0.984375	-0.992188
773	-1.000000	-1.000000
774	-0.921875	-0.945313
775	-0.953125	-0.976563
776	-0.984375	-0.992188
777	-0.953125	-0.976563
778	-0.968750	-0.976563
779	-1.000000	-1.000000
780	-0.898438	-0.929688
781	-0.953125	-0.968750
782	-0.914063	-0.945313
783	-0.968750	-0.984375
784	-0.968750	-0.984375
785	-0.968750	-0.984375
786	-0.945313	-0.968750
787	-0.968750	-0.984375
788	-1.000000	-1.000000
789	-1.000000	-1.000000
790	-0.984375	-0.992188
791	-0.984375	-0.992188
792	-0.968750	-0.976563
793	-0.968750	-0.984375
794	-0.929688	-0.960938
795	-0.984375	-0.992188
796	-0.984375	-0.992188
797	-0.984375	-0.992188
798	-0.960938	-0.976563
799	-0.921875	-0.960938
800	-0.937500	-0.960938
801	-0.953125	-0.976563
802	-0.960938	-0.976563
803	-0.984375	-0.992188
804	-0.929688	-0.953125
805	-0.984375	-0.992188
806	-0.984375	-0.992188
807	-0.968750	-0.984375
808	-0.968750	-0.984375
809	-0.984375	-0.992188
810	-0.906250	-0.929688
811	-0.945313	-0.968750
812	-0.960938	-0.976563
813	-0.953125	-0.976563
814	-0.960938	-0.976563
815	-0.953125	-0.976563
816	-0.976563	-0.984375
817	-0.984375	-0.992188
818	-0.937500	-0.960938
819	-0.976563	-0.984375
820	-0.945313	-0.968750
821	-0.984375	-0.992188
822	-0.984375	-0.992188
823	-1.000000	-1.000000
824	-0.953125	-0.976563
825	-1.000000	-1.000000
826	-0.968750	-0.984375
827	-0.953125	-0.976563
828	-0.945313	-0.968750
829	-0.984375	-0.992188
830	-0.984375	-0.992188
831	-0.976563	-0.984375
832	-0.984375	-0.992188
833	-0.984375	-0.992188
834	-0.945313	-0.968750
835	-0.937500	-0.968750
836	-0.968750	-0.984375
837	-0.929688	-0.953125
838	-0.984375	-0.992188
839	-0.984375	-0.992188
840	-0.984375	-0.992188
841	-0.945313	-0.968750
842	-0.968750	-0.984375
843	-0.968750	-0.976563
844	-0.945313	-0.968750
845	-0.968750	-0.984375
846	-0.968750	-0.984375
847	-0.968750	-0.984375
848	-0.984375	-0.992188
849	-1.000000	-1.000000
850	-0.968750	-0.984375
851	-0.984375	-0.992188
852	-1.000000	-1.000000
853	-0.968750	-0.984375
854	-0.953125	-0.976563
855	-0.953125	-0.976563
856	-1.000000	-1.000000
857	-0.968750	-0.984375
858	-0.968750	-0.984375
859	-0.984375	-0.992188
860	-0.984375	-0.992188
861	-0.929688	-0.953125
862	-0.929688	-0.960938
863	-0.984375	-0.992188
864	-0.984375	-0.992188
865	-0.960938	-0.976563
866	-0.984375	-0.992188
867	-0.976563	-0.984375
868	-0.953125	-0.968750
869	-0.968750	-0.984375
870	-0.960938	-0.976563
871	-0.984375	-0.992188
872	-1.000000	-1.000000
873	-0.960938	-0.976563
874	-0.984375	-0.992188
875	-0.984375	-0.992188
876	-1.000000	-1.000000
877	-0.953125	-0.976563
878	-0.921875	-0.953125
879	-0.968750	-0.984375
880	-0.898438	-0.921875
881	-0.984375	-0.992188
882	-0.968750	-0.984375
883	-0.984375	-0.992188
884	-0.945313	-0.960938
885	-0.984375	-0.992188
886	-0.984375	-0.992188
887	-0.968750	-0.984375
888	-0.953125	-0.976563
889	-0.968750	-0.984375
890	-1.000000	-1.000000
891	-0.968750	-0.984375
892	-0.984375	-0.992188
893	-0.984375	-0.992188
894	-0.984375	-0.992188
895	-0.984375	-0.992188
896	-0.984375	-0.992188
897	-0.984375	-0.992188
898	-0.953125	-0.976563
899	-0.937500	-0.960938
900	-1.000000	-1.000000
901	-0.984375	-0.992188
902	-0.960938	-0.976563
903	-0.953125	-0.976563
904	-0.937500	-0.960938
905	-0.937500	-0.968750
906	-0.968750	-0.984375
907	-1.000000	-1.000000
908	-0.960938	-0.976563
909	-0.976563	-0.984375
910	-0.953125	-0.976563
911	-0.968750	-0.984375
912	-0.960938	-0.976563
913	-0.929688	-0.960938
914	-0.914063	-0.945313
915	-0.937500	-0.968750
916	-0.976563	-0.984375
917	-0.968750	-0.984375
918	-0.960938	-0.976563
919	-0.968750	-0.984375
920	-0.984375	-0.992188
921	-0.984375	-0.992188
922	-0.984375	-0.992188
923	-0.890625	-0.921875
924	-0.984375	-0.992188
925	-0.953125	-0.976563
926	-0.968750	-0.976563
927	-0.984375	-0.992188
928	-0.968750	-0.984375
929	-0.968750	-0.984375
930	-0.984375	-0.992188
931	-0.937500	-0.968750
932	-0.953125	-0.976563
933	-1.000000	-1.000000
934	-0.953125	-0.968750
935	-0.976563	-0.984375
936	-0.968750	-0.984375
937	-0.984375	-0.992188
938	-0.968750	-0.984375
939	-0.960938	-0.976563
940	-0.968750	-0.984375
941	-0.953125	-0.976563
942	-0.921875	-0.953125
943	-0.984375	-0.992188
944	-0.960938	-0.976563
945	-1.000000	-1.000000
946	-0.937500	-0.968750
947	-0.953125	-0.976563
948	-0.953125	-0.976563
949	-0.945313	-0.968750
950	-0.929688	-0.960938
951	-0.968750	-0.976563
952	-0.976563	-0.984375
953	-0.968750	-0.984375
954	-0.968750	-0.984375
955	-1.000000	-1.000000
956	-0.984375	-0.992188
957	-0.960938	-0.976563
958	-1.000000	-1.000000
959	-0.984375	-0.992188
960	-0.921875	-0.953125
961	-0.953125	-0.976563
962	-0.953125	-0.976563
963	-0.976563	-0.984375
964	-0.984375	-0.992188
965	-0.937500	-0.960938
966	-0.968750	-0.984375
967	-1.000000	-1.000000
968	-1.000000	-1.000000
969	-0.929688	-0.960938
970	-0.953125	-0.976563
971	-0.921875	-0.937500
972	-0.953125	-0.976563
973	-0.984375	-0.992188
974	-0.984375	-0.992188
975	-0.914063	-0.953125
976	-0.921875	-0.945313
977	-0.984375	-0.992188
978	-0.953125	-0.976563
979	-0.968750	-0.984375
980	-1.000000	-1.000000
981	-0.984375	-0.992188
982	-0.968750	-0.984375
983	-0.921875	-0.953125
984	-0.890625	-0.921875
985	-0.953125	-0.976563
986	-0.953125	-0.976563
987	-1.000000	-1.000000
988	-0.968750	-0.984375
989	-0.984375	-0.992188
990	-0.968750	-0.984375
991	-0.945313	-0.968750
992	-0.984375	-0.992188
993	-0.984375	-0.992188
994	-1.000000	-1.000000
995	-0.953125	-0.968750
996	-0.953125	-0.976563
997	-0.968750	-0.984375
998	-1.000000	-1.000000
999	-0.984375	-0.992188
