0	-0.968750	-0.984375
1	-0.953125	-0.976563
2	-0.968750	-0.984375
3	-0.906250	-0.945313
4	-0.953125	-0.976563
5	-0.960938	-0.976563
6	-0.921875	-0.960938
7	-0.984375	-0.992188
8	-0.945313	-0.968750
9	-0.953125	-0.976563
10	-0.945313	-0.968750
11	-1.000000	-1.000000
12	-0.953125	-0.976563
13	-0.984375	-0.992188
14	-0.984375	-0.992188
15	-0.968750	-0.984375
16	-0.984375	-0.992188
17	-0.914063	-0.953125
18	-0.968750	-0.984375
19	-0.921875	-0.945313
20	-1.000000	-1.000000
21	-0.898438	-0.929688
22	-0.984375	-0.992188
23	-0.976563	-0.984375
24	-0.945313	-0.960938
25	-0.953125	-0.976563
26	-1.000000	-1.000000
27	-0.968750	-0.984375
28	-0.968750	-0.984375
29	-0.968750	-0.984375
30	-0.953125	-0.976563
31	-0.953125	-0.968750
32	-0.914063	-0.937500
33	-0.968750	-0.984375
34	-0.968750	-0.984375
35	-0.953125	-0.976563
36	-0.937500	-0.960938
37	-0.945313	-0.968750
38	-0.968750	-0.984375
39	-0.921875	-0.960938
40	-0.953125	-0.976563
41	-0.968750	-0.984375
42	-0.953125	-0.976563
43	-0.968750	-0.984375
44	-0.953125	-0.976563
45	-0.968750	-0.984375
46	-0.890625	-0.937500
47	-0.953125	-0.968750
48	-0.953125	-0.976563
49	-0.968750	-0.984375
50	-0.945313	-0.968750
51	-0.953125	-0.976563
52	-0.984375	-0.992188
53	-0.953125	-0.976563
54	-0.968750	-0.984375
55	-0.921875	-0.960938
56	-0.968750	-0.984375
57	-0.984375	-0.992188
58	-0.984375	-0.992188
59	-0.984375	-0.992188
60	-1.000000	-1.000000
61	-1.000000	-1.000000
62	-0.937500	-0.960938
63	-0.953125	-0.976563
64	-0.937500	-0.968750
65	-0.914063	-0.953125
66	-0.953125	-0.976563
67	-0.937500	-0.968750
68	-0.937500	-0.968750
69	-0.953125	-0.976563
70	-0.984375	-0.992188
71	-0.968750	-0.984375
72	-0.906250	-0.882813
73	-0.851563	-0.890625
74	-0.968750	-0.984375
75	-0.968750	-0.984375
76	-1.000000	-1.000000
77	-0.968750	-0.984375
78	-0.914063	-0.953125
79	-0.960938	-0.976563
80	-0.937500	-0.968750
81	-0.953125	-0.968750
82	-0.968750	-0.984375
83	-0.968750	-0.984375
84	-0.984375	-0.992188
85	-0.914063	-0.953125
86	-0.953125	-0.976563
87	-0.945313	-0.960938
88	-0.984375	-0.992188
89	-0.929688	-0.960938
90	-0.984375	-0.992188
91	-0.968750	-0.984375
92	-0.968750	-0.984375
93	-0.984375	-0.992188
94	-0.984375	-0.992188
95	-1.000000	-1.000000
96	-0.968750	-0.984375
97	-0.984375	-0.992188
98	-0.968750	-0.984375
99	-0.953125	-0.968750
100	-0.968750	-0.984375
101	-0.968750	-0.984375
102	-0.984375	-0.992188
103	-0.945313	-0.968750
104	-0.960938	-0.976563
105	-0.937500	-0.960938
106	-0.953125	-0.976563
107	-0.984375	-0.992188
108	-0.906250	-0.945313
109	-0.953125	-0.976563
110	-0.953125	-0.976563
111	-0.953125	-0.976563
112	-0.968750	-0.976563
113	-1.000000	-1.000000
114	-0.953125	-0.968750
115	-0.968750	-0.984375
116	-0.968750	-0.984375
117	-0.968750	-0.984375
118	-0.984375	-0.992188
119	-0.953125	-0.976563
120	-0.953125	-0.976563
121	-0.914063	-0.953125
122	-0.960938	-0.976563
123	-0.937500	-0.960938
124	-0.953125	-0.968750
125	-0.906250	-0.921875
126	-0.984375	-0.992188
127	-0.976563	-0.984375
128	-0.984375	-0.992188
129	-0.976563	-0.984375
130	-0.968750	-0.984375
131	-0.953125	-0.976563
132	-0.906250	-0.945313
133	-0.953125	-0.976563
134	-0.968750	-0.984375
135	-0.968750	-0.984375
136	-0.968750	-0.984375
137	-0.953125	-0.976563
138	-0.945313	-0.968750
139	-0.945313	-0.968750
140	-0.953125	-0.976563
141	-0.968750	-0.984375
142	-0.984375	-0.992188
143	-0.968750	-0.984375
144	-0.984375	-0.992188
145	-0.945313	-0.968750
146	-0.984375	-0.992188
147	-0.937500	-0.968750
148	-0.945313	-0.968750
149	-0.953125	-0.976563
150	-0.984375	-0.992188
151	-0.984375	-0.992188
152	-0.960938	-0.960938
153	-0.960938	-0.976563
154	-0.953125	-0.976563
155	-0.984375	-0.992188
156	-0.914063	-0.953125
157	-0.976563	-0.984375
158	-0.984375	-0.992188
159	-0.906250	-0.953125
160	-0.953125	-0.976563
161	-0.960938	-0.976563
162	-0.984375	-0.992188
163	-0.945313	-0.968750
164	-0.875000	-0.914063
165	-0.921875	-0.945313
166	-0.921875	-0.960938
167	-0.960938	-0.976563
168	-0.953125	-0.976563
169	-0.898438	-0.945313
170	-0.906250	-0.945313
171	-0.953125	-0.976563
172	-0.953125	-0.976563
173	-0.945313	-0.960938
174	-0.976563	-0.984375
175	-0.984375	-0.992188
176	-0.976563	-0.984375
177	-0.945313	-0.968750
178	-0.968750	-0.984375
179	-0.937500	-0.968750
180	-1.000000	-1.000000
181	-0.968750	-0.984375
182	-0.984375	-0.992188
183	-0.953125	-0.976563
184	-0.968750	-0.984375
185	-1.000000	-1.000000
186	-0.937500	-0.968750
187	-0.937500	-0.968750
188	-1.000000	-1.000000
189	-0.984375	-0.992188
190	-0.929688	-0.960938
191	-0.984375	-0.992188
192	-0.984375	-0.992188
193	-0.914063	-0.945313
194	-0.984375	-0.992188
195	-0.968750	-0.984375
196	-0.968750	-0.984375
197	-0.976563	-0.984375
198	-0.953125	-0.976563
199	-0.984375	-0.992188
200	-1.000000	-1.000000
201	-1.000000	-1.000000
202	-0.984375	-0.992188
203	-0.945313	-0.968750
204	-0.984375	-0.992188
205	-0.953125	-0.976563
206	-0.984375	-0.992188
207	-1.000000	-1.000000
208	-0.914063	-0.953125
209	-0.953125	-0.976563
210	-0.953125	-0.976563
211	-0.937500	-0.968750
212	-0.945313	-0.968750
213	-0.945313	-0.968750
214	-0.984375	-0.992188
215	-1.000000	-1.000000
216	-1.000000	-1.000000
217	-0.984375	-0.992188
218	-0.960938	-0.976563
219	-1.000000	-1.000000
220	-0.945313	-0.968750
221	-0.984375	-0.992188
222	-0.914063	-0.953125
223	-1.000000	-1.000000
224	-0.968750	-0.984375
225	-0.984375	-0.992188
226	-0.921875	-0.945313
227	-0.937500	-0.968750
228	-0.945313	-0.968750
229	-0.953125	-0.976563
230	-0.953125	-0.976563
231	-0.968750	-0.976563
232	-0.984375	-0.992188
233	-0.968750	-0.984375
234	-1.000000	-1.000000
235	-0.937500	-0.968750
236	-0.968750	-0.984375
237	-0.976563	-0.984375
238	-0.976563	-0.984375
239	-0.937500	-0.960938
240	-0.851563	-0.859375
241	-0.906250	-0.945313
242	-0.960938	-0.976563
243	-0.929688	-0.960938
244	-0.929688	-0.960938
245	-0.968750	-0.984375
246	-0.953125	-0.976563
247	-0.984375	-0.992188
248	-0.984375	-0.992188
249	-0.968750	-0.984375
250	-0.953125	-0.976563
251	-0.945313	-0.968750
252	-1.000000	-1.000000
253	-0.914063	-0.953125
254	-0.968750	-0.984375
255	-0.945313	-0.960938
256	-0.898438	-0.945313
257	-0.984375	-0.992188
258	-0.953125	-0.976563
259	-0.953125	-0.976563
260	-1.000000	-1.000000
261	-0.960938	-0.968750
262	-0.953125	-0.976563
263	-0.968750	-0.976563
264	-0.960938	-0.976563
265	-0.968750	-0.984375
266	-1.000000	-1.000000
267	-1.000000	-1.000000
268	-0.984375	-0.992188
269	-1.000000	-1.000000
270	-1.000000	-1.000000
271	-0.906250	-0.953125
272	-0.937500	-0.968750
273	-0.984375	-0.992188
274	-0.921875	-0.960938
275	-0.968750	-0.984375
276	-0.968750	-0.984375
277	-0.882813	-0.929688
278	-0.968750	-0.984375
279	-0.984375	-0.992188
280	-0.921875	-0.953125
281	-0.968750	-0.984375
282	-0.968750	-0.984375
283	-0.906250	-0.953125
284	-1.000000	-1.000000
285	-0.984375	-0.992188
286	-0.984375	-0.992188
287	-0.968750	-0.984375
288	-1.000000	-1.000000
289	-0.960938	-0.976563
290	-0.953125	-0.976563
291	-0.960938	-0.976563
292	-1.000000	-1.000000
293	-0.914063	-0.953125
294	-0.937500	-0.968750
295	-0.984375	-0.992188
296	-0.937500	-0.960938
297	-0.953125	-0.976563
298	-0.929688	-0.960938
299	-0.968750	-0.984375
300	-0.968750	-0.984375
301	-0.953125	-0.968750
302	-0.937500	-0.968750
303	-0.976563	-0.984375
304	-0.937500	-0.968750
305	-0.968750	-0.984375
306	-0.968750	-0.984375
307	-0.906250	-0.945313
308	-0.968750	-0.984375
309	-0.968750	-0.984375
310	-0.968750	-0.984375
311	-0.968750	-0.984375
312	-0.976563	-0.984375
313	-0.921875	-0.960938
314	-0.914063	-0.929688
315	-0.945313	-0.968750
316	-0.968750	-0.984375
317	-0.984375	-0.992188
318	-0.984375	-0.992188
319	-0.984375	-0.992188
320	-0.945313	-0.968750
321	-0.953125	-0.976563
322	-1.000000	-1.000000
323	-0.960938	-0.976563
324	-0.945313	-0.968750
325	-0.945313	-0.968750
326	-0.828125	-0.875000
327	-0.984375	-0.992188
328	-0.976563	-0.984375
329	-0.945313	-0.968750
330	-0.929688	-0.960938
331	-0.968750	-0.984375
332	-0.960938	-0.976563
333	-0.984375	-0.992188
334	-1.000000	-1.000000
335	-0.921875	-0.953125
336	-0.984375	-0.992188
337	-0.953125	-0.968750
338	-0.921875	-0.960938
339	-0.968750	-0.984375
340	-0.953125	-0.976563
341	-0.984375	-0.992188
342	-0.984375	-0.992188
343	-0.984375	-0.992188
344	-0.953125	-0.976563
345	-0.953125	-0.968750
346	-1.000000	-1.000000
347	-0.953125	-0.976563
348	-0.945313	-0.968750
349	-0.921875	-0.953125
350	-1.000000	-1.000000
351	-0.945313	-0.968750
352	-0.937500	-0.968750
353	-0.968750	-0.984375
354	-0.984375	-0.992188
355	-0.929688	-0.953125
356	-0.968750	-0.984375
357	-0.945313	-0.968750
358	-0.906250	-0.945313
359	-0.945313	-0.968750
360	-0.968750	-0.984375
361	-0.960938	-0.976563
362	-0.968750	-0.984375
363	-0.960938	-0.976563
364	-0.960938	-0.976563
365	-0.960938	-0.976563
366	-0.945313	-0.968750
367	-0.929688	-0.960938
368	-0.953125	-0.976563
369	-0.953125	-0.976563
370	-0.937500	-0.968750
371	-0.968750	-0.984375
372	-0.960938	-0.976563
373	-1.000000	-1.000000
374	-1.000000	-1.000000
375	-0.945313	-0.968750
376	-0.968750	-0.984375
377	-0.968750	-0.984375
378	-0.890625	-0.914063
379	-0.953125	-0.968750
380	-0.968750	-0.984375
381	-0.937500	-0.960938
382	-0.968750	-0.984375
383	-0.984375	-0.992188
384	-0.960938	-0.976563
385	-0.984375	-0.992188
386	-1.000000	-1.000000
387	-0.960938	-0.976563
388	-0.960938	-0.976563
389	-0.968750	-0.984375
390	-0.968750	-0.984375
391	-0.968750	-0.984375
392	-0.968750	-0.984375
393	-1.000000	-1.000000
394	-0.906250	-0.937500
395	-0.968750	-0.984375
396	-0.984375	-0.992188
397	-0.921875	-0.945313
398	-0.929688	-0.953125
399	-0.960938	-0.976563
400	-0.984375	-0.992188
401	-0.984375	-0.992188
402	-0.984375	-0.992188
403	-0.937500	-0.945313
404	-0.968750	-0.984375
405	-0.937500	-0.968750
406	-0.914063	-0.945313
407	-0.921875	-0.953125
408	-0.984375	-0.992188
409	-0.968750	-0.984375
410	-0.937500	-0.953125
411	-1.000000	-1.000000
412	-0.953125	-0.976563
413	-0.960938	-0.976563
414	-0.937500	-0.960938
415	-0.929688	-0.960938
416	-0.984375	-0.992188
417	-0.960938	-0.976563
418	-0.945313	-0.968750
419	-0.906250	-0.945313
420	-0.968750	-0.984375
421	-0.960938	-0.976563
422	-0.937500	-0.968750
423	-1.000000	-1.000000
424	-0.960938	-0.976563
425	-0.953125	-0.976563
426	-0.921875	-0.953125
427	-1.000000	-1.000000
428	-1.000000	-1.000000
429	-0.953125	-0.976563
430	-0.984375	-0.992188
431	-0.953125	-0.976563
432	-0.960938	-0.976563
433	-0.968750	-0.976563
434	-0.968750	-0.984375
435	-0.953125	-0.976563
436	-0.984375	-0.992188
437	-0.953125	-0.968750
438	-0.953125	-0.976563
439	-0.929688	-0.960938
440	-0.906250	-0.945313
441	-0.968750	-0.984375
442	-0.976563	-0.984375
443	-0.968750	-0.984375
444	-0.953125	-0.976563
445	-0.953125	-0.976563
446	-0.945313	-0.968750
447	-0.914063	-0.929688
448	-0.945313	-0.960938
449	-0.937500	-0.960938
450	-0.968750	-0.984375
451	-0.953125	-0.976563
452	-0.968750	-0.984375
453	-0.968750	-0.976563
454	-0.984375	-0.992188
455	-0.984375	-0.992188
456	-0.953125	-0.976563
457	-0.984375	-0.992188
458	-0.953125	-0.968750
459	-0.945313	-0.968750
460	-1.000000	-1.000000
461	-1.000000	-1.000000
462	-0.984375	-0.992188
463	-0.968750	-0.984375
464	-0.984375	-0.992188
465	-1.000000	-1.000000
466	-1.000000	-1.000000
467	-0.929688	-0.960938
468	-1.000000	-1.000000
469	-0.953125	-0.976563
470	-0.968750	-0.984375
471	-0.984375	-0.992188
472	-0.968750	-0.984375
473	-0.945313	-0.968750
474	-0.976563	-0.984375
475	-0.953125	-0.976563
476	-0.914063	-0.937500
477	-0.968750	-0.984375
478	-0.968750	-0.984375
479	-0.984375	-0.992188
480	-0.968750	-0.984375
481	-0.984375	-0.992188
482	-0.960938	-0.976563
483	-0.984375	-0.992188
484	-0.953125	-0.976563
485	-0.921875	-0.953125
486	-0.968750	-0.984375
487	-0.968750	-0.984375
488	-0.984375	-0.992188
489	-0.984375	-0.992188
490	-0.929688	-0.960938
491	-0.921875	-0.960938
492	-0.937500	-0.960938
493	-0.984375	-0.992188
494	-0.937500	-0.960938
495	-0.968750	-0.984375
496	-0.945313	-0.968750
497	-0.984375	-0.992188
498	-0.984375	-0.992188
499	-0.914063	-0.953125
500	-0.968750	-0.984375
501	-1.000000	-1.000000
502	-0.882813	-0.906250
503	-0.984375	-0.992188
504	-0.960938	-0.976563
505	-0.945313	-0.968750
506	-1.000000	-1.000000
507	-0.968750	-0.984375
508	-0.953125	-0.976563
509	-0.984375	-0.992188
510	-0.984375	-0.992188
511	-1.000000	-1.000000
512	-0.984375	-0.992188
513	-0.914063	-0.945313
514	-0.937500	-0.960938
515	-0.968750	-0.984375
516	-0.945313	-0.968750
517	-0.945313	-0.968750
518	-0.968750	-0.984375
519	-0.953125	-0.968750
520	-0.960938	-0.976563
521	-0.945313	-0.968750
522	-0.984375	-0.992188
523	-0.929688	-0.960938
524	-0.984375	-0.992188
525	-0.914063	-0.945313
526	-1.000000	-1.000000
527	-0.882813	-0.882813
528	-0.929688	-0.960938
529	-0.968750	-0.984375
530	-0.937500	-0.960938
531	-0.968750	-0.984375
532	-0.945313	-0.968750
533	-0.976563	-0.984375
534	-0.960938	-0.976563
535	-0.953125	-0.976563
536	-0.921875	-0.960938
537	-0.906250	-0.953125
538	-0.976563	-0.984375
539	-0.984375	-0.992188
540	-0.937500	-0.953125
541	-0.968750	-0.984375
542	-0.953125	-0.976563
543	-1.000000	-1.000000
544	-0.984375	-0.992188
545	-0.921875	-0.960938
546	-0.953125	-0.968750
547	-0.960938	-0.968750
548	-0.945313	-0.968750
549	-0.984375	-0.992188
550	-0.984375	-0.992188
551	-0.937500	-0.960938
552	-0.968750	-0.984375
553	-1.000000	-1.000000
554	-0.921875	-0.960938
555	-0.937500	-0.968750
556	-0.937500	-0.968750
557	-0.929688	-0.960938
558	-0.953125	-0.976563
559	-1.000000	-1.000000
560	-0.953125	-0.976563
561	-1.000000	-1.000000
562	-0.937500	-0.968750
563	-0.929688	-0.960938
564	-0.976563	-0.984375
565	-0.984375	-0.992188
566	-0.984375	-0.992188
567	-0.984375	-0.992188
568	-0.984375	-0.992188
569	-0.968750	-0.984375
570	-0.921875	-0.953125
571	-0.906250	-0.937500
572	-0.960938	-0.976563
573	-0.937500	-0.968750
574	-0.968750	-0.984375
575	-0.968750	-0.984375
576	-0.960938	-0.976563
577	-0.984375	-0.992188
578	-0.984375	-0.992188
579	-0.937500	-0.945313
580	-0.914063	-0.953125
581	-0.984375	-0.992188
582	-0.968750	-0.984375
583	-0.984375	-0.992188
584	-0.929688	-0.960938
585	-0.914063	-0.953125
586	-0.968750	-0.984375
587	-1.000000	-1.000000
588	-0.937500	-0.968750
589	-0.984375	-0.992188
590	-0.976563	-0.984375
591	-1.000000	-1.000000
592	-0.968750	-0.984375
593	-0.937500	-0.968750
594	-0.921875	-0.953125
595	-0.914063	-0.953125
596	-0.968750	-0.984375
597	-0.937500	-0.968750
598	-0.960938	-0.976563
599	-0.945313	-0.968750
600	-0.968750	-0.984375
601	-0.968750	-0.984375
602	-0.906250	-0.945313
603	-0.960938	-0.960938
604	-0.968750	-0.984375
605	-0.984375	-0.992188
606	-0.968750	-0.984375
607	-0.960938	-0.976563
608	-0.968750	-0.984375
609	-1.000000	-1.000000
610	-0.960938	-0.976563
611	-0.968750	-0.984375
612	-0.906250	-0.937500
613	-0.960938	-0.976563
614	-0.937500	-0.960938
615	-0.921875	-0.945313
616	-0.968750	-0.984375
617	-0.937500	-0.968750
618	-0.937500	-0.968750
619	-0.984375	-0.992188
620	-0.929688	-0.960938
621	-0.984375	-0.992188
622	-0.906250	-0.945313
623	-0.945313	-0.960938
624	-0.976563	-0.984375
625	-0.937500	-0.960938
626	-1.000000	-1.000000
627	-0.945313	-0.968750
628	-0.914063	-0.953125
629	-0.960938	-0.976563
630	-0.968750	-0.984375
631	-0.945313	-0.968750
632	-0.960938	-0.976563
633	-0.984375	-0.992188
634	-0.945313	-0.953125
635	-0.960938	-0.976563
636	-0.953125	-0.976563
637	-0.953125	-0.976563
638	-0.968750	-0.984375
639	-0.984375	-0.992188
640	-0.984375	-0.992188
641	-1.000000	-1.000000
642	-0.968750	-0.984375
643	-0.929688	-0.960938
644	-0.921875	-0.953125
645	-0.968750	-0.984375
646	-0.882813	-0.937500
647	-1.000000	-1.000000
648	-0.945313	-0.968750
649	-0.968750	-0.984375
650	-0.984375	-0.992188
651	-0.968750	-0.976563
652	-1.000000	-1.000000
653	-0.929688	-0.960938
654	-0.937500	-0.960938
655	-1.000000	-1.000000
656	-0.937500	-0.968750
657	-0.890625	-0.945313
658	-0.882813	-0.929688
659	-0.960938	-0.976563
660	-0.953125	-0.976563
661	-0.867188	-0.929688
662	-0.968750	-0.984375
663	-0.921875	-0.960938
664	-0.921875	-0.953125
665	-0.968750	-0.984375
666	-0.984375	-0.992188
667	-0.984375	-0.992188
668	-0.968750	-0.984375
669	-0.976563	-0.984375
670	-0.953125	-0.976563
671	-0.968750	-0.984375
672	-0.984375	-0.992188
673	-0.929688	-0.960938
674	-0.960938	-0.976563
675	-0.937500	-0.968750
676	-0.960938	-0.976563
677	-0.953125	-0.968750
678	-0.960938	-0.976563
679	-0.921875	-0.960938
680	-0.984375	-0.992188
681	-0.984375	-0.992188
682	-0.984375	-0.992188
683	-0.937500	-0.968750
684	-0.937500	-0.968750
685	-0.953125	-0.968750
686	-0.921875	-0.953125
687	-0.968750	-0.984375
688	-0.937500	-0.968750
689	-0.914063	-0.945313
690	-0.968750	-0.984375
691	-0.929688	-0.953125
692	-1.000000	-1.000000
693	-0.984375	-0.992188
694	-0.937500	-0.960938
695	-0.929688	-0.960938
696	-0.945313	-0.968750
697	-0.953125	-0.976563
698	-0.953125	-0.976563
699	-0.984375	-0.992188
700	-0.984375	-0.992188
701	-0.945313	-0.960938
702	-1.000000	-1.000000
703	-0.968750	-0.984375
704	-0.953125	-0.976563
705	-0.984375	-0.992188
706	-0.929688	-0.960938
707	-1.000000	-1.000000
708	-0.960938	-0.976563
709	-0.984375	-0.992188
710	-0.882813	-0.921875
711	-0.914063	-0.937500
712	-0.984375	-0.992188
713	-0.968750	-0.984375
714	-0.937500	-0.960938
715	-0.960938	-0.976563
716	-0.937500	-0.968750
717	-0.953125	-0.976563
718	-0.984375	-0.992188
719	-0.953125	-0.976563
720	-0.929688	-0.960938
721	-0.984375	-0.992188
722	-0.929688	-0.953125
723	-1.000000	-1.000000
724	-0.937500	-0.968750
725	-0.937500	-0.968750
726	-0.929688	-0.960938
727	-0.984375	-0.992188
728	-0.984375	-0.992188
729	-0.898438	-0.945313
730	-0.921875	-0.960938
731	-0.914063	-0.937500
732	-0.984375	-0.992188
733	-0.968750	-0.984375
734	-0.984375	-0.992188
735	-0.953125	-0.976563
736	-0.953125	-0.976563
737	-0.960938	-0.976563
738	-1.000000	-1.000000
739	-0.968750	-0.984375
740	-0.984375	-0.992188
741	-0.921875	-0.960938
742	-0.937500	-0.968750
743	-0.976563	-0.984375
744	-0.968750	-0.984375
745	-0.960938	-0.968750
746	-0.929688	-0.929688
747	-0.984375	-0.992188
748	-0.929688	-0.953125
749	-0.937500	-0.968750
750	-0.968750	-0.984375
751	-0.968750	-0.984375
752	-0.968750	-0.984375
753	-0.937500	-0.960938
754	-0.968750	-0.976563
755	-1.000000	-1.000000
756	-0.984375	-0.992188
757	-0.960938	-0.976563
758	-1.000000	-1.000000
759	-0.968750	-0.984375
760	-0.937500	-0.968750
761	-0.976563	-0.984375
762	-0.968750	-0.984375
763	-0.953125	-0.976563
764	-0.921875	-0.945313
765	-0.984375	-0.992188
766	-0.937500	-0.960938
767	-0.968750	-0.984375
768	-0.953125	-0.976563
769	-0.968750	-0.984375
770	-0.945313	-0.968750
771	-1.000000	-1.000000
772	-0.968750	-0.984375
773	-0.953125	-0.976563
774	-0.984375	-0.992188
775	-0.937500	-0.968750
776	-0.953125	-0.976563
777	-1.000000	-1.000000
778	-0.867188	-0.914063
779	-0.984375	-0.992188
780	-0.968750	-0.968750
781	-0.937500	-0.968750
782	-1.000000	-1.000000
783	-0.984375	-0.992188
784	-0.984375	-0.992188
785	-0.984375	-0.992188
786	-0.937500	-0.960938
787	-0.898438	-0.929688
788	-0.914063	-0.945313
789	-0.960938	-0.976563
790	-0.984375	-0.992188
791	-0.953125	-0.976563
792	-0.984375	-0.992188
793	-0.945313	-0.968750
794	-1.000000	-1.000000
795	-0.968750	-0.984375
796	-0.898438	-0.937500
797	-0.953125	-0.976563
798	-0.953125	-0.976563
799	-0.921875	-0.953125
800	-0.968750	-0.984375
801	-0.937500	-0.960938
802	-0.968750	-0.984375
803	-0.929688	-0.960938
804	-0.945313	-0.968750
805	-0.984375	-0.992188
806	-0.968750	-0.984375
807	-0.960938	-0.976563
808	-0.960938	-0.976563
809	-0.984375	-0.992188
810	-0.984375	-0.992188
811	-1.000000	-1.000000
812	-0.960938	-0.976563
813	-0.968750	-0.984375
814	-0.984375	-0.992188
815	-0.984375	-0.992188
816	-0.945313	-0.968750
817	-1.000000	-1.000000
818	-0.953125	-0.976563
819	-1.000000	-1.000000
820	-0.960938	-0.976563
821	-0.976563	-0.984375
822	-0.953125	-0.976563
823	-0.898438	-0.937500
824	-0.937500	-0.968750
825	-0.960938	-0.976563
826	-0.945313	-0.968750
827	-0.914063	-0.953125
828	-0.968750	-0.984375
829	-0.976563	-0.984375
830	-0.898438	-0.937500
831	-0.953125	-0.968750
832	-0.968750	-0.984375
833	-0.914063	-0.953125
834	-1.000000	-1.000000
835	-0.937500	-0.968750
836	-1.000000	-1.000000
837	-0.968750	-0.984375
838	-0.968750	-0.984375
839	-0.984375	-0.992188
840	-0.976563	-0.984375
841	-0.984375	-0.992188
842	-0.937500	-0.953125
843	-0.937500	-0.953125
844	-0.968750	-0.984375
845	-0.921875	-0.960938
846	-0.968750	-0.984375
847	-0.984375	-0.992188
848	-0.937500	-0.968750
849	-0.945313	-0.968750
850	-0.937500	-0.968750
851	-1.000000	-1.000000
852	-0.984375	-0.992188
853	-0.937500	-0.968750
854	-0.953125	-0.976563
855	-0.914063	-0.953125
856	-1.000000	-1.000000
857	-0.921875	-0.960938
858	-0.968750	-0.984375
859	-0.968750	-0.984375
860	-0.984375	-0.992188
861	-0.914063	-0.929688
862	-0.968750	-0.984375
863	-0.945313	-0.968750
864	-0.984375	-0.992188
865	-0.976563	-0.984375
866	-0.968750	-0.984375
867	-0.953125	-0.968750
868	-0.953125	-0.976563
869	-0.968750	-0.984375
870	-1.000000	-1.000000
871	-0.984375	-0.992188
872	-0.945313	-0.968750
873	-0.968750	-0.984375
874	-0.984375	-0.992188
875	-0.929688	-0.960938
876	-0.953125	-0.968750
877	-0.937500	-0.968750
878	-0.921875	-0.929688
879	-0.984375	-0.992188
880	-0.945313	-0.968750
881	-0.968750	-0.984375
882	-0.984375	-0.992188
883	-0.953125	-0.976563
884	-0.945313	-0.953125
885	-0.984375	-0.992188
886	-0.898438	-0.945313
887	-0.984375	-0.992188
888	-0.937500	-0.960938
889	-0.984375	-0.992188
890	-1.000000	-1.000000
891	-0.968750	-0.984375
892	-0.953125	-0.976563
893	-0.968750	-0.984375
894	-0.960938	-0.976563
895	-0.968750	-0.984375
896	-0.984375	-0.992188
897	-0.953125	-0.976563
898	-1.000000	-1.000000
899	-0.875000	-0.906250
900	-0.929688	-0.960938
901	-0.953125	-0.976563
902	-0.968750	-0.984375
903	-1.000000	-1.000000
904	-0.882813	-0.929688
905	-0.929688	-0.960938
906	-0.984375	-0.992188
907	-0.937500	-0.968750
908	-0.968750	-0.984375
909	-0.984375	-0.992188
910	-0.953125	-0.960938
911	-0.906250	-0.945313
912	-0.968750	-0.984375
913	-0.984375	-0.992188
914	-1.000000	-1.000000
915	-0.898438	-0.945313
916	-0.984375	-0.992188
917	-0.921875	-0.953125
918	-0.960938	-0.976563
919	-0.968750	-0.984375
920	-0.984375	-0.992188
921	-1.000000	-1.000000
922	-0.968750	-0.984375
923	-0.984375	-0.992188
924	-0.937500	-0.953125
925	-0.968750	-0.984375
926	-0.953125	-0.976563
927	-0.937500	-0.960938
928	-1.000000	-1.000000
929	-0.968750	-0.984375
930	-1.000000	-1.000000
931	-0.984375	-0.992188
932	-0.960938	-0.976563
933	-0.984375	-0.992188
934	-0.968750	-0.984375
935	-0.953125	-0.976563
936	-0.968750	-0.984375
937	-0.984375	-0.992188
938	-0.953125	-0.968750
939	-0.968750	-0.984375
940	-0.984375	-0.992188
941	-0.984375	-0.992188
942	-0.906250	-0.953125
943	-0.953125	-0.976563
944	-0.937500	-0.968750
945	-0.937500	-0.960938
946	-0.968750	-0.984375
947	-0.968750	-0.984375
948	-0.945313	-0.968750
949	-0.968750	-0.984375
950	-0.953125	-0.976563
951	-0.968750	-0.984375
952	-0.929688	-0.960938
953	-0.976563	-0.984375
954	-0.984375	-0.992188
955	-0.945313	-0.968750
956	-1.000000	-1.000000
957	-0.914063	-0.945313
958	-0.968750	-0.984375
959	-0.968750	-0.976563
960	-0.984375	-0.992188
961	-0.953125	-0.976563
962	-1.000000	-1.000000
963	-0.945313	-0.960938
964	-0.953125	-0.976563
965	-0.984375	-0.992188
966	-0.859375	-0.921875
967	-0.968750	-0.984375
968	-0.945313	-0.968750
969	-0.937500	-0.960938
970	-0.953125	-0.976563
971	-0.937500	-0.960938
972	-0.984375	-0.992188
973	-0.968750	-0.984375
974	-0.929688	-0.960938
975	-0.968750	-0.984375
976	-0.953125	-0.976563
977	-1.000000	-1.000000
978	-0.945313	-0.968750
979	-0.953125	-0.976563
980	-0.921875	-0.953125
981	-1.000000	-1.000000
982	-0.968750	-0.984375
983	-0.921875	-0.945313
984	-0.984375	-0.992188
985	-0.914063	-0.953125
986	-1.000000	-1.000000
987	-0.984375	-0.992188
988	-0.859375	-0.921875
989	-0.914063	-0.945313
990	-0.984375	-0.992188
991	-0.984375	-0.992188
992	-1.000000	-1.000000
993	-0.968750	-0.984375
994	-0.953125	-0.968750
995	-0.937500	-0.960938
996	-0.984375	-0.992188
997	-1.000000	-1.000000
998	-0.984375	-0.992188
999	-0.968750	-0.984375
