0	-0.187500	0.039063
1	-0.242188	-0.195313
2	-0.257813	-0.062500
3	-0.242188	0.242188
4	-0.250000	-0.031250
5	-0.257813	0.093750
6	-0.179688	-0.015625
7	-0.093750	-0.015625
8	-0.218750	-0.156250
9	-0.250000	0.070313
10	-0.203125	0.148438
11	-0.203125	-0.015625
12	-0.210938	-0.195313
13	-0.265625	0.085938
14	-0.187500	-0.125000
15	-0.171875	-0.046875
16	-0.242188	0.039063
17	-0.195313	-0.015625
18	-0.148438	0.015625
19	-0.250000	0.007813
20	-0.156250	-0.125000
21	-0.257813	-0.085938
22	-0.164063	0.039063
23	-0.273438	-0.242188
24	-0.234375	0.101563
25	-0.218750	0.164063
26	-0.187500	-0.015625
27	-0.195313	0.031250
28	-0.359375	0.140625
29	-0.242188	-0.085938
30	-0.242188	-0.031250
31	-0.164063	-0.132813
32	-0.179688	-0.070313
33	-0.312500	0.085938
34	-0.164063	0.054688
35	-0.179688	-0.054688
36	-0.203125	-0.078125
37	-0.296875	-0.062500
38	-0.304688	-0.148438
39	-0.257813	-0.007813
40	-0.187500	0.039063
41	-0.242188	0.031250
42	-0.226563	-0.031250
43	-0.226563	-0.046875
44	-0.312500	-0.007813
45	-0.289063	0.210938
46	-0.234375	-0.226563
47	-0.203125	0.023438
48	-0.171875	0.031250
49	-0.140625	-0.039063
50	-0.140625	0.062500
51	-0.343750	-0.140625
52	-0.257813	-0.203125
53	-0.203125	-0.078125
54	-0.242188	0.039063
55	-0.218750	-0.093750
56	-0.242188	-0.007813
57	-0.304688	-0.203125
58	-0.226563	-0.031250
59	-0.234375	0.062500
60	-0.218750	-0.085938
61	-0.265625	0.062500
62	-0.195313	0.101563
63	-0.195313	0.023438
64	-0.257813	-0.007813
65	-0.195313	-0.054688
66	-0.203125	-0.109375
67	-0.226563	-0.203125
68	-0.218750	0.062500
69	-0.218750	0.125000
70	-0.203125	0.054688
71	-0.187500	-0.078125
72	-0.218750	0.187500
73	-0.234375	-0.078125
74	-0.226563	-0.156250
75	-0.281250	-0.031250
76	-0.210938	0.023438
77	-0.234375	0.023438
78	-0.250000	0.078125
79	-0.273438	-0.007813
80	-0.195313	0.046875
81	-0.281250	-0.054688
82	-0.234375	-0.007813
83	-0.250000	-0.148438
84	-0.164063	-0.015625
85	-0.250000	0.179688
86	-0.210938	0.000000
87	-0.148438	0.015625
88	-0.226563	0.289063
89	-0.226563	-0.109375
90	-0.171875	0.132813
91	-0.234375	-0.015625
92	-0.148438	-0.117188
93	-0.132813	-0.070313
94	-0.179688	-0.070313
95	-0.203125	0.046875
96	-0.289063	-0.039063
97	-0.210938	0.070313
98	-0.218750	0.000000
99	-0.296875	-0.148438
100	-0.164063	-0.046875
101	-0.164063	-0.015625
102	-0.273438	0.070313
103	-0.203125	0.023438
104	-0.281250	0.109375
105	-0.250000	0.054688
106	-0.156250	-0.015625
107	-0.203125	0.093750
108	-0.125000	-0.093750
109	-0.273438	-0.117188
110	-0.203125	-0.148438
111	-0.265625	0.007813
112	-0.343750	-0.203125
113	-0.203125	0.046875
114	-0.265625	0.125000
115	-0.234375	-0.093750
116	-0.234375	-0.039063
117	-0.210938	0.015625
118	-0.164063	-0.140625
119	-0.187500	0.007813
120	-0.195313	-0.117188
121	-0.273438	0.132813
122	-0.195313	0.085938
123	-0.187500	0.164063
124	-0.187500	-0.023438
125	-0.281250	-0.062500
126	-0.210938	0.109375
127	-0.414063	-0.351563
128	-0.171875	0.023438
129	-0.218750	0.148438
130	-0.296875	-0.179688
131	-0.289063	-0.171875
132	-0.156250	0.007813
133	-0.296875	0.257813
134	-0.187500	-0.281250
135	-0.296875	0.054688
136	-0.187500	0.023438
137	-0.257813	0.132813
138	-0.289063	0.093750
139	-0.218750	0.070313
140	-0.164063	-0.007813
141	-0.265625	0.179688
142	-0.054688	0.039063
143	-0.156250	0.085938
144	-0.234375	-0.085938
145	-0.218750	0.226563
146	-0.179688	0.156250
147	-0.234375	0.101563
148	-0.195313	0.046875
149	-0.218750	0.046875
150	-0.320313	-0.062500
151	-0.304688	-0.023438
152	-0.187500	-0.023438
153	-0.257813	-0.085938
154	-0.265625	0.187500
155	-0.187500	0.031250
156	-0.234375	0.085938
157	-0.250000	-0.265625
158	-0.210938	0.015625
159	-0.242188	-0.070313
160	-0.273438	0.070313
161	-0.242188	0.039063
162	-0.234375	-0.070313
163	-0.179688	0.085938
164	-0.242188	0.117188
165	-0.210938	0.125000
166	-0.203125	0.031250
167	-0.195313	0.046875
168	-0.226563	0.187500
169	-0.234375	0.000000
170	-0.195313	0.031250
171	-0.140625	0.101563
172	-0.218750	-0.078125
173	-0.265625	0.023438
174	-0.210938	0.039063
175	-0.195313	-0.054688
176	-0.273438	-0.101563
177	-0.164063	0.007813
178	-0.195313	0.148438
179	-0.195313	0.062500
180	-0.203125	-0.046875
181	-0.281250	0.171875
182	-0.164063	0.000000
183	-0.273438	0.054688
184	-0.281250	0.171875
185	-0.250000	-0.007813
186	-0.328125	-0.101563
187	-0.203125	0.070313
188	-0.226563	0.117188
189	-0.187500	0.093750
190	-0.226563	0.125000
191	-0.171875	-0.015625
192	-0.187500	0.093750
193	-0.164063	0.070313
194	-0.140625	-0.164063
195	-0.187500	-0.140625
196	-0.304688	0.109375
197	-0.242188	-0.140625
198	-0.203125	0.062500
199	-0.289063	0.109375
200	-0.210938	-0.046875
201	-0.226563	0.078125
202	-0.179688	0.000000
203	-0.187500	-0.117188
204	-0.218750	0.109375
205	-0.296875	0.140625
206	-0.250000	0.007813
207	-0.312500	0.101563
208	-0.203125	0.007813
209	-0.257813	0.218750
210	-0.250000	0.070313
211	-0.304688	-0.007813
212	-0.156250	0.140625
213	-0.234375	0.125000
214	-0.156250	0.148438
215	-0.296875	-0.078125
216	-0.187500	0.070313
217	-0.273438	0.085938
218	-0.226563	-0.085938
219	-0.242188	0.031250
220	-0.250000	-0.070313
221	-0.203125	-0.070313
222	-0.234375	0.062500
223	-0.257813	0.054688
224	-0.203125	0.046875
225	-0.203125	-0.109375
226	-0.156250	-0.023438
227	-0.109375	-0.093750
228	-0.242188	0.007813
229	-0.257813	0.148438
230	-0.171875	0.015625
231	-0.226563	-0.007813
232	-0.273438	-0.015625
233	-0.304688	-0.007813
234	-0.218750	-0.015625
235	-0.289063	-0.132813
236	-0.226563	0.148438
237	-0.257813	0.179688
238	-0.203125	-0.031250
239	-0.226563	0.101563
240	-0.281250	0.039063
241	-0.195313	0.117188
242	-0.257813	0.093750
243	-0.234375	0.015625
244	-0.218750	-0.125000
245	-0.210938	0.000000
246	-0.195313	0.101563
247	-0.234375	-0.109375
248	-0.296875	0.132813
249	-0.234375	-0.015625
250	-0.210938	-0.085938
251	-0.343750	0.023438
252	-0.226563	0.070313
253	-0.156250	0.109375
254	-0.218750	-0.148438
255	-0.164063	0.046875
256	-0.210938	0.093750
257	-0.226563	-0.007813
258	-0.187500	0.039063
259	-0.179688	0.054688
260	-0.226563	-0.062500
261	-0.226563	0.117188
262	-0.234375	0.085938
263	-0.210938	-0.070313
264	-0.171875	-0.093750
265	-0.320313	-0.187500
266	-0.328125	0.046875
267	-0.273438	-0.046875
268	-0.132813	-0.007813
269	-0.203125	0.031250
270	-0.234375	0.023438
271	-0.250000	-0.179688
272	-0.273438	-0.195313
273	-0.273438	0.046875
274	-0.179688	-0.140625
275	-0.226563	-0.015625
276	-0.250000	0.140625
277	-0.281250	-0.132813
278	-0.226563	0.031250
279	-0.218750	-0.187500
280	-0.140625	-0.015625
281	-0.226563	-0.132813
282	-0.265625	-0.171875
283	-0.195313	0.179688
284	-0.195313	-0.117188
285	-0.125000	0.007813
286	-0.281250	-0.101563
287	-0.257813	-0.125000
288	-0.171875	0.156250
289	-0.281250	0.007813
290	-0.335938	0.164063
291	-0.179688	0.046875
292	-0.210938	0.195313
293	-0.132813	-0.015625
294	-0.234375	0.000000
295	-0.257813	0.101563
296	-0.218750	0.007813
297	-0.296875	-0.210938
298	-0.203125	0.101563
299	-0.203125	-0.062500
300	-0.265625	-0.015625
301	-0.171875	-0.093750
302	-0.203125	0.132813
303	-0.164063	0.062500
304	-0.179688	0.007813
305	-0.242188	-0.171875
306	-0.296875	0.054688
307	-0.234375	0.046875
308	-0.171875	-0.054688
309	-0.234375	-0.171875
310	-0.203125	-0.085938
311	-0.257813	0.000000
312	-0.195313	0.117188
313	-0.218750	-0.109375
314	-0.195313	-0.054688
315	-0.250000	0.078125
316	-0.226563	-0.117188
317	-0.265625	0.109375
318	-0.257813	-0.015625
319	-0.265625	-0.203125
320	-0.218750	-0.070313
321	-0.226563	-0.054688
322	-0.195313	0.117188
323	-0.234375	0.125000
324	-0.351563	-0.007813
325	-0.218750	0.085938
326	-0.195313	-0.101563
327	-0.226563	-0.164063
328	-0.203125	-0.046875
329	-0.312500	-0.015625
330	-0.203125	0.007813
331	-0.187500	-0.054688
332	-0.164063	0.023438
333	-0.234375	-0.015625
334	-0.132813	0.117188
335	-0.210938	0.007813
336	-0.164063	-0.023438
337	-0.265625	-0.203125
338	-0.203125	-0.109375
339	-0.226563	-0.117188
340	-0.265625	-0.218750
341	-0.281250	-0.210938
342	-0.210938	0.015625
343	-0.257813	-0.101563
344	-0.242188	-0.062500
345	-0.195313	0.125000
346	-0.156250	0.023438
347	-0.304688	0.375000
348	-0.234375	-0.132813
349	-0.171875	-0.039063
350	-0.234375	0.093750
351	-0.265625	0.015625
352	-0.304688	0.007813
353	-0.187500	-0.015625
354	-0.203125	-0.015625
355	-0.140625	0.062500
356	-0.125000	-0.031250
357	-0.250000	-0.039063
358	-0.234375	-0.148438
359	-0.179688	-0.164063
360	-0.265625	0.046875
361	-0.156250	0.054688
362	-0.171875	-0.046875
363	-0.164063	0.031250
364	-0.210938	-0.093750
365	-0.187500	0.000000
366	-0.304688	-0.203125
367	-0.289063	-0.109375
368	-0.265625	-0.070313
369	-0.296875	-0.085938
370	-0.257813	0.093750
371	-0.148438	-0.109375
372	-0.218750	-0.046875
373	-0.203125	-0.039063
374	-0.289063	-0.015625
375	-0.234375	-0.148438
376	-0.226563	0.062500
377	-0.140625	0.000000
378	-0.257813	-0.117188
379	-0.210938	-0.031250
380	-0.257813	0.179688
381	-0.179688	0.054688
382	-0.164063	-0.101563
383	-0.242188	0.132813
384	-0.250000	0.078125
385	-0.289063	-0.078125
386	-0.273438	-0.304688
387	-0.234375	0.031250
388	-0.195313	-0.085938
389	-0.195313	0.000000
390	-0.195313	0.109375
391	-0.195313	0.203125
392	-0.234375	0.031250
393	-0.250000	-0.140625
394	-0.179688	0.101563
395	-0.250000	-0.195313
396	-0.218750	-0.023438
397	-0.226563	-0.054688
398	-0.289063	-0.007813
399	-0.257813	-0.031250
400	-0.250000	0.062500
401	-0.273438	-0.109375
402	-0.242188	-0.046875
403	-0.234375	0.085938
404	-0.171875	0.210938
405	-0.242188	-0.015625
406	-0.164063	-0.109375
407	-0.171875	-0.046875
408	-0.257813	-0.007813
409	-0.148438	0.078125
410	-0.242188	0.195313
411	-0.304688	-0.187500
412	-0.171875	-0.093750
413	-0.250000	0.117188
414	-0.203125	0.015625
415	-0.304688	-0.023438
416	-0.195313	0.000000
417	-0.242188	0.046875
418	-0.210938	0.093750
419	-0.250000	0.054688
420	-0.187500	0.007813
421	-0.281250	0.101563
422	-0.234375	-0.125000
423	-0.320313	0.054688
424	-0.210938	0.187500
425	-0.265625	0.132813
426	-0.203125	-0.093750
427	-0.187500	-0.265625
428	-0.312500	0.156250
429	-0.281250	-0.132813
430	-0.117188	-0.054688
431	-0.250000	-0.117188
432	-0.226563	0.132813
433	-0.257813	-0.039063
434	-0.171875	-0.039063
435	-0.265625	0.031250
436	-0.289063	0.125000
437	-0.210938	0.117188
438	-0.281250	-0.242188
439	-0.226563	-0.054688
440	-0.179688	0.054688
441	-0.250000	-0.125000
442	-0.320313	0.023438
443	-0.093750	0.007813
444	-0.171875	-0.101563
445	-0.304688	0.132813
446	-0.250000	-0.015625
447	-0.148438	0.070313
448	-0.117188	0.070313
449	-0.265625	0.062500
450	-0.171875	-0.109375
451	-0.257813	0.093750
452	-0.281250	0.226563
453	-0.195313	-0.031250
454	-0.203125	-0.015625
455	-0.218750	0.078125
456	-0.257813	-0.210938
457	-0.226563	-0.078125
458	-0.226563	-0.007813
459	-0.250000	0.039063
460	-0.289063	0.023438
461	-0.289063	0.023438
462	-0.164063	0.195313
463	-0.296875	0.007813
464	-0.320313	-0.070313
465	-0.265625	-0.187500
466	-0.296875	-0.171875
467	-0.187500	-0.093750
468	-0.156250	-0.007813
469	-0.203125	0.070313
470	-0.289063	0.210938
471	-0.242188	-0.031250
472	-0.156250	-0.015625
473	-0.203125	-0.093750
474	-0.140625	0.109375
475	-0.179688	-0.046875
476	-0.320313	-0.203125
477	-0.187500	-0.171875
478	-0.226563	0.109375
479	-0.250000	0.203125
480	-0.257813	-0.156250
481	-0.218750	-0.031250
482	-0.156250	0.023438
483	-0.273438	0.000000
484	-0.210938	0.046875
485	-0.265625	-0.070313
486	-0.304688	-0.109375
487	-0.210938	0.039063
488	-0.250000	0.148438
489	-0.226563	0.015625
490	-0.203125	-0.164063
491	-0.218750	-0.093750
492	-0.242188	0.070313
493	-0.242188	-0.070313
494	-0.210938	0.109375
495	-0.187500	-0.023438
496	-0.242188	-0.039063
497	-0.218750	0.023438
498	-0.148438	-0.132813
499	-0.281250	-0.101563
500	-0.281250	-0.078125
501	-0.203125	-0.031250
502	-0.289063	-0.078125
503	-0.226563	0.101563
504	-0.164063	0.046875
505	-0.203125	0.218750
506	-0.343750	-0.054688
507	-0.281250	0.078125
508	-0.328125	-0.031250
509	-0.226563	-0.164063
510	-0.156250	-0.023438
511	-0.203125	0.062500
512	-0.218750	0.125000
513	-0.257813	0.046875
514	-0.210938	0.039063
515	-0.289063	0.046875
516	-0.273438	0.140625
517	-0.195313	0.000000
518	-0.156250	-0.062500
519	-0.148438	0.085938
520	-0.265625	-0.015625
521	-0.257813	0.132813
522	-0.203125	0.171875
523	-0.296875	-0.250000
524	-0.218750	-0.023438
525	-0.203125	0.000000
526	-0.351563	-0.187500
527	-0.218750	0.132813
528	-0.195313	0.148438
529	-0.210938	-0.054688
530	-0.187500	-0.015625
531	-0.265625	-0.039063
532	-0.195313	-0.062500
533	-0.148438	0.039063
534	-0.210938	0.070313
535	-0.257813	0.085938
536	-0.304688	0.085938
537	-0.242188	-0.148438
538	-0.273438	-0.085938
539	-0.398438	0.054688
540	-0.289063	0.046875
541	-0.187500	0.007813
542	-0.226563	-0.203125
543	-0.226563	0.164063
544	-0.289063	-0.015625
545	-0.226563	0.148438
546	-0.359375	-0.273438
547	-0.171875	0.109375
548	-0.171875	-0.023438
549	-0.179688	0.093750
550	-0.242188	0.046875
551	-0.312500	0.296875
552	-0.179688	0.023438
553	-0.226563	0.078125
554	-0.242188	-0.023438
555	-0.226563	0.039063
556	-0.328125	0.023438
557	-0.179688	0.031250
558	-0.273438	0.039063
559	-0.226563	0.039063
560	-0.093750	-0.101563
561	-0.234375	-0.070313
562	-0.187500	-0.007813
563	-0.234375	-0.046875
564	-0.234375	0.031250
565	-0.179688	-0.070313
566	-0.210938	0.140625
567	-0.156250	-0.039063
568	-0.203125	-0.117188
569	-0.242188	-0.250000
570	-0.335938	-0.070313
571	-0.257813	0.132813
572	-0.179688	-0.039063
573	-0.343750	0.125000
574	-0.281250	0.023438
575	-0.250000	-0.085938
576	-0.281250	-0.171875
577	-0.210938	-0.132813
578	-0.195313	0.054688
579	-0.289063	-0.070313
580	-0.273438	0.085938
581	-0.148438	-0.046875
582	-0.265625	0.070313
583	-0.328125	0.320313
584	-0.304688	-0.101563
585	-0.156250	-0.085938
586	-0.187500	0.000000
587	-0.179688	0.125000
588	-0.140625	0.101563
589	-0.250000	0.000000
590	-0.281250	-0.031250
591	-0.187500	0.023438
592	-0.257813	0.132813
593	-0.273438	-0.039063
594	-0.210938	0.015625
595	-0.203125	0.078125
596	-0.226563	0.125000
597	-0.140625	-0.101563
598	-0.218750	0.109375
599	-0.320313	0.054688
600	-0.234375	-0.046875
601	-0.140625	0.039063
602	-0.218750	-0.054688
603	-0.164063	0.046875
604	-0.335938	-0.218750
605	-0.296875	0.132813
606	-0.164063	-0.078125
607	-0.218750	0.078125
608	-0.132813	0.062500
609	-0.148438	0.015625
610	-0.218750	-0.085938
611	-0.218750	0.093750
612	-0.148438	-0.039063
613	-0.171875	-0.070313
614	-0.281250	-0.085938
615	-0.226563	0.140625
616	-0.242188	0.070313
617	-0.195313	-0.015625
618	-0.156250	-0.023438
619	-0.226563	0.039063
620	-0.273438	0.101563
621	-0.195313	-0.070313
622	-0.187500	0.093750
623	-0.148438	-0.070313
624	-0.273438	0.062500
625	-0.234375	0.000000
626	-0.242188	-0.054688
627	-0.234375	0.007813
628	-0.296875	-0.242188
629	-0.265625	0.000000
630	-0.226563	-0.078125
631	-0.195313	0.117188
632	-0.171875	-0.101563
633	-0.335938	0.023438
634	-0.242188	0.226563
635	-0.148438	0.031250
636	-0.296875	0.085938
637	-0.242188	-0.242188
638	-0.265625	-0.039063
639	-0.210938	-0.046875
640	-0.273438	-0.062500
641	-0.242188	-0.054688
642	-0.210938	-0.015625
643	-0.273438	-0.023438
644	-0.265625	0.101563
645	-0.234375	-0.140625
646	-0.203125	-0.039063
647	-0.171875	-0.171875
648	-0.218750	0.109375
649	-0.281250	-0.070313
650	-0.140625	-0.039063
651	-0.187500	-0.015625
652	-0.187500	-0.046875
653	-0.226563	-0.015625
654	-0.156250	-0.054688
655	-0.195313	0.023438
656	-0.257813	-0.046875
657	-0.203125	-0.203125
658	-0.171875	0.023438
659	-0.195313	0.054688
660	-0.296875	-0.085938
661	-0.226563	0.062500
662	-0.289063	-0.023438
663	-0.250000	0.031250
664	-0.218750	-0.109375
665	-0.195313	0.054688
666	-0.179688	0.000000
667	-0.335938	0.140625
668	-0.250000	0.125000
669	-0.125000	0.015625
670	-0.195313	-0.140625
671	-0.187500	0.039063
672	-0.265625	0.007813
673	-0.226563	0.039063
674	-0.164063	0.015625
675	-0.234375	-0.015625
676	-0.242188	0.171875
677	-0.226563	-0.023438
678	-0.132813	0.070313
679	-0.101563	-0.039063
680	-0.218750	0.007813
681	-0.187500	0.054688
682	-0.265625	0.054688
683	-0.234375	-0.140625
684	-0.343750	0.171875
685	-0.250000	0.085938
686	-0.281250	-0.054688
687	-0.203125	-0.156250
688	-0.148438	0.132813
689	-0.296875	-0.218750
690	-0.195313	-0.132813
691	-0.250000	-0.156250
692	-0.125000	-0.031250
693	-0.226563	-0.171875
694	-0.203125	-0.109375
695	-0.210938	-0.085938
696	-0.250000	-0.109375
697	-0.351563	0.070313
698	-0.289063	0.070313
699	-0.234375	-0.039063
700	-0.281250	-0.179688
701	-0.187500	-0.062500
702	-0.210938	-0.039063
703	-0.164063	0.000000
704	-0.226563	0.062500
705	-0.179688	0.203125
706	-0.210938	-0.156250
707	-0.265625	0.148438
708	-0.265625	0.015625
709	-0.218750	-0.054688
710	-0.234375	-0.007813
711	-0.226563	0.070313
712	-0.132813	0.007813
713	-0.242188	-0.117188
714	-0.171875	0.031250
715	-0.273438	0.375000
716	-0.171875	0.007813
717	-0.140625	0.132813
718	-0.195313	0.000000
719	-0.171875	-0.007813
720	-0.304688	-0.078125
721	-0.335938	-0.070313
722	-0.242188	0.000000
723	-0.343750	-0.296875
724	-0.179688	-0.156250
725	-0.242188	-0.117188
726	-0.203125	-0.039063
727	-0.203125	0.148438
728	-0.265625	0.031250
729	-0.195313	-0.031250
730	-0.242188	0.171875
731	-0.203125	0.093750
732	-0.257813	0.070313
733	-0.218750	-0.023438
734	-0.289063	-0.085938
735	-0.210938	0.015625
736	-0.312500	-0.070313
737	-0.218750	0.031250
738	-0.281250	0.046875
739	-0.187500	0.187500
740	-0.140625	-0.054688
741	-0.117188	-0.054688
742	-0.218750	0.015625
743	-0.265625	0.148438
744	-0.289063	-0.046875
745	-0.164063	0.031250
746	-0.289063	0.210938
747	-0.179688	0.062500
748	-0.234375	0.007813
749	-0.187500	0.023438
750	-0.195313	-0.109375
751	-0.289063	0.062500
752	-0.234375	0.054688
753	-0.250000	-0.015625
754	-0.195313	0.039063
755	-0.234375	-0.062500
756	-0.367188	0.109375
757	-0.234375	0.078125
758	-0.187500	-0.015625
759	-0.164063	-0.023438
760	-0.171875	-0.039063
761	-0.179688	-0.132813
762	-0.132813	-0.015625
763	-0.273438	0.023438
764	-0.265625	0.203125
765	-0.273438	-0.054688
766	-0.250000	0.140625
767	-0.265625	0.007813
768	-0.203125	-0.085938
769	-0.273438	0.000000
770	-0.195313	0.000000
771	-0.250000	-0.039063
772	-0.312500	0.226563
773	-0.210938	-0.015625
774	-0.195313	-0.062500
775	-0.289063	0.007813
776	-0.242188	0.046875
777	-0.273438	-0.156250
778	-0.210938	-0.164063
779	-0.218750	0.062500
780	-0.210938	-0.093750
781	-0.257813	0.023438
782	-0.250000	-0.062500
783	-0.226563	-0.148438
784	-0.289063	-0.226563
785	-0.132813	0.062500
786	-0.234375	-0.015625
787	-0.125000	0.046875
788	-0.234375	0.015625
789	-0.203125	-0.109375
790	-0.242188	0.070313
791	-0.296875	-0.078125
792	-0.195313	-0.023438
793	-0.265625	-0.054688
794	-0.273438	-0.031250
795	-0.234375	-0.046875
796	-0.335938	-0.062500
797	-0.218750	-0.078125
798	-0.156250	-0.031250
799	-0.156250	-0.132813
800	-0.281250	-0.031250
801	-0.187500	0.007813
802	-0.226563	-0.078125
803	-0.156250	-0.101563
804	-0.187500	-0.031250
805	-0.335938	-0.117188
806	-0.281250	-0.078125
807	-0.203125	0.007813
808	-0.257813	0.054688
809	-0.218750	0.046875
810	-0.328125	0.140625
811	-0.257813	-0.109375
812	-0.281250	-0.085938
813	-0.210938	-0.039063
814	-0.250000	-0.226563
815	-0.117188	0.101563
816	-0.117188	-0.046875
817	-0.234375	0.132813
818	-0.109375	0.078125
819	-0.250000	-0.125000
820	-0.281250	0.015625
821	-0.265625	-0.031250
822	-0.281250	-0.281250
823	-0.203125	0.000000
824	-0.187500	-0.023438
825	-0.156250	0.046875
826	-0.203125	0.007813
827	-0.281250	-0.085938
828	-0.281250	0.062500
829	-0.218750	-0.140625
830	-0.210938	0.117188
831	-0.242188	-0.085938
832	-0.234375	-0.039063
833	-0.226563	0.039063
834	-0.289063	-0.039063
835	-0.250000	0.023438
836	-0.289063	-0.125000
837	-0.195313	-0.039063
838	-0.179688	0.164063
839	-0.156250	0.062500
840	-0.289063	0.000000
841	-0.242188	-0.031250
842	-0.273438	-0.140625
843	-0.281250	-0.007813
844	-0.156250	0.000000
845	-0.242188	0.000000
846	-0.265625	0.218750
847	-0.132813	-0.203125
848	-0.281250	-0.140625
849	-0.265625	0.070313
850	-0.257813	-0.132813
851	-0.250000	0.070313
852	-0.203125	-0.039063
853	-0.257813	0.250000
854	-0.218750	0.093750
855	-0.226563	0.109375
856	-0.242188	0.109375
857	-0.218750	-0.132813
858	-0.218750	0.250000
859	-0.273438	-0.132813
860	-0.257813	-0.156250
861	-0.257813	0.148438
862	-0.265625	0.054688
863	-0.203125	0.039063
864	-0.234375	-0.164063
865	-0.320313	-0.226563
866	-0.257813	0.101563
867	-0.171875	0.109375
868	-0.171875	-0.085938
869	-0.218750	0.015625
870	-0.148438	0.070313
871	-0.156250	-0.046875
872	-0.257813	-0.015625
873	-0.210938	0.218750
874	-0.164063	-0.007813
875	-0.218750	0.117188
876	-0.257813	-0.046875
877	-0.218750	0.093750
878	-0.265625	-0.257813
879	-0.250000	-0.156250
880	-0.375000	0.195313
881	-0.265625	-0.078125
882	-0.226563	-0.023438
883	-0.234375	-0.078125
884	-0.132813	-0.078125
885	-0.281250	0.093750
886	-0.179688	-0.031250
887	-0.257813	0.031250
888	-0.242188	0.015625
889	-0.281250	-0.125000
890	-0.187500	0.031250
891	-0.304688	-0.085938
892	-0.273438	-0.109375
893	-0.296875	0.101563
894	-0.250000	0.164063
895	-0.273438	0.023438
896	-0.195313	0.148438
897	-0.242188	-0.007813
898	-0.187500	0.148438
899	-0.210938	0.109375
900	-0.218750	0.140625
901	-0.242188	0.125000
902	-0.148438	0.007813
903	-0.296875	-0.039063
904	-0.250000	-0.039063
905	-0.195313	0.062500
906	-0.195313	-0.046875
907	-0.273438	-0.226563
908	-0.164063	0.140625
909	-0.289063	0.187500
910	-0.234375	0.070313
911	-0.257813	-0.031250
912	-0.226563	0.046875
913	-0.226563	-0.023438
914	-0.203125	0.187500
915	-0.273438	0.007813
916	-0.210938	0.171875
917	-0.257813	0.171875
918	-0.234375	0.250000
919	-0.250000	0.070313
920	-0.148438	0.093750
921	-0.093750	-0.015625
922	-0.210938	-0.054688
923	-0.234375	0.117188
924	-0.250000	0.164063
925	-0.179688	0.054688
926	-0.171875	0.046875
927	-0.234375	-0.070313
928	-0.281250	-0.062500
929	-0.179688	0.062500
930	-0.226563	0.039063
931	-0.257813	0.031250
932	-0.195313	0.148438
933	-0.257813	-0.117188
934	-0.265625	-0.117188
935	-0.250000	-0.117188
936	-0.281250	-0.007813
937	-0.203125	0.039063
938	-0.187500	-0.101563
939	-0.242188	-0.125000
940	-0.164063	-0.117188
941	-0.195313	-0.023438
942	-0.179688	-0.046875
943	-0.148438	0.023438
944	-0.187500	0.015625
945	-0.234375	-0.085938
946	-0.273438	0.156250
947	-0.203125	-0.007813
948	-0.265625	0.117188
949	-0.234375	-0.156250
950	-0.335938	-0.218750
951	-0.195313	0.000000
952	-0.140625	-0.078125
953	-0.234375	0.039063
954	-0.179688	-0.070313
955	-0.187500	-0.031250
956	-0.250000	0.000000
957	-0.250000	-0.171875
958	-0.187500	-0.101563
959	-0.304688	-0.179688
960	-0.265625	-0.164063
961	-0.234375	-0.007813
962	-0.242188	-0.015625
963	-0.218750	-0.031250
964	-0.234375	-0.046875
965	-0.226563	0.054688
966	-0.148438	-0.070313
967	-0.125000	-0.007813
968	-0.273438	-0.046875
969	-0.156250	0.125000
970	-0.179688	0.164063
971	-0.242188	0.140625
972	-0.187500	-0.257813
973	-0.195313	-0.085938
974	-0.265625	0.015625
975	-0.226563	-0.164063
976	-0.273438	0.007813
977	-0.265625	-0.187500
978	-0.203125	0.015625
979	-0.226563	0.093750
980	-0.226563	-0.148438
981	-0.218750	-0.023438
982	-0.234375	-0.156250
983	-0.187500	-0.070313
984	-0.117188	-0.007813
985	-0.210938	0.031250
986	-0.203125	0.070313
987	-0.210938	0.007813
988	-0.242188	-0.023438
989	-0.187500	0.109375
990	-0.257813	-0.054688
991	-0.226563	-0.117188
992	-0.242188	0.085938
993	-0.312500	0.179688
994	-0.179688	-0.054688
995	-0.289063	0.210938
996	-0.257813	0.210938
997	-0.148438	-0.015625
998	-0.210938	0.085938
999	-0.140625	0.031250
