0	-1.000000	-1.000000
1	-0.984375	-0.992188
2	-0.968750	-0.984375
3	-0.984375	-0.992188
4	-1.000000	-1.000000
5	-0.984375	-0.992188
6	-0.984375	-0.992188
7	-0.968750	-0.984375
8	-0.968750	-0.984375
9	-0.984375	-0.992188
10	-1.000000	-1.000000
11	-1.000000	-1.000000
12	-0.968750	-0.984375
13	-0.968750	-0.984375
14	-1.000000	-1.000000
15	-1.000000	-1.000000
16	-1.000000	-1.000000
17	-1.000000	-1.000000
18	-1.000000	-1.000000
19	-0.984375	-0.992188
20	-1.000000	-1.000000
21	-0.976563	-0.984375
22	-0.984375	-0.992188
23	-0.968750	-0.984375
24	-1.000000	-1.000000
25	-1.000000	-1.000000
26	-0.968750	-0.984375
27	-0.984375	-0.992188
28	-1.000000	-1.000000
29	-0.984375	-0.992188
30	-0.953125	-0.976563
31	-0.984375	-0.992188
32	-0.945313	-0.968750
33	-1.000000	-1.000000
34	-0.968750	-0.984375
35	-1.000000	-1.000000
36	-0.953125	-0.976563
37	-0.968750	-0.984375
38	-1.000000	-1.000000
39	-0.968750	-0.984375
40	-1.000000	-1.000000
41	-1.000000	-1.000000
42	-0.968750	-0.984375
43	-0.976563	-0.984375
44	-1.000000	-1.000000
45	-0.984375	-0.992188
46	-1.000000	-1.000000
47	-0.984375	-0.992188
48	-0.984375	-0.992188
49	-1.000000	-1.000000
50	-0.984375	-0.992188
51	-0.976563	-0.984375
52	-0.984375	-0.992188
53	-0.984375	-0.992188
54	-1.000000	-1.000000
55	-0.945313	-0.968750
56	-1.000000	-1.000000
57	-0.968750	-0.984375
58	-1.000000	-1.000000
59	-1.000000	-1.000000
60	-0.976563	-0.984375
61	-1.000000	-1.000000
62	-0.968750	-0.984375
63	-0.984375	-0.992188
64	-1.000000	-1.000000
65	-1.000000	-1.000000
66	-1.000000	-1.000000
67	-0.960938	-0.976563
68	-1.000000	-1.000000
69	-0.968750	-0.984375
70	-1.000000	-1.000000
71	-1.000000	-1.000000
72	-0.968750	-0.984375
73	-1.000000	-1.000000
74	-1.000000	-1.000000
75	-0.960938	-0.976563
76	-0.984375	-0.992188
77	-0.976563	-0.984375
78	-1.000000	-1.000000
79	-0.984375	-0.992188
80	-0.984375	-0.992188
81	-1.000000	-1.000000
82	-0.984375	-0.992188
83	-1.000000	-1.000000
84	-1.000000	-1.000000
85	-1.000000	-1.000000
86	-0.953125	-0.968750
87	-1.000000	-1.000000
88	-0.968750	-0.984375
89	-0.984375	-0.992188
90	-0.984375	-0.992188
91	-1.000000	-1.000000
92	-1.000000	-1.000000
93	-1.000000	-1.000000
94	-0.984375	-0.992188
95	-0.984375	-0.992188
96	-0.984375	-0.992188
97	-0.984375	-0.992188
98	-1.000000	-1.000000
99	-0.984375	-0.992188
100	-0.984375	-0.992188
101	-1.000000	-1.000000
102	-1.000000	-1.000000
103	-1.000000	-1.000000
104	-1.000000	-1.000000
105	-0.968750	-0.984375
106	-0.984375	-0.992188
107	-0.968750	-0.984375
108	-0.953125	-0.976563
109	-1.000000	-1.000000
110	-1.000000	-1.000000
111	-0.984375	-0.992188
112	-0.968750	-0.984375
113	-1.000000	-1.000000
114	-1.000000	-1.000000
115	-0.984375	-0.992188
116	-1.000000	-1.000000
117	-0.960938	-0.976563
118	-1.000000	-1.000000
119	-1.000000	-1.000000
120	-1.000000	-1.000000
121	-1.000000	-1.000000
122	-0.984375	-0.992188
123	-0.984375	-0.992188
124	-1.000000	-1.000000
125	-1.000000	-1.000000
126	-1.000000	-1.000000
127	-0.968750	-0.984375
128	-1.000000	-1.000000
129	-0.984375	-0.992188
130	-1.000000	-1.000000
131	-1.000000	-1.000000
132	-1.000000	-1.000000
133	-1.000000	-1.000000
134	-0.984375	-0.992188
135	-0.921875	-0.953125
136	-1.000000	-1.000000
137	-1.000000	-1.000000
138	-0.968750	-0.984375
139	-0.984375	-0.992188
140	-0.984375	-0.992188
141	-0.953125	-0.968750
142	-0.953125	-0.976563
143	-0.984375	-0.992188
144	-0.968750	-0.984375
145	-1.000000	-1.000000
146	-1.000000	-1.000000
147	-1.000000	-1.000000
148	-1.000000	-1.000000
149	-1.000000	-1.000000
150	-0.984375	-0.992188
151	-1.000000	-1.000000
152	-1.000000	-1.000000
153	-0.984375	-0.992188
154	-1.000000	-1.000000
155	-1.000000	-1.000000
156	-0.984375	-0.992188
157	-0.968750	-0.984375
158	-1.000000	-1.000000
159	-0.976563	-0.984375
160	-0.953125	-0.976563
161	-0.968750	-0.984375
162	-0.976563	-0.984375
163	-1.000000	-1.000000
164	-1.000000	-1.000000
165	-1.000000	-1.000000
166	-1.000000	-1.000000
167	-1.000000	-1.000000
168	-0.976563	-0.984375
169	-1.000000	-1.000000
170	-0.984375	-0.992188
171	-0.929688	-0.960938
172	-0.984375	-0.992188
173	-0.984375	-0.992188
174	-1.000000	-1.000000
175	-0.984375	-0.992188
176	-0.968750	-0.984375
177	-1.000000	-1.000000
178	-0.929688	-0.960938
179	-0.976563	-0.984375
180	-0.984375	-0.992188
181	-0.984375	-0.992188
182	-0.976563	-0.984375
183	-0.976563	-0.984375
184	-0.984375	-0.992188
185	-1.000000	-1.000000
186	-1.000000	-1.000000
187	-1.000000	-1.000000
188	-1.000000	-1.000000
189	-0.953125	-0.976563
190	-0.968750	-0.984375
191	-0.984375	-0.992188
192	-0.984375	-0.992188
193	-0.984375	-0.992188
194	-0.984375	-0.992188
195	-0.984375	-0.992188
196	-0.945313	-0.953125
197	-0.984375	-0.992188
198	-0.984375	-0.992188
199	-1.000000	-1.000000
200	-0.968750	-0.984375
201	-0.984375	-0.992188
202	-0.984375	-0.992188
203	-1.000000	-1.000000
204	-1.000000	-1.000000
205	-1.000000	-1.000000
206	-0.984375	-0.992188
207	-1.000000	-1.000000
208	-0.984375	-0.992188
209	-1.000000	-1.000000
210	-1.000000	-1.000000
211	-0.984375	-0.992188
212	-1.000000	-1.000000
213	-1.000000	-1.000000
214	-0.968750	-0.984375
215	-0.984375	-0.992188
216	-1.000000	-1.000000
217	-0.984375	-0.992188
218	-0.984375	-0.992188
219	-1.000000	-1.000000
220	-0.984375	-0.992188
221	-0.968750	-0.984375
222	-0.953125	-0.976563
223	-0.968750	-0.984375
224	-1.000000	-1.000000
225	-0.976563	-0.984375
226	-0.984375	-0.992188
227	-1.000000	-1.000000
228	-1.000000	-1.000000
229	-0.968750	-0.984375
230	-0.968750	-0.984375
231	-1.000000	-1.000000
232	-0.984375	-0.992188
233	-1.000000	-1.000000
234	-0.960938	-0.976563
235	-0.968750	-0.984375
236	-0.945313	-0.968750
237	-1.000000	-1.000000
238	-1.000000	-1.000000
239	-1.000000	-1.000000
240	-1.000000	-1.000000
241	-0.984375	-0.992188
242	-0.945313	-0.960938
243	-0.984375	-0.992188
244	-1.000000	-1.000000
245	-0.984375	-0.992188
246	-0.976563	-0.984375
247	-0.968750	-0.984375
248	-0.984375	-0.992188
249	-1.000000	-1.000000
250	-0.984375	-0.992188
251	-1.000000	-1.000000
252	-0.984375	-0.992188
253	-1.000000	-1.000000
254	-0.984375	-0.992188
255	-1.000000	-1.000000
256	-0.984375	-0.992188
257	-0.984375	-0.992188
258	-0.984375	-0.992188
259	-0.984375	-0.992188
260	-1.000000	-1.000000
261	-0.984375	-0.992188
262	-0.968750	-0.984375
263	-0.984375	-0.992188
264	-0.968750	-0.984375
265	-0.984375	-0.992188
266	-0.984375	-0.992188
267	-1.000000	-1.000000
268	-1.000000	-1.000000
269	-0.960938	-0.976563
270	-0.968750	-0.984375
271	-1.000000	-1.000000
272	-1.000000	-1.000000
273	-1.000000	-1.000000
274	-0.953125	-0.960938
275	-1.000000	-1.000000
276	-0.984375	-0.992188
277	-0.984375	-0.992188
278	-0.984375	-0.992188
279	-0.984375	-0.992188
280	-1.000000	-1.000000
281	-1.000000	-1.000000
282	-1.000000	-1.000000
283	-0.968750	-0.984375
284	-0.984375	-0.992188
285	-0.984375	-0.992188
286	-1.000000	-1.000000
287	-1.000000	-1.000000
288	-0.976563	-0.984375
289	-1.000000	-1.000000
290	-0.960938	-0.976563
291	-1.000000	-1.000000
292	-0.984375	-0.992188
293	-1.000000	-1.000000
294	-0.984375	-0.992188
295	-0.984375	-0.992188
296	-0.984375	-0.992188
297	-0.976563	-0.984375
298	-0.968750	-0.984375
299	-1.000000	-1.000000
300	-1.000000	-1.000000
301	-0.984375	-0.992188
302	-0.984375	-0.992188
303	-1.000000	-1.000000
304	-0.984375	-0.992188
305	-0.984375	-0.992188
306	-0.968750	-0.984375
307	-1.000000	-1.000000
308	-1.000000	-1.000000
309	-0.984375	-0.992188
310	-0.968750	-0.984375
311	-0.984375	-0.992188
312	-0.984375	-0.992188
313	-1.000000	-1.000000
314	-1.000000	-1.000000
315	-0.984375	-0.992188
316	-1.000000	-1.000000
317	-1.000000	-1.000000
318	-1.000000	-1.000000
319	-0.984375	-0.992188
320	-0.984375	-0.992188
321	-0.984375	-0.992188
322	-1.000000	-1.000000
323	-0.984375	-0.992188
324	-0.984375	-0.992188
325	-1.000000	-1.000000
326	-0.929688	-0.960938
327	-0.968750	-0.984375
328	-0.968750	-0.984375
329	-0.984375	-0.992188
330	-1.000000	-1.000000
331	-0.984375	-0.992188
332	-0.984375	-0.992188
333	-0.984375	-0.992188
334	-1.000000	-1.000000
335	-1.000000	-1.000000
336	-0.984375	-0.992188
337	-0.984375	-0.992188
338	-0.984375	-0.992188
339	-1.000000	-1.000000
340	-0.984375	-0.992188
341	-1.000000	-1.000000
342	-0.968750	-0.984375
343	-0.984375	-0.992188
344	-0.937500	-0.968750
345	-1.000000	-1.000000
346	-1.000000	-1.000000
347	-1.000000	-1.000000
348	-1.000000	-1.000000
349	-1.000000	-1.000000
350	-0.953125	-0.976563
351	-1.000000	-1.000000
352	-0.953125	-0.976563
353	-1.000000	-1.000000
354	-0.984375	-0.992188
355	-0.960938	-0.976563
356	-1.000000	-1.000000
357	-1.000000	-1.000000
358	-0.953125	-0.976563
359	-0.984375	-0.992188
360	-0.984375	-0.992188
361	-1.000000	-1.000000
362	-1.000000	-1.000000
363	-0.960938	-0.976563
364	-1.000000	-1.000000
365	-0.984375	-0.992188
366	-1.000000	-1.000000
367	-1.000000	-1.000000
368	-0.984375	-0.992188
369	-1.000000	-1.000000
370	-1.000000	-1.000000
371	-1.000000	-1.000000
372	-1.000000	-1.000000
373	-0.984375	-0.992188
374	-0.984375	-0.992188
375	-1.000000	-1.000000
376	-1.000000	-1.000000
377	-1.000000	-1.000000
378	-0.976563	-0.984375
379	-1.000000	-1.000000
380	-1.000000	-1.000000
381	-1.000000	-1.000000
382	-0.984375	-0.992188
383	-0.984375	-0.992188
384	-0.984375	-0.992188
385	-1.000000	-1.000000
386	-0.984375	-0.992188
387	-1.000000	-1.000000
388	-1.000000	-1.000000
389	-0.953125	-0.976563
390	-0.984375	-0.992188
391	-0.984375	-0.992188
392	-1.000000	-1.000000
393	-0.984375	-0.992188
394	-0.968750	-0.984375
395	-1.000000	-1.000000
396	-1.000000	-1.000000
397	-1.000000	-1.000000
398	-0.984375	-0.992188
399	-0.984375	-0.992188
400	-0.953125	-0.976563
401	-0.984375	-0.992188
402	-1.000000	-1.000000
403	-1.000000	-1.000000
404	-0.960938	-0.976563
405	-0.984375	-0.992188
406	-0.968750	-0.984375
407	-1.000000	-1.000000
408	-0.984375	-0.992188
409	-0.953125	-0.976563
410	-1.000000	-1.000000
411	-0.984375	-0.992188
412	-0.976563	-0.984375
413	-1.000000	-1.000000
414	-1.000000	-1.000000
415	-1.000000	-1.000000
416	-1.000000	-1.000000
417	-1.000000	-1.000000
418	-0.984375	-0.992188
419	-0.984375	-0.992188
420	-0.984375	-0.992188
421	-0.984375	-0.992188
422	-0.984375	-0.992188
423	-0.976563	-0.984375
424	-0.984375	-0.992188
425	-1.000000	-1.000000
426	-0.984375	-0.992188
427	-0.960938	-0.976563
428	-0.984375	-0.992188
429	-0.984375	-0.992188
430	-0.960938	-0.976563
431	-0.984375	-0.992188
432	-0.984375	-0.992188
433	-1.000000	-1.000000
434	-1.000000	-1.000000
435	-0.984375	-0.992188
436	-0.984375	-0.992188
437	-0.968750	-0.984375
438	-1.000000	-1.000000
439	-0.984375	-0.992188
440	-0.960938	-0.976563
441	-0.984375	-0.992188
442	-0.984375	-0.992188
443	-0.953125	-0.968750
444	-0.984375	-0.992188
445	-1.000000	-1.000000
446	-1.000000	-1.000000
447	-0.984375	-0.992188
448	-0.984375	-0.992188
449	-1.000000	-1.000000
450	-0.984375	-0.992188
451	-1.000000	-1.000000
452	-1.000000	-1.000000
453	-1.000000	-1.000000
454	-1.000000	-1.000000
455	-0.984375	-0.992188
456	-0.984375	-0.992188
457	-0.984375	-0.992188
458	-0.968750	-0.984375
459	-1.000000	-1.000000
460	-1.000000	-1.000000
461	-0.984375	-0.992188
462	-0.984375	-0.992188
463	-0.984375	-0.992188
464	-0.968750	-0.984375
465	-1.000000	-1.000000
466	-0.984375	-0.992188
467	-0.984375	-0.992188
468	-0.984375	-0.992188
469	-0.984375	-0.992188
470	-1.000000	-1.000000
471	-1.000000	-1.000000
472	-0.984375	-0.992188
473	-1.000000	-1.000000
474	-0.968750	-0.984375
475	-0.984375	-0.992188
476	-0.984375	-0.992188
477	-1.000000	-1.000000
478	-0.976563	-0.984375
479	-0.976563	-0.984375
480	-1.000000	-1.000000
481	-0.968750	-0.984375
482	-1.000000	-1.000000
483	-1.000000	-1.000000
484	-0.968750	-0.984375
485	-0.968750	-0.984375
486	-0.984375	-0.992188
487	-1.000000	-1.000000
488	-1.000000	-1.000000
489	-1.000000	-1.000000
490	-1.000000	-1.000000
491	-0.984375	-0.992188
492	-0.984375	-0.992188
493	-1.000000	-1.000000
494	-0.984375	-0.992188
495	-0.984375	-0.992188
496	-0.984375	-0.992188
497	-1.000000	-1.000000
498	-1.000000	-1.000000
499	-0.968750	-0.984375
500	-1.000000	-1.000000
501	-0.984375	-0.992188
502	-0.960938	-0.976563
503	-0.984375	-0.992188
504	-0.984375	-0.992188
505	-1.000000	-1.000000
506	-0.968750	-0.984375
507	-0.968750	-0.984375
508	-0.960938	-0.976563
509	-1.000000	-1.000000
510	-0.984375	-0.992188
511	-1.000000	-1.000000
512	-0.968750	-0.984375
513	-0.968750	-0.984375
514	-0.984375	-0.992188
515	-1.000000	-1.000000
516	-0.984375	-0.992188
517	-0.960938	-0.976563
518	-1.000000	-1.000000
519	-1.000000	-1.000000
520	-0.953125	-0.976563
521	-0.968750	-0.984375
522	-1.000000	-1.000000
523	-0.976563	-0.984375
524	-1.000000	-1.000000
525	-0.968750	-0.984375
526	-1.000000	-1.000000
527	-1.000000	-1.000000
528	-0.984375	-0.992188
529	-0.968750	-0.984375
530	-0.976563	-0.984375
531	-1.000000	-1.000000
532	-1.000000	-1.000000
533	-0.984375	-0.992188
534	-1.000000	-1.000000
535	-0.984375	-0.992188
536	-0.976563	-0.984375
537	-0.984375	-0.992188
538	-0.976563	-0.984375
539	-0.953125	-0.976563
540	-1.000000	-1.000000
541	-0.984375	-0.992188
542	-0.960938	-0.976563
543	-0.984375	-0.992188
544	-0.976563	-0.984375
545	-1.000000	-1.000000
546	-0.968750	-0.984375
547	-0.976563	-0.984375
548	-1.000000	-1.000000
549	-0.976563	-0.984375
550	-1.000000	-1.000000
551	-1.000000	-1.000000
552	-0.984375	-0.992188
553	-1.000000	-1.000000
554	-0.984375	-0.992188
555	-0.984375	-0.992188
556	-1.000000	-1.000000
557	-0.968750	-0.984375
558	-1.000000	-1.000000
559	-0.984375	-0.992188
560	-0.984375	-0.992188
561	-0.984375	-0.992188
562	-0.984375	-0.992188
563	-0.984375	-0.992188
564	-0.984375	-0.992188
565	-1.000000	-1.000000
566	-1.000000	-1.000000
567	-0.945313	-0.968750
568	-0.953125	-0.976563
569	-0.984375	-0.992188
570	-0.953125	-0.968750
571	-1.000000	-1.000000
572	-0.984375	-0.992188
573	-1.000000	-1.000000
574	-1.000000	-1.000000
575	-0.968750	-0.984375
576	-0.968750	-0.984375
577	-1.000000	-1.000000
578	-0.984375	-0.992188
579	-0.984375	-0.992188
580	-0.953125	-0.976563
581	-1.000000	-1.000000
582	-0.984375	-0.992188
583	-0.984375	-0.992188
584	-0.984375	-0.992188
585	-1.000000	-1.000000
586	-1.000000	-1.000000
587	-0.976563	-0.984375
588	-0.984375	-0.992188
589	-0.968750	-0.984375
590	-1.000000	-1.000000
591	-1.000000	-1.000000
592	-1.000000	-1.000000
593	-0.960938	-0.976563
594	-0.984375	-0.992188
595	-0.984375	-0.992188
596	-1.000000	-1.000000
597	-1.000000	-1.000000
598	-1.000000	-1.000000
599	-0.968750	-0.984375
600	-0.953125	-0.968750
601	-0.984375	-0.992188
602	-0.984375	-0.992188
603	-0.984375	-0.992188
604	-0.984375	-0.992188
605	-0.953125	-0.976563
606	-0.960938	-0.976563
607	-0.984375	-0.992188
608	-0.984375	-0.992188
609	-1.000000	-1.000000
610	-0.960938	-0.976563
611	-1.000000	-1.000000
612	-0.984375	-0.992188
613	-0.937500	-0.968750
614	-1.000000	-1.000000
615	-0.984375	-0.992188
616	-1.000000	-1.000000
617	-0.984375	-0.992188
618	-1.000000	-1.000000
619	-1.000000	-1.000000
620	-1.000000	-1.000000
621	-1.000000	-1.000000
622	-0.984375	-0.992188
623	-1.000000	-1.000000
624	-0.984375	-0.992188
625	-1.000000	-1.000000
626	-0.968750	-0.984375
627	-1.000000	-1.000000
628	-1.000000	-1.000000
629	-1.000000	-1.000000
630	-0.984375	-0.992188
631	-0.984375	-0.992188
632	-0.984375	-0.992188
633	-1.000000	-1.000000
634	-0.984375	-0.992188
635	-1.000000	-1.000000
636	-1.000000	-1.000000
637	-1.000000	-1.000000
638	-1.000000	-1.000000
639	-0.984375	-0.992188
640	-0.968750	-0.984375
641	-1.000000	-1.000000
642	-0.984375	-0.992188
643	-0.968750	-0.968750
644	-0.984375	-0.992188
645	-1.000000	-1.000000
646	-1.000000	-1.000000
647	-0.984375	-0.992188
648	-1.000000	-1.000000
649	-1.000000	-1.000000
650	-1.000000	-1.000000
651	-1.000000	-1.000000
652	-0.984375	-0.992188
653	-0.945313	-0.953125
654	-0.960938	-0.976563
655	-1.000000	-1.000000
656	-0.984375	-0.992188
657	-0.968750	-0.984375
658	-1.000000	-1.000000
659	-0.984375	-0.992188
660	-0.968750	-0.984375
661	-0.945313	-0.968750
662	-1.000000	-1.000000
663	-1.000000	-1.000000
664	-1.000000	-1.000000
665	-0.976563	-0.984375
666	-0.984375	-0.992188
667	-0.984375	-0.992188
668	-1.000000	-1.000000
669	-1.000000	-1.000000
670	-0.984375	-0.992188
671	-0.984375	-0.992188
672	-0.960938	-0.976563
673	-0.984375	-0.992188
674	-0.968750	-0.984375
675	-1.000000	-1.000000
676	-1.000000	-1.000000
677	-0.976563	-0.984375
678	-0.984375	-0.992188
679	-1.000000	-1.000000
680	-0.984375	-0.992188
681	-1.000000	-1.000000
682	-0.968750	-0.984375
683	-0.984375	-0.992188
684	-0.968750	-0.984375
685	-0.976563	-0.984375
686	-1.000000	-1.000000
687	-0.960938	-0.976563
688	-0.937500	-0.968750
689	-0.984375	-0.992188
690	-1.000000	-1.000000
691	-0.968750	-0.984375
692	-0.984375	-0.992188
693	-0.984375	-0.992188
694	-0.968750	-0.984375
695	-1.000000	-1.000000
696	-0.953125	-0.976563
697	-1.000000	-1.000000
698	-0.984375	-0.992188
699	-0.984375	-0.992188
700	-0.984375	-0.992188
701	-0.984375	-0.992188
702	-0.984375	-0.992188
703	-1.000000	-1.000000
704	-1.000000	-1.000000
705	-0.984375	-0.992188
706	-0.984375	-0.992188
707	-1.000000	-1.000000
708	-0.984375	-0.992188
709	-1.000000	-1.000000
710	-0.968750	-0.984375
711	-0.984375	-0.992188
712	-0.984375	-0.992188
713	-1.000000	-1.000000
714	-0.984375	-0.992188
715	-0.984375	-0.992188
716	-0.984375	-0.992188
717	-1.000000	-1.000000
718	-0.984375	-0.992188
719	-0.984375	-0.992188
720	-1.000000	-1.000000
721	-1.000000	-1.000000
722	-1.000000	-1.000000
723	-1.000000	-1.000000
724	-0.984375	-0.992188
725	-1.000000	-1.000000
726	-1.000000	-1.000000
727	-0.984375	-0.992188
728	-1.000000	-1.000000
729	-1.000000	-1.000000
730	-1.000000	-1.000000
731	-0.953125	-0.968750
732	-1.000000	-1.000000
733	-0.984375	-0.992188
734	-1.000000	-1.000000
735	-1.000000	-1.000000
736	-0.968750	-0.976563
737	-1.000000	-1.000000
738	-0.984375	-0.992188
739	-0.984375	-0.992188
740	-0.960938	-0.976563
741	-0.984375	-0.992188
742	-0.984375	-0.992188
743	-1.000000	-1.000000
744	-0.953125	-0.976563
745	-1.000000	-1.000000
746	-1.000000	-1.000000
747	-1.000000	-1.000000
748	-0.984375	-0.992188
749	-0.984375	-0.992188
750	-0.937500	-0.968750
751	-0.984375	-0.992188
752	-0.960938	-0.976563
753	-0.976563	-0.984375
754	-1.000000	-1.000000
755	-0.984375	-0.992188
756	-0.984375	-0.992188
757	-1.000000	-1.000000
758	-0.984375	-0.992188
759	-1.000000	-1.000000
760	-0.984375	-0.992188
761	-0.984375	-0.992188
762	-1.000000	-1.000000
763	-0.984375	-0.992188
764	-1.000000	-1.000000
765	-1.000000	-1.000000
766	-0.984375	-0.992188
767	-1.000000	-1.000000
768	-0.976563	-0.984375
769	-0.953125	-0.976563
770	-0.968750	-0.984375
771	-0.984375	-0.992188
772	-1.000000	-1.000000
773	-0.984375	-0.992188
774	-0.984375	-0.992188
775	-1.000000	-1.000000
776	-0.984375	-0.992188
777	-1.000000	-1.000000
778	-1.000000	-1.000000
779	-0.953125	-0.976563
780	-1.000000	-1.000000
781	-0.960938	-0.976563
782	-1.000000	-1.000000
783	-0.968750	-0.984375
784	-1.000000	-1.000000
785	-1.000000	-1.000000
786	-0.984375	-0.992188
787	-1.000000	-1.000000
788	-1.000000	-1.000000
789	-0.960938	-0.976563
790	-0.984375	-0.992188
791	-0.984375	-0.992188
792	-1.000000	-1.000000
793	-0.968750	-0.984375
794	-1.000000	-1.000000
795	-1.000000	-1.000000
796	-0.960938	-0.976563
797	-0.984375	-0.992188
798	-1.000000	-1.000000
799	-0.968750	-0.984375
800	-1.000000	-1.000000
801	-0.984375	-0.992188
802	-1.000000	-1.000000
803	-1.000000	-1.000000
804	-1.000000	-1.000000
805	-0.984375	-0.992188
806	-0.984375	-0.992188
807	-1.000000	-1.000000
808	-0.968750	-0.984375
809	-0.984375	-0.992188
810	-1.000000	-1.000000
811	-1.000000	-1.000000
812	-0.984375	-0.992188
813	-0.968750	-0.984375
814	-1.000000	-1.000000
815	-0.960938	-0.976563
816	-1.000000	-1.000000
817	-1.000000	-1.000000
818	-0.984375	-0.992188
819	-1.000000	-1.000000
820	-1.000000	-1.000000
821	-0.945313	-0.968750
822	-0.976563	-0.984375
823	-1.000000	-1.000000
824	-0.984375	-0.992188
825	-0.984375	-0.992188
826	-0.984375	-0.992188
827	-0.984375	-0.992188
828	-1.000000	-1.000000
829	-1.000000	-1.000000
830	-0.968750	-0.984375
831	-0.984375	-0.992188
832	-0.984375	-0.992188
833	-0.984375	-0.992188
834	-0.968750	-0.984375
835	-0.984375	-0.992188
836	-0.984375	-0.992188
837	-0.984375	-0.992188
838	-0.968750	-0.984375
839	-1.000000	-1.000000
840	-0.968750	-0.984375
841	-1.000000	-1.000000
842	-0.960938	-0.976563
843	-0.984375	-0.992188
844	-0.968750	-0.984375
845	-0.984375	-0.992188
846	-1.000000	-1.000000
847	-1.000000	-1.000000
848	-0.984375	-0.992188
849	-0.929688	-0.960938
850	-1.000000	-1.000000
851	-0.984375	-0.992188
852	-0.968750	-0.984375
853	-0.968750	-0.984375
854	-0.968750	-0.984375
855	-0.984375	-0.992188
856	-1.000000	-1.000000
857	-1.000000	-1.000000
858	-1.000000	-1.000000
859	-1.000000	-1.000000
860	-1.000000	-1.000000
861	-0.984375	-0.992188
862	-1.000000	-1.000000
863	-1.000000	-1.000000
864	-0.937500	-0.968750
865	-0.968750	-0.984375
866	-0.984375	-0.992188
867	-1.000000	-1.000000
868	-0.960938	-0.976563
869	-0.984375	-0.992188
870	-1.000000	-1.000000
871	-0.953125	-0.968750
872	-1.000000	-1.000000
873	-0.984375	-0.992188
874	-0.953125	-0.976563
875	-1.000000	-1.000000
876	-1.000000	-1.000000
877	-0.984375	-0.992188
878	-0.984375	-0.992188
879	-0.984375	-0.992188
880	-1.000000	-1.000000
881	-0.976563	-0.984375
882	-0.984375	-0.992188
883	-1.000000	-1.000000
884	-0.984375	-0.992188
885	-0.984375	-0.992188
886	-1.000000	-1.000000
887	-0.953125	-0.976563
888	-0.984375	-0.992188
889	-1.000000	-1.000000
890	-0.968750	-0.984375
891	-1.000000	-1.000000
892	-0.984375	-0.992188
893	-0.984375	-0.992188
894	-1.000000	-1.000000
895	-0.984375	-0.992188
896	-1.000000	-1.000000
897	-0.968750	-0.984375
898	-1.000000	-1.000000
899	-0.968750	-0.984375
900	-0.968750	-0.984375
901	-1.000000	-1.000000
902	-0.968750	-0.984375
903	-1.000000	-1.000000
904	-1.000000	-1.000000
905	-0.984375	-0.992188
906	-0.984375	-0.992188
907	-0.968750	-0.984375
908	-0.976563	-0.984375
909	-1.000000	-1.000000
910	-0.984375	-0.992188
911	-0.968750	-0.984375
912	-1.000000	-1.000000
913	-0.968750	-0.984375
914	-0.984375	-0.992188
915	-1.000000	-1.000000
916	-1.000000	-1.000000
917	-1.000000	-1.000000
918	-0.984375	-0.992188
919	-0.968750	-0.984375
920	-1.000000	-1.000000
921	-1.000000	-1.000000
922	-1.000000	-1.000000
923	-1.000000	-1.000000
924	-0.984375	-0.992188
925	-0.968750	-0.984375
926	-0.984375	-0.992188
927	-1.000000	-1.000000
928	-0.984375	-0.992188
929	-1.000000	-1.000000
930	-1.000000	-1.000000
931	-1.000000	-1.000000
932	-1.000000	-1.000000
933	-0.968750	-0.984375
934	-0.976563	-0.984375
935	-1.000000	-1.000000
936	-1.000000	-1.000000
937	-1.000000	-1.000000
938	-1.000000	-1.000000
939	-1.000000	-1.000000
940	-0.984375	-0.992188
941	-1.000000	-1.000000
942	-1.000000	-1.000000
943	-0.984375	-0.992188
944	-1.000000	-1.000000
945	-1.000000	-1.000000
946	-0.984375	-0.992188
947	-0.976563	-0.984375
948	-1.000000	-1.000000
949	-0.976563	-0.984375
950	-1.000000	-1.000000
951	-1.000000	-1.000000
952	-0.953125	-0.976563
953	-1.000000	-1.000000
954	-0.968750	-0.984375
955	-0.968750	-0.984375
956	-1.000000	-1.000000
957	-1.000000	-1.000000
958	-0.984375	-0.992188
959	-0.984375	-0.992188
960	-0.984375	-0.992188
961	-1.000000	-1.000000
962	-0.921875	-0.960938
963	-0.968750	-0.984375
964	-1.000000	-1.000000
965	-0.953125	-0.976563
966	-1.000000	-1.000000
967	-0.984375	-0.992188
968	-0.976563	-0.984375
969	-0.984375	-0.992188
970	-1.000000	-1.000000
971	-0.960938	-0.976563
972	-0.968750	-0.984375
973	-0.984375	-0.992188
974	-1.000000	-1.000000
975	-1.000000	-1.000000
976	-1.000000	-1.000000
977	-0.984375	-0.992188
978	-1.000000	-1.000000
979	-0.984375	-0.992188
980	-0.984375	-0.992188
981	-0.984375	-0.992188
982	-0.953125	-0.976563
983	-0.968750	-0.984375
984	-0.984375	-0.992188
985	-1.000000	-1.000000
986	-0.976563	-0.984375
987	-1.000000	-1.000000
988	-1.000000	-1.000000
989	-0.968750	-0.984375
990	-0.960938	-0.976563
991	-0.953125	-0.968750
992	-0.984375	-0.992188
993	-1.000000	-1.000000
994	-1.000000	-1.000000
995	-1.000000	-1.000000
996	-0.984375	-0.992188
997	-0.968750	-0.984375
998	-0.968750	-0.984375
999	-1.000000	-1.000000
