0	-0.890625	0.945313
1	-0.710938	0.710938
2	-0.945313	0.968750
3	-0.687500	0.718750
4	-0.734375	0.710938
5	-0.687500	0.718750
6	-0.851563	0.914063
7	-0.828125	0.898438
8	-0.625000	0.398438
9	-0.625000	0.421875
10	-0.546875	0.414063
11	-0.632813	0.429688
12	-0.734375	0.718750
13	-0.812500	0.757813
14	-0.851563	0.867188
15	-0.601563	0.492188
16	-0.687500	0.726563
17	-0.843750	0.906250
18	-0.835938	0.875000
19	-0.773438	0.835938
20	-0.726563	0.765625
21	-0.820313	0.835938
22	-0.804688	0.875000
23	-0.835938	0.914063
24	-0.820313	0.890625
25	-0.828125	0.773438
26	-0.789063	0.843750
27	-0.820313	0.859375
28	-0.773438	0.773438
29	-0.859375	0.906250
30	-0.804688	0.867188
31	-0.765625	0.820313
32	-0.867188	0.929688
33	-0.828125	0.867188
34	-0.835938	0.890625
35	-0.664063	0.710938
36	-0.828125	0.859375
37	-0.851563	0.914063
38	-0.648438	0.515625
39	-0.625000	0.312500
40	-0.750000	0.781250
41	-0.859375	0.914063
42	-0.750000	0.812500
43	-0.929688	0.960938
44	-0.796875	0.804688
45	-0.695313	0.726563
46	-0.734375	0.804688
47	-0.835938	0.906250
48	-0.773438	0.828125
49	-0.773438	0.859375
50	-0.679688	0.773438
51	-0.640625	0.609375
52	-0.796875	0.851563
53	-0.820313	0.898438
54	-0.789063	0.828125
55	-0.781250	0.789063
56	-0.750000	0.796875
57	-0.750000	0.789063
58	-0.812500	0.882813
59	-0.593750	0.617188
60	-0.820313	0.898438
61	-0.851563	0.882813
62	-0.750000	0.765625
63	-0.804688	0.820313
64	-0.851563	0.906250
65	-0.859375	0.914063
66	-0.757813	0.835938
67	-0.867188	0.906250
68	-0.765625	0.851563
69	-0.835938	0.906250
70	-0.773438	0.773438
71	-0.757813	0.828125
72	-0.734375	0.820313
73	-0.882813	0.921875
74	-0.867188	0.890625
75	-0.781250	0.820313
76	-0.828125	0.890625
77	-0.765625	0.804688
78	-0.742188	0.718750
79	-0.835938	0.867188
80	-0.718750	0.703125
81	-0.726563	0.742188
82	-0.882813	0.937500
83	-0.773438	0.875000
84	-0.765625	0.835938
85	-0.656250	0.718750
86	-0.671875	0.484375
87	-0.742188	0.742188
88	-0.890625	0.937500
89	-0.742188	0.828125
90	-0.867188	0.921875
91	-0.875000	0.929688
92	-0.851563	0.882813
93	-0.828125	0.828125
94	-0.765625	0.820313
95	-0.828125	0.867188
96	-0.796875	0.882813
97	-0.718750	0.742188
98	-0.812500	0.851563
99	-0.843750	0.875000
100	-0.851563	0.898438
101	-0.812500	0.851563
102	-0.757813	0.789063
103	-0.640625	0.734375
104	-0.804688	0.843750
105	-0.812500	0.851563
106	-0.812500	0.898438
107	-0.898438	0.921875
108	-0.742188	0.828125
109	-0.781250	0.851563
110	-0.703125	0.734375
111	-0.601563	0.359375
112	-0.601563	0.218750
113	-0.703125	0.679688
114	-0.851563	0.882813
115	-0.742188	0.726563
116	-0.828125	0.765625
117	-0.851563	0.906250
118	-0.828125	0.867188
119	-0.789063	0.882813
120	-0.859375	0.906250
121	-0.843750	0.914063
122	-0.750000	0.835938
123	-0.812500	0.859375
124	-0.773438	0.812500
125	-0.859375	0.898438
126	-0.796875	0.859375
127	-0.843750	0.890625
128	-0.851563	0.898438
129	-0.906250	0.945313
130	-0.828125	0.875000
131	-0.812500	0.820313
132	-0.765625	0.867188
133	-0.835938	0.890625
134	-0.773438	0.804688
135	-0.718750	0.773438
136	-0.890625	0.914063
137	-0.773438	0.820313
138	-0.773438	0.851563
139	-0.804688	0.851563
140	-0.773438	0.867188
141	-0.843750	0.835938
142	-0.867188	0.921875
143	-0.867188	0.929688
144	-0.765625	0.789063
145	-0.703125	0.476563
146	-0.750000	0.695313
147	-0.828125	0.875000
148	-0.812500	0.882813
149	-0.820313	0.882813
150	-0.835938	0.867188
151	-0.742188	0.828125
152	-0.828125	0.882813
153	-0.734375	0.695313
154	-0.781250	0.796875
155	-0.734375	0.812500
156	-0.640625	0.664063
157	-0.687500	0.640625
158	-0.757813	0.812500
159	-0.765625	0.843750
160	-0.796875	0.851563
161	-0.804688	0.828125
162	-0.625000	0.734375
163	-0.820313	0.851563
164	-0.812500	0.890625
165	-0.835938	0.796875
166	-0.750000	0.695313
167	-0.757813	0.679688
168	-0.757813	0.757813
169	-0.851563	0.914063
170	-0.898438	0.937500
171	-0.664063	0.617188
172	-0.726563	0.687500
173	-0.679688	0.687500
174	-0.734375	0.789063
175	-0.718750	0.804688
176	-0.890625	0.929688
177	-0.828125	0.867188
178	-0.757813	0.734375
179	-0.820313	0.890625
180	-0.851563	0.882813
181	-0.648438	0.734375
182	-0.835938	0.882813
183	-0.820313	0.898438
184	-0.781250	0.828125
185	-0.781250	0.789063
186	-0.843750	0.875000
187	-0.796875	0.859375
188	-0.734375	0.710938
189	-0.625000	0.601563
190	-0.742188	0.734375
191	-0.835938	0.898438
192	-0.882813	0.898438
193	-0.789063	0.867188
194	-0.773438	0.820313
195	-0.843750	0.914063
196	-0.812500	0.867188
197	-0.828125	0.851563
198	-0.789063	0.843750
199	-0.718750	0.796875
200	-0.781250	0.843750
201	-0.765625	0.812500
202	-0.687500	0.742188
203	-0.781250	0.718750
204	-0.789063	0.820313
205	-0.718750	0.625000
206	-0.843750	0.867188
207	-0.867188	0.921875
208	-0.796875	0.843750
209	-0.812500	0.882813
210	-0.804688	0.796875
211	-0.820313	0.882813
212	-0.687500	0.632813
213	-0.710938	0.750000
214	-0.773438	0.843750
215	-0.773438	0.765625
216	-0.843750	0.882813
217	-0.820313	0.859375
218	-0.851563	0.875000
219	-0.773438	0.820313
220	-0.851563	0.914063
221	-0.765625	0.820313
222	-0.796875	0.875000
223	-0.796875	0.859375
224	-0.765625	0.867188
225	-0.742188	0.812500
226	-0.804688	0.890625
227	-0.765625	0.789063
228	-0.828125	0.882813
229	-0.718750	0.765625
230	-0.820313	0.859375
231	-0.820313	0.867188
232	-0.726563	0.593750
233	-0.820313	0.867188
234	-0.851563	0.906250
235	-0.718750	0.671875
236	-0.765625	0.679688
237	-0.679688	0.421875
238	-0.679688	0.515625
239	-0.828125	0.875000
240	-0.812500	0.859375
241	-0.757813	0.781250
242	-0.812500	0.882813
243	-0.835938	0.898438
244	-0.921875	0.937500
245	-0.757813	0.773438
246	-0.765625	0.750000
247	-0.773438	0.789063
248	-0.750000	0.835938
249	-0.835938	0.906250
250	-0.890625	0.937500
251	-0.820313	0.882813
252	-0.859375	0.921875
253	-0.804688	0.859375
254	-0.601563	0.648438
255	-0.875000	0.929688
256	-0.812500	0.898438
257	-0.875000	0.929688
258	-0.835938	0.898438
259	-0.781250	0.757813
260	-0.656250	0.609375
261	-0.718750	0.671875
262	-0.828125	0.828125
263	-0.773438	0.867188
264	-0.835938	0.906250
265	-0.890625	0.945313
266	-0.875000	0.929688
267	-0.820313	0.875000
268	-0.757813	0.812500
269	-0.773438	0.843750
270	-0.828125	0.898438
271	-0.843750	0.875000
272	-0.820313	0.882813
273	-0.851563	0.890625
274	-0.906250	0.945313
275	-0.875000	0.929688
276	-0.828125	0.859375
277	-0.906250	0.945313
278	-0.843750	0.898438
279	-0.718750	0.828125
280	-0.796875	0.835938
281	-0.742188	0.812500
282	-0.820313	0.898438
283	-0.859375	0.914063
284	-0.859375	0.929688
285	-0.726563	0.835938
286	-0.656250	0.679688
287	-0.851563	0.906250
288	-0.781250	0.851563
289	-0.875000	0.914063
290	-0.828125	0.882813
291	-0.882813	0.937500
292	-0.835938	0.835938
293	-0.882813	0.929688
294	-0.843750	0.906250
295	-0.820313	0.882813
296	-0.890625	0.921875
297	-0.726563	0.484375
298	-0.828125	0.648438
299	-0.601563	0.656250
300	-0.742188	0.804688
301	-0.710938	0.804688
302	-0.710938	0.750000
303	-0.781250	0.781250
304	-0.734375	0.804688
305	-0.835938	0.898438
306	-0.726563	0.718750
307	-0.757813	0.750000
308	-0.851563	0.867188
309	-0.820313	0.859375
310	-0.781250	0.851563
311	-0.781250	0.828125
312	-0.781250	0.859375
313	-0.828125	0.882813
314	-0.835938	0.906250
315	-0.804688	0.812500
316	-0.843750	0.867188
317	-0.789063	0.812500
318	-0.789063	0.867188
319	-0.796875	0.859375
320	-0.828125	0.890625
321	-0.828125	0.875000
322	-0.804688	0.882813
323	-0.851563	0.882813
324	-0.750000	0.812500
325	-0.890625	0.937500
326	-0.796875	0.867188
327	-0.710938	0.812500
328	-0.625000	0.523438
329	-0.640625	0.453125
330	-0.773438	0.820313
331	-0.843750	0.906250
332	-0.945313	0.968750
333	-0.734375	0.773438
334	-0.789063	0.851563
335	-0.882813	0.921875
336	-0.750000	0.781250
337	-0.804688	0.820313
338	-0.859375	0.921875
339	-0.726563	0.710938
340	-0.875000	0.929688
341	-0.703125	0.789063
342	-0.687500	0.695313
343	-0.859375	0.921875
344	-0.773438	0.812500
345	-0.695313	0.804688
346	-0.750000	0.742188
347	-0.898438	0.937500
348	-0.937500	0.968750
349	-0.828125	0.898438
350	-0.882813	0.929688
351	-0.828125	0.859375
352	-0.921875	0.960938
353	-0.742188	0.781250
354	-0.804688	0.773438
355	-0.867188	0.914063
356	-0.687500	0.703125
357	-0.750000	0.781250
358	-0.710938	0.500000
359	-0.593750	0.218750
360	-0.695313	0.609375
361	-0.687500	0.718750
362	-0.796875	0.890625
363	-0.789063	0.851563
364	-0.937500	0.968750
365	-0.851563	0.898438
366	-0.765625	0.835938
367	-0.734375	0.765625
368	-0.812500	0.835938
369	-0.750000	0.835938
370	-0.718750	0.812500
371	-0.750000	0.843750
372	-0.828125	0.898438
373	-0.781250	0.781250
374	-0.617188	0.695313
375	-0.726563	0.765625
376	-0.851563	0.914063
377	-0.710938	0.578125
378	-0.773438	0.812500
379	-0.890625	0.929688
380	-0.710938	0.742188
381	-0.765625	0.859375
382	-0.906250	0.937500
383	-0.796875	0.859375
384	-0.812500	0.875000
385	-0.890625	0.929688
386	-0.906250	0.945313
387	-0.796875	0.882813
388	-0.796875	0.828125
389	-0.921875	0.960938
390	-0.765625	0.843750
391	-0.828125	0.906250
392	-0.789063	0.867188
393	-0.718750	0.726563
394	-0.781250	0.851563
395	-0.960938	0.976563
396	-0.812500	0.867188
397	-0.750000	0.796875
398	-0.859375	0.914063
399	-0.742188	0.820313
400	-0.843750	0.906250
401	-0.687500	0.570313
402	-0.671875	0.453125
403	-0.726563	0.789063
404	-0.804688	0.804688
405	-0.820313	0.890625
406	-0.812500	0.796875
407	-0.843750	0.890625
408	-0.859375	0.914063
409	-0.781250	0.843750
410	-0.750000	0.804688
411	-0.820313	0.882813
412	-0.789063	0.835938
413	-0.796875	0.867188
414	-0.679688	0.640625
415	-0.679688	0.695313
416	-0.835938	0.914063
417	-0.867188	0.906250
418	-0.835938	0.898438
419	-0.765625	0.804688
420	-0.828125	0.906250
421	-0.835938	0.867188
422	-0.914063	0.921875
423	-0.796875	0.890625
424	-0.804688	0.867188
425	-0.851563	0.890625
426	-0.765625	0.812500
427	-0.843750	0.914063
428	-0.796875	0.851563
429	-0.828125	0.898438
430	-0.710938	0.718750
431	-0.835938	0.906250
432	-0.765625	0.765625
433	-0.875000	0.898438
434	-0.843750	0.890625
435	-0.781250	0.828125
436	-0.796875	0.835938
437	-0.718750	0.757813
438	-0.890625	0.929688
439	-0.875000	0.914063
440	-0.859375	0.906250
441	-0.796875	0.804688
442	-0.570313	0.484375
443	-0.664063	0.500000
444	-0.656250	0.531250
445	-0.671875	0.476563
446	-0.812500	0.859375
447	-0.789063	0.882813
448	-0.726563	0.804688
449	-0.835938	0.890625
450	-0.742188	0.765625
451	-0.734375	0.796875
452	-0.812500	0.851563
453	-0.921875	0.945313
454	-0.820313	0.851563
455	-0.890625	0.945313
456	-0.765625	0.843750
457	-0.593750	0.703125
458	-0.890625	0.937500
459	-0.812500	0.867188
460	-0.851563	0.914063
461	-0.898438	0.929688
462	-0.906250	0.945313
463	-0.726563	0.781250
464	-0.625000	0.687500
465	-0.601563	0.617188
466	-0.820313	0.828125
467	-0.718750	0.804688
468	-0.789063	0.843750
469	-0.726563	0.765625
470	-0.781250	0.843750
471	-0.703125	0.742188
472	-0.679688	0.679688
473	-0.843750	0.921875
474	-0.617188	0.710938
475	-0.671875	0.585938
476	-0.843750	0.882813
477	-0.820313	0.875000
478	-0.835938	0.882813
479	-0.750000	0.828125
480	-0.875000	0.914063
481	-0.835938	0.890625
482	-0.765625	0.812500
483	-0.593750	0.414063
484	-0.625000	0.437500
485	-0.710938	0.773438
486	-0.789063	0.828125
487	-0.835938	0.898438
488	-0.859375	0.906250
489	-0.796875	0.835938
490	-0.945313	0.968750
491	-0.773438	0.851563
492	-0.835938	0.906250
493	-0.859375	0.882813
494	-0.656250	0.664063
495	-0.820313	0.859375
496	-0.875000	0.929688
497	-0.656250	0.718750
498	-0.632813	0.515625
499	-0.710938	0.539063
500	-0.632813	0.367188
501	-0.671875	0.507813
502	-0.710938	0.484375
503	-0.820313	0.859375
504	-0.812500	0.890625
505	-0.953125	0.976563
506	-0.812500	0.898438
507	-0.757813	0.812500
508	-0.796875	0.835938
509	-0.882813	0.921875
510	-0.843750	0.882813
511	-0.796875	0.851563
512	-0.859375	0.929688
513	-0.742188	0.546875
514	-0.703125	0.703125
515	-0.773438	0.750000
516	-0.726563	0.796875
517	-0.796875	0.867188
518	-0.687500	0.726563
519	-0.726563	0.812500
520	-0.750000	0.789063
521	-0.796875	0.835938
522	-0.695313	0.632813
523	-0.695313	0.734375
524	-0.937500	0.968750
525	-0.835938	0.890625
526	-0.835938	0.882813
527	-0.851563	0.914063
528	-0.828125	0.890625
529	-0.859375	0.914063
530	-0.757813	0.828125
531	-0.789063	0.867188
532	-0.867188	0.929688
533	-0.828125	0.890625
534	-0.828125	0.898438
535	-0.773438	0.812500
536	-0.851563	0.875000
537	-0.796875	0.875000
538	-0.828125	0.812500
539	-0.906250	0.945313
540	-0.851563	0.898438
541	-0.843750	0.890625
542	-0.804688	0.859375
543	-0.812500	0.875000
544	-0.820313	0.867188
545	-0.625000	0.648438
546	-0.796875	0.835938
547	-0.601563	0.257813
548	-0.734375	0.625000
549	-0.867188	0.875000
550	-0.851563	0.921875
551	-0.695313	0.703125
552	-0.789063	0.851563
553	-0.835938	0.882813
554	-0.781250	0.867188
555	-0.804688	0.859375
556	-0.750000	0.773438
557	-0.804688	0.804688
558	-0.859375	0.921875
559	-0.812500	0.781250
560	-0.757813	0.820313
561	-0.671875	0.671875
562	-0.859375	0.890625
563	-0.750000	0.796875
564	-0.812500	0.882813
565	-0.875000	0.929688
566	-0.867188	0.929688
567	-0.710938	0.671875
568	-0.804688	0.851563
569	-0.851563	0.914063
570	-0.890625	0.929688
571	-0.812500	0.851563
572	-0.781250	0.781250
573	-0.875000	0.929688
574	-0.843750	0.875000
575	-0.851563	0.890625
576	-0.820313	0.828125
577	-0.781250	0.773438
578	-0.882813	0.921875
579	-0.828125	0.906250
580	-0.898438	0.945313
581	-0.843750	0.781250
582	-0.929688	0.945313
583	-0.828125	0.843750
584	-0.953125	0.976563
585	-0.804688	0.875000
586	-0.757813	0.789063
587	-0.937500	0.968750
588	-0.789063	0.843750
589	-0.695313	0.656250
590	-0.882813	0.929688
591	-0.804688	0.875000
592	-0.773438	0.835938
593	-0.882813	0.867188
594	-0.718750	0.781250
595	-0.765625	0.835938
596	-0.828125	0.898438
597	-0.773438	0.843750
598	-0.789063	0.789063
599	-0.804688	0.875000
600	-0.710938	0.648438
601	-0.804688	0.804688
602	-0.898438	0.937500
603	-0.890625	0.937500
604	-0.695313	0.679688
605	-0.601563	0.039063
606	-0.570313	-0.007813
607	-0.570313	0.187500
608	-0.601563	-0.054688
609	-0.578125	-0.171875
610	-0.742188	-0.625000
611	-0.671875	-0.562500
612	-0.773438	-0.820313
613	-0.781250	-0.796875
614	-0.945313	-0.968750
615	-0.656250	-0.726563
616	-0.835938	-0.906250
617	-0.867188	-0.929688
618	-0.750000	-0.812500
619	-0.851563	-0.898438
620	-0.890625	-0.929688
621	-0.835938	-0.828125
622	-0.804688	-0.812500
623	-0.765625	-0.828125
624	-0.906250	-0.945313
625	-0.765625	-0.851563
626	-0.804688	-0.867188
627	-0.882813	-0.921875
628	-0.781250	-0.843750
629	-0.773438	-0.828125
630	-0.757813	-0.765625
631	-0.765625	-0.835938
632	-0.726563	-0.781250
633	-0.882813	-0.929688
634	-0.843750	-0.906250
635	-0.718750	-0.500000
636	-0.632813	-0.515625
637	-0.750000	-0.734375
638	-0.875000	-0.921875
639	-0.765625	-0.820313
640	-0.882813	-0.929688
641	-0.734375	-0.781250
642	-0.921875	-0.945313
643	-0.789063	-0.804688
644	-0.890625	-0.937500
645	-0.906250	-0.945313
646	-0.867188	-0.914063
647	-0.679688	-0.679688
648	-0.820313	-0.859375
649	-0.898438	-0.929688
650	-0.867188	-0.929688
651	-0.835938	-0.898438
652	-0.757813	-0.742188
653	-0.828125	-0.890625
654	-0.906250	-0.937500
655	-0.859375	-0.906250
656	-0.750000	-0.812500
657	-0.921875	-0.960938
658	-0.867188	-0.929688
659	-0.796875	-0.867188
660	-0.820313	-0.898438
661	-0.851563	-0.914063
662	-0.835938	-0.843750
663	-0.828125	-0.859375
664	-0.773438	-0.789063
665	-0.804688	-0.718750
666	-0.765625	-0.812500
667	-0.718750	-0.640625
668	-0.742188	-0.664063
669	-0.796875	-0.843750
670	-0.820313	-0.664063
671	-0.796875	-0.859375
672	-0.742188	-0.828125
673	-0.867188	-0.921875
674	-0.750000	-0.796875
675	-0.757813	-0.859375
676	-0.851563	-0.875000
677	-0.867188	-0.921875
678	-0.882813	-0.937500
679	-0.796875	-0.859375
680	-0.828125	-0.859375
681	-0.937500	-0.968750
682	-0.820313	-0.859375
683	-0.859375	-0.914063
684	-0.742188	-0.796875
685	-0.796875	-0.859375
686	-0.695313	-0.710938
687	-0.734375	-0.773438
688	-0.734375	-0.695313
689	-0.742188	-0.359375
690	-0.679688	-0.671875
691	-0.796875	-0.882813
692	-0.750000	-0.765625
693	-0.742188	-0.679688
694	-0.851563	-0.906250
695	-0.757813	-0.812500
696	-0.632813	-0.718750
697	-0.640625	-0.734375
698	-0.750000	-0.820313
699	-0.765625	-0.851563
700	-0.781250	-0.851563
701	-0.843750	-0.906250
702	-0.773438	-0.835938
703	-0.882813	-0.937500
704	-0.835938	-0.906250
705	-0.843750	-0.890625
706	-0.898438	-0.945313
707	-0.882813	-0.914063
708	-0.867188	-0.921875
709	-0.859375	-0.906250
710	-0.773438	-0.835938
711	-0.742188	-0.773438
712	-0.789063	-0.835938
713	-0.898438	-0.929688
714	-0.906250	-0.945313
715	-0.828125	-0.906250
716	-0.789063	-0.812500
717	-0.843750	-0.914063
718	-0.843750	-0.906250
719	-0.812500	-0.828125
720	-0.867188	-0.859375
721	-0.843750	-0.890625
722	-0.679688	-0.726563
723	-0.796875	-0.843750
724	-0.828125	-0.890625
725	-0.859375	-0.914063
726	-0.898438	-0.945313
727	-0.765625	-0.859375
728	-0.789063	-0.867188
729	-0.757813	-0.820313
730	-0.820313	-0.898438
731	-0.804688	-0.851563
732	-0.812500	-0.875000
733	-0.656250	-0.531250
734	-0.585938	-0.343750
735	-0.679688	0.234375
736	-0.640625	-0.132813
737	-0.625000	-0.125000
738	-0.554688	-0.406250
739	-0.671875	-0.585938
740	-0.914063	-0.953125
741	-0.859375	-0.906250
742	-0.812500	-0.812500
743	-0.796875	-0.843750
744	-0.726563	-0.750000
745	-0.789063	-0.851563
746	-0.804688	-0.882813
747	-0.859375	-0.914063
748	-0.843750	-0.890625
749	-0.781250	-0.859375
750	-0.820313	-0.867188
751	-0.796875	-0.835938
752	-0.851563	-0.898438
753	-0.843750	-0.906250
754	-0.843750	-0.914063
755	-0.898438	-0.921875
756	-0.773438	-0.757813
757	-0.851563	-0.882813
758	-0.781250	-0.867188
759	-0.765625	-0.835938
760	-0.750000	-0.812500
761	-0.851563	-0.914063
762	-0.679688	-0.726563
763	-0.796875	-0.867188
764	-0.812500	-0.828125
765	-0.742188	-0.734375
766	-0.820313	-0.710938
767	-0.906250	-0.945313
768	-0.882813	-0.929688
769	-0.851563	-0.921875
770	-0.859375	-0.914063
771	-0.804688	-0.867188
772	-0.679688	-0.625000
773	-0.820313	-0.898438
774	-0.710938	-0.671875
775	-0.679688	-0.718750
776	-0.734375	-0.796875
777	-0.765625	-0.875000
778	-0.734375	-0.789063
779	-0.734375	-0.804688
780	-0.796875	-0.859375
781	-0.851563	-0.921875
782	-0.882813	-0.929688
783	-0.765625	-0.750000
784	-0.890625	-0.937500
785	-0.820313	-0.851563
786	-0.789063	-0.843750
787	-0.757813	-0.796875
788	-0.828125	-0.867188
789	-0.796875	-0.867188
790	-0.718750	-0.757813
791	-0.765625	-0.757813
792	-0.734375	-0.773438
793	-0.742188	-0.523438
794	-0.796875	-0.851563
795	-0.750000	-0.812500
796	-0.835938	-0.906250
797	-0.804688	-0.882813
798	-0.867188	-0.921875
799	-0.765625	-0.828125
800	-0.781250	-0.843750
801	-0.796875	-0.835938
802	-0.804688	-0.882813
803	-0.765625	-0.828125
804	-0.710938	-0.789063
805	-0.734375	-0.757813
806	-0.859375	-0.898438
807	-0.781250	-0.835938
808	-0.835938	-0.882813
809	-0.859375	-0.875000
810	-0.835938	-0.898438
811	-0.843750	-0.867188
812	-0.835938	-0.898438
813	-0.835938	-0.875000
814	-0.742188	-0.757813
815	-0.929688	-0.960938
816	-0.851563	-0.890625
817	-0.859375	-0.898438
818	-0.882813	-0.929688
819	-0.796875	-0.851563
820	-0.835938	-0.906250
821	-0.796875	-0.859375
822	-0.664063	-0.781250
823	-0.843750	-0.859375
824	-0.781250	-0.859375
825	-0.765625	-0.835938
826	-0.718750	-0.765625
827	-0.648438	-0.632813
828	-0.773438	-0.835938
829	-0.851563	-0.914063
830	-0.820313	-0.867188
831	-0.835938	-0.875000
832	-0.835938	-0.906250
833	-0.835938	-0.898438
834	-0.781250	-0.851563
835	-0.804688	-0.789063
836	-0.703125	-0.750000
837	-0.765625	-0.820313
838	-0.843750	-0.914063
839	-0.726563	-0.687500
840	-0.843750	-0.906250
841	-0.796875	-0.882813
842	-0.742188	-0.750000
843	-0.890625	-0.937500
844	-0.773438	-0.859375
845	-0.726563	-0.828125
846	-0.703125	-0.617188
847	-0.695313	-0.609375
848	-0.859375	-0.906250
849	-0.804688	-0.843750
850	-0.890625	-0.937500
851	-0.882813	-0.875000
852	-0.734375	-0.820313
853	-0.882813	-0.921875
854	-0.875000	-0.929688
855	-0.867188	-0.921875
856	-0.921875	-0.906250
857	-0.742188	-0.820313
858	-0.757813	-0.796875
859	-0.671875	-0.578125
860	-0.804688	-0.835938
861	-0.820313	-0.851563
862	-0.687500	-0.687500
863	-0.726563	-0.742188
864	-0.718750	-0.742188
865	-0.828125	-0.820313
866	-0.828125	-0.859375
867	-0.859375	-0.906250
868	-0.820313	-0.835938
869	-0.812500	-0.828125
870	-0.812500	-0.851563
871	-0.921875	-0.953125
872	-0.789063	-0.812500
873	-0.718750	-0.789063
874	-0.835938	-0.882813
875	-0.843750	-0.906250
876	-0.859375	-0.921875
877	-0.742188	-0.812500
878	-0.820313	-0.890625
879	-0.765625	-0.820313
880	-0.843750	-0.867188
881	-0.953125	-0.976563
882	-0.742188	-0.757813
883	-0.796875	-0.875000
884	-0.742188	-0.820313
885	-0.796875	-0.851563
886	-0.812500	-0.835938
887	-0.890625	-0.937500
888	-0.875000	-0.898438
889	-0.843750	-0.898438
890	-0.781250	-0.789063
891	-0.718750	-0.828125
892	-0.828125	-0.906250
893	-0.812500	-0.875000
894	-0.757813	-0.835938
895	-0.796875	-0.835938
896	-0.812500	-0.859375
897	-0.734375	-0.820313
898	-0.929688	-0.960938
899	-0.757813	-0.843750
900	-0.960938	-0.976563
901	-0.820313	-0.859375
902	-0.648438	-0.546875
903	-0.820313	-0.859375
904	-0.781250	-0.859375
905	-0.765625	-0.804688
906	-0.820313	-0.875000
907	-0.859375	-0.929688
908	-0.835938	-0.882813
909	-0.656250	-0.750000
910	-0.898438	-0.937500
911	-0.843750	-0.906250
912	-0.757813	-0.835938
913	-0.710938	-0.601563
914	-0.820313	-0.773438
915	-0.750000	-0.804688
916	-0.789063	-0.742188
917	-0.648438	-0.359375
918	-0.625000	-0.140625
919	-0.632813	-0.632813
920	-0.765625	-0.828125
921	-0.843750	-0.875000
922	-0.859375	-0.921875
923	-0.804688	-0.843750
924	-0.750000	-0.820313
925	-0.859375	-0.890625
926	-0.718750	-0.718750
927	-0.882813	-0.921875
928	-0.843750	-0.875000
929	-0.742188	-0.710938
930	-0.851563	-0.898438
931	-0.773438	-0.835938
932	-0.789063	-0.820313
933	-0.765625	-0.742188
934	-0.789063	-0.835938
935	-0.851563	-0.906250
936	-0.851563	-0.890625
937	-0.875000	-0.929688
938	-0.875000	-0.921875
939	-0.765625	-0.828125
940	-0.625000	-0.601563
941	-0.765625	-0.773438
942	-0.742188	-0.820313
943	-0.765625	-0.820313
944	-0.734375	-0.796875
945	-0.914063	-0.953125
946	-0.632813	-0.632813
947	-0.773438	-0.820313
948	-0.789063	-0.796875
949	-0.687500	-0.640625
950	-0.664063	-0.640625
951	-0.812500	-0.890625
952	-0.734375	-0.718750
953	-0.875000	-0.914063
954	-0.820313	-0.882813
955	-0.789063	-0.812500
956	-0.914063	-0.945313
957	-0.820313	-0.890625
958	-0.789063	-0.851563
959	-0.664063	-0.742188
960	-0.843750	-0.898438
961	-0.820313	-0.890625
962	-0.750000	-0.726563
963	-0.640625	-0.406250
964	-0.734375	-0.726563
965	-0.710938	-0.765625
966	-0.765625	-0.820313
967	-0.875000	-0.890625
968	-0.812500	-0.890625
969	-0.734375	-0.804688
970	-0.789063	-0.859375
971	-0.796875	-0.867188
972	-0.898438	-0.929688
973	-0.828125	-0.882813
974	-0.859375	-0.914063
975	-0.890625	-0.945313
976	-0.843750	-0.898438
977	-0.742188	-0.765625
978	-0.718750	-0.812500
979	-0.875000	-0.921875
980	-0.781250	-0.828125
981	-0.765625	-0.812500
982	-0.710938	-0.671875
983	-0.703125	-0.671875
984	-0.804688	-0.859375
985	-0.742188	-0.812500
986	-0.804688	-0.875000
987	-0.859375	-0.914063
988	-0.765625	-0.851563
989	-0.828125	-0.890625
990	-0.812500	-0.804688
991	-0.734375	-0.820313
992	-0.765625	-0.851563
993	-0.781250	-0.820313
994	-0.867188	-0.882813
995	-0.718750	-0.812500
996	-0.820313	-0.882813
997	-0.804688	-0.867188
998	-0.773438	-0.750000
999	-0.804688	-0.875000
