0	-0.445313	0.296875
1	-0.398438	0.101563
2	-0.429688	-0.281250
3	-0.460938	-0.437500
4	-0.281250	-0.062500
5	-0.484375	-0.281250
6	-0.414063	-0.085938
7	-0.335938	0.015625
8	-0.390625	0.140625
9	-0.375000	0.265625
10	-0.359375	0.109375
11	-0.343750	-0.226563
12	-0.328125	-0.187500
13	-0.421875	-0.054688
14	-0.429688	0.382813
15	-0.390625	0.187500
16	-0.375000	0.031250
17	-0.304688	0.148438
18	-0.429688	-0.085938
19	-0.367188	-0.359375
20	-0.406250	0.140625
21	-0.398438	0.015625
22	-0.343750	-0.054688
23	-0.437500	-0.101563
24	-0.312500	0.289063
25	-0.406250	-0.343750
26	-0.390625	0.187500
27	-0.296875	0.062500
28	-0.375000	-0.046875
29	-0.351563	-0.117188
30	-0.437500	0.109375
31	-0.265625	0.101563
32	-0.398438	-0.164063
33	-0.335938	0.164063
34	-0.335938	-0.062500
35	-0.367188	0.132813
36	-0.359375	0.023438
37	-0.484375	-0.132813
38	-0.328125	-0.023438
39	-0.421875	0.093750
40	-0.445313	0.226563
41	-0.289063	0.046875
42	-0.367188	-0.109375
43	-0.343750	-0.023438
44	-0.375000	-0.031250
45	-0.367188	-0.054688
46	-0.335938	-0.203125
47	-0.257813	0.054688
48	-0.421875	-0.296875
49	-0.390625	-0.179688
50	-0.351563	-0.046875
51	-0.406250	-0.007813
52	-0.367188	0.015625
53	-0.414063	0.039063
54	-0.296875	0.046875
55	-0.304688	0.117188
56	-0.367188	-0.125000
57	-0.328125	-0.085938
58	-0.382813	0.156250
59	-0.296875	0.156250
60	-0.406250	0.320313
61	-0.328125	-0.296875
62	-0.390625	-0.195313
63	-0.367188	-0.257813
64	-0.335938	-0.015625
65	-0.437500	-0.406250
66	-0.359375	0.007813
67	-0.429688	0.000000
68	-0.429688	-0.289063
69	-0.312500	0.078125
70	-0.421875	-0.328125
71	-0.359375	-0.023438
72	-0.406250	0.070313
73	-0.343750	-0.062500
74	-0.406250	-0.203125
75	-0.367188	0.023438
76	-0.398438	0.195313
77	-0.312500	-0.109375
78	-0.453125	-0.031250
79	-0.351563	-0.093750
80	-0.382813	-0.125000
81	-0.453125	-0.148438
82	-0.343750	-0.125000
83	-0.289063	-0.140625
84	-0.398438	-0.046875
85	-0.406250	-0.234375
86	-0.421875	-0.039063
87	-0.320313	0.195313
88	-0.421875	-0.265625
89	-0.398438	-0.109375
90	-0.398438	0.117188
91	-0.500000	-0.484375
92	-0.421875	-0.296875
93	-0.335938	-0.054688
94	-0.359375	0.250000
95	-0.335938	-0.054688
96	-0.390625	-0.390625
97	-0.406250	-0.148438
98	-0.296875	-0.046875
99	-0.398438	-0.117188
100	-0.406250	0.179688
101	-0.351563	0.242188
102	-0.312500	0.179688
103	-0.328125	-0.085938
104	-0.390625	0.218750
105	-0.390625	0.156250
106	-0.335938	-0.101563
107	-0.421875	0.203125
108	-0.382813	0.195313
109	-0.320313	0.218750
110	-0.421875	0.179688
111	-0.382813	-0.312500
112	-0.414063	0.210938
113	-0.476563	0.359375
114	-0.460938	-0.109375
115	-0.351563	0.078125
116	-0.351563	-0.273438
117	-0.312500	0.062500
118	-0.320313	0.007813
119	-0.468750	0.289063
120	-0.328125	-0.226563
121	-0.421875	-0.296875
122	-0.507813	0.320313
123	-0.429688	0.101563
124	-0.414063	0.023438
125	-0.343750	0.101563
126	-0.343750	-0.125000
127	-0.414063	-0.187500
128	-0.445313	-0.062500
129	-0.367188	0.148438
130	-0.273438	0.007813
131	-0.398438	-0.343750
132	-0.359375	-0.085938
133	-0.406250	-0.023438
134	-0.437500	-0.390625
135	-0.429688	-0.164063
136	-0.398438	-0.257813
137	-0.421875	-0.164063
138	-0.343750	0.109375
139	-0.406250	-0.304688
140	-0.359375	0.304688
141	-0.390625	0.015625
142	-0.406250	0.117188
143	-0.351563	-0.109375
144	-0.445313	-0.015625
145	-0.406250	0.281250
146	-0.398438	-0.132813
147	-0.351563	-0.070313
148	-0.335938	0.156250
149	-0.351563	0.234375
150	-0.492188	0.187500
151	-0.429688	-0.351563
152	-0.468750	0.304688
153	-0.328125	-0.023438
154	-0.492188	-0.070313
155	-0.492188	0.304688
156	-0.304688	-0.054688
157	-0.257813	0.062500
158	-0.351563	0.117188
159	-0.421875	-0.015625
160	-0.429688	-0.273438
161	-0.367188	0.234375
162	-0.398438	-0.218750
163	-0.406250	-0.476563
164	-0.421875	0.093750
165	-0.367188	-0.031250
166	-0.398438	-0.429688
167	-0.507813	0.250000
168	-0.367188	0.101563
169	-0.320313	0.109375
170	-0.515625	-0.085938
171	-0.390625	-0.179688
172	-0.421875	0.062500
173	-0.328125	0.101563
174	-0.312500	-0.171875
175	-0.406250	-0.273438
176	-0.445313	0.351563
177	-0.468750	0.320313
178	-0.367188	0.085938
179	-0.382813	-0.125000
180	-0.335938	0.210938
181	-0.359375	0.101563
182	-0.367188	-0.328125
183	-0.375000	-0.296875
184	-0.453125	0.109375
185	-0.351563	0.273438
186	-0.289063	0.070313
187	-0.382813	0.000000
188	-0.406250	0.000000
189	-0.437500	0.140625
190	-0.445313	0.445313
191	-0.398438	0.257813
192	-0.375000	0.093750
193	-0.398438	0.265625
194	-0.406250	0.046875
195	-0.359375	0.039063
196	-0.375000	0.156250
197	-0.375000	-0.015625
198	-0.500000	0.257813
199	-0.445313	-0.078125
200	-0.375000	-0.093750
201	-0.390625	0.187500
202	-0.351563	-0.140625
203	-0.351563	-0.164063
204	-0.296875	-0.039063
205	-0.500000	0.093750
206	-0.515625	-0.585938
207	-0.515625	-0.210938
208	-0.320313	0.164063
209	-0.390625	-0.250000
210	-0.351563	0.125000
211	-0.320313	0.273438
212	-0.507813	0.335938
213	-0.351563	0.023438
214	-0.328125	0.046875
215	-0.476563	-0.109375
216	-0.359375	0.210938
217	-0.359375	0.187500
218	-0.414063	0.132813
219	-0.453125	0.226563
220	-0.367188	-0.039063
221	-0.398438	0.500000
222	-0.351563	0.156250
223	-0.343750	0.296875
224	-0.367188	0.343750
225	-0.390625	0.000000
226	-0.406250	-0.515625
227	-0.382813	0.046875
228	-0.507813	-0.398438
229	-0.343750	-0.093750
230	-0.351563	0.156250
231	-0.320313	0.046875
232	-0.437500	0.460938
233	-0.359375	0.156250
234	-0.429688	0.414063
235	-0.421875	-0.171875
236	-0.265625	0.046875
237	-0.406250	0.187500
238	-0.335938	0.234375
239	-0.375000	0.210938
240	-0.421875	-0.062500
241	-0.421875	0.351563
242	-0.328125	0.117188
243	-0.265625	0.039063
244	-0.351563	0.132813
245	-0.367188	0.390625
246	-0.421875	0.203125
247	-0.351563	0.257813
248	-0.367188	-0.250000
249	-0.328125	0.156250
250	-0.414063	0.015625
251	-0.437500	-0.164063
252	-0.265625	0.031250
253	-0.359375	0.093750
254	-0.328125	0.046875
255	-0.500000	0.109375
256	-0.367188	0.046875
257	-0.460938	0.078125
258	-0.429688	0.062500
259	-0.445313	-0.070313
260	-0.367188	-0.023438
261	-0.359375	-0.171875
262	-0.468750	0.039063
263	-0.335938	0.210938
264	-0.437500	-0.148438
265	-0.351563	0.265625
266	-0.421875	0.117188
267	-0.359375	0.179688
268	-0.375000	-0.007813
269	-0.468750	0.437500
270	-0.484375	0.093750
271	-0.437500	0.117188
272	-0.429688	0.273438
273	-0.546875	0.593750
274	-0.484375	0.218750
275	-0.421875	-0.070313
276	-0.460938	0.156250
277	-0.390625	-0.210938
278	-0.351563	-0.054688
279	-0.351563	0.101563
280	-0.429688	0.226563
281	-0.476563	0.195313
282	-0.312500	0.085938
283	-0.515625	0.273438
284	-0.343750	0.273438
285	-0.484375	0.046875
286	-0.328125	-0.085938
287	-0.414063	0.179688
288	-0.304688	0.054688
289	-0.289063	-0.195313
290	-0.335938	-0.039063
291	-0.351563	0.117188
292	-0.390625	0.015625
293	-0.406250	-0.359375
294	-0.335938	-0.093750
295	-0.328125	-0.015625
296	-0.312500	-0.007813
297	-0.406250	-0.132813
298	-0.343750	-0.210938
299	-0.453125	-0.125000
300	-0.343750	0.117188
301	-0.414063	0.171875
302	-0.367188	-0.054688
303	-0.421875	0.023438
304	-0.335938	0.156250
305	-0.414063	0.265625
306	-0.367188	0.203125
307	-0.437500	0.414063
308	-0.351563	0.250000
309	-0.296875	0.015625
310	-0.390625	-0.085938
311	-0.414063	-0.296875
312	-0.304688	-0.085938
313	-0.453125	-0.031250
314	-0.398438	-0.250000
315	-0.453125	0.000000
316	-0.304688	0.257813
317	-0.328125	0.109375
318	-0.406250	0.210938
319	-0.398438	-0.156250
320	-0.320313	-0.015625
321	-0.328125	0.164063
322	-0.375000	0.195313
323	-0.304688	-0.062500
324	-0.375000	-0.382813
325	-0.398438	0.437500
326	-0.351563	-0.062500
327	-0.460938	0.140625
328	-0.359375	-0.257813
329	-0.453125	-0.312500
330	-0.468750	0.289063
331	-0.500000	0.445313
332	-0.406250	0.218750
333	-0.398438	0.296875
334	-0.367188	0.257813
335	-0.390625	-0.007813
336	-0.367188	0.203125
337	-0.460938	-0.406250
338	-0.390625	-0.148438
339	-0.398438	-0.164063
340	-0.328125	-0.218750
341	-0.382813	0.101563
342	-0.359375	0.062500
343	-0.453125	0.218750
344	-0.359375	0.234375
345	-0.421875	-0.023438
346	-0.484375	0.156250
347	-0.414063	-0.085938
348	-0.351563	-0.203125
349	-0.320313	-0.101563
350	-0.335938	-0.039063
351	-0.390625	-0.093750
352	-0.312500	-0.015625
353	-0.445313	-0.007813
354	-0.320313	-0.007813
355	-0.296875	0.070313
356	-0.382813	0.210938
357	-0.304688	0.007813
358	-0.468750	-0.101563
359	-0.453125	0.085938
360	-0.445313	0.328125
361	-0.359375	0.000000
362	-0.390625	0.046875
363	-0.476563	0.320313
364	-0.507813	-0.140625
365	-0.375000	0.023438
366	-0.468750	-0.070313
367	-0.406250	0.234375
368	-0.375000	-0.007813
369	-0.390625	0.015625
370	-0.398438	-0.078125
371	-0.289063	0.046875
372	-0.484375	-0.085938
373	-0.437500	-0.046875
374	-0.335938	-0.085938
375	-0.382813	0.210938
376	-0.421875	0.226563
377	-0.296875	0.039063
378	-0.320313	-0.218750
379	-0.359375	0.359375
380	-0.343750	-0.054688
381	-0.390625	-0.093750
382	-0.343750	-0.218750
383	-0.421875	-0.304688
384	-0.484375	-0.257813
385	-0.429688	-0.234375
386	-0.398438	0.296875
387	-0.367188	0.156250
388	-0.390625	-0.070313
389	-0.406250	-0.140625
390	-0.351563	-0.007813
391	-0.515625	0.429688
392	-0.320313	-0.046875
393	-0.406250	0.015625
394	-0.390625	0.250000
395	-0.312500	-0.054688
396	-0.398438	0.046875
397	-0.335938	0.007813
398	-0.250000	0.015625
399	-0.523438	0.421875
400	-0.343750	0.265625
401	-0.304688	0.093750
402	-0.453125	-0.398438
403	-0.492188	-0.328125
404	-0.320313	0.023438
405	-0.453125	-0.031250
406	-0.375000	0.023438
407	-0.460938	0.023438
408	-0.453125	0.000000
409	-0.359375	-0.187500
410	-0.296875	-0.148438
411	-0.289063	-0.179688
412	-0.414063	0.328125
413	-0.335938	0.226563
414	-0.476563	-0.242188
415	-0.406250	-0.218750
416	-0.328125	-0.093750
417	-0.398438	0.179688
418	-0.460938	0.007813
419	-0.335938	0.210938
420	-0.382813	0.039063
421	-0.359375	-0.234375
422	-0.398438	-0.226563
423	-0.187500	0.132813
424	-0.359375	-0.234375
425	-0.406250	-0.054688
426	-0.359375	0.117188
427	-0.445313	-0.210938
428	-0.312500	0.078125
429	-0.296875	-0.070313
430	-0.382813	0.023438
431	-0.375000	0.351563
432	-0.460938	0.171875
433	-0.351563	-0.031250
434	-0.273438	0.039063
435	-0.375000	-0.125000
436	-0.367188	-0.156250
437	-0.460938	-0.187500
438	-0.406250	-0.273438
439	-0.398438	0.085938
440	-0.359375	0.242188
441	-0.296875	0.078125
442	-0.398438	-0.164063
443	-0.398438	0.351563
444	-0.390625	0.210938
445	-0.406250	0.085938
446	-0.390625	0.101563
447	-0.523438	-0.039063
448	-0.500000	-0.265625
449	-0.421875	-0.226563
450	-0.390625	0.109375
451	-0.359375	0.187500
452	-0.437500	0.320313
453	-0.312500	0.054688
454	-0.312500	-0.171875
455	-0.343750	-0.156250
456	-0.460938	0.078125
457	-0.367188	-0.046875
458	-0.453125	0.453125
459	-0.375000	0.187500
460	-0.398438	0.179688
461	-0.382813	0.007813
462	-0.484375	-0.023438
463	-0.359375	-0.226563
464	-0.343750	-0.132813
465	-0.351563	-0.187500
466	-0.445313	-0.140625
467	-0.453125	0.046875
468	-0.359375	0.171875
469	-0.460938	-0.164063
470	-0.328125	-0.078125
471	-0.304688	-0.039063
472	-0.304688	-0.164063
473	-0.398438	-0.179688
474	-0.414063	-0.085938
475	-0.406250	0.085938
476	-0.515625	-0.320313
477	-0.382813	0.164063
478	-0.375000	0.070313
479	-0.375000	-0.062500
480	-0.398438	-0.210938
481	-0.320313	0.023438
482	-0.390625	0.093750
483	-0.328125	0.101563
484	-0.429688	-0.140625
485	-0.460938	-0.117188
486	-0.421875	0.250000
487	-0.453125	-0.164063
488	-0.328125	-0.312500
489	-0.382813	0.304688
490	-0.367188	0.234375
491	-0.406250	-0.312500
492	-0.390625	-0.156250
493	-0.390625	0.015625
494	-0.421875	-0.062500
495	-0.390625	-0.296875
496	-0.390625	0.031250
497	-0.390625	0.046875
498	-0.375000	-0.250000
499	-0.437500	-0.218750
500	-0.273438	-0.171875
501	-0.445313	-0.453125
502	-0.320313	0.203125
503	-0.398438	0.015625
504	-0.343750	0.023438
505	-0.359375	-0.062500
506	-0.273438	0.140625
507	-0.242188	-0.046875
508	-0.351563	-0.210938
509	-0.335938	0.117188
510	-0.414063	0.046875
511	-0.492188	-0.039063
512	-0.437500	0.109375
513	-0.476563	-0.046875
514	-0.421875	-0.093750
515	-0.320313	-0.164063
516	-0.289063	-0.117188
517	-0.390625	-0.007813
518	-0.335938	-0.156250
519	-0.421875	0.257813
520	-0.382813	-0.148438
521	-0.398438	-0.187500
522	-0.359375	0.109375
523	-0.382813	0.070313
524	-0.359375	0.070313
525	-0.437500	-0.226563
526	-0.429688	-0.093750
527	-0.343750	0.101563
528	-0.312500	-0.039063
529	-0.390625	0.156250
530	-0.382813	0.296875
531	-0.359375	0.273438
532	-0.382813	-0.179688
533	-0.343750	0.195313
534	-0.398438	0.109375
535	-0.320313	-0.148438
536	-0.507813	0.070313
537	-0.414063	-0.093750
538	-0.437500	-0.265625
539	-0.437500	0.062500
540	-0.460938	0.007813
541	-0.351563	-0.242188
542	-0.421875	-0.164063
543	-0.273438	0.054688
544	-0.335938	-0.109375
545	-0.304688	0.156250
546	-0.492188	-0.226563
547	-0.406250	-0.132813
548	-0.406250	-0.023438
549	-0.312500	-0.046875
550	-0.398438	-0.226563
551	-0.390625	-0.164063
552	-0.484375	-0.328125
553	-0.359375	0.007813
554	-0.242188	-0.046875
555	-0.375000	0.171875
556	-0.445313	-0.351563
557	-0.375000	-0.234375
558	-0.359375	0.171875
559	-0.312500	-0.093750
560	-0.414063	-0.078125
561	-0.437500	-0.023438
562	-0.367188	-0.187500
563	-0.289063	0.062500
564	-0.335938	0.148438
565	-0.460938	-0.117188
566	-0.468750	-0.367188
567	-0.476563	-0.273438
568	-0.375000	-0.132813
569	-0.429688	0.179688
570	-0.406250	-0.031250
571	-0.375000	-0.226563
572	-0.421875	-0.039063
573	-0.390625	0.078125
574	-0.382813	-0.398438
575	-0.406250	0.000000
576	-0.515625	0.437500
577	-0.437500	-0.179688
578	-0.359375	-0.078125
579	-0.351563	-0.015625
580	-0.445313	0.265625
581	-0.414063	0.328125
582	-0.359375	-0.242188
583	-0.468750	-0.257813
584	-0.382813	-0.242188
585	-0.328125	-0.187500
586	-0.484375	0.421875
587	-0.429688	0.078125
588	-0.453125	0.367188
589	-0.453125	0.265625
590	-0.414063	-0.093750
591	-0.398438	0.140625
592	-0.296875	0.062500
593	-0.312500	0.000000
594	-0.351563	0.046875
595	-0.375000	0.257813
596	-0.492188	0.367188
597	-0.453125	-0.023438
598	-0.335938	0.125000
599	-0.375000	-0.007813
600	-0.484375	-0.406250
601	-0.328125	-0.226563
602	-0.437500	0.210938
603	-0.343750	-0.203125
604	-0.367188	0.054688
605	-0.351563	-0.117188
606	-0.390625	-0.218750
607	-0.312500	-0.085938
608	-0.375000	-0.070313
609	-0.476563	-0.531250
610	-0.414063	-0.335938
611	-0.390625	-0.093750
612	-0.406250	0.351563
613	-0.390625	-0.078125
614	-0.359375	0.101563
615	-0.414063	-0.179688
616	-0.367188	-0.085938
617	-0.328125	0.101563
618	-0.367188	-0.085938
619	-0.304688	0.085938
620	-0.359375	0.062500
621	-0.312500	0.023438
622	-0.390625	-0.093750
623	-0.390625	-0.125000
624	-0.421875	-0.320313
625	-0.335938	0.078125
626	-0.390625	-0.156250
627	-0.390625	-0.031250
628	-0.429688	-0.359375
629	-0.484375	0.429688
630	-0.421875	0.164063
631	-0.429688	-0.007813
632	-0.421875	-0.062500
633	-0.335938	0.093750
634	-0.445313	-0.070313
635	-0.445313	0.117188
636	-0.429688	0.101563
637	-0.429688	0.148438
638	-0.296875	-0.007813
639	-0.437500	0.304688
640	-0.289063	0.125000
641	-0.429688	0.343750
642	-0.390625	-0.210938
643	-0.304688	-0.015625
644	-0.304688	-0.078125
645	-0.437500	0.015625
646	-0.375000	-0.179688
647	-0.367188	-0.023438
648	-0.421875	-0.265625
649	-0.343750	0.132813
650	-0.343750	0.078125
651	-0.437500	0.195313
652	-0.414063	-0.125000
653	-0.335938	-0.117188
654	-0.390625	-0.062500
655	-0.242188	-0.078125
656	-0.273438	-0.007813
657	-0.343750	0.015625
658	-0.476563	0.281250
659	-0.367188	-0.101563
660	-0.414063	0.007813
661	-0.359375	0.148438
662	-0.312500	-0.171875
663	-0.445313	-0.179688
664	-0.492188	0.531250
665	-0.351563	0.187500
666	-0.343750	0.210938
667	-0.304688	-0.203125
668	-0.445313	-0.304688
669	-0.390625	-0.179688
670	-0.312500	0.000000
671	-0.492188	0.304688
672	-0.351563	0.320313
673	-0.312500	-0.093750
674	-0.382813	0.367188
675	-0.257813	-0.031250
676	-0.406250	-0.242188
677	-0.375000	-0.218750
678	-0.328125	-0.148438
679	-0.390625	0.054688
680	-0.406250	-0.148438
681	-0.375000	0.445313
682	-0.335938	-0.328125
683	-0.406250	0.085938
684	-0.304688	0.187500
685	-0.390625	0.226563
686	-0.468750	0.179688
687	-0.429688	-0.312500
688	-0.406250	-0.429688
689	-0.351563	0.148438
690	-0.250000	-0.078125
691	-0.484375	-0.539063
692	-0.296875	-0.109375
693	-0.421875	-0.203125
694	-0.320313	0.078125
695	-0.429688	-0.187500
696	-0.453125	0.117188
697	-0.335938	-0.085938
698	-0.328125	-0.007813
699	-0.234375	0.078125
700	-0.375000	0.125000
701	-0.273438	-0.085938
702	-0.398438	0.320313
703	-0.351563	0.156250
704	-0.375000	-0.015625
705	-0.429688	-0.242188
706	-0.375000	0.000000
707	-0.437500	0.062500
708	-0.320313	-0.054688
709	-0.328125	-0.203125
710	-0.375000	0.085938
711	-0.312500	0.031250
712	-0.320313	-0.062500
713	-0.421875	-0.289063
714	-0.445313	-0.046875
715	-0.453125	-0.109375
716	-0.460938	-0.109375
717	-0.367188	0.015625
718	-0.414063	-0.093750
719	-0.421875	-0.210938
720	-0.476563	0.242188
721	-0.375000	0.000000
722	-0.375000	-0.085938
723	-0.335938	-0.132813
724	-0.375000	0.039063
725	-0.265625	0.117188
726	-0.375000	0.210938
727	-0.367188	0.125000
728	-0.390625	-0.093750
729	-0.390625	0.109375
730	-0.328125	0.179688
731	-0.359375	0.359375
732	-0.328125	-0.093750
733	-0.289063	-0.031250
734	-0.437500	-0.304688
735	-0.390625	-0.210938
736	-0.476563	0.218750
737	-0.304688	-0.101563
738	-0.359375	-0.031250
739	-0.406250	-0.015625
740	-0.390625	0.085938
741	-0.328125	-0.187500
742	-0.343750	0.156250
743	-0.421875	0.046875
744	-0.421875	-0.257813
745	-0.453125	0.062500
746	-0.367188	-0.085938
747	-0.289063	0.078125
748	-0.460938	0.156250
749	-0.406250	0.140625
750	-0.406250	0.148438
751	-0.335938	-0.078125
752	-0.453125	0.023438
753	-0.460938	0.117188
754	-0.375000	-0.304688
755	-0.414063	0.406250
756	-0.375000	0.117188
757	-0.343750	-0.226563
758	-0.375000	0.148438
759	-0.421875	0.210938
760	-0.312500	0.117188
761	-0.335938	-0.195313
762	-0.398438	0.046875
763	-0.398438	-0.281250
764	-0.406250	0.109375
765	-0.351563	-0.093750
766	-0.421875	-0.242188
767	-0.429688	-0.164063
768	-0.312500	0.007813
769	-0.320313	0.062500
770	-0.390625	0.031250
771	-0.468750	0.359375
772	-0.382813	0.085938
773	-0.335938	0.117188
774	-0.304688	0.015625
775	-0.312500	0.062500
776	-0.445313	-0.179688
777	-0.304688	0.046875
778	-0.437500	0.132813
779	-0.539063	0.382813
780	-0.320313	0.148438
781	-0.367188	0.210938
782	-0.437500	0.031250
783	-0.375000	0.078125
784	-0.328125	0.109375
785	-0.328125	-0.234375
786	-0.398438	-0.054688
787	-0.382813	-0.203125
788	-0.421875	0.296875
789	-0.398438	-0.031250
790	-0.421875	-0.101563
791	-0.375000	0.007813
792	-0.367188	-0.023438
793	-0.421875	0.078125
794	-0.468750	-0.164063
795	-0.351563	0.000000
796	-0.296875	0.148438
797	-0.429688	0.007813
798	-0.429688	-0.070313
799	-0.507813	-0.117188
800	-0.390625	-0.031250
801	-0.382813	-0.140625
802	-0.406250	0.117188
803	-0.335938	-0.015625
804	-0.421875	-0.218750
805	-0.398438	-0.015625
806	-0.414063	-0.078125
807	-0.429688	0.039063
808	-0.367188	-0.343750
809	-0.445313	0.007813
810	-0.375000	0.023438
811	-0.367188	0.039063
812	-0.289063	0.023438
813	-0.414063	0.156250
814	-0.390625	-0.468750
815	-0.312500	-0.101563
816	-0.343750	0.187500
817	-0.296875	-0.195313
818	-0.390625	0.359375
819	-0.484375	0.468750
820	-0.484375	-0.062500
821	-0.390625	0.000000
822	-0.398438	0.164063
823	-0.468750	0.296875
824	-0.273438	-0.218750
825	-0.390625	0.265625
826	-0.437500	0.187500
827	-0.421875	-0.085938
828	-0.320313	-0.132813
829	-0.296875	-0.078125
830	-0.390625	0.359375
831	-0.429688	0.171875
832	-0.406250	0.234375
833	-0.429688	0.234375
834	-0.492188	-0.054688
835	-0.351563	0.367188
836	-0.429688	0.164063
837	-0.468750	0.085938
838	-0.359375	0.078125
839	-0.296875	-0.070313
840	-0.382813	0.046875
841	-0.359375	-0.023438
842	-0.351563	0.304688
843	-0.398438	0.156250
844	-0.390625	0.187500
845	-0.367188	0.109375
846	-0.445313	0.023438
847	-0.429688	0.359375
848	-0.445313	-0.281250
849	-0.398438	-0.117188
850	-0.359375	0.109375
851	-0.367188	0.281250
852	-0.375000	-0.140625
853	-0.429688	-0.265625
854	-0.437500	0.226563
855	-0.382813	-0.132813
856	-0.445313	-0.156250
857	-0.523438	-0.070313
858	-0.312500	-0.007813
859	-0.375000	0.312500
860	-0.406250	0.343750
861	-0.398438	0.093750
862	-0.476563	-0.437500
863	-0.406250	-0.281250
864	-0.406250	0.312500
865	-0.421875	-0.140625
866	-0.421875	-0.289063
867	-0.351563	-0.070313
868	-0.437500	-0.296875
869	-0.476563	-0.210938
870	-0.398438	0.062500
871	-0.359375	-0.101563
872	-0.398438	-0.085938
873	-0.359375	-0.148438
874	-0.484375	-0.515625
875	-0.390625	-0.070313
876	-0.289063	0.117188
877	-0.375000	-0.132813
878	-0.460938	0.101563
879	-0.429688	0.234375
880	-0.421875	0.023438
881	-0.382813	-0.070313
882	-0.390625	0.023438
883	-0.296875	-0.085938
884	-0.437500	0.023438
885	-0.351563	0.101563
886	-0.390625	-0.148438
887	-0.281250	0.140625
888	-0.273438	-0.101563
889	-0.367188	-0.109375
890	-0.375000	-0.078125
891	-0.382813	0.062500
892	-0.375000	-0.312500
893	-0.429688	0.000000
894	-0.515625	-0.171875
895	-0.375000	0.070313
896	-0.437500	0.023438
897	-0.429688	0.054688
898	-0.406250	-0.093750
899	-0.460938	0.445313
900	-0.390625	-0.289063
901	-0.351563	-0.140625
902	-0.500000	-0.140625
903	-0.320313	-0.226563
904	-0.429688	-0.039063
905	-0.351563	0.156250
906	-0.398438	0.343750
907	-0.359375	-0.039063
908	-0.445313	-0.179688
909	-0.390625	-0.125000
910	-0.382813	-0.257813
911	-0.343750	-0.203125
912	-0.343750	0.085938
913	-0.320313	0.179688
914	-0.382813	0.000000
915	-0.367188	0.257813
916	-0.429688	-0.117188
917	-0.429688	0.304688
918	-0.304688	-0.054688
919	-0.328125	-0.171875
920	-0.328125	0.234375
921	-0.359375	-0.117188
922	-0.406250	0.093750
923	-0.406250	-0.304688
924	-0.437500	0.171875
925	-0.367188	0.171875
926	-0.429688	0.093750
927	-0.375000	0.203125
928	-0.492188	-0.117188
929	-0.359375	-0.054688
930	-0.375000	-0.078125
931	-0.351563	-0.007813
932	-0.414063	-0.234375
933	-0.421875	-0.453125
934	-0.351563	-0.171875
935	-0.414063	0.000000
936	-0.398438	-0.093750
937	-0.335938	0.078125
938	-0.359375	-0.031250
939	-0.367188	0.109375
940	-0.460938	0.195313
941	-0.445313	0.023438
942	-0.429688	-0.101563
943	-0.335938	-0.148438
944	-0.406250	-0.062500
945	-0.406250	0.125000
946	-0.398438	0.156250
947	-0.421875	-0.093750
948	-0.414063	-0.257813
949	-0.429688	-0.015625
950	-0.429688	0.281250
951	-0.421875	-0.171875
952	-0.398438	-0.265625
953	-0.328125	0.093750
954	-0.429688	-0.046875
955	-0.421875	0.531250
956	-0.343750	-0.101563
957	-0.476563	0.210938
958	-0.343750	-0.093750
959	-0.367188	-0.156250
960	-0.328125	0.023438
961	-0.390625	0.000000
962	-0.375000	0.132813
963	-0.414063	0.031250
964	-0.359375	0.078125
965	-0.312500	-0.234375
966	-0.343750	0.210938
967	-0.398438	-0.023438
968	-0.390625	-0.046875
969	-0.390625	-0.187500
970	-0.351563	-0.078125
971	-0.359375	0.093750
972	-0.367188	0.070313
973	-0.351563	0.148438
974	-0.367188	0.109375
975	-0.398438	0.203125
976	-0.250000	-0.085938
977	-0.359375	0.000000
978	-0.382813	0.085938
979	-0.328125	0.007813
980	-0.375000	-0.343750
981	-0.382813	-0.132813
982	-0.460938	-0.312500
983	-0.484375	0.351563
984	-0.445313	-0.007813
985	-0.351563	0.125000
986	-0.289063	-0.031250
987	-0.390625	0.070313
988	-0.476563	0.031250
989	-0.414063	0.085938
990	-0.429688	0.187500
991	-0.343750	-0.054688
992	-0.359375	0.125000
993	-0.445313	-0.101563
994	-0.312500	0.031250
995	-0.445313	-0.359375
996	-0.398438	0.296875
997	-0.343750	-0.015625
998	-0.281250	-0.093750
999	-0.406250	-0.070313
