0	0.000000	-0.023438
1	0.078125	-0.007813
2	-0.015625	0.070313
3	-0.054688	-0.046875
4	-0.023438	-0.070313
5	-0.039063	0.031250
6	-0.039063	0.007813
7	0.007813	-0.015625
8	0.062500	0.031250
9	0.039063	-0.031250
10	-0.031250	0.046875
11	0.054688	-0.031250
12	0.054688	0.093750
13	-0.023438	-0.046875
14	-0.039063	0.023438
15	0.023438	0.031250
16	-0.031250	0.000000
17	-0.078125	0.093750
18	-0.039063	-0.070313
19	-0.070313	-0.101563
20	-0.070313	-0.031250
21	-0.062500	0.062500
22	-0.054688	0.007813
23	-0.070313	0.148438
24	-0.007813	-0.015625
25	-0.062500	0.054688
26	-0.031250	0.007813
27	-0.039063	-0.015625
28	-0.093750	-0.085938
29	0.000000	0.101563
30	0.031250	-0.070313
31	0.000000	0.054688
32	-0.007813	-0.039063
33	0.039063	-0.031250
34	-0.023438	-0.093750
35	-0.046875	0.007813
36	0.007813	0.007813
37	-0.054688	0.007813
38	-0.054688	-0.078125
39	-0.015625	-0.007813
40	0.023438	-0.093750
41	-0.085938	0.031250
42	-0.039063	0.054688
43	-0.046875	0.085938
44	-0.031250	-0.039063
45	-0.039063	0.007813
46	-0.007813	-0.015625
47	0.015625	0.000000
48	-0.062500	-0.054688
49	-0.062500	-0.007813
50	0.015625	0.039063
51	0.039063	0.062500
52	-0.007813	0.039063
53	-0.046875	0.007813
54	-0.031250	0.039063
55	-0.023438	0.054688
56	-0.062500	0.109375
57	-0.140625	-0.062500
58	-0.039063	0.015625
59	-0.132813	0.031250
60	-0.117188	-0.031250
61	-0.070313	0.023438
62	-0.062500	0.000000
63	-0.054688	0.039063
64	-0.109375	-0.093750
65	-0.109375	0.062500
66	-0.078125	-0.031250
67	-0.015625	0.023438
68	-0.070313	0.031250
69	-0.031250	-0.031250
70	-0.007813	-0.054688
71	-0.039063	0.101563
72	-0.007813	-0.046875
73	0.000000	-0.031250
74	0.031250	0.023438
75	-0.031250	-0.085938
76	0.023438	0.070313
77	-0.039063	-0.054688
78	0.007813	0.007813
79	-0.078125	0.015625
80	-0.054688	0.078125
81	-0.070313	-0.109375
82	-0.078125	-0.062500
83	-0.109375	-0.015625
84	-0.062500	0.039063
85	0.007813	0.023438
86	0.031250	-0.109375
87	-0.007813	0.140625
88	-0.093750	-0.148438
89	-0.054688	0.148438
90	-0.062500	-0.070313
91	-0.054688	0.023438
92	-0.023438	0.023438
93	-0.031250	0.000000
94	-0.054688	0.039063
95	-0.015625	0.000000
96	0.015625	0.054688
97	0.031250	-0.039063
98	-0.023438	0.007813
99	0.000000	0.023438
100	-0.085938	-0.078125
101	-0.093750	-0.007813
102	-0.039063	-0.023438
103	-0.054688	0.023438
104	-0.015625	0.070313
105	-0.015625	-0.039063
106	-0.046875	0.015625
107	-0.070313	0.070313
108	-0.070313	-0.031250
109	-0.015625	0.015625
110	-0.054688	0.085938
111	-0.078125	-0.031250
112	-0.078125	0.117188
113	-0.007813	-0.031250
114	-0.062500	0.078125
115	-0.039063	-0.085938
116	0.000000	0.023438
117	-0.031250	-0.015625
118	-0.093750	-0.101563
119	-0.046875	0.171875
120	-0.007813	-0.101563
121	-0.078125	0.039063
122	-0.031250	-0.046875
123	-0.078125	-0.031250
124	-0.054688	0.015625
125	-0.070313	0.015625
126	0.023438	0.015625
127	0.015625	0.054688
128	-0.007813	-0.093750
129	-0.101563	0.039063
130	-0.085938	-0.093750
131	-0.062500	0.054688
132	-0.078125	0.054688
133	-0.023438	0.007813
134	-0.039063	-0.070313
135	-0.007813	0.078125
136	-0.054688	-0.070313
137	-0.039063	0.140625
138	-0.054688	-0.093750
139	-0.046875	0.140625
140	-0.062500	-0.101563
141	-0.062500	0.070313
142	-0.078125	-0.062500
143	-0.054688	0.070313
144	-0.046875	0.078125
145	-0.062500	-0.171875
146	-0.070313	0.117188
147	-0.046875	0.031250
148	-0.093750	-0.179688
149	-0.070313	0.179688
150	-0.078125	-0.031250
151	-0.093750	-0.007813
152	-0.062500	0.000000
153	-0.039063	0.007813
154	-0.054688	0.007813
155	-0.046875	0.078125
156	0.007813	0.031250
157	-0.023438	0.023438
158	-0.054688	-0.070313
159	-0.078125	0.015625
160	-0.046875	-0.007813
161	-0.039063	-0.046875
162	-0.093750	0.015625
163	-0.046875	-0.039063
164	-0.054688	-0.054688
165	-0.015625	0.015625
166	-0.085938	0.023438
167	-0.132813	0.046875
168	-0.093750	0.039063
169	-0.093750	0.015625
170	-0.117188	0.085938
171	-0.085938	-0.031250
172	-0.078125	-0.109375
173	-0.078125	0.023438
174	-0.085938	-0.015625
175	-0.007813	-0.156250
176	-0.054688	0.117188
177	-0.070313	-0.140625
178	-0.132813	0.078125
179	-0.109375	-0.101563
180	-0.070313	0.023438
181	-0.007813	0.085938
182	0.015625	-0.046875
183	0.007813	-0.039063
184	0.031250	0.062500
185	0.007813	-0.023438
186	-0.015625	-0.046875
187	-0.023438	0.054688
188	-0.093750	-0.132813
189	-0.078125	0.070313
190	-0.023438	-0.046875
191	-0.015625	-0.062500
192	-0.046875	0.054688
193	-0.015625	-0.015625
194	-0.031250	0.039063
195	-0.070313	-0.031250
196	-0.125000	-0.015625
197	-0.109375	-0.093750
198	-0.101563	-0.007813
199	-0.093750	0.054688
200	-0.054688	-0.109375
201	-0.039063	0.132813
202	0.000000	-0.093750
203	0.000000	-0.007813
204	-0.078125	0.085938
205	-0.078125	0.000000
206	-0.023438	0.093750
207	-0.023438	-0.046875
208	0.000000	0.023438
209	-0.101563	0.031250
210	-0.007813	-0.039063
211	-0.039063	0.023438
212	-0.070313	0.101563
213	-0.085938	0.007813
214	-0.046875	0.085938
215	0.000000	0.031250
216	-0.046875	-0.062500
217	-0.046875	-0.039063
218	-0.070313	-0.078125
219	0.000000	-0.039063
220	0.007813	-0.039063
221	-0.046875	0.054688
222	-0.164063	-0.117188
223	-0.093750	0.148438
224	-0.101563	-0.062500
225	-0.101563	0.000000
226	-0.101563	0.015625
227	-0.093750	-0.046875
228	-0.054688	0.140625
229	-0.078125	0.000000
230	-0.078125	-0.117188
231	0.046875	0.117188
232	-0.031250	-0.148438
233	-0.046875	0.078125
234	-0.007813	-0.054688
235	0.023438	0.101563
236	-0.039063	-0.109375
237	-0.015625	-0.070313
238	-0.039063	-0.093750
239	-0.039063	-0.007813
240	-0.023438	-0.085938
241	-0.140625	-0.039063
242	-0.093750	0.015625
243	-0.078125	-0.070313
244	0.007813	0.039063
245	-0.031250	-0.007813
246	-0.015625	-0.023438
247	-0.046875	-0.039063
248	-0.046875	0.039063
249	-0.062500	0.007813
250	-0.054688	0.078125
251	-0.101563	-0.093750
252	-0.148438	-0.015625
253	-0.054688	-0.015625
254	-0.046875	0.000000
255	-0.039063	-0.007813
256	-0.093750	0.054688
257	-0.062500	0.023438
258	-0.101563	0.000000
259	-0.062500	0.015625
260	-0.125000	-0.007813
261	-0.078125	-0.007813
262	-0.101563	0.078125
263	-0.085938	-0.078125
264	0.000000	0.070313
265	-0.039063	-0.093750
266	-0.093750	-0.039063
267	-0.093750	0.007813
268	-0.078125	0.007813
269	-0.117188	-0.039063
270	-0.117188	0.085938
271	-0.031250	-0.054688
272	-0.046875	0.070313
273	-0.070313	0.000000
274	0.023438	-0.062500
275	0.000000	0.070313
276	-0.062500	-0.125000
277	-0.031250	0.039063
278	-0.054688	-0.125000
279	-0.062500	0.109375
280	-0.054688	0.054688
281	-0.148438	-0.093750
282	-0.101563	-0.007813
283	-0.062500	0.000000
284	-0.078125	0.007813
285	-0.015625	-0.093750
286	-0.046875	0.101563
287	-0.054688	-0.007813
288	-0.062500	0.023438
289	-0.109375	0.000000
290	-0.125000	0.039063
291	-0.078125	0.007813
292	-0.101563	-0.007813
293	-0.054688	0.039063
294	-0.078125	-0.023438
295	-0.085938	0.039063
296	-0.046875	0.007813
297	0.000000	0.031250
298	-0.101563	0.000000
299	-0.117188	-0.093750
300	-0.085938	0.125000
301	-0.085938	-0.085938
302	-0.101563	0.015625
303	-0.125000	-0.046875
304	0.007813	-0.023438
305	-0.046875	0.000000
306	-0.062500	-0.031250
307	-0.101563	0.007813
308	-0.078125	0.000000
309	-0.109375	-0.023438
310	-0.054688	-0.031250
311	-0.085938	0.007813
312	-0.031250	0.039063
313	-0.015625	0.015625
314	-0.117188	0.007813
315	-0.046875	-0.046875
316	-0.007813	-0.023438
317	0.000000	0.062500
318	0.000000	0.000000
319	-0.031250	0.007813
320	-0.078125	0.007813
321	-0.093750	0.171875
322	-0.062500	-0.023438
323	-0.062500	-0.062500
324	-0.070313	0.101563
325	0.031250	0.007813
326	0.046875	0.093750
327	0.000000	-0.031250
328	-0.031250	0.132813
329	-0.007813	-0.070313
330	-0.046875	0.039063
331	-0.031250	-0.054688
332	-0.054688	-0.007813
333	-0.093750	-0.109375
334	-0.007813	0.117188
335	0.023438	-0.031250
336	-0.031250	0.054688
337	-0.125000	0.046875
338	-0.070313	-0.054688
339	-0.054688	0.125000
340	-0.101563	-0.007813
341	-0.054688	-0.054688
342	-0.078125	-0.078125
343	-0.140625	0.031250
344	-0.109375	0.000000
345	-0.109375	-0.148438
346	-0.109375	0.093750
347	-0.109375	-0.132813
348	-0.078125	0.007813
349	-0.054688	0.062500
350	-0.031250	0.070313
351	0.039063	0.000000
352	0.031250	-0.031250
353	-0.046875	0.039063
354	-0.031250	-0.054688
355	-0.031250	0.140625
356	-0.046875	-0.187500
357	-0.023438	-0.062500
358	0.015625	-0.070313
359	0.007813	0.179688
360	-0.085938	-0.109375
361	-0.039063	0.015625
362	-0.078125	-0.062500
363	-0.031250	-0.023438
364	-0.023438	0.015625
365	0.007813	0.000000
366	-0.039063	0.046875
367	-0.031250	0.039063
368	-0.031250	-0.078125
369	-0.007813	-0.015625
370	-0.046875	0.015625
371	-0.039063	0.031250
372	-0.031250	-0.062500
373	-0.031250	0.023438
374	-0.023438	-0.039063
375	0.007813	0.023438
376	0.023438	0.007813
377	-0.015625	-0.062500
378	-0.054688	-0.007813
379	0.007813	0.000000
380	0.031250	0.023438
381	0.000000	0.054688
382	0.000000	-0.007813
383	-0.078125	0.015625
384	-0.093750	0.039063
385	-0.046875	-0.085938
386	0.031250	0.070313
387	-0.039063	-0.039063
388	-0.062500	0.054688
389	-0.031250	-0.015625
390	-0.085938	0.093750
391	-0.070313	-0.078125
392	-0.046875	-0.007813
393	-0.070313	-0.070313
394	-0.070313	-0.023438
395	-0.062500	0.046875
396	-0.117188	-0.078125
397	-0.062500	-0.054688
398	-0.078125	0.109375
399	-0.054688	-0.117188
400	0.000000	0.023438
401	-0.023438	0.023438
402	-0.023438	-0.007813
403	0.000000	0.039063
404	0.000000	-0.140625
405	-0.046875	0.078125
406	-0.046875	0.046875
407	-0.015625	-0.007813
408	0.000000	0.039063
409	-0.015625	-0.085938
410	-0.062500	0.093750
411	-0.015625	-0.078125
412	-0.078125	0.132813
413	-0.062500	-0.046875
414	-0.070313	0.023438
415	-0.093750	0.023438
416	-0.062500	-0.015625
417	-0.039063	0.031250
418	-0.046875	-0.078125
419	-0.023438	-0.023438
420	-0.023438	-0.039063
421	-0.046875	-0.031250
422	-0.078125	-0.031250
423	-0.078125	-0.039063
424	-0.046875	-0.031250
425	-0.046875	0.054688
426	-0.187500	-0.007813
427	-0.171875	-0.148438
428	-0.117188	0.101563
429	-0.171875	0.007813
430	-0.070313	0.000000
431	-0.015625	-0.023438
432	0.000000	0.031250
433	0.000000	0.093750
434	-0.007813	-0.046875
435	0.031250	0.031250
436	-0.007813	-0.023438
437	-0.062500	0.093750
438	-0.023438	-0.062500
439	-0.101563	0.000000
440	-0.109375	-0.031250
441	-0.117188	-0.007813
442	-0.148438	0.062500
443	-0.085938	0.023438
444	-0.046875	0.000000
445	-0.046875	-0.007813
446	-0.007813	-0.054688
447	-0.023438	-0.015625
448	-0.078125	-0.015625
449	-0.078125	-0.015625
450	-0.054688	-0.062500
451	-0.132813	0.054688
452	-0.117188	0.007813
453	-0.015625	-0.046875
454	0.046875	0.046875
455	0.000000	-0.015625
456	-0.023438	-0.015625
457	-0.046875	-0.023438
458	-0.031250	-0.070313
459	-0.031250	0.007813
460	-0.031250	-0.085938
461	-0.007813	0.039063
462	-0.078125	0.023438
463	-0.039063	-0.062500
464	-0.023438	-0.015625
465	-0.093750	-0.109375
466	-0.093750	0.007813
467	-0.054688	0.007813
468	-0.101563	0.023438
469	-0.101563	0.062500
470	-0.054688	-0.031250
471	-0.015625	-0.054688
472	-0.023438	-0.007813
473	-0.054688	0.031250
474	-0.070313	-0.070313
475	-0.062500	0.015625
476	-0.031250	-0.054688
477	-0.039063	0.062500
478	-0.039063	-0.062500
479	-0.062500	-0.023438
480	-0.070313	0.062500
481	-0.093750	-0.101563
482	-0.070313	0.031250
483	-0.148438	-0.187500
484	-0.085938	0.125000
485	-0.078125	-0.101563
486	-0.070313	-0.085938
487	-0.070313	0.039063
488	-0.078125	-0.093750
489	-0.007813	0.085938
490	0.015625	0.015625
491	-0.070313	-0.070313
492	0.007813	0.023438
493	-0.023438	-0.023438
494	-0.031250	0.078125
495	-0.015625	0.023438
496	-0.007813	-0.054688
497	-0.046875	-0.046875
498	-0.164063	0.015625
499	-0.132813	-0.023438
500	-0.117188	0.070313
501	-0.148438	0.015625
502	-0.101563	0.046875
503	-0.023438	-0.070313
504	-0.046875	-0.070313
505	-0.125000	0.000000
506	-0.093750	0.140625
507	-0.062500	-0.117188
508	-0.093750	0.085938
509	-0.039063	-0.023438
510	-0.031250	-0.070313
511	-0.007813	0.039063
512	0.007813	0.023438
513	-0.054688	0.015625
514	-0.031250	-0.054688
515	-0.046875	0.015625
516	-0.039063	0.000000
517	-0.062500	0.046875
518	-0.054688	-0.031250
519	-0.046875	0.000000
520	-0.007813	0.015625
521	-0.070313	-0.039063
522	-0.093750	-0.054688
523	-0.132813	0.007813
524	-0.109375	-0.054688
525	-0.132813	0.109375
526	-0.093750	-0.117188
527	-0.031250	0.000000
528	-0.085938	-0.054688
529	-0.117188	0.093750
530	-0.078125	-0.085938
531	-0.023438	0.023438
532	-0.117188	-0.015625
533	-0.093750	-0.156250
534	-0.023438	0.031250
535	0.031250	-0.078125
536	0.023438	0.000000
537	0.046875	0.117188
538	0.015625	-0.117188
539	-0.046875	0.187500
540	-0.062500	-0.039063
541	-0.101563	0.039063
542	-0.140625	0.117188
543	-0.023438	-0.070313
544	-0.078125	0.054688
545	-0.031250	-0.007813
546	-0.085938	0.070313
547	-0.054688	0.054688
548	-0.101563	-0.007813
549	-0.062500	0.000000
550	-0.015625	-0.070313
551	-0.054688	0.125000
552	-0.015625	-0.117188
553	-0.070313	0.039063
554	-0.078125	0.078125
555	-0.132813	-0.070313
556	-0.085938	0.101563
557	-0.031250	-0.085938
558	-0.031250	0.000000
559	0.046875	-0.039063
560	0.015625	-0.085938
561	-0.031250	0.101563
562	0.000000	-0.054688
563	-0.093750	0.164063
564	-0.070313	-0.171875
565	-0.140625	0.109375
566	-0.156250	-0.101563
567	-0.078125	0.039063
568	-0.054688	0.031250
569	-0.085938	-0.117188
570	-0.093750	0.070313
571	-0.078125	-0.070313
572	0.023438	0.039063
573	0.000000	-0.046875
574	-0.007813	-0.023438
575	-0.031250	0.062500
576	-0.046875	-0.062500
577	-0.070313	-0.039063
578	0.031250	0.078125
579	0.023438	-0.062500
580	-0.062500	-0.023438
581	-0.031250	0.093750
582	-0.039063	0.023438
583	-0.070313	0.007813
584	-0.039063	0.000000
585	-0.046875	-0.031250
586	-0.062500	0.054688
587	-0.007813	-0.031250
588	-0.031250	0.046875
589	-0.039063	-0.039063
590	-0.078125	-0.031250
591	-0.109375	-0.039063
592	-0.109375	0.117188
593	-0.054688	-0.132813
594	-0.070313	0.062500
595	-0.070313	-0.054688
596	-0.015625	0.078125
597	0.078125	-0.039063
598	0.046875	0.015625
599	0.000000	-0.093750
600	-0.070313	0.070313
601	-0.039063	0.023438
602	-0.031250	0.039063
603	-0.039063	-0.093750
604	-0.109375	-0.007813
605	-0.078125	0.031250
606	-0.039063	0.000000
607	-0.054688	-0.085938
608	-0.085938	-0.070313
609	-0.078125	0.062500
610	-0.148438	-0.125000
611	-0.085938	0.085938
612	-0.046875	-0.023438
613	-0.085938	-0.023438
614	-0.093750	-0.015625
615	-0.070313	-0.007813
616	-0.164063	0.007813
617	-0.062500	-0.023438
618	-0.031250	0.031250
619	-0.031250	-0.125000
620	-0.031250	0.054688
621	-0.062500	0.015625
622	-0.070313	0.039063
623	-0.046875	0.007813
624	-0.062500	-0.007813
625	-0.062500	0.000000
626	-0.085938	-0.062500
627	-0.054688	0.031250
628	-0.101563	0.015625
629	-0.109375	-0.039063
630	-0.078125	0.101563
631	-0.109375	-0.054688
632	-0.039063	0.101563
633	-0.078125	-0.007813
634	-0.070313	0.023438
635	-0.109375	-0.054688
636	-0.062500	0.062500
637	0.000000	0.031250
638	-0.031250	-0.046875
639	-0.015625	0.015625
640	-0.054688	-0.125000
641	-0.101563	0.015625
642	-0.101563	-0.101563
643	-0.062500	0.101563
644	-0.015625	-0.023438
645	-0.078125	0.031250
646	-0.031250	0.039063
647	-0.039063	0.031250
648	-0.078125	0.078125
649	-0.078125	-0.007813
650	-0.070313	-0.078125
651	-0.078125	-0.039063
652	-0.125000	0.039063
653	-0.101563	-0.062500
654	-0.023438	0.132813
655	-0.093750	-0.085938
656	-0.125000	0.132813
657	-0.078125	-0.062500
658	-0.023438	0.148438
659	-0.085938	-0.132813
660	-0.085938	0.117188
661	0.000000	-0.078125
662	-0.023438	0.109375
663	0.015625	0.039063
664	0.039063	-0.070313
665	-0.023438	0.015625
666	-0.007813	0.070313
667	-0.031250	-0.015625
668	-0.125000	-0.007813
669	-0.117188	0.015625
670	-0.101563	-0.078125
671	-0.070313	0.078125
672	-0.085938	-0.070313
673	-0.078125	0.046875
674	-0.031250	-0.070313
675	-0.031250	-0.015625
676	-0.054688	0.085938
677	0.031250	0.015625
678	-0.046875	-0.062500
679	-0.085938	0.007813
680	-0.101563	-0.007813
681	-0.039063	-0.046875
682	-0.054688	0.070313
683	-0.007813	-0.046875
684	0.015625	0.007813
685	-0.070313	-0.085938
686	-0.132813	-0.054688
687	-0.078125	0.039063
688	-0.101563	-0.070313
689	-0.132813	-0.039063
690	-0.132813	-0.007813
691	-0.062500	-0.054688
692	-0.093750	0.023438
693	0.000000	0.039063
694	-0.085938	-0.031250
695	-0.062500	0.140625
696	-0.070313	-0.007813
697	-0.023438	-0.078125
698	-0.125000	-0.046875
699	-0.093750	0.023438
700	-0.046875	-0.023438
701	0.007813	0.039063
702	-0.031250	-0.070313
703	-0.093750	0.101563
704	-0.085938	-0.148438
705	-0.085938	0.039063
706	-0.078125	0.000000
707	-0.109375	-0.007813
708	-0.023438	0.085938
709	-0.015625	-0.085938
710	-0.101563	-0.023438
711	-0.078125	-0.093750
712	0.007813	0.093750
713	-0.023438	0.039063
714	-0.031250	0.039063
715	0.000000	-0.015625
716	-0.031250	-0.070313
717	-0.046875	0.046875
718	0.007813	0.000000
719	0.015625	0.109375
720	-0.015625	-0.062500
721	-0.031250	0.046875
722	-0.117188	-0.085938
723	-0.101563	0.062500
724	-0.164063	0.031250
725	-0.117188	0.000000
726	-0.062500	-0.015625
727	-0.046875	0.023438
728	0.000000	0.007813
729	-0.031250	-0.132813
730	-0.039063	0.101563
731	-0.039063	-0.164063
732	-0.007813	0.054688
733	-0.031250	-0.039063
734	-0.085938	0.031250
735	-0.093750	-0.062500
736	0.007813	0.007813
737	-0.054688	-0.070313
738	-0.031250	0.093750
739	-0.007813	-0.046875
740	-0.039063	0.031250
741	-0.054688	-0.109375
742	-0.031250	-0.117188
743	-0.070313	0.093750
744	-0.132813	-0.148438
745	-0.117188	0.062500
746	-0.109375	-0.070313
747	-0.078125	0.054688
748	-0.093750	-0.007813
749	-0.078125	0.000000
750	-0.070313	-0.007813
751	-0.101563	-0.054688
752	-0.031250	0.148438
753	-0.039063	-0.132813
754	0.007813	0.023438
755	-0.015625	0.007813
756	-0.023438	0.000000
757	-0.109375	-0.109375
758	-0.132813	0.023438
759	-0.125000	-0.007813
760	-0.070313	-0.023438
761	-0.046875	0.007813
762	-0.023438	-0.093750
763	-0.062500	0.078125
764	0.000000	-0.007813
765	-0.015625	-0.023438
766	-0.062500	0.039063
767	-0.054688	-0.101563
768	-0.007813	0.140625
769	-0.023438	-0.078125
770	-0.039063	-0.023438
771	-0.023438	0.046875
772	0.000000	0.023438
773	-0.093750	-0.085938
774	-0.132813	0.054688
775	-0.078125	0.023438
776	-0.062500	0.007813
777	-0.085938	-0.031250
778	-0.093750	0.070313
779	-0.070313	-0.156250
780	-0.046875	0.046875
781	-0.062500	-0.007813
782	-0.078125	0.078125
783	-0.062500	-0.054688
784	-0.070313	0.031250
785	-0.023438	0.062500
786	-0.054688	0.023438
787	-0.054688	-0.085938
788	-0.078125	0.125000
789	-0.093750	0.000000
790	-0.023438	-0.007813
791	-0.054688	0.000000
792	-0.039063	0.070313
793	-0.117188	0.117188
794	-0.132813	-0.039063
795	-0.164063	0.054688
796	-0.093750	-0.093750
797	-0.031250	0.007813
798	-0.007813	-0.015625
799	0.023438	-0.070313
800	0.000000	0.085938
801	0.000000	-0.062500
802	0.046875	0.000000
803	-0.039063	-0.015625
804	-0.070313	-0.078125
805	0.007813	0.015625
806	0.031250	0.078125
807	-0.117188	-0.070313
808	-0.164063	0.179688
809	-0.179688	-0.093750
810	-0.117188	-0.101563
811	-0.093750	-0.046875
812	-0.101563	0.054688
813	-0.062500	0.000000
814	-0.101563	0.031250
815	-0.093750	0.000000
816	-0.062500	-0.054688
817	-0.062500	0.062500
818	-0.023438	-0.039063
819	-0.085938	-0.039063
820	-0.078125	-0.023438
821	0.023438	-0.039063
822	-0.007813	0.062500
823	-0.054688	0.007813
824	-0.015625	0.015625
825	-0.062500	0.109375
826	-0.046875	-0.187500
827	0.046875	0.078125
828	0.031250	-0.039063
829	-0.046875	-0.062500
830	-0.015625	0.007813
831	-0.015625	0.171875
832	-0.007813	-0.085938
833	-0.046875	0.000000
834	-0.031250	-0.007813
835	0.031250	-0.054688
836	-0.046875	0.062500
837	-0.085938	0.039063
838	-0.140625	-0.101563
839	-0.125000	0.070313
840	-0.054688	-0.007813
841	-0.062500	0.070313
842	-0.078125	-0.125000
843	-0.093750	-0.039063
844	-0.039063	-0.007813
845	-0.046875	0.015625
846	-0.023438	-0.039063
847	-0.031250	0.031250
848	-0.046875	0.085938
849	-0.054688	-0.054688
850	0.000000	0.062500
851	-0.062500	0.187500
852	-0.046875	-0.085938
853	-0.007813	-0.062500
854	-0.085938	0.203125
855	-0.117188	-0.171875
856	-0.062500	0.039063
857	-0.062500	-0.039063
858	-0.054688	-0.039063
859	-0.085938	-0.125000
860	-0.109375	0.125000
861	-0.085938	0.023438
862	-0.085938	-0.039063
863	0.023438	-0.015625
864	-0.031250	0.015625
865	-0.070313	0.015625
866	-0.070313	0.007813
867	-0.054688	0.007813
868	-0.039063	0.039063
869	-0.085938	0.031250
870	0.015625	0.007813
871	-0.031250	-0.023438
872	0.007813	-0.039063
873	-0.031250	-0.062500
874	-0.046875	-0.023438
875	-0.132813	-0.023438
876	-0.109375	0.062500
877	-0.101563	-0.015625
878	-0.031250	0.015625
879	-0.125000	-0.046875
880	-0.109375	0.039063
881	-0.140625	0.054688
882	-0.062500	0.007813
883	-0.031250	0.078125
884	-0.132813	-0.054688
885	-0.062500	-0.117188
886	-0.078125	0.132813
887	-0.078125	-0.171875
888	0.031250	0.078125
889	-0.046875	0.015625
890	-0.007813	-0.093750
891	-0.007813	0.132813
892	-0.007813	0.015625
893	-0.078125	0.031250
894	-0.085938	-0.085938
895	-0.039063	0.054688
896	0.023438	-0.031250
897	0.000000	0.078125
898	-0.039063	-0.062500
899	0.039063	-0.046875
900	0.093750	0.062500
901	0.078125	-0.015625
902	0.039063	0.062500
903	0.007813	-0.015625
904	-0.078125	0.085938
905	-0.023438	-0.023438
906	-0.039063	-0.007813
907	-0.070313	0.023438
908	-0.109375	-0.031250
909	-0.031250	0.101563
910	-0.078125	-0.039063
911	-0.007813	-0.039063
912	-0.046875	-0.039063
913	-0.070313	0.039063
914	-0.117188	0.015625
915	-0.054688	-0.046875
916	0.007813	0.039063
917	0.023438	0.015625
918	-0.085938	-0.023438
919	-0.140625	0.085938
920	-0.054688	-0.101563
921	-0.125000	-0.023438
922	-0.117188	-0.015625
923	-0.125000	0.015625
924	-0.085938	0.140625
925	-0.070313	-0.007813
926	-0.031250	0.046875
927	-0.070313	-0.140625
928	-0.039063	0.023438
929	-0.023438	-0.062500
930	-0.054688	0.054688
931	-0.046875	-0.007813
932	0.015625	0.054688
933	0.000000	0.015625
934	-0.031250	-0.039063
935	-0.039063	0.078125
936	-0.046875	-0.039063
937	-0.039063	0.015625
938	-0.015625	0.109375
939	-0.093750	-0.062500
940	-0.085938	0.015625
941	0.000000	-0.062500
942	0.000000	-0.007813
943	-0.031250	-0.023438
944	-0.031250	-0.031250
945	-0.046875	-0.046875
946	-0.085938	0.023438
947	-0.046875	-0.046875
948	-0.039063	-0.164063
949	-0.085938	0.187500
950	-0.109375	-0.179688
951	-0.101563	0.023438
952	-0.062500	-0.039063
953	-0.085938	-0.062500
954	-0.007813	0.000000
955	0.007813	-0.125000
956	-0.054688	0.148438
957	-0.062500	-0.109375
958	-0.054688	0.031250
959	-0.023438	-0.062500
960	-0.015625	0.015625
961	-0.023438	0.015625
962	-0.023438	-0.023438
963	-0.046875	0.031250
964	-0.109375	0.007813
965	-0.070313	-0.109375
966	-0.070313	0.070313
967	-0.054688	-0.132813
968	-0.039063	0.093750
969	-0.007813	-0.078125
970	-0.070313	0.125000
971	-0.039063	-0.046875
972	-0.054688	0.039063
973	-0.062500	-0.039063
974	-0.062500	0.007813
975	-0.039063	-0.046875
976	-0.093750	-0.007813
977	-0.132813	0.015625
978	-0.125000	0.007813
979	-0.023438	-0.062500
980	-0.078125	0.062500
981	-0.062500	0.023438
982	-0.031250	-0.101563
983	0.007813	0.140625
984	-0.039063	-0.132813
985	-0.085938	0.039063
986	-0.046875	-0.015625
987	-0.085938	-0.031250
988	-0.109375	0.039063
989	-0.015625	-0.046875
990	-0.039063	-0.007813
991	0.023438	0.054688
992	0.000000	0.023438
993	-0.117188	-0.179688
994	-0.140625	0.156250
995	-0.023438	-0.101563
996	-0.031250	-0.007813
997	-0.078125	-0.070313
998	-0.046875	-0.031250
999	-0.093750	0.078125
