0	-1.000000	-1.000000
1	-1.000000	-1.000000
2	-0.984375	-0.992188
3	-1.000000	-1.000000
4	-1.000000	-1.000000
5	-1.000000	-1.000000
6	-1.000000	-1.000000
7	-1.000000	-1.000000
8	-1.000000	-1.000000
9	-1.000000	-1.000000
10	-1.000000	-1.000000
11	-1.000000	-1.000000
12	-1.000000	-1.000000
13	-1.000000	-1.000000
14	-0.984375	-0.992188
15	-1.000000	-1.000000
16	-0.984375	-0.992188
17	-0.984375	-0.992188
18	-0.984375	-0.992188
19	-1.000000	-1.000000
20	-1.000000	-1.000000
21	-0.984375	-0.992188
22	-1.000000	-1.000000
23	-1.000000	-1.000000
24	-1.000000	-1.000000
25	-0.984375	-0.992188
26	-0.984375	-0.992188
27	-1.000000	-1.000000
28	-1.000000	-1.000000
29	-1.000000	-1.000000
30	-1.000000	-1.000000
31	-1.000000	-1.000000
32	-0.976563	-0.984375
33	-1.000000	-1.000000
34	-1.000000	-1.000000
35	-1.000000	-1.000000
36	-0.984375	-0.992188
37	-0.984375	-0.992188
38	-0.968750	-0.984375
39	-1.000000	-1.000000
40	-0.984375	-0.992188
41	-1.000000	-1.000000
42	-0.984375	-0.992188
43	-1.000000	-1.000000
44	-1.000000	-1.000000
45	-1.000000	-1.000000
46	-0.976563	-0.984375
47	-1.000000	-1.000000
48	-1.000000	-1.000000
49	-1.000000	-1.000000
50	-1.000000	-1.000000
51	-1.000000	-1.000000
52	-1.000000	-1.000000
53	-0.984375	-0.992188
54	-0.984375	-0.992188
55	-1.000000	-1.000000
56	-0.984375	-0.992188
57	-1.000000	-1.000000
58	-0.984375	-0.992188
59	-1.000000	-1.000000
60	-1.000000	-1.000000
61	-1.000000	-1.000000
62	-1.000000	-1.000000
63	-1.000000	-1.000000
64	-1.000000	-1.000000
65	-0.984375	-0.992188
66	-1.000000	-1.000000
67	-1.000000	-1.000000
68	-1.000000	-1.000000
69	-0.984375	-0.992188
70	-1.000000	-1.000000
71	-1.000000	-1.000000
72	-1.000000	-1.000000
73	-1.000000	-1.000000
74	-1.000000	-1.000000
75	-1.000000	-1.000000
76	-1.000000	-1.000000
77	-1.000000	-1.000000
78	-1.000000	-1.000000
79	-1.000000	-1.000000
80	-1.000000	-1.000000
81	-1.000000	-1.000000
82	-1.000000	-1.000000
83	-1.000000	-1.000000
84	-1.000000	-1.000000
85	-1.000000	-1.000000
86	-1.000000	-1.000000
87	-1.000000	-1.000000
88	-0.984375	-0.992188
89	-0.984375	-0.992188
90	-1.000000	-1.000000
91	-0.984375	-0.992188
92	-0.984375	-0.992188
93	-0.984375	-0.992188
94	-1.000000	-1.000000
95	-0.984375	-0.992188
96	-1.000000	-1.000000
97	-1.000000	-1.000000
98	-0.968750	-0.984375
99	-0.984375	-0.992188
100	-0.984375	-0.992188
101	-0.984375	-0.992188
102	-1.000000	-1.000000
103	-1.000000	-1.000000
104	-1.000000	-1.000000
105	-1.000000	-1.000000
106	-1.000000	-1.000000
107	-1.000000	-1.000000
108	-1.000000	-1.000000
109	-1.000000	-1.000000
110	-0.984375	-0.992188
111	-1.000000	-1.000000
112	-1.000000	-1.000000
113	-1.000000	-1.000000
114	-0.984375	-0.992188
115	-0.984375	-0.992188
116	-0.984375	-0.992188
117	-1.000000	-1.000000
118	-0.984375	-0.992188
119	-0.984375	-0.992188
120	-1.000000	-1.000000
121	-1.000000	-1.000000
122	-0.984375	-0.992188
123	-0.984375	-0.992188
124	-1.000000	-1.000000
125	-0.984375	-0.992188
126	-1.000000	-1.000000
127	-0.984375	-0.992188
128	-0.968750	-0.984375
129	-1.000000	-1.000000
130	-1.000000	-1.000000
131	-1.000000	-1.000000
132	-1.000000	-1.000000
133	-1.000000	-1.000000
134	-1.000000	-1.000000
135	-0.976563	-0.984375
136	-1.000000	-1.000000
137	-0.968750	-0.984375
138	-1.000000	-1.000000
139	-1.000000	-1.000000
140	-1.000000	-1.000000
141	-1.000000	-1.000000
142	-0.984375	-0.992188
143	-1.000000	-1.000000
144	-1.000000	-1.000000
145	-1.000000	-1.000000
146	-0.984375	-0.992188
147	-1.000000	-1.000000
148	-1.000000	-1.000000
149	-0.984375	-0.992188
150	-1.000000	-1.000000
151	-1.000000	-1.000000
152	-0.984375	-0.992188
153	-1.000000	-1.000000
154	-1.000000	-1.000000
155	-1.000000	-1.000000
156	-1.000000	-1.000000
157	-0.968750	-0.984375
158	-1.000000	-1.000000
159	-1.000000	-1.000000
160	-1.000000	-1.000000
161	-1.000000	-1.000000
162	-1.000000	-1.000000
163	-0.984375	-0.992188
164	-1.000000	-1.000000
165	-1.000000	-1.000000
166	-1.000000	-1.000000
167	-1.000000	-1.000000
168	-1.000000	-1.000000
169	-1.000000	-1.000000
170	-1.000000	-1.000000
171	-1.000000	-1.000000
172	-1.000000	-1.000000
173	-1.000000	-1.000000
174	-1.000000	-1.000000
175	-0.984375	-0.992188
176	-0.984375	-0.992188
177	-1.000000	-1.000000
178	-1.000000	-1.000000
179	-0.984375	-0.992188
180	-1.000000	-1.000000
181	-1.000000	-1.000000
182	-1.000000	-1.000000
183	-1.000000	-1.000000
184	-1.000000	-1.000000
185	-1.000000	-1.000000
186	-1.000000	-1.000000
187	-0.984375	-0.992188
188	-1.000000	-1.000000
189	-1.000000	-1.000000
190	-0.984375	-0.992188
191	-0.984375	-0.992188
192	-0.984375	-0.992188
193	-0.984375	-0.992188
194	-1.000000	-1.000000
195	-1.000000	-1.000000
196	-1.000000	-1.000000
197	-0.984375	-0.992188
198	-1.000000	-1.000000
199	-1.000000	-1.000000
200	-1.000000	-1.000000
201	-0.984375	-0.992188
202	-1.000000	-1.000000
203	-0.984375	-0.992188
204	-1.000000	-1.000000
205	-1.000000	-1.000000
206	-1.000000	-1.000000
207	-1.000000	-1.000000
208	-1.000000	-1.000000
209	-1.000000	-1.000000
210	-1.000000	-1.000000
211	-0.968750	-0.984375
212	-1.000000	-1.000000
213	-1.000000	-1.000000
214	-1.000000	-1.000000
215	-1.000000	-1.000000
216	-1.000000	-1.000000
217	-1.000000	-1.000000
218	-1.000000	-1.000000
219	-1.000000	-1.000000
220	-1.000000	-1.000000
221	-1.000000	-1.000000
222	-1.000000	-1.000000
223	-1.000000	-1.000000
224	-1.000000	-1.000000
225	-0.984375	-0.992188
226	-0.984375	-0.992188
227	-1.000000	-1.000000
228	-0.984375	-0.992188
229	-0.984375	-0.992188
230	-1.000000	-1.000000
231	-0.984375	-0.992188
232	-1.000000	-1.000000
233	-1.000000	-1.000000
234	-1.000000	-1.000000
235	-0.984375	-0.992188
236	-1.000000	-1.000000
237	-0.976563	-0.984375
238	-0.968750	-0.984375
239	-1.000000	-1.000000
240	-1.000000	-1.000000
241	-1.000000	-1.000000
242	-0.984375	-0.992188
243	-1.000000	-1.000000
244	-1.000000	-1.000000
245	-1.000000	-1.000000
246	-1.000000	-1.000000
247	-1.000000	-1.000000
248	-1.000000	-1.000000
249	-1.000000	-1.000000
250	-0.984375	-0.992188
251	-0.984375	-0.992188
252	-1.000000	-1.000000
253	-1.000000	-1.000000
254	-1.000000	-1.000000
255	-1.000000	-1.000000
256	-1.000000	-1.000000
257	-1.000000	-1.000000
258	-0.984375	-0.992188
259	-1.000000	-1.000000
260	-0.984375	-0.992188
261	-1.000000	-1.000000
262	-0.968750	-0.984375
263	-1.000000	-1.000000
264	-1.000000	-1.000000
265	-1.000000	-1.000000
266	-1.000000	-1.000000
267	-1.000000	-1.000000
268	-1.000000	-1.000000
269	-1.000000	-1.000000
270	-1.000000	-1.000000
271	-1.000000	-1.000000
272	-1.000000	-1.000000
273	-0.976563	-0.984375
274	-1.000000	-1.000000
275	-0.968750	-0.984375
276	-1.000000	-1.000000
277	-1.000000	-1.000000
278	-1.000000	-1.000000
279	-1.000000	-1.000000
280	-1.000000	-1.000000
281	-1.000000	-1.000000
282	-1.000000	-1.000000
283	-0.968750	-0.984375
284	-1.000000	-1.000000
285	-0.984375	-0.992188
286	-1.000000	-1.000000
287	-1.000000	-1.000000
288	-1.000000	-1.000000
289	-1.000000	-1.000000
290	-1.000000	-1.000000
291	-0.968750	-0.984375
292	-1.000000	-1.000000
293	-1.000000	-1.000000
294	-0.968750	-0.984375
295	-1.000000	-1.000000
296	-0.984375	-0.992188
297	-0.984375	-0.992188
298	-1.000000	-1.000000
299	-1.000000	-1.000000
300	-1.000000	-1.000000
301	-1.000000	-1.000000
302	-1.000000	-1.000000
303	-1.000000	-1.000000
304	-1.000000	-1.000000
305	-1.000000	-1.000000
306	-1.000000	-1.000000
307	-0.984375	-0.992188
308	-1.000000	-1.000000
309	-1.000000	-1.000000
310	-0.984375	-0.992188
311	-1.000000	-1.000000
312	-0.984375	-0.992188
313	-1.000000	-1.000000
314	-1.000000	-1.000000
315	-1.000000	-1.000000
316	-0.984375	-0.992188
317	-1.000000	-1.000000
318	-0.984375	-0.992188
319	-1.000000	-1.000000
320	-0.968750	-0.984375
321	-1.000000	-1.000000
322	-1.000000	-1.000000
323	-1.000000	-1.000000
324	-1.000000	-1.000000
325	-1.000000	-1.000000
326	-0.984375	-0.992188
327	-1.000000	-1.000000
328	-1.000000	-1.000000
329	-1.000000	-1.000000
330	-1.000000	-1.000000
331	-1.000000	-1.000000
332	-1.000000	-1.000000
333	-1.000000	-1.000000
334	-1.000000	-1.000000
335	-1.000000	-1.000000
336	-1.000000	-1.000000
337	-1.000000	-1.000000
338	-1.000000	-1.000000
339	-1.000000	-1.000000
340	-1.000000	-1.000000
341	-1.000000	-1.000000
342	-1.000000	-1.000000
343	-1.000000	-1.000000
344	-0.984375	-0.992188
345	-1.000000	-1.000000
346	-1.000000	-1.000000
347	-1.000000	-1.000000
348	-0.968750	-0.984375
349	-1.000000	-1.000000
350	-0.984375	-0.992188
351	-0.976563	-0.984375
352	-1.000000	-1.000000
353	-1.000000	-1.000000
354	-1.000000	-1.000000
355	-1.000000	-1.000000
356	-1.000000	-1.000000
357	-1.000000	-1.000000
358	-1.000000	-1.000000
359	-1.000000	-1.000000
360	-1.000000	-1.000000
361	-0.984375	-0.992188
362	-1.000000	-1.000000
363	-1.000000	-1.000000
364	-1.000000	-1.000000
365	-1.000000	-1.000000
366	-0.984375	-0.992188
367	-1.000000	-1.000000
368	-0.984375	-0.992188
369	-1.000000	-1.000000
370	-1.000000	-1.000000
371	-1.000000	-1.000000
372	-1.000000	-1.000000
373	-1.000000	-1.000000
374	-1.000000	-1.000000
375	-0.976563	-0.984375
376	-1.000000	-1.000000
377	-0.968750	-0.984375
378	-1.000000	-1.000000
379	-1.000000	-1.000000
380	-1.000000	-1.000000
381	-1.000000	-1.000000
382	-1.000000	-1.000000
383	-1.000000	-1.000000
384	-1.000000	-1.000000
385	-0.984375	-0.992188
386	-0.968750	-0.984375
387	-1.000000	-1.000000
388	-1.000000	-1.000000
389	-1.000000	-1.000000
390	-1.000000	-1.000000
391	-1.000000	-1.000000
392	-1.000000	-1.000000
393	-1.000000	-1.000000
394	-1.000000	-1.000000
395	-1.000000	-1.000000
396	-0.984375	-0.992188
397	-1.000000	-1.000000
398	-1.000000	-1.000000
399	-0.960938	-0.976563
400	-0.984375	-0.992188
401	-1.000000	-1.000000
402	-1.000000	-1.000000
403	-0.984375	-0.992188
404	-0.953125	-0.968750
405	-1.000000	-1.000000
406	-1.000000	-1.000000
407	-1.000000	-1.000000
408	-0.984375	-0.992188
409	-0.968750	-0.984375
410	-1.000000	-1.000000
411	-1.000000	-1.000000
412	-1.000000	-1.000000
413	-1.000000	-1.000000
414	-1.000000	-1.000000
415	-0.984375	-0.992188
416	-0.984375	-0.992188
417	-1.000000	-1.000000
418	-1.000000	-1.000000
419	-1.000000	-1.000000
420	-1.000000	-1.000000
421	-1.000000	-1.000000
422	-0.984375	-0.992188
423	-1.000000	-1.000000
424	-1.000000	-1.000000
425	-0.984375	-0.992188
426	-1.000000	-1.000000
427	-1.000000	-1.000000
428	-1.000000	-1.000000
429	-1.000000	-1.000000
430	-1.000000	-1.000000
431	-1.000000	-1.000000
432	-1.000000	-1.000000
433	-0.984375	-0.992188
434	-1.000000	-1.000000
435	-1.000000	-1.000000
436	-1.000000	-1.000000
437	-1.000000	-1.000000
438	-0.976563	-0.984375
439	-1.000000	-1.000000
440	-1.000000	-1.000000
441	-0.984375	-0.992188
442	-1.000000	-1.000000
443	-1.000000	-1.000000
444	-1.000000	-1.000000
445	-1.000000	-1.000000
446	-1.000000	-1.000000
447	-1.000000	-1.000000
448	-1.000000	-1.000000
449	-1.000000	-1.000000
450	-1.000000	-1.000000
451	-0.984375	-0.992188
452	-1.000000	-1.000000
453	-0.984375	-0.992188
454	-0.984375	-0.992188
455	-0.984375	-0.992188
456	-1.000000	-1.000000
457	-1.000000	-1.000000
458	-1.000000	-1.000000
459	-0.968750	-0.984375
460	-0.984375	-0.992188
461	-1.000000	-1.000000
462	-1.000000	-1.000000
463	-0.984375	-0.992188
464	-1.000000	-1.000000
465	-1.000000	-1.000000
466	-1.000000	-1.000000
467	-1.000000	-1.000000
468	-0.976563	-0.984375
469	-1.000000	-1.000000
470	-1.000000	-1.000000
471	-1.000000	-1.000000
472	-1.000000	-1.000000
473	-1.000000	-1.000000
474	-0.984375	-0.992188
475	-1.000000	-1.000000
476	-0.984375	-0.992188
477	-1.000000	-1.000000
478	-1.000000	-1.000000
479	-1.000000	-1.000000
480	-0.984375	-0.992188
481	-0.984375	-0.992188
482	-1.000000	-1.000000
483	-0.984375	-0.992188
484	-0.976563	-0.984375
485	-1.000000	-1.000000
486	-1.000000	-1.000000
487	-1.000000	-1.000000
488	-0.984375	-0.992188
489	-0.984375	-0.992188
490	-1.000000	-1.000000
491	-0.984375	-0.992188
492	-1.000000	-1.000000
493	-1.000000	-1.000000
494	-1.000000	-1.000000
495	-1.000000	-1.000000
496	-1.000000	-1.000000
497	-1.000000	-1.000000
498	-1.000000	-1.000000
499	-1.000000	-1.000000
500	-1.000000	-1.000000
501	-1.000000	-1.000000
502	-1.000000	-1.000000
503	-1.000000	-1.000000
504	-0.968750	-0.984375
505	-1.000000	-1.000000
506	-1.000000	-1.000000
507	-1.000000	-1.000000
508	-1.000000	-1.000000
509	-1.000000	-1.000000
510	-1.000000	-1.000000
511	-1.000000	-1.000000
512	-1.000000	-1.000000
513	-0.968750	-0.984375
514	-1.000000	-1.000000
515	-0.968750	-0.984375
516	-0.968750	-0.984375
517	-1.000000	-1.000000
518	-1.000000	-1.000000
519	-1.000000	-1.000000
520	-0.984375	-0.992188
521	-1.000000	-1.000000
522	-1.000000	-1.000000
523	-1.000000	-1.000000
524	-1.000000	-1.000000
525	-1.000000	-1.000000
526	-1.000000	-1.000000
527	-1.000000	-1.000000
528	-1.000000	-1.000000
529	-1.000000	-1.000000
530	-0.984375	-0.992188
531	-1.000000	-1.000000
532	-1.000000	-1.000000
533	-1.000000	-1.000000
534	-1.000000	-1.000000
535	-0.976563	-0.984375
536	-1.000000	-1.000000
537	-1.000000	-1.000000
538	-1.000000	-1.000000
539	-1.000000	-1.000000
540	-1.000000	-1.000000
541	-1.000000	-1.000000
542	-1.000000	-1.000000
543	-0.984375	-0.992188
544	-1.000000	-1.000000
545	-1.000000	-1.000000
546	-0.984375	-0.992188
547	-1.000000	-1.000000
548	-1.000000	-1.000000
549	-0.976563	-0.984375
550	-0.976563	-0.984375
551	-1.000000	-1.000000
552	-1.000000	-1.000000
553	-1.000000	-1.000000
554	-1.000000	-1.000000
555	-1.000000	-1.000000
556	-0.984375	-0.992188
557	-1.000000	-1.000000
558	-0.984375	-0.992188
559	-0.968750	-0.984375
560	-1.000000	-1.000000
561	-0.984375	-0.992188
562	-1.000000	-1.000000
563	-0.984375	-0.992188
564	-1.000000	-1.000000
565	-1.000000	-1.000000
566	-1.000000	-1.000000
567	-1.000000	-1.000000
568	-1.000000	-1.000000
569	-0.953125	-0.976563
570	-1.000000	-1.000000
571	-0.984375	-0.992188
572	-1.000000	-1.000000
573	-1.000000	-1.000000
574	-1.000000	-1.000000
575	-1.000000	-1.000000
576	-1.000000	-1.000000
577	-1.000000	-1.000000
578	-0.984375	-0.992188
579	-0.968750	-0.984375
580	-1.000000	-1.000000
581	-1.000000	-1.000000
582	-0.984375	-0.992188
583	-1.000000	-1.000000
584	-1.000000	-1.000000
585	-1.000000	-1.000000
586	-1.000000	-1.000000
587	-1.000000	-1.000000
588	-1.000000	-1.000000
589	-1.000000	-1.000000
590	-0.984375	-0.992188
591	-1.000000	-1.000000
592	-1.000000	-1.000000
593	-1.000000	-1.000000
594	-1.000000	-1.000000
595	-0.968750	-0.984375
596	-1.000000	-1.000000
597	-1.000000	-1.000000
598	-0.984375	-0.992188
599	-1.000000	-1.000000
600	-1.000000	-1.000000
601	-0.984375	-0.992188
602	-1.000000	-1.000000
603	-1.000000	-1.000000
604	-0.984375	-0.992188
605	-1.000000	-1.000000
606	-1.000000	-1.000000
607	-1.000000	-1.000000
608	-1.000000	-1.000000
609	-1.000000	-1.000000
610	-1.000000	-1.000000
611	-1.000000	-1.000000
612	-0.984375	-0.992188
613	-0.984375	-0.992188
614	-1.000000	-1.000000
615	-1.000000	-1.000000
616	-1.000000	-1.000000
617	-1.000000	-1.000000
618	-1.000000	-1.000000
619	-1.000000	-1.000000
620	-0.984375	-0.992188
621	-1.000000	-1.000000
622	-0.984375	-0.992188
623	-0.984375	-0.992188
624	-1.000000	-1.000000
625	-1.000000	-1.000000
626	-1.000000	-1.000000
627	-0.968750	-0.984375
628	-0.984375	-0.992188
629	-1.000000	-1.000000
630	-1.000000	-1.000000
631	-0.984375	-0.992188
632	-1.000000	-1.000000
633	-0.984375	-0.992188
634	-1.000000	-1.000000
635	-1.000000	-1.000000
636	-1.000000	-1.000000
637	-1.000000	-1.000000
638	-1.000000	-1.000000
639	-1.000000	-1.000000
640	-0.984375	-0.992188
641	-1.000000	-1.000000
642	-0.984375	-0.992188
643	-1.000000	-1.000000
644	-0.984375	-0.992188
645	-1.000000	-1.000000
646	-1.000000	-1.000000
647	-1.000000	-1.000000
648	-1.000000	-1.000000
649	-1.000000	-1.000000
650	-0.968750	-0.984375
651	-1.000000	-1.000000
652	-0.984375	-0.992188
653	-1.000000	-1.000000
654	-1.000000	-1.000000
655	-0.968750	-0.984375
656	-1.000000	-1.000000
657	-1.000000	-1.000000
658	-1.000000	-1.000000
659	-1.000000	-1.000000
660	-1.000000	-1.000000
661	-1.000000	-1.000000
662	-0.968750	-0.984375
663	-1.000000	-1.000000
664	-1.000000	-1.000000
665	-1.000000	-1.000000
666	-1.000000	-1.000000
667	-1.000000	-1.000000
668	-1.000000	-1.000000
669	-1.000000	-1.000000
670	-1.000000	-1.000000
671	-1.000000	-1.000000
672	-1.000000	-1.000000
673	-1.000000	-1.000000
674	-0.984375	-0.992188
675	-1.000000	-1.000000
676	-1.000000	-1.000000
677	-1.000000	-1.000000
678	-1.000000	-1.000000
679	-1.000000	-1.000000
680	-1.000000	-1.000000
681	-1.000000	-1.000000
682	-0.968750	-0.984375
683	-1.000000	-1.000000
684	-1.000000	-1.000000
685	-1.000000	-1.000000
686	-1.000000	-1.000000
687	-0.984375	-0.992188
688	-1.000000	-1.000000
689	-1.000000	-1.000000
690	-0.984375	-0.992188
691	-1.000000	-1.000000
692	-1.000000	-1.000000
693	-0.984375	-0.992188
694	-0.984375	-0.992188
695	-1.000000	-1.000000
696	-0.984375	-0.992188
697	-1.000000	-1.000000
698	-1.000000	-1.000000
699	-0.984375	-0.992188
700	-1.000000	-1.000000
701	-1.000000	-1.000000
702	-1.000000	-1.000000
703	-1.000000	-1.000000
704	-0.984375	-0.992188
705	-1.000000	-1.000000
706	-1.000000	-1.000000
707	-1.000000	-1.000000
708	-1.000000	-1.000000
709	-0.968750	-0.984375
710	-1.000000	-1.000000
711	-1.000000	-1.000000
712	-0.984375	-0.992188
713	-0.984375	-0.992188
714	-0.984375	-0.992188
715	-1.000000	-1.000000
716	-0.984375	-0.992188
717	-0.984375	-0.992188
718	-1.000000	-1.000000
719	-1.000000	-1.000000
720	-1.000000	-1.000000
721	-1.000000	-1.000000
722	-1.000000	-1.000000
723	-1.000000	-1.000000
724	-1.000000	-1.000000
725	-1.000000	-1.000000
726	-1.000000	-1.000000
727	-1.000000	-1.000000
728	-1.000000	-1.000000
729	-0.968750	-0.984375
730	-1.000000	-1.000000
731	-0.984375	-0.992188
732	-1.000000	-1.000000
733	-1.000000	-1.000000
734	-0.984375	-0.992188
735	-1.000000	-1.000000
736	-1.000000	-1.000000
737	-1.000000	-1.000000
738	-1.000000	-1.000000
739	-1.000000	-1.000000
740	-0.968750	-0.984375
741	-1.000000	-1.000000
742	-1.000000	-1.000000
743	-1.000000	-1.000000
744	-1.000000	-1.000000
745	-1.000000	-1.000000
746	-1.000000	-1.000000
747	-0.984375	-0.992188
748	-1.000000	-1.000000
749	-1.000000	-1.000000
750	-1.000000	-1.000000
751	-1.000000	-1.000000
752	-1.000000	-1.000000
753	-1.000000	-1.000000
754	-1.000000	-1.000000
755	-1.000000	-1.000000
756	-1.000000	-1.000000
757	-1.000000	-1.000000
758	-0.984375	-0.992188
759	-0.984375	-0.992188
760	-1.000000	-1.000000
761	-0.984375	-0.992188
762	-0.984375	-0.992188
763	-1.000000	-1.000000
764	-1.000000	-1.000000
765	-0.984375	-0.992188
766	-1.000000	-1.000000
767	-1.000000	-1.000000
768	-1.000000	-1.000000
769	-1.000000	-1.000000
770	-1.000000	-1.000000
771	-0.984375	-0.992188
772	-0.968750	-0.984375
773	-0.984375	-0.992188
774	-1.000000	-1.000000
775	-1.000000	-1.000000
776	-1.000000	-1.000000
777	-1.000000	-1.000000
778	-1.000000	-1.000000
779	-1.000000	-1.000000
780	-1.000000	-1.000000
781	-0.984375	-0.992188
782	-0.984375	-0.992188
783	-1.000000	-1.000000
784	-0.984375	-0.992188
785	-0.984375	-0.992188
786	-1.000000	-1.000000
787	-1.000000	-1.000000
788	-1.000000	-1.000000
789	-1.000000	-1.000000
790	-0.976563	-0.984375
791	-1.000000	-1.000000
792	-0.984375	-0.992188
793	-0.984375	-0.992188
794	-1.000000	-1.000000
795	-1.000000	-1.000000
796	-1.000000	-1.000000
797	-0.984375	-0.992188
798	-1.000000	-1.000000
799	-1.000000	-1.000000
800	-1.000000	-1.000000
801	-1.000000	-1.000000
802	-0.984375	-0.992188
803	-0.984375	-0.992188
804	-1.000000	-1.000000
805	-1.000000	-1.000000
806	-0.984375	-0.992188
807	-0.984375	-0.992188
808	-0.984375	-0.992188
809	-0.984375	-0.992188
810	-0.984375	-0.992188
811	-1.000000	-1.000000
812	-1.000000	-1.000000
813	-1.000000	-1.000000
814	-1.000000	-1.000000
815	-1.000000	-1.000000
816	-0.984375	-0.992188
817	-1.000000	-1.000000
818	-0.984375	-0.992188
819	-1.000000	-1.000000
820	-0.984375	-0.992188
821	-1.000000	-1.000000
822	-1.000000	-1.000000
823	-1.000000	-1.000000
824	-0.984375	-0.992188
825	-1.000000	-1.000000
826	-1.000000	-1.000000
827	-0.968750	-0.984375
828	-0.953125	-0.976563
829	-1.000000	-1.000000
830	-0.984375	-0.992188
831	-1.000000	-1.000000
832	-1.000000	-1.000000
833	-1.000000	-1.000000
834	-1.000000	-1.000000
835	-1.000000	-1.000000
836	-1.000000	-1.000000
837	-0.968750	-0.984375
838	-1.000000	-1.000000
839	-1.000000	-1.000000
840	-1.000000	-1.000000
841	-1.000000	-1.000000
842	-1.000000	-1.000000
843	-0.984375	-0.992188
844	-1.000000	-1.000000
845	-1.000000	-1.000000
846	-1.000000	-1.000000
847	-0.976563	-0.984375
848	-1.000000	-1.000000
849	-1.000000	-1.000000
850	-1.000000	-1.000000
851	-1.000000	-1.000000
852	-1.000000	-1.000000
853	-0.984375	-0.992188
854	-0.984375	-0.992188
855	-0.984375	-0.992188
856	-0.976563	-0.984375
857	-1.000000	-1.000000
858	-1.000000	-1.000000
859	-1.000000	-1.000000
860	-1.000000	-1.000000
861	-0.984375	-0.992188
862	-1.000000	-1.000000
863	-1.000000	-1.000000
864	-0.968750	-0.984375
865	-1.000000	-1.000000
866	-1.000000	-1.000000
867	-1.000000	-1.000000
868	-0.960938	-0.976563
869	-1.000000	-1.000000
870	-1.000000	-1.000000
871	-0.984375	-0.992188
872	-1.000000	-1.000000
873	-1.000000	-1.000000
874	-0.953125	-0.960938
875	-0.984375	-0.992188
876	-1.000000	-1.000000
877	-1.000000	-1.000000
878	-0.984375	-0.992188
879	-1.000000	-1.000000
880	-1.000000	-1.000000
881	-1.000000	-1.000000
882	-0.984375	-0.992188
883	-0.984375	-0.992188
884	-0.968750	-0.984375
885	-1.000000	-1.000000
886	-1.000000	-1.000000
887	-0.984375	-0.992188
888	-1.000000	-1.000000
889	-0.984375	-0.992188
890	-1.000000	-1.000000
891	-1.000000	-1.000000
892	-0.976563	-0.984375
893	-1.000000	-1.000000
894	-0.984375	-0.992188
895	-1.000000	-1.000000
896	-1.000000	-1.000000
897	-0.984375	-0.992188
898	-1.000000	-1.000000
899	-1.000000	-1.000000
900	-0.984375	-0.992188
901	-0.960938	-0.976563
902	-1.000000	-1.000000
903	-1.000000	-1.000000
904	-0.984375	-0.992188
905	-1.000000	-1.000000
906	-0.984375	-0.992188
907	-1.000000	-1.000000
908	-1.000000	-1.000000
909	-1.000000	-1.000000
910	-0.984375	-0.992188
911	-1.000000	-1.000000
912	-1.000000	-1.000000
913	-1.000000	-1.000000
914	-1.000000	-1.000000
915	-0.984375	-0.992188
916	-1.000000	-1.000000
917	-1.000000	-1.000000
918	-0.984375	-0.992188
919	-1.000000	-1.000000
920	-1.000000	-1.000000
921	-1.000000	-1.000000
922	-0.984375	-0.992188
923	-1.000000	-1.000000
924	-1.000000	-1.000000
925	-1.000000	-1.000000
926	-1.000000	-1.000000
927	-1.000000	-1.000000
928	-0.984375	-0.992188
929	-1.000000	-1.000000
930	-0.984375	-0.992188
931	-0.984375	-0.992188
932	-0.984375	-0.992188
933	-1.000000	-1.000000
934	-0.984375	-0.992188
935	-1.000000	-1.000000
936	-1.000000	-1.000000
937	-0.984375	-0.992188
938	-1.000000	-1.000000
939	-0.984375	-0.992188
940	-1.000000	-1.000000
941	-1.000000	-1.000000
942	-1.000000	-1.000000
943	-1.000000	-1.000000
944	-1.000000	-1.000000
945	-0.984375	-0.992188
946	-1.000000	-1.000000
947	-0.968750	-0.984375
948	-1.000000	-1.000000
949	-1.000000	-1.000000
950	-1.000000	-1.000000
951	-0.968750	-0.984375
952	-0.984375	-0.992188
953	-0.968750	-0.984375
954	-1.000000	-1.000000
955	-1.000000	-1.000000
956	-1.000000	-1.000000
957	-1.000000	-1.000000
958	-0.984375	-0.992188
959	-1.000000	-1.000000
960	-0.984375	-0.992188
961	-1.000000	-1.000000
962	-1.000000	-1.000000
963	-0.984375	-0.992188
964	-1.000000	-1.000000
965	-0.968750	-0.984375
966	-1.000000	-1.000000
967	-0.984375	-0.992188
968	-1.000000	-1.000000
969	-0.984375	-0.992188
970	-0.984375	-0.992188
971	-1.000000	-1.000000
972	-0.984375	-0.992188
973	-1.000000	-1.000000
974	-1.000000	-1.000000
975	-0.984375	-0.992188
976	-1.000000	-1.000000
977	-1.000000	-1.000000
978	-0.984375	-0.992188
979	-1.000000	-1.000000
980	-1.000000	-1.000000
981	-1.000000	-1.000000
982	-0.984375	-0.992188
983	-0.984375	-0.992188
984	-0.984375	-0.992188
985	-1.000000	-1.000000
986	-0.984375	-0.992188
987	-1.000000	-1.000000
988	-0.976563	-0.984375
989	-1.000000	-1.000000
990	-1.000000	-1.000000
991	-1.000000	-1.000000
992	-1.000000	-1.000000
993	-1.000000	-1.000000
994	-0.960938	-0.976563
995	-1.000000	-1.000000
996	-0.984375	-0.992188
997	-1.000000	-1.000000
998	-1.000000	-1.000000
999	-1.000000	-1.000000
