0	-0.218750	-0.101563
1	-0.078125	-0.007813
2	-0.078125	-0.015625
3	-0.125000	0.117188
4	-0.156250	0.039063
5	-0.156250	-0.015625
6	-0.187500	-0.093750
7	-0.195313	-0.140625
8	-0.210938	-0.101563
9	-0.148438	-0.085938
10	-0.148438	-0.109375
11	-0.187500	-0.226563
12	-0.234375	0.039063
13	-0.179688	-0.023438
14	-0.164063	0.164063
15	-0.179688	-0.023438
16	-0.250000	-0.218750
17	-0.164063	0.085938
18	-0.140625	-0.062500
19	-0.242188	0.031250
20	-0.218750	-0.101563
21	-0.226563	0.148438
22	-0.148438	-0.062500
23	-0.171875	0.039063
24	-0.187500	0.023438
25	-0.156250	0.007813
26	-0.171875	0.046875
27	-0.140625	0.015625
28	-0.179688	-0.023438
29	-0.210938	0.015625
30	-0.187500	0.140625
31	-0.171875	0.046875
32	-0.203125	-0.109375
33	-0.203125	-0.078125
34	-0.226563	-0.171875
35	-0.218750	0.062500
36	-0.281250	-0.187500
37	-0.187500	0.023438
38	-0.187500	0.015625
39	-0.140625	-0.039063
40	-0.156250	0.164063
41	-0.210938	-0.218750
42	-0.187500	0.140625
43	-0.101563	0.093750
44	-0.101563	-0.046875
45	-0.164063	0.093750
46	-0.242188	0.117188
47	-0.195313	-0.046875
48	-0.304688	-0.093750
49	-0.250000	-0.164063
50	-0.156250	-0.093750
51	-0.109375	0.093750
52	-0.171875	-0.031250
53	-0.156250	-0.085938
54	-0.109375	0.093750
55	-0.179688	-0.164063
56	-0.187500	0.046875
57	-0.148438	-0.117188
58	-0.187500	0.023438
59	-0.218750	0.031250
60	-0.218750	0.156250
61	-0.164063	0.000000
62	-0.156250	0.117188
63	-0.140625	0.046875
64	-0.148438	-0.132813
65	-0.203125	-0.085938
66	-0.148438	-0.109375
67	-0.140625	-0.070313
68	-0.156250	-0.101563
69	-0.093750	-0.046875
70	-0.085938	0.000000
71	-0.218750	0.078125
72	-0.195313	0.070313
73	-0.148438	0.117188
74	-0.171875	-0.078125
75	-0.148438	0.015625
76	-0.218750	0.078125
77	-0.242188	-0.039063
78	-0.226563	-0.210938
79	-0.164063	-0.085938
80	-0.226563	0.054688
81	-0.203125	-0.132813
82	-0.125000	0.156250
83	-0.109375	-0.015625
84	-0.187500	-0.039063
85	-0.093750	-0.054688
86	-0.164063	0.171875
87	-0.226563	0.250000
88	-0.171875	0.031250
89	-0.171875	0.054688
90	-0.179688	0.085938
91	-0.171875	-0.054688
92	-0.148438	-0.093750
93	-0.203125	-0.046875
94	-0.156250	-0.039063
95	-0.156250	0.015625
96	-0.171875	0.054688
97	-0.312500	0.390625
98	-0.164063	-0.070313
99	-0.226563	0.156250
100	-0.226563	-0.062500
101	-0.210938	0.187500
102	-0.257813	-0.132813
103	-0.195313	-0.007813
104	-0.203125	-0.046875
105	-0.125000	-0.015625
106	-0.203125	0.007813
107	-0.218750	-0.007813
108	-0.250000	-0.078125
109	-0.179688	0.046875
110	-0.164063	-0.085938
111	-0.210938	-0.015625
112	-0.179688	-0.164063
113	-0.187500	-0.062500
114	-0.210938	-0.039063
115	-0.179688	0.015625
116	-0.218750	-0.125000
117	-0.195313	-0.156250
118	-0.140625	-0.062500
119	-0.140625	0.054688
120	-0.179688	-0.015625
121	-0.093750	-0.062500
122	-0.226563	-0.031250
123	-0.125000	-0.015625
124	-0.187500	-0.046875
125	-0.210938	0.031250
126	-0.195313	-0.070313
127	-0.171875	-0.070313
128	-0.195313	-0.054688
129	-0.257813	0.039063
130	-0.203125	-0.023438
131	-0.148438	0.187500
132	-0.179688	0.070313
133	-0.132813	0.078125
134	-0.156250	0.054688
135	-0.203125	0.031250
136	-0.195313	0.007813
137	-0.164063	-0.078125
138	-0.117188	-0.046875
139	-0.187500	0.101563
140	-0.125000	0.015625
141	-0.164063	0.031250
142	-0.210938	0.078125
143	-0.117188	-0.085938
144	-0.171875	0.039063
145	-0.148438	-0.164063
146	-0.125000	0.132813
147	-0.195313	0.023438
148	-0.242188	0.125000
149	-0.320313	-0.015625
150	-0.187500	0.015625
151	-0.195313	-0.109375
152	-0.164063	-0.117188
153	-0.195313	-0.109375
154	-0.250000	0.031250
155	-0.195313	0.117188
156	-0.101563	0.070313
157	-0.132813	0.117188
158	-0.171875	0.125000
159	-0.179688	-0.054688
160	-0.210938	0.171875
161	-0.195313	0.031250
162	-0.171875	-0.179688
163	-0.093750	-0.046875
164	-0.109375	0.007813
165	-0.156250	-0.140625
166	-0.210938	0.039063
167	-0.085938	0.007813
168	-0.164063	0.093750
169	-0.257813	-0.015625
170	-0.203125	-0.046875
171	-0.109375	0.007813
172	-0.312500	-0.039063
173	-0.218750	0.117188
174	-0.132813	-0.023438
175	-0.171875	0.007813
176	-0.210938	-0.179688
177	-0.164063	0.062500
178	-0.156250	-0.078125
179	-0.156250	-0.210938
180	-0.164063	-0.007813
181	-0.187500	0.023438
182	-0.140625	-0.023438
183	-0.289063	0.054688
184	-0.156250	-0.085938
185	-0.195313	-0.171875
186	-0.195313	0.085938
187	-0.218750	0.125000
188	-0.156250	0.023438
189	-0.203125	0.046875
190	-0.125000	0.046875
191	-0.164063	0.062500
192	-0.054688	-0.046875
193	-0.085938	-0.070313
194	-0.101563	-0.031250
195	-0.203125	-0.015625
196	-0.117188	-0.078125
197	-0.195313	0.000000
198	-0.218750	-0.023438
199	-0.148438	0.203125
200	-0.234375	0.062500
201	-0.226563	-0.203125
202	-0.203125	-0.125000
203	-0.140625	0.078125
204	-0.125000	-0.007813
205	-0.156250	-0.031250
206	-0.164063	0.015625
207	-0.101563	-0.117188
208	-0.125000	0.125000
209	-0.210938	0.117188
210	-0.109375	-0.179688
211	-0.164063	-0.007813
212	-0.164063	0.031250
213	-0.171875	0.187500
214	-0.164063	0.109375
215	-0.148438	-0.085938
216	-0.156250	0.000000
217	-0.148438	-0.132813
218	-0.140625	0.078125
219	-0.195313	-0.085938
220	-0.242188	0.148438
221	-0.210938	-0.117188
222	-0.101563	0.023438
223	-0.117188	-0.070313
224	-0.132813	0.085938
225	-0.125000	-0.085938
226	-0.164063	-0.031250
227	-0.187500	-0.078125
228	-0.226563	-0.007813
229	-0.156250	0.039063
230	-0.234375	0.000000
231	-0.250000	0.101563
232	-0.234375	0.031250
233	-0.171875	-0.085938
234	-0.171875	0.023438
235	-0.179688	0.015625
236	-0.187500	0.187500
237	-0.179688	0.109375
238	-0.226563	0.007813
239	-0.234375	0.148438
240	-0.093750	-0.101563
241	-0.203125	0.031250
242	-0.125000	0.062500
243	-0.218750	-0.054688
244	-0.125000	0.078125
245	-0.117188	-0.031250
246	-0.148438	0.140625
247	-0.117188	0.039063
248	-0.218750	0.054688
249	-0.164063	0.195313
250	-0.187500	-0.007813
251	-0.156250	-0.046875
252	-0.148438	-0.085938
253	-0.132813	0.070313
254	-0.117188	-0.015625
255	-0.101563	0.070313
256	-0.242188	-0.132813
257	-0.156250	0.101563
258	-0.179688	-0.039063
259	-0.125000	0.000000
260	-0.171875	0.085938
261	-0.132813	-0.023438
262	-0.140625	-0.132813
263	-0.125000	-0.015625
264	-0.187500	-0.210938
265	-0.140625	-0.078125
266	-0.250000	0.085938
267	-0.179688	0.187500
268	-0.132813	-0.109375
269	-0.187500	0.070313
270	-0.179688	-0.046875
271	-0.257813	0.242188
272	-0.132813	-0.015625
273	-0.187500	0.007813
274	-0.132813	0.039063
275	-0.187500	-0.195313
276	-0.148438	-0.093750
277	-0.156250	-0.148438
278	-0.109375	0.117188
279	-0.171875	-0.023438
280	-0.156250	-0.023438
281	-0.179688	0.101563
282	-0.148438	0.046875
283	-0.242188	-0.085938
284	-0.210938	0.171875
285	-0.195313	0.062500
286	-0.210938	-0.015625
287	-0.132813	0.023438
288	-0.085938	0.054688
289	-0.117188	0.039063
290	-0.210938	0.015625
291	-0.179688	-0.054688
292	-0.179688	0.078125
293	-0.148438	-0.109375
294	-0.195313	0.031250
295	-0.171875	-0.007813
296	-0.226563	-0.070313
297	-0.148438	0.015625
298	-0.273438	0.046875
299	-0.265625	0.210938
300	-0.179688	-0.132813
301	-0.117188	0.062500
302	-0.156250	0.054688
303	-0.140625	-0.007813
304	-0.218750	-0.015625
305	-0.148438	0.000000
306	-0.218750	-0.046875
307	-0.195313	-0.046875
308	-0.179688	0.015625
309	-0.109375	0.140625
310	-0.140625	-0.226563
311	-0.234375	0.062500
312	-0.164063	0.070313
313	-0.070313	0.007813
314	-0.140625	0.195313
315	-0.179688	-0.164063
316	-0.296875	-0.007813
317	-0.179688	-0.031250
318	-0.140625	-0.140625
319	-0.203125	-0.085938
320	-0.203125	0.000000
321	-0.164063	-0.101563
322	-0.171875	0.000000
323	-0.132813	-0.062500
324	-0.164063	-0.031250
325	-0.148438	-0.132813
326	-0.210938	0.023438
327	-0.125000	-0.085938
328	-0.195313	0.078125
329	-0.234375	0.156250
330	-0.117188	0.031250
331	-0.203125	-0.125000
332	-0.171875	0.132813
333	-0.195313	0.078125
334	-0.117188	0.132813
335	-0.257813	-0.140625
336	-0.187500	0.070313
337	-0.125000	0.046875
338	-0.195313	-0.117188
339	-0.148438	-0.101563
340	-0.101563	-0.039063
341	-0.093750	0.054688
342	-0.132813	-0.054688
343	-0.179688	0.007813
344	-0.265625	0.187500
345	-0.179688	0.015625
346	-0.093750	-0.023438
347	-0.148438	-0.015625
348	-0.148438	-0.031250
349	-0.210938	-0.132813
350	-0.226563	-0.101563
351	-0.210938	0.070313
352	-0.109375	0.015625
353	-0.179688	0.101563
354	-0.210938	-0.062500
355	-0.234375	-0.007813
356	-0.210938	-0.085938
357	-0.148438	0.039063
358	-0.179688	-0.046875
359	-0.132813	0.101563
360	-0.179688	0.101563
361	-0.226563	-0.101563
362	-0.171875	-0.007813
363	-0.140625	0.023438
364	-0.210938	-0.015625
365	-0.171875	-0.062500
366	-0.226563	-0.015625
367	-0.218750	0.031250
368	-0.125000	0.156250
369	-0.195313	-0.164063
370	-0.195313	-0.023438
371	-0.171875	0.031250
372	-0.148438	0.070313
373	-0.187500	0.148438
374	-0.187500	-0.070313
375	-0.203125	-0.062500
376	-0.125000	0.000000
377	-0.195313	0.179688
378	-0.218750	0.101563
379	-0.250000	-0.187500
380	-0.140625	0.109375
381	-0.148438	-0.085938
382	-0.164063	0.078125
383	-0.156250	0.070313
384	-0.210938	0.015625
385	-0.234375	-0.164063
386	-0.195313	-0.085938
387	-0.140625	0.117188
388	-0.148438	0.148438
389	-0.187500	-0.054688
390	-0.179688	0.140625
391	-0.187500	-0.078125
392	-0.140625	0.007813
393	-0.109375	-0.046875
394	-0.210938	0.054688
395	-0.187500	0.039063
396	-0.125000	0.031250
397	-0.218750	-0.078125
398	-0.164063	0.054688
399	-0.218750	-0.007813
400	-0.187500	-0.007813
401	-0.179688	0.031250
402	-0.187500	-0.039063
403	-0.218750	0.218750
404	-0.226563	0.054688
405	-0.187500	0.140625
406	-0.156250	-0.078125
407	-0.171875	0.117188
408	-0.234375	0.085938
409	-0.148438	-0.085938
410	-0.109375	0.039063
411	-0.117188	-0.093750
412	-0.210938	0.226563
413	-0.187500	-0.023438
414	-0.242188	0.046875
415	-0.250000	-0.109375
416	-0.164063	0.031250
417	-0.257813	0.093750
418	-0.187500	-0.054688
419	-0.140625	0.000000
420	-0.179688	-0.179688
421	-0.171875	-0.054688
422	-0.250000	-0.039063
423	-0.195313	-0.039063
424	-0.164063	0.070313
425	-0.140625	-0.164063
426	-0.203125	0.039063
427	-0.171875	-0.132813
428	-0.187500	0.070313
429	-0.210938	-0.039063
430	-0.171875	-0.039063
431	-0.203125	-0.062500
432	-0.156250	0.101563
433	-0.164063	0.039063
434	-0.148438	-0.054688
435	-0.171875	-0.125000
436	-0.195313	0.054688
437	-0.234375	0.015625
438	-0.218750	-0.125000
439	-0.164063	-0.164063
440	-0.265625	-0.054688
441	-0.250000	0.132813
442	-0.203125	0.015625
443	-0.320313	0.187500
444	-0.187500	-0.179688
445	-0.195313	0.234375
446	-0.164063	0.031250
447	-0.148438	0.179688
448	-0.187500	-0.054688
449	-0.078125	0.062500
450	-0.117188	-0.062500
451	-0.195313	-0.078125
452	-0.171875	-0.101563
453	-0.210938	0.039063
454	-0.156250	-0.203125
455	-0.179688	0.203125
456	-0.226563	0.117188
457	-0.156250	0.234375
458	-0.210938	-0.054688
459	-0.140625	-0.078125
460	-0.203125	0.210938
461	-0.195313	0.015625
462	-0.179688	-0.117188
463	-0.046875	0.015625
464	-0.179688	-0.085938
465	-0.148438	-0.023438
466	-0.195313	-0.218750
467	-0.234375	0.000000
468	-0.156250	0.179688
469	-0.218750	0.054688
470	-0.148438	-0.070313
471	-0.070313	0.015625
472	-0.132813	0.070313
473	-0.195313	0.195313
474	-0.250000	-0.070313
475	-0.171875	0.148438
476	-0.187500	0.078125
477	-0.164063	-0.109375
478	-0.320313	0.125000
479	-0.195313	0.101563
480	-0.218750	0.085938
481	-0.148438	0.093750
482	-0.148438	-0.117188
483	-0.203125	0.000000
484	-0.117188	0.085938
485	-0.187500	0.132813
486	-0.226563	-0.179688
487	-0.164063	0.132813
488	-0.218750	0.085938
489	-0.117188	0.117188
490	-0.195313	0.039063
491	-0.156250	0.117188
492	-0.195313	-0.101563
493	-0.195313	-0.039063
494	-0.218750	0.015625
495	-0.070313	0.007813
496	-0.101563	0.125000
497	-0.234375	0.007813
498	-0.156250	0.039063
499	-0.078125	-0.046875
500	-0.109375	-0.023438
501	-0.156250	0.125000
502	-0.171875	-0.156250
503	-0.195313	-0.015625
504	-0.195313	-0.015625
505	-0.062500	0.000000
506	-0.179688	-0.054688
507	-0.101563	0.023438
508	-0.140625	-0.085938
509	-0.164063	0.046875
510	-0.203125	0.093750
511	-0.164063	0.078125
512	-0.226563	-0.031250
513	-0.179688	0.101563
514	-0.156250	0.101563
515	-0.164063	0.132813
516	-0.210938	-0.179688
517	-0.156250	0.000000
518	-0.148438	-0.179688
519	-0.210938	-0.078125
520	-0.257813	-0.039063
521	-0.210938	-0.078125
522	-0.140625	-0.070313
523	-0.171875	0.093750
524	-0.242188	0.179688
525	-0.148438	-0.046875
526	-0.093750	0.085938
527	-0.062500	0.148438
528	-0.164063	0.070313
529	-0.171875	-0.062500
530	-0.257813	-0.210938
531	-0.117188	0.078125
532	-0.242188	-0.273438
533	-0.156250	0.000000
534	-0.226563	0.125000
535	-0.187500	0.000000
536	-0.156250	-0.085938
537	-0.203125	0.031250
538	-0.125000	-0.046875
539	-0.156250	0.039063
540	-0.148438	0.171875
541	-0.257813	-0.007813
542	-0.273438	-0.132813
543	-0.187500	-0.070313
544	-0.140625	-0.039063
545	-0.187500	-0.132813
546	-0.203125	0.156250
547	-0.234375	-0.007813
548	-0.234375	-0.125000
549	-0.203125	-0.101563
550	-0.203125	0.179688
551	-0.218750	0.179688
552	-0.140625	0.109375
553	-0.156250	0.101563
554	-0.101563	-0.015625
555	-0.070313	0.039063
556	-0.187500	-0.015625
557	-0.203125	-0.062500
558	-0.242188	0.109375
559	-0.179688	-0.046875
560	-0.109375	-0.140625
561	-0.148438	-0.007813
562	-0.179688	-0.070313
563	-0.218750	-0.015625
564	-0.132813	0.046875
565	-0.242188	-0.085938
566	-0.125000	0.046875
567	-0.195313	0.015625
568	-0.281250	-0.164063
569	-0.164063	-0.140625
570	-0.195313	0.007813
571	-0.234375	-0.101563
572	-0.171875	0.234375
573	-0.265625	0.304688
574	-0.187500	0.000000
575	-0.179688	0.046875
576	-0.179688	0.000000
577	-0.109375	0.187500
578	-0.117188	-0.093750
579	-0.156250	-0.054688
580	-0.171875	0.265625
581	-0.125000	-0.085938
582	-0.132813	-0.179688
583	-0.195313	-0.046875
584	-0.195313	-0.062500
585	-0.117188	-0.031250
586	-0.187500	-0.093750
587	-0.203125	0.015625
588	-0.171875	-0.125000
589	-0.210938	0.148438
590	-0.195313	0.039063
591	-0.210938	0.015625
592	-0.242188	-0.164063
593	-0.148438	0.039063
594	-0.179688	-0.070313
595	-0.179688	-0.085938
596	-0.203125	0.179688
597	-0.125000	0.039063
598	-0.195313	-0.078125
599	-0.210938	-0.101563
600	-0.210938	-0.054688
601	-0.164063	-0.039063
602	-0.171875	0.000000
603	-0.171875	-0.179688
604	-0.156250	0.007813
605	-0.210938	0.070313
606	-0.156250	0.015625
607	-0.125000	0.015625
608	-0.187500	-0.156250
609	-0.179688	-0.125000
610	-0.062500	-0.062500
611	-0.148438	0.078125
612	-0.265625	0.078125
613	-0.226563	0.125000
614	-0.210938	-0.007813
615	-0.148438	0.109375
616	-0.210938	-0.250000
617	-0.218750	-0.046875
618	-0.132813	0.062500
619	-0.210938	-0.046875
620	-0.125000	-0.023438
621	-0.210938	0.015625
622	-0.171875	0.078125
623	-0.125000	-0.117188
624	-0.156250	-0.164063
625	-0.203125	-0.125000
626	-0.210938	0.132813
627	-0.148438	-0.046875
628	-0.140625	-0.054688
629	-0.140625	-0.039063
630	-0.148438	-0.226563
631	-0.210938	-0.109375
632	-0.203125	0.093750
633	-0.156250	0.046875
634	-0.164063	-0.070313
635	-0.226563	-0.015625
636	-0.109375	0.062500
637	-0.179688	-0.101563
638	-0.109375	-0.007813
639	-0.179688	-0.015625
640	-0.125000	-0.015625
641	-0.125000	0.015625
642	-0.187500	0.000000
643	-0.179688	0.039063
644	-0.171875	0.093750
645	-0.156250	-0.062500
646	-0.140625	0.140625
647	-0.265625	0.117188
648	-0.179688	-0.070313
649	-0.195313	0.015625
650	-0.203125	-0.054688
651	-0.218750	0.000000
652	-0.218750	-0.117188
653	-0.156250	0.007813
654	-0.156250	-0.054688
655	-0.171875	-0.015625
656	-0.226563	0.054688
657	-0.195313	-0.039063
658	-0.148438	-0.023438
659	-0.117188	0.015625
660	-0.132813	-0.101563
661	-0.195313	0.007813
662	-0.148438	-0.054688
663	-0.109375	0.031250
664	-0.148438	-0.148438
665	-0.195313	-0.070313
666	-0.195313	0.007813
667	-0.109375	0.062500
668	-0.164063	-0.164063
669	-0.164063	0.007813
670	-0.156250	0.132813
671	-0.281250	-0.070313
672	-0.179688	-0.054688
673	-0.179688	-0.148438
674	-0.156250	0.085938
675	-0.187500	-0.054688
676	-0.195313	0.046875
677	-0.109375	0.039063
678	-0.109375	0.054688
679	-0.078125	-0.070313
680	-0.156250	0.062500
681	-0.156250	-0.039063
682	-0.179688	-0.031250
683	-0.195313	0.078125
684	-0.148438	-0.101563
685	-0.281250	0.007813
686	-0.101563	-0.023438
687	-0.148438	-0.015625
688	-0.125000	-0.117188
689	-0.273438	0.031250
690	-0.210938	-0.062500
691	-0.156250	-0.031250
692	-0.234375	0.054688
693	-0.140625	-0.187500
694	-0.125000	0.039063
695	-0.179688	0.085938
696	-0.179688	-0.023438
697	-0.226563	-0.085938
698	-0.117188	-0.031250
699	-0.078125	-0.023438
700	-0.179688	-0.007813
701	-0.117188	0.062500
702	-0.218750	-0.070313
703	-0.195313	-0.078125
704	-0.265625	-0.164063
705	-0.132813	-0.164063
706	-0.234375	-0.078125
707	-0.031250	-0.031250
708	-0.257813	0.007813
709	-0.203125	0.070313
710	-0.179688	-0.132813
711	-0.070313	0.117188
712	-0.187500	-0.250000
713	-0.195313	0.093750
714	-0.257813	0.117188
715	-0.164063	-0.085938
716	-0.148438	0.062500
717	-0.132813	0.039063
718	-0.187500	-0.070313
719	-0.171875	0.015625
720	-0.242188	-0.070313
721	-0.148438	0.046875
722	-0.109375	0.046875
723	-0.148438	0.125000
724	-0.210938	-0.046875
725	-0.203125	0.031250
726	-0.187500	-0.078125
727	-0.242188	-0.117188
728	-0.164063	-0.109375
729	-0.164063	0.195313
730	-0.179688	0.023438
731	-0.218750	0.132813
732	-0.156250	-0.007813
733	-0.195313	0.164063
734	-0.132813	-0.062500
735	-0.218750	-0.062500
736	-0.164063	0.039063
737	-0.148438	-0.007813
738	-0.210938	-0.039063
739	-0.125000	-0.046875
740	-0.187500	0.148438
741	-0.132813	0.015625
742	-0.257813	-0.179688
743	-0.171875	-0.023438
744	-0.148438	0.093750
745	-0.281250	0.054688
746	-0.226563	-0.148438
747	-0.187500	0.023438
748	-0.218750	-0.156250
749	-0.179688	0.062500
750	-0.179688	0.007813
751	-0.242188	0.062500
752	-0.164063	-0.109375
753	-0.210938	0.031250
754	-0.101563	0.054688
755	-0.148438	-0.093750
756	-0.171875	0.015625
757	-0.195313	-0.125000
758	-0.140625	-0.031250
759	-0.093750	0.070313
760	-0.148438	0.171875
761	-0.179688	-0.015625
762	-0.234375	0.117188
763	-0.117188	-0.195313
764	-0.070313	0.039063
765	-0.187500	0.085938
766	-0.109375	-0.148438
767	-0.164063	-0.078125
768	-0.195313	0.125000
769	-0.203125	-0.015625
770	-0.148438	0.078125
771	-0.171875	-0.140625
772	-0.210938	-0.125000
773	-0.132813	0.000000
774	-0.265625	0.101563
775	-0.195313	0.062500
776	-0.257813	-0.015625
777	-0.093750	-0.007813
778	-0.210938	0.000000
779	-0.148438	0.046875
780	-0.164063	-0.140625
781	-0.179688	-0.093750
782	-0.125000	0.054688
783	-0.140625	0.046875
784	-0.140625	0.031250
785	-0.265625	-0.062500
786	-0.140625	0.078125
787	-0.164063	0.039063
788	-0.164063	-0.093750
789	-0.210938	0.093750
790	-0.203125	0.078125
791	-0.125000	-0.031250
792	-0.156250	-0.171875
793	-0.242188	-0.125000
794	-0.203125	0.046875
795	-0.187500	-0.046875
796	-0.250000	-0.140625
797	-0.203125	0.007813
798	-0.187500	0.015625
799	-0.218750	-0.039063
800	-0.242188	-0.046875
801	-0.226563	0.078125
802	-0.226563	0.109375
803	-0.171875	-0.062500
804	-0.210938	0.023438
805	-0.164063	-0.015625
806	-0.171875	0.164063
807	-0.210938	-0.195313
808	-0.187500	-0.031250
809	-0.187500	0.093750
810	-0.203125	-0.164063
811	-0.125000	-0.031250
812	-0.226563	-0.015625
813	-0.281250	0.054688
814	-0.265625	-0.148438
815	-0.195313	0.156250
816	-0.257813	0.023438
817	-0.171875	0.046875
818	-0.140625	-0.015625
819	-0.148438	0.031250
820	-0.226563	0.093750
821	-0.156250	-0.039063
822	-0.195313	-0.125000
823	-0.273438	0.125000
824	-0.195313	-0.109375
825	-0.156250	0.125000
826	-0.156250	-0.031250
827	-0.195313	-0.171875
828	-0.250000	0.000000
829	-0.226563	0.210938
830	-0.210938	0.109375
831	-0.218750	0.070313
832	-0.070313	0.046875
833	-0.195313	-0.093750
834	-0.187500	0.000000
835	-0.187500	-0.031250
836	-0.171875	-0.078125
837	-0.226563	-0.023438
838	-0.164063	0.007813
839	-0.179688	0.101563
840	-0.140625	-0.109375
841	-0.093750	-0.007813
842	-0.203125	-0.085938
843	-0.132813	0.093750
844	-0.210938	-0.039063
845	-0.117188	0.109375
846	-0.117188	0.101563
847	-0.156250	-0.101563
848	-0.203125	-0.148438
849	-0.171875	0.015625
850	-0.117188	0.015625
851	-0.171875	0.117188
852	-0.242188	-0.117188
853	-0.148438	-0.046875
854	-0.234375	-0.015625
855	-0.234375	0.218750
856	-0.250000	0.226563
857	-0.148438	0.171875
858	-0.210938	0.109375
859	-0.171875	-0.039063
860	-0.171875	-0.054688
861	-0.234375	-0.109375
862	-0.093750	0.109375
863	-0.093750	-0.015625
864	-0.148438	-0.054688
865	-0.179688	-0.085938
866	-0.179688	-0.062500
867	-0.156250	0.015625
868	-0.257813	0.265625
869	-0.195313	-0.164063
870	-0.179688	0.070313
871	-0.203125	0.140625
872	-0.171875	-0.062500
873	-0.226563	0.078125
874	-0.218750	-0.039063
875	-0.148438	-0.109375
876	-0.218750	0.000000
877	-0.109375	-0.078125
878	-0.140625	-0.070313
879	-0.179688	-0.070313
880	-0.140625	0.140625
881	-0.132813	0.078125
882	-0.125000	0.039063
883	-0.187500	0.007813
884	-0.195313	-0.015625
885	-0.125000	-0.148438
886	-0.171875	-0.015625
887	-0.171875	0.039063
888	-0.226563	-0.062500
889	-0.171875	0.054688
890	-0.164063	-0.101563
891	-0.156250	-0.046875
892	-0.187500	-0.054688
893	-0.210938	0.148438
894	-0.156250	0.015625
895	-0.179688	-0.195313
896	-0.156250	-0.039063
897	-0.234375	-0.148438
898	-0.148438	0.054688
899	-0.109375	0.000000
900	-0.156250	-0.242188
901	-0.148438	0.023438
902	-0.203125	0.015625
903	-0.187500	0.109375
904	-0.187500	-0.156250
905	-0.171875	-0.078125
906	-0.203125	-0.031250
907	-0.117188	0.109375
908	-0.195313	0.148438
909	-0.148438	0.000000
910	-0.179688	0.000000
911	-0.210938	0.015625
912	-0.140625	0.109375
913	-0.226563	0.179688
914	-0.187500	-0.164063
915	-0.218750	-0.125000
916	-0.132813	0.000000
917	-0.125000	-0.039063
918	-0.117188	0.078125
919	-0.031250	0.078125
920	-0.195313	0.054688
921	-0.187500	0.062500
922	-0.226563	0.031250
923	-0.171875	0.000000
924	-0.203125	-0.109375
925	-0.171875	-0.125000
926	-0.210938	0.085938
927	-0.226563	-0.031250
928	-0.164063	-0.101563
929	-0.242188	-0.062500
930	-0.203125	-0.148438
931	-0.187500	0.031250
932	-0.273438	0.335938
933	-0.132813	-0.015625
934	-0.195313	-0.031250
935	-0.234375	0.015625
936	-0.171875	-0.085938
937	-0.125000	0.031250
938	-0.085938	0.117188
939	-0.210938	0.015625
940	-0.187500	0.085938
941	-0.242188	-0.031250
942	-0.195313	-0.078125
943	-0.195313	0.070313
944	-0.132813	-0.046875
945	-0.179688	-0.015625
946	-0.164063	-0.039063
947	-0.234375	-0.023438
948	-0.156250	-0.062500
949	-0.179688	-0.054688
950	-0.203125	0.078125
951	-0.132813	0.023438
952	-0.117188	0.000000
953	-0.093750	0.109375
954	-0.062500	-0.093750
955	-0.164063	0.156250
956	-0.179688	0.101563
957	-0.140625	0.000000
958	-0.187500	0.015625
959	-0.171875	0.023438
960	-0.218750	-0.078125
961	-0.171875	0.031250
962	-0.140625	-0.039063
963	-0.250000	0.031250
964	-0.117188	-0.109375
965	-0.132813	-0.023438
966	-0.078125	0.062500
967	-0.148438	-0.054688
968	-0.156250	-0.101563
969	-0.218750	0.078125
970	-0.218750	-0.031250
971	-0.148438	-0.125000
972	-0.203125	0.007813
973	-0.234375	-0.218750
974	-0.234375	-0.125000
975	-0.148438	-0.125000
976	-0.125000	-0.007813
977	-0.210938	-0.039063
978	-0.328125	0.015625
979	-0.148438	-0.031250
980	-0.101563	-0.062500
981	-0.140625	0.054688
982	-0.132813	-0.234375
983	-0.242188	0.070313
984	-0.164063	-0.101563
985	-0.171875	0.085938
986	-0.140625	-0.015625
987	-0.156250	-0.085938
988	-0.187500	-0.039063
989	-0.195313	-0.054688
990	-0.195313	-0.093750
991	-0.140625	0.062500
992	-0.242188	-0.164063
993	-0.179688	0.015625
994	-0.085938	-0.085938
995	-0.203125	-0.039063
996	-0.156250	0.156250
997	-0.195313	-0.023438
998	-0.171875	-0.046875
999	-0.203125	-0.023438
