0	-0.820313	-0.820313
1	-0.851563	-0.914063
2	-0.953125	-0.976563
3	-0.945313	-0.968750
4	-0.875000	-0.937500
5	-0.820313	-0.890625
6	-0.875000	-0.929688
7	-0.898438	-0.945313
8	-0.890625	-0.937500
9	-0.898438	-0.937500
10	-0.906250	-0.953125
11	-0.882813	-0.937500
12	-0.789063	-0.851563
13	-0.867188	-0.906250
14	-0.906250	-0.882813
15	-0.875000	-0.937500
16	-0.968750	-0.984375
17	-0.906250	-0.945313
18	-0.843750	-0.906250
19	-0.859375	-0.898438
20	-0.835938	-0.859375
21	-0.921875	-0.953125
22	-0.921875	-0.953125
23	-0.945313	-0.968750
24	-0.921875	-0.945313
25	-0.937500	-0.953125
26	-0.968750	-0.984375
27	-0.859375	-0.890625
28	-0.937500	-0.960938
29	-0.867188	-0.914063
30	-0.898438	-0.945313
31	-0.914063	-0.953125
32	-0.937500	-0.968750
33	-0.921875	-0.945313
34	-0.804688	-0.835938
35	-0.898438	-0.945313
36	-0.929688	-0.960938
37	-0.882813	-0.929688
38	-0.843750	-0.906250
39	-0.921875	-0.960938
40	-0.804688	-0.859375
41	-0.914063	-0.953125
42	-0.859375	-0.929688
43	-0.828125	-0.898438
44	-0.929688	-0.960938
45	-0.875000	-0.929688
46	-0.906250	-0.953125
47	-0.914063	-0.929688
48	-0.828125	-0.890625
49	-0.843750	-0.882813
50	-0.898438	-0.929688
51	-0.906250	-0.945313
52	-0.953125	-0.976563
53	-0.898438	-0.921875
54	-0.937500	-0.968750
55	-0.906250	-0.945313
56	-0.914063	-0.953125
57	-0.867188	-0.929688
58	-0.945313	-0.968750
59	-0.859375	-0.875000
60	-0.820313	-0.890625
61	-0.921875	-0.953125
62	-0.890625	-0.937500
63	-0.867188	-0.914063
64	-0.835938	-0.882813
65	-0.953125	-0.968750
66	-0.945313	-0.968750
67	-0.890625	-0.921875
68	-0.921875	-0.960938
69	-0.945313	-0.968750
70	-0.906250	-0.953125
71	-0.890625	-0.937500
72	-0.804688	-0.890625
73	-0.945313	-0.960938
74	-0.914063	-0.953125
75	-0.843750	-0.906250
76	-0.984375	-0.992188
77	-0.953125	-0.976563
78	-0.898438	-0.945313
79	-0.898438	-0.945313
80	-0.906250	-0.945313
81	-0.953125	-0.960938
82	-0.867188	-0.929688
83	-0.804688	-0.867188
84	-0.898438	-0.945313
85	-0.890625	-0.937500
86	-0.773438	-0.875000
87	-0.906250	-0.945313
88	-0.953125	-0.976563
89	-0.929688	-0.953125
90	-0.859375	-0.898438
91	-0.882813	-0.914063
92	-0.851563	-0.898438
93	-0.968750	-0.984375
94	-0.882813	-0.906250
95	-0.867188	-0.875000
96	-0.890625	-0.937500
97	-0.929688	-0.960938
98	-0.898438	-0.945313
99	-0.921875	-0.953125
100	-0.945313	-0.968750
101	-0.937500	-0.968750
102	-0.898438	-0.929688
103	-0.914063	-0.929688
104	-0.890625	-0.937500
105	-0.843750	-0.898438
106	-0.960938	-0.976563
107	-0.875000	-0.929688
108	-0.937500	-0.968750
109	-0.945313	-0.968750
110	-0.906250	-0.929688
111	-0.890625	-0.898438
112	-0.890625	-0.937500
113	-0.906250	-0.929688
114	-0.929688	-0.960938
115	-0.921875	-0.953125
116	-0.890625	-0.906250
117	-0.921875	-0.960938
118	-0.984375	-0.992188
119	-0.898438	-0.937500
120	-0.906250	-0.929688
121	-0.843750	-0.906250
122	-0.875000	-0.921875
123	-0.953125	-0.976563
124	-0.867188	-0.921875
125	-0.843750	-0.921875
126	-0.914063	-0.953125
127	-0.921875	-0.953125
128	-0.898438	-0.937500
129	-0.835938	-0.882813
130	-0.890625	-0.929688
131	-0.945313	-0.968750
132	-0.882813	-0.929688
133	-0.960938	-0.976563
134	-0.804688	-0.843750
135	-0.882813	-0.921875
136	-0.890625	-0.929688
137	-0.890625	-0.929688
138	-0.890625	-0.937500
139	-0.929688	-0.960938
140	-1.000000	-1.000000
141	-0.968750	-0.984375
142	-0.914063	-0.953125
143	-0.875000	-0.914063
144	-0.875000	-0.921875
145	-0.921875	-0.953125
146	-0.906250	-0.937500
147	-0.921875	-0.953125
148	-0.726563	-0.796875
149	-0.921875	-0.929688
150	-0.882813	-0.937500
151	-0.867188	-0.921875
152	-0.820313	-0.890625
153	-0.781250	-0.835938
154	-0.937500	-0.968750
155	-0.820313	-0.851563
156	-0.843750	-0.859375
157	-0.937500	-0.960938
158	-0.835938	-0.695313
159	-0.867188	-0.906250
160	-0.976563	-0.984375
161	-0.898438	-0.937500
162	-0.898438	-0.929688
163	-0.890625	-0.906250
164	-0.843750	-0.906250
165	-0.898438	-0.937500
166	-0.984375	-0.992188
167	-0.859375	-0.890625
168	-0.773438	-0.804688
169	-0.843750	-0.906250
170	-0.968750	-0.984375
171	-0.835938	-0.898438
172	-0.914063	-0.953125
173	-0.914063	-0.937500
174	-0.921875	-0.953125
175	-0.843750	-0.914063
176	-0.960938	-0.976563
177	-0.898438	-0.914063
178	-0.789063	-0.781250
179	-0.921875	-0.937500
180	-0.890625	-0.914063
181	-0.765625	-0.812500
182	-0.851563	-0.914063
183	-0.804688	-0.882813
184	-0.835938	-0.914063
185	-0.921875	-0.945313
186	-0.851563	-0.875000
187	-0.890625	-0.921875
188	-0.914063	-0.937500
189	-0.875000	-0.921875
190	-0.914063	-0.953125
191	-0.898438	-0.929688
192	-0.851563	-0.914063
193	-0.843750	-0.882813
194	-0.890625	-0.929688
195	-0.890625	-0.945313
196	-0.921875	-0.945313
197	-0.898438	-0.929688
198	-0.859375	-0.921875
199	-0.914063	-0.945313
200	-0.914063	-0.953125
201	-0.882813	-0.882813
202	-0.851563	-0.906250
203	-0.898438	-0.937500
204	-0.953125	-0.945313
205	-0.914063	-0.953125
206	-0.945313	-0.968750
207	-0.882813	-0.921875
208	-0.867188	-0.914063
209	-0.890625	-0.929688
210	-0.906250	-0.953125
211	-0.890625	-0.937500
212	-0.875000	-0.921875
213	-0.890625	-0.914063
214	-0.875000	-0.921875
215	-0.921875	-0.945313
216	-0.984375	-0.992188
217	-0.984375	-0.992188
218	-0.953125	-0.976563
219	-0.921875	-0.960938
220	-0.890625	-0.929688
221	-0.835938	-0.906250
222	-0.828125	-0.882813
223	-0.867188	-0.914063
224	-0.929688	-0.960938
225	-0.921875	-0.953125
226	-0.945313	-0.968750
227	-0.890625	-0.937500
228	-0.929688	-0.945313
229	-0.882813	-0.929688
230	-0.898438	-0.921875
231	-0.984375	-0.992188
232	-0.976563	-0.984375
233	-0.851563	-0.843750
234	-0.867188	-0.890625
235	-0.835938	-0.906250
236	-0.953125	-0.976563
237	-0.843750	-0.906250
238	-0.890625	-0.929688
239	-0.890625	-0.937500
240	-0.875000	-0.921875
241	-0.968750	-0.984375
242	-0.921875	-0.960938
243	-0.914063	-0.937500
244	-0.906250	-0.945313
245	-0.859375	-0.914063
246	-0.984375	-0.992188
247	-0.937500	-0.960938
248	-0.968750	-0.984375
249	-0.937500	-0.960938
250	-0.851563	-0.906250
251	-0.929688	-0.960938
252	-0.843750	-0.914063
253	-0.953125	-0.976563
254	-0.859375	-0.882813
255	-0.953125	-0.976563
256	-0.835938	-0.890625
257	-0.929688	-0.960938
258	-0.914063	-0.945313
259	-0.953125	-0.960938
260	-0.937500	-0.968750
261	-0.859375	-0.929688
262	-0.921875	-0.953125
263	-0.968750	-0.984375
264	-0.851563	-0.906250
265	-0.828125	-0.875000
266	-0.804688	-0.851563
267	-0.828125	-0.898438
268	-0.882813	-0.898438
269	-0.890625	-0.937500
270	-0.945313	-0.968750
271	-0.968750	-0.984375
272	-0.914063	-0.937500
273	-0.867188	-0.929688
274	-0.921875	-0.960938
275	-0.867188	-0.906250
276	-0.828125	-0.898438
277	-0.914063	-0.953125
278	-0.890625	-0.945313
279	-0.906250	-0.929688
280	-0.937500	-0.960938
281	-0.875000	-0.906250
282	-0.875000	-0.906250
283	-0.898438	-0.929688
284	-0.882813	-0.937500
285	-0.914063	-0.929688
286	-0.921875	-0.953125
287	-0.843750	-0.914063
288	-0.828125	-0.875000
289	-0.914063	-0.953125
290	-0.953125	-0.976563
291	-0.859375	-0.914063
292	-0.914063	-0.945313
293	-0.875000	-0.914063
294	-0.953125	-0.968750
295	-0.937500	-0.968750
296	-0.906250	-0.945313
297	-0.960938	-0.960938
298	-0.945313	-0.968750
299	-0.953125	-0.968750
300	-0.875000	-0.890625
301	-0.890625	-0.937500
302	-0.984375	-0.992188
303	-0.937500	-0.968750
304	-0.937500	-0.968750
305	-0.929688	-0.960938
306	-0.898438	-0.937500
307	-0.890625	-0.929688
308	-0.953125	-0.976563
309	-0.882813	-0.929688
310	-0.851563	-0.867188
311	-0.796875	-0.679688
312	-0.867188	-0.921875
313	-0.953125	-0.976563
314	-0.859375	-0.914063
315	-0.937500	-0.968750
316	-0.890625	-0.937500
317	-0.929688	-0.960938
318	-0.906250	-0.945313
319	-0.851563	-0.914063
320	-0.898438	-0.945313
321	-0.914063	-0.937500
322	-0.890625	-0.929688
323	-0.914063	-0.953125
324	-0.937500	-0.968750
325	-0.882813	-0.937500
326	-0.875000	-0.921875
327	-0.929688	-0.960938
328	-0.851563	-0.898438
329	-0.960938	-0.976563
330	-0.828125	-0.867188
331	-0.914063	-0.953125
332	-0.898438	-0.945313
333	-0.851563	-0.914063
334	-0.968750	-0.984375
335	-0.906250	-0.937500
336	-0.945313	-0.968750
337	-0.906250	-0.945313
338	-0.875000	-0.906250
339	-0.914063	-0.937500
340	-0.875000	-0.921875
341	-0.906250	-0.921875
342	-0.953125	-0.976563
343	-0.851563	-0.898438
344	-0.882813	-0.929688
345	-0.898438	-0.937500
346	-0.929688	-0.960938
347	-0.882813	-0.937500
348	-0.921875	-0.960938
349	-0.890625	-0.937500
350	-0.867188	-0.921875
351	-0.960938	-0.976563
352	-0.921875	-0.953125
353	-0.882813	-0.921875
354	-0.921875	-0.953125
355	-1.000000	-1.000000
356	-0.929688	-0.960938
357	-0.906250	-0.945313
358	-0.929688	-0.960938
359	-0.929688	-0.953125
360	-0.882813	-0.937500
361	-0.843750	-0.906250
362	-0.976563	-0.984375
363	-0.914063	-0.929688
364	-0.851563	-0.882813
365	-0.906250	-0.945313
366	-0.890625	-0.937500
367	-0.906250	-0.945313
368	-0.859375	-0.898438
369	-0.937500	-0.968750
370	-0.937500	-0.968750
371	-0.898438	-0.937500
372	-0.835938	-0.906250
373	-0.921875	-0.953125
374	-0.859375	-0.914063
375	-0.929688	-0.960938
376	-0.929688	-0.960938
377	-0.796875	-0.843750
378	-0.906250	-0.937500
379	-0.953125	-0.968750
380	-0.937500	-0.968750
381	-0.937500	-0.960938
382	-0.835938	-0.898438
383	-0.710938	-0.765625
384	-0.734375	-0.750000
385	-0.898438	-0.921875
386	-0.945313	-0.968750
387	-0.843750	-0.906250
388	-0.945313	-0.968750
389	-0.882813	-0.921875
390	-0.859375	-0.875000
391	-0.867188	-0.921875
392	-0.953125	-0.976563
393	-0.921875	-0.960938
394	-0.843750	-0.890625
395	-0.828125	-0.851563
396	-0.773438	-0.828125
397	-0.898438	-0.945313
398	-0.835938	-0.890625
399	-0.921875	-0.960938
400	-0.953125	-0.968750
401	-0.914063	-0.953125
402	-0.875000	-0.796875
403	-0.851563	-0.882813
404	-0.906250	-0.945313
405	-0.906250	-0.953125
406	-0.945313	-0.960938
407	-0.890625	-0.937500
408	-0.968750	-0.984375
409	-0.898438	-0.929688
410	-0.914063	-0.945313
411	-0.914063	-0.953125
412	-0.859375	-0.921875
413	-0.960938	-0.976563
414	-0.906250	-0.937500
415	-0.937500	-0.960938
416	-0.929688	-0.960938
417	-0.859375	-0.921875
418	-0.843750	-0.914063
419	-0.875000	-0.921875
420	-0.921875	-0.953125
421	-0.960938	-0.976563
422	-0.937500	-0.968750
423	-0.929688	-0.960938
424	-0.898438	-0.937500
425	-0.851563	-0.835938
426	-0.859375	-0.914063
427	-0.890625	-0.914063
428	-0.867188	-0.921875
429	-0.914063	-0.953125
430	-0.929688	-0.960938
431	-0.890625	-0.929688
432	-0.828125	-0.867188
433	-0.898438	-0.937500
434	-0.906250	-0.953125
435	-0.890625	-0.945313
436	-0.835938	-0.835938
437	-0.968750	-0.984375
438	-0.890625	-0.937500
439	-0.882813	-0.929688
440	-0.882813	-0.921875
441	-0.890625	-0.929688
442	-0.968750	-0.984375
443	-0.804688	-0.867188
444	-0.859375	-0.921875
445	-0.867188	-0.906250
446	-0.945313	-0.968750
447	-0.937500	-0.968750
448	-0.984375	-0.992188
449	-0.882813	-0.929688
450	-0.882813	-0.929688
451	-0.921875	-0.890625
452	-0.851563	-0.773438
453	-0.921875	-0.953125
454	-0.890625	-0.906250
455	-0.890625	-0.937500
456	-0.945313	-0.968750
457	-0.937500	-0.960938
458	-0.906250	-0.929688
459	-0.929688	-0.960938
460	-0.851563	-0.906250
461	-0.929688	-0.953125
462	-0.921875	-0.960938
463	-0.953125	-0.976563
464	-0.953125	-0.976563
465	-0.859375	-0.914063
466	-0.890625	-0.937500
467	-0.875000	-0.929688
468	-0.867188	-0.921875
469	-0.851563	-0.851563
470	-0.867188	-0.921875
471	-0.890625	-0.929688
472	-0.867188	-0.921875
473	-0.937500	-0.968750
474	-0.937500	-0.968750
475	-0.843750	-0.851563
476	-0.906250	-0.945313
477	-0.843750	-0.890625
478	-0.921875	-0.953125
479	-0.953125	-0.976563
480	-0.968750	-0.984375
481	-0.906250	-0.945313
482	-0.851563	-0.914063
483	-0.906250	-0.945313
484	-0.906250	-0.921875
485	-0.859375	-0.898438
486	-0.859375	-0.914063
487	-0.960938	-0.976563
488	-0.828125	-0.882813
489	-0.882813	-0.929688
490	-0.968750	-0.984375
491	-0.875000	-0.921875
492	-0.875000	-0.929688
493	-0.921875	-0.953125
494	-0.859375	-0.921875
495	-0.937500	-0.968750
496	-0.804688	-0.882813
497	-0.843750	-0.859375
498	-0.843750	-0.882813
499	-0.882813	-0.929688
500	-0.804688	-0.843750
501	-0.929688	-0.953125
502	-0.914063	-0.953125
503	-0.898438	-0.937500
504	-0.937500	-0.968750
505	-0.851563	-0.890625
506	-0.976563	-0.984375
507	-0.875000	-0.914063
508	-0.945313	-0.968750
509	-0.960938	-0.968750
510	-0.875000	-0.914063
511	-0.812500	-0.867188
512	-0.906250	-0.937500
513	-0.945313	-0.960938
514	-0.882813	-0.929688
515	-0.906250	-0.945313
516	-0.968750	-0.984375
517	-0.914063	-0.953125
518	-0.921875	-0.960938
519	-0.937500	-0.968750
520	-0.812500	-0.851563
521	-0.945313	-0.968750
522	-0.882813	-0.921875
523	-0.906250	-0.953125
524	-0.921875	-0.953125
525	-0.921875	-0.945313
526	-0.953125	-0.976563
527	-0.875000	-0.929688
528	-0.882813	-0.929688
529	-0.953125	-0.953125
530	-0.898438	-0.937500
531	-0.914063	-0.937500
532	-0.812500	-0.875000
533	-0.906250	-0.945313
534	-0.867188	-0.921875
535	-0.859375	-0.914063
536	-0.937500	-0.968750
537	-0.945313	-0.968750
538	-0.890625	-0.945313
539	-0.960938	-0.976563
540	-0.828125	-0.906250
541	-0.906250	-0.937500
542	-0.898438	-0.929688
543	-0.867188	-0.921875
544	-0.960938	-0.976563
545	-0.984375	-0.992188
546	-0.890625	-0.937500
547	-0.914063	-0.945313
548	-0.984375	-0.992188
549	-0.945313	-0.968750
550	-0.914063	-0.953125
551	-0.968750	-0.984375
552	-0.875000	-0.890625
553	-0.859375	-0.914063
554	-0.898438	-0.945313
555	-0.953125	-0.976563
556	-0.937500	-0.960938
557	-0.835938	-0.882813
558	-0.945313	-0.968750
559	-0.875000	-0.914063
560	-0.953125	-0.976563
561	-0.781250	-0.835938
562	-0.804688	-0.867188
563	-0.898438	-0.945313
564	-0.937500	-0.953125
565	-0.906250	-0.945313
566	-0.882813	-0.906250
567	-0.945313	-0.968750
568	-0.921875	-0.953125
569	-0.828125	-0.890625
570	-0.968750	-0.984375
571	-0.890625	-0.937500
572	-0.929688	-0.953125
573	-0.882813	-0.906250
574	-0.835938	-0.898438
575	-0.929688	-0.953125
576	-0.937500	-0.968750
577	-0.867188	-0.921875
578	-0.906250	-0.953125
579	-0.906250	-0.953125
580	-0.960938	-0.976563
581	-0.929688	-0.960938
582	-0.906250	-0.937500
583	-0.875000	-0.921875
584	-0.898438	-0.906250
585	-0.882813	-0.914063
586	-0.914063	-0.953125
587	-0.859375	-0.921875
588	-0.882813	-0.929688
589	-0.914063	-0.953125
590	-0.968750	-0.984375
591	-0.953125	-0.976563
592	-0.914063	-0.953125
593	-0.820313	-0.875000
594	-0.851563	-0.914063
595	-0.960938	-0.968750
596	-0.859375	-0.914063
597	-0.937500	-0.929688
598	-0.875000	-0.929688
599	-0.867188	-0.921875
600	-0.890625	-0.945313
601	-0.882813	-0.929688
602	-0.968750	-0.984375
603	-0.968750	-0.984375
604	-0.882813	-0.929688
605	-0.835938	-0.882813
606	-0.914063	-0.929688
607	-0.914063	-0.937500
608	-0.945313	-0.960938
609	-0.882813	-0.937500
610	-0.898438	-0.945313
611	-0.914063	-0.953125
612	-0.851563	-0.843750
613	-0.929688	-0.960938
614	-0.945313	-0.968750
615	-0.890625	-0.937500
616	-0.882813	-0.906250
617	-0.890625	-0.906250
618	-0.929688	-0.960938
619	-0.867188	-0.929688
620	-0.953125	-0.976563
621	-0.890625	-0.937500
622	-0.937500	-0.960938
623	-0.851563	-0.906250
624	-0.937500	-0.968750
625	-0.906250	-0.945313
626	-0.906250	-0.945313
627	-0.929688	-0.960938
628	-0.843750	-0.875000
629	-0.867188	-0.914063
630	-0.953125	-0.976563
631	-0.929688	-0.953125
632	-0.914063	-0.945313
633	-0.890625	-0.929688
634	-0.773438	-0.828125
635	-0.835938	-0.851563
636	-0.914063	-0.937500
637	-0.835938	-0.859375
638	-0.953125	-0.968750
639	-0.953125	-0.968750
640	-0.859375	-0.882813
641	-0.921875	-0.953125
642	-0.898438	-0.945313
643	-0.906250	-0.945313
644	-0.906250	-0.945313
645	-0.835938	-0.882813
646	-0.898438	-0.921875
647	-0.945313	-0.968750
648	-0.882813	-0.914063
649	-0.867188	-0.929688
650	-0.843750	-0.882813
651	-0.765625	-0.718750
652	-0.851563	-0.882813
653	-0.929688	-0.937500
654	-0.898438	-0.945313
655	-0.867188	-0.929688
656	-0.875000	-0.867188
657	-0.937500	-0.960938
658	-0.835938	-0.851563
659	-0.875000	-0.937500
660	-0.914063	-0.953125
661	-0.929688	-0.960938
662	-0.937500	-0.960938
663	-0.898438	-0.937500
664	-0.937500	-0.968750
665	-0.843750	-0.882813
666	-0.914063	-0.945313
667	-0.937500	-0.960938
668	-0.929688	-0.953125
669	-0.906250	-0.929688
670	-0.882813	-0.929688
671	-0.835938	-0.890625
672	-0.929688	-0.960938
673	-0.921875	-0.960938
674	-0.937500	-0.960938
675	-0.937500	-0.960938
676	-0.929688	-0.960938
677	-0.929688	-0.960938
678	-0.867188	-0.875000
679	-0.882813	-0.921875
680	-1.000000	-1.000000
681	-0.914063	-0.953125
682	-0.882813	-0.929688
683	-0.859375	-0.898438
684	-0.851563	-0.914063
685	-0.890625	-0.929688
686	-0.843750	-0.859375
687	-0.882813	-0.914063
688	-0.984375	-0.992188
689	-0.968750	-0.984375
690	-0.921875	-0.953125
691	-0.882813	-0.937500
692	-0.898438	-0.945313
693	-0.843750	-0.906250
694	-0.890625	-0.921875
695	-0.921875	-0.945313
696	-0.898438	-0.937500
697	-0.929688	-0.953125
698	-0.882813	-0.921875
699	-0.867188	-0.914063
700	-0.914063	-0.953125
701	-0.875000	-0.937500
702	-0.914063	-0.953125
703	-0.929688	-0.953125
704	-0.898438	-0.929688
705	-0.960938	-0.976563
706	-0.742188	-0.796875
707	-0.937500	-0.968750
708	-0.882813	-0.921875
709	-0.875000	-0.914063
710	-0.796875	-0.820313
711	-0.960938	-0.976563
712	-0.859375	-0.906250
713	-0.984375	-0.992188
714	-0.851563	-0.882813
715	-0.906250	-0.953125
716	-0.867188	-0.921875
717	-0.851563	-0.859375
718	-0.867188	-0.867188
719	-0.921875	-0.953125
720	-0.921875	-0.960938
721	-0.914063	-0.953125
722	-0.984375	-0.992188
723	-0.867188	-0.929688
724	-0.914063	-0.953125
725	-0.945313	-0.968750
726	-0.867188	-0.921875
727	-0.929688	-0.960938
728	-0.890625	-0.937500
729	-0.882813	-0.898438
730	-0.914063	-0.945313
731	-0.906250	-0.945313
732	-0.882813	-0.937500
733	-0.921875	-0.960938
734	-0.859375	-0.906250
735	-0.929688	-0.960938
736	-0.851563	-0.921875
737	-0.937500	-0.968750
738	-0.976563	-0.984375
739	-0.890625	-0.937500
740	-0.937500	-0.968750
741	-0.796875	-0.882813
742	-0.835938	-0.859375
743	-0.921875	-0.953125
744	-0.804688	-0.875000
745	-0.921875	-0.953125
746	-0.882813	-0.906250
747	-0.921875	-0.945313
748	-0.898438	-0.937500
749	-0.921875	-0.960938
750	-0.968750	-0.984375
751	-0.937500	-0.968750
752	-0.937500	-0.968750
753	-0.882813	-0.921875
754	-0.921875	-0.953125
755	-0.882813	-0.914063
756	-0.953125	-0.976563
757	-0.867188	-0.898438
758	-0.859375	-0.914063
759	-0.820313	-0.867188
760	-0.812500	-0.835938
761	-0.984375	-0.992188
762	-0.953125	-0.976563
763	-0.953125	-0.976563
764	-0.921875	-0.960938
765	-0.812500	-0.820313
766	-0.890625	-0.929688
767	-0.898438	-0.921875
768	-0.906250	-0.953125
769	-0.851563	-0.875000
770	-0.890625	-0.937500
771	-0.828125	-0.867188
772	-0.898438	-0.937500
773	-0.851563	-0.914063
774	-0.875000	-0.929688
775	-0.937500	-0.968750
776	-0.921875	-0.953125
777	-0.890625	-0.929688
778	-0.968750	-0.984375
779	-0.921875	-0.960938
780	-0.843750	-0.906250
781	-0.953125	-0.976563
782	-0.890625	-0.945313
783	-0.937500	-0.960938
784	-0.773438	-0.859375
785	-0.867188	-0.921875
786	-0.937500	-0.960938
787	-0.960938	-0.976563
788	-0.906250	-0.945313
789	-0.835938	-0.906250
790	-0.851563	-0.906250
791	-0.875000	-0.929688
792	-0.914063	-0.953125
793	-0.859375	-0.921875
794	-0.929688	-0.960938
795	-0.835938	-0.914063
796	-0.859375	-0.773438
797	-0.882813	-0.937500
798	-0.804688	-0.867188
799	-0.953125	-0.976563
800	-0.835938	-0.914063
801	-0.851563	-0.906250
802	-0.875000	-0.914063
803	-0.898438	-0.937500
804	-0.937500	-0.968750
805	-0.937500	-0.968750
806	-0.851563	-0.921875
807	-0.921875	-0.953125
808	-0.960938	-0.976563
809	-0.968750	-0.984375
810	-0.929688	-0.953125
811	-0.875000	-0.835938
812	-0.804688	-0.875000
813	-0.867188	-0.921875
814	-0.867188	-0.914063
815	-0.921875	-0.953125
816	-0.875000	-0.914063
817	-0.890625	-0.937500
818	-0.898438	-0.937500
819	-0.875000	-0.921875
820	-0.867188	-0.929688
821	-0.867188	-0.929688
822	-0.921875	-0.953125
823	-0.914063	-0.953125
824	-0.929688	-0.937500
825	-0.929688	-0.929688
826	-0.812500	-0.882813
827	-1.000000	-1.000000
828	-0.914063	-0.945313
829	-0.968750	-0.984375
830	-0.921875	-0.953125
831	-0.906250	-0.937500
832	-0.968750	-0.984375
833	-0.890625	-0.937500
834	-0.945313	-0.968750
835	-0.953125	-0.976563
836	-0.890625	-0.937500
837	-0.929688	-0.945313
838	-0.984375	-0.992188
839	-0.851563	-0.898438
840	-0.953125	-0.968750
841	-0.921875	-0.960938
842	-0.921875	-0.953125
843	-0.929688	-0.960938
844	-0.828125	-0.898438
845	-0.960938	-0.976563
846	-0.851563	-0.898438
847	-0.914063	-0.953125
848	-0.875000	-0.929688
849	-0.914063	-0.953125
850	-0.875000	-0.937500
851	-0.882813	-0.914063
852	-0.890625	-0.945313
853	-0.875000	-0.937500
854	-0.953125	-0.960938
855	-0.843750	-0.906250
856	-0.875000	-0.921875
857	-0.968750	-0.984375
858	-0.898438	-0.937500
859	-0.898438	-0.945313
860	-0.835938	-0.875000
861	-0.968750	-0.984375
862	-0.945313	-0.968750
863	-0.859375	-0.929688
864	-0.812500	-0.875000
865	-0.851563	-0.906250
866	-0.804688	-0.867188
867	-0.953125	-0.976563
868	-0.937500	-0.960938
869	-0.968750	-0.984375
870	-0.898438	-0.937500
871	-0.914063	-0.953125
872	-0.898438	-0.929688
873	-0.914063	-0.945313
874	-0.859375	-0.906250
875	-0.921875	-0.945313
876	-0.906250	-0.945313
877	-0.968750	-0.976563
878	-0.914063	-0.953125
879	-0.875000	-0.921875
880	-0.906250	-0.945313
881	-0.859375	-0.914063
882	-0.875000	-0.929688
883	-0.929688	-0.960938
884	-0.921875	-0.960938
885	-0.937500	-0.968750
886	-0.875000	-0.914063
887	-0.796875	-0.765625
888	-0.914063	-0.953125
889	-0.953125	-0.976563
890	-0.906250	-0.937500
891	-0.867188	-0.921875
892	-0.906250	-0.945313
893	-0.796875	-0.843750
894	-0.890625	-0.945313
895	-0.875000	-0.929688
896	-0.968750	-0.984375
897	-0.804688	-0.867188
898	-0.898438	-0.937500
899	-0.898438	-0.937500
900	-0.953125	-0.976563
901	-0.859375	-0.906250
902	-0.929688	-0.953125
903	-0.929688	-0.960938
904	-0.835938	-0.875000
905	-0.945313	-0.953125
906	-0.914063	-0.953125
907	-0.843750	-0.914063
908	-0.867188	-0.921875
909	-0.843750	-0.914063
910	-0.968750	-0.984375
911	-0.937500	-0.968750
912	-0.906250	-0.945313
913	-0.945313	-0.968750
914	-0.875000	-0.929688
915	-0.804688	-0.843750
916	-0.882813	-0.890625
917	-0.898438	-0.945313
918	-0.851563	-0.898438
919	-0.968750	-0.984375
920	-0.914063	-0.953125
921	-0.968750	-0.984375
922	-0.843750	-0.898438
923	-0.906250	-0.945313
924	-0.953125	-0.976563
925	-0.914063	-0.953125
926	-0.929688	-0.945313
927	-0.937500	-0.960938
928	-0.875000	-0.937500
929	-0.796875	-0.851563
930	-0.867188	-0.921875
931	-0.828125	-0.890625
932	-0.921875	-0.960938
933	-0.921875	-0.960938
934	-0.984375	-0.992188
935	-0.906250	-0.953125
936	-0.859375	-0.898438
937	-0.914063	-0.953125
938	-0.976563	-0.984375
939	-0.859375	-0.835938
940	-0.828125	-0.890625
941	-0.906250	-0.937500
942	-0.906250	-0.953125
943	-0.843750	-0.875000
944	-0.835938	-0.890625
945	-0.953125	-0.976563
946	-0.960938	-0.968750
947	-0.835938	-0.906250
948	-0.906250	-0.929688
949	-0.945313	-0.968750
950	-0.882813	-0.929688
951	-0.906250	-0.953125
952	-0.875000	-0.929688
953	-0.867188	-0.929688
954	-0.859375	-0.906250
955	-0.843750	-0.875000
956	-0.906250	-0.953125
957	-0.937500	-0.968750
958	-0.867188	-0.921875
959	-0.804688	-0.859375
960	-0.968750	-0.984375
961	-0.882813	-0.929688
962	-0.937500	-0.968750
963	-0.859375	-0.914063
964	-0.953125	-0.976563
965	-0.953125	-0.953125
966	-0.867188	-0.914063
967	-0.929688	-0.960938
968	-0.781250	-0.851563
969	-0.859375	-0.851563
970	-0.882813	-0.929688
971	-0.875000	-0.929688
972	-0.898438	-0.945313
973	-0.796875	-0.812500
974	-0.929688	-0.960938
975	-0.953125	-0.976563
976	-0.828125	-0.890625
977	-0.945313	-0.968750
978	-0.898438	-0.945313
979	-0.929688	-0.960938
980	-0.898438	-0.937500
981	-0.906250	-0.945313
982	-0.921875	-0.953125
983	-0.820313	-0.882813
984	-0.937500	-0.960938
985	-0.906250	-0.945313
986	-0.867188	-0.921875
987	-0.820313	-0.867188
988	-0.953125	-0.976563
989	-0.914063	-0.945313
990	-0.843750	-0.890625
991	-0.898438	-0.945313
992	-0.921875	-0.953125
993	-0.851563	-0.914063
994	-0.929688	-0.960938
995	-0.890625	-0.929688
996	-0.921875	-0.960938
997	-0.882813	-0.929688
998	-0.937500	-0.968750
999	-0.968750	-0.984375
