0	-0.968750	-0.984375
1	-0.984375	-0.992188
2	-0.968750	-0.984375
3	-0.945313	-0.953125
4	-0.976563	-0.984375
5	-0.960938	-0.976563
6	-1.000000	-1.000000
7	-0.984375	-0.992188
8	-0.984375	-0.992188
9	-1.000000	-1.000000
10	-0.960938	-0.976563
11	-0.976563	-0.984375
12	-0.984375	-0.992188
13	-0.984375	-0.992188
14	-1.000000	-1.000000
15	-0.968750	-0.984375
16	-0.968750	-0.984375
17	-0.960938	-0.976563
18	-0.984375	-0.992188
19	-0.953125	-0.976563
20	-1.000000	-1.000000
21	-1.000000	-1.000000
22	-0.984375	-0.992188
23	-0.945313	-0.968750
24	-0.984375	-0.992188
25	-0.984375	-0.992188
26	-1.000000	-1.000000
27	-1.000000	-1.000000
28	-0.984375	-0.992188
29	-0.984375	-0.992188
30	-0.914063	-0.937500
31	-0.968750	-0.984375
32	-0.976563	-0.984375
33	-0.984375	-0.992188
34	-1.000000	-1.000000
35	-0.937500	-0.968750
36	-0.984375	-0.992188
37	-0.953125	-0.976563
38	-1.000000	-1.000000
39	-1.000000	-1.000000
40	-1.000000	-1.000000
41	-0.976563	-0.984375
42	-0.984375	-0.992188
43	-1.000000	-1.000000
44	-1.000000	-1.000000
45	-1.000000	-1.000000
46	-0.968750	-0.984375
47	-0.960938	-0.976563
48	-0.984375	-0.992188
49	-0.953125	-0.976563
50	-0.984375	-0.992188
51	-0.984375	-0.992188
52	-0.960938	-0.976563
53	-1.000000	-1.000000
54	-0.984375	-0.992188
55	-0.960938	-0.976563
56	-1.000000	-1.000000
57	-0.953125	-0.968750
58	-1.000000	-1.000000
59	-0.984375	-0.992188
60	-0.984375	-0.992188
61	-0.984375	-0.992188
62	-1.000000	-1.000000
63	-0.984375	-0.992188
64	-1.000000	-1.000000
65	-1.000000	-1.000000
66	-0.953125	-0.976563
67	-1.000000	-1.000000
68	-0.984375	-0.992188
69	-1.000000	-1.000000
70	-1.000000	-1.000000
71	-0.984375	-0.992188
72	-0.984375	-0.992188
73	-1.000000	-1.000000
74	-0.984375	-0.992188
75	-0.984375	-0.992188
76	-0.984375	-0.992188
77	-1.000000	-1.000000
78	-0.984375	-0.992188
79	-0.976563	-0.984375
80	-1.000000	-1.000000
81	-0.960938	-0.976563
82	-0.984375	-0.992188
83	-1.000000	-1.000000
84	-0.984375	-0.992188
85	-0.945313	-0.968750
86	-0.984375	-0.992188
87	-0.984375	-0.992188
88	-1.000000	-1.000000
89	-1.000000	-1.000000
90	-0.945313	-0.968750
91	-0.937500	-0.960938
92	-0.984375	-0.992188
93	-1.000000	-1.000000
94	-1.000000	-1.000000
95	-0.968750	-0.984375
96	-1.000000	-1.000000
97	-0.976563	-0.984375
98	-1.000000	-1.000000
99	-1.000000	-1.000000
100	-0.984375	-0.992188
101	-0.984375	-0.992188
102	-0.984375	-0.992188
103	-0.984375	-0.992188
104	-1.000000	-1.000000
105	-0.968750	-0.984375
106	-1.000000	-1.000000
107	-0.953125	-0.968750
108	-1.000000	-1.000000
109	-0.984375	-0.992188
110	-0.960938	-0.976563
111	-0.984375	-0.992188
112	-0.976563	-0.984375
113	-0.984375	-0.992188
114	-0.984375	-0.992188
115	-0.968750	-0.984375
116	-0.968750	-0.984375
117	-1.000000	-1.000000
118	-0.968750	-0.984375
119	-0.984375	-0.992188
120	-0.968750	-0.984375
121	-0.984375	-0.992188
122	-0.968750	-0.984375
123	-0.984375	-0.992188
124	-0.968750	-0.984375
125	-0.984375	-0.992188
126	-1.000000	-1.000000
127	-1.000000	-1.000000
128	-1.000000	-1.000000
129	-0.953125	-0.976563
130	-0.984375	-0.992188
131	-0.968750	-0.984375
132	-0.984375	-0.992188
133	-1.000000	-1.000000
134	-0.984375	-0.992188
135	-0.984375	-0.992188
136	-0.984375	-0.992188
137	-1.000000	-1.000000
138	-1.000000	-1.000000
139	-0.953125	-0.968750
140	-0.968750	-0.984375
141	-0.953125	-0.976563
142	-0.984375	-0.992188
143	-1.000000	-1.000000
144	-1.000000	-1.000000
145	-1.000000	-1.000000
146	-1.000000	-1.000000
147	-0.968750	-0.984375
148	-0.968750	-0.984375
149	-0.984375	-0.992188
150	-0.984375	-0.992188
151	-1.000000	-1.000000
152	-0.984375	-0.992188
153	-1.000000	-1.000000
154	-0.984375	-0.992188
155	-0.968750	-0.984375
156	-0.984375	-0.992188
157	-0.984375	-0.992188
158	-0.929688	-0.945313
159	-1.000000	-1.000000
160	-0.968750	-0.984375
161	-1.000000	-1.000000
162	-1.000000	-1.000000
163	-0.976563	-0.984375
164	-0.960938	-0.976563
165	-1.000000	-1.000000
166	-1.000000	-1.000000
167	-1.000000	-1.000000
168	-0.984375	-0.992188
169	-0.984375	-0.992188
170	-0.984375	-0.992188
171	-0.984375	-0.992188
172	-1.000000	-1.000000
173	-0.968750	-0.984375
174	-0.984375	-0.992188
175	-1.000000	-1.000000
176	-0.984375	-0.992188
177	-0.953125	-0.976563
178	-1.000000	-1.000000
179	-1.000000	-1.000000
180	-0.968750	-0.984375
181	-0.937500	-0.968750
182	-0.984375	-0.992188
183	-0.968750	-0.984375
184	-1.000000	-1.000000
185	-0.984375	-0.992188
186	-1.000000	-1.000000
187	-1.000000	-1.000000
188	-0.984375	-0.992188
189	-0.984375	-0.992188
190	-0.984375	-0.992188
191	-1.000000	-1.000000
192	-0.945313	-0.953125
193	-0.968750	-0.984375
194	-0.968750	-0.984375
195	-0.984375	-0.992188
196	-1.000000	-1.000000
197	-1.000000	-1.000000
198	-0.968750	-0.984375
199	-1.000000	-1.000000
200	-0.984375	-0.992188
201	-1.000000	-1.000000
202	-1.000000	-1.000000
203	-0.968750	-0.984375
204	-0.984375	-0.992188
205	-0.937500	-0.960938
206	-0.984375	-0.992188
207	-1.000000	-1.000000
208	-1.000000	-1.000000
209	-1.000000	-1.000000
210	-0.968750	-0.984375
211	-1.000000	-1.000000
212	-1.000000	-1.000000
213	-0.960938	-0.976563
214	-0.968750	-0.984375
215	-0.945313	-0.968750
216	-0.937500	-0.960938
217	-1.000000	-1.000000
218	-0.984375	-0.992188
219	-0.984375	-0.992188
220	-1.000000	-1.000000
221	-1.000000	-1.000000
222	-1.000000	-1.000000
223	-0.984375	-0.992188
224	-0.984375	-0.992188
225	-1.000000	-1.000000
226	-0.960938	-0.976563
227	-0.984375	-0.992188
228	-0.984375	-0.992188
229	-0.984375	-0.992188
230	-0.953125	-0.976563
231	-1.000000	-1.000000
232	-0.984375	-0.992188
233	-0.984375	-0.992188
234	-0.968750	-0.984375
235	-1.000000	-1.000000
236	-0.984375	-0.992188
237	-0.984375	-0.992188
238	-0.953125	-0.960938
239	-0.984375	-0.992188
240	-1.000000	-1.000000
241	-0.968750	-0.984375
242	-0.960938	-0.976563
243	-0.984375	-0.992188
244	-0.968750	-0.984375
245	-0.945313	-0.968750
246	-0.984375	-0.992188
247	-0.984375	-0.992188
248	-1.000000	-1.000000
249	-0.960938	-0.976563
250	-0.984375	-0.992188
251	-1.000000	-1.000000
252	-1.000000	-1.000000
253	-1.000000	-1.000000
254	-0.929688	-0.960938
255	-1.000000	-1.000000
256	-0.960938	-0.976563
257	-0.968750	-0.984375
258	-1.000000	-1.000000
259	-0.984375	-0.992188
260	-1.000000	-1.000000
261	-0.976563	-0.984375
262	-0.984375	-0.992188
263	-0.984375	-0.992188
264	-0.984375	-0.992188
265	-0.984375	-0.992188
266	-0.976563	-0.984375
267	-0.968750	-0.984375
268	-1.000000	-1.000000
269	-1.000000	-1.000000
270	-0.984375	-0.992188
271	-0.960938	-0.976563
272	-0.976563	-0.984375
273	-0.968750	-0.984375
274	-1.000000	-1.000000
275	-1.000000	-1.000000
276	-0.984375	-0.992188
277	-0.968750	-0.984375
278	-0.937500	-0.968750
279	-1.000000	-1.000000
280	-1.000000	-1.000000
281	-0.984375	-0.992188
282	-0.976563	-0.984375
283	-1.000000	-1.000000
284	-1.000000	-1.000000
285	-1.000000	-1.000000
286	-0.968750	-0.984375
287	-0.968750	-0.984375
288	-0.953125	-0.976563
289	-0.968750	-0.984375
290	-0.960938	-0.976563
291	-0.976563	-0.984375
292	-0.984375	-0.992188
293	-0.984375	-0.992188
294	-0.960938	-0.976563
295	-1.000000	-1.000000
296	-1.000000	-1.000000
297	-0.984375	-0.992188
298	-0.968750	-0.984375
299	-0.984375	-0.992188
300	-0.984375	-0.992188
301	-0.960938	-0.976563
302	-0.984375	-0.992188
303	-0.984375	-0.992188
304	-0.984375	-0.992188
305	-0.968750	-0.984375
306	-0.968750	-0.984375
307	-0.984375	-0.992188
308	-0.968750	-0.984375
309	-0.984375	-0.992188
310	-1.000000	-1.000000
311	-0.968750	-0.984375
312	-0.984375	-0.992188
313	-0.968750	-0.984375
314	-1.000000	-1.000000
315	-0.960938	-0.976563
316	-0.984375	-0.992188
317	-0.984375	-0.992188
318	-1.000000	-1.000000
319	-0.984375	-0.992188
320	-0.968750	-0.968750
321	-0.984375	-0.992188
322	-0.968750	-0.984375
323	-1.000000	-1.000000
324	-0.984375	-0.992188
325	-1.000000	-1.000000
326	-0.984375	-0.992188
327	-1.000000	-1.000000
328	-1.000000	-1.000000
329	-0.984375	-0.992188
330	-0.960938	-0.968750
331	-1.000000	-1.000000
332	-0.960938	-0.976563
333	-0.968750	-0.984375
334	-0.968750	-0.984375
335	-0.953125	-0.976563
336	-0.968750	-0.984375
337	-0.968750	-0.984375
338	-1.000000	-1.000000
339	-0.984375	-0.992188
340	-0.953125	-0.976563
341	-0.984375	-0.992188
342	-0.984375	-0.992188
343	-0.984375	-0.992188
344	-0.960938	-0.976563
345	-1.000000	-1.000000
346	-1.000000	-1.000000
347	-0.984375	-0.992188
348	-0.976563	-0.984375
349	-1.000000	-1.000000
350	-1.000000	-1.000000
351	-0.984375	-0.992188
352	-1.000000	-1.000000
353	-1.000000	-1.000000
354	-0.984375	-0.992188
355	-1.000000	-1.000000
356	-1.000000	-1.000000
357	-1.000000	-1.000000
358	-0.984375	-0.992188
359	-0.968750	-0.984375
360	-0.968750	-0.984375
361	-0.984375	-0.992188
362	-0.953125	-0.976563
363	-1.000000	-1.000000
364	-1.000000	-1.000000
365	-0.984375	-0.992188
366	-0.984375	-0.992188
367	-1.000000	-1.000000
368	-1.000000	-1.000000
369	-0.968750	-0.984375
370	-0.937500	-0.960938
371	-0.984375	-0.992188
372	-0.976563	-0.984375
373	-0.953125	-0.976563
374	-0.968750	-0.984375
375	-1.000000	-1.000000
376	-0.984375	-0.992188
377	-1.000000	-1.000000
378	-1.000000	-1.000000
379	-0.976563	-0.984375
380	-0.984375	-0.992188
381	-0.945313	-0.968750
382	-1.000000	-1.000000
383	-0.984375	-0.992188
384	-0.984375	-0.992188
385	-0.968750	-0.976563
386	-0.906250	-0.953125
387	-1.000000	-1.000000
388	-1.000000	-1.000000
389	-0.984375	-0.992188
390	-0.984375	-0.992188
391	-1.000000	-1.000000
392	-0.984375	-0.992188
393	-1.000000	-1.000000
394	-1.000000	-1.000000
395	-0.984375	-0.992188
396	-1.000000	-1.000000
397	-1.000000	-1.000000
398	-0.953125	-0.976563
399	-1.000000	-1.000000
400	-0.968750	-0.984375
401	-0.968750	-0.984375
402	-0.984375	-0.992188
403	-1.000000	-1.000000
404	-0.976563	-0.984375
405	-1.000000	-1.000000
406	-0.984375	-0.992188
407	-1.000000	-1.000000
408	-0.984375	-0.992188
409	-0.984375	-0.992188
410	-0.960938	-0.976563
411	-0.984375	-0.992188
412	-1.000000	-1.000000
413	-1.000000	-1.000000
414	-0.984375	-0.992188
415	-0.960938	-0.976563
416	-0.984375	-0.992188
417	-0.968750	-0.984375
418	-0.984375	-0.992188
419	-0.984375	-0.992188
420	-1.000000	-1.000000
421	-0.984375	-0.992188
422	-0.968750	-0.984375
423	-0.968750	-0.984375
424	-0.953125	-0.976563
425	-0.968750	-0.984375
426	-0.968750	-0.984375
427	-0.984375	-0.992188
428	-0.968750	-0.984375
429	-0.968750	-0.984375
430	-1.000000	-1.000000
431	-1.000000	-1.000000
432	-0.968750	-0.984375
433	-0.976563	-0.984375
434	-1.000000	-1.000000
435	-0.968750	-0.984375
436	-0.984375	-0.992188
437	-0.984375	-0.992188
438	-0.984375	-0.992188
439	-0.984375	-0.992188
440	-0.984375	-0.992188
441	-0.984375	-0.992188
442	-0.968750	-0.984375
443	-0.953125	-0.976563
444	-0.953125	-0.976563
445	-0.976563	-0.984375
446	-0.945313	-0.968750
447	-0.984375	-0.992188
448	-0.984375	-0.992188
449	-0.984375	-0.992188
450	-1.000000	-1.000000
451	-0.984375	-0.992188
452	-0.984375	-0.992188
453	-0.984375	-0.992188
454	-1.000000	-1.000000
455	-1.000000	-1.000000
456	-1.000000	-1.000000
457	-1.000000	-1.000000
458	-0.984375	-0.992188
459	-1.000000	-1.000000
460	-0.984375	-0.992188
461	-0.968750	-0.984375
462	-1.000000	-1.000000
463	-0.984375	-0.992188
464	-0.984375	-0.992188
465	-0.984375	-0.992188
466	-0.984375	-0.992188
467	-0.976563	-0.984375
468	-1.000000	-1.000000
469	-0.984375	-0.992188
470	-1.000000	-1.000000
471	-0.984375	-0.992188
472	-0.968750	-0.984375
473	-0.968750	-0.968750
474	-1.000000	-1.000000
475	-0.984375	-0.992188
476	-0.984375	-0.992188
477	-0.968750	-0.984375
478	-0.960938	-0.976563
479	-0.984375	-0.992188
480	-1.000000	-1.000000
481	-0.953125	-0.976563
482	-0.984375	-0.992188
483	-0.984375	-0.992188
484	-0.984375	-0.992188
485	-0.984375	-0.992188
486	-0.984375	-0.992188
487	-0.960938	-0.976563
488	-0.968750	-0.984375
489	-1.000000	-1.000000
490	-0.984375	-0.992188
491	-0.953125	-0.968750
492	-0.929688	-0.953125
493	-0.984375	-0.992188
494	-1.000000	-1.000000
495	-1.000000	-1.000000
496	-0.984375	-0.992188
497	-0.968750	-0.984375
498	-0.953125	-0.976563
499	-1.000000	-1.000000
500	-0.984375	-0.992188
501	-1.000000	-1.000000
502	-0.984375	-0.992188
503	-1.000000	-1.000000
504	-0.976563	-0.984375
505	-0.968750	-0.984375
506	-1.000000	-1.000000
507	-1.000000	-1.000000
508	-0.984375	-0.992188
509	-0.984375	-0.992188
510	-0.984375	-0.992188
511	-0.968750	-0.984375
512	-0.984375	-0.992188
513	-0.953125	-0.976563
514	-0.968750	-0.984375
515	-0.984375	-0.992188
516	-0.984375	-0.992188
517	-0.960938	-0.976563
518	-0.976563	-0.984375
519	-0.945313	-0.968750
520	-0.960938	-0.976563
521	-0.984375	-0.992188
522	-1.000000	-1.000000
523	-0.937500	-0.960938
524	-0.984375	-0.992188
525	-1.000000	-1.000000
526	-0.984375	-0.992188
527	-0.968750	-0.984375
528	-0.984375	-0.992188
529	-0.953125	-0.968750
530	-0.984375	-0.992188
531	-0.984375	-0.992188
532	-0.945313	-0.968750
533	-0.976563	-0.984375
534	-1.000000	-1.000000
535	-0.984375	-0.992188
536	-0.976563	-0.984375
537	-0.968750	-0.984375
538	-0.968750	-0.984375
539	-0.945313	-0.960938
540	-0.984375	-0.992188
541	-0.968750	-0.984375
542	-1.000000	-1.000000
543	-0.984375	-0.992188
544	-1.000000	-1.000000
545	-0.945313	-0.968750
546	-0.968750	-0.984375
547	-0.976563	-0.984375
548	-0.953125	-0.976563
549	-0.984375	-0.992188
550	-0.968750	-0.984375
551	-1.000000	-1.000000
552	-0.921875	-0.937500
553	-1.000000	-1.000000
554	-0.937500	-0.960938
555	-0.953125	-0.976563
556	-0.984375	-0.992188
557	-1.000000	-1.000000
558	-0.984375	-0.992188
559	-0.984375	-0.992188
560	-0.960938	-0.976563
561	-1.000000	-1.000000
562	-0.953125	-0.976563
563	-0.976563	-0.984375
564	-0.984375	-0.992188
565	-1.000000	-1.000000
566	-0.968750	-0.984375
567	-0.929688	-0.960938
568	-1.000000	-1.000000
569	-0.968750	-0.984375
570	-0.984375	-0.992188
571	-1.000000	-1.000000
572	-0.984375	-0.992188
573	-0.960938	-0.976563
574	-0.968750	-0.984375
575	-0.968750	-0.984375
576	-0.960938	-0.976563
577	-1.000000	-1.000000
578	-1.000000	-1.000000
579	-1.000000	-1.000000
580	-1.000000	-1.000000
581	-0.984375	-0.992188
582	-1.000000	-1.000000
583	-1.000000	-1.000000
584	-1.000000	-1.000000
585	-0.945313	-0.968750
586	-0.968750	-0.984375
587	-0.968750	-0.984375
588	-0.984375	-0.992188
589	-0.984375	-0.992188
590	-0.960938	-0.976563
591	-0.984375	-0.992188
592	-1.000000	-1.000000
593	-0.953125	-0.976563
594	-1.000000	-1.000000
595	-0.984375	-0.992188
596	-1.000000	-1.000000
597	-0.968750	-0.984375
598	-0.984375	-0.992188
599	-0.984375	-0.992188
600	-1.000000	-1.000000
601	-0.984375	-0.992188
602	-1.000000	-1.000000
603	-0.984375	-0.992188
604	-0.984375	-0.992188
605	-1.000000	-1.000000
606	-0.984375	-0.992188
607	-0.968750	-0.976563
608	-0.984375	-0.992188
609	-1.000000	-1.000000
610	-0.984375	-0.992188
611	-0.984375	-0.992188
612	-0.984375	-0.992188
613	-1.000000	-1.000000
614	-0.953125	-0.968750
615	-1.000000	-1.000000
616	-0.984375	-0.992188
617	-1.000000	-1.000000
618	-0.984375	-0.992188
619	-0.968750	-0.984375
620	-0.984375	-0.992188
621	-1.000000	-1.000000
622	-0.984375	-0.992188
623	-0.984375	-0.992188
624	-0.984375	-0.992188
625	-0.984375	-0.992188
626	-1.000000	-1.000000
627	-0.968750	-0.984375
628	-0.984375	-0.992188
629	-0.984375	-0.992188
630	-1.000000	-1.000000
631	-0.960938	-0.976563
632	-1.000000	-1.000000
633	-0.945313	-0.968750
634	-0.960938	-0.976563
635	-0.937500	-0.960938
636	-1.000000	-1.000000
637	-1.000000	-1.000000
638	-1.000000	-1.000000
639	-1.000000	-1.000000
640	-0.937500	-0.968750
641	-0.984375	-0.992188
642	-1.000000	-1.000000
643	-1.000000	-1.000000
644	-0.984375	-0.992188
645	-0.968750	-0.984375
646	-1.000000	-1.000000
647	-0.984375	-0.992188
648	-0.984375	-0.992188
649	-1.000000	-1.000000
650	-0.960938	-0.976563
651	-0.984375	-0.992188
652	-0.984375	-0.992188
653	-1.000000	-1.000000
654	-1.000000	-1.000000
655	-1.000000	-1.000000
656	-1.000000	-1.000000
657	-1.000000	-1.000000
658	-0.984375	-0.992188
659	-0.984375	-0.992188
660	-0.984375	-0.992188
661	-1.000000	-1.000000
662	-0.984375	-0.992188
663	-0.984375	-0.992188
664	-1.000000	-1.000000
665	-0.976563	-0.984375
666	-1.000000	-1.000000
667	-0.984375	-0.992188
668	-1.000000	-1.000000
669	-0.960938	-0.976563
670	-0.984375	-0.992188
671	-0.968750	-0.984375
672	-1.000000	-1.000000
673	-0.984375	-0.992188
674	-0.984375	-0.992188
675	-0.984375	-0.992188
676	-0.968750	-0.984375
677	-0.984375	-0.992188
678	-0.976563	-0.984375
679	-0.968750	-0.984375
680	-1.000000	-1.000000
681	-0.984375	-0.992188
682	-1.000000	-1.000000
683	-0.968750	-0.984375
684	-0.953125	-0.968750
685	-0.984375	-0.992188
686	-1.000000	-1.000000
687	-1.000000	-1.000000
688	-0.953125	-0.976563
689	-0.968750	-0.984375
690	-1.000000	-1.000000
691	-0.984375	-0.992188
692	-0.968750	-0.984375
693	-0.984375	-0.992188
694	-0.968750	-0.984375
695	-0.945313	-0.953125
696	-1.000000	-1.000000
697	-1.000000	-1.000000
698	-1.000000	-1.000000
699	-0.976563	-0.984375
700	-1.000000	-1.000000
701	-0.984375	-0.992188
702	-0.960938	-0.976563
703	-1.000000	-1.000000
704	-0.984375	-0.992188
705	-0.968750	-0.984375
706	-1.000000	-1.000000
707	-0.968750	-0.984375
708	-1.000000	-1.000000
709	-1.000000	-1.000000
710	-0.984375	-0.992188
711	-0.945313	-0.953125
712	-1.000000	-1.000000
713	-1.000000	-1.000000
714	-1.000000	-1.000000
715	-1.000000	-1.000000
716	-0.960938	-0.976563
717	-1.000000	-1.000000
718	-0.968750	-0.984375
719	-0.968750	-0.984375
720	-0.976563	-0.984375
721	-0.953125	-0.968750
722	-0.984375	-0.992188
723	-1.000000	-1.000000
724	-0.953125	-0.976563
725	-1.000000	-1.000000
726	-1.000000	-1.000000
727	-0.953125	-0.976563
728	-1.000000	-1.000000
729	-0.984375	-0.992188
730	-0.953125	-0.976563
731	-1.000000	-1.000000
732	-0.984375	-0.992188
733	-1.000000	-1.000000
734	-0.984375	-0.992188
735	-0.984375	-0.992188
736	-1.000000	-1.000000
737	-0.968750	-0.984375
738	-1.000000	-1.000000
739	-1.000000	-1.000000
740	-0.984375	-0.992188
741	-1.000000	-1.000000
742	-0.984375	-0.992188
743	-0.984375	-0.992188
744	-1.000000	-1.000000
745	-1.000000	-1.000000
746	-1.000000	-1.000000
747	-1.000000	-1.000000
748	-0.968750	-0.984375
749	-0.984375	-0.992188
750	-0.968750	-0.984375
751	-0.945313	-0.968750
752	-0.984375	-0.992188
753	-1.000000	-1.000000
754	-1.000000	-1.000000
755	-1.000000	-1.000000
756	-0.984375	-0.992188
757	-1.000000	-1.000000
758	-0.984375	-0.992188
759	-0.984375	-0.992188
760	-1.000000	-1.000000
761	-0.984375	-0.992188
762	-1.000000	-1.000000
763	-0.960938	-0.976563
764	-1.000000	-1.000000
765	-0.984375	-0.992188
766	-1.000000	-1.000000
767	-0.984375	-0.992188
768	-0.984375	-0.992188
769	-0.945313	-0.968750
770	-0.984375	-0.992188
771	-0.968750	-0.984375
772	-1.000000	-1.000000
773	-0.984375	-0.992188
774	-1.000000	-1.000000
775	-0.968750	-0.984375
776	-1.000000	-1.000000
777	-0.984375	-0.992188
778	-0.984375	-0.992188
779	-0.953125	-0.976563
780	-1.000000	-1.000000
781	-0.984375	-0.992188
782	-1.000000	-1.000000
783	-1.000000	-1.000000
784	-0.984375	-0.992188
785	-1.000000	-1.000000
786	-0.984375	-0.992188
787	-0.984375	-0.992188
788	-0.968750	-0.984375
789	-0.984375	-0.992188
790	-1.000000	-1.000000
791	-1.000000	-1.000000
792	-0.984375	-0.992188
793	-0.984375	-0.992188
794	-1.000000	-1.000000
795	-1.000000	-1.000000
796	-0.968750	-0.984375
797	-0.984375	-0.992188
798	-0.984375	-0.992188
799	-0.984375	-0.992188
800	-1.000000	-1.000000
801	-0.960938	-0.976563
802	-1.000000	-1.000000
803	-0.984375	-0.992188
804	-0.984375	-0.992188
805	-1.000000	-1.000000
806	-0.984375	-0.992188
807	-0.945313	-0.968750
808	-1.000000	-1.000000
809	-0.960938	-0.976563
810	-0.984375	-0.992188
811	-0.984375	-0.992188
812	-0.968750	-0.984375
813	-0.984375	-0.992188
814	-1.000000	-1.000000
815	-0.929688	-0.960938
816	-1.000000	-1.000000
817	-0.984375	-0.992188
818	-0.984375	-0.992188
819	-0.960938	-0.976563
820	-1.000000	-1.000000
821	-1.000000	-1.000000
822	-0.937500	-0.960938
823	-1.000000	-1.000000
824	-0.984375	-0.992188
825	-0.976563	-0.984375
826	-1.000000	-1.000000
827	-1.000000	-1.000000
828	-0.984375	-0.992188
829	-0.968750	-0.984375
830	-0.984375	-0.992188
831	-1.000000	-1.000000
832	-0.984375	-0.992188
833	-0.984375	-0.992188
834	-1.000000	-1.000000
835	-0.984375	-0.992188
836	-1.000000	-1.000000
837	-0.984375	-0.992188
838	-0.976563	-0.984375
839	-0.984375	-0.992188
840	-1.000000	-1.000000
841	-0.984375	-0.992188
842	-1.000000	-1.000000
843	-1.000000	-1.000000
844	-0.945313	-0.968750
845	-0.968750	-0.984375
846	-0.984375	-0.992188
847	-0.984375	-0.992188
848	-0.953125	-0.976563
849	-1.000000	-1.000000
850	-1.000000	-1.000000
851	-0.968750	-0.984375
852	-1.000000	-1.000000
853	-0.953125	-0.976563
854	-1.000000	-1.000000
855	-1.000000	-1.000000
856	-0.976563	-0.984375
857	-1.000000	-1.000000
858	-1.000000	-1.000000
859	-0.968750	-0.984375
860	-0.984375	-0.992188
861	-0.984375	-0.992188
862	-0.984375	-0.992188
863	-0.960938	-0.976563
864	-1.000000	-1.000000
865	-0.968750	-0.984375
866	-0.984375	-0.992188
867	-0.953125	-0.976563
868	-0.984375	-0.992188
869	-1.000000	-1.000000
870	-0.984375	-0.992188
871	-1.000000	-1.000000
872	-0.984375	-0.992188
873	-0.937500	-0.960938
874	-1.000000	-1.000000
875	-0.984375	-0.992188
876	-0.984375	-0.992188
877	-0.929688	-0.960938
878	-0.953125	-0.976563
879	-0.960938	-0.976563
880	-0.984375	-0.992188
881	-1.000000	-1.000000
882	-0.968750	-0.984375
883	-0.976563	-0.984375
884	-0.984375	-0.992188
885	-1.000000	-1.000000
886	-1.000000	-1.000000
887	-0.953125	-0.976563
888	-0.984375	-0.992188
889	-1.000000	-1.000000
890	-0.960938	-0.976563
891	-0.984375	-0.992188
892	-1.000000	-1.000000
893	-0.953125	-0.976563
894	-0.968750	-0.984375
895	-0.984375	-0.992188
896	-0.984375	-0.992188
897	-0.960938	-0.968750
898	-1.000000	-1.000000
899	-1.000000	-1.000000
900	-1.000000	-1.000000
901	-0.984375	-0.992188
902	-1.000000	-1.000000
903	-0.968750	-0.984375
904	-0.976563	-0.984375
905	-0.968750	-0.976563
906	-0.984375	-0.992188
907	-0.968750	-0.984375
908	-0.953125	-0.976563
909	-0.984375	-0.992188
910	-0.968750	-0.984375
911	-0.984375	-0.992188
912	-1.000000	-1.000000
913	-0.953125	-0.976563
914	-0.984375	-0.992188
915	-0.984375	-0.992188
916	-1.000000	-1.000000
917	-1.000000	-1.000000
918	-0.984375	-0.992188
919	-1.000000	-1.000000
920	-0.984375	-0.992188
921	-0.984375	-0.992188
922	-0.984375	-0.992188
923	-1.000000	-1.000000
924	-1.000000	-1.000000
925	-1.000000	-1.000000
926	-1.000000	-1.000000
927	-1.000000	-1.000000
928	-1.000000	-1.000000
929	-0.984375	-0.992188
930	-1.000000	-1.000000
931	-0.960938	-0.960938
932	-0.953125	-0.976563
933	-1.000000	-1.000000
934	-0.953125	-0.976563
935	-0.968750	-0.984375
936	-1.000000	-1.000000
937	-1.000000	-1.000000
938	-0.984375	-0.992188
939	-0.968750	-0.984375
940	-0.984375	-0.992188
941	-1.000000	-1.000000
942	-0.953125	-0.976563
943	-0.953125	-0.976563
944	-1.000000	-1.000000
945	-0.953125	-0.976563
946	-1.000000	-1.000000
947	-0.984375	-0.992188
948	-0.968750	-0.984375
949	-1.000000	-1.000000
950	-0.960938	-0.976563
951	-0.968750	-0.984375
952	-0.984375	-0.992188
953	-0.953125	-0.976563
954	-1.000000	-1.000000
955	-0.984375	-0.992188
956	-1.000000	-1.000000
957	-1.000000	-1.000000
958	-1.000000	-1.000000
959	-0.984375	-0.992188
960	-0.984375	-0.992188
961	-0.984375	-0.992188
962	-0.960938	-0.976563
963	-0.984375	-0.992188
964	-0.984375	-0.992188
965	-0.945313	-0.953125
966	-0.968750	-0.984375
967	-0.984375	-0.992188
968	-0.968750	-0.984375
969	-0.984375	-0.992188
970	-0.953125	-0.960938
971	-0.960938	-0.976563
972	-1.000000	-1.000000
973	-1.000000	-1.000000
974	-0.984375	-0.992188
975	-0.968750	-0.984375
976	-0.984375	-0.992188
977	-0.968750	-0.984375
978	-0.976563	-0.984375
979	-0.984375	-0.992188
980	-0.984375	-0.992188
981	-0.984375	-0.992188
982	-1.000000	-1.000000
983	-0.984375	-0.992188
984	-1.000000	-1.000000
985	-0.929688	-0.960938
986	-0.953125	-0.976563
987	-0.984375	-0.992188
988	-0.968750	-0.984375
989	-0.968750	-0.984375
990	-1.000000	-1.000000
991	-0.984375	-0.992188
992	-1.000000	-1.000000
993	-1.000000	-1.000000
994	-0.968750	-0.984375
995	-0.984375	-0.992188
996	-1.000000	-1.000000
997	-0.984375	-0.992188
998	-0.968750	-0.984375
999	-0.968750	-0.984375
