0	-0.671875	-0.773438
1	-0.781250	-0.851563
2	-0.781250	-0.851563
3	-0.757813	-0.742188
4	-0.687500	-0.750000
5	-0.578125	-0.656250
6	-0.601563	-0.656250
7	-0.679688	-0.703125
8	-0.507813	-0.523438
9	-0.632813	-0.359375
10	-0.734375	-0.695313
11	-0.656250	-0.687500
12	-0.507813	-0.179688
13	-0.570313	0.187500
14	-0.625000	0.375000
15	-0.718750	0.687500
16	-0.687500	0.765625
17	-0.710938	0.625000
18	-0.804688	0.882813
19	-0.796875	0.859375
20	-0.593750	0.398438
21	-0.453125	-0.226563
22	-0.734375	-0.781250
23	-0.687500	-0.750000
24	-0.664063	-0.562500
25	-0.867188	-0.921875
26	-0.671875	-0.718750
27	-0.835938	-0.875000
28	-0.796875	-0.828125
29	-0.812500	-0.890625
30	-0.812500	-0.875000
31	-0.687500	-0.773438
32	-0.664063	-0.671875
33	-0.609375	-0.585938
34	-0.734375	-0.835938
35	-0.640625	-0.695313
36	-0.601563	-0.445313
37	-0.570313	-0.437500
38	-0.656250	-0.515625
39	-0.679688	-0.687500
40	-0.609375	-0.578125
41	-0.710938	-0.718750
42	-0.585938	-0.468750
43	-0.609375	-0.414063
44	-0.625000	-0.562500
45	-0.796875	-0.843750
46	-0.781250	-0.828125
47	-0.812500	-0.828125
48	-0.664063	-0.703125
49	-0.804688	-0.875000
50	-0.679688	-0.656250
51	-0.609375	-0.585938
52	-0.578125	-0.515625
53	-0.609375	-0.632813
54	-0.593750	-0.601563
55	-0.617188	-0.710938
56	-0.687500	-0.781250
57	-0.734375	-0.804688
58	-0.718750	-0.804688
59	-0.609375	-0.273438
60	-0.523438	-0.007813
61	-0.523438	-0.289063
62	-0.539063	-0.421875
63	-0.734375	-0.828125
64	-0.656250	-0.742188
65	-0.750000	-0.804688
66	-0.679688	-0.726563
67	-0.671875	-0.578125
68	-0.640625	-0.554688
69	-0.523438	-0.367188
70	-0.539063	-0.335938
71	-0.718750	-0.703125
72	-0.687500	-0.718750
73	-0.585938	-0.671875
74	-0.671875	-0.679688
75	-0.617188	-0.648438
76	-0.632813	-0.656250
77	-0.601563	-0.617188
78	-0.601563	-0.570313
79	-0.679688	-0.742188
80	-0.640625	-0.421875
81	-0.570313	-0.367188
82	-0.625000	-0.539063
83	-0.718750	-0.710938
84	-0.703125	-0.789063
85	-0.687500	-0.773438
86	-0.539063	-0.523438
87	-0.578125	-0.585938
88	-0.750000	-0.562500
89	-0.617188	-0.554688
90	-0.570313	-0.257813
91	-0.617188	0.281250
92	-0.585938	0.359375
93	-0.679688	0.664063
94	-0.750000	0.789063
95	-0.632813	0.718750
96	-0.773438	0.812500
97	-0.695313	0.750000
98	-0.671875	0.750000
99	-0.742188	0.835938
100	-0.781250	0.851563
101	-0.671875	0.734375
102	-0.710938	0.750000
103	-0.671875	0.609375
104	-0.875000	0.906250
105	-0.664063	0.734375
106	-0.554688	0.562500
107	-0.695313	0.750000
108	-0.562500	0.445313
109	-0.679688	0.679688
110	-0.554688	0.398438
111	-0.554688	0.421875
112	-0.617188	0.062500
113	-0.562500	0.257813
114	-0.703125	0.632813
115	-0.640625	0.617188
116	-0.671875	0.484375
117	-0.625000	0.578125
118	-0.562500	0.203125
119	-0.531250	0.062500
120	-0.695313	-0.351563
121	-0.843750	-0.906250
122	-0.781250	-0.835938
123	-0.593750	-0.617188
124	-0.781250	-0.859375
125	-0.820313	-0.843750
126	-0.632813	-0.617188
127	-0.656250	-0.601563
128	-0.632813	-0.539063
129	-0.601563	-0.335938
130	-0.539063	-0.359375
131	-0.593750	-0.218750
132	-0.640625	-0.679688
133	-0.835938	-0.906250
134	-0.781250	-0.750000
135	-0.648438	-0.718750
136	-0.648438	-0.726563
137	-0.710938	-0.718750
138	-0.609375	-0.562500
139	-0.679688	-0.640625
140	-0.734375	-0.789063
141	-0.742188	-0.796875
142	-0.632813	-0.617188
143	-0.468750	-0.156250
144	-0.523438	0.179688
145	-0.679688	0.593750
146	-0.664063	0.742188
147	-0.703125	0.703125
148	-0.781250	0.851563
149	-0.703125	0.726563
150	-0.710938	0.718750
151	-0.617188	0.523438
152	-0.632813	0.679688
153	-0.773438	0.851563
154	-0.773438	0.820313
155	-0.554688	0.625000
156	-0.625000	0.757813
157	-0.671875	0.695313
158	-0.703125	0.656250
159	-0.843750	0.859375
160	-0.640625	0.640625
161	-0.734375	0.812500
162	-0.625000	0.585938
163	-0.671875	0.445313
164	-0.656250	0.546875
165	-0.625000	0.664063
166	-0.664063	0.703125
167	-0.679688	0.632813
168	-0.750000	0.765625
169	-0.718750	0.750000
170	-0.523438	0.562500
171	-0.601563	0.476563
172	-0.539063	0.335938
173	-0.609375	0.476563
174	-0.726563	0.789063
175	-0.773438	0.859375
176	-0.539063	0.523438
177	-0.609375	0.453125
178	-0.617188	0.515625
179	-0.664063	0.750000
180	-0.609375	0.328125
181	-0.601563	0.500000
182	-0.507813	0.273438
183	-0.523438	0.000000
184	-0.500000	0.312500
185	-0.718750	0.609375
186	-0.585938	0.468750
187	-0.609375	0.343750
188	-0.484375	0.398438
189	-0.679688	0.750000
190	-0.695313	0.734375
191	-0.796875	0.812500
192	-0.695313	0.781250
193	-0.562500	0.531250
194	-0.664063	0.632813
195	-0.578125	0.578125
196	-0.742188	0.757813
197	-0.718750	0.781250
198	-0.617188	0.578125
199	-0.710938	0.710938
200	-0.648438	0.679688
201	-0.578125	0.617188
202	-0.750000	0.781250
203	-0.609375	0.625000
204	-0.679688	0.671875
205	-0.648438	0.578125
206	-0.640625	0.679688
207	-0.609375	0.593750
208	-0.625000	0.609375
209	-0.601563	0.570313
210	-0.515625	0.367188
211	-0.671875	0.734375
212	-0.546875	0.460938
213	-0.546875	0.164063
214	-0.570313	-0.125000
215	-0.578125	-0.585938
216	-0.515625	-0.546875
217	-0.500000	0.093750
218	-0.640625	-0.335938
219	-0.593750	-0.445313
220	-0.734375	-0.820313
221	-0.664063	-0.578125
222	-0.656250	-0.531250
223	-0.531250	-0.226563
224	-0.640625	-0.554688
225	-0.656250	-0.695313
226	-0.632813	-0.718750
227	-0.796875	-0.664063
228	-0.742188	-0.640625
229	-0.640625	-0.585938
230	-0.523438	-0.085938
231	-0.578125	0.304688
232	-0.554688	0.414063
233	-0.562500	-0.164063
234	-0.562500	0.015625
235	-0.507813	-0.007813
236	-0.617188	0.320313
237	-0.593750	0.359375
238	-0.562500	-0.078125
239	-0.593750	0.000000
240	-0.585938	0.242188
241	-0.820313	0.812500
242	-0.625000	0.578125
243	-0.695313	0.453125
244	-0.593750	-0.218750
245	-0.617188	0.187500
246	-0.500000	0.273438
247	-0.539063	0.250000
248	-0.578125	0.359375
249	-0.679688	0.695313
250	-0.625000	0.632813
251	-0.671875	0.500000
252	-0.695313	0.625000
253	-0.718750	0.671875
254	-0.601563	0.429688
255	-0.695313	0.625000
256	-0.507813	0.296875
257	-0.812500	0.851563
258	-0.726563	0.718750
259	-0.531250	0.539063
260	-0.820313	0.898438
261	-0.820313	0.859375
262	-0.632813	0.703125
263	-0.687500	0.789063
264	-0.679688	0.781250
265	-0.671875	0.695313
266	-0.640625	0.640625
267	-0.625000	0.414063
268	-0.656250	0.492188
269	-0.421875	0.085938
270	-0.664063	0.570313
271	-0.734375	0.554688
272	-0.687500	0.515625
273	-0.500000	0.437500
274	-0.601563	-0.250000
275	-0.757813	-0.781250
276	-0.625000	-0.593750
277	-0.531250	-0.250000
278	-0.515625	-0.445313
279	-0.710938	-0.632813
280	-0.617188	-0.500000
281	-0.656250	-0.671875
282	-0.656250	-0.656250
283	-0.609375	-0.585938
284	-0.773438	-0.804688
285	-0.695313	-0.734375
286	-0.476563	-0.234375
287	-0.562500	-0.515625
288	-0.796875	-0.882813
289	-0.640625	-0.695313
290	-0.585938	-0.382813
291	-0.632813	-0.468750
292	-0.546875	-0.312500
293	-0.703125	-0.718750
294	-0.617188	-0.656250
295	-0.687500	-0.515625
296	-0.859375	-0.914063
297	-0.812500	-0.882813
298	-0.820313	-0.804688
299	-0.796875	-0.890625
300	-0.632813	-0.593750
301	-0.617188	-0.289063
302	-0.601563	-0.148438
303	-0.546875	-0.570313
304	-0.585938	-0.359375
305	-0.554688	-0.531250
306	-0.593750	-0.304688
307	-0.593750	-0.406250
308	-0.500000	-0.335938
309	-0.554688	-0.281250
310	-0.515625	-0.367188
311	-0.617188	-0.367188
312	-0.593750	-0.617188
313	-0.539063	-0.164063
314	-0.593750	0.070313
315	-0.562500	-0.250000
316	-0.640625	-0.054688
317	-0.601563	-0.007813
318	-0.648438	-0.164063
319	-0.468750	0.164063
320	-0.585938	0.429688
321	-0.765625	0.781250
322	-0.757813	0.843750
323	-0.820313	0.882813
324	-0.632813	0.664063
325	-0.593750	0.406250
326	-0.632813	0.539063
327	-0.703125	0.679688
328	-0.539063	0.476563
329	-0.703125	0.609375
330	-0.656250	0.515625
331	-0.640625	0.578125
332	-0.687500	0.703125
333	-0.742188	0.773438
334	-0.695313	0.695313
335	-0.648438	0.664063
336	-0.812500	0.867188
337	-0.531250	0.570313
338	-0.562500	0.539063
339	-0.593750	0.351563
340	-0.492188	0.343750
341	-0.515625	0.257813
342	-0.703125	0.640625
343	-0.546875	0.492188
344	-0.437500	0.250000
345	-0.609375	0.656250
346	-0.585938	0.539063
347	-0.546875	0.554688
348	-0.812500	0.867188
349	-0.648438	0.320313
350	-0.703125	0.710938
351	-0.640625	0.695313
352	-0.750000	0.796875
353	-0.625000	0.742188
354	-0.726563	0.812500
355	-0.578125	0.585938
356	-0.625000	0.726563
357	-0.609375	0.507813
358	-0.539063	0.367188
359	-0.546875	0.085938
360	-0.546875	0.281250
361	-0.656250	0.281250
362	-0.523438	0.500000
363	-0.671875	0.718750
364	-0.789063	0.843750
365	-0.640625	0.726563
366	-0.726563	0.781250
367	-0.632813	0.671875
368	-0.687500	0.710938
369	-0.734375	0.757813
370	-0.750000	0.851563
371	-0.531250	0.609375
372	-0.531250	0.476563
373	-0.585938	0.492188
374	-0.601563	0.445313
375	-0.585938	0.632813
376	-0.851563	0.882813
377	-0.703125	0.742188
378	-0.632813	0.507813
379	-0.578125	0.250000
380	-0.695313	0.718750
381	-0.625000	0.687500
382	-0.617188	0.625000
383	-0.578125	0.562500
384	-0.656250	0.570313
385	-0.609375	0.578125
386	-0.648438	0.671875
387	-0.718750	0.750000
388	-0.695313	0.656250
389	-0.710938	0.773438
390	-0.718750	0.679688
391	-0.687500	0.601563
392	-0.812500	0.820313
393	-0.601563	0.679688
394	-0.617188	0.546875
395	-0.453125	-0.164063
396	-0.617188	-0.648438
397	-0.500000	-0.343750
398	-0.507813	-0.023438
399	-0.625000	-0.257813
400	-0.617188	-0.367188
401	-0.671875	-0.281250
402	-0.664063	-0.421875
403	-0.507813	-0.328125
404	-0.500000	-0.210938
405	-0.570313	0.617188
406	-0.640625	0.664063
407	-0.609375	0.507813
408	-0.593750	0.398438
409	-0.632813	0.664063
410	-0.726563	0.804688
411	-0.718750	0.734375
412	-0.773438	0.859375
413	-0.773438	0.820313
414	-0.687500	0.687500
415	-0.796875	0.875000
416	-0.750000	0.796875
417	-0.617188	0.414063
418	-0.656250	0.695313
419	-0.703125	0.734375
420	-0.601563	0.453125
421	-0.507813	0.492188
422	-0.492188	0.554688
423	-0.664063	0.757813
424	-0.554688	0.484375
425	-0.695313	0.468750
426	-0.507813	0.429688
427	-0.601563	0.507813
428	-0.531250	0.398438
429	-0.781250	0.851563
430	-0.828125	0.890625
431	-0.703125	0.796875
432	-0.687500	0.703125
433	-0.664063	0.726563
434	-0.703125	0.742188
435	-0.617188	0.640625
436	-0.585938	0.625000
437	-0.789063	0.835938
438	-0.656250	0.609375
439	-0.656250	0.492188
440	-0.617188	0.609375
441	-0.679688	0.539063
442	-0.796875	0.851563
443	-0.695313	0.757813
444	-0.742188	0.835938
445	-0.679688	0.476563
446	-0.648438	0.757813
447	-0.632813	0.585938
448	-0.593750	0.460938
449	-0.671875	0.703125
450	-0.710938	0.640625
451	-0.546875	0.531250
452	-0.656250	0.750000
453	-0.554688	0.601563
454	-0.664063	0.671875
455	-0.671875	0.734375
456	-0.648438	0.742188
457	-0.625000	0.648438
458	-0.578125	0.539063
459	-0.757813	0.828125
460	-0.726563	0.820313
461	-0.648438	0.585938
462	-0.710938	0.695313
463	-0.718750	0.750000
464	-0.656250	0.718750
465	-0.585938	0.132813
466	-0.695313	0.656250
467	-0.671875	0.632813
468	-0.648438	0.640625
469	-0.632813	0.257813
470	-0.617188	0.289063
471	-0.578125	0.445313
472	-0.695313	0.625000
473	-0.757813	0.789063
474	-0.476563	0.195313
475	-0.570313	0.539063
476	-0.679688	0.468750
477	-0.718750	0.640625
478	-0.531250	0.250000
479	-0.492188	0.117188
480	-0.578125	0.382813
481	-0.617188	0.632813
482	-0.664063	0.695313
483	-0.515625	0.570313
484	-0.734375	0.750000
485	-0.617188	0.523438
486	-0.531250	0.414063
487	-0.617188	0.039063
488	-0.585938	-0.140625
489	-0.531250	0.031250
490	-0.554688	0.320313
491	-0.757813	0.781250
492	-0.570313	0.429688
493	-0.609375	0.468750
494	-0.578125	0.546875
495	-0.742188	0.578125
496	-0.437500	0.375000
497	-0.648438	0.531250
498	-0.632813	0.601563
499	-0.625000	0.523438
500	-0.679688	0.531250
501	-0.523438	0.492188
502	-0.492188	-0.070313
503	-0.492188	0.078125
504	-0.546875	0.148438
505	-0.632813	0.289063
506	-0.585938	-0.062500
507	-0.601563	-0.476563
508	-0.726563	-0.718750
509	-0.671875	-0.781250
510	-0.578125	-0.625000
511	-0.593750	-0.585938
512	-0.750000	-0.843750
513	-0.546875	-0.468750
514	-0.656250	-0.562500
515	-0.640625	-0.671875
516	-0.703125	-0.695313
517	-0.679688	-0.742188
518	-0.664063	-0.671875
519	-0.664063	-0.726563
520	-0.726563	-0.804688
521	-0.671875	-0.710938
522	-0.617188	-0.570313
523	-0.640625	-0.601563
524	-0.492188	-0.320313
525	-0.703125	-0.390625
526	-0.726563	-0.414063
527	-0.609375	-0.421875
528	-0.632813	-0.476563
529	-0.656250	-0.757813
530	-0.679688	-0.703125
531	-0.656250	-0.703125
532	-0.781250	-0.804688
533	-0.632813	-0.570313
534	-0.640625	-0.421875
535	-0.460938	-0.007813
536	-0.570313	-0.281250
537	-0.617188	-0.570313
538	-0.718750	-0.812500
539	-0.820313	-0.882813
540	-0.679688	-0.718750
541	-0.593750	-0.648438
542	-0.546875	-0.468750
543	-0.671875	-0.671875
544	-0.593750	-0.328125
545	-0.625000	-0.367188
546	-0.757813	-0.804688
547	-0.632813	-0.726563
548	-0.679688	-0.718750
549	-0.640625	-0.695313
550	-0.695313	-0.710938
551	-0.476563	-0.226563
552	-0.609375	-0.265625
553	-0.570313	-0.390625
554	-0.531250	-0.156250
555	-0.531250	0.179688
556	-0.625000	0.171875
557	-0.609375	-0.171875
558	-0.523438	-0.492188
559	-0.578125	-0.617188
560	-0.703125	-0.757813
561	-0.875000	-0.882813
562	-0.671875	-0.750000
563	-0.820313	-0.875000
564	-0.718750	-0.789063
565	-0.750000	-0.695313
566	-0.656250	-0.710938
567	-0.671875	-0.648438
568	-0.750000	-0.742188
569	-0.601563	-0.640625
570	-0.609375	-0.593750
571	-0.562500	-0.570313
572	-0.476563	-0.273438
573	-0.687500	-0.687500
574	-0.546875	-0.531250
575	-0.625000	-0.617188
576	-0.750000	-0.835938
577	-0.726563	-0.718750
578	-0.617188	-0.585938
579	-0.671875	-0.687500
580	-0.890625	-0.929688
581	-0.820313	-0.875000
582	-0.601563	-0.500000
583	-0.656250	-0.640625
584	-0.632813	-0.664063
585	-0.640625	-0.632813
586	-0.679688	-0.679688
587	-0.718750	-0.828125
588	-0.812500	-0.898438
589	-0.789063	-0.859375
590	-0.679688	-0.734375
591	-0.796875	-0.734375
592	-0.664063	-0.679688
593	-0.765625	-0.828125
594	-0.695313	-0.710938
595	-0.718750	-0.718750
596	-0.742188	-0.695313
597	-0.718750	-0.804688
598	-0.601563	-0.453125
599	-0.507813	-0.445313
600	-0.726563	-0.765625
601	-0.593750	-0.687500
602	-0.742188	-0.742188
603	-0.703125	-0.796875
604	-0.617188	-0.625000
605	-0.703125	-0.750000
606	-0.820313	-0.882813
607	-0.812500	-0.867188
608	-0.625000	-0.695313
609	-0.570313	-0.585938
610	-0.796875	-0.835938
611	-0.617188	-0.390625
612	-0.687500	-0.523438
613	-0.750000	-0.804688
614	-0.593750	-0.546875
615	-0.718750	-0.781250
616	-0.750000	-0.796875
617	-0.796875	-0.851563
618	-0.671875	-0.664063
619	-0.695313	-0.703125
620	-0.695313	-0.718750
621	-0.710938	-0.695313
622	-0.671875	-0.570313
623	-0.601563	-0.523438
624	-0.648438	-0.601563
625	-0.781250	-0.804688
626	-0.617188	-0.539063
627	-0.617188	-0.382813
628	-0.601563	-0.539063
629	-0.656250	-0.734375
630	-0.671875	-0.757813
631	-0.687500	-0.601563
632	-0.742188	-0.804688
633	-0.703125	-0.750000
634	-0.695313	-0.765625
635	-0.585938	-0.664063
636	-0.609375	-0.609375
637	-0.578125	-0.390625
638	-0.460938	-0.085938
639	-0.593750	0.070313
640	-0.554688	-0.476563
641	-0.601563	-0.398438
642	-0.625000	0.023438
643	-0.554688	-0.070313
644	-0.585938	0.093750
645	-0.476563	0.109375
646	-0.656250	0.093750
647	-0.609375	-0.398438
648	-0.531250	-0.539063
649	-0.453125	-0.125000
650	-0.585938	-0.101563
651	-0.398438	0.000000
652	-0.539063	-0.343750
653	-0.593750	-0.437500
654	-0.476563	-0.171875
655	-0.515625	0.046875
656	-0.492188	0.328125
657	-0.703125	0.523438
658	-0.554688	0.429688
659	-0.687500	0.710938
660	-0.703125	0.625000
661	-0.695313	0.625000
662	-0.710938	0.781250
663	-0.789063	0.695313
664	-0.648438	0.656250
665	-0.726563	0.718750
666	-0.640625	0.546875
667	-0.523438	0.257813
668	-0.570313	-0.187500
669	-0.539063	-0.453125
670	-0.523438	-0.289063
671	-0.601563	-0.445313
672	-0.695313	-0.812500
673	-0.671875	-0.718750
674	-0.687500	-0.679688
675	-0.640625	-0.492188
676	-0.609375	-0.578125
677	-0.773438	-0.867188
678	-0.679688	-0.718750
679	-0.734375	-0.750000
680	-0.742188	-0.812500
681	-0.687500	-0.703125
682	-0.726563	-0.796875
683	-0.734375	-0.765625
684	-0.679688	-0.750000
685	-0.703125	-0.671875
686	-0.625000	-0.578125
687	-0.531250	-0.328125
688	-0.578125	-0.375000
689	-0.710938	-0.695313
690	-0.789063	-0.859375
691	-0.648438	-0.632813
692	-0.679688	-0.593750
693	-0.742188	-0.828125
694	-0.570313	-0.476563
695	-0.460938	-0.359375
696	-0.750000	-0.750000
697	-0.664063	-0.679688
698	-0.585938	-0.367188
699	-0.742188	-0.648438
700	-0.625000	-0.187500
701	-0.570313	-0.335938
702	-0.578125	-0.335938
703	-0.734375	-0.789063
704	-0.703125	-0.789063
705	-0.546875	-0.484375
706	-0.664063	-0.726563
707	-0.718750	-0.703125
708	-0.820313	-0.859375
709	-0.679688	-0.593750
710	-0.726563	-0.710938
711	-0.625000	-0.648438
712	-0.773438	-0.867188
713	-0.632813	-0.593750
714	-0.750000	-0.546875
715	-0.625000	-0.343750
716	-0.617188	-0.531250
717	-0.578125	-0.500000
718	-0.828125	-0.890625
719	-0.695313	-0.765625
720	-0.734375	-0.781250
721	-0.734375	-0.765625
722	-0.820313	-0.867188
723	-0.726563	-0.718750
724	-0.617188	-0.523438
725	-0.515625	-0.257813
726	-0.632813	-0.585938
727	-0.656250	-0.726563
728	-0.632813	-0.648438
729	-0.656250	-0.695313
730	-0.898438	-0.937500
731	-0.851563	-0.921875
732	-0.765625	-0.828125
733	-0.718750	-0.718750
734	-0.765625	-0.828125
735	-0.726563	-0.695313
736	-0.742188	-0.765625
737	-0.679688	-0.765625
738	-0.742188	-0.812500
739	-0.718750	-0.796875
740	-0.640625	-0.703125
741	-0.710938	-0.750000
742	-0.718750	-0.765625
743	-0.656250	-0.664063
744	-0.531250	-0.601563
745	-0.703125	-0.734375
746	-0.734375	-0.781250
747	-0.578125	-0.562500
748	-0.601563	-0.359375
749	-0.820313	-0.843750
750	-0.695313	-0.796875
751	-0.539063	-0.468750
752	-0.664063	-0.726563
753	-0.757813	-0.812500
754	-0.742188	-0.820313
755	-0.710938	-0.828125
756	-0.757813	-0.734375
757	-0.703125	-0.812500
758	-0.734375	-0.804688
759	-0.695313	-0.742188
760	-0.695313	-0.648438
761	-0.500000	-0.382813
762	-0.554688	-0.515625
763	-0.726563	-0.742188
764	-0.726563	-0.750000
765	-0.640625	-0.750000
766	-0.757813	-0.820313
767	-0.703125	-0.781250
768	-0.726563	-0.781250
769	-0.648438	-0.718750
770	-0.718750	-0.742188
771	-0.882813	-0.898438
772	-0.507813	-0.429688
773	-0.656250	-0.570313
774	-0.601563	-0.632813
775	-0.695313	-0.742188
776	-0.546875	-0.546875
777	-0.703125	-0.640625
778	-0.625000	-0.593750
779	-0.734375	-0.562500
780	-0.632813	-0.640625
781	-0.585938	-0.390625
782	-0.664063	-0.750000
783	-0.484375	-0.421875
784	-0.640625	-0.367188
785	-0.632813	-0.609375
786	-0.632813	-0.593750
787	-0.593750	-0.585938
788	-0.546875	-0.351563
789	-0.648438	-0.664063
790	-0.828125	-0.851563
791	-0.648438	-0.601563
792	-0.664063	-0.750000
793	-0.546875	-0.492188
794	-0.468750	-0.093750
795	-0.656250	-0.679688
796	-0.843750	-0.906250
797	-0.757813	-0.726563
798	-0.585938	-0.546875
799	-0.617188	-0.593750
800	-0.718750	-0.687500
801	-0.757813	-0.828125
802	-0.796875	-0.843750
803	-0.679688	-0.679688
804	-0.468750	-0.242188
805	-0.710938	-0.632813
806	-0.703125	-0.781250
807	-0.539063	-0.406250
808	-0.734375	-0.750000
809	-0.671875	-0.671875
810	-0.648438	-0.492188
811	-0.726563	-0.281250
812	-0.570313	0.156250
813	-0.656250	0.523438
814	-0.718750	0.804688
815	-0.757813	0.781250
816	-0.554688	0.523438
817	-0.632813	0.507813
818	-0.617188	0.617188
819	-0.578125	0.429688
820	-0.437500	0.218750
821	-0.562500	0.273438
822	-0.476563	0.382813
823	-0.750000	0.765625
824	-0.703125	0.765625
825	-0.679688	0.718750
826	-0.757813	0.757813
827	-0.570313	0.515625
828	-0.585938	0.453125
829	-0.578125	0.226563
830	-0.679688	0.656250
831	-0.617188	0.671875
832	-0.523438	0.343750
833	-0.664063	0.656250
834	-0.851563	0.898438
835	-0.703125	0.781250
836	-0.703125	0.773438
837	-0.664063	0.546875
838	-0.765625	0.828125
839	-0.671875	0.765625
840	-0.757813	0.750000
841	-0.781250	0.726563
842	-0.656250	0.679688
843	-0.664063	0.718750
844	-0.804688	0.882813
845	-0.671875	0.789063
846	-0.539063	0.539063
847	-0.687500	0.687500
848	-0.648438	0.484375
849	-0.703125	0.742188
850	-0.570313	0.335938
851	-0.648438	0.671875
852	-0.640625	0.656250
853	-0.593750	0.593750
854	-0.492188	0.210938
855	-0.585938	0.539063
856	-0.500000	0.320313
857	-0.492188	-0.148438
858	-0.570313	0.140625
859	-0.554688	0.062500
860	-0.539063	0.312500
861	-0.570313	0.351563
862	-0.578125	0.250000
863	-0.585938	0.500000
864	-0.593750	0.515625
865	-0.523438	0.375000
866	-0.617188	0.539063
867	-0.679688	0.742188
868	-0.695313	0.695313
869	-0.734375	0.796875
870	-0.695313	0.734375
871	-0.796875	0.750000
872	-0.546875	0.507813
873	-0.625000	-0.125000
874	-0.562500	-0.250000
875	-0.578125	0.195313
876	-0.648438	0.406250
877	-0.492188	0.226563
878	-0.562500	0.093750
879	-0.539063	0.265625
880	-0.609375	0.367188
881	-0.656250	0.312500
882	-0.671875	0.703125
883	-0.593750	0.492188
884	-0.718750	0.781250
885	-0.718750	0.718750
886	-0.648438	0.679688
887	-0.781250	0.851563
888	-0.796875	0.867188
889	-0.765625	0.687500
890	-0.648438	0.648438
891	-0.531250	0.484375
892	-0.609375	0.468750
893	-0.562500	0.343750
894	-0.632813	0.609375
895	-0.515625	0.304688
896	-0.492188	0.335938
897	-0.718750	0.781250
898	-0.671875	0.679688
899	-0.687500	0.679688
900	-0.703125	0.593750
901	-0.593750	0.218750
902	-0.570313	0.117188
903	-0.531250	0.054688
904	-0.562500	-0.062500
905	-0.625000	0.179688
906	-0.523438	0.093750
907	-0.500000	0.515625
908	-0.679688	0.726563
909	-0.781250	0.843750
910	-0.718750	0.656250
911	-0.531250	0.101563
912	-0.687500	0.593750
913	-0.757813	0.851563
914	-0.625000	0.648438
915	-0.679688	0.757813
916	-0.445313	0.226563
917	-0.625000	0.390625
918	-0.710938	0.734375
919	-0.664063	0.601563
920	-0.695313	0.445313
921	-0.578125	0.023438
922	-0.617188	0.546875
923	-0.656250	0.585938
924	-0.468750	0.257813
925	-0.648438	-0.148438
926	-0.609375	-0.421875
927	-0.578125	-0.421875
928	-0.625000	-0.726563
929	-0.640625	-0.601563
930	-0.718750	-0.796875
931	-0.718750	-0.773438
932	-0.617188	-0.414063
933	-0.554688	-0.179688
934	-0.750000	0.437500
935	-0.703125	0.765625
936	-0.726563	0.578125
937	-0.593750	0.601563
938	-0.781250	0.828125
939	-0.656250	0.531250
940	-0.781250	0.820313
941	-0.835938	0.859375
942	-0.601563	0.421875
943	-0.625000	0.539063
944	-0.703125	0.546875
945	-0.585938	0.453125
946	-0.515625	-0.007813
947	-0.523438	-0.250000
948	-0.531250	-0.140625
949	-0.664063	-0.695313
950	-0.601563	-0.476563
951	-0.703125	-0.570313
952	-0.523438	-0.570313
953	-0.750000	-0.804688
954	-0.648438	-0.445313
955	-0.648438	-0.562500
956	-0.632813	-0.453125
957	-0.625000	-0.500000
958	-0.562500	-0.421875
959	-0.640625	-0.195313
960	-0.546875	0.218750
961	-0.523438	0.242188
962	-0.570313	0.093750
963	-0.476563	-0.492188
964	-0.648438	-0.656250
965	-0.703125	-0.796875
966	-0.750000	-0.703125
967	-0.578125	-0.515625
968	-0.687500	-0.726563
969	-0.703125	-0.765625
970	-0.710938	-0.757813
971	-0.750000	-0.765625
972	-0.570313	-0.625000
973	-0.726563	-0.687500
974	-0.648438	-0.507813
975	-0.585938	-0.453125
976	-0.632813	-0.515625
977	-0.585938	-0.546875
978	-0.484375	-0.320313
979	-0.562500	-0.468750
980	-0.554688	-0.328125
981	-0.710938	-0.773438
982	-0.875000	-0.937500
983	-0.781250	-0.828125
984	-0.632813	-0.617188
985	-0.687500	-0.648438
986	-0.695313	-0.703125
987	-0.539063	-0.570313
988	-0.554688	-0.609375
989	-0.617188	-0.679688
990	-0.601563	-0.640625
991	-0.476563	-0.234375
992	-0.539063	-0.187500
993	-0.437500	-0.109375
994	-0.570313	0.039063
995	-0.585938	0.296875
996	-0.765625	0.828125
997	-0.695313	0.734375
998	-0.632813	0.656250
999	-0.632813	0.632813
