0	-1.000000	-1.000000
1	-1.000000	-1.000000
2	-1.000000	-1.000000
3	-0.976563	-0.984375
4	-0.984375	-0.992188
5	-1.000000	-1.000000
6	-1.000000	-1.000000
7	-1.000000	-1.000000
8	-0.976563	-0.984375
9	-1.000000	-1.000000
10	-1.000000	-1.000000
11	-1.000000	-1.000000
12	-0.984375	-0.992188
13	-1.000000	-1.000000
14	-1.000000	-1.000000
15	-1.000000	-1.000000
16	-1.000000	-1.000000
17	-1.000000	-1.000000
18	-1.000000	-1.000000
19	-0.984375	-0.992188
20	-1.000000	-1.000000
21	-1.000000	-1.000000
22	-0.984375	-0.992188
23	-1.000000	-1.000000
24	-1.000000	-1.000000
25	-1.000000	-1.000000
26	-1.000000	-1.000000
27	-1.000000	-1.000000
28	-0.984375	-0.992188
29	-1.000000	-1.000000
30	-1.000000	-1.000000
31	-1.000000	-1.000000
32	-0.984375	-0.992188
33	-0.984375	-0.992188
34	-1.000000	-1.000000
35	-1.000000	-1.000000
36	-0.984375	-0.992188
37	-1.000000	-1.000000
38	-1.000000	-1.000000
39	-1.000000	-1.000000
40	-1.000000	-1.000000
41	-1.000000	-1.000000
42	-1.000000	-1.000000
43	-1.000000	-1.000000
44	-1.000000	-1.000000
45	-1.000000	-1.000000
46	-1.000000	-1.000000
47	-1.000000	-1.000000
48	-1.000000	-1.000000
49	-1.000000	-1.000000
50	-1.000000	-1.000000
51	-1.000000	-1.000000
52	-1.000000	-1.000000
53	-1.000000	-1.000000
54	-0.984375	-0.992188
55	-1.000000	-1.000000
56	-1.000000	-1.000000
57	-0.984375	-0.992188
58	-0.984375	-0.992188
59	-0.984375	-0.992188
60	-0.984375	-0.992188
61	-1.000000	-1.000000
62	-1.000000	-1.000000
63	-0.984375	-0.992188
64	-1.000000	-1.000000
65	-1.000000	-1.000000
66	-1.000000	-1.000000
67	-1.000000	-1.000000
68	-0.984375	-0.992188
69	-1.000000	-1.000000
70	-1.000000	-1.000000
71	-1.000000	-1.000000
72	-1.000000	-1.000000
73	-1.000000	-1.000000
74	-1.000000	-1.000000
75	-1.000000	-1.000000
76	-1.000000	-1.000000
77	-1.000000	-1.000000
78	-0.968750	-0.984375
79	-1.000000	-1.000000
80	-0.984375	-0.992188
81	-1.000000	-1.000000
82	-0.984375	-0.992188
83	-1.000000	-1.000000
84	-1.000000	-1.000000
85	-1.000000	-1.000000
86	-1.000000	-1.000000
87	-1.000000	-1.000000
88	-1.000000	-1.000000
89	-0.984375	-0.992188
90	-0.984375	-0.992188
91	-1.000000	-1.000000
92	-1.000000	-1.000000
93	-0.984375	-0.992188
94	-0.953125	-0.976563
95	-0.976563	-0.984375
96	-1.000000	-1.000000
97	-1.000000	-1.000000
98	-0.984375	-0.992188
99	-0.984375	-0.992188
100	-0.984375	-0.992188
101	-1.000000	-1.000000
102	-1.000000	-1.000000
103	-1.000000	-1.000000
104	-1.000000	-1.000000
105	-0.984375	-0.992188
106	-1.000000	-1.000000
107	-0.984375	-0.992188
108	-0.968750	-0.976563
109	-0.984375	-0.992188
110	-1.000000	-1.000000
111	-0.984375	-0.992188
112	-1.000000	-1.000000
113	-1.000000	-1.000000
114	-1.000000	-1.000000
115	-0.984375	-0.992188
116	-1.000000	-1.000000
117	-1.000000	-1.000000
118	-1.000000	-1.000000
119	-1.000000	-1.000000
120	-0.984375	-0.992188
121	-0.984375	-0.992188
122	-1.000000	-1.000000
123	-1.000000	-1.000000
124	-1.000000	-1.000000
125	-1.000000	-1.000000
126	-0.968750	-0.984375
127	-1.000000	-1.000000
128	-0.984375	-0.992188
129	-1.000000	-1.000000
130	-0.984375	-0.992188
131	-1.000000	-1.000000
132	-1.000000	-1.000000
133	-0.968750	-0.984375
134	-1.000000	-1.000000
135	-1.000000	-1.000000
136	-1.000000	-1.000000
137	-1.000000	-1.000000
138	-1.000000	-1.000000
139	-1.000000	-1.000000
140	-1.000000	-1.000000
141	-0.976563	-0.984375
142	-1.000000	-1.000000
143	-0.984375	-0.992188
144	-1.000000	-1.000000
145	-1.000000	-1.000000
146	-1.000000	-1.000000
147	-1.000000	-1.000000
148	-1.000000	-1.000000
149	-1.000000	-1.000000
150	-1.000000	-1.000000
151	-1.000000	-1.000000
152	-1.000000	-1.000000
153	-1.000000	-1.000000
154	-0.984375	-0.992188
155	-0.984375	-0.992188
156	-1.000000	-1.000000
157	-0.984375	-0.992188
158	-0.984375	-0.992188
159	-1.000000	-1.000000
160	-1.000000	-1.000000
161	-1.000000	-1.000000
162	-0.953125	-0.976563
163	-1.000000	-1.000000
164	-0.984375	-0.992188
165	-1.000000	-1.000000
166	-1.000000	-1.000000
167	-1.000000	-1.000000
168	-1.000000	-1.000000
169	-0.968750	-0.984375
170	-1.000000	-1.000000
171	-1.000000	-1.000000
172	-1.000000	-1.000000
173	-0.984375	-0.992188
174	-0.984375	-0.992188
175	-1.000000	-1.000000
176	-1.000000	-1.000000
177	-0.984375	-0.992188
178	-0.976563	-0.984375
179	-1.000000	-1.000000
180	-1.000000	-1.000000
181	-1.000000	-1.000000
182	-1.000000	-1.000000
183	-1.000000	-1.000000
184	-1.000000	-1.000000
185	-1.000000	-1.000000
186	-0.984375	-0.992188
187	-1.000000	-1.000000
188	-0.984375	-0.992188
189	-1.000000	-1.000000
190	-1.000000	-1.000000
191	-1.000000	-1.000000
192	-1.000000	-1.000000
193	-1.000000	-1.000000
194	-0.984375	-0.992188
195	-0.984375	-0.992188
196	-0.953125	-0.976563
197	-1.000000	-1.000000
198	-1.000000	-1.000000
199	-1.000000	-1.000000
200	-1.000000	-1.000000
201	-1.000000	-1.000000
202	-0.984375	-0.992188
203	-1.000000	-1.000000
204	-0.984375	-0.992188
205	-1.000000	-1.000000
206	-1.000000	-1.000000
207	-0.984375	-0.992188
208	-1.000000	-1.000000
209	-1.000000	-1.000000
210	-1.000000	-1.000000
211	-0.984375	-0.992188
212	-1.000000	-1.000000
213	-1.000000	-1.000000
214	-1.000000	-1.000000
215	-1.000000	-1.000000
216	-1.000000	-1.000000
217	-0.984375	-0.992188
218	-1.000000	-1.000000
219	-1.000000	-1.000000
220	-1.000000	-1.000000
221	-0.984375	-0.992188
222	-0.984375	-0.992188
223	-1.000000	-1.000000
224	-1.000000	-1.000000
225	-1.000000	-1.000000
226	-0.976563	-0.984375
227	-0.984375	-0.992188
228	-1.000000	-1.000000
229	-1.000000	-1.000000
230	-1.000000	-1.000000
231	-1.000000	-1.000000
232	-1.000000	-1.000000
233	-1.000000	-1.000000
234	-1.000000	-1.000000
235	-1.000000	-1.000000
236	-1.000000	-1.000000
237	-0.984375	-0.992188
238	-1.000000	-1.000000
239	-0.984375	-0.992188
240	-0.984375	-0.992188
241	-1.000000	-1.000000
242	-0.984375	-0.992188
243	-0.968750	-0.984375
244	-0.984375	-0.992188
245	-1.000000	-1.000000
246	-1.000000	-1.000000
247	-1.000000	-1.000000
248	-1.000000	-1.000000
249	-0.968750	-0.984375
250	-0.984375	-0.992188
251	-0.984375	-0.992188
252	-1.000000	-1.000000
253	-0.953125	-0.976563
254	-1.000000	-1.000000
255	-1.000000	-1.000000
256	-1.000000	-1.000000
257	-1.000000	-1.000000
258	-1.000000	-1.000000
259	-0.984375	-0.992188
260	-0.984375	-0.992188
261	-0.984375	-0.992188
262	-0.984375	-0.992188
263	-1.000000	-1.000000
264	-0.984375	-0.992188
265	-1.000000	-1.000000
266	-0.984375	-0.992188
267	-1.000000	-1.000000
268	-1.000000	-1.000000
269	-1.000000	-1.000000
270	-1.000000	-1.000000
271	-1.000000	-1.000000
272	-1.000000	-1.000000
273	-1.000000	-1.000000
274	-0.984375	-0.992188
275	-1.000000	-1.000000
276	-1.000000	-1.000000
277	-0.984375	-0.992188
278	-1.000000	-1.000000
279	-0.984375	-0.992188
280	-1.000000	-1.000000
281	-1.000000	-1.000000
282	-0.984375	-0.992188
283	-1.000000	-1.000000
284	-1.000000	-1.000000
285	-1.000000	-1.000000
286	-1.000000	-1.000000
287	-0.984375	-0.992188
288	-0.984375	-0.992188
289	-1.000000	-1.000000
290	-1.000000	-1.000000
291	-0.968750	-0.984375
292	-0.984375	-0.992188
293	-0.984375	-0.992188
294	-1.000000	-1.000000
295	-1.000000	-1.000000
296	-0.968750	-0.984375
297	-1.000000	-1.000000
298	-1.000000	-1.000000
299	-1.000000	-1.000000
300	-0.984375	-0.992188
301	-0.984375	-0.992188
302	-1.000000	-1.000000
303	-0.984375	-0.992188
304	-0.984375	-0.992188
305	-1.000000	-1.000000
306	-1.000000	-1.000000
307	-1.000000	-1.000000
308	-0.984375	-0.992188
309	-1.000000	-1.000000
310	-1.000000	-1.000000
311	-1.000000	-1.000000
312	-1.000000	-1.000000
313	-0.984375	-0.992188
314	-1.000000	-1.000000
315	-1.000000	-1.000000
316	-1.000000	-1.000000
317	-1.000000	-1.000000
318	-0.976563	-0.984375
319	-1.000000	-1.000000
320	-1.000000	-1.000000
321	-1.000000	-1.000000
322	-1.000000	-1.000000
323	-1.000000	-1.000000
324	-0.984375	-0.992188
325	-0.984375	-0.992188
326	-1.000000	-1.000000
327	-1.000000	-1.000000
328	-1.000000	-1.000000
329	-0.976563	-0.984375
330	-0.984375	-0.992188
331	-1.000000	-1.000000
332	-1.000000	-1.000000
333	-0.984375	-0.992188
334	-1.000000	-1.000000
335	-1.000000	-1.000000
336	-1.000000	-1.000000
337	-1.000000	-1.000000
338	-1.000000	-1.000000
339	-1.000000	-1.000000
340	-0.984375	-0.992188
341	-0.984375	-0.992188
342	-1.000000	-1.000000
343	-0.984375	-0.992188
344	-1.000000	-1.000000
345	-0.968750	-0.984375
346	-0.984375	-0.992188
347	-1.000000	-1.000000
348	-1.000000	-1.000000
349	-0.984375	-0.992188
350	-1.000000	-1.000000
351	-0.976563	-0.984375
352	-1.000000	-1.000000
353	-1.000000	-1.000000
354	-1.000000	-1.000000
355	-0.976563	-0.984375
356	-1.000000	-1.000000
357	-1.000000	-1.000000
358	-1.000000	-1.000000
359	-1.000000	-1.000000
360	-0.984375	-0.992188
361	-1.000000	-1.000000
362	-1.000000	-1.000000
363	-1.000000	-1.000000
364	-0.984375	-0.992188
365	-1.000000	-1.000000
366	-1.000000	-1.000000
367	-0.984375	-0.992188
368	-0.984375	-0.992188
369	-1.000000	-1.000000
370	-1.000000	-1.000000
371	-1.000000	-1.000000
372	-0.984375	-0.992188
373	-0.968750	-0.984375
374	-0.984375	-0.992188
375	-1.000000	-1.000000
376	-1.000000	-1.000000
377	-1.000000	-1.000000
378	-1.000000	-1.000000
379	-0.984375	-0.992188
380	-1.000000	-1.000000
381	-1.000000	-1.000000
382	-1.000000	-1.000000
383	-0.984375	-0.992188
384	-1.000000	-1.000000
385	-1.000000	-1.000000
386	-1.000000	-1.000000
387	-0.976563	-0.984375
388	-1.000000	-1.000000
389	-1.000000	-1.000000
390	-0.984375	-0.992188
391	-1.000000	-1.000000
392	-1.000000	-1.000000
393	-1.000000	-1.000000
394	-0.984375	-0.992188
395	-0.984375	-0.992188
396	-1.000000	-1.000000
397	-1.000000	-1.000000
398	-0.984375	-0.992188
399	-0.984375	-0.992188
400	-1.000000	-1.000000
401	-1.000000	-1.000000
402	-1.000000	-1.000000
403	-1.000000	-1.000000
404	-1.000000	-1.000000
405	-1.000000	-1.000000
406	-1.000000	-1.000000
407	-1.000000	-1.000000
408	-0.984375	-0.992188
409	-1.000000	-1.000000
410	-0.953125	-0.976563
411	-1.000000	-1.000000
412	-0.984375	-0.992188
413	-1.000000	-1.000000
414	-1.000000	-1.000000
415	-1.000000	-1.000000
416	-0.984375	-0.992188
417	-0.984375	-0.992188
418	-1.000000	-1.000000
419	-0.984375	-0.992188
420	-1.000000	-1.000000
421	-0.984375	-0.992188
422	-0.984375	-0.992188
423	-0.984375	-0.992188
424	-1.000000	-1.000000
425	-1.000000	-1.000000
426	-0.984375	-0.992188
427	-0.984375	-0.992188
428	-1.000000	-1.000000
429	-0.984375	-0.992188
430	-1.000000	-1.000000
431	-1.000000	-1.000000
432	-1.000000	-1.000000
433	-0.984375	-0.992188
434	-1.000000	-1.000000
435	-1.000000	-1.000000
436	-0.984375	-0.992188
437	-0.968750	-0.984375
438	-0.984375	-0.992188
439	-1.000000	-1.000000
440	-1.000000	-1.000000
441	-1.000000	-1.000000
442	-1.000000	-1.000000
443	-0.968750	-0.984375
444	-1.000000	-1.000000
445	-0.984375	-0.992188
446	-0.984375	-0.992188
447	-1.000000	-1.000000
448	-1.000000	-1.000000
449	-1.000000	-1.000000
450	-0.984375	-0.992188
451	-1.000000	-1.000000
452	-0.984375	-0.992188
453	-1.000000	-1.000000
454	-1.000000	-1.000000
455	-1.000000	-1.000000
456	-1.000000	-1.000000
457	-1.000000	-1.000000
458	-1.000000	-1.000000
459	-1.000000	-1.000000
460	-1.000000	-1.000000
461	-0.984375	-0.992188
462	-1.000000	-1.000000
463	-0.984375	-0.992188
464	-1.000000	-1.000000
465	-0.984375	-0.992188
466	-1.000000	-1.000000
467	-1.000000	-1.000000
468	-1.000000	-1.000000
469	-0.984375	-0.992188
470	-1.000000	-1.000000
471	-0.984375	-0.992188
472	-1.000000	-1.000000
473	-1.000000	-1.000000
474	-0.984375	-0.992188
475	-1.000000	-1.000000
476	-1.000000	-1.000000
477	-1.000000	-1.000000
478	-0.984375	-0.992188
479	-0.984375	-0.992188
480	-0.984375	-0.992188
481	-1.000000	-1.000000
482	-1.000000	-1.000000
483	-1.000000	-1.000000
484	-0.984375	-0.992188
485	-1.000000	-1.000000
486	-1.000000	-1.000000
487	-1.000000	-1.000000
488	-1.000000	-1.000000
489	-1.000000	-1.000000
490	-1.000000	-1.000000
491	-1.000000	-1.000000
492	-1.000000	-1.000000
493	-1.000000	-1.000000
494	-0.984375	-0.992188
495	-0.976563	-0.984375
496	-1.000000	-1.000000
497	-1.000000	-1.000000
498	-1.000000	-1.000000
499	-1.000000	-1.000000
500	-1.000000	-1.000000
501	-0.984375	-0.992188
502	-1.000000	-1.000000
503	-1.000000	-1.000000
504	-1.000000	-1.000000
505	-1.000000	-1.000000
506	-1.000000	-1.000000
507	-1.000000	-1.000000
508	-1.000000	-1.000000
509	-0.984375	-0.992188
510	-1.000000	-1.000000
511	-0.984375	-0.992188
512	-0.984375	-0.992188
513	-1.000000	-1.000000
514	-0.984375	-0.992188
515	-1.000000	-1.000000
516	-0.960938	-0.976563
517	-0.968750	-0.984375
518	-1.000000	-1.000000
519	-1.000000	-1.000000
520	-1.000000	-1.000000
521	-1.000000	-1.000000
522	-0.984375	-0.992188
523	-1.000000	-1.000000
524	-1.000000	-1.000000
525	-1.000000	-1.000000
526	-0.984375	-0.992188
527	-0.984375	-0.992188
528	-0.984375	-0.992188
529	-1.000000	-1.000000
530	-1.000000	-1.000000
531	-1.000000	-1.000000
532	-0.984375	-0.992188
533	-1.000000	-1.000000
534	-1.000000	-1.000000
535	-0.984375	-0.992188
536	-1.000000	-1.000000
537	-1.000000	-1.000000
538	-0.984375	-0.992188
539	-1.000000	-1.000000
540	-1.000000	-1.000000
541	-1.000000	-1.000000
542	-1.000000	-1.000000
543	-0.984375	-0.992188
544	-1.000000	-1.000000
545	-0.984375	-0.992188
546	-1.000000	-1.000000
547	-0.968750	-0.984375
548	-0.984375	-0.992188
549	-1.000000	-1.000000
550	-0.984375	-0.992188
551	-1.000000	-1.000000
552	-0.984375	-0.992188
553	-0.984375	-0.992188
554	-1.000000	-1.000000
555	-1.000000	-1.000000
556	-0.984375	-0.992188
557	-0.968750	-0.984375
558	-0.984375	-0.992188
559	-0.968750	-0.984375
560	-1.000000	-1.000000
561	-0.968750	-0.984375
562	-0.984375	-0.992188
563	-1.000000	-1.000000
564	-1.000000	-1.000000
565	-1.000000	-1.000000
566	-0.968750	-0.984375
567	-1.000000	-1.000000
568	-1.000000	-1.000000
569	-1.000000	-1.000000
570	-1.000000	-1.000000
571	-1.000000	-1.000000
572	-1.000000	-1.000000
573	-1.000000	-1.000000
574	-0.984375	-0.992188
575	-1.000000	-1.000000
576	-1.000000	-1.000000
577	-1.000000	-1.000000
578	-1.000000	-1.000000
579	-1.000000	-1.000000
580	-0.984375	-0.992188
581	-1.000000	-1.000000
582	-1.000000	-1.000000
583	-1.000000	-1.000000
584	-0.984375	-0.992188
585	-0.984375	-0.992188
586	-1.000000	-1.000000
587	-1.000000	-1.000000
588	-0.984375	-0.992188
589	-1.000000	-1.000000
590	-1.000000	-1.000000
591	-1.000000	-1.000000
592	-1.000000	-1.000000
593	-0.984375	-0.992188
594	-0.976563	-0.984375
595	-1.000000	-1.000000
596	-1.000000	-1.000000
597	-1.000000	-1.000000
598	-1.000000	-1.000000
599	-0.984375	-0.992188
600	-1.000000	-1.000000
601	-1.000000	-1.000000
602	-0.984375	-0.992188
603	-1.000000	-1.000000
604	-1.000000	-1.000000
605	-1.000000	-1.000000
606	-1.000000	-1.000000
607	-1.000000	-1.000000
608	-1.000000	-1.000000
609	-0.984375	-0.992188
610	-1.000000	-1.000000
611	-1.000000	-1.000000
612	-1.000000	-1.000000
613	-1.000000	-1.000000
614	-0.984375	-0.992188
615	-0.984375	-0.992188
616	-0.984375	-0.992188
617	-0.984375	-0.992188
618	-1.000000	-1.000000
619	-1.000000	-1.000000
620	-1.000000	-1.000000
621	-0.984375	-0.992188
622	-1.000000	-1.000000
623	-1.000000	-1.000000
624	-1.000000	-1.000000
625	-1.000000	-1.000000
626	-1.000000	-1.000000
627	-1.000000	-1.000000
628	-0.984375	-0.992188
629	-1.000000	-1.000000
630	-1.000000	-1.000000
631	-1.000000	-1.000000
632	-0.984375	-0.992188
633	-1.000000	-1.000000
634	-0.984375	-0.992188
635	-0.984375	-0.992188
636	-1.000000	-1.000000
637	-0.984375	-0.992188
638	-1.000000	-1.000000
639	-0.984375	-0.992188
640	-1.000000	-1.000000
641	-1.000000	-1.000000
642	-0.984375	-0.992188
643	-1.000000	-1.000000
644	-0.968750	-0.984375
645	-1.000000	-1.000000
646	-1.000000	-1.000000
647	-1.000000	-1.000000
648	-1.000000	-1.000000
649	-0.976563	-0.984375
650	-1.000000	-1.000000
651	-1.000000	-1.000000
652	-1.000000	-1.000000
653	-1.000000	-1.000000
654	-1.000000	-1.000000
655	-1.000000	-1.000000
656	-1.000000	-1.000000
657	-0.984375	-0.992188
658	-1.000000	-1.000000
659	-1.000000	-1.000000
660	-1.000000	-1.000000
661	-0.984375	-0.992188
662	-0.984375	-0.992188
663	-1.000000	-1.000000
664	-1.000000	-1.000000
665	-1.000000	-1.000000
666	-1.000000	-1.000000
667	-1.000000	-1.000000
668	-1.000000	-1.000000
669	-1.000000	-1.000000
670	-0.984375	-0.992188
671	-1.000000	-1.000000
672	-1.000000	-1.000000
673	-1.000000	-1.000000
674	-1.000000	-1.000000
675	-0.984375	-0.992188
676	-1.000000	-1.000000
677	-0.984375	-0.992188
678	-1.000000	-1.000000
679	-1.000000	-1.000000
680	-1.000000	-1.000000
681	-1.000000	-1.000000
682	-1.000000	-1.000000
683	-0.984375	-0.992188
684	-1.000000	-1.000000
685	-1.000000	-1.000000
686	-1.000000	-1.000000
687	-1.000000	-1.000000
688	-1.000000	-1.000000
689	-0.984375	-0.992188
690	-1.000000	-1.000000
691	-1.000000	-1.000000
692	-0.984375	-0.992188
693	-1.000000	-1.000000
694	-1.000000	-1.000000
695	-1.000000	-1.000000
696	-0.984375	-0.992188
697	-1.000000	-1.000000
698	-1.000000	-1.000000
699	-1.000000	-1.000000
700	-1.000000	-1.000000
701	-1.000000	-1.000000
702	-1.000000	-1.000000
703	-1.000000	-1.000000
704	-1.000000	-1.000000
705	-0.968750	-0.984375
706	-1.000000	-1.000000
707	-1.000000	-1.000000
708	-0.984375	-0.992188
709	-1.000000	-1.000000
710	-1.000000	-1.000000
711	-0.960938	-0.976563
712	-1.000000	-1.000000
713	-1.000000	-1.000000
714	-1.000000	-1.000000
715	-1.000000	-1.000000
716	-1.000000	-1.000000
717	-1.000000	-1.000000
718	-1.000000	-1.000000
719	-1.000000	-1.000000
720	-1.000000	-1.000000
721	-1.000000	-1.000000
722	-0.984375	-0.992188
723	-0.984375	-0.992188
724	-1.000000	-1.000000
725	-1.000000	-1.000000
726	-1.000000	-1.000000
727	-0.976563	-0.984375
728	-1.000000	-1.000000
729	-1.000000	-1.000000
730	-1.000000	-1.000000
731	-0.968750	-0.984375
732	-1.000000	-1.000000
733	-1.000000	-1.000000
734	-1.000000	-1.000000
735	-1.000000	-1.000000
736	-1.000000	-1.000000
737	-1.000000	-1.000000
738	-1.000000	-1.000000
739	-1.000000	-1.000000
740	-0.984375	-0.992188
741	-0.984375	-0.992188
742	-1.000000	-1.000000
743	-1.000000	-1.000000
744	-1.000000	-1.000000
745	-1.000000	-1.000000
746	-0.984375	-0.992188
747	-0.984375	-0.992188
748	-1.000000	-1.000000
749	-1.000000	-1.000000
750	-1.000000	-1.000000
751	-0.984375	-0.992188
752	-1.000000	-1.000000
753	-0.984375	-0.992188
754	-1.000000	-1.000000
755	-1.000000	-1.000000
756	-1.000000	-1.000000
757	-0.968750	-0.984375
758	-0.968750	-0.984375
759	-0.984375	-0.992188
760	-1.000000	-1.000000
761	-1.000000	-1.000000
762	-1.000000	-1.000000
763	-0.984375	-0.992188
764	-1.000000	-1.000000
765	-1.000000	-1.000000
766	-1.000000	-1.000000
767	-1.000000	-1.000000
768	-0.984375	-0.992188
769	-0.984375	-0.992188
770	-1.000000	-1.000000
771	-1.000000	-1.000000
772	-0.984375	-0.992188
773	-1.000000	-1.000000
774	-1.000000	-1.000000
775	-1.000000	-1.000000
776	-1.000000	-1.000000
777	-0.968750	-0.984375
778	-1.000000	-1.000000
779	-1.000000	-1.000000
780	-1.000000	-1.000000
781	-1.000000	-1.000000
782	-1.000000	-1.000000
783	-1.000000	-1.000000
784	-1.000000	-1.000000
785	-0.968750	-0.984375
786	-0.984375	-0.992188
787	-1.000000	-1.000000
788	-1.000000	-1.000000
789	-1.000000	-1.000000
790	-0.984375	-0.992188
791	-0.968750	-0.984375
792	-1.000000	-1.000000
793	-1.000000	-1.000000
794	-1.000000	-1.000000
795	-0.984375	-0.992188
796	-0.968750	-0.984375
797	-1.000000	-1.000000
798	-0.984375	-0.992188
799	-0.984375	-0.992188
800	-1.000000	-1.000000
801	-1.000000	-1.000000
802	-1.000000	-1.000000
803	-1.000000	-1.000000
804	-0.984375	-0.992188
805	-1.000000	-1.000000
806	-0.984375	-0.992188
807	-0.968750	-0.984375
808	-1.000000	-1.000000
809	-1.000000	-1.000000
810	-0.984375	-0.992188
811	-1.000000	-1.000000
812	-1.000000	-1.000000
813	-1.000000	-1.000000
814	-0.984375	-0.992188
815	-1.000000	-1.000000
816	-1.000000	-1.000000
817	-0.968750	-0.984375
818	-1.000000	-1.000000
819	-0.984375	-0.992188
820	-1.000000	-1.000000
821	-1.000000	-1.000000
822	-1.000000	-1.000000
823	-1.000000	-1.000000
824	-1.000000	-1.000000
825	-0.984375	-0.992188
826	-0.984375	-0.992188
827	-0.976563	-0.984375
828	-1.000000	-1.000000
829	-0.976563	-0.984375
830	-1.000000	-1.000000
831	-1.000000	-1.000000
832	-1.000000	-1.000000
833	-1.000000	-1.000000
834	-1.000000	-1.000000
835	-0.984375	-0.992188
836	-0.984375	-0.992188
837	-0.984375	-0.992188
838	-1.000000	-1.000000
839	-1.000000	-1.000000
840	-1.000000	-1.000000
841	-0.984375	-0.992188
842	-0.953125	-0.960938
843	-1.000000	-1.000000
844	-1.000000	-1.000000
845	-1.000000	-1.000000
846	-1.000000	-1.000000
847	-1.000000	-1.000000
848	-1.000000	-1.000000
849	-0.984375	-0.992188
850	-0.968750	-0.984375
851	-1.000000	-1.000000
852	-1.000000	-1.000000
853	-1.000000	-1.000000
854	-1.000000	-1.000000
855	-1.000000	-1.000000
856	-1.000000	-1.000000
857	-0.984375	-0.992188
858	-0.984375	-0.992188
859	-0.984375	-0.992188
860	-0.984375	-0.992188
861	-1.000000	-1.000000
862	-1.000000	-1.000000
863	-1.000000	-1.000000
864	-1.000000	-1.000000
865	-0.984375	-0.992188
866	-1.000000	-1.000000
867	-1.000000	-1.000000
868	-0.984375	-0.992188
869	-0.984375	-0.992188
870	-0.984375	-0.992188
871	-1.000000	-1.000000
872	-0.976563	-0.984375
873	-1.000000	-1.000000
874	-1.000000	-1.000000
875	-1.000000	-1.000000
876	-1.000000	-1.000000
877	-1.000000	-1.000000
878	-1.000000	-1.000000
879	-1.000000	-1.000000
880	-1.000000	-1.000000
881	-1.000000	-1.000000
882	-1.000000	-1.000000
883	-0.984375	-0.992188
884	-0.984375	-0.992188
885	-1.000000	-1.000000
886	-1.000000	-1.000000
887	-1.000000	-1.000000
888	-0.984375	-0.992188
889	-0.984375	-0.992188
890	-0.976563	-0.984375
891	-1.000000	-1.000000
892	-1.000000	-1.000000
893	-0.968750	-0.984375
894	-1.000000	-1.000000
895	-1.000000	-1.000000
896	-1.000000	-1.000000
897	-1.000000	-1.000000
898	-1.000000	-1.000000
899	-1.000000	-1.000000
900	-1.000000	-1.000000
901	-0.984375	-0.992188
902	-1.000000	-1.000000
903	-1.000000	-1.000000
904	-0.984375	-0.992188
905	-1.000000	-1.000000
906	-1.000000	-1.000000
907	-0.984375	-0.992188
908	-1.000000	-1.000000
909	-1.000000	-1.000000
910	-0.976563	-0.984375
911	-1.000000	-1.000000
912	-0.984375	-0.992188
913	-1.000000	-1.000000
914	-0.984375	-0.992188
915	-0.984375	-0.992188
916	-1.000000	-1.000000
917	-0.968750	-0.984375
918	-1.000000	-1.000000
919	-1.000000	-1.000000
920	-1.000000	-1.000000
921	-1.000000	-1.000000
922	-1.000000	-1.000000
923	-1.000000	-1.000000
924	-1.000000	-1.000000
925	-1.000000	-1.000000
926	-0.984375	-0.992188
927	-1.000000	-1.000000
928	-0.984375	-0.992188
929	-1.000000	-1.000000
930	-0.968750	-0.984375
931	-1.000000	-1.000000
932	-1.000000	-1.000000
933	-0.984375	-0.992188
934	-1.000000	-1.000000
935	-0.984375	-0.992188
936	-0.984375	-0.992188
937	-0.984375	-0.992188
938	-1.000000	-1.000000
939	-0.976563	-0.984375
940	-1.000000	-1.000000
941	-0.984375	-0.992188
942	-1.000000	-1.000000
943	-0.984375	-0.992188
944	-1.000000	-1.000000
945	-1.000000	-1.000000
946	-1.000000	-1.000000
947	-1.000000	-1.000000
948	-1.000000	-1.000000
949	-1.000000	-1.000000
950	-1.000000	-1.000000
951	-0.984375	-0.992188
952	-1.000000	-1.000000
953	-0.984375	-0.992188
954	-1.000000	-1.000000
955	-0.984375	-0.992188
956	-0.984375	-0.992188
957	-1.000000	-1.000000
958	-1.000000	-1.000000
959	-1.000000	-1.000000
960	-0.984375	-0.992188
961	-1.000000	-1.000000
962	-0.984375	-0.992188
963	-0.968750	-0.984375
964	-1.000000	-1.000000
965	-1.000000	-1.000000
966	-1.000000	-1.000000
967	-1.000000	-1.000000
968	-1.000000	-1.000000
969	-0.976563	-0.984375
970	-1.000000	-1.000000
971	-0.968750	-0.984375
972	-0.968750	-0.984375
973	-1.000000	-1.000000
974	-1.000000	-1.000000
975	-1.000000	-1.000000
976	-0.984375	-0.992188
977	-0.984375	-0.992188
978	-1.000000	-1.000000
979	-1.000000	-1.000000
980	-1.000000	-1.000000
981	-1.000000	-1.000000
982	-0.984375	-0.992188
983	-1.000000	-1.000000
984	-1.000000	-1.000000
985	-1.000000	-1.000000
986	-1.000000	-1.000000
987	-1.000000	-1.000000
988	-1.000000	-1.000000
989	-0.968750	-0.984375
990	-1.000000	-1.000000
991	-1.000000	-1.000000
992	-0.984375	-0.992188
993	-1.000000	-1.000000
994	-1.000000	-1.000000
995	-1.000000	-1.000000
996	-1.000000	-1.000000
997	-0.984375	-0.992188
998	-1.000000	-1.000000
999	-1.000000	-1.000000
