0	-0.750000	-0.835938
1	-0.734375	-0.679688
2	-0.609375	-0.585938
3	-0.750000	-0.757813
4	-0.734375	-0.671875
5	-0.695313	-0.718750
6	-0.648438	-0.648438
7	-0.695313	-0.742188
8	-0.757813	-0.781250
9	-0.664063	-0.609375
10	-0.625000	-0.335938
11	-0.640625	-0.406250
12	-0.679688	-0.625000
13	-0.804688	-0.828125
14	-0.656250	-0.703125
15	-0.773438	-0.804688
16	-0.882813	-0.929688
17	-0.921875	-0.945313
18	-0.796875	-0.882813
19	-0.570313	-0.406250
20	-0.648438	0.679688
21	-0.781250	0.867188
22	-0.750000	0.828125
23	-0.671875	0.570313
24	-0.656250	0.500000
25	-0.750000	0.578125
26	-0.914063	0.953125
27	-0.734375	0.796875
28	-0.828125	0.820313
29	-0.664063	0.679688
30	-0.671875	0.710938
31	-0.750000	0.796875
32	-0.734375	0.828125
33	-0.765625	0.773438
34	-0.734375	0.773438
35	-0.750000	0.804688
36	-0.765625	0.828125
37	-0.671875	0.734375
38	-0.593750	0.429688
39	-0.671875	0.656250
40	-0.789063	0.820313
41	-0.632813	0.601563
42	-0.734375	0.835938
43	-0.609375	0.664063
44	-0.851563	0.921875
45	-0.703125	0.789063
46	-0.593750	0.593750
47	-0.601563	0.484375
48	-0.726563	0.648438
49	-0.687500	0.671875
50	-0.773438	0.804688
51	-0.726563	0.773438
52	-0.804688	0.882813
53	-0.882813	0.921875
54	-0.710938	0.773438
55	-0.937500	0.968750
56	-0.804688	0.875000
57	-0.687500	0.726563
58	-0.617188	0.625000
59	-0.671875	0.695313
60	-0.679688	0.687500
61	-0.718750	0.679688
62	-0.726563	0.812500
63	-0.953125	0.976563
64	-0.718750	0.812500
65	-0.742188	0.773438
66	-0.671875	0.804688
67	-0.804688	0.867188
68	-0.687500	0.671875
69	-0.734375	0.781250
70	-0.843750	0.890625
71	-0.804688	0.859375
72	-0.609375	0.609375
73	-0.804688	0.804688
74	-0.710938	0.726563
75	-0.640625	0.687500
76	-0.765625	0.703125
77	-0.656250	0.523438
78	-0.828125	0.804688
79	-0.554688	0.546875
80	-0.796875	0.773438
81	-0.640625	0.648438
82	-0.617188	0.679688
83	-0.820313	0.867188
84	-0.648438	0.664063
85	-0.859375	0.875000
86	-0.750000	0.828125
87	-0.742188	0.812500
88	-0.703125	0.765625
89	-0.812500	0.843750
90	-0.703125	0.773438
91	-0.695313	0.765625
92	-0.882813	0.929688
93	-0.765625	0.656250
94	-0.671875	0.687500
95	-0.773438	0.828125
96	-0.835938	0.898438
97	-0.750000	0.843750
98	-0.718750	0.742188
99	-0.773438	0.796875
100	-0.687500	0.648438
101	-0.648438	0.656250
102	-0.679688	0.562500
103	-0.726563	0.796875
104	-0.640625	0.578125
105	-0.695313	0.562500
106	-0.640625	0.500000
107	-0.710938	0.703125
108	-0.820313	0.867188
109	-0.710938	0.742188
110	-0.812500	0.843750
111	-0.671875	0.750000
112	-0.875000	0.921875
113	-0.570313	0.593750
114	-0.789063	0.851563
115	-0.679688	0.656250
116	-0.703125	0.671875
117	-0.726563	0.757813
118	-0.828125	0.867188
119	-0.726563	0.820313
120	-0.835938	0.851563
121	-0.742188	0.773438
122	-0.789063	0.812500
123	-0.703125	0.796875
124	-0.804688	0.875000
125	-0.843750	0.867188
126	-0.773438	0.781250
127	-0.750000	0.773438
128	-0.632813	0.570313
129	-0.804688	0.882813
130	-0.750000	0.664063
131	-0.554688	0.484375
132	-0.687500	0.585938
133	-0.734375	0.703125
134	-0.609375	0.570313
135	-0.718750	0.781250
136	-0.648438	0.617188
137	-0.718750	0.773438
138	-0.640625	0.617188
139	-0.625000	0.546875
140	-0.765625	0.703125
141	-0.812500	0.828125
142	-0.648438	0.429688
143	-0.507813	0.070313
144	-0.578125	-0.132813
145	-0.734375	-0.617188
146	-0.609375	-0.398438
147	-0.601563	-0.226563
148	-0.570313	-0.468750
149	-0.820313	-0.828125
150	-0.648438	-0.695313
151	-0.570313	-0.593750
152	-0.531250	-0.421875
153	-0.640625	-0.250000
154	-0.671875	-0.203125
155	-0.554688	-0.093750
156	-0.679688	-0.656250
157	-0.765625	-0.804688
158	-0.632813	-0.648438
159	-0.742188	-0.765625
160	-0.843750	-0.890625
161	-0.710938	-0.757813
162	-0.781250	-0.859375
163	-0.546875	-0.601563
164	-0.773438	-0.843750
165	-0.742188	-0.742188
166	-0.734375	-0.679688
167	-0.703125	-0.515625
168	-0.726563	-0.765625
169	-0.695313	-0.679688
170	-0.757813	-0.734375
171	-0.718750	-0.765625
172	-0.804688	-0.843750
173	-0.757813	-0.843750
174	-0.593750	-0.523438
175	-0.734375	-0.765625
176	-0.750000	-0.515625
177	-0.820313	-0.867188
178	-0.796875	-0.882813
179	-0.695313	-0.789063
180	-0.757813	-0.812500
181	-0.781250	-0.851563
182	-0.796875	-0.828125
183	-0.742188	-0.789063
184	-0.648438	-0.546875
185	-0.757813	-0.828125
186	-0.671875	-0.609375
187	-0.632813	-0.601563
188	-0.804688	-0.867188
189	-0.828125	-0.843750
190	-0.562500	-0.609375
191	-0.703125	-0.585938
192	-0.593750	-0.109375
193	-0.671875	-0.007813
194	-0.601563	-0.046875
195	-0.656250	0.070313
196	-0.593750	0.226563
197	-0.578125	-0.382813
198	-0.648438	-0.390625
199	-0.648438	-0.609375
200	-0.585938	-0.484375
201	-0.726563	-0.851563
202	-0.875000	-0.937500
203	-0.914063	-0.945313
204	-0.773438	-0.835938
205	-0.726563	-0.757813
206	-0.734375	-0.718750
207	-0.929688	-0.960938
208	-0.726563	-0.632813
209	-0.859375	-0.921875
210	-0.781250	-0.851563
211	-0.625000	-0.625000
212	-0.859375	-0.882813
213	-0.765625	-0.820313
214	-0.679688	-0.726563
215	-0.875000	-0.914063
216	-0.625000	-0.703125
217	-0.593750	-0.507813
218	-0.585938	-0.328125
219	-0.625000	-0.414063
220	-0.531250	-0.265625
221	-0.500000	-0.132813
222	-0.625000	-0.382813
223	-0.796875	-0.625000
224	-0.632813	-0.515625
225	-0.593750	-0.398438
226	-0.796875	-0.851563
227	-0.781250	-0.867188
228	-0.656250	-0.703125
229	-0.664063	-0.640625
230	-0.726563	-0.820313
231	-0.687500	-0.710938
232	-0.812500	-0.835938
233	-0.703125	-0.679688
234	-0.734375	-0.820313
235	-0.804688	-0.867188
236	-0.750000	-0.804688
237	-0.750000	-0.742188
238	-0.757813	-0.671875
239	-0.781250	-0.835938
240	-0.703125	-0.750000
241	-0.718750	-0.773438
242	-0.687500	-0.718750
243	-0.460938	-0.335938
244	-0.617188	-0.656250
245	-0.710938	-0.609375
246	-0.625000	-0.578125
247	-0.789063	-0.867188
248	-0.757813	-0.851563
249	-0.820313	-0.789063
250	-0.679688	-0.593750
251	-0.789063	-0.812500
252	-0.828125	-0.859375
253	-0.804688	-0.867188
254	-0.710938	-0.695313
255	-0.648438	-0.609375
256	-0.593750	-0.664063
257	-0.710938	-0.742188
258	-0.710938	-0.773438
259	-0.617188	-0.664063
260	-0.804688	-0.867188
261	-0.648438	-0.656250
262	-0.781250	-0.851563
263	-0.789063	-0.851563
264	-0.734375	-0.773438
265	-0.812500	-0.875000
266	-0.851563	-0.921875
267	-0.687500	-0.773438
268	-0.828125	-0.781250
269	-0.882813	-0.906250
270	-0.796875	-0.875000
271	-0.593750	-0.484375
272	-0.882813	-0.937500
273	-0.765625	-0.812500
274	-0.617188	-0.578125
275	-0.632813	-0.578125
276	-0.632813	-0.703125
277	-0.617188	-0.710938
278	-0.671875	-0.734375
279	-0.796875	-0.843750
280	-0.765625	-0.835938
281	-0.757813	-0.750000
282	-0.695313	-0.664063
283	-0.789063	-0.796875
284	-0.867188	-0.914063
285	-0.734375	-0.789063
286	-0.804688	-0.875000
287	-0.812500	-0.875000
288	-0.804688	-0.843750
289	-0.781250	-0.820313
290	-0.765625	-0.843750
291	-0.640625	-0.671875
292	-0.867188	-0.906250
293	-0.656250	-0.718750
294	-0.640625	-0.476563
295	-0.585938	-0.312500
296	-0.718750	-0.773438
297	-0.648438	-0.656250
298	-0.664063	-0.648438
299	-0.820313	-0.820313
300	-0.640625	-0.617188
301	-0.656250	-0.546875
302	-0.562500	-0.335938
303	-0.601563	-0.515625
304	-0.640625	-0.539063
305	-0.656250	-0.609375
306	-0.695313	-0.500000
307	-0.937500	-0.968750
308	-0.773438	-0.750000
309	-0.757813	-0.820313
310	-0.710938	-0.554688
311	-0.703125	-0.750000
312	-0.734375	-0.648438
313	-0.710938	-0.617188
314	-0.679688	-0.687500
315	-0.734375	-0.757813
316	-0.726563	-0.757813
317	-0.632813	-0.539063
318	-0.640625	-0.718750
319	-0.804688	-0.812500
320	-0.710938	-0.718750
321	-0.703125	-0.734375
322	-0.820313	-0.851563
323	-0.789063	-0.867188
324	-0.789063	-0.867188
325	-0.664063	-0.710938
326	-0.687500	-0.750000
327	-0.781250	-0.828125
328	-0.812500	-0.804688
329	-0.867188	-0.906250
330	-0.789063	-0.875000
331	-0.679688	-0.515625
332	-0.578125	-0.437500
333	-0.710938	-0.609375
334	-0.781250	-0.734375
335	-0.703125	-0.703125
336	-0.695313	-0.609375
337	-0.554688	-0.195313
338	-0.593750	-0.031250
339	-0.585938	-0.062500
340	-0.671875	-0.273438
341	-0.625000	-0.617188
342	-0.867188	-0.898438
343	-0.617188	-0.656250
344	-0.875000	-0.921875
345	-0.750000	-0.820313
346	-0.664063	-0.718750
347	-0.796875	-0.882813
348	-0.703125	-0.781250
349	-0.703125	-0.789063
350	-0.828125	-0.820313
351	-0.664063	-0.656250
352	-0.664063	-0.648438
353	-0.687500	-0.531250
354	-0.593750	-0.632813
355	-0.796875	-0.851563
356	-0.820313	-0.898438
357	-0.726563	-0.789063
358	-0.914063	-0.945313
359	-0.671875	-0.734375
360	-0.734375	-0.804688
361	-0.671875	-0.734375
362	-0.812500	-0.859375
363	-0.726563	-0.843750
364	-0.710938	-0.781250
365	-0.804688	-0.843750
366	-0.726563	-0.718750
367	-0.757813	-0.546875
368	-0.664063	-0.468750
369	-0.718750	-0.664063
370	-0.648438	-0.671875
371	-0.687500	-0.742188
372	-0.828125	-0.906250
373	-0.867188	-0.914063
374	-0.875000	-0.937500
375	-0.828125	-0.890625
376	-0.710938	-0.718750
377	-0.781250	-0.843750
378	-0.789063	-0.835938
379	-0.718750	-0.710938
380	-0.609375	-0.656250
381	-0.757813	-0.710938
382	-0.875000	-0.898438
383	-0.734375	-0.804688
384	-0.648438	-0.710938
385	-0.773438	-0.843750
386	-0.796875	-0.890625
387	-0.812500	-0.867188
388	-0.750000	-0.812500
389	-0.703125	-0.789063
390	-0.664063	-0.695313
391	-0.765625	-0.835938
392	-0.742188	-0.812500
393	-0.726563	-0.781250
394	-0.835938	-0.914063
395	-0.656250	-0.578125
396	-0.695313	-0.757813
397	-0.523438	-0.218750
398	-0.570313	-0.054688
399	-0.625000	-0.093750
400	-0.679688	0.000000
401	-0.601563	0.265625
402	-0.414063	0.281250
403	-0.695313	0.750000
404	-0.648438	0.718750
405	-0.601563	0.625000
406	-0.726563	0.773438
407	-0.617188	0.445313
408	-0.664063	0.671875
409	-0.781250	0.664063
410	-0.773438	0.773438
411	-0.820313	0.796875
412	-0.757813	0.796875
413	-0.648438	0.710938
414	-0.843750	0.882813
415	-0.703125	0.781250
416	-0.578125	0.570313
417	-0.835938	0.890625
418	-0.867188	0.929688
419	-0.757813	0.828125
420	-0.804688	0.843750
421	-0.710938	0.828125
422	-0.789063	0.843750
423	-0.632813	0.468750
424	-0.539063	0.078125
425	-0.632813	0.304688
426	-0.593750	0.406250
427	-0.492188	0.195313
428	-0.585938	0.382813
429	-0.578125	0.562500
430	-0.664063	0.671875
431	-0.820313	0.851563
432	-0.664063	0.656250
433	-0.632813	0.734375
434	-0.710938	0.812500
435	-0.781250	0.882813
436	-0.640625	0.679688
437	-0.820313	0.875000
438	-0.828125	0.875000
439	-0.710938	0.671875
440	-0.750000	0.773438
441	-0.757813	0.828125
442	-0.789063	0.851563
443	-0.679688	0.671875
444	-0.671875	0.632813
445	-0.710938	0.664063
446	-0.710938	0.695313
447	-0.687500	0.750000
448	-0.585938	0.656250
449	-0.742188	0.820313
450	-0.726563	0.750000
451	-0.742188	0.726563
452	-0.679688	0.585938
453	-0.601563	0.203125
454	-0.515625	0.250000
455	-0.593750	0.492188
456	-0.671875	0.453125
457	-0.601563	0.109375
458	-0.687500	0.687500
459	-0.687500	0.710938
460	-0.812500	0.875000
461	-0.812500	0.789063
462	-0.812500	0.882813
463	-0.742188	0.734375
464	-0.734375	0.835938
465	-0.734375	0.796875
466	-0.820313	0.867188
467	-0.734375	0.781250
468	-0.718750	0.632813
469	-0.726563	0.804688
470	-0.718750	0.773438
471	-0.710938	0.781250
472	-0.640625	0.593750
473	-0.664063	0.140625
474	-0.671875	-0.367188
475	-0.609375	-0.656250
476	-0.726563	-0.765625
477	-0.687500	-0.750000
478	-0.710938	-0.601563
479	-0.570313	-0.382813
480	-0.648438	-0.656250
481	-0.742188	-0.742188
482	-0.671875	-0.710938
483	-0.820313	-0.882813
484	-0.828125	-0.890625
485	-0.742188	-0.593750
486	-0.578125	-0.570313
487	-0.703125	-0.796875
488	-0.750000	-0.734375
489	-0.640625	-0.531250
490	-0.601563	-0.414063
491	-0.671875	-0.781250
492	-0.796875	-0.882813
493	-0.773438	-0.828125
494	-0.585938	-0.578125
495	-0.882813	-0.929688
496	-0.820313	-0.898438
497	-0.843750	-0.867188
498	-0.703125	-0.695313
499	-0.687500	-0.726563
500	-0.781250	-0.859375
501	-0.781250	-0.828125
502	-0.742188	-0.750000
503	-0.742188	-0.765625
504	-0.757813	-0.820313
505	-0.734375	-0.835938
506	-0.718750	-0.804688
507	-0.671875	-0.617188
508	-0.765625	-0.781250
509	-0.570313	-0.593750
510	-0.593750	-0.406250
511	-0.710938	-0.695313
512	-0.679688	-0.687500
513	-0.718750	-0.796875
514	-0.757813	-0.664063
515	-0.882813	-0.937500
516	-0.757813	-0.734375
517	-0.835938	-0.867188
518	-0.781250	-0.867188
519	-0.773438	-0.835938
520	-0.656250	-0.687500
521	-0.648438	-0.421875
522	-0.648438	-0.226563
523	-0.710938	0.179688
524	-0.656250	0.585938
525	-0.679688	0.734375
526	-0.695313	0.757813
527	-0.695313	0.710938
528	-0.757813	0.828125
529	-0.726563	0.812500
530	-0.742188	0.789063
531	-0.757813	0.757813
532	-0.726563	0.695313
533	-0.796875	0.875000
534	-0.710938	0.796875
535	-0.679688	0.695313
536	-0.695313	0.773438
537	-0.640625	0.617188
538	-0.703125	0.687500
539	-0.476563	0.421875
540	-0.523438	-0.171875
541	-0.609375	-0.453125
542	-0.695313	-0.648438
543	-0.625000	-0.609375
544	-0.890625	-0.921875
545	-0.820313	-0.859375
546	-0.742188	-0.820313
547	-0.843750	-0.890625
548	-0.671875	-0.742188
549	-0.664063	-0.664063
550	-0.765625	-0.851563
551	-0.789063	-0.843750
552	-0.742188	-0.812500
553	-0.757813	-0.789063
554	-0.585938	-0.492188
555	-0.632813	-0.648438
556	-0.695313	-0.718750
557	-0.695313	-0.734375
558	-0.765625	-0.609375
559	-0.742188	-0.796875
560	-0.828125	-0.867188
561	-0.726563	-0.789063
562	-0.804688	-0.859375
563	-0.742188	-0.789063
564	-0.656250	-0.640625
565	-0.796875	-0.875000
566	-0.835938	-0.875000
567	-0.656250	-0.625000
568	-0.539063	-0.476563
569	-0.679688	-0.734375
570	-0.601563	-0.640625
571	-0.734375	-0.750000
572	-0.703125	-0.742188
573	-0.820313	-0.875000
574	-0.664063	-0.578125
575	-0.625000	-0.476563
576	-0.703125	-0.718750
577	-0.687500	-0.648438
578	-0.718750	-0.414063
579	-0.656250	-0.726563
580	-0.781250	-0.820313
581	-0.695313	-0.687500
582	-0.664063	-0.718750
583	-0.687500	-0.742188
584	-0.679688	-0.718750
585	-0.710938	-0.734375
586	-0.625000	-0.695313
587	-0.632813	-0.554688
588	-0.859375	-0.882813
589	-0.789063	-0.882813
590	-0.750000	-0.851563
591	-0.796875	-0.867188
592	-0.593750	-0.523438
593	-0.687500	-0.648438
594	-0.781250	-0.859375
595	-0.789063	-0.882813
596	-0.664063	-0.453125
597	-0.578125	-0.257813
598	-0.679688	-0.718750
599	-0.742188	-0.734375
600	-0.812500	-0.882813
601	-0.804688	-0.843750
602	-0.843750	-0.890625
603	-0.898438	-0.945313
604	-0.851563	-0.914063
605	-0.796875	-0.812500
606	-0.695313	-0.687500
607	-0.718750	-0.765625
608	-0.773438	-0.804688
609	-0.679688	-0.750000
610	-0.812500	-0.859375
611	-0.703125	-0.500000
612	-0.671875	-0.601563
613	-0.671875	-0.656250
614	-0.703125	-0.703125
615	-0.765625	-0.843750
616	-0.812500	-0.859375
617	-0.742188	-0.812500
618	-0.710938	-0.781250
619	-0.609375	-0.367188
620	-0.765625	-0.796875
621	-0.859375	-0.914063
622	-0.859375	-0.875000
623	-0.828125	-0.890625
624	-0.781250	-0.820313
625	-0.867188	-0.898438
626	-0.640625	-0.679688
627	-0.679688	-0.601563
628	-0.734375	-0.750000
629	-0.718750	-0.750000
630	-0.859375	-0.906250
631	-0.773438	-0.757813
632	-0.867188	-0.906250
633	-0.742188	-0.828125
634	-0.789063	-0.843750
635	-0.734375	-0.804688
636	-0.781250	-0.835938
637	-0.632813	-0.562500
638	-0.539063	-0.281250
639	-0.601563	-0.210938
640	-0.804688	-0.875000
641	-0.898438	-0.914063
642	-0.757813	-0.812500
643	-0.789063	-0.835938
644	-0.726563	-0.781250
645	-0.695313	-0.625000
646	-0.687500	-0.687500
647	-0.898438	-0.929688
648	-0.781250	-0.867188
649	-0.804688	-0.843750
650	-0.765625	-0.835938
651	-0.804688	-0.859375
652	-0.750000	-0.796875
653	-0.718750	-0.773438
654	-0.695313	-0.804688
655	-0.750000	-0.773438
656	-0.710938	-0.710938
657	-0.796875	-0.804688
658	-0.773438	-0.835938
659	-0.742188	-0.789063
660	-0.812500	-0.859375
661	-0.718750	-0.742188
662	-0.648438	-0.640625
663	-0.843750	-0.890625
664	-0.718750	-0.757813
665	-0.695313	-0.687500
666	-0.656250	-0.632813
667	-0.671875	-0.671875
668	-0.710938	-0.757813
669	-0.773438	-0.828125
670	-0.828125	-0.882813
671	-0.726563	-0.796875
672	-0.796875	-0.843750
673	-0.687500	-0.726563
674	-0.867188	-0.921875
675	-0.781250	-0.867188
676	-0.718750	-0.804688
677	-0.757813	-0.773438
678	-0.773438	-0.835938
679	-0.726563	-0.687500
680	-0.679688	-0.570313
681	-0.812500	-0.703125
682	-0.710938	-0.796875
683	-0.757813	-0.773438
684	-0.781250	-0.828125
685	-0.789063	-0.867188
686	-0.765625	-0.828125
687	-0.835938	-0.890625
688	-0.773438	-0.796875
689	-0.851563	-0.898438
690	-0.804688	-0.718750
691	-0.632813	-0.734375
692	-0.734375	-0.843750
693	-0.757813	-0.835938
694	-0.648438	-0.695313
695	-0.648438	-0.695313
696	-0.695313	-0.726563
697	-0.648438	-0.632813
698	-0.796875	-0.812500
699	-0.820313	-0.859375
700	-0.750000	-0.828125
701	-0.843750	-0.851563
702	-0.734375	-0.828125
703	-0.773438	-0.843750
704	-0.703125	-0.718750
705	-0.617188	-0.492188
706	-0.695313	-0.718750
707	-0.703125	-0.750000
708	-0.601563	-0.585938
709	-0.656250	-0.718750
710	-0.710938	-0.789063
711	-0.796875	-0.843750
712	-0.789063	-0.835938
713	-0.781250	-0.859375
714	-0.695313	-0.773438
715	-0.640625	-0.570313
716	-0.734375	-0.765625
717	-0.742188	-0.796875
718	-0.687500	-0.796875
719	-0.593750	-0.625000
720	-0.757813	-0.765625
721	-0.632813	-0.562500
722	-0.781250	-0.796875
723	-0.570313	-0.570313
724	-0.789063	-0.835938
725	-0.726563	-0.742188
726	-0.765625	-0.750000
727	-0.812500	-0.867188
728	-0.773438	-0.804688
729	-0.820313	-0.867188
730	-0.773438	-0.835938
731	-0.765625	-0.835938
732	-0.703125	-0.750000
733	-0.710938	-0.750000
734	-0.695313	-0.734375
735	-0.671875	-0.546875
736	-0.664063	-0.656250
737	-0.656250	-0.718750
738	-0.703125	-0.757813
739	-0.804688	-0.796875
740	-0.859375	-0.906250
741	-0.718750	-0.820313
742	-0.820313	-0.765625
743	-0.656250	-0.531250
744	-0.539063	-0.265625
745	-0.679688	-0.304688
746	-0.585938	-0.515625
747	-0.812500	-0.867188
748	-0.671875	-0.750000
749	-0.765625	-0.789063
750	-0.625000	-0.625000
751	-0.656250	-0.640625
752	-0.671875	-0.671875
753	-0.750000	-0.835938
754	-0.867188	-0.914063
755	-0.750000	-0.812500
756	-0.609375	-0.359375
757	-0.718750	-0.781250
758	-0.703125	-0.632813
759	-0.851563	-0.859375
760	-0.757813	-0.820313
761	-0.789063	-0.828125
762	-0.859375	-0.898438
763	-0.812500	-0.859375
764	-0.820313	-0.882813
765	-0.742188	-0.820313
766	-0.859375	-0.906250
767	-0.820313	-0.882813
768	-0.687500	-0.781250
769	-0.812500	-0.835938
770	-0.773438	-0.828125
771	-0.710938	-0.562500
772	-0.695313	-0.578125
773	-0.507813	-0.265625
774	-0.703125	-0.554688
775	-0.539063	-0.343750
776	-0.734375	-0.664063
777	-0.671875	-0.601563
778	-0.648438	-0.539063
779	-0.703125	-0.671875
780	-0.625000	-0.250000
781	-0.562500	-0.320313
782	-0.640625	-0.421875
783	-0.570313	-0.445313
784	-0.617188	-0.632813
785	-0.507813	-0.390625
786	-0.695313	-0.734375
787	-0.789063	-0.859375
788	-0.742188	-0.812500
789	-0.609375	-0.570313
790	-0.734375	-0.757813
791	-0.742188	-0.796875
792	-0.851563	-0.921875
793	-0.812500	-0.859375
794	-0.742188	-0.750000
795	-0.617188	-0.632813
796	-0.757813	-0.843750
797	-0.781250	-0.851563
798	-0.765625	-0.859375
799	-0.867188	-0.929688
800	-0.781250	-0.859375
801	-0.703125	-0.773438
802	-0.820313	-0.875000
803	-0.859375	-0.906250
804	-0.742188	-0.804688
805	-0.664063	-0.703125
806	-0.773438	-0.843750
807	-0.718750	-0.781250
808	-0.640625	-0.664063
809	-0.656250	-0.453125
810	-0.554688	-0.531250
811	-0.625000	-0.562500
812	-0.609375	-0.296875
813	-0.757813	-0.414063
814	-0.585938	-0.218750
815	-0.679688	-0.375000
816	-0.453125	0.031250
817	-0.515625	-0.031250
818	-0.531250	0.078125
819	-0.562500	0.375000
820	-0.781250	0.812500
821	-0.812500	0.898438
822	-0.515625	0.304688
823	-0.578125	0.210938
824	-0.609375	0.273438
825	-0.500000	0.289063
826	-0.664063	0.617188
827	-0.687500	0.773438
828	-0.640625	0.437500
829	-0.789063	0.812500
830	-0.789063	0.890625
831	-0.703125	0.757813
832	-0.648438	0.640625
833	-0.671875	0.617188
834	-0.695313	0.765625
835	-0.882813	0.921875
836	-0.593750	0.507813
837	-0.765625	0.828125
838	-0.625000	0.554688
839	-0.687500	0.734375
840	-0.828125	0.875000
841	-0.718750	0.742188
842	-0.812500	0.882813
843	-0.828125	0.882813
844	-0.570313	0.617188
845	-0.648438	0.601563
846	-0.796875	0.859375
847	-0.664063	0.757813
848	-0.734375	0.640625
849	-0.625000	0.484375
850	-0.593750	0.632813
851	-0.617188	0.273438
852	-0.734375	0.757813
853	-0.617188	0.640625
854	-0.710938	0.789063
855	-0.734375	0.820313
856	-0.640625	0.507813
857	-0.812500	0.882813
858	-0.687500	0.750000
859	-0.835938	0.890625
860	-0.820313	0.859375
861	-0.695313	0.695313
862	-0.867188	0.898438
863	-0.906250	0.945313
864	-0.703125	0.695313
865	-0.804688	0.867188
866	-0.625000	0.679688
867	-0.718750	0.625000
868	-0.656250	0.671875
869	-0.671875	0.726563
870	-0.781250	0.867188
871	-0.781250	0.789063
872	-0.687500	0.703125
873	-0.820313	0.875000
874	-0.765625	0.828125
875	-0.734375	0.789063
876	-0.796875	0.851563
877	-0.742188	0.804688
878	-0.828125	0.890625
879	-0.820313	0.875000
880	-0.734375	0.781250
881	-0.664063	0.726563
882	-0.781250	0.859375
883	-0.773438	0.859375
884	-0.765625	0.765625
885	-0.835938	0.882813
886	-0.859375	0.921875
887	-0.632813	0.601563
888	-0.757813	0.828125
889	-0.804688	0.843750
890	-0.937500	0.960938
891	-0.679688	0.742188
892	-0.765625	0.789063
893	-0.734375	0.726563
894	-0.703125	0.710938
895	-0.664063	0.445313
896	-0.710938	0.687500
897	-0.671875	0.546875
898	-0.515625	0.156250
899	-0.609375	0.328125
900	-0.671875	0.507813
901	-0.750000	0.726563
902	-0.765625	0.812500
903	-0.781250	0.828125
904	-0.773438	0.820313
905	-0.750000	0.843750
906	-0.734375	0.812500
907	-0.867188	0.929688
908	-0.890625	0.945313
909	-0.609375	0.492188
910	-0.679688	0.687500
911	-0.679688	0.679688
912	-0.679688	0.507813
913	-0.656250	0.617188
914	-0.625000	0.500000
915	-0.593750	0.593750
916	-0.664063	0.648438
917	-0.789063	0.828125
918	-0.742188	0.812500
919	-0.765625	0.867188
920	-0.804688	0.867188
921	-0.796875	0.851563
922	-0.726563	0.781250
923	-0.703125	0.781250
924	-0.750000	0.734375
925	-0.679688	0.546875
926	-0.632813	0.335938
927	-0.640625	0.265625
928	-0.718750	0.539063
929	-0.718750	0.234375
930	-0.671875	0.187500
931	-0.656250	0.531250
932	-0.656250	0.429688
933	-0.640625	0.593750
934	-0.640625	0.695313
935	-0.617188	0.578125
936	-0.789063	0.859375
937	-0.640625	0.585938
938	-0.726563	0.765625
939	-0.718750	0.781250
940	-0.742188	0.828125
941	-0.828125	0.898438
942	-0.640625	0.531250
943	-0.539063	0.226563
944	-0.546875	0.203125
945	-0.617188	0.562500
946	-0.625000	0.539063
947	-0.742188	0.718750
948	-0.695313	0.554688
949	-0.773438	0.734375
950	-0.828125	0.875000
951	-0.718750	0.781250
952	-0.828125	0.890625
953	-0.789063	0.882813
954	-0.781250	0.828125
955	-0.812500	0.890625
956	-0.867188	0.921875
957	-0.640625	0.593750
958	-0.804688	0.867188
959	-0.664063	0.601563
960	-0.726563	0.796875
961	-0.750000	0.843750
962	-0.617188	0.640625
963	-0.773438	0.710938
964	-0.718750	0.601563
965	-0.851563	0.875000
966	-0.687500	0.593750
967	-0.695313	0.781250
968	-0.710938	0.796875
969	-0.578125	0.359375
970	-0.617188	0.437500
971	-0.632813	0.710938
972	-0.734375	0.820313
973	-0.796875	0.859375
974	-0.734375	0.804688
975	-0.656250	0.539063
976	-0.679688	0.585938
977	-0.773438	0.789063
978	-0.781250	0.820313
979	-0.773438	0.734375
980	-0.726563	0.773438
981	-0.820313	0.882813
982	-0.757813	0.773438
983	-0.710938	0.765625
984	-0.632813	0.664063
985	-0.507813	0.421875
986	-0.632813	0.468750
987	-0.617188	0.460938
988	-0.687500	0.781250
989	-0.875000	0.929688
990	-0.703125	0.687500
991	-0.625000	0.468750
992	-0.664063	0.351563
993	-0.656250	0.445313
994	-0.679688	0.796875
995	-0.851563	0.875000
996	-0.695313	0.789063
997	-0.757813	0.851563
998	-0.812500	0.773438
999	-0.812500	0.859375
