0	-1.000000	-1.000000
1	-0.898438	-0.921875
2	-0.968750	-0.984375
3	-0.976563	-0.984375
4	-0.984375	-0.992188
5	-0.968750	-0.984375
6	-0.929688	-0.945313
7	-1.000000	-1.000000
8	-0.953125	-0.976563
9	-0.984375	-0.992188
10	-1.000000	-1.000000
11	-0.976563	-0.984375
12	-0.976563	-0.984375
13	-1.000000	-1.000000
14	-1.000000	-1.000000
15	-0.968750	-0.984375
16	-0.984375	-0.992188
17	-1.000000	-1.000000
18	-1.000000	-1.000000
19	-0.976563	-0.984375
20	-0.960938	-0.976563
21	-0.984375	-0.992188
22	-0.968750	-0.984375
23	-1.000000	-1.000000
24	-0.968750	-0.984375
25	-0.945313	-0.968750
26	-1.000000	-1.000000
27	-1.000000	-1.000000
28	-0.953125	-0.976563
29	-0.945313	-0.960938
30	-1.000000	-1.000000
31	-0.953125	-0.976563
32	-1.000000	-1.000000
33	-0.960938	-0.968750
34	-0.914063	-0.953125
35	-0.968750	-0.984375
36	-0.945313	-0.968750
37	-0.976563	-0.984375
38	-1.000000	-1.000000
39	-0.984375	-0.992188
40	-0.984375	-0.992188
41	-0.968750	-0.984375
42	-0.937500	-0.937500
43	-1.000000	-1.000000
44	-0.937500	-0.968750
45	-0.968750	-0.984375
46	-0.984375	-0.992188
47	-0.953125	-0.976563
48	-0.984375	-0.992188
49	-0.984375	-0.992188
50	-0.984375	-0.992188
51	-1.000000	-1.000000
52	-0.968750	-0.984375
53	-0.968750	-0.984375
54	-0.953125	-0.976563
55	-0.929688	-0.960938
56	-0.984375	-0.992188
57	-1.000000	-1.000000
58	-0.953125	-0.976563
59	-0.968750	-0.984375
60	-0.968750	-0.984375
61	-1.000000	-1.000000
62	-0.984375	-0.992188
63	-0.953125	-0.976563
64	-0.960938	-0.968750
65	-0.937500	-0.968750
66	-1.000000	-1.000000
67	-0.968750	-0.984375
68	-0.984375	-0.992188
69	-1.000000	-1.000000
70	-0.984375	-0.992188
71	-1.000000	-1.000000
72	-0.976563	-0.984375
73	-0.921875	-0.953125
74	-0.953125	-0.976563
75	-0.984375	-0.992188
76	-0.968750	-0.984375
77	-0.968750	-0.984375
78	-0.984375	-0.992188
79	-0.968750	-0.984375
80	-0.968750	-0.984375
81	-0.968750	-0.984375
82	-0.968750	-0.984375
83	-0.984375	-0.992188
84	-1.000000	-1.000000
85	-0.960938	-0.976563
86	-0.984375	-0.992188
87	-0.921875	-0.953125
88	-0.984375	-0.992188
89	-0.953125	-0.976563
90	-0.968750	-0.984375
91	-0.984375	-0.992188
92	-0.953125	-0.976563
93	-0.984375	-0.992188
94	-0.968750	-0.984375
95	-0.968750	-0.984375
96	-0.984375	-0.992188
97	-0.968750	-0.984375
98	-0.984375	-0.992188
99	-0.984375	-0.992188
100	-0.984375	-0.992188
101	-1.000000	-1.000000
102	-0.984375	-0.992188
103	-0.960938	-0.976563
104	-1.000000	-1.000000
105	-0.945313	-0.968750
106	-1.000000	-1.000000
107	-1.000000	-1.000000
108	-1.000000	-1.000000
109	-0.929688	-0.960938
110	-0.945313	-0.968750
111	-0.984375	-0.992188
112	-1.000000	-1.000000
113	-0.968750	-0.984375
114	-0.921875	-0.953125
115	-0.984375	-0.992188
116	-1.000000	-1.000000
117	-1.000000	-1.000000
118	-1.000000	-1.000000
119	-0.968750	-0.984375
120	-1.000000	-1.000000
121	-0.953125	-0.976563
122	-0.968750	-0.984375
123	-1.000000	-1.000000
124	-0.929688	-0.945313
125	-0.984375	-0.992188
126	-0.968750	-0.984375
127	-0.984375	-0.992188
128	-0.968750	-0.984375
129	-0.984375	-0.992188
130	-0.953125	-0.976563
131	-0.984375	-0.992188
132	-0.945313	-0.968750
133	-0.953125	-0.976563
134	-0.976563	-0.984375
135	-0.968750	-0.984375
136	-1.000000	-1.000000
137	-1.000000	-1.000000
138	-0.937500	-0.968750
139	-1.000000	-1.000000
140	-0.984375	-0.992188
141	-0.937500	-0.968750
142	-0.960938	-0.976563
143	-0.976563	-0.984375
144	-1.000000	-1.000000
145	-0.984375	-0.992188
146	-1.000000	-1.000000
147	-1.000000	-1.000000
148	-0.945313	-0.960938
149	-1.000000	-1.000000
150	-0.953125	-0.976563
151	-0.976563	-0.984375
152	-0.937500	-0.945313
153	-1.000000	-1.000000
154	-0.960938	-0.976563
155	-0.953125	-0.960938
156	-0.984375	-0.992188
157	-0.984375	-0.992188
158	-0.914063	-0.937500
159	-0.945313	-0.968750
160	-0.960938	-0.976563
161	-0.984375	-0.992188
162	-0.984375	-0.992188
163	-0.984375	-0.992188
164	-1.000000	-1.000000
165	-0.953125	-0.968750
166	-0.953125	-0.976563
167	-0.968750	-0.984375
168	-0.984375	-0.992188
169	-0.968750	-0.984375
170	-0.984375	-0.992188
171	-0.968750	-0.984375
172	-0.984375	-0.992188
173	-1.000000	-1.000000
174	-0.984375	-0.992188
175	-0.984375	-0.992188
176	-0.937500	-0.960938
177	-0.953125	-0.976563
178	-0.984375	-0.992188
179	-0.960938	-0.976563
180	-0.968750	-0.984375
181	-0.960938	-0.976563
182	-0.968750	-0.984375
183	-1.000000	-1.000000
184	-0.945313	-0.968750
185	-1.000000	-1.000000
186	-0.984375	-0.992188
187	-0.984375	-0.992188
188	-0.968750	-0.984375
189	-0.968750	-0.984375
190	-0.929688	-0.960938
191	-0.953125	-0.976563
192	-0.968750	-0.984375
193	-0.984375	-0.992188
194	-0.945313	-0.968750
195	-0.937500	-0.968750
196	-1.000000	-1.000000
197	-1.000000	-1.000000
198	-0.984375	-0.992188
199	-0.984375	-0.992188
200	-0.953125	-0.960938
201	-1.000000	-1.000000
202	-1.000000	-1.000000
203	-0.945313	-0.968750
204	-0.960938	-0.976563
205	-0.984375	-0.992188
206	-0.953125	-0.976563
207	-0.953125	-0.976563
208	-0.960938	-0.976563
209	-0.968750	-0.984375
210	-0.984375	-0.992188
211	-0.968750	-0.984375
212	-0.984375	-0.992188
213	-0.937500	-0.968750
214	-0.937500	-0.968750
215	-0.984375	-0.992188
216	-0.968750	-0.984375
217	-0.953125	-0.976563
218	-0.968750	-0.984375
219	-0.984375	-0.992188
220	-1.000000	-1.000000
221	-0.968750	-0.984375
222	-0.968750	-0.976563
223	-0.945313	-0.968750
224	-0.953125	-0.976563
225	-0.984375	-0.992188
226	-1.000000	-1.000000
227	-0.976563	-0.984375
228	-0.968750	-0.984375
229	-0.984375	-0.992188
230	-1.000000	-1.000000
231	-0.968750	-0.984375
232	-0.984375	-0.992188
233	-0.968750	-0.984375
234	-0.984375	-0.992188
235	-0.984375	-0.992188
236	-0.968750	-0.984375
237	-1.000000	-1.000000
238	-0.968750	-0.984375
239	-0.929688	-0.953125
240	-0.953125	-0.976563
241	-1.000000	-1.000000
242	-0.921875	-0.960938
243	-0.960938	-0.976563
244	-0.953125	-0.976563
245	-0.984375	-0.992188
246	-1.000000	-1.000000
247	-0.984375	-0.992188
248	-1.000000	-1.000000
249	-0.984375	-0.992188
250	-0.984375	-0.992188
251	-0.984375	-0.992188
252	-0.968750	-0.984375
253	-0.921875	-0.960938
254	-0.953125	-0.976563
255	-0.921875	-0.953125
256	-1.000000	-1.000000
257	-0.960938	-0.976563
258	-1.000000	-1.000000
259	-0.984375	-0.992188
260	-0.984375	-0.992188
261	-0.929688	-0.960938
262	-0.984375	-0.992188
263	-0.984375	-0.992188
264	-0.984375	-0.992188
265	-0.984375	-0.992188
266	-0.960938	-0.976563
267	-0.968750	-0.984375
268	-0.953125	-0.968750
269	-0.984375	-0.992188
270	-0.914063	-0.945313
271	-0.953125	-0.976563
272	-0.976563	-0.984375
273	-0.968750	-0.984375
274	-0.890625	-0.906250
275	-0.953125	-0.968750
276	-1.000000	-1.000000
277	-0.984375	-0.992188
278	-1.000000	-1.000000
279	-0.984375	-0.992188
280	-0.968750	-0.984375
281	-1.000000	-1.000000
282	-0.976563	-0.984375
283	-0.976563	-0.984375
284	-0.984375	-0.992188
285	-0.953125	-0.976563
286	-1.000000	-1.000000
287	-0.968750	-0.984375
288	-0.968750	-0.984375
289	-0.953125	-0.976563
290	-1.000000	-1.000000
291	-0.984375	-0.992188
292	-1.000000	-1.000000
293	-0.960938	-0.976563
294	-0.968750	-0.984375
295	-0.984375	-0.992188
296	-0.984375	-0.992188
297	-1.000000	-1.000000
298	-0.984375	-0.992188
299	-0.953125	-0.976563
300	-0.945313	-0.968750
301	-0.984375	-0.992188
302	-0.921875	-0.960938
303	-0.968750	-0.984375
304	-0.953125	-0.976563
305	-1.000000	-1.000000
306	-0.945313	-0.953125
307	-0.968750	-0.984375
308	-0.984375	-0.992188
309	-1.000000	-1.000000
310	-0.976563	-0.984375
311	-0.968750	-0.976563
312	-0.945313	-0.968750
313	-0.984375	-0.992188
314	-0.953125	-0.968750
315	-0.984375	-0.992188
316	-1.000000	-1.000000
317	-1.000000	-1.000000
318	-0.968750	-0.984375
319	-0.968750	-0.984375
320	-1.000000	-1.000000
321	-0.984375	-0.992188
322	-0.984375	-0.992188
323	-0.984375	-0.992188
324	-1.000000	-1.000000
325	-0.968750	-0.984375
326	-0.968750	-0.984375
327	-0.960938	-0.976563
328	-0.960938	-0.976563
329	-0.984375	-0.992188
330	-0.984375	-0.992188
331	-0.968750	-0.984375
332	-0.937500	-0.968750
333	-0.968750	-0.984375
334	-0.945313	-0.968750
335	-0.984375	-0.992188
336	-0.984375	-0.992188
337	-0.953125	-0.976563
338	-0.968750	-0.984375
339	-0.984375	-0.992188
340	-0.968750	-0.984375
341	-0.929688	-0.960938
342	-0.960938	-0.976563
343	-0.984375	-0.992188
344	-0.968750	-0.984375
345	-0.968750	-0.984375
346	-0.968750	-0.984375
347	-0.976563	-0.984375
348	-1.000000	-1.000000
349	-0.945313	-0.960938
350	-0.976563	-0.984375
351	-0.968750	-0.984375
352	-0.984375	-0.992188
353	-0.984375	-0.992188
354	-1.000000	-1.000000
355	-1.000000	-1.000000
356	-0.953125	-0.976563
357	-0.984375	-0.992188
358	-0.968750	-0.984375
359	-1.000000	-1.000000
360	-0.968750	-0.984375
361	-0.968750	-0.984375
362	-0.937500	-0.968750
363	-0.976563	-0.984375
364	-0.984375	-0.992188
365	-1.000000	-1.000000
366	-0.976563	-0.984375
367	-1.000000	-1.000000
368	-0.968750	-0.984375
369	-0.960938	-0.976563
370	-0.953125	-0.976563
371	-1.000000	-1.000000
372	-0.984375	-0.992188
373	-1.000000	-1.000000
374	-0.968750	-0.984375
375	-0.984375	-0.992188
376	-0.968750	-0.984375
377	-0.953125	-0.976563
378	-0.968750	-0.976563
379	-0.984375	-0.992188
380	-0.984375	-0.992188
381	-1.000000	-1.000000
382	-1.000000	-1.000000
383	-0.945313	-0.968750
384	-1.000000	-1.000000
385	-0.937500	-0.937500
386	-0.953125	-0.976563
387	-0.984375	-0.992188
388	-0.953125	-0.976563
389	-0.960938	-0.976563
390	-0.937500	-0.968750
391	-0.984375	-0.992188
392	-0.976563	-0.984375
393	-0.984375	-0.992188
394	-0.984375	-0.992188
395	-0.968750	-0.984375
396	-0.984375	-0.992188
397	-0.968750	-0.984375
398	-0.984375	-0.992188
399	-0.953125	-0.976563
400	-0.984375	-0.992188
401	-0.953125	-0.976563
402	-1.000000	-1.000000
403	-0.984375	-0.992188
404	-0.984375	-0.992188
405	-1.000000	-1.000000
406	-0.953125	-0.976563
407	-1.000000	-1.000000
408	-0.968750	-0.984375
409	-0.945313	-0.968750
410	-0.960938	-0.976563
411	-0.984375	-0.992188
412	-0.960938	-0.976563
413	-1.000000	-1.000000
414	-0.968750	-0.984375
415	-0.953125	-0.945313
416	-0.968750	-0.984375
417	-1.000000	-1.000000
418	-0.937500	-0.968750
419	-1.000000	-1.000000
420	-0.953125	-0.968750
421	-0.960938	-0.976563
422	-0.953125	-0.976563
423	-0.984375	-0.992188
424	-0.984375	-0.992188
425	-0.984375	-0.992188
426	-0.976563	-0.984375
427	-0.937500	-0.960938
428	-0.984375	-0.992188
429	-0.984375	-0.992188
430	-0.953125	-0.976563
431	-0.937500	-0.968750
432	-0.984375	-0.992188
433	-0.968750	-0.984375
434	-0.976563	-0.984375
435	-0.984375	-0.992188
436	-0.984375	-0.992188
437	-0.937500	-0.960938
438	-0.984375	-0.992188
439	-0.984375	-0.992188
440	-0.968750	-0.976563
441	-0.984375	-0.992188
442	-0.937500	-0.968750
443	-1.000000	-1.000000
444	-1.000000	-1.000000
445	-0.953125	-0.976563
446	-0.953125	-0.976563
447	-0.976563	-0.984375
448	-0.953125	-0.976563
449	-0.984375	-0.992188
450	-0.984375	-0.992188
451	-0.984375	-0.992188
452	-1.000000	-1.000000
453	-0.953125	-0.976563
454	-1.000000	-1.000000
455	-0.953125	-0.976563
456	-1.000000	-1.000000
457	-0.929688	-0.960938
458	-0.937500	-0.968750
459	-0.984375	-0.992188
460	-0.968750	-0.984375
461	-0.984375	-0.992188
462	-0.968750	-0.984375
463	-0.960938	-0.976563
464	-1.000000	-1.000000
465	-0.984375	-0.992188
466	-0.976563	-0.984375
467	-1.000000	-1.000000
468	-0.914063	-0.953125
469	-0.968750	-0.984375
470	-0.945313	-0.968750
471	-0.921875	-0.953125
472	-0.976563	-0.984375
473	-0.968750	-0.984375
474	-0.976563	-0.984375
475	-1.000000	-1.000000
476	-0.984375	-0.992188
477	-0.968750	-0.984375
478	-1.000000	-1.000000
479	-0.968750	-0.984375
480	-0.984375	-0.992188
481	-0.968750	-0.984375
482	-0.984375	-0.992188
483	-1.000000	-1.000000
484	-0.953125	-0.976563
485	-1.000000	-1.000000
486	-1.000000	-1.000000
487	-0.953125	-0.976563
488	-0.968750	-0.984375
489	-0.976563	-0.984375
490	-0.953125	-0.976563
491	-0.945313	-0.968750
492	-0.984375	-0.992188
493	-1.000000	-1.000000
494	-1.000000	-1.000000
495	-0.953125	-0.976563
496	-0.984375	-0.992188
497	-0.984375	-0.992188
498	-0.960938	-0.976563
499	-0.984375	-0.992188
500	-0.953125	-0.976563
501	-1.000000	-1.000000
502	-1.000000	-1.000000
503	-1.000000	-1.000000
504	-0.984375	-0.992188
505	-0.984375	-0.992188
506	-0.984375	-0.992188
507	-1.000000	-1.000000
508	-0.968750	-0.984375
509	-0.984375	-0.992188
510	-0.984375	-0.992188
511	-0.953125	-0.968750
512	-0.937500	-0.960938
513	-1.000000	-1.000000
514	-0.984375	-0.992188
515	-1.000000	-1.000000
516	-0.984375	-0.992188
517	-1.000000	-1.000000
518	-0.921875	-0.953125
519	-1.000000	-1.000000
520	-1.000000	-1.000000
521	-0.984375	-0.992188
522	-0.968750	-0.984375
523	-0.984375	-0.992188
524	-0.984375	-0.992188
525	-0.984375	-0.992188
526	-1.000000	-1.000000
527	-0.984375	-0.992188
528	-0.937500	-0.968750
529	-0.984375	-0.992188
530	-1.000000	-1.000000
531	-0.968750	-0.984375
532	-1.000000	-1.000000
533	-1.000000	-1.000000
534	-0.976563	-0.984375
535	-0.960938	-0.976563
536	-0.968750	-0.984375
537	-1.000000	-1.000000
538	-0.968750	-0.984375
539	-1.000000	-1.000000
540	-0.953125	-0.976563
541	-0.984375	-0.992188
542	-0.984375	-0.992188
543	-0.953125	-0.976563
544	-0.968750	-0.984375
545	-0.937500	-0.968750
546	-0.984375	-0.992188
547	-1.000000	-1.000000
548	-0.984375	-0.992188
549	-0.968750	-0.984375
550	-0.968750	-0.984375
551	-1.000000	-1.000000
552	-1.000000	-1.000000
553	-0.968750	-0.984375
554	-0.968750	-0.984375
555	-0.984375	-0.992188
556	-1.000000	-1.000000
557	-0.953125	-0.976563
558	-1.000000	-1.000000
559	-0.984375	-0.992188
560	-0.976563	-0.984375
561	-0.984375	-0.992188
562	-0.984375	-0.992188
563	-0.968750	-0.984375
564	-1.000000	-1.000000
565	-0.960938	-0.976563
566	-0.984375	-0.992188
567	-1.000000	-1.000000
568	-0.984375	-0.992188
569	-0.968750	-0.984375
570	-1.000000	-1.000000
571	-0.945313	-0.968750
572	-0.984375	-0.992188
573	-0.984375	-0.992188
574	-0.953125	-0.968750
575	-0.976563	-0.984375
576	-0.937500	-0.968750
577	-1.000000	-1.000000
578	-0.984375	-0.992188
579	-0.937500	-0.960938
580	-0.968750	-0.984375
581	-0.953125	-0.976563
582	-0.984375	-0.992188
583	-1.000000	-1.000000
584	-0.968750	-0.984375
585	-0.953125	-0.976563
586	-0.984375	-0.992188
587	-0.984375	-0.992188
588	-0.929688	-0.945313
589	-1.000000	-1.000000
590	-0.984375	-0.992188
591	-0.984375	-0.992188
592	-1.000000	-1.000000
593	-0.984375	-0.992188
594	-1.000000	-1.000000
595	-0.984375	-0.992188
596	-0.984375	-0.992188
597	-0.882813	-0.937500
598	-0.953125	-0.976563
599	-0.984375	-0.992188
600	-0.945313	-0.968750
601	-0.984375	-0.992188
602	-0.984375	-0.992188
603	-0.984375	-0.992188
604	-0.937500	-0.960938
605	-0.968750	-0.984375
606	-1.000000	-1.000000
607	-0.984375	-0.992188
608	-1.000000	-1.000000
609	-0.953125	-0.976563
610	-0.968750	-0.984375
611	-0.968750	-0.984375
612	-0.960938	-0.976563
613	-0.976563	-0.984375
614	-0.953125	-0.976563
615	-0.953125	-0.976563
616	-0.984375	-0.992188
617	-0.984375	-0.992188
618	-1.000000	-1.000000
619	-0.984375	-0.992188
620	-0.953125	-0.960938
621	-0.984375	-0.992188
622	-0.968750	-0.984375
623	-0.984375	-0.992188
624	-1.000000	-1.000000
625	-0.976563	-0.984375
626	-0.984375	-0.992188
627	-1.000000	-1.000000
628	-1.000000	-1.000000
629	-0.960938	-0.976563
630	-1.000000	-1.000000
631	-0.968750	-0.984375
632	-0.953125	-0.976563
633	-1.000000	-1.000000
634	-0.953125	-0.976563
635	-0.984375	-0.992188
636	-0.953125	-0.976563
637	-0.968750	-0.984375
638	-0.968750	-0.984375
639	-0.929688	-0.960938
640	-1.000000	-1.000000
641	-0.960938	-0.976563
642	-0.929688	-0.960938
643	-0.968750	-0.984375
644	-0.984375	-0.992188
645	-0.953125	-0.976563
646	-0.953125	-0.976563
647	-0.937500	-0.968750
648	-0.984375	-0.992188
649	-0.984375	-0.992188
650	-0.968750	-0.984375
651	-0.976563	-0.984375
652	-0.984375	-0.992188
653	-0.984375	-0.992188
654	-0.984375	-0.992188
655	-0.968750	-0.984375
656	-0.984375	-0.992188
657	-1.000000	-1.000000
658	-0.960938	-0.976563
659	-0.953125	-0.976563
660	-0.960938	-0.976563
661	-0.984375	-0.992188
662	-1.000000	-1.000000
663	-0.984375	-0.992188
664	-0.984375	-0.992188
665	-0.953125	-0.968750
666	-0.968750	-0.984375
667	-0.984375	-0.992188
668	-0.984375	-0.992188
669	-0.984375	-0.992188
670	-0.984375	-0.992188
671	-1.000000	-1.000000
672	-0.984375	-0.992188
673	-1.000000	-1.000000
674	-0.945313	-0.968750
675	-0.945313	-0.968750
676	-0.984375	-0.992188
677	-0.976563	-0.984375
678	-0.984375	-0.992188
679	-0.929688	-0.960938
680	-1.000000	-1.000000
681	-0.984375	-0.992188
682	-0.984375	-0.992188
683	-1.000000	-1.000000
684	-0.953125	-0.976563
685	-1.000000	-1.000000
686	-0.960938	-0.976563
687	-0.968750	-0.984375
688	-0.984375	-0.992188
689	-0.984375	-0.992188
690	-1.000000	-1.000000
691	-0.968750	-0.984375
692	-0.984375	-0.992188
693	-0.984375	-0.992188
694	-0.929688	-0.960938
695	-0.984375	-0.992188
696	-1.000000	-1.000000
697	-0.984375	-0.992188
698	-0.968750	-0.984375
699	-1.000000	-1.000000
700	-0.968750	-0.984375
701	-0.960938	-0.976563
702	-1.000000	-1.000000
703	-1.000000	-1.000000
704	-0.953125	-0.976563
705	-0.968750	-0.984375
706	-0.937500	-0.960938
707	-0.937500	-0.960938
708	-0.953125	-0.976563
709	-0.984375	-0.992188
710	-1.000000	-1.000000
711	-1.000000	-1.000000
712	-1.000000	-1.000000
713	-0.984375	-0.992188
714	-0.968750	-0.984375
715	-1.000000	-1.000000
716	-0.984375	-0.992188
717	-0.960938	-0.976563
718	-0.976563	-0.984375
719	-1.000000	-1.000000
720	-0.968750	-0.984375
721	-0.960938	-0.976563
722	-1.000000	-1.000000
723	-0.914063	-0.953125
724	-0.984375	-0.992188
725	-1.000000	-1.000000
726	-1.000000	-1.000000
727	-0.960938	-0.976563
728	-1.000000	-1.000000
729	-0.968750	-0.984375
730	-0.976563	-0.984375
731	-0.984375	-0.992188
732	-1.000000	-1.000000
733	-0.968750	-0.984375
734	-0.968750	-0.984375
735	-0.953125	-0.976563
736	-0.960938	-0.976563
737	-0.953125	-0.976563
738	-0.960938	-0.976563
739	-0.984375	-0.992188
740	-0.937500	-0.968750
741	-0.968750	-0.984375
742	-1.000000	-1.000000
743	-0.968750	-0.984375
744	-0.968750	-0.984375
745	-0.984375	-0.992188
746	-0.929688	-0.960938
747	-0.968750	-0.984375
748	-0.984375	-0.992188
749	-0.968750	-0.984375
750	-0.968750	-0.984375
751	-0.937500	-0.968750
752	-0.953125	-0.976563
753	-0.945313	-0.968750
754	-0.968750	-0.984375
755	-0.984375	-0.992188
756	-0.984375	-0.992188
757	-0.960938	-0.976563
758	-0.953125	-0.976563
759	-0.984375	-0.992188
760	-0.984375	-0.992188
761	-1.000000	-1.000000
762	-0.960938	-0.976563
763	-0.929688	-0.960938
764	-1.000000	-1.000000
765	-1.000000	-1.000000
766	-0.984375	-0.992188
767	-1.000000	-1.000000
768	-0.984375	-0.992188
769	-0.976563	-0.984375
770	-0.984375	-0.992188
771	-0.984375	-0.992188
772	-0.960938	-0.976563
773	-0.960938	-0.976563
774	-1.000000	-1.000000
775	-0.968750	-0.984375
776	-0.953125	-0.976563
777	-1.000000	-1.000000
778	-0.890625	-0.937500
779	-0.984375	-0.992188
780	-0.984375	-0.992188
781	-0.937500	-0.960938
782	-1.000000	-1.000000
783	-0.953125	-0.976563
784	-1.000000	-1.000000
785	-0.937500	-0.968750
786	-0.984375	-0.992188
787	-0.953125	-0.968750
788	-0.976563	-0.984375
789	-0.953125	-0.968750
790	-1.000000	-1.000000
791	-1.000000	-1.000000
792	-0.945313	-0.968750
793	-1.000000	-1.000000
794	-0.945313	-0.968750
795	-0.960938	-0.976563
796	-1.000000	-1.000000
797	-0.937500	-0.968750
798	-0.984375	-0.992188
799	-1.000000	-1.000000
800	-0.937500	-0.968750
801	-1.000000	-1.000000
802	-0.945313	-0.968750
803	-1.000000	-1.000000
804	-1.000000	-1.000000
805	-0.937500	-0.960938
806	-0.945313	-0.960938
807	-0.984375	-0.992188
808	-0.984375	-0.992188
809	-0.968750	-0.984375
810	-0.984375	-0.992188
811	-0.984375	-0.992188
812	-0.984375	-0.992188
813	-0.937500	-0.968750
814	-0.914063	-0.953125
815	-1.000000	-1.000000
816	-0.984375	-0.992188
817	-0.968750	-0.984375
818	-0.984375	-0.992188
819	-1.000000	-1.000000
820	-1.000000	-1.000000
821	-0.968750	-0.984375
822	-0.953125	-0.968750
823	-0.984375	-0.992188
824	-0.976563	-0.984375
825	-0.984375	-0.992188
826	-0.984375	-0.992188
827	-0.984375	-0.992188
828	-1.000000	-1.000000
829	-0.960938	-0.976563
830	-0.984375	-0.992188
831	-0.976563	-0.984375
832	-0.976563	-0.984375
833	-0.984375	-0.992188
834	-0.984375	-0.992188
835	-1.000000	-1.000000
836	-0.984375	-0.992188
837	-0.984375	-0.992188
838	-0.984375	-0.992188
839	-0.968750	-0.984375
840	-1.000000	-1.000000
841	-0.984375	-0.992188
842	-1.000000	-1.000000
843	-0.984375	-0.992188
844	-0.984375	-0.992188
845	-1.000000	-1.000000
846	-0.976563	-0.984375
847	-0.984375	-0.992188
848	-0.953125	-0.976563
849	-1.000000	-1.000000
850	-0.984375	-0.992188
851	-1.000000	-1.000000
852	-0.984375	-0.992188
853	-1.000000	-1.000000
854	-0.921875	-0.960938
855	-0.953125	-0.976563
856	-1.000000	-1.000000
857	-0.984375	-0.992188
858	-0.968750	-0.984375
859	-0.984375	-0.992188
860	-1.000000	-1.000000
861	-0.953125	-0.976563
862	-0.984375	-0.992188
863	-0.984375	-0.992188
864	-0.953125	-0.976563
865	-1.000000	-1.000000
866	-0.968750	-0.984375
867	-0.953125	-0.976563
868	-0.953125	-0.976563
869	-0.984375	-0.992188
870	-0.968750	-0.984375
871	-0.968750	-0.984375
872	-0.968750	-0.984375
873	-1.000000	-1.000000
874	-0.953125	-0.976563
875	-0.921875	-0.960938
876	-0.968750	-0.984375
877	-0.968750	-0.984375
878	-0.953125	-0.976563
879	-1.000000	-1.000000
880	-1.000000	-1.000000
881	-0.984375	-0.992188
882	-0.968750	-0.984375
883	-0.984375	-0.992188
884	-1.000000	-1.000000
885	-0.953125	-0.976563
886	-0.984375	-0.992188
887	-0.968750	-0.984375
888	-0.968750	-0.976563
889	-0.968750	-0.984375
890	-0.984375	-0.992188
891	-1.000000	-1.000000
892	-1.000000	-1.000000
893	-0.984375	-0.992188
894	-0.984375	-0.992188
895	-0.929688	-0.953125
896	-1.000000	-1.000000
897	-0.984375	-0.992188
898	-0.984375	-0.992188
899	-0.976563	-0.984375
900	-0.960938	-0.976563
901	-1.000000	-1.000000
902	-0.937500	-0.960938
903	-0.945313	-0.968750
904	-0.984375	-0.992188
905	-1.000000	-1.000000
906	-0.984375	-0.992188
907	-1.000000	-1.000000
908	-1.000000	-1.000000
909	-0.984375	-0.992188
910	-0.984375	-0.992188
911	-1.000000	-1.000000
912	-0.968750	-0.984375
913	-0.984375	-0.992188
914	-0.953125	-0.976563
915	-0.984375	-0.992188
916	-0.968750	-0.984375
917	-0.984375	-0.992188
918	-0.968750	-0.984375
919	-0.984375	-0.992188
920	-0.960938	-0.976563
921	-1.000000	-1.000000
922	-1.000000	-1.000000
923	-0.953125	-0.976563
924	-0.953125	-0.976563
925	-0.953125	-0.968750
926	-0.984375	-0.992188
927	-1.000000	-1.000000
928	-1.000000	-1.000000
929	-0.968750	-0.984375
930	-0.984375	-0.992188
931	-0.968750	-0.984375
932	-0.976563	-0.984375
933	-0.945313	-0.968750
934	-0.953125	-0.976563
935	-0.984375	-0.992188
936	-0.984375	-0.992188
937	-0.976563	-0.984375
938	-0.968750	-0.984375
939	-0.953125	-0.976563
940	-1.000000	-1.000000
941	-0.937500	-0.968750
942	-0.984375	-0.992188
943	-0.953125	-0.976563
944	-0.984375	-0.992188
945	-1.000000	-1.000000
946	-0.984375	-0.992188
947	-0.984375	-0.992188
948	-0.968750	-0.984375
949	-0.984375	-0.992188
950	-0.937500	-0.968750
951	-0.984375	-0.992188
952	-0.953125	-0.976563
953	-0.984375	-0.992188
954	-0.984375	-0.992188
955	-0.976563	-0.984375
956	-0.937500	-0.968750
957	-0.968750	-0.984375
958	-1.000000	-1.000000
959	-0.984375	-0.992188
960	-0.984375	-0.992188
961	-0.890625	-0.914063
962	-0.968750	-0.976563
963	-1.000000	-1.000000
964	-0.953125	-0.976563
965	-0.984375	-0.992188
966	-0.937500	-0.968750
967	-0.968750	-0.984375
968	-0.953125	-0.976563
969	-0.984375	-0.992188
970	-0.960938	-0.976563
971	-0.968750	-0.984375
972	-1.000000	-1.000000
973	-0.984375	-0.992188
974	-0.984375	-0.992188
975	-0.968750	-0.984375
976	-0.968750	-0.984375
977	-0.984375	-0.992188
978	-0.984375	-0.992188
979	-0.945313	-0.953125
980	-0.968750	-0.984375
981	-0.968750	-0.984375
982	-0.953125	-0.976563
983	-0.937500	-0.960938
984	-0.984375	-0.992188
985	-0.984375	-0.992188
986	-0.984375	-0.992188
987	-1.000000	-1.000000
988	-0.984375	-0.992188
989	-0.890625	-0.929688
990	-0.968750	-0.984375
991	-1.000000	-1.000000
992	-0.953125	-0.976563
993	-0.984375	-0.992188
994	-1.000000	-1.000000
995	-0.953125	-0.976563
996	-0.945313	-0.968750
997	-0.953125	-0.968750
998	-0.953125	-0.968750
999	-0.984375	-0.992188
