0	-0.984375	-0.992188
1	-0.960938	-0.976563
2	-0.929688	-0.960938
3	-0.929688	-0.953125
4	-1.000000	-1.000000
5	-1.000000	-1.000000
6	-0.906250	-0.937500
7	-0.929688	-0.953125
8	-0.953125	-0.976563
9	-0.968750	-0.984375
10	-0.937500	-0.960938
11	-1.000000	-1.000000
12	-0.968750	-0.984375
13	-0.945313	-0.968750
14	-0.945313	-0.968750
15	-0.953125	-0.968750
16	-0.984375	-0.992188
17	-1.000000	-1.000000
18	-0.953125	-0.976563
19	-0.929688	-0.953125
20	-0.929688	-0.960938
21	-0.914063	-0.953125
22	-0.921875	-0.953125
23	-0.984375	-0.992188
24	-0.875000	-0.929688
25	-0.945313	-0.968750
26	-0.898438	-0.937500
27	-0.929688	-0.960938
28	-0.914063	-0.953125
29	-0.921875	-0.953125
30	-0.929688	-0.960938
31	-0.937500	-0.968750
32	-0.921875	-0.960938
33	-0.960938	-0.976563
34	-0.921875	-0.960938
35	-0.960938	-0.976563
36	-0.984375	-0.992188
37	-0.945313	-0.968750
38	-0.968750	-0.984375
39	-0.914063	-0.953125
40	-0.921875	-0.960938
41	-0.984375	-0.992188
42	-0.984375	-0.992188
43	-0.929688	-0.960938
44	-0.968750	-0.984375
45	-0.937500	-0.968750
46	-0.914063	-0.953125
47	-0.898438	-0.914063
48	-0.953125	-0.968750
49	-0.929688	-0.953125
50	-0.937500	-0.968750
51	-0.945313	-0.968750
52	-0.945313	-0.968750
53	-0.968750	-0.984375
54	-0.890625	-0.945313
55	-0.968750	-0.984375
56	-0.929688	-0.960938
57	-0.968750	-0.984375
58	-0.968750	-0.984375
59	-0.976563	-0.984375
60	-0.976563	-0.984375
61	-0.960938	-0.976563
62	-0.937500	-0.968750
63	-0.937500	-0.968750
64	-0.906250	-0.945313
65	-0.875000	-0.921875
66	-0.906250	-0.953125
67	-1.000000	-1.000000
68	-0.906250	-0.953125
69	-0.906250	-0.921875
70	-0.937500	-0.968750
71	-0.945313	-0.968750
72	-0.929688	-0.960938
73	-0.968750	-0.984375
74	-0.960938	-0.976563
75	-0.945313	-0.968750
76	-0.937500	-0.968750
77	-0.921875	-0.953125
78	-0.921875	-0.960938
79	-0.953125	-0.976563
80	-0.968750	-0.984375
81	-0.921875	-0.945313
82	-0.921875	-0.960938
83	-0.984375	-0.992188
84	-0.851563	-0.898438
85	-0.929688	-0.960938
86	-0.968750	-0.984375
87	-0.945313	-0.968750
88	-0.914063	-0.953125
89	-0.929688	-0.953125
90	-0.843750	-0.906250
91	-0.960938	-0.976563
92	-0.898438	-0.937500
93	-0.968750	-0.984375
94	-0.914063	-0.945313
95	-0.914063	-0.953125
96	-0.929688	-0.953125
97	-0.937500	-0.968750
98	-0.945313	-0.968750
99	-0.968750	-0.976563
100	-0.937500	-0.968750
101	-0.906250	-0.945313
102	-1.000000	-1.000000
103	-0.937500	-0.968750
104	-0.960938	-0.976563
105	-0.921875	-0.953125
106	-0.906250	-0.937500
107	-0.890625	-0.921875
108	-0.968750	-0.984375
109	-0.960938	-0.976563
110	-0.890625	-0.945313
111	-0.968750	-0.984375
112	-0.921875	-0.953125
113	-0.945313	-0.968750
114	-0.906250	-0.945313
115	-1.000000	-1.000000
116	-0.945313	-0.968750
117	-0.968750	-0.984375
118	-0.984375	-0.992188
119	-0.898438	-0.945313
120	-0.929688	-0.960938
121	-0.937500	-0.960938
122	-0.968750	-0.984375
123	-0.953125	-0.968750
124	-0.890625	-0.937500
125	-0.984375	-0.992188
126	-0.929688	-0.953125
127	-0.937500	-0.968750
128	-0.984375	-0.992188
129	-0.914063	-0.937500
130	-0.890625	-0.921875
131	-0.906250	-0.953125
132	-0.968750	-0.984375
133	-0.976563	-0.984375
134	-0.890625	-0.937500
135	-0.929688	-0.960938
136	-0.960938	-0.976563
137	-0.914063	-0.937500
138	-0.968750	-0.984375
139	-0.914063	-0.953125
140	-0.968750	-0.984375
141	-0.984375	-0.992188
142	-0.968750	-0.984375
143	-0.953125	-0.976563
144	-0.953125	-0.976563
145	-1.000000	-1.000000
146	-0.921875	-0.953125
147	-0.937500	-0.968750
148	-0.984375	-0.992188
149	-0.921875	-0.960938
150	-0.898438	-0.945313
151	-0.953125	-0.976563
152	-0.906250	-0.953125
153	-0.820313	-0.890625
154	-0.937500	-0.968750
155	-0.960938	-0.968750
156	-0.960938	-0.976563
157	-0.804688	-0.867188
158	-0.890625	-0.929688
159	-0.906250	-0.945313
160	-0.968750	-0.984375
161	-0.882813	-0.921875
162	-0.937500	-0.960938
163	-0.984375	-0.992188
164	-0.984375	-0.992188
165	-0.960938	-0.976563
166	-0.968750	-0.984375
167	-0.882813	-0.929688
168	-0.984375	-0.992188
169	-0.929688	-0.929688
170	-0.921875	-0.960938
171	-0.898438	-0.937500
172	-0.921875	-0.953125
173	-0.921875	-0.953125
174	-0.929688	-0.960938
175	-0.945313	-0.960938
176	-0.914063	-0.953125
177	-0.984375	-0.992188
178	-0.937500	-0.968750
179	-0.937500	-0.968750
180	-0.976563	-0.984375
181	-0.968750	-0.984375
182	-0.984375	-0.992188
183	-0.937500	-0.968750
184	-0.929688	-0.960938
185	-0.968750	-0.984375
186	-0.945313	-0.968750
187	-0.914063	-0.945313
188	-0.953125	-0.953125
189	-0.937500	-0.960938
190	-0.914063	-0.953125
191	-0.984375	-0.992188
192	-0.890625	-0.937500
193	-0.953125	-0.968750
194	-0.945313	-0.968750
195	-0.953125	-0.968750
196	-0.945313	-0.968750
197	-0.945313	-0.968750
198	-0.945313	-0.968750
199	-0.953125	-0.976563
200	-0.953125	-0.976563
201	-0.968750	-0.984375
202	-0.945313	-0.945313
203	-0.906250	-0.921875
204	-0.953125	-0.976563
205	-0.882813	-0.929688
206	-0.984375	-0.992188
207	-0.945313	-0.968750
208	-0.875000	-0.937500
209	-0.968750	-0.984375
210	-0.984375	-0.992188
211	-0.882813	-0.937500
212	-0.906250	-0.945313
213	-0.921875	-0.890625
214	-0.945313	-0.953125
215	-0.890625	-0.937500
216	-0.945313	-0.968750
217	-0.937500	-0.968750
218	-0.968750	-0.984375
219	-0.851563	-0.921875
220	-0.984375	-0.992188
221	-0.867188	-0.906250
222	-0.945313	-0.968750
223	-0.953125	-0.976563
224	-0.945313	-0.968750
225	-0.953125	-0.976563
226	-0.937500	-0.968750
227	-0.984375	-0.992188
228	-0.921875	-0.953125
229	-0.953125	-0.976563
230	-0.945313	-0.968750
231	-0.937500	-0.960938
232	-1.000000	-1.000000
233	-0.937500	-0.968750
234	-0.984375	-0.992188
235	-0.937500	-0.968750
236	-0.953125	-0.968750
237	-0.984375	-0.992188
238	-0.890625	-0.945313
239	-0.929688	-0.960938
240	-0.906250	-0.953125
241	-0.914063	-0.914063
242	-0.968750	-0.984375
243	-0.953125	-0.968750
244	-0.914063	-0.945313
245	-0.937500	-0.960938
246	-0.937500	-0.960938
247	-0.984375	-0.992188
248	-0.945313	-0.968750
249	-0.953125	-0.968750
250	-0.937500	-0.968750
251	-0.984375	-0.992188
252	-0.921875	-0.953125
253	-0.968750	-0.984375
254	-0.906250	-0.953125
255	-0.921875	-0.953125
256	-0.953125	-0.976563
257	-0.960938	-0.976563
258	-0.968750	-0.984375
259	-0.921875	-0.953125
260	-1.000000	-1.000000
261	-0.937500	-0.960938
262	-0.953125	-0.976563
263	-0.914063	-0.898438
264	-0.984375	-0.992188
265	-0.882813	-0.921875
266	-0.937500	-0.945313
267	-0.945313	-0.960938
268	-0.953125	-0.976563
269	-0.953125	-0.976563
270	-0.875000	-0.929688
271	-0.984375	-0.992188
272	-0.953125	-0.976563
273	-0.921875	-0.929688
274	-0.906250	-0.937500
275	-0.929688	-0.960938
276	-0.968750	-0.984375
277	-0.960938	-0.976563
278	-0.851563	-0.890625
279	-0.921875	-0.945313
280	-0.929688	-0.960938
281	-1.000000	-1.000000
282	-0.890625	-0.937500
283	-0.953125	-0.976563
284	-0.960938	-0.976563
285	-1.000000	-1.000000
286	-0.984375	-0.992188
287	-0.960938	-0.976563
288	-0.953125	-0.968750
289	-0.890625	-0.937500
290	-0.976563	-0.984375
291	-0.953125	-0.976563
292	-0.921875	-0.945313
293	-0.914063	-0.953125
294	-0.945313	-0.968750
295	-0.968750	-0.984375
296	-0.984375	-0.992188
297	-0.921875	-0.960938
298	-0.898438	-0.929688
299	-0.945313	-0.968750
300	-0.921875	-0.937500
301	-1.000000	-1.000000
302	-0.984375	-0.992188
303	-0.937500	-0.945313
304	-0.937500	-0.968750
305	-0.898438	-0.937500
306	-0.859375	-0.921875
307	-0.968750	-0.984375
308	-0.929688	-0.960938
309	-0.968750	-0.984375
310	-0.945313	-0.968750
311	-0.937500	-0.968750
312	-0.953125	-0.976563
313	-0.984375	-0.992188
314	-0.945313	-0.960938
315	-0.968750	-0.984375
316	-0.937500	-0.960938
317	-0.898438	-0.945313
318	-0.937500	-0.968750
319	-0.867188	-0.914063
320	-1.000000	-1.000000
321	-0.984375	-0.992188
322	-0.984375	-0.992188
323	-0.875000	-0.890625
324	-0.882813	-0.914063
325	-0.945313	-0.968750
326	-0.984375	-0.992188
327	-0.945313	-0.968750
328	-0.937500	-0.968750
329	-0.937500	-0.953125
330	-0.921875	-0.953125
331	-0.937500	-0.968750
332	-0.906250	-0.945313
333	-0.968750	-0.984375
334	-0.968750	-0.984375
335	-0.914063	-0.953125
336	-0.921875	-0.960938
337	-0.914063	-0.953125
338	-0.906250	-0.937500
339	-0.945313	-0.968750
340	-0.851563	-0.914063
341	-0.984375	-0.992188
342	-0.937500	-0.960938
343	-0.953125	-0.968750
344	-0.960938	-0.976563
345	-0.906250	-0.953125
346	-0.929688	-0.953125
347	-0.921875	-0.960938
348	-0.968750	-0.984375
349	-0.984375	-0.992188
350	-0.937500	-0.968750
351	-0.890625	-0.937500
352	-0.960938	-0.976563
353	-0.937500	-0.960938
354	-0.898438	-0.945313
355	-0.914063	-0.953125
356	-0.906250	-0.945313
357	-0.984375	-0.992188
358	-0.984375	-0.992188
359	-0.882813	-0.921875
360	-0.929688	-0.960938
361	-0.945313	-0.953125
362	-0.960938	-0.976563
363	-0.945313	-0.968750
364	-0.984375	-0.992188
365	-0.945313	-0.968750
366	-0.906250	-0.945313
367	-0.953125	-0.976563
368	-0.945313	-0.968750
369	-0.882813	-0.929688
370	-0.968750	-0.984375
371	-0.984375	-0.992188
372	-0.953125	-0.976563
373	-0.921875	-0.960938
374	-0.906250	-0.953125
375	-0.984375	-0.992188
376	-0.945313	-0.968750
377	-0.960938	-0.976563
378	-0.953125	-0.968750
379	-0.929688	-0.960938
380	-0.890625	-0.937500
381	-0.953125	-0.976563
382	-0.960938	-0.976563
383	-0.937500	-0.968750
384	-0.976563	-0.984375
385	-0.898438	-0.937500
386	-0.906250	-0.937500
387	-0.906250	-0.945313
388	-0.968750	-0.984375
389	-0.968750	-0.984375
390	-0.953125	-0.976563
391	-0.929688	-0.960938
392	-0.890625	-0.921875
393	-0.984375	-0.992188
394	-0.882813	-0.929688
395	-0.937500	-0.960938
396	-0.875000	-0.937500
397	-0.937500	-0.968750
398	-0.968750	-0.984375
399	-0.929688	-0.960938
400	-0.914063	-0.945313
401	-0.953125	-0.976563
402	-0.921875	-0.960938
403	-0.968750	-0.984375
404	-0.960938	-0.976563
405	-0.953125	-0.960938
406	-0.953125	-0.968750
407	-0.984375	-0.992188
408	-0.882813	-0.929688
409	-0.960938	-0.976563
410	-0.929688	-0.953125
411	-0.960938	-0.976563
412	-0.859375	-0.906250
413	-0.882813	-0.937500
414	-0.921875	-0.945313
415	-0.921875	-0.960938
416	-0.937500	-0.968750
417	-0.906250	-0.929688
418	-0.984375	-0.992188
419	-0.976563	-0.984375
420	-0.953125	-0.976563
421	-1.000000	-1.000000
422	-0.929688	-0.960938
423	-0.960938	-0.976563
424	-0.945313	-0.968750
425	-0.929688	-0.960938
426	-1.000000	-1.000000
427	-0.968750	-0.984375
428	-0.984375	-0.992188
429	-0.960938	-0.976563
430	-0.960938	-0.976563
431	-0.929688	-0.960938
432	-0.937500	-0.968750
433	-0.984375	-0.992188
434	-0.953125	-0.976563
435	-0.843750	-0.859375
436	-0.968750	-0.984375
437	-0.898438	-0.937500
438	-0.929688	-0.960938
439	-0.914063	-0.945313
440	-0.914063	-0.953125
441	-0.945313	-0.968750
442	-0.960938	-0.960938
443	-0.921875	-0.960938
444	-0.906250	-0.945313
445	-0.937500	-0.968750
446	-0.890625	-0.945313
447	-0.929688	-0.960938
448	-0.968750	-0.984375
449	-0.921875	-0.960938
450	-0.953125	-0.968750
451	-0.953125	-0.976563
452	-0.945313	-0.968750
453	-0.984375	-0.992188
454	-0.929688	-0.960938
455	-0.945313	-0.968750
456	-0.882813	-0.937500
457	-0.960938	-0.976563
458	-0.953125	-0.976563
459	-0.929688	-0.945313
460	-0.929688	-0.960938
461	-0.945313	-0.945313
462	-0.867188	-0.890625
463	-0.968750	-0.984375
464	-0.984375	-0.992188
465	-0.953125	-0.976563
466	-0.984375	-0.992188
467	-0.921875	-0.953125
468	-0.898438	-0.937500
469	-0.945313	-0.968750
470	-0.960938	-0.976563
471	-0.960938	-0.976563
472	-0.921875	-0.960938
473	-0.960938	-0.976563
474	-0.937500	-0.968750
475	-0.984375	-0.992188
476	-0.953125	-0.976563
477	-0.953125	-0.976563
478	-0.914063	-0.953125
479	-0.984375	-0.992188
480	-0.968750	-0.984375
481	-0.929688	-0.960938
482	-0.875000	-0.929688
483	-0.945313	-0.960938
484	-0.953125	-0.976563
485	-0.953125	-0.976563
486	-0.953125	-0.976563
487	-0.898438	-0.945313
488	-0.906250	-0.921875
489	-0.898438	-0.937500
490	-0.960938	-0.976563
491	-0.953125	-0.976563
492	-0.953125	-0.968750
493	-0.882813	-0.929688
494	-0.953125	-0.968750
495	-0.929688	-0.960938
496	-0.984375	-0.992188
497	-0.937500	-0.945313
498	-0.945313	-0.960938
499	-0.984375	-0.992188
500	-0.937500	-0.968750
501	-0.945313	-0.968750
502	-0.968750	-0.984375
503	-0.945313	-0.960938
504	-0.937500	-0.968750
505	-0.882813	-0.921875
506	-0.953125	-0.976563
507	-0.968750	-0.984375
508	-0.906250	-0.945313
509	-0.984375	-0.992188
510	-0.953125	-0.976563
511	-0.906250	-0.945313
512	-0.937500	-0.968750
513	-0.960938	-0.976563
514	-0.843750	-0.906250
515	-1.000000	-1.000000
516	-0.937500	-0.960938
517	-0.945313	-0.968750
518	-0.937500	-0.968750
519	-0.968750	-0.984375
520	-0.929688	-0.960938
521	-0.945313	-0.953125
522	-0.929688	-0.960938
523	-0.953125	-0.976563
524	-0.976563	-0.984375
525	-0.812500	-0.859375
526	-0.890625	-0.914063
527	-0.882813	-0.929688
528	-0.984375	-0.992188
529	-0.960938	-0.976563
530	-0.976563	-0.984375
531	-0.906250	-0.945313
532	-0.976563	-0.984375
533	-0.906250	-0.953125
534	-1.000000	-1.000000
535	-0.937500	-0.968750
536	-0.890625	-0.937500
537	-0.953125	-0.953125
538	-0.953125	-0.976563
539	-0.851563	-0.859375
540	-0.859375	-0.898438
541	-0.953125	-0.976563
542	-0.914063	-0.937500
543	-0.960938	-0.976563
544	-0.984375	-0.992188
545	-0.968750	-0.984375
546	-0.921875	-0.960938
547	-0.921875	-0.953125
548	-0.906250	-0.945313
549	-0.914063	-0.945313
550	-0.937500	-0.960938
551	-0.890625	-0.937500
552	-0.929688	-0.960938
553	-0.859375	-0.914063
554	-0.968750	-0.984375
555	-0.921875	-0.960938
556	-0.976563	-0.984375
557	-0.929688	-0.937500
558	-0.953125	-0.976563
559	-0.984375	-0.992188
560	-0.898438	-0.898438
561	-0.984375	-0.992188
562	-0.890625	-0.929688
563	-0.984375	-0.992188
564	-0.914063	-0.953125
565	-0.929688	-0.953125
566	-0.898438	-0.945313
567	-0.984375	-0.992188
568	-0.929688	-0.960938
569	-0.921875	-0.945313
570	-0.914063	-0.945313
571	-0.890625	-0.929688
572	-0.921875	-0.953125
573	-0.984375	-0.992188
574	-0.921875	-0.953125
575	-0.929688	-0.960938
576	-0.953125	-0.976563
577	-0.929688	-0.960938
578	-0.875000	-0.898438
579	-0.867188	-0.921875
580	-0.953125	-0.976563
581	-0.984375	-0.992188
582	-0.898438	-0.929688
583	-0.945313	-0.968750
584	-0.921875	-0.945313
585	-0.921875	-0.960938
586	-0.968750	-0.984375
587	-0.968750	-0.984375
588	-0.968750	-0.984375
589	-0.906250	-0.945313
590	-0.953125	-0.968750
591	-0.937500	-0.968750
592	-1.000000	-1.000000
593	-0.984375	-0.992188
594	-0.929688	-0.960938
595	-0.937500	-0.968750
596	-0.945313	-0.960938
597	-0.937500	-0.968750
598	-0.953125	-0.976563
599	-1.000000	-1.000000
600	-0.960938	-0.976563
601	-0.890625	-0.929688
602	-0.953125	-0.976563
603	-0.906250	-0.945313
604	-0.984375	-0.992188
605	-0.968750	-0.984375
606	-0.984375	-0.992188
607	-0.937500	-0.960938
608	-0.929688	-0.953125
609	-0.929688	-0.960938
610	-0.945313	-0.968750
611	-0.921875	-0.960938
612	-0.914063	-0.953125
613	-0.906250	-0.945313
614	-0.984375	-0.992188
615	-0.945313	-0.968750
616	-0.953125	-0.968750
617	-0.968750	-0.984375
618	-0.953125	-0.968750
619	-1.000000	-1.000000
620	-0.953125	-0.976563
621	-0.937500	-0.968750
622	-0.960938	-0.976563
623	-0.968750	-0.984375
624	-0.914063	-0.945313
625	-0.984375	-0.992188
626	-0.953125	-0.976563
627	-0.914063	-0.921875
628	-0.953125	-0.976563
629	-0.945313	-0.968750
630	-0.960938	-0.976563
631	-0.984375	-0.992188
632	-0.890625	-0.906250
633	-0.984375	-0.992188
634	-0.945313	-0.968750
635	-0.953125	-0.976563
636	-0.984375	-0.992188
637	-0.968750	-0.984375
638	-0.921875	-0.960938
639	-0.953125	-0.976563
640	-0.929688	-0.960938
641	-0.953125	-0.976563
642	-0.921875	-0.945313
643	-0.953125	-0.976563
644	-0.953125	-0.976563
645	-0.921875	-0.953125
646	-0.968750	-0.984375
647	-0.929688	-0.960938
648	-0.968750	-0.984375
649	-0.929688	-0.960938
650	-0.984375	-0.992188
651	-0.914063	-0.953125
652	-0.968750	-0.984375
653	-0.929688	-0.960938
654	-0.898438	-0.921875
655	-0.953125	-0.976563
656	-0.867188	-0.906250
657	-0.937500	-0.960938
658	-0.953125	-0.976563
659	-0.921875	-0.937500
660	-0.867188	-0.921875
661	-0.968750	-0.984375
662	-0.984375	-0.992188
663	-0.937500	-0.968750
664	-0.898438	-0.937500
665	-0.921875	-0.960938
666	-0.937500	-0.968750
667	-0.898438	-0.945313
668	-0.945313	-0.968750
669	-0.906250	-0.953125
670	-0.953125	-0.968750
671	-0.968750	-0.984375
672	-0.953125	-0.976563
673	-0.968750	-0.984375
674	-0.976563	-0.984375
675	-0.968750	-0.976563
676	-0.875000	-0.921875
677	-0.882813	-0.937500
678	-0.906250	-0.945313
679	-0.914063	-0.953125
680	-0.976563	-0.984375
681	-0.953125	-0.976563
682	-0.953125	-0.976563
683	-0.968750	-0.984375
684	-0.945313	-0.968750
685	-0.953125	-0.976563
686	-1.000000	-1.000000
687	-0.890625	-0.937500
688	-0.851563	-0.921875
689	-0.914063	-0.937500
690	-0.890625	-0.937500
691	-0.937500	-0.968750
692	-0.937500	-0.968750
693	-0.921875	-0.937500
694	-0.898438	-0.921875
695	-0.937500	-0.968750
696	-0.906250	-0.945313
697	-0.968750	-0.984375
698	-0.953125	-0.976563
699	-0.953125	-0.976563
700	-0.984375	-0.992188
701	-0.929688	-0.953125
702	-0.929688	-0.960938
703	-0.984375	-0.992188
704	-0.937500	-0.945313
705	-0.882813	-0.914063
706	-0.968750	-0.984375
707	-0.906250	-0.945313
708	-1.000000	-1.000000
709	-0.937500	-0.968750
710	-0.960938	-0.976563
711	-0.945313	-0.968750
712	-0.953125	-0.976563
713	-0.960938	-0.976563
714	-0.945313	-0.968750
715	-0.937500	-0.968750
716	-0.945313	-0.968750
717	-0.906250	-0.945313
718	-0.937500	-0.968750
719	-0.953125	-0.976563
720	-0.921875	-0.953125
721	-0.953125	-0.976563
722	-0.937500	-0.968750
723	-0.937500	-0.960938
724	-1.000000	-1.000000
725	-0.968750	-0.984375
726	-0.953125	-0.976563
727	-0.937500	-0.968750
728	-0.953125	-0.976563
729	-0.984375	-0.992188
730	-0.875000	-0.914063
731	-0.968750	-0.984375
732	-0.968750	-0.984375
733	-0.968750	-0.984375
734	-0.937500	-0.953125
735	-0.875000	-0.929688
736	-0.968750	-0.984375
737	-0.914063	-0.953125
738	-0.945313	-0.968750
739	-0.968750	-0.984375
740	-0.843750	-0.921875
741	-0.890625	-0.937500
742	-0.914063	-0.953125
743	-0.968750	-0.984375
744	-0.914063	-0.953125
745	-0.921875	-0.960938
746	-0.945313	-0.968750
747	-0.953125	-0.976563
748	-0.960938	-0.976563
749	-0.953125	-0.976563
750	-0.968750	-0.984375
751	-0.984375	-0.992188
752	-0.929688	-0.953125
753	-0.921875	-0.960938
754	-0.906250	-0.914063
755	-0.984375	-0.992188
756	-0.914063	-0.953125
757	-0.937500	-0.968750
758	-0.937500	-0.968750
759	-0.968750	-0.984375
760	-0.937500	-0.960938
761	-0.953125	-0.976563
762	-0.914063	-0.953125
763	-0.906250	-0.929688
764	-0.906250	-0.945313
765	-0.937500	-0.968750
766	-0.945313	-0.968750
767	-0.867188	-0.921875
768	-0.945313	-0.968750
769	-0.929688	-0.945313
770	-0.906250	-0.929688
771	-0.945313	-0.968750
772	-0.953125	-0.976563
773	-0.882813	-0.921875
774	-0.890625	-0.921875
775	-0.875000	-0.937500
776	-1.000000	-1.000000
777	-0.929688	-0.953125
778	-0.937500	-0.968750
779	-0.945313	-0.968750
780	-0.968750	-0.984375
781	-0.929688	-0.960938
782	-0.937500	-0.968750
783	-0.968750	-0.984375
784	-0.953125	-0.976563
785	-0.945313	-0.953125
786	-0.984375	-0.992188
787	-0.859375	-0.914063
788	-0.890625	-0.937500
789	-1.000000	-1.000000
790	-0.953125	-0.976563
791	-0.921875	-0.953125
792	-0.953125	-0.976563
793	-0.984375	-0.992188
794	-0.937500	-0.960938
795	-0.968750	-0.984375
796	-0.968750	-0.984375
797	-0.914063	-0.953125
798	-0.921875	-0.960938
799	-0.937500	-0.968750
800	-0.929688	-0.960938
801	-0.945313	-0.968750
802	-0.929688	-0.960938
803	-1.000000	-1.000000
804	-1.000000	-1.000000
805	-0.953125	-0.976563
806	-0.968750	-0.984375
807	-0.937500	-0.968750
808	-0.960938	-0.976563
809	-0.960938	-0.976563
810	-0.914063	-0.953125
811	-0.953125	-0.976563
812	-0.906250	-0.945313
813	-0.867188	-0.921875
814	-0.929688	-0.960938
815	-0.953125	-0.976563
816	-0.968750	-0.984375
817	-0.906250	-0.953125
818	-0.960938	-0.976563
819	-0.945313	-0.968750
820	-0.953125	-0.976563
821	-0.898438	-0.937500
822	-0.953125	-0.976563
823	-0.937500	-0.960938
824	-0.968750	-0.984375
825	-0.968750	-0.976563
826	-0.898438	-0.906250
827	-0.953125	-0.976563
828	-0.921875	-0.953125
829	-0.953125	-0.976563
830	-0.929688	-0.960938
831	-0.867188	-0.906250
832	-0.976563	-0.984375
833	-0.937500	-0.968750
834	-0.945313	-0.968750
835	-0.921875	-0.945313
836	-0.968750	-0.984375
837	-0.968750	-0.984375
838	-0.914063	-0.953125
839	-0.937500	-0.968750
840	-0.929688	-0.960938
841	-0.976563	-0.984375
842	-0.945313	-0.968750
843	-1.000000	-1.000000
844	-0.929688	-0.960938
845	-0.914063	-0.945313
846	-0.968750	-0.984375
847	-0.859375	-0.914063
848	-0.914063	-0.953125
849	-0.984375	-0.992188
850	-0.953125	-0.976563
851	-0.953125	-0.976563
852	-1.000000	-1.000000
853	-0.914063	-0.945313
854	-0.929688	-0.960938
855	-0.984375	-0.992188
856	-0.875000	-0.914063
857	-0.968750	-0.984375
858	-0.953125	-0.976563
859	-0.906250	-0.945313
860	-0.906250	-0.953125
861	-0.968750	-0.984375
862	-0.906250	-0.882813
863	-0.984375	-0.992188
864	-0.937500	-0.968750
865	-0.968750	-0.984375
866	-0.968750	-0.984375
867	-0.960938	-0.976563
868	-0.968750	-0.984375
869	-0.968750	-0.984375
870	-0.929688	-0.960938
871	-0.921875	-0.960938
872	-0.937500	-0.960938
873	-0.921875	-0.945313
874	-0.890625	-0.945313
875	-0.914063	-0.953125
876	-0.929688	-0.960938
877	-0.984375	-0.992188
878	-0.984375	-0.992188
879	-0.953125	-0.976563
880	-0.937500	-0.968750
881	-0.945313	-0.968750
882	-0.968750	-0.984375
883	-0.882813	-0.921875
884	-0.953125	-0.976563
885	-0.945313	-0.968750
886	-0.921875	-0.960938
887	-0.945313	-0.968750
888	-0.953125	-0.976563
889	-0.968750	-0.984375
890	-0.968750	-0.984375
891	-0.968750	-0.984375
892	-0.953125	-0.976563
893	-0.898438	-0.945313
894	-0.867188	-0.921875
895	-0.984375	-0.992188
896	-0.968750	-0.984375
897	-0.914063	-0.953125
898	-0.953125	-0.960938
899	-0.937500	-0.960938
900	-0.945313	-0.968750
901	-0.945313	-0.968750
902	-0.945313	-0.968750
903	-0.937500	-0.968750
904	-0.937500	-0.968750
905	-0.945313	-0.953125
906	-0.914063	-0.953125
907	-0.937500	-0.960938
908	-0.937500	-0.968750
909	-0.914063	-0.945313
910	-0.945313	-0.968750
911	-0.890625	-0.937500
912	-0.906250	-0.953125
913	-0.929688	-0.960938
914	-0.968750	-0.984375
915	-0.914063	-0.953125
916	-0.906250	-0.945313
917	-0.929688	-0.953125
918	-0.929688	-0.960938
919	-0.953125	-0.976563
920	-0.906250	-0.929688
921	-0.921875	-0.953125
922	-0.953125	-0.976563
923	-0.984375	-0.992188
924	-0.968750	-0.984375
925	-0.906250	-0.945313
926	-0.984375	-0.992188
927	-0.929688	-0.960938
928	-0.953125	-0.976563
929	-0.906250	-0.953125
930	-0.960938	-0.976563
931	-0.968750	-0.984375
932	-0.968750	-0.984375
933	-0.976563	-0.984375
934	-0.953125	-0.976563
935	-0.968750	-0.984375
936	-0.929688	-0.960938
937	-0.953125	-0.976563
938	-0.960938	-0.976563
939	-0.960938	-0.976563
940	-0.937500	-0.960938
941	-0.890625	-0.945313
942	-0.984375	-0.992188
943	-0.906250	-0.945313
944	-0.914063	-0.937500
945	-0.937500	-0.968750
946	-0.898438	-0.921875
947	-0.945313	-0.968750
948	-0.898438	-0.914063
949	-0.984375	-0.992188
950	-0.890625	-0.937500
951	-0.882813	-0.882813
952	-0.914063	-0.953125
953	-0.914063	-0.945313
954	-1.000000	-1.000000
955	-0.984375	-0.992188
956	-0.921875	-0.945313
957	-0.984375	-0.992188
958	-0.914063	-0.953125
959	-0.906250	-0.945313
960	-0.984375	-0.992188
961	-0.906250	-0.953125
962	-0.968750	-0.984375
963	-0.968750	-0.984375
964	-0.898438	-0.945313
965	-0.898438	-0.945313
966	-0.953125	-0.976563
967	-0.929688	-0.960938
968	-0.882813	-0.929688
969	-0.914063	-0.953125
970	-0.921875	-0.960938
971	-0.937500	-0.968750
972	-0.937500	-0.968750
973	-0.945313	-0.960938
974	-0.937500	-0.968750
975	-0.890625	-0.937500
976	-0.953125	-0.976563
977	-0.929688	-0.953125
978	-0.953125	-0.976563
979	-0.953125	-0.976563
980	-0.960938	-0.976563
981	-0.953125	-0.976563
982	-0.968750	-0.984375
983	-0.929688	-0.960938
984	-0.937500	-0.960938
985	-0.953125	-0.976563
986	-0.953125	-0.960938
987	-0.851563	-0.859375
988	-0.937500	-0.968750
989	-0.937500	-0.968750
990	-0.921875	-0.953125
991	-0.945313	-0.960938
992	-0.960938	-0.976563
993	-0.898438	-0.937500
994	-0.890625	-0.929688
995	-0.945313	-0.968750
996	-0.921875	-0.945313
997	-0.945313	-0.968750
998	-0.937500	-0.968750
999	-0.937500	-0.968750
