0	-0.968750	-0.984375
1	-0.914063	-0.914063
2	-0.921875	-0.953125
3	-0.984375	-0.992188
4	-0.945313	-0.960938
5	-1.000000	-1.000000
6	-0.953125	-0.976563
7	-0.976563	-0.984375
8	-0.937500	-0.968750
9	-0.929688	-0.953125
10	-1.000000	-1.000000
11	-1.000000	-1.000000
12	-0.906250	-0.953125
13	-0.968750	-0.984375
14	-0.953125	-0.976563
15	-0.937500	-0.968750
16	-0.968750	-0.984375
17	-0.968750	-0.984375
18	-0.921875	-0.945313
19	-0.953125	-0.976563
20	-0.953125	-0.976563
21	-0.968750	-0.984375
22	-0.984375	-0.992188
23	-0.968750	-0.984375
24	-0.984375	-0.992188
25	-1.000000	-1.000000
26	-0.968750	-0.984375
27	-0.984375	-0.992188
28	-0.968750	-0.984375
29	-1.000000	-1.000000
30	-1.000000	-1.000000
31	-0.937500	-0.968750
32	-0.968750	-0.984375
33	-0.984375	-0.992188
34	-1.000000	-1.000000
35	-0.929688	-0.960938
36	-0.984375	-0.992188
37	-0.968750	-0.984375
38	-1.000000	-1.000000
39	-0.953125	-0.968750
40	-0.976563	-0.984375
41	-0.937500	-0.960938
42	-0.984375	-0.992188
43	-1.000000	-1.000000
44	-0.921875	-0.960938
45	-0.953125	-0.976563
46	-1.000000	-1.000000
47	-0.953125	-0.976563
48	-1.000000	-1.000000
49	-0.953125	-0.960938
50	-0.953125	-0.968750
51	-0.968750	-0.984375
52	-0.960938	-0.960938
53	-0.984375	-0.992188
54	-0.984375	-0.992188
55	-0.984375	-0.992188
56	-0.929688	-0.960938
57	-0.976563	-0.984375
58	-1.000000	-1.000000
59	-0.984375	-0.992188
60	-0.937500	-0.960938
61	-1.000000	-1.000000
62	-0.953125	-0.976563
63	-0.984375	-0.992188
64	-0.929688	-0.937500
65	-1.000000	-1.000000
66	-0.960938	-0.976563
67	-0.984375	-0.992188
68	-0.984375	-0.992188
69	-1.000000	-1.000000
70	-0.937500	-0.960938
71	-0.953125	-0.976563
72	-0.968750	-0.984375
73	-0.937500	-0.960938
74	-0.968750	-0.984375
75	-0.906250	-0.921875
76	-0.968750	-0.984375
77	-0.984375	-0.992188
78	-1.000000	-1.000000
79	-0.976563	-0.984375
80	-0.968750	-0.984375
81	-1.000000	-1.000000
82	-0.976563	-0.984375
83	-0.984375	-0.992188
84	-0.968750	-0.984375
85	-0.929688	-0.960938
86	-0.953125	-0.976563
87	-0.976563	-0.984375
88	-0.960938	-0.968750
89	-0.953125	-0.976563
90	-1.000000	-1.000000
91	-0.929688	-0.960938
92	-0.929688	-0.960938
93	-0.945313	-0.968750
94	-0.945313	-0.960938
95	-0.968750	-0.984375
96	-1.000000	-1.000000
97	-0.960938	-0.976563
98	-0.960938	-0.976563
99	-0.929688	-0.960938
100	-0.968750	-0.984375
101	-0.984375	-0.992188
102	-0.984375	-0.992188
103	-0.953125	-0.976563
104	-1.000000	-1.000000
105	-0.953125	-0.976563
106	-0.953125	-0.976563
107	-0.984375	-0.992188
108	-0.953125	-0.976563
109	-0.984375	-0.992188
110	-0.984375	-0.992188
111	-1.000000	-1.000000
112	-0.984375	-0.992188
113	-1.000000	-1.000000
114	-0.968750	-0.984375
115	-0.906250	-0.945313
116	-0.968750	-0.984375
117	-0.984375	-0.992188
118	-0.929688	-0.960938
119	-0.945313	-0.968750
120	-0.984375	-0.992188
121	-0.976563	-0.984375
122	-0.984375	-0.992188
123	-0.953125	-0.976563
124	-0.984375	-0.992188
125	-0.984375	-0.992188
126	-0.968750	-0.984375
127	-1.000000	-1.000000
128	-0.929688	-0.960938
129	-0.929688	-0.953125
130	-1.000000	-1.000000
131	-0.968750	-0.984375
132	-0.984375	-0.992188
133	-0.960938	-0.976563
134	-0.976563	-0.984375
135	-0.984375	-0.992188
136	-0.960938	-0.960938
137	-0.968750	-0.984375
138	-1.000000	-1.000000
139	-0.968750	-0.984375
140	-0.984375	-0.992188
141	-0.960938	-0.976563
142	-0.953125	-0.976563
143	-0.968750	-0.984375
144	-1.000000	-1.000000
145	-0.968750	-0.984375
146	-0.984375	-0.992188
147	-0.921875	-0.953125
148	-1.000000	-1.000000
149	-0.937500	-0.968750
150	-0.984375	-0.992188
151	-0.984375	-0.992188
152	-0.921875	-0.953125
153	-0.968750	-0.984375
154	-0.984375	-0.992188
155	-0.984375	-0.992188
156	-0.984375	-0.992188
157	-0.945313	-0.968750
158	-0.921875	-0.945313
159	-0.960938	-0.976563
160	-1.000000	-1.000000
161	-0.945313	-0.968750
162	-1.000000	-1.000000
163	-0.984375	-0.992188
164	-0.953125	-0.976563
165	-0.960938	-0.976563
166	-0.984375	-0.992188
167	-0.984375	-0.992188
168	-1.000000	-1.000000
169	-0.968750	-0.976563
170	-1.000000	-1.000000
171	-0.984375	-0.992188
172	-0.929688	-0.953125
173	-0.960938	-0.976563
174	-0.984375	-0.992188
175	-1.000000	-1.000000
176	-0.968750	-0.984375
177	-1.000000	-1.000000
178	-1.000000	-1.000000
179	-0.953125	-0.976563
180	-0.984375	-0.992188
181	-0.953125	-0.976563
182	-0.984375	-0.992188
183	-0.937500	-0.968750
184	-1.000000	-1.000000
185	-0.976563	-0.984375
186	-0.937500	-0.968750
187	-1.000000	-1.000000
188	-1.000000	-1.000000
189	-0.984375	-0.992188
190	-0.984375	-0.992188
191	-0.960938	-0.976563
192	-0.953125	-0.976563
193	-1.000000	-1.000000
194	-1.000000	-1.000000
195	-1.000000	-1.000000
196	-0.984375	-0.992188
197	-0.968750	-0.984375
198	-0.953125	-0.976563
199	-1.000000	-1.000000
200	-0.976563	-0.984375
201	-0.937500	-0.968750
202	-0.984375	-0.992188
203	-0.937500	-0.968750
204	-0.914063	-0.937500
205	-0.953125	-0.976563
206	-0.968750	-0.984375
207	-0.953125	-0.960938
208	-0.984375	-0.992188
209	-0.984375	-0.992188
210	-1.000000	-1.000000
211	-0.953125	-0.976563
212	-0.984375	-0.992188
213	-0.984375	-0.992188
214	-0.976563	-0.984375
215	-1.000000	-1.000000
216	-0.984375	-0.992188
217	-0.914063	-0.953125
218	-0.945313	-0.968750
219	-0.984375	-0.992188
220	-0.984375	-0.992188
221	-0.976563	-0.984375
222	-0.953125	-0.976563
223	-0.984375	-0.992188
224	-0.984375	-0.992188
225	-0.968750	-0.984375
226	-0.984375	-0.992188
227	-0.984375	-0.992188
228	-0.937500	-0.968750
229	-0.968750	-0.984375
230	-0.953125	-0.968750
231	-1.000000	-1.000000
232	-0.968750	-0.984375
233	-0.953125	-0.976563
234	-0.953125	-0.976563
235	-0.984375	-0.992188
236	-0.945313	-0.960938
237	-0.984375	-0.992188
238	-0.976563	-0.984375
239	-0.984375	-0.992188
240	-0.968750	-0.976563
241	-0.968750	-0.984375
242	-0.945313	-0.968750
243	-0.984375	-0.992188
244	-0.984375	-0.992188
245	-1.000000	-1.000000
246	-0.984375	-0.992188
247	-1.000000	-1.000000
248	-0.953125	-0.976563
249	-1.000000	-1.000000
250	-0.953125	-0.976563
251	-0.984375	-0.992188
252	-0.984375	-0.992188
253	-0.921875	-0.953125
254	-0.984375	-0.992188
255	-0.953125	-0.976563
256	-1.000000	-1.000000
257	-0.953125	-0.968750
258	-1.000000	-1.000000
259	-1.000000	-1.000000
260	-0.968750	-0.984375
261	-1.000000	-1.000000
262	-0.960938	-0.976563
263	-0.968750	-0.984375
264	-0.968750	-0.984375
265	-0.968750	-0.984375
266	-0.953125	-0.976563
267	-0.984375	-0.992188
268	-0.984375	-0.992188
269	-0.984375	-0.992188
270	-0.984375	-0.992188
271	-0.898438	-0.945313
272	-0.984375	-0.992188
273	-0.953125	-0.976563
274	-0.937500	-0.953125
275	-0.945313	-0.968750
276	-1.000000	-1.000000
277	-1.000000	-1.000000
278	-0.968750	-0.984375
279	-0.953125	-0.976563
280	-0.984375	-0.992188
281	-0.968750	-0.984375
282	-0.984375	-0.992188
283	-0.960938	-0.976563
284	-0.953125	-0.968750
285	-0.953125	-0.976563
286	-0.968750	-0.984375
287	-1.000000	-1.000000
288	-1.000000	-1.000000
289	-0.953125	-0.976563
290	-0.968750	-0.984375
291	-0.968750	-0.984375
292	-0.953125	-0.976563
293	-1.000000	-1.000000
294	-0.898438	-0.945313
295	-0.968750	-0.984375
296	-0.953125	-0.968750
297	-0.921875	-0.960938
298	-0.968750	-0.984375
299	-1.000000	-1.000000
300	-0.968750	-0.984375
301	-0.984375	-0.992188
302	-0.945313	-0.968750
303	-0.945313	-0.968750
304	-0.968750	-0.984375
305	-0.968750	-0.984375
306	-1.000000	-1.000000
307	-0.929688	-0.960938
308	-0.984375	-0.992188
309	-1.000000	-1.000000
310	-0.984375	-0.992188
311	-0.984375	-0.992188
312	-1.000000	-1.000000
313	-0.968750	-0.984375
314	-0.976563	-0.984375
315	-1.000000	-1.000000
316	-0.968750	-0.984375
317	-0.953125	-0.976563
318	-0.984375	-0.992188
319	-0.968750	-0.984375
320	-0.984375	-0.992188
321	-0.968750	-0.984375
322	-0.929688	-0.960938
323	-0.984375	-0.992188
324	-0.937500	-0.968750
325	-0.953125	-0.976563
326	-0.968750	-0.984375
327	-0.960938	-0.976563
328	-1.000000	-1.000000
329	-0.937500	-0.968750
330	-0.953125	-0.976563
331	-1.000000	-1.000000
332	-0.937500	-0.960938
333	-0.953125	-0.968750
334	-0.968750	-0.984375
335	-0.929688	-0.960938
336	-0.898438	-0.937500
337	-1.000000	-1.000000
338	-0.953125	-0.976563
339	-0.984375	-0.992188
340	-1.000000	-1.000000
341	-0.953125	-0.976563
342	-0.984375	-0.992188
343	-0.976563	-0.984375
344	-1.000000	-1.000000
345	-0.914063	-0.953125
346	-0.968750	-0.984375
347	-0.968750	-0.984375
348	-1.000000	-1.000000
349	-0.937500	-0.968750
350	-0.968750	-0.984375
351	-0.984375	-0.992188
352	-0.937500	-0.945313
353	-0.984375	-0.992188
354	-0.984375	-0.992188
355	-0.921875	-0.960938
356	-0.968750	-0.984375
357	-0.945313	-0.953125
358	-0.953125	-0.976563
359	-1.000000	-1.000000
360	-0.960938	-0.976563
361	-0.984375	-0.992188
362	-1.000000	-1.000000
363	-0.984375	-0.992188
364	-0.968750	-0.984375
365	-0.984375	-0.992188
366	-0.968750	-0.968750
367	-0.984375	-0.992188
368	-1.000000	-1.000000
369	-0.984375	-0.992188
370	-1.000000	-1.000000
371	-0.945313	-0.968750
372	-0.984375	-0.992188
373	-1.000000	-1.000000
374	-1.000000	-1.000000
375	-0.953125	-0.968750
376	-0.960938	-0.976563
377	-0.976563	-0.984375
378	-0.945313	-0.960938
379	-0.937500	-0.960938
380	-0.968750	-0.976563
381	-0.968750	-0.984375
382	-0.960938	-0.976563
383	-1.000000	-1.000000
384	-0.984375	-0.992188
385	-0.945313	-0.968750
386	-0.984375	-0.992188
387	-0.953125	-0.976563
388	-0.960938	-0.976563
389	-0.953125	-0.976563
390	-0.984375	-0.992188
391	-0.984375	-0.992188
392	-0.953125	-0.976563
393	-1.000000	-1.000000
394	-0.976563	-0.984375
395	-0.984375	-0.992188
396	-0.929688	-0.960938
397	-0.984375	-0.992188
398	-0.875000	-0.921875
399	-0.953125	-0.976563
400	-0.984375	-0.992188
401	-0.960938	-0.976563
402	-0.937500	-0.960938
403	-0.968750	-0.984375
404	-0.929688	-0.960938
405	-0.984375	-0.992188
406	-0.968750	-0.984375
407	-0.968750	-0.984375
408	-0.968750	-0.984375
409	-0.984375	-0.992188
410	-0.984375	-0.992188
411	-0.968750	-0.984375
412	-0.984375	-0.992188
413	-0.984375	-0.992188
414	-0.960938	-0.976563
415	-0.960938	-0.976563
416	-1.000000	-1.000000
417	-0.937500	-0.968750
418	-0.976563	-0.984375
419	-0.960938	-0.976563
420	-0.945313	-0.960938
421	-0.968750	-0.984375
422	-1.000000	-1.000000
423	-0.984375	-0.992188
424	-0.968750	-0.984375
425	-0.914063	-0.953125
426	-0.968750	-0.984375
427	-1.000000	-1.000000
428	-0.984375	-0.992188
429	-0.984375	-0.992188
430	-0.937500	-0.953125
431	-1.000000	-1.000000
432	-0.984375	-0.992188
433	-0.984375	-0.992188
434	-0.960938	-0.976563
435	-0.984375	-0.992188
436	-0.976563	-0.984375
437	-0.937500	-0.960938
438	-1.000000	-1.000000
439	-0.921875	-0.953125
440	-0.968750	-0.984375
441	-0.976563	-0.984375
442	-0.968750	-0.984375
443	-0.945313	-0.968750
444	-0.937500	-0.960938
445	-1.000000	-1.000000
446	-0.984375	-0.992188
447	-0.945313	-0.968750
448	-1.000000	-1.000000
449	-1.000000	-1.000000
450	-0.984375	-0.992188
451	-0.968750	-0.984375
452	-1.000000	-1.000000
453	-1.000000	-1.000000
454	-0.984375	-0.992188
455	-0.984375	-0.992188
456	-0.960938	-0.976563
457	-0.984375	-0.992188
458	-0.945313	-0.968750
459	-0.960938	-0.976563
460	-0.937500	-0.968750
461	-0.984375	-0.992188
462	-0.953125	-0.976563
463	-0.968750	-0.968750
464	-0.984375	-0.992188
465	-0.960938	-0.976563
466	-0.976563	-0.984375
467	-0.968750	-0.984375
468	-0.984375	-0.992188
469	-0.968750	-0.984375
470	-0.968750	-0.984375
471	-0.968750	-0.984375
472	-1.000000	-1.000000
473	-0.945313	-0.968750
474	-0.984375	-0.992188
475	-0.968750	-0.984375
476	-0.968750	-0.984375
477	-1.000000	-1.000000
478	-1.000000	-1.000000
479	-0.984375	-0.992188
480	-0.984375	-0.992188
481	-1.000000	-1.000000
482	-0.945313	-0.968750
483	-0.953125	-0.976563
484	-0.968750	-0.984375
485	-0.984375	-0.992188
486	-0.968750	-0.984375
487	-0.968750	-0.984375
488	-0.984375	-0.992188
489	-0.984375	-0.992188
490	-0.937500	-0.960938
491	-0.960938	-0.976563
492	-0.953125	-0.976563
493	-0.945313	-0.968750
494	-0.968750	-0.984375
495	-0.984375	-0.992188
496	-0.937500	-0.960938
497	-0.945313	-0.968750
498	-0.984375	-0.992188
499	-0.976563	-0.984375
500	-0.968750	-0.984375
501	-0.953125	-0.976563
502	-1.000000	-1.000000
503	-0.984375	-0.992188
504	-1.000000	-1.000000
505	-0.953125	-0.968750
506	-0.937500	-0.968750
507	-0.968750	-0.984375
508	-0.953125	-0.976563
509	-1.000000	-1.000000
510	-0.984375	-0.992188
511	-0.937500	-0.968750
512	-0.945313	-0.968750
513	-0.929688	-0.960938
514	-0.921875	-0.953125
515	-0.953125	-0.976563
516	-1.000000	-1.000000
517	-0.968750	-0.984375
518	-0.914063	-0.953125
519	-0.968750	-0.984375
520	-0.984375	-0.992188
521	-0.976563	-0.984375
522	-0.968750	-0.984375
523	-0.960938	-0.976563
524	-0.984375	-0.992188
525	-0.984375	-0.992188
526	-0.984375	-0.992188
527	-0.984375	-0.992188
528	-0.968750	-0.984375
529	-0.984375	-0.992188
530	-0.984375	-0.992188
531	-1.000000	-1.000000
532	-0.960938	-0.976563
533	-0.937500	-0.960938
534	-0.953125	-0.976563
535	-0.976563	-0.984375
536	-0.953125	-0.976563
537	-0.968750	-0.984375
538	-0.953125	-0.968750
539	-0.984375	-0.992188
540	-0.984375	-0.992188
541	-1.000000	-1.000000
542	-0.984375	-0.992188
543	-0.984375	-0.992188
544	-0.953125	-0.976563
545	-0.953125	-0.976563
546	-0.953125	-0.976563
547	-0.984375	-0.992188
548	-0.968750	-0.984375
549	-0.968750	-0.984375
550	-0.968750	-0.984375
551	-0.953125	-0.976563
552	-0.945313	-0.953125
553	-0.976563	-0.984375
554	-1.000000	-1.000000
555	-0.984375	-0.992188
556	-0.984375	-0.992188
557	-0.984375	-0.992188
558	-1.000000	-1.000000
559	-0.984375	-0.992188
560	-0.984375	-0.992188
561	-0.984375	-0.992188
562	-1.000000	-1.000000
563	-0.968750	-0.984375
564	-0.984375	-0.992188
565	-0.968750	-0.984375
566	-0.960938	-0.976563
567	-1.000000	-1.000000
568	-0.968750	-0.976563
569	-1.000000	-1.000000
570	-0.945313	-0.968750
571	-0.984375	-0.992188
572	-0.960938	-0.976563
573	-1.000000	-1.000000
574	-0.968750	-0.984375
575	-0.968750	-0.984375
576	-0.953125	-0.976563
577	-0.953125	-0.976563
578	-0.984375	-0.992188
579	-0.968750	-0.984375
580	-0.960938	-0.960938
581	-0.984375	-0.992188
582	-0.984375	-0.992188
583	-0.968750	-0.984375
584	-0.960938	-0.976563
585	-0.984375	-0.992188
586	-1.000000	-1.000000
587	-0.984375	-0.992188
588	-1.000000	-1.000000
589	-0.984375	-0.992188
590	-0.984375	-0.992188
591	-0.968750	-0.984375
592	-0.984375	-0.992188
593	-0.937500	-0.968750
594	-0.968750	-0.968750
595	-1.000000	-1.000000
596	-0.968750	-0.984375
597	-0.968750	-0.984375
598	-0.984375	-0.992188
599	-0.960938	-0.976563
600	-0.882813	-0.937500
601	-1.000000	-1.000000
602	-1.000000	-1.000000
603	-0.984375	-0.992188
604	-0.937500	-0.968750
605	-0.929688	-0.960938
606	-1.000000	-1.000000
607	-0.953125	-0.976563
608	-0.976563	-0.984375
609	-1.000000	-1.000000
610	-0.968750	-0.984375
611	-1.000000	-1.000000
612	-0.960938	-0.976563
613	-0.921875	-0.960938
614	-0.984375	-0.992188
615	-0.984375	-0.992188
616	-1.000000	-1.000000
617	-0.921875	-0.953125
618	-0.968750	-0.984375
619	-0.984375	-0.992188
620	-1.000000	-1.000000
621	-0.968750	-0.984375
622	-0.968750	-0.984375
623	-0.953125	-0.976563
624	-0.984375	-0.992188
625	-1.000000	-1.000000
626	-0.953125	-0.976563
627	-0.968750	-0.984375
628	-0.968750	-0.984375
629	-0.968750	-0.968750
630	-0.953125	-0.976563
631	-0.945313	-0.960938
632	-0.984375	-0.992188
633	-1.000000	-1.000000
634	-0.968750	-0.984375
635	-0.937500	-0.968750
636	-1.000000	-1.000000
637	-0.937500	-0.960938
638	-1.000000	-1.000000
639	-0.968750	-0.984375
640	-0.968750	-0.984375
641	-0.968750	-0.984375
642	-0.976563	-0.984375
643	-0.984375	-0.992188
644	-0.953125	-0.976563
645	-0.953125	-0.976563
646	-1.000000	-1.000000
647	-0.968750	-0.984375
648	-0.898438	-0.945313
649	-0.953125	-0.976563
650	-1.000000	-1.000000
651	-0.984375	-0.992188
652	-0.984375	-0.992188
653	-1.000000	-1.000000
654	-0.960938	-0.976563
655	-0.929688	-0.960938
656	-0.953125	-0.976563
657	-0.968750	-0.984375
658	-0.968750	-0.984375
659	-0.937500	-0.968750
660	-0.984375	-0.992188
661	-1.000000	-1.000000
662	-0.906250	-0.937500
663	-0.984375	-0.992188
664	-0.953125	-0.976563
665	-0.953125	-0.968750
666	-0.968750	-0.984375
667	-1.000000	-1.000000
668	-0.968750	-0.976563
669	-0.984375	-0.992188
670	-0.968750	-0.984375
671	-1.000000	-1.000000
672	-0.968750	-0.984375
673	-0.968750	-0.984375
674	-0.960938	-0.976563
675	-0.984375	-0.992188
676	-0.953125	-0.976563
677	-0.960938	-0.976563
678	-0.960938	-0.976563
679	-1.000000	-1.000000
680	-0.984375	-0.992188
681	-0.898438	-0.929688
682	-0.984375	-0.992188
683	-1.000000	-1.000000
684	-0.945313	-0.968750
685	-0.976563	-0.984375
686	-1.000000	-1.000000
687	-0.929688	-0.960938
688	-0.968750	-0.984375
689	-0.960938	-0.976563
690	-0.960938	-0.976563
691	-0.984375	-0.992188
692	-0.984375	-0.992188
693	-0.984375	-0.992188
694	-0.968750	-0.976563
695	-0.984375	-0.992188
696	-0.984375	-0.992188
697	-0.929688	-0.960938
698	-1.000000	-1.000000
699	-0.914063	-0.953125
700	-0.984375	-0.992188
701	-0.968750	-0.984375
702	-1.000000	-1.000000
703	-0.906250	-0.937500
704	-1.000000	-1.000000
705	-0.960938	-0.976563
706	-0.953125	-0.976563
707	-1.000000	-1.000000
708	-0.984375	-0.992188
709	-0.968750	-0.984375
710	-0.953125	-0.976563
711	-0.968750	-0.984375
712	-0.960938	-0.976563
713	-0.968750	-0.984375
714	-0.953125	-0.976563
715	-0.984375	-0.992188
716	-1.000000	-1.000000
717	-0.937500	-0.968750
718	-0.953125	-0.976563
719	-0.890625	-0.937500
720	-0.968750	-0.984375
721	-1.000000	-1.000000
722	-0.960938	-0.976563
723	-0.945313	-0.968750
724	-0.968750	-0.984375
725	-1.000000	-1.000000
726	-0.984375	-0.992188
727	-1.000000	-1.000000
728	-0.984375	-0.992188
729	-0.984375	-0.992188
730	-0.945313	-0.968750
731	-0.984375	-0.992188
732	-0.984375	-0.992188
733	-1.000000	-1.000000
734	-1.000000	-1.000000
735	-0.953125	-0.968750
736	-0.960938	-0.976563
737	-0.968750	-0.984375
738	-0.968750	-0.984375
739	-1.000000	-1.000000
740	-0.968750	-0.984375
741	-0.976563	-0.984375
742	-0.953125	-0.976563
743	-0.976563	-0.984375
744	-0.984375	-0.992188
745	-0.984375	-0.992188
746	-0.968750	-0.984375
747	-0.937500	-0.968750
748	-0.984375	-0.992188
749	-0.960938	-0.976563
750	-0.953125	-0.976563
751	-0.968750	-0.984375
752	-0.960938	-0.976563
753	-0.968750	-0.984375
754	-0.984375	-0.992188
755	-0.976563	-0.984375
756	-0.937500	-0.968750
757	-0.960938	-0.976563
758	-0.968750	-0.984375
759	-0.953125	-0.976563
760	-1.000000	-1.000000
761	-0.945313	-0.968750
762	-0.937500	-0.953125
763	-0.953125	-0.976563
764	-0.984375	-0.992188
765	-0.968750	-0.984375
766	-0.968750	-0.984375
767	-0.968750	-0.984375
768	-0.976563	-0.984375
769	-0.937500	-0.968750
770	-0.968750	-0.984375
771	-0.984375	-0.992188
772	-0.984375	-0.992188
773	-0.960938	-0.968750
774	-0.984375	-0.992188
775	-0.968750	-0.984375
776	-1.000000	-1.000000
777	-0.984375	-0.992188
778	-0.960938	-0.976563
779	-1.000000	-1.000000
780	-0.960938	-0.976563
781	-0.984375	-0.992188
782	-0.921875	-0.960938
783	-0.968750	-0.984375
784	-0.953125	-0.976563
785	-0.984375	-0.992188
786	-0.984375	-0.992188
787	-1.000000	-1.000000
788	-0.945313	-0.968750
789	-1.000000	-1.000000
790	-0.984375	-0.992188
791	-0.968750	-0.984375
792	-0.968750	-0.984375
793	-0.914063	-0.953125
794	-0.960938	-0.976563
795	-0.984375	-0.992188
796	-0.968750	-0.976563
797	-0.984375	-0.992188
798	-0.984375	-0.992188
799	-0.976563	-0.984375
800	-0.953125	-0.976563
801	-0.906250	-0.953125
802	-1.000000	-1.000000
803	-0.968750	-0.984375
804	-0.945313	-0.968750
805	-0.984375	-0.992188
806	-0.953125	-0.976563
807	-0.937500	-0.960938
808	-0.968750	-0.984375
809	-0.953125	-0.976563
810	-0.984375	-0.992188
811	-0.968750	-0.984375
812	-1.000000	-1.000000
813	-0.984375	-0.992188
814	-0.937500	-0.968750
815	-0.953125	-0.976563
816	-0.953125	-0.976563
817	-0.976563	-0.984375
818	-0.976563	-0.984375
819	-0.898438	-0.945313
820	-0.960938	-0.976563
821	-0.968750	-0.984375
822	-0.968750	-0.984375
823	-0.953125	-0.976563
824	-1.000000	-1.000000
825	-0.976563	-0.984375
826	-1.000000	-1.000000
827	-0.984375	-0.992188
828	-1.000000	-1.000000
829	-1.000000	-1.000000
830	-0.968750	-0.984375
831	-1.000000	-1.000000
832	-0.953125	-0.976563
833	-0.984375	-0.992188
834	-0.968750	-0.984375
835	-0.984375	-0.992188
836	-0.976563	-0.984375
837	-0.984375	-0.992188
838	-0.960938	-0.976563
839	-0.968750	-0.984375
840	-0.945313	-0.968750
841	-1.000000	-1.000000
842	-0.953125	-0.976563
843	-0.984375	-0.992188
844	-0.960938	-0.976563
845	-0.984375	-0.992188
846	-0.945313	-0.968750
847	-0.898438	-0.945313
848	-0.976563	-0.984375
849	-0.976563	-0.984375
850	-0.921875	-0.953125
851	-0.968750	-0.984375
852	-1.000000	-1.000000
853	-0.890625	-0.921875
854	-0.953125	-0.976563
855	-0.953125	-0.960938
856	-1.000000	-1.000000
857	-0.968750	-0.984375
858	-0.953125	-0.976563
859	-0.984375	-0.992188
860	-1.000000	-1.000000
861	-1.000000	-1.000000
862	-0.984375	-0.992188
863	-0.984375	-0.992188
864	-1.000000	-1.000000
865	-0.984375	-0.992188
866	-0.984375	-0.992188
867	-0.984375	-0.992188
868	-0.968750	-0.984375
869	-0.945313	-0.968750
870	-0.984375	-0.992188
871	-0.945313	-0.960938
872	-0.976563	-0.984375
873	-0.953125	-0.976563
874	-0.984375	-0.992188
875	-0.953125	-0.976563
876	-0.945313	-0.968750
877	-0.945313	-0.968750
878	-0.945313	-0.968750
879	-0.960938	-0.976563
880	-0.875000	-0.921875
881	-0.945313	-0.968750
882	-0.984375	-0.992188
883	-0.984375	-0.992188
884	-0.968750	-0.984375
885	-0.968750	-0.976563
886	-0.984375	-0.992188
887	-0.984375	-0.992188
888	-1.000000	-1.000000
889	-0.984375	-0.992188
890	-0.984375	-0.992188
891	-0.968750	-0.984375
892	-0.945313	-0.968750
893	-1.000000	-1.000000
894	-0.960938	-0.976563
895	-0.945313	-0.968750
896	-0.984375	-0.992188
897	-0.937500	-0.968750
898	-1.000000	-1.000000
899	-0.953125	-0.976563
900	-0.953125	-0.976563
901	-1.000000	-1.000000
902	-0.921875	-0.953125
903	-0.937500	-0.960938
904	-1.000000	-1.000000
905	-0.968750	-0.984375
906	-0.937500	-0.968750
907	-0.984375	-0.992188
908	-0.960938	-0.976563
909	-0.984375	-0.992188
910	-0.976563	-0.984375
911	-0.968750	-0.984375
912	-0.953125	-0.976563
913	-0.984375	-0.992188
914	-1.000000	-1.000000
915	-0.984375	-0.992188
916	-0.968750	-0.984375
917	-0.984375	-0.992188
918	-1.000000	-1.000000
919	-0.929688	-0.960938
920	-0.968750	-0.984375
921	-0.984375	-0.992188
922	-0.937500	-0.968750
923	-0.960938	-0.976563
924	-0.984375	-0.992188
925	-0.898438	-0.929688
926	-1.000000	-1.000000
927	-0.945313	-0.968750
928	-0.976563	-0.984375
929	-0.984375	-0.992188
930	-1.000000	-1.000000
931	-0.968750	-0.984375
932	-1.000000	-1.000000
933	-0.984375	-0.992188
934	-0.968750	-0.984375
935	-0.968750	-0.984375
936	-1.000000	-1.000000
937	-0.945313	-0.968750
938	-0.960938	-0.976563
939	-1.000000	-1.000000
940	-1.000000	-1.000000
941	-0.968750	-0.984375
942	-0.960938	-0.976563
943	-0.968750	-0.984375
944	-1.000000	-1.000000
945	-0.921875	-0.960938
946	-0.914063	-0.953125
947	-0.937500	-0.960938
948	-0.976563	-0.984375
949	-1.000000	-1.000000
950	-0.984375	-0.992188
951	-1.000000	-1.000000
952	-0.968750	-0.984375
953	-0.968750	-0.984375
954	-0.953125	-0.976563
955	-0.960938	-0.976563
956	-0.945313	-0.968750
957	-0.968750	-0.984375
958	-0.984375	-0.992188
959	-0.984375	-0.992188
960	-1.000000	-1.000000
961	-0.929688	-0.953125
962	-0.953125	-0.976563
963	-0.984375	-0.992188
964	-0.953125	-0.976563
965	-1.000000	-1.000000
966	-0.968750	-0.984375
967	-0.937500	-0.968750
968	-0.968750	-0.984375
969	-0.984375	-0.992188
970	-1.000000	-1.000000
971	-0.921875	-0.960938
972	-0.976563	-0.984375
973	-0.960938	-0.976563
974	-0.968750	-0.984375
975	-0.945313	-0.968750
976	-1.000000	-1.000000
977	-0.968750	-0.984375
978	-0.984375	-0.992188
979	-0.929688	-0.960938
980	-0.968750	-0.984375
981	-0.968750	-0.984375
982	-1.000000	-1.000000
983	-1.000000	-1.000000
984	-0.953125	-0.976563
985	-0.968750	-0.984375
986	-0.953125	-0.976563
987	-1.000000	-1.000000
988	-0.968750	-0.984375
989	-0.968750	-0.976563
990	-0.984375	-0.992188
991	-0.953125	-0.976563
992	-1.000000	-1.000000
993	-1.000000	-1.000000
994	-0.968750	-0.984375
995	-0.984375	-0.992188
996	-0.914063	-0.929688
997	-1.000000	-1.000000
998	-0.921875	-0.953125
999	-0.968750	-0.984375
