0	-0.406250	0.031250
1	-0.296875	-0.304688
2	-0.367188	0.023438
3	-0.343750	0.007813
4	-0.437500	0.226563
5	-0.304688	0.007813
6	-0.343750	0.085938
7	-0.414063	0.101563
8	-0.281250	0.117188
9	-0.398438	0.164063
10	-0.359375	0.070313
11	-0.375000	0.023438
12	-0.328125	-0.078125
13	-0.343750	0.117188
14	-0.296875	-0.085938
15	-0.328125	-0.242188
16	-0.382813	-0.132813
17	-0.296875	0.171875
18	-0.367188	0.023438
19	-0.367188	-0.078125
20	-0.312500	0.054688
21	-0.437500	0.046875
22	-0.375000	-0.210938
23	-0.382813	-0.007813
24	-0.328125	0.210938
25	-0.312500	0.125000
26	-0.257813	0.171875
27	-0.351563	-0.281250
28	-0.414063	0.031250
29	-0.343750	-0.031250
30	-0.429688	0.148438
31	-0.359375	-0.203125
32	-0.429688	0.125000
33	-0.445313	0.085938
34	-0.414063	0.414063
35	-0.406250	-0.203125
36	-0.367188	-0.296875
37	-0.445313	-0.242188
38	-0.304688	-0.195313
39	-0.257813	0.007813
40	-0.328125	-0.070313
41	-0.351563	-0.125000
42	-0.273438	-0.085938
43	-0.273438	-0.007813
44	-0.343750	0.234375
45	-0.460938	-0.343750
46	-0.367188	0.226563
47	-0.304688	0.203125
48	-0.328125	0.171875
49	-0.343750	-0.054688
50	-0.390625	0.015625
51	-0.320313	-0.015625
52	-0.406250	0.046875
53	-0.375000	-0.093750
54	-0.359375	0.179688
55	-0.351563	-0.234375
56	-0.312500	0.007813
57	-0.320313	-0.015625
58	-0.398438	0.140625
59	-0.437500	-0.164063
60	-0.335938	-0.218750
61	-0.382813	0.023438
62	-0.359375	0.335938
63	-0.242188	0.000000
64	-0.429688	0.406250
65	-0.359375	-0.039063
66	-0.382813	-0.023438
67	-0.390625	-0.179688
68	-0.375000	0.312500
69	-0.382813	-0.328125
70	-0.382813	0.000000
71	-0.359375	0.164063
72	-0.328125	-0.109375
73	-0.421875	0.203125
74	-0.382813	0.007813
75	-0.273438	-0.164063
76	-0.242188	0.117188
77	-0.304688	-0.062500
78	-0.304688	0.039063
79	-0.320313	-0.140625
80	-0.429688	-0.429688
81	-0.265625	0.007813
82	-0.351563	0.023438
83	-0.320313	-0.375000
84	-0.328125	-0.062500
85	-0.359375	-0.101563
86	-0.390625	0.156250
87	-0.320313	0.132813
88	-0.398438	-0.007813
89	-0.375000	-0.171875
90	-0.382813	-0.351563
91	-0.343750	0.289063
92	-0.335938	0.273438
93	-0.390625	-0.054688
94	-0.453125	-0.273438
95	-0.421875	-0.070313
96	-0.437500	0.023438
97	-0.429688	-0.234375
98	-0.437500	0.359375
99	-0.382813	-0.140625
100	-0.398438	-0.289063
101	-0.414063	0.078125
102	-0.359375	-0.117188
103	-0.382813	0.156250
104	-0.335938	-0.101563
105	-0.382813	0.171875
106	-0.406250	0.085938
107	-0.382813	0.164063
108	-0.320313	0.023438
109	-0.500000	0.289063
110	-0.304688	0.109375
111	-0.312500	0.164063
112	-0.328125	-0.234375
113	-0.304688	-0.078125
114	-0.429688	-0.070313
115	-0.328125	0.054688
116	-0.320313	-0.109375
117	-0.328125	0.226563
118	-0.328125	0.085938
119	-0.343750	-0.250000
120	-0.437500	-0.007813
121	-0.406250	-0.171875
122	-0.335938	0.007813
123	-0.382813	0.203125
124	-0.328125	0.148438
125	-0.398438	-0.265625
126	-0.367188	0.093750
127	-0.320313	0.156250
128	-0.281250	0.132813
129	-0.367188	0.148438
130	-0.406250	-0.031250
131	-0.304688	0.093750
132	-0.429688	-0.351563
133	-0.406250	-0.148438
134	-0.312500	0.226563
135	-0.328125	0.218750
136	-0.343750	-0.054688
137	-0.367188	0.125000
138	-0.328125	0.023438
139	-0.281250	-0.101563
140	-0.343750	-0.031250
141	-0.242188	0.109375
142	-0.406250	0.203125
143	-0.390625	-0.054688
144	-0.453125	-0.226563
145	-0.257813	-0.046875
146	-0.382813	-0.218750
147	-0.187500	-0.023438
148	-0.359375	-0.023438
149	-0.328125	-0.125000
150	-0.414063	-0.070313
151	-0.406250	0.054688
152	-0.343750	0.078125
153	-0.382813	-0.273438
154	-0.218750	0.007813
155	-0.250000	-0.062500
156	-0.359375	-0.054688
157	-0.328125	0.257813
158	-0.421875	-0.171875
159	-0.320313	-0.234375
160	-0.343750	-0.171875
161	-0.328125	-0.234375
162	-0.437500	-0.078125
163	-0.406250	0.421875
164	-0.320313	0.046875
165	-0.320313	0.226563
166	-0.390625	-0.125000
167	-0.429688	0.000000
168	-0.390625	-0.250000
169	-0.359375	-0.031250
170	-0.296875	0.039063
171	-0.289063	0.117188
172	-0.281250	0.093750
173	-0.367188	-0.062500
174	-0.335938	-0.320313
175	-0.320313	0.171875
176	-0.398438	-0.015625
177	-0.304688	-0.039063
178	-0.335938	0.078125
179	-0.312500	-0.070313
180	-0.390625	0.046875
181	-0.351563	0.445313
182	-0.359375	-0.054688
183	-0.351563	0.171875
184	-0.328125	0.109375
185	-0.289063	0.125000
186	-0.484375	-0.226563
187	-0.437500	0.156250
188	-0.312500	-0.257813
189	-0.265625	0.046875
190	-0.343750	-0.304688
191	-0.312500	0.140625
192	-0.453125	0.015625
193	-0.304688	-0.070313
194	-0.343750	-0.312500
195	-0.304688	0.046875
196	-0.414063	0.125000
197	-0.320313	0.085938
198	-0.359375	0.164063
199	-0.468750	0.257813
200	-0.367188	0.070313
201	-0.367188	-0.164063
202	-0.359375	-0.257813
203	-0.343750	0.117188
204	-0.375000	0.156250
205	-0.390625	-0.039063
206	-0.343750	-0.117188
207	-0.414063	-0.359375
208	-0.414063	-0.335938
209	-0.265625	0.062500
210	-0.492188	-0.468750
211	-0.429688	0.234375
212	-0.343750	-0.312500
213	-0.273438	-0.085938
214	-0.367188	-0.203125
215	-0.343750	-0.046875
216	-0.359375	-0.203125
217	-0.382813	-0.390625
218	-0.406250	-0.125000
219	-0.367188	0.304688
220	-0.406250	-0.289063
221	-0.343750	-0.171875
222	-0.414063	-0.117188
223	-0.328125	-0.132813
224	-0.343750	-0.101563
225	-0.304688	-0.070313
226	-0.289063	-0.054688
227	-0.343750	0.148438
228	-0.304688	0.046875
229	-0.312500	-0.015625
230	-0.296875	0.070313
231	-0.367188	0.070313
232	-0.359375	0.257813
233	-0.187500	0.140625
234	-0.312500	-0.031250
235	-0.273438	-0.031250
236	-0.289063	0.046875
237	-0.351563	-0.046875
238	-0.312500	-0.062500
239	-0.390625	-0.164063
240	-0.382813	0.015625
241	-0.421875	-0.226563
242	-0.421875	0.296875
243	-0.367188	0.039063
244	-0.359375	0.164063
245	-0.296875	0.062500
246	-0.445313	0.171875
247	-0.414063	-0.203125
248	-0.460938	0.015625
249	-0.375000	0.156250
250	-0.335938	0.257813
251	-0.281250	0.109375
252	-0.367188	0.250000
253	-0.382813	-0.289063
254	-0.265625	-0.007813
255	-0.375000	0.164063
256	-0.226563	-0.156250
257	-0.343750	-0.101563
258	-0.320313	-0.054688
259	-0.328125	0.062500
260	-0.375000	0.421875
261	-0.359375	0.039063
262	-0.476563	0.085938
263	-0.453125	0.132813
264	-0.390625	-0.031250
265	-0.406250	-0.289063
266	-0.265625	-0.046875
267	-0.359375	-0.062500
268	-0.382813	-0.156250
269	-0.375000	-0.109375
270	-0.414063	-0.093750
271	-0.375000	0.234375
272	-0.343750	0.093750
273	-0.359375	0.093750
274	-0.406250	-0.328125
275	-0.335938	-0.093750
276	-0.343750	-0.078125
277	-0.445313	-0.031250
278	-0.296875	0.117188
279	-0.351563	0.015625
280	-0.398438	0.054688
281	-0.289063	0.054688
282	-0.390625	-0.148438
283	-0.382813	0.078125
284	-0.375000	0.054688
285	-0.398438	-0.515625
286	-0.351563	0.070313
287	-0.398438	-0.171875
288	-0.367188	0.125000
289	-0.390625	0.046875
290	-0.304688	-0.062500
291	-0.328125	-0.062500
292	-0.273438	0.078125
293	-0.343750	-0.265625
294	-0.421875	0.437500
295	-0.210938	0.039063
296	-0.289063	0.015625
297	-0.320313	0.242188
298	-0.437500	-0.015625
299	-0.375000	-0.062500
300	-0.375000	-0.156250
301	-0.351563	0.015625
302	-0.359375	0.117188
303	-0.304688	-0.031250
304	-0.375000	0.117188
305	-0.390625	0.148438
306	-0.328125	-0.078125
307	-0.328125	0.062500
308	-0.273438	0.171875
309	-0.296875	-0.039063
310	-0.531250	-0.218750
311	-0.304688	-0.109375
312	-0.320313	0.273438
313	-0.445313	-0.046875
314	-0.343750	-0.109375
315	-0.289063	-0.132813
316	-0.296875	0.179688
317	-0.328125	0.023438
318	-0.351563	0.218750
319	-0.328125	-0.031250
320	-0.375000	-0.093750
321	-0.343750	0.140625
322	-0.265625	0.039063
323	-0.367188	-0.007813
324	-0.351563	0.304688
325	-0.296875	0.000000
326	-0.250000	0.054688
327	-0.367188	-0.132813
328	-0.343750	-0.273438
329	-0.375000	0.117188
330	-0.359375	-0.062500
331	-0.351563	-0.234375
332	-0.335938	-0.078125
333	-0.304688	0.125000
334	-0.328125	-0.171875
335	-0.414063	-0.125000
336	-0.257813	-0.179688
337	-0.398438	-0.203125
338	-0.335938	-0.140625
339	-0.312500	-0.062500
340	-0.335938	-0.179688
341	-0.375000	-0.078125
342	-0.351563	-0.125000
343	-0.281250	-0.039063
344	-0.312500	0.109375
345	-0.414063	0.312500
346	-0.328125	0.179688
347	-0.507813	0.445313
348	-0.289063	0.117188
349	-0.343750	-0.218750
350	-0.445313	0.078125
351	-0.421875	-0.242188
352	-0.320313	0.132813
353	-0.281250	0.046875
354	-0.289063	-0.070313
355	-0.367188	-0.234375
356	-0.351563	-0.171875
357	-0.289063	0.015625
358	-0.382813	0.414063
359	-0.343750	-0.054688
360	-0.257813	-0.171875
361	-0.421875	-0.203125
362	-0.296875	0.085938
363	-0.414063	-0.125000
364	-0.265625	-0.007813
365	-0.375000	0.031250
366	-0.453125	-0.445313
367	-0.320313	-0.117188
368	-0.320313	0.023438
369	-0.265625	-0.093750
370	-0.328125	0.226563
371	-0.421875	-0.273438
372	-0.390625	0.140625
373	-0.414063	-0.062500
374	-0.328125	-0.218750
375	-0.335938	-0.234375
376	-0.273438	0.070313
377	-0.335938	-0.109375
378	-0.375000	0.101563
379	-0.445313	0.406250
380	-0.273438	0.078125
381	-0.296875	0.070313
382	-0.265625	-0.054688
383	-0.421875	-0.164063
384	-0.250000	0.148438
385	-0.382813	0.109375
386	-0.296875	-0.140625
387	-0.343750	-0.039063
388	-0.367188	-0.046875
389	-0.367188	0.265625
390	-0.398438	0.281250
391	-0.359375	0.078125
392	-0.257813	-0.195313
393	-0.304688	-0.132813
394	-0.320313	-0.187500
395	-0.289063	0.273438
396	-0.343750	0.226563
397	-0.328125	0.234375
398	-0.375000	-0.046875
399	-0.367188	-0.218750
400	-0.359375	-0.031250
401	-0.296875	0.015625
402	-0.367188	0.054688
403	-0.414063	-0.015625
404	-0.359375	0.101563
405	-0.390625	0.070313
406	-0.335938	0.242188
407	-0.429688	-0.359375
408	-0.398438	-0.226563
409	-0.273438	-0.242188
410	-0.421875	-0.117188
411	-0.343750	0.281250
412	-0.320313	0.070313
413	-0.445313	0.101563
414	-0.445313	0.250000
415	-0.421875	-0.257813
416	-0.234375	-0.078125
417	-0.257813	0.062500
418	-0.351563	-0.148438
419	-0.445313	-0.054688
420	-0.367188	-0.062500
421	-0.257813	0.195313
422	-0.242188	-0.039063
423	-0.382813	-0.187500
424	-0.273438	-0.101563
425	-0.335938	0.125000
426	-0.375000	-0.179688
427	-0.460938	-0.054688
428	-0.421875	-0.171875
429	-0.460938	-0.078125
430	-0.296875	0.000000
431	-0.398438	-0.078125
432	-0.304688	-0.039063
433	-0.265625	0.312500
434	-0.257813	0.062500
435	-0.289063	-0.218750
436	-0.492188	0.085938
437	-0.320313	0.085938
438	-0.250000	0.093750
439	-0.406250	0.132813
440	-0.437500	0.460938
441	-0.242188	0.054688
442	-0.304688	0.117188
443	-0.398438	0.335938
444	-0.296875	0.046875
445	-0.375000	0.085938
446	-0.390625	0.257813
447	-0.203125	0.000000
448	-0.343750	-0.023438
449	-0.320313	0.023438
450	-0.351563	0.078125
451	-0.398438	0.187500
452	-0.343750	-0.289063
453	-0.320313	0.039063
454	-0.351563	0.195313
455	-0.320313	0.085938
456	-0.421875	0.078125
457	-0.382813	-0.179688
458	-0.257813	-0.039063
459	-0.320313	-0.140625
460	-0.453125	-0.296875
461	-0.429688	0.273438
462	-0.437500	0.046875
463	-0.421875	-0.007813
464	-0.414063	0.343750
465	-0.281250	0.148438
466	-0.351563	-0.039063
467	-0.289063	0.164063
468	-0.398438	-0.156250
469	-0.359375	0.070313
470	-0.250000	0.117188
471	-0.281250	-0.148438
472	-0.382813	-0.007813
473	-0.335938	0.015625
474	-0.359375	-0.109375
475	-0.429688	-0.492188
476	-0.390625	-0.062500
477	-0.398438	0.070313
478	-0.351563	0.023438
479	-0.328125	-0.101563
480	-0.398438	-0.234375
481	-0.320313	-0.164063
482	-0.289063	-0.171875
483	-0.289063	0.054688
484	-0.320313	0.007813
485	-0.273438	0.054688
486	-0.437500	0.273438
487	-0.382813	0.015625
488	-0.406250	-0.132813
489	-0.437500	-0.406250
490	-0.257813	0.023438
491	-0.312500	-0.218750
492	-0.273438	-0.031250
493	-0.359375	-0.148438
494	-0.382813	0.210938
495	-0.335938	-0.046875
496	-0.242188	0.046875
497	-0.242188	-0.156250
498	-0.359375	-0.078125
499	-0.398438	-0.289063
500	-0.375000	0.250000
501	-0.437500	-0.140625
502	-0.304688	0.015625
503	-0.320313	-0.250000
504	-0.343750	-0.007813
505	-0.359375	0.046875
506	-0.257813	0.062500
507	-0.226563	-0.046875
508	-0.304688	0.296875
509	-0.390625	0.039063
510	-0.406250	-0.070313
511	-0.414063	-0.187500
512	-0.351563	0.234375
513	-0.257813	0.156250
514	-0.320313	0.000000
515	-0.476563	0.468750
516	-0.265625	0.039063
517	-0.367188	-0.093750
518	-0.453125	0.257813
519	-0.351563	0.140625
520	-0.343750	0.250000
521	-0.242188	0.148438
522	-0.359375	0.101563
523	-0.390625	-0.320313
524	-0.367188	0.140625
525	-0.414063	-0.273438
526	-0.320313	-0.054688
527	-0.281250	0.039063
528	-0.453125	0.164063
529	-0.429688	0.007813
530	-0.367188	-0.148438
531	-0.335938	0.171875
532	-0.359375	0.023438
533	-0.343750	0.148438
534	-0.265625	0.078125
535	-0.367188	0.070313
536	-0.453125	-0.148438
537	-0.320313	-0.117188
538	-0.476563	-0.156250
539	-0.390625	-0.125000
540	-0.328125	0.164063
541	-0.195313	-0.164063
542	-0.414063	-0.164063
543	-0.328125	0.257813
544	-0.281250	0.093750
545	-0.312500	-0.210938
546	-0.335938	-0.164063
547	-0.437500	-0.375000
548	-0.375000	0.109375
549	-0.390625	-0.203125
550	-0.335938	-0.054688
551	-0.390625	0.125000
552	-0.312500	0.015625
553	-0.351563	-0.046875
554	-0.250000	-0.031250
555	-0.343750	0.078125
556	-0.304688	0.062500
557	-0.390625	0.242188
558	-0.406250	0.125000
559	-0.320313	-0.289063
560	-0.375000	-0.187500
561	-0.328125	0.101563
562	-0.421875	0.023438
563	-0.351563	-0.125000
564	-0.367188	-0.148438
565	-0.406250	0.164063
566	-0.343750	-0.085938
567	-0.281250	-0.125000
568	-0.312500	0.117188
569	-0.281250	-0.078125
570	-0.445313	0.414063
571	-0.406250	-0.132813
572	-0.367188	-0.031250
573	-0.546875	0.226563
574	-0.335938	-0.179688
575	-0.312500	-0.132813
576	-0.351563	-0.101563
577	-0.500000	-0.476563
578	-0.335938	0.140625
579	-0.390625	-0.195313
580	-0.414063	-0.390625
581	-0.335938	0.132813
582	-0.406250	0.031250
583	-0.179688	-0.171875
584	-0.312500	-0.023438
585	-0.289063	0.203125
586	-0.507813	0.132813
587	-0.468750	0.015625
588	-0.343750	-0.210938
589	-0.382813	0.125000
590	-0.367188	-0.382813
591	-0.140625	0.125000
592	-0.296875	-0.296875
593	-0.296875	0.023438
594	-0.335938	-0.218750
595	-0.398438	0.039063
596	-0.343750	0.046875
597	-0.375000	-0.257813
598	-0.429688	0.195313
599	-0.359375	-0.304688
600	-0.289063	-0.007813
601	-0.468750	0.460938
602	-0.351563	0.140625
603	-0.359375	0.109375
604	-0.421875	0.265625
605	-0.445313	-0.078125
606	-0.375000	0.062500
607	-0.445313	-0.078125
608	-0.234375	-0.062500
609	-0.257813	-0.039063
610	-0.320313	-0.203125
611	-0.437500	-0.359375
612	-0.335938	0.179688
613	-0.367188	-0.242188
614	-0.304688	0.187500
615	-0.312500	0.156250
616	-0.328125	0.070313
617	-0.343750	0.179688
618	-0.343750	-0.070313
619	-0.406250	0.234375
620	-0.335938	-0.109375
621	-0.351563	-0.046875
622	-0.289063	0.078125
623	-0.468750	0.406250
624	-0.335938	-0.007813
625	-0.414063	-0.140625
626	-0.320313	0.109375
627	-0.437500	-0.382813
628	-0.343750	0.164063
629	-0.515625	-0.351563
630	-0.390625	0.132813
631	-0.406250	-0.296875
632	-0.468750	-0.054688
633	-0.382813	0.085938
634	-0.398438	-0.242188
635	-0.320313	-0.109375
636	-0.367188	-0.109375
637	-0.351563	0.015625
638	-0.304688	-0.125000
639	-0.367188	0.046875
640	-0.367188	-0.304688
641	-0.320313	0.140625
642	-0.398438	0.070313
643	-0.281250	-0.023438
644	-0.335938	-0.007813
645	-0.257813	0.164063
646	-0.351563	-0.234375
647	-0.328125	0.015625
648	-0.414063	0.109375
649	-0.351563	-0.062500
650	-0.312500	0.148438
651	-0.343750	-0.148438
652	-0.335938	-0.023438
653	-0.453125	-0.187500
654	-0.375000	0.250000
655	-0.445313	-0.140625
656	-0.398438	-0.390625
657	-0.296875	0.054688
658	-0.390625	-0.156250
659	-0.429688	0.335938
660	-0.320313	0.187500
661	-0.312500	0.070313
662	-0.234375	-0.015625
663	-0.320313	0.062500
664	-0.406250	-0.054688
665	-0.257813	-0.062500
666	-0.304688	-0.054688
667	-0.351563	-0.226563
668	-0.328125	-0.109375
669	-0.375000	-0.171875
670	-0.359375	0.265625
671	-0.320313	0.093750
672	-0.312500	-0.015625
673	-0.351563	-0.054688
674	-0.414063	0.078125
675	-0.320313	0.031250
676	-0.375000	-0.093750
677	-0.343750	-0.187500
678	-0.273438	0.070313
679	-0.414063	0.140625
680	-0.304688	0.148438
681	-0.367188	0.078125
682	-0.312500	0.210938
683	-0.289063	0.132813
684	-0.437500	0.031250
685	-0.312500	0.242188
686	-0.406250	0.101563
687	-0.359375	0.203125
688	-0.312500	0.117188
689	-0.359375	-0.117188
690	-0.406250	0.210938
691	-0.320313	0.093750
692	-0.273438	-0.156250
693	-0.406250	0.078125
694	-0.265625	0.007813
695	-0.320313	0.257813
696	-0.390625	0.125000
697	-0.328125	-0.187500
698	-0.304688	-0.023438
699	-0.335938	0.078125
700	-0.382813	-0.085938
701	-0.312500	0.046875
702	-0.257813	0.023438
703	-0.445313	0.468750
704	-0.351563	-0.054688
705	-0.312500	-0.304688
706	-0.351563	-0.382813
707	-0.445313	-0.148438
708	-0.367188	0.117188
709	-0.335938	-0.164063
710	-0.265625	0.023438
711	-0.343750	-0.062500
712	-0.367188	0.046875
713	-0.328125	-0.054688
714	-0.421875	-0.250000
715	-0.421875	0.203125
716	-0.335938	-0.117188
717	-0.414063	0.328125
718	-0.328125	-0.039063
719	-0.296875	-0.164063
720	-0.437500	-0.335938
721	-0.429688	0.101563
722	-0.328125	0.007813
723	-0.296875	-0.140625
724	-0.335938	-0.164063
725	-0.242188	0.226563
726	-0.414063	0.132813
727	-0.382813	0.117188
728	-0.375000	0.007813
729	-0.367188	0.070313
730	-0.460938	0.132813
731	-0.273438	-0.109375
732	-0.359375	0.187500
733	-0.257813	0.148438
734	-0.289063	-0.015625
735	-0.320313	-0.031250
736	-0.343750	0.156250
737	-0.320313	0.007813
738	-0.359375	-0.281250
739	-0.328125	-0.062500
740	-0.296875	0.007813
741	-0.312500	-0.164063
742	-0.328125	0.203125
743	-0.304688	-0.195313
744	-0.343750	0.218750
745	-0.328125	0.031250
746	-0.312500	-0.054688
747	-0.359375	0.046875
748	-0.328125	-0.101563
749	-0.328125	0.296875
750	-0.320313	-0.039063
751	-0.390625	0.234375
752	-0.406250	-0.140625
753	-0.304688	-0.007813
754	-0.367188	-0.140625
755	-0.320313	0.117188
756	-0.296875	0.140625
757	-0.351563	0.101563
758	-0.296875	0.031250
759	-0.312500	-0.218750
760	-0.367188	0.312500
761	-0.367188	0.132813
762	-0.328125	-0.078125
763	-0.335938	-0.054688
764	-0.351563	0.031250
765	-0.289063	0.117188
766	-0.367188	0.281250
767	-0.226563	-0.117188
768	-0.359375	0.023438
769	-0.398438	0.257813
770	-0.398438	-0.375000
771	-0.304688	-0.093750
772	-0.351563	0.046875
773	-0.304688	0.187500
774	-0.289063	-0.015625
775	-0.343750	-0.210938
776	-0.304688	-0.093750
777	-0.320313	0.265625
778	-0.531250	-0.039063
779	-0.406250	0.187500
780	-0.375000	-0.218750
781	-0.390625	0.171875
782	-0.250000	0.031250
783	-0.382813	0.132813
784	-0.289063	0.015625
785	-0.304688	-0.070313
786	-0.250000	-0.085938
787	-0.351563	-0.062500
788	-0.281250	-0.078125
789	-0.382813	0.156250
790	-0.320313	0.117188
791	-0.195313	0.023438
792	-0.375000	-0.078125
793	-0.359375	-0.101563
794	-0.460938	-0.218750
795	-0.312500	0.023438
796	-0.281250	0.007813
797	-0.281250	-0.031250
798	-0.390625	0.007813
799	-0.437500	-0.226563
800	-0.390625	0.054688
801	-0.335938	0.046875
802	-0.476563	-0.031250
803	-0.335938	0.031250
804	-0.429688	0.437500
805	-0.296875	-0.062500
806	-0.335938	0.054688
807	-0.312500	-0.007813
808	-0.296875	-0.062500
809	-0.398438	0.203125
810	-0.320313	0.125000
811	-0.203125	0.195313
812	-0.382813	0.054688
813	-0.406250	0.328125
814	-0.289063	0.117188
815	-0.414063	-0.367188
816	-0.382813	0.101563
817	-0.335938	0.101563
818	-0.320313	-0.023438
819	-0.398438	0.320313
820	-0.343750	-0.062500
821	-0.296875	0.046875
822	-0.367188	-0.054688
823	-0.328125	0.148438
824	-0.406250	-0.125000
825	-0.351563	-0.078125
826	-0.343750	-0.117188
827	-0.398438	0.054688
828	-0.359375	0.179688
829	-0.460938	0.367188
830	-0.312500	0.007813
831	-0.351563	-0.101563
832	-0.320313	0.062500
833	-0.406250	-0.187500
834	-0.429688	-0.296875
835	-0.351563	0.023438
836	-0.320313	-0.101563
837	-0.382813	-0.328125
838	-0.390625	-0.039063
839	-0.398438	-0.210938
840	-0.335938	-0.085938
841	-0.406250	0.132813
842	-0.226563	0.031250
843	-0.296875	-0.085938
844	-0.398438	0.234375
845	-0.367188	0.218750
846	-0.242188	-0.070313
847	-0.320313	-0.078125
848	-0.359375	-0.156250
849	-0.312500	-0.218750
850	-0.335938	-0.195313
851	-0.343750	-0.007813
852	-0.312500	-0.031250
853	-0.312500	0.031250
854	-0.281250	-0.054688
855	-0.382813	0.179688
856	-0.375000	-0.078125
857	-0.468750	-0.281250
858	-0.265625	0.078125
859	-0.265625	0.132813
860	-0.281250	0.039063
861	-0.351563	0.101563
862	-0.359375	-0.109375
863	-0.421875	-0.031250
864	-0.328125	-0.046875
865	-0.507813	-0.156250
866	-0.382813	0.015625
867	-0.375000	-0.093750
868	-0.335938	-0.101563
869	-0.445313	-0.078125
870	-0.281250	-0.156250
871	-0.312500	0.125000
872	-0.367188	0.117188
873	-0.351563	0.171875
874	-0.257813	0.054688
875	-0.460938	-0.093750
876	-0.296875	-0.093750
877	-0.296875	0.023438
878	-0.296875	0.085938
879	-0.421875	-0.281250
880	-0.351563	-0.109375
881	-0.375000	-0.007813
882	-0.257813	-0.070313
883	-0.289063	-0.062500
884	-0.367188	0.218750
885	-0.398438	0.335938
886	-0.429688	-0.226563
887	-0.414063	-0.125000
888	-0.335938	-0.289063
889	-0.484375	0.203125
890	-0.312500	-0.210938
891	-0.390625	0.125000
892	-0.328125	-0.250000
893	-0.179688	-0.109375
894	-0.367188	0.335938
895	-0.367188	0.109375
896	-0.343750	-0.023438
897	-0.320313	0.210938
898	-0.242188	0.023438
899	-0.312500	0.203125
900	-0.382813	0.109375
901	-0.375000	0.101563
902	-0.414063	0.445313
903	-0.281250	-0.171875
904	-0.421875	0.093750
905	-0.328125	-0.156250
906	-0.273438	-0.078125
907	-0.453125	-0.296875
908	-0.312500	0.015625
909	-0.367188	0.078125
910	-0.265625	0.203125
911	-0.367188	-0.156250
912	-0.351563	-0.210938
913	-0.382813	0.148438
914	-0.226563	0.000000
915	-0.281250	-0.031250
916	-0.343750	-0.257813
917	-0.382813	-0.265625
918	-0.414063	-0.187500
919	-0.273438	-0.015625
920	-0.343750	0.187500
921	-0.242188	-0.062500
922	-0.429688	0.218750
923	-0.273438	0.085938
924	-0.367188	0.125000
925	-0.343750	0.226563
926	-0.335938	0.085938
927	-0.296875	-0.234375
928	-0.289063	-0.093750
929	-0.281250	0.117188
930	-0.328125	0.281250
931	-0.281250	-0.109375
932	-0.281250	0.125000
933	-0.312500	-0.156250
934	-0.328125	-0.046875
935	-0.359375	0.210938
936	-0.351563	0.140625
937	-0.335938	-0.109375
938	-0.335938	0.054688
939	-0.375000	0.320313
940	-0.335938	-0.046875
941	-0.398438	0.328125
942	-0.414063	0.187500
943	-0.328125	-0.164063
944	-0.281250	0.046875
945	-0.359375	0.257813
946	-0.289063	0.062500
947	-0.250000	-0.015625
948	-0.375000	-0.109375
949	-0.359375	-0.101563
950	-0.375000	0.062500
951	-0.351563	-0.156250
952	-0.351563	-0.070313
953	-0.320313	-0.039063
954	-0.390625	0.140625
955	-0.398438	-0.101563
956	-0.289063	0.218750
957	-0.296875	-0.273438
958	-0.296875	-0.062500
959	-0.375000	0.109375
960	-0.304688	0.046875
961	-0.445313	0.023438
962	-0.296875	0.210938
963	-0.312500	0.132813
964	-0.421875	0.218750
965	-0.218750	0.140625
966	-0.281250	0.179688
967	-0.328125	0.070313
968	-0.359375	-0.132813
969	-0.445313	0.078125
970	-0.375000	-0.070313
971	-0.320313	-0.078125
972	-0.367188	0.171875
973	-0.289063	-0.203125
974	-0.328125	-0.031250
975	-0.304688	-0.085938
976	-0.257813	0.187500
977	-0.398438	0.304688
978	-0.414063	-0.023438
979	-0.500000	0.312500
980	-0.414063	-0.250000
981	-0.304688	0.203125
982	-0.257813	-0.117188
983	-0.242188	0.085938
984	-0.281250	0.109375
985	-0.453125	-0.054688
986	-0.320313	0.078125
987	-0.351563	0.031250
988	-0.507813	-0.406250
989	-0.367188	0.007813
990	-0.289063	-0.101563
991	-0.382813	0.078125
992	-0.367188	-0.078125
993	-0.335938	-0.171875
994	-0.343750	-0.117188
995	-0.375000	0.039063
996	-0.359375	0.093750
997	-0.320313	-0.187500
998	-0.500000	0.234375
999	-0.320313	0.156250
