0	-1.000000	-1.000000
1	-0.984375	-0.992188
2	-1.000000	-1.000000
3	-1.000000	-1.000000
4	-0.984375	-0.992188
5	-1.000000	-1.000000
6	-0.968750	-0.984375
7	-1.000000	-1.000000
8	-1.000000	-1.000000
9	-1.000000	-1.000000
10	-1.000000	-1.000000
11	-1.000000	-1.000000
12	-1.000000	-1.000000
13	-1.000000	-1.000000
14	-0.984375	-0.992188
15	-1.000000	-1.000000
16	-0.984375	-0.992188
17	-1.000000	-1.000000
18	-1.000000	-1.000000
19	-1.000000	-1.000000
20	-0.984375	-0.992188
21	-1.000000	-1.000000
22	-1.000000	-1.000000
23	-0.984375	-0.992188
24	-1.000000	-1.000000
25	-0.953125	-0.976563
26	-1.000000	-1.000000
27	-1.000000	-1.000000
28	-0.968750	-0.984375
29	-1.000000	-1.000000
30	-1.000000	-1.000000
31	-0.984375	-0.992188
32	-1.000000	-1.000000
33	-1.000000	-1.000000
34	-0.984375	-0.992188
35	-0.968750	-0.984375
36	-1.000000	-1.000000
37	-0.984375	-0.992188
38	-0.984375	-0.992188
39	-0.984375	-0.992188
40	-1.000000	-1.000000
41	-0.984375	-0.992188
42	-1.000000	-1.000000
43	-1.000000	-1.000000
44	-0.984375	-0.992188
45	-1.000000	-1.000000
46	-1.000000	-1.000000
47	-0.984375	-0.992188
48	-1.000000	-1.000000
49	-1.000000	-1.000000
50	-0.984375	-0.992188
51	-1.000000	-1.000000
52	-1.000000	-1.000000
53	-1.000000	-1.000000
54	-1.000000	-1.000000
55	-1.000000	-1.000000
56	-1.000000	-1.000000
57	-0.984375	-0.992188
58	-0.984375	-0.992188
59	-1.000000	-1.000000
60	-1.000000	-1.000000
61	-0.968750	-0.984375
62	-0.968750	-0.984375
63	-1.000000	-1.000000
64	-1.000000	-1.000000
65	-1.000000	-1.000000
66	-1.000000	-1.000000
67	-1.000000	-1.000000
68	-0.976563	-0.984375
69	-1.000000	-1.000000
70	-1.000000	-1.000000
71	-0.984375	-0.992188
72	-1.000000	-1.000000
73	-0.984375	-0.992188
74	-1.000000	-1.000000
75	-1.000000	-1.000000
76	-1.000000	-1.000000
77	-1.000000	-1.000000
78	-1.000000	-1.000000
79	-1.000000	-1.000000
80	-0.984375	-0.992188
81	-1.000000	-1.000000
82	-1.000000	-1.000000
83	-1.000000	-1.000000
84	-1.000000	-1.000000
85	-1.000000	-1.000000
86	-1.000000	-1.000000
87	-1.000000	-1.000000
88	-0.968750	-0.976563
89	-1.000000	-1.000000
90	-0.953125	-0.976563
91	-1.000000	-1.000000
92	-1.000000	-1.000000
93	-1.000000	-1.000000
94	-1.000000	-1.000000
95	-0.984375	-0.992188
96	-0.984375	-0.992188
97	-1.000000	-1.000000
98	-1.000000	-1.000000
99	-0.984375	-0.992188
100	-1.000000	-1.000000
101	-0.984375	-0.992188
102	-0.984375	-0.992188
103	-1.000000	-1.000000
104	-1.000000	-1.000000
105	-1.000000	-1.000000
106	-1.000000	-1.000000
107	-0.984375	-0.992188
108	-1.000000	-1.000000
109	-1.000000	-1.000000
110	-1.000000	-1.000000
111	-1.000000	-1.000000
112	-1.000000	-1.000000
113	-1.000000	-1.000000
114	-1.000000	-1.000000
115	-1.000000	-1.000000
116	-1.000000	-1.000000
117	-1.000000	-1.000000
118	-0.984375	-0.992188
119	-0.984375	-0.992188
120	-1.000000	-1.000000
121	-0.984375	-0.992188
122	-0.984375	-0.992188
123	-1.000000	-1.000000
124	-0.984375	-0.992188
125	-1.000000	-1.000000
126	-1.000000	-1.000000
127	-1.000000	-1.000000
128	-1.000000	-1.000000
129	-1.000000	-1.000000
130	-1.000000	-1.000000
131	-1.000000	-1.000000
132	-0.968750	-0.984375
133	-0.976563	-0.984375
134	-1.000000	-1.000000
135	-1.000000	-1.000000
136	-1.000000	-1.000000
137	-1.000000	-1.000000
138	-0.984375	-0.992188
139	-1.000000	-1.000000
140	-0.976563	-0.984375
141	-0.984375	-0.992188
142	-1.000000	-1.000000
143	-0.984375	-0.992188
144	-0.984375	-0.992188
145	-1.000000	-1.000000
146	-1.000000	-1.000000
147	-1.000000	-1.000000
148	-1.000000	-1.000000
149	-1.000000	-1.000000
150	-1.000000	-1.000000
151	-1.000000	-1.000000
152	-1.000000	-1.000000
153	-1.000000	-1.000000
154	-1.000000	-1.000000
155	-1.000000	-1.000000
156	-1.000000	-1.000000
157	-1.000000	-1.000000
158	-0.984375	-0.992188
159	-1.000000	-1.000000
160	-0.984375	-0.992188
161	-1.000000	-1.000000
162	-1.000000	-1.000000
163	-0.984375	-0.992188
164	-1.000000	-1.000000
165	-1.000000	-1.000000
166	-1.000000	-1.000000
167	-0.984375	-0.992188
168	-1.000000	-1.000000
169	-0.976563	-0.984375
170	-1.000000	-1.000000
171	-1.000000	-1.000000
172	-1.000000	-1.000000
173	-1.000000	-1.000000
174	-1.000000	-1.000000
175	-1.000000	-1.000000
176	-1.000000	-1.000000
177	-1.000000	-1.000000
178	-1.000000	-1.000000
179	-0.984375	-0.992188
180	-0.984375	-0.992188
181	-1.000000	-1.000000
182	-1.000000	-1.000000
183	-1.000000	-1.000000
184	-0.968750	-0.984375
185	-1.000000	-1.000000
186	-0.984375	-0.992188
187	-1.000000	-1.000000
188	-1.000000	-1.000000
189	-0.968750	-0.984375
190	-1.000000	-1.000000
191	-0.953125	-0.976563
192	-1.000000	-1.000000
193	-0.984375	-0.992188
194	-1.000000	-1.000000
195	-1.000000	-1.000000
196	-1.000000	-1.000000
197	-1.000000	-1.000000
198	-0.984375	-0.992188
199	-1.000000	-1.000000
200	-1.000000	-1.000000
201	-0.968750	-0.984375
202	-1.000000	-1.000000
203	-1.000000	-1.000000
204	-0.984375	-0.992188
205	-0.984375	-0.992188
206	-1.000000	-1.000000
207	-1.000000	-1.000000
208	-1.000000	-1.000000
209	-0.984375	-0.992188
210	-1.000000	-1.000000
211	-1.000000	-1.000000
212	-1.000000	-1.000000
213	-0.984375	-0.992188
214	-1.000000	-1.000000
215	-1.000000	-1.000000
216	-1.000000	-1.000000
217	-0.984375	-0.992188
218	-1.000000	-1.000000
219	-1.000000	-1.000000
220	-0.984375	-0.992188
221	-0.984375	-0.992188
222	-1.000000	-1.000000
223	-1.000000	-1.000000
224	-1.000000	-1.000000
225	-0.984375	-0.992188
226	-1.000000	-1.000000
227	-1.000000	-1.000000
228	-0.984375	-0.992188
229	-1.000000	-1.000000
230	-1.000000	-1.000000
231	-1.000000	-1.000000
232	-1.000000	-1.000000
233	-1.000000	-1.000000
234	-1.000000	-1.000000
235	-0.984375	-0.992188
236	-1.000000	-1.000000
237	-0.984375	-0.992188
238	-1.000000	-1.000000
239	-1.000000	-1.000000
240	-0.953125	-0.976563
241	-1.000000	-1.000000
242	-1.000000	-1.000000
243	-0.984375	-0.992188
244	-1.000000	-1.000000
245	-1.000000	-1.000000
246	-1.000000	-1.000000
247	-1.000000	-1.000000
248	-1.000000	-1.000000
249	-1.000000	-1.000000
250	-1.000000	-1.000000
251	-1.000000	-1.000000
252	-1.000000	-1.000000
253	-0.984375	-0.992188
254	-1.000000	-1.000000
255	-0.984375	-0.992188
256	-0.984375	-0.992188
257	-1.000000	-1.000000
258	-0.984375	-0.992188
259	-0.984375	-0.992188
260	-0.984375	-0.992188
261	-0.984375	-0.992188
262	-1.000000	-1.000000
263	-1.000000	-1.000000
264	-1.000000	-1.000000
265	-0.984375	-0.992188
266	-0.984375	-0.992188
267	-1.000000	-1.000000
268	-1.000000	-1.000000
269	-1.000000	-1.000000
270	-1.000000	-1.000000
271	-1.000000	-1.000000
272	-1.000000	-1.000000
273	-0.984375	-0.992188
274	-1.000000	-1.000000
275	-1.000000	-1.000000
276	-1.000000	-1.000000
277	-1.000000	-1.000000
278	-1.000000	-1.000000
279	-0.984375	-0.992188
280	-1.000000	-1.000000
281	-0.984375	-0.992188
282	-1.000000	-1.000000
283	-1.000000	-1.000000
284	-1.000000	-1.000000
285	-0.984375	-0.992188
286	-1.000000	-1.000000
287	-1.000000	-1.000000
288	-0.984375	-0.992188
289	-1.000000	-1.000000
290	-0.984375	-0.992188
291	-1.000000	-1.000000
292	-1.000000	-1.000000
293	-1.000000	-1.000000
294	-0.968750	-0.984375
295	-1.000000	-1.000000
296	-1.000000	-1.000000
297	-1.000000	-1.000000
298	-1.000000	-1.000000
299	-0.984375	-0.992188
300	-0.984375	-0.992188
301	-1.000000	-1.000000
302	-1.000000	-1.000000
303	-0.984375	-0.992188
304	-0.984375	-0.992188
305	-0.960938	-0.976563
306	-1.000000	-1.000000
307	-1.000000	-1.000000
308	-1.000000	-1.000000
309	-1.000000	-1.000000
310	-0.984375	-0.992188
311	-1.000000	-1.000000
312	-1.000000	-1.000000
313	-1.000000	-1.000000
314	-0.984375	-0.992188
315	-1.000000	-1.000000
316	-0.984375	-0.992188
317	-1.000000	-1.000000
318	-1.000000	-1.000000
319	-0.984375	-0.992188
320	-0.984375	-0.992188
321	-1.000000	-1.000000
322	-1.000000	-1.000000
323	-0.984375	-0.992188
324	-0.984375	-0.992188
325	-1.000000	-1.000000
326	-1.000000	-1.000000
327	-1.000000	-1.000000
328	-1.000000	-1.000000
329	-1.000000	-1.000000
330	-1.000000	-1.000000
331	-0.984375	-0.992188
332	-0.984375	-0.992188
333	-1.000000	-1.000000
334	-1.000000	-1.000000
335	-0.984375	-0.992188
336	-1.000000	-1.000000
337	-1.000000	-1.000000
338	-0.984375	-0.992188
339	-0.976563	-0.984375
340	-1.000000	-1.000000
341	-1.000000	-1.000000
342	-1.000000	-1.000000
343	-1.000000	-1.000000
344	-0.984375	-0.992188
345	-1.000000	-1.000000
346	-1.000000	-1.000000
347	-1.000000	-1.000000
348	-0.968750	-0.984375
349	-1.000000	-1.000000
350	-1.000000	-1.000000
351	-0.984375	-0.992188
352	-1.000000	-1.000000
353	-1.000000	-1.000000
354	-1.000000	-1.000000
355	-1.000000	-1.000000
356	-0.976563	-0.984375
357	-1.000000	-1.000000
358	-1.000000	-1.000000
359	-1.000000	-1.000000
360	-0.984375	-0.992188
361	-1.000000	-1.000000
362	-1.000000	-1.000000
363	-1.000000	-1.000000
364	-1.000000	-1.000000
365	-1.000000	-1.000000
366	-0.984375	-0.992188
367	-1.000000	-1.000000
368	-0.984375	-0.992188
369	-1.000000	-1.000000
370	-1.000000	-1.000000
371	-0.984375	-0.992188
372	-1.000000	-1.000000
373	-1.000000	-1.000000
374	-1.000000	-1.000000
375	-1.000000	-1.000000
376	-1.000000	-1.000000
377	-1.000000	-1.000000
378	-1.000000	-1.000000
379	-1.000000	-1.000000
380	-1.000000	-1.000000
381	-1.000000	-1.000000
382	-1.000000	-1.000000
383	-1.000000	-1.000000
384	-1.000000	-1.000000
385	-1.000000	-1.000000
386	-0.984375	-0.992188
387	-0.984375	-0.992188
388	-1.000000	-1.000000
389	-0.984375	-0.992188
390	-1.000000	-1.000000
391	-1.000000	-1.000000
392	-1.000000	-1.000000
393	-1.000000	-1.000000
394	-0.976563	-0.984375
395	-0.984375	-0.992188
396	-1.000000	-1.000000
397	-1.000000	-1.000000
398	-0.968750	-0.984375
399	-1.000000	-1.000000
400	-1.000000	-1.000000
401	-1.000000	-1.000000
402	-1.000000	-1.000000
403	-1.000000	-1.000000
404	-1.000000	-1.000000
405	-0.984375	-0.992188
406	-1.000000	-1.000000
407	-0.984375	-0.992188
408	-1.000000	-1.000000
409	-0.984375	-0.992188
410	-0.984375	-0.992188
411	-0.984375	-0.992188
412	-0.968750	-0.984375
413	-1.000000	-1.000000
414	-1.000000	-1.000000
415	-1.000000	-1.000000
416	-1.000000	-1.000000
417	-1.000000	-1.000000
418	-1.000000	-1.000000
419	-0.984375	-0.992188
420	-1.000000	-1.000000
421	-1.000000	-1.000000
422	-1.000000	-1.000000
423	-1.000000	-1.000000
424	-1.000000	-1.000000
425	-1.000000	-1.000000
426	-0.984375	-0.992188
427	-1.000000	-1.000000
428	-1.000000	-1.000000
429	-1.000000	-1.000000
430	-1.000000	-1.000000
431	-1.000000	-1.000000
432	-1.000000	-1.000000
433	-1.000000	-1.000000
434	-1.000000	-1.000000
435	-0.984375	-0.992188
436	-1.000000	-1.000000
437	-1.000000	-1.000000
438	-1.000000	-1.000000
439	-1.000000	-1.000000
440	-1.000000	-1.000000
441	-1.000000	-1.000000
442	-1.000000	-1.000000
443	-1.000000	-1.000000
444	-1.000000	-1.000000
445	-1.000000	-1.000000
446	-1.000000	-1.000000
447	-1.000000	-1.000000
448	-0.984375	-0.992188
449	-1.000000	-1.000000
450	-0.984375	-0.992188
451	-0.984375	-0.992188
452	-1.000000	-1.000000
453	-1.000000	-1.000000
454	-1.000000	-1.000000
455	-1.000000	-1.000000
456	-0.984375	-0.992188
457	-1.000000	-1.000000
458	-1.000000	-1.000000
459	-1.000000	-1.000000
460	-1.000000	-1.000000
461	-1.000000	-1.000000
462	-1.000000	-1.000000
463	-0.984375	-0.992188
464	-1.000000	-1.000000
465	-1.000000	-1.000000
466	-0.984375	-0.992188
467	-1.000000	-1.000000
468	-1.000000	-1.000000
469	-0.968750	-0.984375
470	-0.984375	-0.992188
471	-1.000000	-1.000000
472	-0.960938	-0.976563
473	-1.000000	-1.000000
474	-1.000000	-1.000000
475	-0.984375	-0.992188
476	-1.000000	-1.000000
477	-1.000000	-1.000000
478	-1.000000	-1.000000
479	-1.000000	-1.000000
480	-1.000000	-1.000000
481	-1.000000	-1.000000
482	-0.968750	-0.984375
483	-1.000000	-1.000000
484	-1.000000	-1.000000
485	-1.000000	-1.000000
486	-0.984375	-0.992188
487	-1.000000	-1.000000
488	-0.976563	-0.984375
489	-1.000000	-1.000000
490	-1.000000	-1.000000
491	-1.000000	-1.000000
492	-1.000000	-1.000000
493	-0.968750	-0.984375
494	-1.000000	-1.000000
495	-1.000000	-1.000000
496	-0.984375	-0.992188
497	-1.000000	-1.000000
498	-0.984375	-0.992188
499	-1.000000	-1.000000
500	-0.984375	-0.992188
501	-1.000000	-1.000000
502	-1.000000	-1.000000
503	-1.000000	-1.000000
504	-1.000000	-1.000000
505	-1.000000	-1.000000
506	-0.984375	-0.992188
507	-1.000000	-1.000000
508	-1.000000	-1.000000
509	-0.984375	-0.992188
510	-1.000000	-1.000000
511	-1.000000	-1.000000
512	-0.984375	-0.992188
513	-0.984375	-0.992188
514	-1.000000	-1.000000
515	-0.984375	-0.992188
516	-0.984375	-0.992188
517	-1.000000	-1.000000
518	-0.984375	-0.992188
519	-1.000000	-1.000000
520	-1.000000	-1.000000
521	-1.000000	-1.000000
522	-1.000000	-1.000000
523	-0.984375	-0.992188
524	-1.000000	-1.000000
525	-1.000000	-1.000000
526	-1.000000	-1.000000
527	-1.000000	-1.000000
528	-1.000000	-1.000000
529	-0.984375	-0.992188
530	-1.000000	-1.000000
531	-0.984375	-0.992188
532	-1.000000	-1.000000
533	-1.000000	-1.000000
534	-0.984375	-0.992188
535	-1.000000	-1.000000
536	-0.984375	-0.992188
537	-1.000000	-1.000000
538	-1.000000	-1.000000
539	-1.000000	-1.000000
540	-1.000000	-1.000000
541	-1.000000	-1.000000
542	-0.984375	-0.992188
543	-1.000000	-1.000000
544	-1.000000	-1.000000
545	-1.000000	-1.000000
546	-1.000000	-1.000000
547	-0.968750	-0.984375
548	-1.000000	-1.000000
549	-1.000000	-1.000000
550	-1.000000	-1.000000
551	-1.000000	-1.000000
552	-1.000000	-1.000000
553	-1.000000	-1.000000
554	-1.000000	-1.000000
555	-1.000000	-1.000000
556	-1.000000	-1.000000
557	-1.000000	-1.000000
558	-1.000000	-1.000000
559	-0.984375	-0.992188
560	-1.000000	-1.000000
561	-0.984375	-0.992188
562	-1.000000	-1.000000
563	-1.000000	-1.000000
564	-0.984375	-0.992188
565	-1.000000	-1.000000
566	-1.000000	-1.000000
567	-1.000000	-1.000000
568	-0.984375	-0.992188
569	-1.000000	-1.000000
570	-1.000000	-1.000000
571	-0.984375	-0.992188
572	-0.984375	-0.992188
573	-1.000000	-1.000000
574	-1.000000	-1.000000
575	-1.000000	-1.000000
576	-0.984375	-0.992188
577	-1.000000	-1.000000
578	-1.000000	-1.000000
579	-1.000000	-1.000000
580	-1.000000	-1.000000
581	-0.976563	-0.984375
582	-1.000000	-1.000000
583	-0.984375	-0.992188
584	-1.000000	-1.000000
585	-1.000000	-1.000000
586	-1.000000	-1.000000
587	-0.984375	-0.992188
588	-1.000000	-1.000000
589	-1.000000	-1.000000
590	-1.000000	-1.000000
591	-0.976563	-0.984375
592	-1.000000	-1.000000
593	-0.984375	-0.992188
594	-1.000000	-1.000000
595	-1.000000	-1.000000
596	-1.000000	-1.000000
597	-1.000000	-1.000000
598	-1.000000	-1.000000
599	-0.968750	-0.984375
600	-1.000000	-1.000000
601	-1.000000	-1.000000
602	-0.984375	-0.992188
603	-1.000000	-1.000000
604	-1.000000	-1.000000
605	-1.000000	-1.000000
606	-1.000000	-1.000000
607	-0.984375	-0.992188
608	-1.000000	-1.000000
609	-0.984375	-0.992188
610	-1.000000	-1.000000
611	-1.000000	-1.000000
612	-1.000000	-1.000000
613	-1.000000	-1.000000
614	-1.000000	-1.000000
615	-0.968750	-0.984375
616	-0.984375	-0.992188
617	-1.000000	-1.000000
618	-1.000000	-1.000000
619	-0.984375	-0.992188
620	-1.000000	-1.000000
621	-0.984375	-0.992188
622	-1.000000	-1.000000
623	-1.000000	-1.000000
624	-1.000000	-1.000000
625	-0.945313	-0.968750
626	-1.000000	-1.000000
627	-1.000000	-1.000000
628	-0.968750	-0.984375
629	-1.000000	-1.000000
630	-1.000000	-1.000000
631	-1.000000	-1.000000
632	-0.984375	-0.992188
633	-0.984375	-0.992188
634	-1.000000	-1.000000
635	-1.000000	-1.000000
636	-1.000000	-1.000000
637	-0.984375	-0.992188
638	-1.000000	-1.000000
639	-1.000000	-1.000000
640	-1.000000	-1.000000
641	-1.000000	-1.000000
642	-1.000000	-1.000000
643	-1.000000	-1.000000
644	-1.000000	-1.000000
645	-1.000000	-1.000000
646	-1.000000	-1.000000
647	-1.000000	-1.000000
648	-1.000000	-1.000000
649	-0.984375	-0.992188
650	-1.000000	-1.000000
651	-1.000000	-1.000000
652	-1.000000	-1.000000
653	-0.953125	-0.976563
654	-1.000000	-1.000000
655	-1.000000	-1.000000
656	-1.000000	-1.000000
657	-0.984375	-0.992188
658	-1.000000	-1.000000
659	-1.000000	-1.000000
660	-1.000000	-1.000000
661	-0.984375	-0.992188
662	-1.000000	-1.000000
663	-1.000000	-1.000000
664	-1.000000	-1.000000
665	-1.000000	-1.000000
666	-0.984375	-0.992188
667	-0.984375	-0.992188
668	-0.968750	-0.984375
669	-0.984375	-0.992188
670	-1.000000	-1.000000
671	-1.000000	-1.000000
672	-0.968750	-0.984375
673	-1.000000	-1.000000
674	-1.000000	-1.000000
675	-0.984375	-0.992188
676	-1.000000	-1.000000
677	-0.984375	-0.992188
678	-1.000000	-1.000000
679	-0.984375	-0.992188
680	-0.984375	-0.992188
681	-1.000000	-1.000000
682	-1.000000	-1.000000
683	-1.000000	-1.000000
684	-1.000000	-1.000000
685	-1.000000	-1.000000
686	-1.000000	-1.000000
687	-1.000000	-1.000000
688	-0.984375	-0.992188
689	-1.000000	-1.000000
690	-1.000000	-1.000000
691	-1.000000	-1.000000
692	-1.000000	-1.000000
693	-1.000000	-1.000000
694	-1.000000	-1.000000
695	-1.000000	-1.000000
696	-1.000000	-1.000000
697	-1.000000	-1.000000
698	-1.000000	-1.000000
699	-1.000000	-1.000000
700	-1.000000	-1.000000
701	-1.000000	-1.000000
702	-1.000000	-1.000000
703	-1.000000	-1.000000
704	-1.000000	-1.000000
705	-0.984375	-0.992188
706	-1.000000	-1.000000
707	-1.000000	-1.000000
708	-1.000000	-1.000000
709	-1.000000	-1.000000
710	-1.000000	-1.000000
711	-1.000000	-1.000000
712	-1.000000	-1.000000
713	-1.000000	-1.000000
714	-0.976563	-0.984375
715	-0.984375	-0.992188
716	-1.000000	-1.000000
717	-1.000000	-1.000000
718	-0.984375	-0.992188
719	-1.000000	-1.000000
720	-0.984375	-0.992188
721	-0.984375	-0.992188
722	-0.968750	-0.984375
723	-1.000000	-1.000000
724	-1.000000	-1.000000
725	-0.976563	-0.984375
726	-1.000000	-1.000000
727	-0.984375	-0.992188
728	-0.984375	-0.992188
729	-1.000000	-1.000000
730	-1.000000	-1.000000
731	-1.000000	-1.000000
732	-1.000000	-1.000000
733	-1.000000	-1.000000
734	-0.984375	-0.992188
735	-1.000000	-1.000000
736	-1.000000	-1.000000
737	-0.984375	-0.992188
738	-0.984375	-0.992188
739	-1.000000	-1.000000
740	-1.000000	-1.000000
741	-1.000000	-1.000000
742	-1.000000	-1.000000
743	-1.000000	-1.000000
744	-1.000000	-1.000000
745	-0.984375	-0.992188
746	-1.000000	-1.000000
747	-1.000000	-1.000000
748	-1.000000	-1.000000
749	-1.000000	-1.000000
750	-1.000000	-1.000000
751	-1.000000	-1.000000
752	-1.000000	-1.000000
753	-1.000000	-1.000000
754	-1.000000	-1.000000
755	-1.000000	-1.000000
756	-1.000000	-1.000000
757	-1.000000	-1.000000
758	-0.984375	-0.992188
759	-0.984375	-0.992188
760	-1.000000	-1.000000
761	-1.000000	-1.000000
762	-0.968750	-0.984375
763	-0.984375	-0.992188
764	-1.000000	-1.000000
765	-1.000000	-1.000000
766	-1.000000	-1.000000
767	-1.000000	-1.000000
768	-1.000000	-1.000000
769	-1.000000	-1.000000
770	-1.000000	-1.000000
771	-1.000000	-1.000000
772	-1.000000	-1.000000
773	-0.984375	-0.992188
774	-1.000000	-1.000000
775	-0.984375	-0.992188
776	-1.000000	-1.000000
777	-1.000000	-1.000000
778	-0.968750	-0.984375
779	-1.000000	-1.000000
780	-1.000000	-1.000000
781	-1.000000	-1.000000
782	-1.000000	-1.000000
783	-1.000000	-1.000000
784	-0.984375	-0.992188
785	-0.984375	-0.992188
786	-1.000000	-1.000000
787	-0.976563	-0.984375
788	-0.984375	-0.992188
789	-1.000000	-1.000000
790	-1.000000	-1.000000
791	-1.000000	-1.000000
792	-1.000000	-1.000000
793	-1.000000	-1.000000
794	-1.000000	-1.000000
795	-1.000000	-1.000000
796	-1.000000	-1.000000
797	-1.000000	-1.000000
798	-1.000000	-1.000000
799	-0.984375	-0.992188
800	-1.000000	-1.000000
801	-1.000000	-1.000000
802	-1.000000	-1.000000
803	-1.000000	-1.000000
804	-0.984375	-0.992188
805	-1.000000	-1.000000
806	-1.000000	-1.000000
807	-0.976563	-0.984375
808	-0.984375	-0.992188
809	-1.000000	-1.000000
810	-0.976563	-0.984375
811	-1.000000	-1.000000
812	-1.000000	-1.000000
813	-0.984375	-0.992188
814	-0.984375	-0.992188
815	-1.000000	-1.000000
816	-1.000000	-1.000000
817	-0.984375	-0.992188
818	-0.968750	-0.984375
819	-1.000000	-1.000000
820	-1.000000	-1.000000
821	-1.000000	-1.000000
822	-1.000000	-1.000000
823	-1.000000	-1.000000
824	-1.000000	-1.000000
825	-1.000000	-1.000000
826	-1.000000	-1.000000
827	-1.000000	-1.000000
828	-1.000000	-1.000000
829	-1.000000	-1.000000
830	-0.960938	-0.976563
831	-1.000000	-1.000000
832	-1.000000	-1.000000
833	-1.000000	-1.000000
834	-1.000000	-1.000000
835	-1.000000	-1.000000
836	-1.000000	-1.000000
837	-0.984375	-0.992188
838	-0.984375	-0.992188
839	-1.000000	-1.000000
840	-0.984375	-0.992188
841	-1.000000	-1.000000
842	-1.000000	-1.000000
843	-1.000000	-1.000000
844	-1.000000	-1.000000
845	-0.984375	-0.992188
846	-1.000000	-1.000000
847	-0.984375	-0.992188
848	-1.000000	-1.000000
849	-1.000000	-1.000000
850	-1.000000	-1.000000
851	-1.000000	-1.000000
852	-1.000000	-1.000000
853	-1.000000	-1.000000
854	-0.984375	-0.992188
855	-1.000000	-1.000000
856	-1.000000	-1.000000
857	-1.000000	-1.000000
858	-1.000000	-1.000000
859	-1.000000	-1.000000
860	-1.000000	-1.000000
861	-1.000000	-1.000000
862	-1.000000	-1.000000
863	-0.984375	-0.992188
864	-1.000000	-1.000000
865	-1.000000	-1.000000
866	-1.000000	-1.000000
867	-1.000000	-1.000000
868	-1.000000	-1.000000
869	-0.984375	-0.992188
870	-1.000000	-1.000000
871	-1.000000	-1.000000
872	-0.984375	-0.992188
873	-1.000000	-1.000000
874	-1.000000	-1.000000
875	-1.000000	-1.000000
876	-1.000000	-1.000000
877	-1.000000	-1.000000
878	-1.000000	-1.000000
879	-1.000000	-1.000000
880	-1.000000	-1.000000
881	-0.984375	-0.992188
882	-1.000000	-1.000000
883	-1.000000	-1.000000
884	-1.000000	-1.000000
885	-1.000000	-1.000000
886	-1.000000	-1.000000
887	-0.984375	-0.992188
888	-1.000000	-1.000000
889	-0.984375	-0.992188
890	-1.000000	-1.000000
891	-1.000000	-1.000000
892	-0.968750	-0.984375
893	-1.000000	-1.000000
894	-1.000000	-1.000000
895	-1.000000	-1.000000
896	-0.984375	-0.992188
897	-1.000000	-1.000000
898	-1.000000	-1.000000
899	-1.000000	-1.000000
900	-1.000000	-1.000000
901	-0.984375	-0.992188
902	-0.984375	-0.992188
903	-1.000000	-1.000000
904	-1.000000	-1.000000
905	-1.000000	-1.000000
906	-1.000000	-1.000000
907	-1.000000	-1.000000
908	-1.000000	-1.000000
909	-1.000000	-1.000000
910	-0.984375	-0.992188
911	-1.000000	-1.000000
912	-0.968750	-0.984375
913	-1.000000	-1.000000
914	-1.000000	-1.000000
915	-1.000000	-1.000000
916	-0.984375	-0.992188
917	-1.000000	-1.000000
918	-0.984375	-0.992188
919	-1.000000	-1.000000
920	-1.000000	-1.000000
921	-1.000000	-1.000000
922	-1.000000	-1.000000
923	-1.000000	-1.000000
924	-1.000000	-1.000000
925	-1.000000	-1.000000
926	-1.000000	-1.000000
927	-1.000000	-1.000000
928	-1.000000	-1.000000
929	-1.000000	-1.000000
930	-1.000000	-1.000000
931	-1.000000	-1.000000
932	-1.000000	-1.000000
933	-1.000000	-1.000000
934	-1.000000	-1.000000
935	-0.984375	-0.992188
936	-1.000000	-1.000000
937	-1.000000	-1.000000
938	-1.000000	-1.000000
939	-1.000000	-1.000000
940	-1.000000	-1.000000
941	-0.984375	-0.992188
942	-1.000000	-1.000000
943	-0.984375	-0.992188
944	-1.000000	-1.000000
945	-1.000000	-1.000000
946	-1.000000	-1.000000
947	-0.968750	-0.984375
948	-1.000000	-1.000000
949	-1.000000	-1.000000
950	-0.984375	-0.992188
951	-0.984375	-0.992188
952	-1.000000	-1.000000
953	-1.000000	-1.000000
954	-0.984375	-0.992188
955	-1.000000	-1.000000
956	-1.000000	-1.000000
957	-0.984375	-0.992188
958	-1.000000	-1.000000
959	-1.000000	-1.000000
960	-1.000000	-1.000000
961	-1.000000	-1.000000
962	-1.000000	-1.000000
963	-0.984375	-0.992188
964	-0.984375	-0.992188
965	-1.000000	-1.000000
966	-1.000000	-1.000000
967	-1.000000	-1.000000
968	-1.000000	-1.000000
969	-1.000000	-1.000000
970	-0.984375	-0.992188
971	-0.984375	-0.992188
972	-1.000000	-1.000000
973	-1.000000	-1.000000
974	-0.984375	-0.992188
975	-1.000000	-1.000000
976	-1.000000	-1.000000
977	-1.000000	-1.000000
978	-1.000000	-1.000000
979	-1.000000	-1.000000
980	-1.000000	-1.000000
981	-1.000000	-1.000000
982	-0.984375	-0.992188
983	-1.000000	-1.000000
984	-1.000000	-1.000000
985	-1.000000	-1.000000
986	-0.984375	-0.992188
987	-1.000000	-1.000000
988	-1.000000	-1.000000
989	-1.000000	-1.000000
990	-0.968750	-0.984375
991	-1.000000	-1.000000
992	-1.000000	-1.000000
993	-1.000000	-1.000000
994	-1.000000	-1.000000
995	-0.968750	-0.984375
996	-1.000000	-1.000000
997	-0.984375	-0.992188
998	-1.000000	-1.000000
999	-1.000000	-1.000000
