0	-1.000000	-1.000000
1	-1.000000	-1.000000
2	-1.000000	-1.000000
3	-1.000000	-1.000000
4	-1.000000	-1.000000
5	-1.000000	-1.000000
6	-1.000000	-1.000000
7	-1.000000	-1.000000
8	-1.000000	-1.000000
9	-1.000000	-1.000000
10	-1.000000	-1.000000
11	-1.000000	-1.000000
12	-1.000000	-1.000000
13	-1.000000	-1.000000
14	-1.000000	-1.000000
15	-1.000000	-1.000000
16	-1.000000	-1.000000
17	-0.984375	-0.992188
18	-0.984375	-0.992188
19	-1.000000	-1.000000
20	-1.000000	-1.000000
21	-0.984375	-0.992188
22	-1.000000	-1.000000
23	-1.000000	-1.000000
24	-1.000000	-1.000000
25	-0.976563	-0.984375
26	-0.976563	-0.984375
27	-1.000000	-1.000000
28	-1.000000	-1.000000
29	-1.000000	-1.000000
30	-1.000000	-1.000000
31	-1.000000	-1.000000
32	-1.000000	-1.000000
33	-1.000000	-1.000000
34	-0.968750	-0.984375
35	-1.000000	-1.000000
36	-0.984375	-0.992188
37	-1.000000	-1.000000
38	-1.000000	-1.000000
39	-1.000000	-1.000000
40	-1.000000	-1.000000
41	-0.976563	-0.984375
42	-0.968750	-0.984375
43	-1.000000	-1.000000
44	-1.000000	-1.000000
45	-0.984375	-0.992188
46	-1.000000	-1.000000
47	-0.984375	-0.992188
48	-0.976563	-0.984375
49	-1.000000	-1.000000
50	-0.984375	-0.992188
51	-1.000000	-1.000000
52	-1.000000	-1.000000
53	-1.000000	-1.000000
54	-0.984375	-0.992188
55	-1.000000	-1.000000
56	-1.000000	-1.000000
57	-1.000000	-1.000000
58	-0.984375	-0.992188
59	-1.000000	-1.000000
60	-0.976563	-0.984375
61	-1.000000	-1.000000
62	-0.984375	-0.992188
63	-1.000000	-1.000000
64	-0.960938	-0.976563
65	-1.000000	-1.000000
66	-1.000000	-1.000000
67	-1.000000	-1.000000
68	-0.976563	-0.984375
69	-0.984375	-0.992188
70	-1.000000	-1.000000
71	-0.984375	-0.992188
72	-1.000000	-1.000000
73	-1.000000	-1.000000
74	-1.000000	-1.000000
75	-1.000000	-1.000000
76	-0.984375	-0.992188
77	-1.000000	-1.000000
78	-1.000000	-1.000000
79	-0.984375	-0.992188
80	-1.000000	-1.000000
81	-0.984375	-0.992188
82	-1.000000	-1.000000
83	-0.984375	-0.992188
84	-1.000000	-1.000000
85	-1.000000	-1.000000
86	-1.000000	-1.000000
87	-0.984375	-0.992188
88	-1.000000	-1.000000
89	-1.000000	-1.000000
90	-1.000000	-1.000000
91	-1.000000	-1.000000
92	-0.968750	-0.984375
93	-1.000000	-1.000000
94	-1.000000	-1.000000
95	-1.000000	-1.000000
96	-1.000000	-1.000000
97	-1.000000	-1.000000
98	-0.984375	-0.992188
99	-1.000000	-1.000000
100	-1.000000	-1.000000
101	-1.000000	-1.000000
102	-1.000000	-1.000000
103	-1.000000	-1.000000
104	-1.000000	-1.000000
105	-0.984375	-0.992188
106	-1.000000	-1.000000
107	-1.000000	-1.000000
108	-0.984375	-0.992188
109	-1.000000	-1.000000
110	-1.000000	-1.000000
111	-0.968750	-0.984375
112	-1.000000	-1.000000
113	-1.000000	-1.000000
114	-1.000000	-1.000000
115	-0.984375	-0.992188
116	-1.000000	-1.000000
117	-0.984375	-0.992188
118	-0.984375	-0.992188
119	-0.984375	-0.992188
120	-1.000000	-1.000000
121	-0.984375	-0.992188
122	-0.984375	-0.992188
123	-1.000000	-1.000000
124	-0.968750	-0.984375
125	-1.000000	-1.000000
126	-0.984375	-0.992188
127	-0.984375	-0.992188
128	-1.000000	-1.000000
129	-1.000000	-1.000000
130	-1.000000	-1.000000
131	-0.984375	-0.992188
132	-0.984375	-0.992188
133	-0.984375	-0.992188
134	-1.000000	-1.000000
135	-0.984375	-0.992188
136	-0.984375	-0.992188
137	-1.000000	-1.000000
138	-1.000000	-1.000000
139	-1.000000	-1.000000
140	-1.000000	-1.000000
141	-1.000000	-1.000000
142	-1.000000	-1.000000
143	-0.984375	-0.992188
144	-1.000000	-1.000000
145	-1.000000	-1.000000
146	-0.984375	-0.992188
147	-0.984375	-0.992188
148	-1.000000	-1.000000
149	-1.000000	-1.000000
150	-0.984375	-0.992188
151	-0.968750	-0.984375
152	-1.000000	-1.000000
153	-0.968750	-0.984375
154	-0.984375	-0.992188
155	-1.000000	-1.000000
156	-1.000000	-1.000000
157	-1.000000	-1.000000
158	-0.984375	-0.992188
159	-1.000000	-1.000000
160	-0.984375	-0.992188
161	-1.000000	-1.000000
162	-1.000000	-1.000000
163	-0.984375	-0.992188
164	-1.000000	-1.000000
165	-0.953125	-0.976563
166	-1.000000	-1.000000
167	-1.000000	-1.000000
168	-0.984375	-0.992188
169	-1.000000	-1.000000
170	-0.984375	-0.992188
171	-1.000000	-1.000000
172	-0.984375	-0.992188
173	-0.984375	-0.992188
174	-1.000000	-1.000000
175	-0.984375	-0.992188
176	-0.984375	-0.992188
177	-0.984375	-0.992188
178	-1.000000	-1.000000
179	-1.000000	-1.000000
180	-0.984375	-0.992188
181	-1.000000	-1.000000
182	-1.000000	-1.000000
183	-1.000000	-1.000000
184	-1.000000	-1.000000
185	-0.984375	-0.992188
186	-1.000000	-1.000000
187	-0.984375	-0.992188
188	-1.000000	-1.000000
189	-1.000000	-1.000000
190	-1.000000	-1.000000
191	-0.968750	-0.984375
192	-1.000000	-1.000000
193	-0.984375	-0.992188
194	-0.984375	-0.992188
195	-1.000000	-1.000000
196	-1.000000	-1.000000
197	-0.968750	-0.984375
198	-1.000000	-1.000000
199	-0.984375	-0.992188
200	-1.000000	-1.000000
201	-1.000000	-1.000000
202	-1.000000	-1.000000
203	-1.000000	-1.000000
204	-1.000000	-1.000000
205	-1.000000	-1.000000
206	-1.000000	-1.000000
207	-1.000000	-1.000000
208	-0.984375	-0.992188
209	-1.000000	-1.000000
210	-0.984375	-0.992188
211	-1.000000	-1.000000
212	-1.000000	-1.000000
213	-1.000000	-1.000000
214	-1.000000	-1.000000
215	-1.000000	-1.000000
216	-0.984375	-0.992188
217	-1.000000	-1.000000
218	-1.000000	-1.000000
219	-1.000000	-1.000000
220	-1.000000	-1.000000
221	-1.000000	-1.000000
222	-1.000000	-1.000000
223	-1.000000	-1.000000
224	-1.000000	-1.000000
225	-0.984375	-0.992188
226	-0.960938	-0.976563
227	-1.000000	-1.000000
228	-1.000000	-1.000000
229	-0.953125	-0.976563
230	-0.984375	-0.992188
231	-1.000000	-1.000000
232	-0.984375	-0.992188
233	-0.984375	-0.992188
234	-0.968750	-0.984375
235	-1.000000	-1.000000
236	-0.984375	-0.992188
237	-1.000000	-1.000000
238	-0.984375	-0.992188
239	-1.000000	-1.000000
240	-0.984375	-0.992188
241	-1.000000	-1.000000
242	-1.000000	-1.000000
243	-1.000000	-1.000000
244	-0.968750	-0.984375
245	-1.000000	-1.000000
246	-1.000000	-1.000000
247	-1.000000	-1.000000
248	-1.000000	-1.000000
249	-1.000000	-1.000000
250	-0.984375	-0.992188
251	-1.000000	-1.000000
252	-1.000000	-1.000000
253	-1.000000	-1.000000
254	-0.984375	-0.992188
255	-1.000000	-1.000000
256	-1.000000	-1.000000
257	-1.000000	-1.000000
258	-1.000000	-1.000000
259	-1.000000	-1.000000
260	-1.000000	-1.000000
261	-1.000000	-1.000000
262	-1.000000	-1.000000
263	-1.000000	-1.000000
264	-0.984375	-0.992188
265	-0.984375	-0.992188
266	-1.000000	-1.000000
267	-0.968750	-0.984375
268	-0.984375	-0.992188
269	-1.000000	-1.000000
270	-0.984375	-0.992188
271	-0.984375	-0.992188
272	-1.000000	-1.000000
273	-1.000000	-1.000000
274	-1.000000	-1.000000
275	-0.984375	-0.992188
276	-1.000000	-1.000000
277	-0.984375	-0.992188
278	-0.984375	-0.992188
279	-1.000000	-1.000000
280	-1.000000	-1.000000
281	-0.984375	-0.992188
282	-0.984375	-0.992188
283	-1.000000	-1.000000
284	-0.984375	-0.992188
285	-0.984375	-0.992188
286	-1.000000	-1.000000
287	-1.000000	-1.000000
288	-1.000000	-1.000000
289	-0.984375	-0.992188
290	-1.000000	-1.000000
291	-1.000000	-1.000000
292	-1.000000	-1.000000
293	-0.984375	-0.992188
294	-1.000000	-1.000000
295	-1.000000	-1.000000
296	-0.984375	-0.992188
297	-0.968750	-0.984375
298	-1.000000	-1.000000
299	-1.000000	-1.000000
300	-1.000000	-1.000000
301	-1.000000	-1.000000
302	-0.968750	-0.984375
303	-1.000000	-1.000000
304	-1.000000	-1.000000
305	-1.000000	-1.000000
306	-1.000000	-1.000000
307	-0.984375	-0.992188
308	-0.984375	-0.992188
309	-1.000000	-1.000000
310	-0.968750	-0.984375
311	-1.000000	-1.000000
312	-1.000000	-1.000000
313	-0.984375	-0.992188
314	-0.984375	-0.992188
315	-0.984375	-0.992188
316	-1.000000	-1.000000
317	-0.984375	-0.992188
318	-0.984375	-0.992188
319	-1.000000	-1.000000
320	-0.984375	-0.992188
321	-1.000000	-1.000000
322	-0.984375	-0.992188
323	-0.984375	-0.992188
324	-1.000000	-1.000000
325	-0.984375	-0.992188
326	-0.984375	-0.992188
327	-1.000000	-1.000000
328	-1.000000	-1.000000
329	-1.000000	-1.000000
330	-1.000000	-1.000000
331	-0.976563	-0.984375
332	-0.984375	-0.992188
333	-1.000000	-1.000000
334	-1.000000	-1.000000
335	-0.984375	-0.992188
336	-1.000000	-1.000000
337	-1.000000	-1.000000
338	-1.000000	-1.000000
339	-1.000000	-1.000000
340	-1.000000	-1.000000
341	-1.000000	-1.000000
342	-1.000000	-1.000000
343	-0.984375	-0.992188
344	-1.000000	-1.000000
345	-0.984375	-0.992188
346	-0.984375	-0.992188
347	-0.953125	-0.976563
348	-0.984375	-0.992188
349	-1.000000	-1.000000
350	-1.000000	-1.000000
351	-1.000000	-1.000000
352	-1.000000	-1.000000
353	-1.000000	-1.000000
354	-1.000000	-1.000000
355	-0.984375	-0.992188
356	-1.000000	-1.000000
357	-0.968750	-0.984375
358	-1.000000	-1.000000
359	-0.984375	-0.992188
360	-1.000000	-1.000000
361	-1.000000	-1.000000
362	-1.000000	-1.000000
363	-1.000000	-1.000000
364	-0.984375	-0.992188
365	-1.000000	-1.000000
366	-0.953125	-0.976563
367	-0.960938	-0.976563
368	-1.000000	-1.000000
369	-1.000000	-1.000000
370	-0.984375	-0.992188
371	-0.984375	-0.992188
372	-1.000000	-1.000000
373	-1.000000	-1.000000
374	-1.000000	-1.000000
375	-0.984375	-0.992188
376	-1.000000	-1.000000
377	-1.000000	-1.000000
378	-1.000000	-1.000000
379	-0.984375	-0.992188
380	-0.984375	-0.992188
381	-1.000000	-1.000000
382	-1.000000	-1.000000
383	-1.000000	-1.000000
384	-1.000000	-1.000000
385	-0.984375	-0.992188
386	-0.984375	-0.992188
387	-1.000000	-1.000000
388	-1.000000	-1.000000
389	-0.984375	-0.992188
390	-0.984375	-0.992188
391	-1.000000	-1.000000
392	-0.984375	-0.992188
393	-1.000000	-1.000000
394	-0.984375	-0.992188
395	-1.000000	-1.000000
396	-0.984375	-0.992188
397	-0.984375	-0.992188
398	-0.984375	-0.992188
399	-1.000000	-1.000000
400	-0.984375	-0.992188
401	-1.000000	-1.000000
402	-1.000000	-1.000000
403	-0.984375	-0.992188
404	-1.000000	-1.000000
405	-0.984375	-0.992188
406	-0.968750	-0.984375
407	-1.000000	-1.000000
408	-1.000000	-1.000000
409	-1.000000	-1.000000
410	-0.984375	-0.992188
411	-1.000000	-1.000000
412	-0.984375	-0.992188
413	-1.000000	-1.000000
414	-1.000000	-1.000000
415	-0.984375	-0.992188
416	-1.000000	-1.000000
417	-1.000000	-1.000000
418	-1.000000	-1.000000
419	-1.000000	-1.000000
420	-0.984375	-0.992188
421	-1.000000	-1.000000
422	-1.000000	-1.000000
423	-1.000000	-1.000000
424	-1.000000	-1.000000
425	-1.000000	-1.000000
426	-0.984375	-0.992188
427	-0.984375	-0.992188
428	-0.984375	-0.992188
429	-1.000000	-1.000000
430	-1.000000	-1.000000
431	-0.984375	-0.992188
432	-1.000000	-1.000000
433	-0.984375	-0.992188
434	-1.000000	-1.000000
435	-1.000000	-1.000000
436	-1.000000	-1.000000
437	-1.000000	-1.000000
438	-1.000000	-1.000000
439	-0.984375	-0.992188
440	-1.000000	-1.000000
441	-1.000000	-1.000000
442	-1.000000	-1.000000
443	-1.000000	-1.000000
444	-1.000000	-1.000000
445	-0.976563	-0.984375
446	-1.000000	-1.000000
447	-1.000000	-1.000000
448	-0.968750	-0.984375
449	-1.000000	-1.000000
450	-1.000000	-1.000000
451	-1.000000	-1.000000
452	-1.000000	-1.000000
453	-1.000000	-1.000000
454	-1.000000	-1.000000
455	-0.968750	-0.984375
456	-1.000000	-1.000000
457	-1.000000	-1.000000
458	-1.000000	-1.000000
459	-1.000000	-1.000000
460	-1.000000	-1.000000
461	-0.968750	-0.984375
462	-1.000000	-1.000000
463	-1.000000	-1.000000
464	-0.984375	-0.992188
465	-1.000000	-1.000000
466	-1.000000	-1.000000
467	-1.000000	-1.000000
468	-1.000000	-1.000000
469	-0.984375	-0.992188
470	-0.984375	-0.992188
471	-1.000000	-1.000000
472	-1.000000	-1.000000
473	-1.000000	-1.000000
474	-1.000000	-1.000000
475	-1.000000	-1.000000
476	-0.984375	-0.992188
477	-1.000000	-1.000000
478	-1.000000	-1.000000
479	-1.000000	-1.000000
480	-1.000000	-1.000000
481	-1.000000	-1.000000
482	-0.984375	-0.992188
483	-1.000000	-1.000000
484	-0.968750	-0.984375
485	-1.000000	-1.000000
486	-1.000000	-1.000000
487	-1.000000	-1.000000
488	-1.000000	-1.000000
489	-1.000000	-1.000000
490	-0.953125	-0.976563
491	-1.000000	-1.000000
492	-1.000000	-1.000000
493	-1.000000	-1.000000
494	-0.968750	-0.984375
495	-1.000000	-1.000000
496	-0.976563	-0.984375
497	-1.000000	-1.000000
498	-1.000000	-1.000000
499	-1.000000	-1.000000
500	-1.000000	-1.000000
501	-1.000000	-1.000000
502	-1.000000	-1.000000
503	-1.000000	-1.000000
504	-0.984375	-0.992188
505	-0.976563	-0.984375
506	-1.000000	-1.000000
507	-0.984375	-0.992188
508	-1.000000	-1.000000
509	-1.000000	-1.000000
510	-0.968750	-0.984375
511	-1.000000	-1.000000
512	-1.000000	-1.000000
513	-0.984375	-0.992188
514	-1.000000	-1.000000
515	-1.000000	-1.000000
516	-1.000000	-1.000000
517	-0.984375	-0.992188
518	-0.968750	-0.984375
519	-0.984375	-0.992188
520	-0.984375	-0.992188
521	-1.000000	-1.000000
522	-1.000000	-1.000000
523	-0.984375	-0.992188
524	-1.000000	-1.000000
525	-1.000000	-1.000000
526	-0.984375	-0.992188
527	-0.984375	-0.992188
528	-1.000000	-1.000000
529	-1.000000	-1.000000
530	-0.976563	-0.984375
531	-1.000000	-1.000000
532	-1.000000	-1.000000
533	-1.000000	-1.000000
534	-0.984375	-0.992188
535	-0.984375	-0.992188
536	-0.968750	-0.984375
537	-0.968750	-0.984375
538	-1.000000	-1.000000
539	-1.000000	-1.000000
540	-1.000000	-1.000000
541	-1.000000	-1.000000
542	-1.000000	-1.000000
543	-1.000000	-1.000000
544	-0.984375	-0.992188
545	-0.976563	-0.984375
546	-0.984375	-0.992188
547	-1.000000	-1.000000
548	-0.984375	-0.992188
549	-1.000000	-1.000000
550	-0.984375	-0.992188
551	-0.984375	-0.992188
552	-1.000000	-1.000000
553	-1.000000	-1.000000
554	-1.000000	-1.000000
555	-0.976563	-0.984375
556	-0.937500	-0.968750
557	-1.000000	-1.000000
558	-1.000000	-1.000000
559	-0.984375	-0.992188
560	-1.000000	-1.000000
561	-1.000000	-1.000000
562	-0.984375	-0.992188
563	-0.953125	-0.976563
564	-0.984375	-0.992188
565	-1.000000	-1.000000
566	-1.000000	-1.000000
567	-1.000000	-1.000000
568	-1.000000	-1.000000
569	-1.000000	-1.000000
570	-1.000000	-1.000000
571	-0.984375	-0.992188
572	-0.984375	-0.992188
573	-0.984375	-0.992188
574	-1.000000	-1.000000
575	-0.984375	-0.992188
576	-1.000000	-1.000000
577	-1.000000	-1.000000
578	-1.000000	-1.000000
579	-1.000000	-1.000000
580	-1.000000	-1.000000
581	-0.984375	-0.992188
582	-0.984375	-0.992188
583	-0.984375	-0.992188
584	-1.000000	-1.000000
585	-1.000000	-1.000000
586	-1.000000	-1.000000
587	-1.000000	-1.000000
588	-1.000000	-1.000000
589	-0.968750	-0.984375
590	-0.984375	-0.992188
591	-0.984375	-0.992188
592	-1.000000	-1.000000
593	-0.984375	-0.992188
594	-1.000000	-1.000000
595	-0.984375	-0.992188
596	-1.000000	-1.000000
597	-1.000000	-1.000000
598	-0.984375	-0.992188
599	-1.000000	-1.000000
600	-0.984375	-0.992188
601	-0.984375	-0.992188
602	-1.000000	-1.000000
603	-0.984375	-0.992188
604	-0.984375	-0.992188
605	-1.000000	-1.000000
606	-1.000000	-1.000000
607	-1.000000	-1.000000
608	-0.984375	-0.992188
609	-0.984375	-0.992188
610	-0.984375	-0.992188
611	-0.984375	-0.992188
612	-1.000000	-1.000000
613	-0.984375	-0.992188
614	-0.968750	-0.984375
615	-1.000000	-1.000000
616	-0.984375	-0.992188
617	-0.968750	-0.984375
618	-1.000000	-1.000000
619	-0.984375	-0.992188
620	-0.984375	-0.992188
621	-0.984375	-0.992188
622	-0.984375	-0.992188
623	-0.984375	-0.992188
624	-1.000000	-1.000000
625	-0.984375	-0.992188
626	-1.000000	-1.000000
627	-1.000000	-1.000000
628	-0.968750	-0.984375
629	-1.000000	-1.000000
630	-0.960938	-0.976563
631	-0.968750	-0.984375
632	-0.984375	-0.992188
633	-0.984375	-0.992188
634	-1.000000	-1.000000
635	-1.000000	-1.000000
636	-0.984375	-0.992188
637	-1.000000	-1.000000
638	-0.984375	-0.992188
639	-1.000000	-1.000000
640	-1.000000	-1.000000
641	-1.000000	-1.000000
642	-1.000000	-1.000000
643	-0.937500	-0.960938
644	-1.000000	-1.000000
645	-1.000000	-1.000000
646	-1.000000	-1.000000
647	-0.984375	-0.992188
648	-0.984375	-0.992188
649	-1.000000	-1.000000
650	-1.000000	-1.000000
651	-1.000000	-1.000000
652	-0.984375	-0.992188
653	-1.000000	-1.000000
654	-0.984375	-0.992188
655	-1.000000	-1.000000
656	-0.984375	-0.992188
657	-1.000000	-1.000000
658	-0.984375	-0.992188
659	-0.968750	-0.984375
660	-1.000000	-1.000000
661	-1.000000	-1.000000
662	-0.960938	-0.976563
663	-1.000000	-1.000000
664	-1.000000	-1.000000
665	-1.000000	-1.000000
666	-0.984375	-0.992188
667	-1.000000	-1.000000
668	-0.984375	-0.992188
669	-1.000000	-1.000000
670	-1.000000	-1.000000
671	-1.000000	-1.000000
672	-1.000000	-1.000000
673	-0.984375	-0.992188
674	-0.968750	-0.984375
675	-0.976563	-0.984375
676	-1.000000	-1.000000
677	-0.984375	-0.992188
678	-0.984375	-0.992188
679	-1.000000	-1.000000
680	-1.000000	-1.000000
681	-1.000000	-1.000000
682	-1.000000	-1.000000
683	-1.000000	-1.000000
684	-1.000000	-1.000000
685	-1.000000	-1.000000
686	-0.968750	-0.984375
687	-0.984375	-0.992188
688	-1.000000	-1.000000
689	-1.000000	-1.000000
690	-1.000000	-1.000000
691	-1.000000	-1.000000
692	-0.984375	-0.992188
693	-1.000000	-1.000000
694	-1.000000	-1.000000
695	-1.000000	-1.000000
696	-1.000000	-1.000000
697	-0.984375	-0.992188
698	-1.000000	-1.000000
699	-1.000000	-1.000000
700	-1.000000	-1.000000
701	-1.000000	-1.000000
702	-1.000000	-1.000000
703	-1.000000	-1.000000
704	-1.000000	-1.000000
705	-1.000000	-1.000000
706	-1.000000	-1.000000
707	-1.000000	-1.000000
708	-1.000000	-1.000000
709	-1.000000	-1.000000
710	-1.000000	-1.000000
711	-1.000000	-1.000000
712	-0.984375	-0.992188
713	-0.968750	-0.984375
714	-0.984375	-0.992188
715	-0.984375	-0.992188
716	-1.000000	-1.000000
717	-0.984375	-0.992188
718	-1.000000	-1.000000
719	-0.968750	-0.984375
720	-1.000000	-1.000000
721	-0.984375	-0.992188
722	-1.000000	-1.000000
723	-1.000000	-1.000000
724	-1.000000	-1.000000
725	-1.000000	-1.000000
726	-0.984375	-0.992188
727	-1.000000	-1.000000
728	-1.000000	-1.000000
729	-0.976563	-0.984375
730	-1.000000	-1.000000
731	-1.000000	-1.000000
732	-0.976563	-0.984375
733	-0.984375	-0.992188
734	-1.000000	-1.000000
735	-1.000000	-1.000000
736	-0.984375	-0.992188
737	-1.000000	-1.000000
738	-0.984375	-0.992188
739	-1.000000	-1.000000
740	-1.000000	-1.000000
741	-1.000000	-1.000000
742	-1.000000	-1.000000
743	-1.000000	-1.000000
744	-1.000000	-1.000000
745	-1.000000	-1.000000
746	-1.000000	-1.000000
747	-0.968750	-0.984375
748	-1.000000	-1.000000
749	-0.984375	-0.992188
750	-1.000000	-1.000000
751	-0.984375	-0.992188
752	-1.000000	-1.000000
753	-1.000000	-1.000000
754	-1.000000	-1.000000
755	-0.968750	-0.984375
756	-1.000000	-1.000000
757	-0.976563	-0.984375
758	-1.000000	-1.000000
759	-0.984375	-0.992188
760	-1.000000	-1.000000
761	-1.000000	-1.000000
762	-1.000000	-1.000000
763	-1.000000	-1.000000
764	-0.968750	-0.984375
765	-1.000000	-1.000000
766	-0.984375	-0.992188
767	-1.000000	-1.000000
768	-0.984375	-0.992188
769	-1.000000	-1.000000
770	-0.953125	-0.960938
771	-1.000000	-1.000000
772	-1.000000	-1.000000
773	-0.984375	-0.992188
774	-1.000000	-1.000000
775	-1.000000	-1.000000
776	-1.000000	-1.000000
777	-1.000000	-1.000000
778	-1.000000	-1.000000
779	-1.000000	-1.000000
780	-0.984375	-0.992188
781	-1.000000	-1.000000
782	-1.000000	-1.000000
783	-0.984375	-0.992188
784	-0.984375	-0.992188
785	-1.000000	-1.000000
786	-1.000000	-1.000000
787	-0.968750	-0.984375
788	-0.945313	-0.968750
789	-1.000000	-1.000000
790	-1.000000	-1.000000
791	-1.000000	-1.000000
792	-1.000000	-1.000000
793	-0.984375	-0.992188
794	-0.984375	-0.992188
795	-0.984375	-0.992188
796	-1.000000	-1.000000
797	-0.976563	-0.984375
798	-0.976563	-0.984375
799	-0.984375	-0.992188
800	-1.000000	-1.000000
801	-1.000000	-1.000000
802	-0.984375	-0.992188
803	-1.000000	-1.000000
804	-0.984375	-0.992188
805	-1.000000	-1.000000
806	-1.000000	-1.000000
807	-0.984375	-0.992188
808	-1.000000	-1.000000
809	-0.968750	-0.984375
810	-0.984375	-0.992188
811	-1.000000	-1.000000
812	-1.000000	-1.000000
813	-1.000000	-1.000000
814	-0.984375	-0.992188
815	-1.000000	-1.000000
816	-0.984375	-0.992188
817	-0.984375	-0.992188
818	-1.000000	-1.000000
819	-0.968750	-0.984375
820	-1.000000	-1.000000
821	-1.000000	-1.000000
822	-0.984375	-0.992188
823	-0.984375	-0.992188
824	-1.000000	-1.000000
825	-1.000000	-1.000000
826	-1.000000	-1.000000
827	-1.000000	-1.000000
828	-0.968750	-0.984375
829	-0.960938	-0.953125
830	-0.984375	-0.992188
831	-1.000000	-1.000000
832	-1.000000	-1.000000
833	-0.968750	-0.984375
834	-1.000000	-1.000000
835	-1.000000	-1.000000
836	-1.000000	-1.000000
837	-0.976563	-0.984375
838	-1.000000	-1.000000
839	-0.984375	-0.992188
840	-1.000000	-1.000000
841	-1.000000	-1.000000
842	-1.000000	-1.000000
843	-0.976563	-0.984375
844	-0.984375	-0.992188
845	-1.000000	-1.000000
846	-1.000000	-1.000000
847	-0.984375	-0.992188
848	-1.000000	-1.000000
849	-1.000000	-1.000000
850	-0.984375	-0.992188
851	-0.984375	-0.992188
852	-0.984375	-0.992188
853	-0.984375	-0.992188
854	-0.984375	-0.992188
855	-1.000000	-1.000000
856	-1.000000	-1.000000
857	-1.000000	-1.000000
858	-0.968750	-0.984375
859	-1.000000	-1.000000
860	-0.984375	-0.992188
861	-1.000000	-1.000000
862	-1.000000	-1.000000
863	-1.000000	-1.000000
864	-1.000000	-1.000000
865	-1.000000	-1.000000
866	-0.984375	-0.992188
867	-1.000000	-1.000000
868	-0.984375	-0.992188
869	-0.984375	-0.992188
870	-0.984375	-0.992188
871	-1.000000	-1.000000
872	-1.000000	-1.000000
873	-0.984375	-0.992188
874	-1.000000	-1.000000
875	-0.968750	-0.984375
876	-1.000000	-1.000000
877	-1.000000	-1.000000
878	-0.984375	-0.992188
879	-1.000000	-1.000000
880	-1.000000	-1.000000
881	-1.000000	-1.000000
882	-1.000000	-1.000000
883	-1.000000	-1.000000
884	-0.984375	-0.992188
885	-1.000000	-1.000000
886	-1.000000	-1.000000
887	-0.984375	-0.992188
888	-1.000000	-1.000000
889	-1.000000	-1.000000
890	-1.000000	-1.000000
891	-0.984375	-0.992188
892	-1.000000	-1.000000
893	-0.968750	-0.984375
894	-0.984375	-0.992188
895	-0.984375	-0.992188
896	-0.984375	-0.992188
897	-1.000000	-1.000000
898	-1.000000	-1.000000
899	-1.000000	-1.000000
900	-1.000000	-1.000000
901	-1.000000	-1.000000
902	-1.000000	-1.000000
903	-0.976563	-0.984375
904	-0.984375	-0.992188
905	-0.984375	-0.992188
906	-0.984375	-0.992188
907	-0.968750	-0.984375
908	-0.984375	-0.992188
909	-1.000000	-1.000000
910	-1.000000	-1.000000
911	-0.984375	-0.992188
912	-1.000000	-1.000000
913	-0.953125	-0.976563
914	-0.984375	-0.992188
915	-1.000000	-1.000000
916	-0.968750	-0.984375
917	-0.984375	-0.992188
918	-1.000000	-1.000000
919	-1.000000	-1.000000
920	-1.000000	-1.000000
921	-1.000000	-1.000000
922	-0.984375	-0.992188
923	-0.984375	-0.992188
924	-1.000000	-1.000000
925	-1.000000	-1.000000
926	-1.000000	-1.000000
927	-1.000000	-1.000000
928	-1.000000	-1.000000
929	-1.000000	-1.000000
930	-1.000000	-1.000000
931	-0.984375	-0.992188
932	-1.000000	-1.000000
933	-1.000000	-1.000000
934	-1.000000	-1.000000
935	-1.000000	-1.000000
936	-1.000000	-1.000000
937	-0.953125	-0.976563
938	-0.984375	-0.992188
939	-0.984375	-0.992188
940	-1.000000	-1.000000
941	-1.000000	-1.000000
942	-1.000000	-1.000000
943	-0.984375	-0.992188
944	-1.000000	-1.000000
945	-1.000000	-1.000000
946	-0.984375	-0.992188
947	-1.000000	-1.000000
948	-1.000000	-1.000000
949	-1.000000	-1.000000
950	-1.000000	-1.000000
951	-1.000000	-1.000000
952	-1.000000	-1.000000
953	-1.000000	-1.000000
954	-1.000000	-1.000000
955	-1.000000	-1.000000
956	-1.000000	-1.000000
957	-1.000000	-1.000000
958	-1.000000	-1.000000
959	-1.000000	-1.000000
960	-1.000000	-1.000000
961	-0.968750	-0.984375
962	-1.000000	-1.000000
963	-1.000000	-1.000000
964	-0.984375	-0.992188
965	-1.000000	-1.000000
966	-0.968750	-0.984375
967	-1.000000	-1.000000
968	-1.000000	-1.000000
969	-1.000000	-1.000000
970	-1.000000	-1.000000
971	-1.000000	-1.000000
972	-1.000000	-1.000000
973	-0.984375	-0.992188
974	-0.984375	-0.992188
975	-1.000000	-1.000000
976	-1.000000	-1.000000
977	-1.000000	-1.000000
978	-1.000000	-1.000000
979	-1.000000	-1.000000
980	-1.000000	-1.000000
981	-1.000000	-1.000000
982	-1.000000	-1.000000
983	-1.000000	-1.000000
984	-1.000000	-1.000000
985	-1.000000	-1.000000
986	-1.000000	-1.000000
987	-1.000000	-1.000000
988	-1.000000	-1.000000
989	-1.000000	-1.000000
990	-1.000000	-1.000000
991	-1.000000	-1.000000
992	-0.984375	-0.992188
993	-1.000000	-1.000000
994	-0.984375	-0.992188
995	-1.000000	-1.000000
996	-1.000000	-1.000000
997	-1.000000	-1.000000
998	-0.984375	-0.992188
999	-0.984375	-0.992188
