0	-0.281250	0.093750
1	-0.265625	-0.078125
2	-0.273438	0.148438
3	-0.226563	0.242188
4	-0.296875	-0.171875
5	-0.242188	-0.070313
6	-0.328125	-0.015625
7	-0.242188	-0.101563
8	-0.250000	-0.007813
9	-0.312500	-0.187500
10	-0.265625	0.078125
11	-0.226563	-0.023438
12	-0.375000	0.171875
13	-0.289063	0.171875
14	-0.218750	0.085938
15	-0.242188	0.171875
16	-0.343750	0.023438
17	-0.335938	0.046875
18	-0.289063	0.093750
19	-0.343750	-0.140625
20	-0.148438	0.101563
21	-0.195313	-0.039063
22	-0.226563	-0.132813
23	-0.171875	-0.171875
24	-0.257813	0.109375
25	-0.226563	-0.093750
26	-0.320313	0.265625
27	-0.257813	0.132813
28	-0.242188	0.000000
29	-0.250000	0.015625
30	-0.320313	-0.218750
31	-0.296875	0.062500
32	-0.312500	-0.031250
33	-0.257813	0.164063
34	-0.343750	0.203125
35	-0.242188	-0.062500
36	-0.210938	0.117188
37	-0.234375	0.085938
38	-0.179688	-0.164063
39	-0.328125	-0.171875
40	-0.187500	0.109375
41	-0.195313	-0.007813
42	-0.242188	-0.218750
43	-0.320313	0.039063
44	-0.359375	0.085938
45	-0.210938	0.062500
46	-0.296875	-0.078125
47	-0.343750	0.070313
48	-0.226563	-0.093750
49	-0.296875	0.187500
50	-0.257813	0.125000
51	-0.234375	-0.140625
52	-0.328125	0.156250
53	-0.218750	-0.015625
54	-0.328125	0.226563
55	-0.203125	0.054688
56	-0.257813	0.289063
57	-0.226563	0.117188
58	-0.320313	-0.015625
59	-0.273438	0.093750
60	-0.273438	-0.062500
61	-0.234375	-0.023438
62	-0.296875	0.234375
63	-0.281250	-0.078125
64	-0.218750	0.070313
65	-0.343750	-0.109375
66	-0.304688	-0.070313
67	-0.257813	-0.171875
68	-0.210938	-0.085938
69	-0.289063	-0.023438
70	-0.304688	-0.109375
71	-0.265625	0.070313
72	-0.257813	0.179688
73	-0.281250	0.101563
74	-0.296875	0.023438
75	-0.382813	0.031250
76	-0.296875	0.039063
77	-0.257813	-0.023438
78	-0.312500	-0.062500
79	-0.257813	-0.007813
80	-0.257813	-0.039063
81	-0.226563	-0.179688
82	-0.304688	-0.171875
83	-0.460938	0.171875
84	-0.226563	0.085938
85	-0.359375	-0.015625
86	-0.320313	-0.070313
87	-0.343750	0.054688
88	-0.226563	0.062500
89	-0.195313	0.117188
90	-0.234375	-0.109375
91	-0.281250	0.179688
92	-0.320313	-0.062500
93	-0.320313	-0.015625
94	-0.289063	0.062500
95	-0.296875	-0.351563
96	-0.257813	0.093750
97	-0.250000	0.039063
98	-0.226563	-0.210938
99	-0.335938	-0.007813
100	-0.289063	-0.007813
101	-0.218750	-0.093750
102	-0.242188	0.093750
103	-0.296875	0.000000
104	-0.351563	0.039063
105	-0.312500	0.242188
106	-0.242188	-0.250000
107	-0.328125	-0.109375
108	-0.242188	-0.148438
109	-0.257813	-0.023438
110	-0.351563	0.273438
111	-0.296875	-0.039063
112	-0.257813	0.007813
113	-0.265625	0.109375
114	-0.242188	-0.070313
115	-0.250000	0.000000
116	-0.250000	0.093750
117	-0.296875	-0.015625
118	-0.312500	-0.054688
119	-0.265625	-0.265625
120	-0.250000	-0.023438
121	-0.218750	0.093750
122	-0.234375	-0.085938
123	-0.242188	0.085938
124	-0.226563	0.031250
125	-0.359375	-0.070313
126	-0.335938	-0.031250
127	-0.226563	0.101563
128	-0.296875	-0.179688
129	-0.398438	-0.359375
130	-0.210938	-0.226563
131	-0.320313	0.273438
132	-0.328125	0.101563
133	-0.250000	0.320313
134	-0.312500	-0.039063
135	-0.234375	-0.015625
136	-0.273438	0.218750
137	-0.218750	-0.015625
138	-0.265625	0.156250
139	-0.234375	-0.070313
140	-0.234375	0.093750
141	-0.296875	0.085938
142	-0.304688	0.085938
143	-0.289063	0.195313
144	-0.296875	0.289063
145	-0.289063	0.195313
146	-0.328125	-0.093750
147	-0.289063	0.085938
148	-0.250000	0.125000
149	-0.304688	-0.015625
150	-0.351563	0.109375
151	-0.156250	-0.179688
152	-0.242188	0.078125
153	-0.257813	-0.093750
154	-0.273438	0.007813
155	-0.281250	0.054688
156	-0.273438	0.328125
157	-0.289063	0.140625
158	-0.359375	0.140625
159	-0.148438	0.023438
160	-0.265625	0.117188
161	-0.218750	-0.195313
162	-0.296875	-0.070313
163	-0.296875	0.187500
164	-0.312500	-0.304688
165	-0.296875	0.046875
166	-0.210938	0.062500
167	-0.257813	0.062500
168	-0.273438	0.156250
169	-0.257813	-0.031250
170	-0.234375	0.078125
171	-0.265625	0.046875
172	-0.382813	0.226563
173	-0.382813	-0.164063
174	-0.140625	-0.046875
175	-0.234375	0.070313
176	-0.335938	0.054688
177	-0.289063	0.101563
178	-0.281250	-0.101563
179	-0.257813	-0.046875
180	-0.296875	0.109375
181	-0.375000	-0.343750
182	-0.210938	-0.054688
183	-0.273438	-0.117188
184	-0.289063	-0.093750
185	-0.289063	0.070313
186	-0.257813	0.078125
187	-0.234375	-0.085938
188	-0.335938	-0.062500
189	-0.296875	0.000000
190	-0.226563	-0.078125
191	-0.203125	0.015625
192	-0.375000	0.101563
193	-0.320313	-0.007813
194	-0.179688	-0.140625
195	-0.218750	0.140625
196	-0.226563	-0.015625
197	-0.312500	0.156250
198	-0.335938	-0.039063
199	-0.359375	0.148438
200	-0.296875	0.171875
201	-0.296875	0.093750
202	-0.328125	-0.156250
203	-0.179688	0.062500
204	-0.257813	0.171875
205	-0.421875	-0.195313
206	-0.257813	0.164063
207	-0.218750	0.125000
208	-0.242188	0.101563
209	-0.250000	-0.226563
210	-0.304688	0.210938
211	-0.281250	-0.023438
212	-0.296875	0.148438
213	-0.234375	0.039063
214	-0.328125	-0.101563
215	-0.296875	0.015625
216	-0.328125	0.101563
217	-0.328125	0.148438
218	-0.320313	0.007813
219	-0.210938	-0.062500
220	-0.218750	0.039063
221	-0.382813	-0.281250
222	-0.273438	-0.015625
223	-0.218750	0.078125
224	-0.289063	0.078125
225	-0.304688	0.046875
226	-0.203125	-0.078125
227	-0.289063	-0.039063
228	-0.218750	-0.101563
229	-0.351563	0.117188
230	-0.296875	0.078125
231	-0.218750	-0.156250
232	-0.289063	0.054688
233	-0.312500	-0.039063
234	-0.226563	0.132813
235	-0.281250	-0.054688
236	-0.359375	0.109375
237	-0.203125	-0.117188
238	-0.164063	-0.054688
239	-0.335938	0.031250
240	-0.250000	0.062500
241	-0.210938	0.101563
242	-0.304688	0.148438
243	-0.242188	0.078125
244	-0.296875	0.031250
245	-0.398438	-0.117188
246	-0.218750	-0.054688
247	-0.335938	-0.054688
248	-0.210938	-0.046875
249	-0.289063	0.148438
250	-0.359375	-0.250000
251	-0.257813	0.078125
252	-0.320313	0.109375
253	-0.390625	0.226563
254	-0.398438	-0.062500
255	-0.218750	-0.085938
256	-0.242188	0.109375
257	-0.234375	-0.117188
258	-0.156250	-0.078125
259	-0.312500	-0.070313
260	-0.203125	0.023438
261	-0.242188	-0.054688
262	-0.343750	-0.015625
263	-0.289063	-0.148438
264	-0.250000	0.046875
265	-0.335938	-0.148438
266	-0.265625	0.039063
267	-0.328125	0.226563
268	-0.281250	-0.015625
269	-0.242188	0.125000
270	-0.273438	-0.187500
271	-0.296875	0.148438
272	-0.312500	-0.132813
273	-0.218750	0.132813
274	-0.320313	0.117188
275	-0.351563	-0.234375
276	-0.296875	0.007813
277	-0.398438	-0.093750
278	-0.257813	-0.117188
279	-0.210938	-0.242188
280	-0.281250	0.101563
281	-0.320313	0.289063
282	-0.265625	-0.210938
283	-0.335938	-0.273438
284	-0.281250	-0.015625
285	-0.281250	0.007813
286	-0.273438	0.132813
287	-0.296875	-0.109375
288	-0.296875	-0.085938
289	-0.281250	0.007813
290	-0.257813	-0.218750
291	-0.281250	-0.085938
292	-0.289063	-0.046875
293	-0.265625	-0.039063
294	-0.257813	-0.117188
295	-0.273438	0.046875
296	-0.289063	0.062500
297	-0.375000	0.085938
298	-0.210938	-0.101563
299	-0.335938	-0.179688
300	-0.343750	0.179688
301	-0.265625	0.078125
302	-0.265625	0.156250
303	-0.203125	-0.054688
304	-0.320313	0.031250
305	-0.312500	0.007813
306	-0.312500	-0.132813
307	-0.289063	0.078125
308	-0.242188	-0.125000
309	-0.296875	0.078125
310	-0.242188	0.023438
311	-0.335938	0.195313
312	-0.351563	0.078125
313	-0.250000	0.156250
314	-0.257813	-0.101563
315	-0.328125	0.101563
316	-0.359375	0.156250
317	-0.312500	-0.210938
318	-0.289063	-0.140625
319	-0.281250	-0.054688
320	-0.273438	0.031250
321	-0.242188	0.046875
322	-0.335938	-0.109375
323	-0.328125	-0.210938
324	-0.312500	0.148438
325	-0.312500	-0.164063
326	-0.343750	0.359375
327	-0.304688	-0.109375
328	-0.218750	0.117188
329	-0.187500	-0.078125
330	-0.390625	-0.062500
331	-0.195313	0.062500
332	-0.218750	-0.070313
333	-0.250000	-0.062500
334	-0.210938	0.007813
335	-0.367188	0.125000
336	-0.281250	-0.078125
337	-0.367188	-0.015625
338	-0.250000	-0.046875
339	-0.273438	0.273438
340	-0.351563	0.289063
341	-0.203125	0.062500
342	-0.234375	-0.039063
343	-0.335938	0.046875
344	-0.296875	-0.179688
345	-0.343750	0.140625
346	-0.250000	-0.140625
347	-0.250000	0.125000
348	-0.382813	-0.031250
349	-0.250000	0.000000
350	-0.312500	-0.062500
351	-0.320313	-0.031250
352	-0.367188	0.000000
353	-0.171875	-0.046875
354	-0.351563	-0.203125
355	-0.265625	0.015625
356	-0.156250	0.023438
357	-0.289063	0.000000
358	-0.304688	-0.140625
359	-0.289063	-0.101563
360	-0.281250	0.070313
361	-0.257813	-0.093750
362	-0.273438	-0.078125
363	-0.375000	0.070313
364	-0.320313	-0.031250
365	-0.304688	0.312500
366	-0.242188	0.046875
367	-0.281250	0.148438
368	-0.343750	0.070313
369	-0.210938	-0.156250
370	-0.187500	0.156250
371	-0.289063	-0.109375
372	-0.343750	-0.156250
373	-0.281250	-0.218750
374	-0.382813	0.078125
375	-0.273438	-0.085938
376	-0.398438	-0.296875
377	-0.281250	0.062500
378	-0.187500	-0.007813
379	-0.281250	-0.054688
380	-0.296875	-0.289063
381	-0.250000	-0.031250
382	-0.257813	-0.054688
383	-0.242188	-0.109375
384	-0.375000	-0.039063
385	-0.234375	0.179688
386	-0.296875	-0.203125
387	-0.257813	-0.179688
388	-0.242188	0.007813
389	-0.226563	0.031250
390	-0.304688	0.046875
391	-0.312500	0.062500
392	-0.328125	-0.257813
393	-0.289063	0.039063
394	-0.234375	0.125000
395	-0.304688	-0.125000
396	-0.320313	-0.210938
397	-0.304688	-0.070313
398	-0.296875	0.007813
399	-0.359375	0.046875
400	-0.289063	0.132813
401	-0.281250	-0.054688
402	-0.250000	-0.031250
403	-0.289063	0.125000
404	-0.320313	-0.039063
405	-0.343750	-0.015625
406	-0.203125	0.062500
407	-0.203125	0.078125
408	-0.257813	-0.015625
409	-0.281250	0.000000
410	-0.312500	0.031250
411	-0.281250	0.062500
412	-0.281250	-0.164063
413	-0.187500	0.007813
414	-0.250000	-0.242188
415	-0.187500	-0.101563
416	-0.234375	-0.101563
417	-0.257813	-0.078125
418	-0.289063	-0.039063
419	-0.218750	-0.046875
420	-0.375000	-0.093750
421	-0.265625	-0.109375
422	-0.289063	0.132813
423	-0.250000	0.148438
424	-0.304688	0.171875
425	-0.273438	0.140625
426	-0.257813	-0.039063
427	-0.382813	-0.179688
428	-0.234375	0.070313
429	-0.250000	-0.031250
430	-0.289063	-0.179688
431	-0.195313	-0.195313
432	-0.296875	0.000000
433	-0.257813	0.093750
434	-0.210938	0.031250
435	-0.265625	0.171875
436	-0.437500	-0.234375
437	-0.234375	0.023438
438	-0.273438	0.000000
439	-0.312500	0.250000
440	-0.265625	0.054688
441	-0.382813	-0.117188
442	-0.250000	0.078125
443	-0.328125	-0.265625
444	-0.257813	-0.250000
445	-0.398438	0.039063
446	-0.265625	-0.046875
447	-0.335938	0.054688
448	-0.320313	0.000000
449	-0.210938	-0.007813
450	-0.265625	-0.117188
451	-0.343750	-0.046875
452	-0.265625	-0.171875
453	-0.257813	0.039063
454	-0.296875	0.101563
455	-0.187500	-0.062500
456	-0.320313	-0.132813
457	-0.304688	0.156250
458	-0.234375	0.070313
459	-0.335938	0.078125
460	-0.312500	-0.179688
461	-0.312500	0.156250
462	-0.382813	-0.093750
463	-0.218750	0.078125
464	-0.289063	-0.179688
465	-0.289063	0.125000
466	-0.351563	0.062500
467	-0.242188	-0.062500
468	-0.210938	0.054688
469	-0.218750	0.000000
470	-0.273438	0.078125
471	-0.250000	-0.179688
472	-0.328125	-0.054688
473	-0.312500	0.046875
474	-0.343750	-0.265625
475	-0.250000	-0.218750
476	-0.210938	0.078125
477	-0.273438	0.023438
478	-0.421875	-0.062500
479	-0.273438	-0.125000
480	-0.335938	-0.007813
481	-0.296875	0.039063
482	-0.265625	-0.015625
483	-0.281250	-0.054688
484	-0.273438	0.140625
485	-0.281250	0.140625
486	-0.273438	-0.062500
487	-0.367188	-0.015625
488	-0.257813	-0.023438
489	-0.210938	-0.148438
490	-0.242188	-0.109375
491	-0.226563	0.187500
492	-0.273438	0.046875
493	-0.289063	0.164063
494	-0.281250	0.179688
495	-0.382813	0.437500
496	-0.210938	-0.132813
497	-0.273438	-0.179688
498	-0.281250	-0.140625
499	-0.218750	0.015625
500	-0.320313	-0.250000
501	-0.226563	-0.140625
502	-0.289063	0.132813
503	-0.265625	0.164063
504	-0.335938	0.054688
505	-0.226563	0.039063
506	-0.296875	0.062500
507	-0.382813	0.054688
508	-0.218750	0.109375
509	-0.218750	0.000000
510	-0.250000	-0.054688
511	-0.343750	-0.171875
512	-0.171875	-0.093750
513	-0.203125	-0.062500
514	-0.210938	-0.031250
515	-0.210938	0.054688
516	-0.320313	-0.015625
517	-0.257813	0.132813
518	-0.351563	-0.031250
519	-0.265625	-0.218750
520	-0.312500	-0.007813
521	-0.226563	-0.125000
522	-0.312500	0.046875
523	-0.218750	-0.062500
524	-0.289063	0.023438
525	-0.296875	-0.062500
526	-0.296875	0.031250
527	-0.273438	0.054688
528	-0.273438	0.234375
529	-0.164063	0.109375
530	-0.343750	0.023438
531	-0.328125	0.093750
532	-0.257813	0.156250
533	-0.218750	-0.085938
534	-0.289063	-0.046875
535	-0.296875	0.085938
536	-0.226563	-0.164063
537	-0.257813	0.023438
538	-0.257813	0.093750
539	-0.312500	0.078125
540	-0.234375	0.015625
541	-0.335938	0.000000
542	-0.320313	0.242188
543	-0.187500	0.039063
544	-0.226563	0.000000
545	-0.195313	0.046875
546	-0.257813	-0.093750
547	-0.265625	0.015625
548	-0.218750	-0.109375
549	-0.359375	-0.023438
550	-0.289063	-0.007813
551	-0.289063	0.085938
552	-0.328125	-0.031250
553	-0.273438	-0.187500
554	-0.320313	-0.031250
555	-0.328125	0.000000
556	-0.250000	-0.046875
557	-0.296875	-0.039063
558	-0.304688	-0.093750
559	-0.281250	-0.125000
560	-0.265625	0.226563
561	-0.250000	-0.132813
562	-0.296875	0.250000
563	-0.296875	0.070313
564	-0.289063	0.062500
565	-0.234375	-0.109375
566	-0.242188	-0.054688
567	-0.250000	0.140625
568	-0.304688	0.023438
569	-0.320313	-0.062500
570	-0.312500	0.156250
571	-0.250000	0.007813
572	-0.226563	-0.007813
573	-0.296875	-0.125000
574	-0.195313	0.000000
575	-0.304688	-0.070313
576	-0.234375	0.164063
577	-0.273438	0.046875
578	-0.218750	-0.078125
579	-0.375000	-0.015625
580	-0.242188	-0.093750
581	-0.265625	0.000000
582	-0.296875	0.046875
583	-0.226563	-0.015625
584	-0.296875	-0.164063
585	-0.281250	0.085938
586	-0.312500	-0.218750
587	-0.250000	0.046875
588	-0.265625	-0.085938
589	-0.203125	0.132813
590	-0.195313	0.093750
591	-0.320313	0.250000
592	-0.210938	0.117188
593	-0.359375	-0.312500
594	-0.242188	-0.015625
595	-0.367188	-0.234375
596	-0.289063	0.117188
597	-0.226563	-0.132813
598	-0.132813	0.039063
599	-0.335938	0.195313
600	-0.187500	-0.070313
601	-0.242188	0.031250
602	-0.414063	-0.109375
603	-0.414063	-0.031250
604	-0.296875	-0.054688
605	-0.250000	-0.015625
606	-0.281250	0.156250
607	-0.164063	-0.031250
608	-0.320313	-0.195313
609	-0.257813	-0.078125
610	-0.273438	0.046875
611	-0.320313	0.023438
612	-0.210938	-0.039063
613	-0.328125	-0.250000
614	-0.296875	0.359375
615	-0.242188	-0.078125
616	-0.328125	0.164063
617	-0.210938	0.062500
618	-0.289063	-0.085938
619	-0.187500	0.164063
620	-0.382813	0.257813
621	-0.203125	-0.148438
622	-0.289063	-0.218750
623	-0.210938	-0.101563
624	-0.234375	-0.148438
625	-0.250000	0.117188
626	-0.289063	0.007813
627	-0.156250	-0.046875
628	-0.289063	-0.117188
629	-0.328125	0.226563
630	-0.257813	-0.117188
631	-0.218750	0.179688
632	-0.242188	-0.070313
633	-0.210938	0.078125
634	-0.273438	-0.171875
635	-0.273438	0.125000
636	-0.296875	0.273438
637	-0.335938	0.070313
638	-0.250000	-0.070313
639	-0.304688	-0.101563
640	-0.312500	-0.257813
641	-0.351563	0.093750
642	-0.328125	0.117188
643	-0.250000	0.007813
644	-0.265625	-0.031250
645	-0.289063	-0.085938
646	-0.250000	0.265625
647	-0.304688	-0.226563
648	-0.304688	0.054688
649	-0.382813	0.406250
650	-0.265625	0.101563
651	-0.164063	0.054688
652	-0.312500	-0.156250
653	-0.250000	0.195313
654	-0.320313	-0.117188
655	-0.226563	-0.179688
656	-0.257813	0.148438
657	-0.265625	0.195313
658	-0.226563	-0.023438
659	-0.265625	0.039063
660	-0.203125	-0.031250
661	-0.250000	-0.132813
662	-0.320313	-0.054688
663	-0.343750	0.031250
664	-0.281250	0.031250
665	-0.289063	0.015625
666	-0.335938	0.023438
667	-0.218750	-0.039063
668	-0.281250	0.117188
669	-0.281250	0.078125
670	-0.195313	-0.039063
671	-0.328125	-0.117188
672	-0.328125	0.242188
673	-0.304688	0.054688
674	-0.289063	-0.085938
675	-0.296875	-0.132813
676	-0.312500	0.031250
677	-0.265625	0.015625
678	-0.296875	-0.031250
679	-0.203125	-0.054688
680	-0.210938	-0.101563
681	-0.179688	0.148438
682	-0.257813	0.210938
683	-0.304688	-0.125000
684	-0.281250	-0.101563
685	-0.343750	0.046875
686	-0.343750	-0.101563
687	-0.304688	-0.195313
688	-0.257813	-0.015625
689	-0.320313	0.148438
690	-0.187500	0.101563
691	-0.281250	-0.085938
692	-0.234375	-0.078125
693	-0.328125	0.101563
694	-0.273438	-0.023438
695	-0.382813	-0.390625
696	-0.296875	0.031250
697	-0.343750	0.125000
698	-0.320313	0.109375
699	-0.281250	0.101563
700	-0.273438	0.007813
701	-0.257813	0.023438
702	-0.351563	0.117188
703	-0.265625	0.187500
704	-0.218750	0.046875
705	-0.296875	-0.265625
706	-0.335938	0.109375
707	-0.265625	0.187500
708	-0.289063	-0.085938
709	-0.304688	-0.226563
710	-0.250000	-0.101563
711	-0.312500	0.132813
712	-0.195313	0.085938
713	-0.335938	0.171875
714	-0.226563	0.101563
715	-0.312500	-0.046875
716	-0.281250	-0.007813
717	-0.265625	0.000000
718	-0.296875	-0.031250
719	-0.242188	0.078125
720	-0.218750	-0.171875
721	-0.421875	-0.289063
722	-0.281250	-0.117188
723	-0.242188	-0.117188
724	-0.257813	-0.039063
725	-0.343750	0.070313
726	-0.375000	-0.132813
727	-0.210938	0.000000
728	-0.328125	0.125000
729	-0.328125	-0.031250
730	-0.351563	-0.187500
731	-0.273438	0.023438
732	-0.257813	-0.156250
733	-0.304688	-0.039063
734	-0.234375	-0.054688
735	-0.296875	0.109375
736	-0.320313	0.093750
737	-0.312500	0.046875
738	-0.375000	-0.054688
739	-0.296875	-0.023438
740	-0.226563	0.023438
741	-0.296875	-0.203125
742	-0.218750	-0.054688
743	-0.281250	0.000000
744	-0.289063	-0.203125
745	-0.257813	0.203125
746	-0.210938	-0.023438
747	-0.328125	-0.023438
748	-0.312500	0.000000
749	-0.328125	0.007813
750	-0.296875	-0.210938
751	-0.257813	-0.007813
752	-0.359375	0.054688
753	-0.250000	0.234375
754	-0.328125	-0.203125
755	-0.273438	-0.101563
756	-0.195313	0.093750
757	-0.343750	0.117188
758	-0.328125	0.132813
759	-0.281250	0.109375
760	-0.218750	-0.039063
761	-0.226563	-0.023438
762	-0.320313	0.210938
763	-0.250000	-0.023438
764	-0.296875	0.101563
765	-0.289063	-0.101563
766	-0.250000	-0.054688
767	-0.242188	-0.148438
768	-0.312500	0.000000
769	-0.304688	-0.156250
770	-0.273438	-0.007813
771	-0.335938	0.007813
772	-0.328125	0.000000
773	-0.273438	0.148438
774	-0.265625	0.054688
775	-0.289063	0.140625
776	-0.195313	-0.093750
777	-0.257813	-0.195313
778	-0.296875	0.125000
779	-0.328125	0.234375
780	-0.234375	-0.015625
781	-0.296875	0.023438
782	-0.281250	-0.015625
783	-0.359375	-0.093750
784	-0.367188	0.054688
785	-0.390625	0.187500
786	-0.289063	0.117188
787	-0.265625	0.203125
788	-0.148438	0.039063
789	-0.273438	-0.125000
790	-0.273438	-0.101563
791	-0.328125	-0.015625
792	-0.281250	-0.195313
793	-0.335938	0.085938
794	-0.257813	0.062500
795	-0.234375	0.039063
796	-0.335938	-0.257813
797	-0.281250	-0.015625
798	-0.257813	0.031250
799	-0.312500	0.007813
800	-0.351563	-0.210938
801	-0.312500	0.085938
802	-0.289063	0.125000
803	-0.320313	-0.093750
804	-0.312500	-0.179688
805	-0.250000	0.171875
806	-0.250000	0.039063
807	-0.242188	-0.187500
808	-0.234375	-0.218750
809	-0.281250	0.226563
810	-0.320313	-0.250000
811	-0.343750	-0.039063
812	-0.218750	0.031250
813	-0.328125	-0.281250
814	-0.257813	-0.031250
815	-0.265625	0.226563
816	-0.289063	0.054688
817	-0.273438	-0.007813
818	-0.296875	-0.031250
819	-0.250000	-0.023438
820	-0.343750	0.140625
821	-0.359375	0.023438
822	-0.265625	-0.179688
823	-0.250000	0.218750
824	-0.312500	-0.148438
825	-0.523438	-0.414063
826	-0.203125	0.015625
827	-0.382813	-0.265625
828	-0.265625	-0.078125
829	-0.312500	0.156250
830	-0.273438	-0.078125
831	-0.257813	-0.046875
832	-0.242188	0.070313
833	-0.195313	0.125000
834	-0.320313	-0.039063
835	-0.218750	0.093750
836	-0.320313	-0.265625
837	-0.351563	-0.171875
838	-0.171875	0.007813
839	-0.289063	0.039063
840	-0.257813	0.085938
841	-0.218750	-0.046875
842	-0.296875	-0.164063
843	-0.335938	-0.171875
844	-0.257813	-0.070313
845	-0.187500	0.101563
846	-0.250000	-0.007813
847	-0.281250	-0.070313
848	-0.281250	-0.156250
849	-0.296875	0.062500
850	-0.234375	-0.023438
851	-0.242188	0.101563
852	-0.312500	-0.164063
853	-0.289063	-0.054688
854	-0.265625	0.164063
855	-0.304688	-0.117188
856	-0.250000	0.171875
857	-0.367188	0.000000
858	-0.335938	-0.078125
859	-0.289063	-0.015625
860	-0.234375	-0.117188
861	-0.328125	-0.007813
862	-0.226563	-0.054688
863	-0.242188	0.039063
864	-0.265625	-0.132813
865	-0.304688	-0.171875
866	-0.250000	0.023438
867	-0.250000	0.015625
868	-0.289063	-0.078125
869	-0.250000	0.289063
870	-0.312500	-0.039063
871	-0.382813	-0.195313
872	-0.242188	-0.023438
873	-0.296875	-0.078125
874	-0.273438	0.093750
875	-0.296875	0.015625
876	-0.367188	0.031250
877	-0.234375	0.031250
878	-0.242188	-0.015625
879	-0.273438	-0.007813
880	-0.312500	-0.125000
881	-0.312500	0.054688
882	-0.265625	-0.140625
883	-0.195313	0.171875
884	-0.164063	0.007813
885	-0.281250	0.093750
886	-0.304688	0.039063
887	-0.273438	-0.007813
888	-0.250000	-0.093750
889	-0.250000	0.117188
890	-0.210938	0.164063
891	-0.140625	0.203125
892	-0.453125	0.351563
893	-0.257813	-0.125000
894	-0.320313	0.125000
895	-0.320313	0.078125
896	-0.351563	-0.078125
897	-0.250000	-0.039063
898	-0.242188	0.171875
899	-0.242188	0.039063
900	-0.265625	0.156250
901	-0.289063	0.007813
902	-0.414063	0.054688
903	-0.320313	0.125000
904	-0.296875	-0.046875
905	-0.281250	0.039063
906	-0.312500	-0.187500
907	-0.375000	-0.007813
908	-0.328125	0.054688
909	-0.312500	0.054688
910	-0.289063	0.117188
911	-0.320313	0.007813
912	-0.289063	0.164063
913	-0.289063	0.000000
914	-0.218750	-0.101563
915	-0.242188	-0.031250
916	-0.335938	-0.046875
917	-0.234375	0.132813
918	-0.226563	-0.046875
919	-0.234375	-0.148438
920	-0.257813	0.210938
921	-0.257813	-0.031250
922	-0.265625	-0.031250
923	-0.304688	-0.132813
924	-0.273438	0.101563
925	-0.304688	-0.023438
926	-0.289063	-0.164063
927	-0.226563	0.093750
928	-0.234375	0.132813
929	-0.234375	-0.187500
930	-0.289063	0.046875
931	-0.343750	0.242188
932	-0.312500	-0.164063
933	-0.281250	-0.171875
934	-0.242188	0.148438
935	-0.242188	0.039063
936	-0.234375	-0.070313
937	-0.328125	0.234375
938	-0.257813	-0.085938
939	-0.367188	-0.140625
940	-0.273438	-0.046875
941	-0.218750	-0.117188
942	-0.203125	0.179688
943	-0.250000	0.234375
944	-0.218750	0.015625
945	-0.226563	-0.046875
946	-0.335938	-0.007813
947	-0.265625	0.007813
948	-0.210938	0.039063
949	-0.320313	-0.226563
950	-0.218750	0.164063
951	-0.242188	-0.078125
952	-0.281250	0.054688
953	-0.367188	0.093750
954	-0.367188	0.140625
955	-0.250000	0.132813
956	-0.351563	0.039063
957	-0.257813	-0.054688
958	-0.265625	-0.171875
959	-0.304688	0.054688
960	-0.289063	0.039063
961	-0.234375	0.148438
962	-0.281250	0.203125
963	-0.226563	-0.015625
964	-0.218750	0.257813
965	-0.265625	0.015625
966	-0.312500	0.093750
967	-0.289063	-0.125000
968	-0.257813	0.062500
969	-0.234375	-0.078125
970	-0.335938	0.117188
971	-0.234375	-0.164063
972	-0.242188	0.070313
973	-0.265625	-0.062500
974	-0.398438	-0.132813
975	-0.289063	0.015625
976	-0.320313	0.078125
977	-0.226563	0.218750
978	-0.179688	0.023438
979	-0.312500	0.148438
980	-0.203125	0.062500
981	-0.312500	0.187500
982	-0.281250	0.085938
983	-0.265625	0.007813
984	-0.351563	0.085938
985	-0.289063	0.062500
986	-0.257813	0.234375
987	-0.179688	0.140625
988	-0.203125	0.062500
989	-0.320313	-0.093750
990	-0.281250	-0.117188
991	-0.289063	-0.093750
992	-0.273438	-0.046875
993	-0.382813	0.125000
994	-0.281250	0.007813
995	-0.257813	0.039063
996	-0.328125	0.250000
997	-0.257813	0.023438
998	-0.304688	0.085938
999	-0.312500	-0.085938
