0	-0.109375	0.023438
1	-0.140625	-0.007813
2	-0.171875	0.101563
3	-0.101563	-0.101563
4	-0.101563	-0.007813
5	-0.070313	-0.039063
6	-0.078125	0.046875
7	-0.132813	0.023438
8	-0.070313	-0.101563
9	-0.101563	-0.062500
10	-0.070313	0.070313
11	-0.078125	-0.179688
12	-0.179688	-0.125000
13	-0.054688	0.031250
14	-0.140625	-0.046875
15	-0.140625	-0.054688
16	-0.187500	-0.109375
17	-0.164063	0.000000
18	-0.148438	-0.039063
19	-0.125000	0.039063
20	-0.078125	0.117188
21	-0.156250	-0.007813
22	-0.101563	0.093750
23	-0.140625	-0.101563
24	-0.117188	-0.140625
25	-0.085938	-0.054688
26	-0.078125	0.062500
27	-0.054688	0.093750
28	-0.085938	-0.195313
29	-0.054688	0.140625
30	-0.078125	0.023438
31	-0.140625	-0.078125
32	-0.054688	0.070313
33	-0.015625	0.007813
34	-0.093750	0.046875
35	-0.195313	-0.117188
36	-0.125000	-0.070313
37	-0.156250	0.078125
38	-0.156250	0.031250
39	-0.101563	0.054688
40	-0.117188	-0.062500
41	-0.156250	0.070313
42	-0.140625	0.046875
43	-0.085938	-0.062500
44	-0.164063	-0.023438
45	-0.078125	0.109375
46	-0.109375	0.171875
47	-0.218750	-0.015625
48	-0.140625	0.031250
49	-0.062500	0.023438
50	-0.046875	0.054688
51	-0.148438	-0.070313
52	-0.109375	-0.015625
53	-0.078125	0.078125
54	-0.070313	0.046875
55	-0.117188	-0.039063
56	-0.085938	-0.046875
57	-0.148438	-0.015625
58	-0.101563	-0.015625
59	-0.109375	0.070313
60	-0.085938	0.007813
61	-0.015625	-0.085938
62	-0.125000	-0.007813
63	-0.132813	-0.210938
64	-0.101563	0.078125
65	-0.132813	0.164063
66	-0.171875	-0.093750
67	-0.148438	0.023438
68	-0.148438	0.062500
69	-0.070313	-0.015625
70	-0.062500	0.000000
71	-0.195313	0.242188
72	-0.164063	0.171875
73	-0.140625	0.101563
74	-0.132813	0.031250
75	-0.062500	0.039063
76	-0.125000	-0.093750
77	-0.117188	-0.070313
78	-0.125000	0.031250
79	-0.093750	-0.031250
80	-0.101563	0.148438
81	-0.070313	0.085938
82	-0.148438	-0.140625
83	-0.125000	0.078125
84	-0.156250	-0.023438
85	-0.132813	-0.039063
86	-0.109375	0.007813
87	-0.062500	0.078125
88	-0.125000	-0.125000
89	-0.179688	0.046875
90	-0.140625	0.039063
91	-0.031250	0.007813
92	-0.070313	0.015625
93	-0.101563	0.000000
94	-0.117188	0.046875
95	-0.046875	-0.031250
96	-0.062500	-0.093750
97	-0.117188	0.023438
98	-0.109375	-0.015625
99	-0.062500	0.031250
100	-0.093750	0.000000
101	-0.195313	0.015625
102	-0.062500	0.140625
103	-0.062500	0.062500
104	-0.085938	0.015625
105	-0.085938	-0.148438
106	-0.078125	0.023438
107	-0.148438	-0.046875
108	-0.210938	-0.023438
109	-0.101563	-0.007813
110	-0.007813	0.031250
111	-0.085938	-0.007813
112	-0.171875	0.015625
113	-0.132813	0.070313
114	-0.101563	0.031250
115	-0.109375	0.039063
116	-0.062500	-0.054688
117	-0.031250	-0.046875
118	-0.132813	-0.015625
119	-0.117188	-0.007813
120	-0.148438	0.070313
121	-0.093750	-0.093750
122	-0.125000	0.015625
123	-0.101563	-0.007813
124	-0.132813	-0.093750
125	-0.156250	-0.031250
126	-0.125000	-0.023438
127	-0.093750	0.015625
128	-0.023438	0.085938
129	-0.101563	-0.062500
130	-0.054688	-0.046875
131	-0.117188	0.062500
132	-0.187500	-0.054688
133	-0.085938	-0.039063
134	-0.132813	-0.054688
135	-0.046875	-0.046875
136	-0.046875	0.015625
137	-0.085938	0.046875
138	-0.093750	0.109375
139	-0.062500	0.054688
140	-0.101563	-0.062500
141	-0.039063	-0.007813
142	-0.109375	-0.007813
143	-0.226563	-0.062500
144	-0.117188	0.062500
145	-0.132813	-0.085938
146	-0.203125	0.023438
147	-0.101563	-0.023438
148	-0.085938	0.054688
149	-0.015625	-0.007813
150	-0.117188	-0.125000
151	-0.125000	-0.054688
152	-0.039063	0.031250
153	-0.054688	0.132813
154	-0.117188	-0.062500
155	-0.070313	0.046875
156	-0.101563	-0.132813
157	-0.140625	-0.039063
158	-0.101563	-0.023438
159	-0.109375	0.085938
160	-0.093750	-0.039063
161	-0.070313	-0.015625
162	-0.148438	-0.039063
163	-0.148438	-0.101563
164	-0.156250	0.007813
165	-0.070313	-0.085938
166	-0.117188	-0.062500
167	-0.054688	0.007813
168	-0.093750	0.015625
169	-0.046875	0.007813
170	-0.148438	-0.109375
171	0.000000	-0.054688
172	-0.148438	-0.125000
173	-0.164063	0.109375
174	0.046875	-0.046875
175	-0.101563	0.148438
176	-0.054688	0.101563
177	-0.054688	-0.109375
178	-0.101563	0.007813
179	-0.101563	-0.054688
180	-0.195313	0.000000
181	-0.109375	0.023438
182	-0.085938	0.007813
183	-0.109375	0.132813
184	-0.031250	0.117188
185	-0.085938	0.054688
186	-0.039063	-0.007813
187	-0.093750	-0.062500
188	-0.101563	0.031250
189	-0.015625	-0.070313
190	-0.070313	-0.062500
191	-0.054688	-0.023438
192	-0.125000	0.070313
193	-0.117188	-0.054688
194	-0.109375	0.015625
195	-0.140625	0.062500
196	-0.109375	-0.054688
197	-0.039063	0.054688
198	-0.078125	-0.195313
199	-0.093750	0.046875
200	-0.101563	-0.023438
201	-0.054688	-0.046875
202	-0.101563	0.101563
203	-0.140625	-0.015625
204	-0.093750	-0.054688
205	-0.132813	-0.023438
206	-0.156250	-0.078125
207	-0.117188	-0.015625
208	-0.117188	0.125000
209	-0.070313	-0.070313
210	-0.109375	-0.101563
211	-0.101563	0.039063
212	-0.101563	-0.093750
213	-0.039063	0.031250
214	-0.054688	-0.023438
215	-0.062500	0.015625
216	-0.117188	0.046875
217	-0.109375	-0.054688
218	-0.156250	0.007813
219	-0.078125	-0.023438
220	-0.046875	0.070313
221	-0.078125	0.046875
222	-0.109375	-0.023438
223	-0.164063	-0.109375
224	-0.117188	-0.179688
225	-0.093750	0.101563
226	-0.085938	0.117188
227	-0.156250	-0.117188
228	-0.093750	-0.203125
229	-0.031250	0.007813
230	-0.148438	0.085938
231	-0.148438	0.007813
232	-0.093750	-0.031250
233	-0.093750	0.046875
234	-0.109375	0.031250
235	-0.031250	-0.039063
236	-0.039063	-0.054688
237	-0.085938	-0.054688
238	-0.039063	-0.093750
239	-0.093750	0.156250
240	-0.093750	-0.046875
241	-0.132813	0.078125
242	-0.171875	-0.039063
243	-0.101563	-0.007813
244	0.015625	0.007813
245	0.000000	0.148438
246	-0.101563	0.015625
247	-0.078125	0.000000
248	-0.093750	-0.015625
249	-0.140625	-0.007813
250	-0.101563	0.101563
251	-0.039063	0.039063
252	-0.093750	-0.109375
253	-0.085938	-0.054688
254	-0.085938	0.046875
255	-0.117188	0.039063
256	-0.070313	0.046875
257	-0.078125	-0.125000
258	-0.125000	-0.039063
259	-0.046875	0.078125
260	-0.085938	0.000000
261	-0.078125	-0.070313
262	-0.039063	-0.046875
263	-0.117188	-0.109375
264	-0.109375	-0.015625
265	-0.039063	0.000000
266	-0.148438	0.000000
267	-0.101563	0.070313
268	-0.132813	-0.023438
269	-0.132813	0.054688
270	-0.125000	0.023438
271	-0.140625	0.070313
272	-0.031250	0.039063
273	-0.070313	0.015625
274	-0.085938	-0.031250
275	-0.109375	-0.023438
276	-0.117188	0.117188
277	-0.117188	-0.070313
278	-0.132813	0.015625
279	-0.117188	-0.023438
280	-0.101563	-0.062500
281	-0.164063	-0.039063
282	-0.062500	-0.039063
283	-0.070313	0.070313
284	-0.078125	0.054688
285	-0.039063	-0.031250
286	-0.046875	0.000000
287	-0.085938	0.015625
288	-0.093750	0.101563
289	-0.203125	-0.109375
290	-0.101563	-0.062500
291	-0.148438	0.070313
292	-0.078125	-0.093750
293	-0.109375	-0.085938
294	-0.164063	-0.062500
295	-0.031250	-0.046875
296	-0.109375	0.031250
297	-0.140625	-0.078125
298	-0.062500	-0.031250
299	-0.078125	0.085938
300	0.039063	-0.125000
301	-0.031250	-0.046875
302	-0.101563	-0.085938
303	-0.070313	-0.031250
304	-0.078125	0.000000
305	-0.054688	0.117188
306	-0.031250	-0.085938
307	-0.046875	-0.109375
308	-0.093750	0.054688
309	-0.085938	0.117188
310	-0.109375	0.085938
311	-0.125000	-0.140625
312	-0.039063	-0.148438
313	-0.171875	0.039063
314	-0.125000	-0.031250
315	-0.132813	-0.085938
316	0.015625	-0.117188
317	-0.015625	-0.015625
318	-0.054688	0.039063
319	-0.109375	-0.007813
320	-0.117188	-0.054688
321	-0.062500	-0.039063
322	-0.078125	-0.101563
323	-0.070313	0.031250
324	-0.093750	0.000000
325	-0.109375	-0.023438
326	-0.085938	-0.007813
327	-0.140625	-0.085938
328	-0.062500	0.054688
329	-0.015625	-0.007813
330	-0.054688	-0.007813
331	-0.101563	0.007813
332	-0.148438	-0.117188
333	-0.140625	0.109375
334	-0.109375	-0.031250
335	-0.093750	0.015625
336	-0.109375	0.046875
337	-0.054688	-0.093750
338	-0.070313	0.023438
339	-0.062500	-0.046875
340	-0.109375	0.015625
341	-0.117188	0.070313
342	-0.023438	0.023438
343	-0.046875	-0.039063
344	-0.078125	-0.093750
345	-0.125000	-0.046875
346	-0.031250	-0.085938
347	-0.117188	-0.031250
348	-0.101563	-0.085938
349	-0.031250	-0.046875
350	-0.117188	-0.125000
351	-0.093750	0.093750
352	-0.203125	0.046875
353	-0.132813	-0.007813
354	-0.023438	-0.031250
355	-0.109375	0.039063
356	-0.031250	0.023438
357	-0.117188	0.085938
358	-0.078125	-0.234375
359	-0.101563	-0.109375
360	-0.039063	0.031250
361	-0.117188	0.023438
362	-0.085938	-0.054688
363	-0.078125	0.007813
364	-0.085938	0.078125
365	-0.109375	-0.015625
366	-0.140625	0.078125
367	-0.085938	0.015625
368	-0.109375	-0.015625
369	-0.117188	-0.007813
370	-0.171875	0.093750
371	-0.156250	-0.140625
372	-0.156250	0.007813
373	-0.156250	0.062500
374	0.000000	-0.078125
375	-0.039063	-0.031250
376	-0.093750	0.023438
377	-0.101563	0.015625
378	-0.054688	-0.039063
379	-0.117188	0.023438
380	-0.093750	-0.007813
381	-0.101563	0.109375
382	-0.109375	0.031250
383	-0.039063	-0.007813
384	-0.148438	-0.093750
385	-0.031250	-0.054688
386	-0.085938	0.000000
387	-0.078125	-0.046875
388	0.031250	-0.054688
389	-0.140625	0.023438
390	-0.093750	-0.015625
391	-0.109375	-0.007813
392	-0.117188	0.093750
393	-0.101563	-0.039063
394	-0.117188	0.187500
395	-0.109375	-0.054688
396	-0.171875	-0.078125
397	-0.140625	0.070313
398	-0.125000	-0.023438
399	-0.070313	0.000000
400	-0.187500	0.179688
401	-0.031250	0.007813
402	-0.046875	0.125000
403	-0.085938	0.117188
404	-0.078125	-0.039063
405	-0.156250	0.101563
406	-0.132813	-0.078125
407	-0.070313	-0.117188
408	-0.007813	0.093750
409	-0.101563	-0.054688
410	-0.109375	0.085938
411	-0.109375	-0.093750
412	-0.093750	-0.078125
413	-0.093750	0.000000
414	-0.101563	0.062500
415	-0.085938	0.015625
416	-0.062500	-0.007813
417	-0.085938	-0.023438
418	-0.125000	-0.101563
419	-0.093750	0.046875
420	-0.070313	0.031250
421	-0.085938	0.117188
422	-0.093750	0.031250
423	-0.140625	-0.023438
424	-0.046875	-0.031250
425	-0.039063	-0.007813
426	-0.046875	-0.148438
427	-0.101563	-0.007813
428	-0.132813	0.015625
429	-0.046875	0.039063
430	-0.085938	0.171875
431	-0.101563	0.085938
432	-0.132813	-0.007813
433	-0.062500	0.085938
434	0.007813	0.046875
435	-0.085938	0.054688
436	-0.007813	0.031250
437	-0.164063	-0.039063
438	-0.085938	-0.007813
439	-0.125000	0.078125
440	-0.171875	0.054688
441	-0.156250	0.085938
442	-0.156250	-0.031250
443	-0.054688	-0.054688
444	-0.148438	0.078125
445	-0.078125	-0.039063
446	-0.093750	-0.039063
447	-0.054688	-0.101563
448	-0.046875	0.031250
449	-0.156250	-0.023438
450	-0.078125	0.046875
451	-0.187500	-0.070313
452	-0.132813	0.078125
453	-0.039063	-0.015625
454	-0.085938	0.140625
455	-0.210938	-0.070313
456	-0.187500	-0.156250
457	-0.140625	0.117188
458	-0.101563	0.000000
459	-0.164063	-0.117188
460	-0.132813	-0.085938
461	-0.093750	0.007813
462	-0.046875	0.062500
463	-0.070313	0.039063
464	-0.101563	0.039063
465	-0.062500	0.093750
466	-0.078125	0.156250
467	-0.140625	0.054688
468	-0.062500	0.054688
469	-0.085938	0.031250
470	-0.109375	0.085938
471	-0.109375	-0.023438
472	-0.117188	-0.093750
473	-0.125000	0.031250
474	-0.046875	-0.015625
475	-0.070313	-0.015625
476	-0.148438	0.000000
477	-0.156250	0.109375
478	-0.101563	-0.039063
479	-0.015625	-0.070313
480	-0.046875	0.007813
481	-0.101563	0.000000
482	-0.070313	-0.054688
483	-0.093750	-0.117188
484	-0.156250	-0.031250
485	-0.101563	-0.015625
486	-0.179688	-0.031250
487	-0.117188	0.015625
488	-0.140625	0.078125
489	-0.062500	-0.093750
490	-0.046875	-0.007813
491	-0.078125	-0.031250
492	-0.101563	-0.187500
493	-0.070313	-0.093750
494	-0.156250	-0.070313
495	-0.125000	0.070313
496	-0.101563	0.000000
497	-0.054688	0.054688
498	-0.148438	0.078125
499	-0.109375	0.062500
500	-0.164063	0.054688
501	-0.117188	-0.046875
502	-0.070313	-0.109375
503	-0.156250	0.054688
504	-0.132813	0.031250
505	0.000000	-0.093750
506	-0.101563	-0.007813
507	-0.062500	0.117188
508	-0.109375	0.117188
509	-0.117188	0.000000
510	-0.078125	0.007813
511	-0.125000	-0.078125
512	-0.132813	-0.156250
513	-0.140625	-0.046875
514	-0.078125	0.015625
515	-0.085938	-0.093750
516	-0.054688	0.039063
517	-0.132813	-0.085938
518	-0.039063	0.039063
519	0.031250	0.031250
520	-0.117188	-0.007813
521	-0.179688	-0.265625
522	-0.117188	-0.054688
523	-0.109375	0.062500
524	-0.140625	-0.117188
525	-0.140625	0.132813
526	-0.140625	0.070313
527	-0.101563	-0.148438
528	-0.132813	0.007813
529	-0.156250	-0.054688
530	-0.148438	0.218750
531	-0.132813	0.078125
532	-0.234375	0.195313
533	-0.140625	0.015625
534	-0.039063	-0.164063
535	-0.039063	0.023438
536	-0.101563	0.031250
537	-0.078125	-0.023438
538	-0.093750	-0.101563
539	0.000000	0.031250
540	-0.039063	0.031250
541	-0.078125	-0.031250
542	-0.078125	-0.085938
543	-0.117188	0.062500
544	-0.117188	-0.007813
545	-0.140625	0.039063
546	-0.101563	0.007813
547	-0.070313	-0.015625
548	-0.125000	0.062500
549	-0.125000	0.031250
550	-0.125000	0.062500
551	-0.125000	0.046875
552	-0.062500	-0.039063
553	-0.093750	-0.156250
554	-0.156250	0.070313
555	-0.117188	-0.023438
556	-0.101563	-0.109375
557	-0.093750	0.031250
558	-0.125000	-0.078125
559	-0.132813	0.023438
560	-0.140625	-0.062500
561	-0.140625	-0.046875
562	-0.156250	0.101563
563	-0.109375	-0.070313
564	-0.148438	0.023438
565	-0.039063	0.039063
566	-0.101563	-0.125000
567	-0.046875	-0.109375
568	-0.132813	0.109375
569	-0.062500	-0.046875
570	-0.195313	-0.031250
571	-0.078125	0.039063
572	-0.132813	-0.093750
573	-0.148438	0.000000
574	-0.156250	0.046875
575	-0.070313	0.015625
576	-0.093750	0.007813
577	-0.070313	-0.007813
578	-0.101563	-0.046875
579	-0.015625	0.085938
580	-0.039063	-0.031250
581	-0.093750	-0.007813
582	-0.125000	0.101563
583	-0.054688	-0.023438
584	-0.109375	-0.015625
585	-0.101563	-0.101563
586	-0.085938	0.140625
587	-0.156250	-0.046875
588	-0.062500	0.015625
589	-0.085938	-0.039063
590	-0.093750	-0.007813
591	-0.101563	-0.078125
592	-0.117188	0.093750
593	-0.125000	-0.015625
594	-0.085938	0.054688
595	-0.070313	0.039063
596	-0.062500	-0.085938
597	-0.085938	-0.078125
598	-0.101563	-0.046875
599	-0.078125	0.093750
600	-0.093750	0.000000
601	-0.101563	0.093750
602	-0.070313	-0.007813
603	-0.062500	-0.140625
604	-0.156250	0.226563
605	-0.062500	-0.039063
606	-0.078125	-0.039063
607	-0.078125	0.000000
608	-0.054688	0.085938
609	-0.101563	0.078125
610	-0.117188	-0.070313
611	-0.156250	0.023438
612	-0.078125	0.023438
613	-0.093750	0.046875
614	-0.117188	0.015625
615	-0.093750	-0.117188
616	-0.109375	0.093750
617	-0.046875	0.078125
618	-0.140625	-0.015625
619	-0.179688	-0.132813
620	-0.140625	-0.046875
621	-0.210938	-0.023438
622	-0.117188	-0.117188
623	-0.070313	-0.015625
624	-0.062500	-0.062500
625	-0.039063	0.031250
626	-0.046875	-0.062500
627	-0.109375	-0.117188
628	-0.125000	-0.054688
629	-0.125000	0.007813
630	-0.109375	-0.070313
631	-0.125000	0.078125
632	-0.054688	-0.156250
633	-0.156250	-0.039063
634	-0.125000	0.000000
635	-0.203125	-0.164063
636	-0.117188	0.093750
637	-0.109375	0.000000
638	-0.085938	-0.015625
639	-0.179688	-0.117188
640	-0.132813	-0.078125
641	-0.156250	0.000000
642	-0.062500	0.015625
643	-0.093750	0.023438
644	-0.031250	0.000000
645	-0.101563	0.039063
646	-0.187500	0.054688
647	-0.054688	0.000000
648	-0.140625	0.039063
649	-0.046875	-0.007813
650	-0.132813	-0.007813
651	-0.101563	-0.046875
652	-0.085938	-0.023438
653	-0.101563	-0.101563
654	-0.117188	0.031250
655	-0.101563	0.054688
656	-0.046875	-0.085938
657	-0.046875	0.054688
658	-0.062500	0.031250
659	-0.179688	0.148438
660	-0.125000	-0.164063
661	-0.179688	0.007813
662	-0.171875	0.000000
663	-0.070313	-0.140625
664	-0.023438	-0.062500
665	-0.093750	0.039063
666	-0.109375	-0.023438
667	-0.171875	-0.031250
668	-0.039063	-0.039063
669	-0.101563	-0.054688
670	-0.101563	0.023438
671	-0.070313	-0.062500
672	-0.210938	0.093750
673	-0.101563	-0.046875
674	-0.109375	0.023438
675	-0.125000	-0.078125
676	-0.117188	-0.070313
677	-0.125000	-0.031250
678	-0.164063	0.007813
679	-0.171875	-0.078125
680	-0.156250	-0.093750
681	-0.132813	-0.148438
682	-0.109375	-0.007813
683	-0.117188	0.054688
684	-0.117188	0.109375
685	-0.187500	0.109375
686	-0.093750	0.046875
687	-0.101563	0.023438
688	-0.117188	0.101563
689	-0.070313	-0.007813
690	-0.062500	-0.054688
691	-0.125000	0.007813
692	-0.093750	0.007813
693	-0.132813	-0.031250
694	-0.148438	0.046875
695	-0.109375	-0.023438
696	-0.117188	-0.015625
697	-0.078125	0.007813
698	0.007813	0.078125
699	-0.046875	-0.015625
700	-0.070313	-0.007813
701	-0.093750	-0.023438
702	-0.007813	0.023438
703	-0.093750	-0.125000
704	-0.078125	0.054688
705	-0.070313	-0.070313
706	-0.085938	0.148438
707	-0.085938	0.140625
708	-0.125000	0.156250
709	-0.101563	-0.023438
710	-0.062500	-0.031250
711	-0.125000	0.109375
712	-0.070313	-0.117188
713	-0.062500	-0.031250
714	-0.070313	0.078125
715	-0.046875	0.093750
716	-0.085938	-0.062500
717	-0.156250	0.015625
718	-0.015625	-0.093750
719	-0.046875	-0.023438
720	-0.070313	0.132813
721	-0.117188	0.031250
722	-0.101563	-0.046875
723	-0.093750	-0.023438
724	-0.031250	0.031250
725	-0.023438	-0.078125
726	-0.085938	-0.039063
727	-0.023438	0.109375
728	-0.117188	0.101563
729	-0.054688	0.062500
730	-0.179688	-0.023438
731	-0.132813	-0.132813
732	-0.046875	0.070313
733	0.000000	0.015625
734	-0.148438	-0.007813
735	-0.140625	-0.023438
736	-0.078125	0.062500
737	-0.070313	-0.046875
738	-0.070313	0.093750
739	-0.148438	0.015625
740	-0.070313	-0.046875
741	-0.015625	-0.093750
742	-0.140625	0.015625
743	-0.140625	0.109375
744	-0.164063	-0.132813
745	-0.148438	-0.015625
746	-0.148438	0.023438
747	-0.078125	-0.101563
748	-0.132813	-0.023438
749	-0.039063	0.125000
750	-0.140625	-0.101563
751	-0.023438	-0.062500
752	-0.078125	0.039063
753	-0.078125	-0.031250
754	-0.140625	0.070313
755	-0.070313	-0.023438
756	-0.054688	0.125000
757	-0.125000	0.007813
758	-0.023438	0.015625
759	-0.046875	-0.109375
760	-0.070313	0.125000
761	-0.109375	-0.046875
762	-0.117188	-0.031250
763	-0.085938	-0.031250
764	-0.093750	0.054688
765	-0.109375	0.007813
766	-0.085938	-0.070313
767	-0.062500	0.164063
768	-0.046875	-0.015625
769	0.007813	-0.007813
770	-0.109375	0.007813
771	-0.132813	-0.046875
772	-0.132813	0.046875
773	-0.078125	0.093750
774	-0.078125	0.054688
775	-0.187500	0.000000
776	-0.117188	0.023438
777	-0.156250	-0.085938
778	-0.132813	0.007813
779	-0.125000	-0.164063
780	-0.148438	0.039063
781	-0.093750	-0.023438
782	-0.085938	-0.031250
783	-0.148438	0.039063
784	-0.062500	0.007813
785	-0.046875	-0.085938
786	-0.078125	-0.039063
787	-0.101563	-0.164063
788	-0.140625	0.085938
789	-0.140625	-0.015625
790	-0.078125	-0.023438
791	-0.078125	0.039063
792	-0.078125	0.000000
793	-0.132813	-0.046875
794	-0.062500	0.109375
795	-0.046875	-0.039063
796	-0.117188	-0.046875
797	-0.078125	0.125000
798	-0.117188	-0.023438
799	-0.046875	0.179688
800	-0.093750	-0.070313
801	-0.101563	-0.007813
802	-0.093750	-0.054688
803	-0.125000	-0.070313
804	-0.148438	-0.070313
805	-0.148438	-0.039063
806	-0.062500	0.078125
807	-0.226563	-0.007813
808	-0.054688	0.031250
809	-0.046875	-0.125000
810	-0.007813	-0.070313
811	-0.093750	0.054688
812	-0.117188	0.000000
813	-0.085938	-0.132813
814	-0.093750	0.257813
815	-0.132813	-0.093750
816	-0.085938	-0.015625
817	-0.109375	0.085938
818	-0.085938	-0.031250
819	-0.093750	0.078125
820	-0.125000	-0.148438
821	-0.054688	-0.054688
822	-0.078125	0.101563
823	-0.093750	0.007813
824	-0.070313	0.031250
825	-0.046875	0.117188
826	-0.179688	-0.171875
827	-0.085938	-0.046875
828	-0.187500	-0.015625
829	-0.070313	-0.031250
830	0.007813	0.062500
831	-0.156250	-0.070313
832	-0.109375	-0.132813
833	-0.046875	-0.125000
834	-0.117188	0.015625
835	-0.125000	-0.101563
836	-0.039063	0.000000
837	-0.140625	-0.093750
838	-0.117188	0.218750
839	-0.093750	-0.117188
840	-0.125000	-0.046875
841	-0.132813	0.054688
842	-0.070313	0.062500
843	-0.031250	0.023438
844	-0.023438	-0.039063
845	-0.085938	0.078125
846	-0.070313	0.062500
847	-0.093750	-0.070313
848	-0.156250	0.054688
849	-0.093750	-0.046875
850	-0.125000	0.000000
851	-0.101563	-0.054688
852	-0.148438	-0.039063
853	-0.101563	0.093750
854	-0.062500	-0.117188
855	-0.070313	-0.039063
856	-0.171875	0.148438
857	-0.179688	0.062500
858	-0.101563	0.093750
859	-0.078125	0.031250
860	-0.070313	0.046875
861	-0.156250	0.039063
862	-0.140625	0.070313
863	-0.062500	-0.007813
864	-0.117188	-0.109375
865	-0.078125	0.015625
866	-0.078125	-0.062500
867	-0.140625	0.015625
868	-0.085938	0.000000
869	-0.187500	0.015625
870	-0.062500	-0.007813
871	-0.179688	-0.039063
872	-0.085938	-0.007813
873	-0.078125	-0.085938
874	-0.054688	0.164063
875	-0.101563	0.054688
876	-0.031250	0.000000
877	-0.007813	0.039063
878	-0.101563	-0.078125
879	-0.164063	0.078125
880	-0.031250	-0.078125
881	-0.164063	-0.062500
882	-0.109375	0.148438
883	-0.171875	-0.234375
884	-0.070313	0.007813
885	-0.164063	-0.156250
886	-0.062500	0.093750
887	-0.078125	-0.015625
888	-0.132813	0.039063
889	-0.125000	0.031250
890	-0.164063	0.078125
891	-0.070313	-0.070313
892	-0.023438	0.007813
893	-0.140625	-0.039063
894	-0.070313	0.000000
895	-0.031250	0.093750
896	-0.109375	-0.085938
897	-0.187500	-0.039063
898	-0.070313	-0.070313
899	-0.109375	-0.062500
900	-0.093750	-0.015625
901	-0.101563	0.015625
902	-0.125000	0.148438
903	-0.031250	-0.132813
904	-0.140625	0.015625
905	-0.125000	-0.179688
906	-0.046875	0.031250
907	-0.132813	-0.070313
908	-0.148438	0.000000
909	-0.085938	0.007813
910	-0.070313	0.132813
911	-0.117188	-0.156250
912	-0.085938	0.062500
913	-0.125000	0.007813
914	-0.062500	0.007813
915	-0.148438	0.085938
916	-0.109375	-0.070313
917	-0.093750	0.093750
918	-0.148438	0.179688
919	-0.125000	0.046875
920	-0.140625	0.015625
921	-0.125000	-0.085938
922	-0.101563	0.031250
923	-0.062500	-0.070313
924	-0.085938	0.078125
925	-0.140625	-0.148438
926	-0.140625	0.078125
927	-0.046875	0.031250
928	-0.078125	-0.046875
929	-0.046875	0.109375
930	-0.070313	-0.039063
931	-0.085938	-0.039063
932	-0.117188	-0.093750
933	-0.101563	0.054688
934	-0.093750	-0.054688
935	-0.140625	0.039063
936	-0.070313	-0.031250
937	-0.078125	-0.031250
938	-0.023438	-0.125000
939	-0.046875	0.046875
940	-0.117188	-0.015625
941	-0.132813	-0.132813
942	-0.062500	0.062500
943	-0.078125	0.015625
944	-0.171875	0.109375
945	-0.085938	0.007813
946	-0.117188	-0.054688
947	-0.054688	0.007813
948	-0.062500	-0.070313
949	-0.078125	-0.015625
950	-0.117188	-0.054688
951	-0.203125	0.007813
952	-0.117188	0.171875
953	-0.101563	0.023438
954	-0.015625	-0.132813
955	-0.109375	0.070313
956	-0.062500	-0.085938
957	-0.085938	0.156250
958	-0.109375	-0.125000
959	-0.046875	0.031250
960	-0.179688	0.015625
961	-0.156250	-0.117188
962	-0.125000	-0.007813
963	-0.140625	0.046875
964	-0.085938	0.023438
965	-0.164063	-0.101563
966	-0.109375	-0.031250
967	-0.179688	0.093750
968	-0.218750	-0.078125
969	-0.109375	0.023438
970	-0.117188	-0.023438
971	-0.117188	-0.093750
972	-0.132813	0.023438
973	-0.156250	-0.031250
974	-0.085938	0.109375
975	-0.054688	-0.007813
976	-0.109375	0.054688
977	-0.195313	0.015625
978	-0.031250	0.125000
979	-0.117188	0.031250
980	-0.062500	0.140625
981	-0.070313	0.023438
982	-0.093750	-0.101563
983	-0.171875	-0.031250
984	-0.179688	0.117188
985	-0.171875	-0.140625
986	-0.195313	-0.031250
987	-0.101563	-0.062500
988	-0.132813	0.015625
989	-0.109375	-0.015625
990	-0.132813	0.101563
991	-0.132813	-0.023438
992	-0.117188	-0.054688
993	-0.109375	-0.046875
994	-0.054688	0.117188
995	-0.140625	0.070313
996	-0.117188	-0.023438
997	-0.226563	0.070313
998	-0.156250	-0.062500
999	-0.187500	0.000000
