0	-0.867188	-0.914063
1	-0.804688	-0.875000
2	-0.843750	-0.906250
3	-0.695313	-0.789063
4	-0.734375	-0.804688
5	-0.726563	-0.843750
6	-0.718750	-0.757813
7	-0.664063	-0.757813
8	-0.828125	-0.859375
9	-0.742188	-0.820313
10	-0.664063	-0.539063
11	-0.656250	-0.218750
12	-0.578125	0.437500
13	-0.539063	0.140625
14	-0.625000	-0.242188
15	-0.726563	-0.773438
16	-0.726563	-0.742188
17	-0.835938	-0.867188
18	-0.843750	-0.875000
19	-0.773438	-0.835938
20	-0.781250	-0.851563
21	-0.734375	-0.757813
22	-0.882813	-0.929688
23	-0.867188	-0.921875
24	-0.828125	-0.898438
25	-0.687500	-0.789063
26	-0.687500	-0.515625
27	-0.671875	-0.539063
28	-0.640625	-0.679688
29	-0.820313	-0.828125
30	-0.835938	-0.890625
31	-0.695313	-0.656250
32	-0.828125	-0.898438
33	-0.835938	-0.898438
34	-0.726563	-0.718750
35	-0.804688	-0.812500
36	-0.851563	-0.867188
37	-0.687500	-0.734375
38	-0.765625	-0.828125
39	-0.765625	-0.757813
40	-0.828125	-0.898438
41	-0.640625	-0.546875
42	-0.632813	-0.367188
43	-0.632813	-0.703125
44	-0.812500	-0.890625
45	-0.656250	-0.671875
46	-0.718750	-0.804688
47	-0.757813	-0.796875
48	-0.812500	-0.882813
49	-0.781250	-0.789063
50	-0.882813	-0.929688
51	-0.726563	-0.773438
52	-0.820313	-0.890625
53	-0.804688	-0.843750
54	-0.773438	-0.867188
55	-0.671875	-0.726563
56	-0.703125	-0.757813
57	-0.765625	-0.820313
58	-0.781250	-0.843750
59	-0.859375	-0.921875
60	-0.820313	-0.867188
61	-0.757813	-0.789063
62	-0.593750	-0.585938
63	-0.812500	-0.851563
64	-0.710938	-0.742188
65	-0.859375	-0.914063
66	-0.843750	-0.906250
67	-0.703125	-0.750000
68	-0.710938	-0.718750
69	-0.585938	-0.570313
70	-0.781250	-0.835938
71	-0.703125	-0.742188
72	-0.617188	-0.546875
73	-0.625000	-0.406250
74	-0.820313	-0.820313
75	-0.765625	-0.851563
76	-0.804688	-0.882813
77	-0.757813	-0.804688
78	-0.781250	-0.820313
79	-0.812500	-0.796875
80	-0.781250	-0.859375
81	-0.695313	-0.773438
82	-0.679688	-0.671875
83	-0.804688	-0.882813
84	-0.671875	-0.671875
85	-0.796875	-0.851563
86	-0.773438	-0.718750
87	-0.718750	-0.734375
88	-0.625000	-0.523438
89	-0.812500	-0.828125
90	-0.781250	-0.859375
91	-0.593750	-0.679688
92	-0.796875	-0.835938
93	-0.679688	-0.500000
94	-0.718750	-0.648438
95	-0.765625	-0.781250
96	-0.789063	-0.882813
97	-0.843750	-0.882813
98	-0.929688	-0.960938
99	-0.773438	-0.734375
100	-0.859375	-0.929688
101	-0.625000	-0.601563
102	-0.687500	-0.726563
103	-0.789063	-0.875000
104	-0.875000	-0.921875
105	-0.750000	-0.820313
106	-0.695313	-0.726563
107	-0.945313	-0.968750
108	-0.812500	-0.882813
109	-0.679688	-0.632813
110	-0.617188	-0.554688
111	-0.843750	-0.906250
112	-0.703125	-0.757813
113	-0.828125	-0.859375
114	-0.843750	-0.906250
115	-0.640625	-0.640625
116	-0.726563	-0.710938
117	-0.671875	-0.593750
118	-0.742188	-0.796875
119	-0.859375	-0.906250
120	-0.796875	-0.843750
121	-0.734375	-0.773438
122	-0.781250	-0.742188
123	-0.765625	-0.843750
124	-0.875000	-0.914063
125	-0.703125	-0.718750
126	-0.703125	-0.804688
127	-0.640625	-0.585938
128	-0.789063	-0.835938
129	-0.695313	-0.656250
130	-0.695313	-0.648438
131	-0.804688	-0.835938
132	-0.757813	-0.867188
133	-0.757813	-0.828125
134	-0.750000	-0.687500
135	-0.835938	-0.882813
136	-0.695313	-0.781250
137	-0.789063	-0.875000
138	-0.726563	-0.796875
139	-0.835938	-0.875000
140	-0.765625	-0.812500
141	-0.757813	-0.851563
142	-0.734375	-0.828125
143	-0.742188	-0.812500
144	-0.695313	-0.765625
145	-0.875000	-0.921875
146	-0.789063	-0.867188
147	-0.765625	-0.789063
148	-0.843750	-0.882813
149	-0.750000	-0.750000
150	-0.734375	-0.828125
151	-0.765625	-0.843750
152	-0.781250	-0.828125
153	-0.695313	-0.726563
154	-0.781250	-0.796875
155	-0.820313	-0.843750
156	-0.843750	-0.906250
157	-0.750000	-0.773438
158	-0.828125	-0.835938
159	-0.812500	-0.898438
160	-0.687500	-0.765625
161	-0.757813	-0.773438
162	-0.765625	-0.781250
163	-0.757813	-0.835938
164	-0.835938	-0.851563
165	-0.710938	-0.804688
166	-0.820313	-0.867188
167	-0.812500	-0.882813
168	-0.710938	-0.789063
169	-0.820313	-0.890625
170	-0.796875	-0.867188
171	-0.671875	-0.742188
172	-0.843750	-0.906250
173	-0.664063	-0.718750
174	-0.890625	-0.937500
175	-0.765625	-0.835938
176	-0.734375	-0.765625
177	-0.750000	-0.835938
178	-0.796875	-0.820313
179	-0.781250	-0.726563
180	-0.789063	-0.851563
181	-0.765625	-0.750000
182	-0.640625	-0.601563
183	-0.687500	-0.726563
184	-0.898438	-0.921875
185	-0.906250	-0.937500
186	-0.796875	-0.835938
187	-0.851563	-0.898438
188	-0.828125	-0.882813
189	-0.812500	-0.875000
190	-0.789063	-0.835938
191	-0.718750	-0.781250
192	-0.703125	-0.781250
193	-0.804688	-0.867188
194	-0.765625	-0.804688
195	-0.757813	-0.804688
196	-0.843750	-0.882813
197	-0.734375	-0.789063
198	-0.765625	-0.835938
199	-0.656250	-0.765625
200	-0.765625	-0.851563
201	-0.750000	-0.765625
202	-0.750000	-0.843750
203	-0.867188	-0.898438
204	-0.835938	-0.882813
205	-0.796875	-0.875000
206	-0.781250	-0.851563
207	-0.703125	-0.789063
208	-0.875000	-0.921875
209	-0.812500	-0.882813
210	-0.757813	-0.789063
211	-0.726563	-0.765625
212	-0.765625	-0.765625
213	-0.734375	-0.820313
214	-0.718750	-0.742188
215	-0.687500	-0.781250
216	-0.718750	-0.820313
217	-0.734375	-0.773438
218	-0.757813	-0.789063
219	-0.796875	-0.835938
220	-0.789063	-0.820313
221	-0.695313	-0.726563
222	-0.828125	-0.835938
223	-0.835938	-0.882813
224	-0.750000	-0.765625
225	-0.695313	-0.648438
226	-0.757813	-0.828125
227	-0.710938	-0.765625
228	-0.812500	-0.875000
229	-0.734375	-0.765625
230	-0.648438	-0.695313
231	-0.757813	-0.804688
232	-0.812500	-0.828125
233	-0.890625	-0.937500
234	-0.726563	-0.789063
235	-0.812500	-0.859375
236	-0.882813	-0.921875
237	-0.781250	-0.789063
238	-0.773438	-0.851563
239	-0.851563	-0.914063
240	-0.796875	-0.890625
241	-0.726563	-0.750000
242	-0.804688	-0.867188
243	-0.765625	-0.843750
244	-0.796875	-0.843750
245	-0.734375	-0.679688
246	-0.687500	-0.625000
247	-0.570313	-0.421875
248	-0.703125	-0.531250
249	-0.671875	-0.281250
250	-0.570313	-0.500000
251	-0.835938	-0.906250
252	-0.867188	-0.914063
253	-0.750000	-0.789063
254	-0.742188	-0.789063
255	-0.695313	-0.750000
256	-0.687500	-0.710938
257	-0.867188	-0.929688
258	-0.828125	-0.875000
259	-0.820313	-0.867188
260	-0.898438	-0.937500
261	-0.796875	-0.804688
262	-0.859375	-0.859375
263	-0.781250	-0.851563
264	-0.804688	-0.859375
265	-0.804688	-0.835938
266	-0.781250	-0.843750
267	-0.750000	-0.789063
268	-0.835938	-0.882813
269	-0.812500	-0.882813
270	-0.859375	-0.914063
271	-0.679688	-0.648438
272	-0.687500	-0.367188
273	-0.585938	-0.039063
274	-0.554688	0.242188
275	-0.726563	0.789063
276	-0.734375	0.734375
277	-0.492188	0.281250
278	-0.726563	0.640625
279	-0.804688	0.851563
280	-0.812500	0.859375
281	-0.718750	0.554688
282	-0.726563	0.835938
283	-0.835938	0.914063
284	-0.804688	0.828125
285	-0.742188	0.828125
286	-0.843750	0.898438
287	-0.906250	0.945313
288	-0.820313	0.898438
289	-0.906250	0.953125
290	-0.859375	0.906250
291	-0.820313	0.890625
292	-0.679688	0.656250
293	-0.843750	0.898438
294	-0.906250	0.945313
295	-0.796875	0.851563
296	-0.875000	0.929688
297	-0.789063	0.812500
298	-0.851563	0.914063
299	-0.679688	0.726563
300	-0.796875	0.875000
301	-0.703125	0.773438
302	-0.773438	0.796875
303	-0.648438	0.656250
304	-0.718750	0.804688
305	-0.835938	0.890625
306	-0.773438	0.859375
307	-0.796875	0.781250
308	-0.718750	0.781250
309	-0.695313	0.648438
310	-0.742188	0.593750
311	-0.601563	0.531250
312	-0.632813	0.570313
313	-0.703125	0.789063
314	-0.734375	0.703125
315	-0.695313	0.554688
316	-0.562500	0.445313
317	-0.671875	0.468750
318	-0.859375	0.914063
319	-0.867188	0.921875
320	-0.695313	0.679688
321	-0.718750	0.742188
322	-0.812500	0.890625
323	-0.882813	0.921875
324	-0.703125	0.742188
325	-0.789063	0.828125
326	-0.703125	0.734375
327	-0.593750	0.632813
328	-0.617188	0.585938
329	-0.742188	0.773438
330	-0.773438	0.843750
331	-0.812500	0.867188
332	-0.820313	0.859375
333	-0.835938	0.890625
334	-0.804688	0.890625
335	-0.656250	0.554688
336	-0.750000	0.789063
337	-0.835938	0.882813
338	-0.812500	0.890625
339	-0.820313	0.859375
340	-0.617188	0.531250
341	-0.867188	0.921875
342	-0.875000	0.937500
343	-0.851563	0.890625
344	-0.765625	0.828125
345	-0.750000	0.843750
346	-0.843750	0.851563
347	-0.734375	0.757813
348	-0.718750	0.773438
349	-0.781250	0.804688
350	-0.726563	0.757813
351	-0.757813	0.835938
352	-0.671875	0.609375
353	-0.843750	0.914063
354	-0.632813	0.609375
355	-0.781250	0.859375
356	-0.914063	0.937500
357	-0.773438	0.828125
358	-0.671875	0.570313
359	-0.804688	0.640625
360	-0.835938	0.859375
361	-0.828125	0.898438
362	-0.757813	0.687500
363	-0.875000	0.921875
364	-0.648438	0.531250
365	-0.703125	0.742188
366	-0.867188	0.890625
367	-0.843750	0.859375
368	-0.906250	0.929688
369	-0.750000	0.789063
370	-0.843750	0.898438
371	-0.843750	0.914063
372	-0.820313	0.882813
373	-0.796875	0.828125
374	-0.742188	0.804688
375	-0.882813	0.937500
376	-0.601563	0.500000
377	-0.812500	0.859375
378	-0.718750	0.781250
379	-0.710938	0.804688
380	-0.882813	0.937500
381	-0.921875	0.945313
382	-0.664063	0.710938
383	-0.750000	0.773438
384	-0.765625	0.734375
385	-0.781250	0.718750
386	-0.664063	0.742188
387	-0.804688	0.820313
388	-0.617188	0.382813
389	-0.554688	0.203125
390	-0.671875	0.179688
391	-0.671875	0.343750
392	-0.679688	0.632813
393	-0.671875	0.648438
394	-0.804688	0.804688
395	-0.734375	0.695313
396	-0.679688	0.734375
397	-0.664063	0.632813
398	-0.820313	0.820313
399	-0.859375	0.921875
400	-0.703125	0.781250
401	-0.593750	0.546875
402	-0.750000	0.781250
403	-0.710938	0.703125
404	-0.703125	0.656250
405	-0.859375	0.914063
406	-0.789063	0.875000
407	-0.843750	0.906250
408	-0.867188	0.921875
409	-0.953125	0.976563
410	-0.570313	0.390625
411	-0.585938	0.054688
412	-0.539063	0.046875
413	-0.671875	-0.132813
414	-0.625000	0.210938
415	-0.664063	0.671875
416	-0.796875	0.820313
417	-0.781250	0.835938
418	-0.656250	0.695313
419	-0.570313	0.312500
420	-0.710938	0.796875
421	-0.867188	0.906250
422	-0.671875	0.750000
423	-0.718750	0.765625
424	-0.742188	0.828125
425	-0.804688	0.859375
426	-0.789063	0.859375
427	-0.640625	0.750000
428	-0.875000	0.937500
429	-0.882813	0.929688
430	-0.898438	0.937500
431	-0.812500	0.820313
432	-0.781250	0.835938
433	-0.882813	0.937500
434	-0.828125	0.898438
435	-0.726563	0.695313
436	-0.828125	0.867188
437	-0.796875	0.867188
438	-0.750000	0.843750
439	-0.718750	0.796875
440	-0.773438	0.742188
441	-0.593750	0.296875
442	-0.585938	0.585938
443	-0.781250	0.835938
444	-0.812500	0.875000
445	-0.882813	0.914063
446	-0.578125	0.648438
447	-0.703125	0.796875
448	-0.710938	0.742188
449	-0.828125	0.843750
450	-0.867188	0.906250
451	-0.804688	0.867188
452	-0.820313	0.898438
453	-0.726563	0.671875
454	-0.718750	0.687500
455	-0.671875	0.695313
456	-0.750000	0.750000
457	-0.710938	0.453125
458	-0.648438	0.679688
459	-0.679688	0.515625
460	-0.828125	0.851563
461	-0.796875	0.882813
462	-0.781250	0.820313
463	-0.656250	0.625000
464	-0.593750	0.453125
465	-0.523438	-0.125000
466	-0.671875	0.125000
467	-0.593750	0.031250
468	-0.570313	-0.257813
469	-0.773438	-0.726563
470	-0.718750	-0.820313
471	-0.687500	-0.656250
472	-0.671875	-0.648438
473	-0.703125	-0.648438
474	-0.765625	-0.773438
475	-0.851563	-0.898438
476	-0.796875	-0.882813
477	-0.601563	-0.523438
478	-0.812500	-0.804688
479	-0.742188	-0.773438
480	-0.765625	-0.851563
481	-0.742188	-0.726563
482	-0.781250	-0.835938
483	-0.656250	-0.460938
484	-0.679688	-0.585938
485	-0.656250	-0.593750
486	-0.757813	-0.828125
487	-0.750000	-0.796875
488	-0.789063	-0.835938
489	-0.828125	-0.890625
490	-0.718750	-0.742188
491	-0.765625	-0.812500
492	-0.664063	-0.656250
493	-0.679688	-0.625000
494	-0.726563	-0.726563
495	-0.593750	-0.320313
496	-0.695313	-0.640625
497	-0.750000	-0.835938
498	-0.882813	-0.921875
499	-0.890625	-0.859375
500	-0.750000	-0.757813
501	-0.726563	-0.351563
502	-0.664063	-0.671875
503	-0.804688	-0.851563
504	-0.695313	-0.773438
505	-0.820313	-0.890625
506	-0.906250	-0.945313
507	-0.750000	-0.796875
508	-0.820313	-0.867188
509	-0.765625	-0.812500
510	-0.796875	-0.875000
511	-0.835938	-0.898438
512	-0.757813	-0.828125
513	-0.773438	-0.851563
514	-0.804688	-0.882813
515	-0.750000	-0.835938
516	-0.742188	-0.789063
517	-0.781250	-0.789063
518	-0.664063	-0.757813
519	-0.781250	-0.796875
520	-0.804688	-0.882813
521	-0.835938	-0.875000
522	-0.781250	-0.828125
523	-0.890625	-0.945313
524	-0.781250	-0.859375
525	-0.664063	-0.726563
526	-0.695313	-0.570313
527	-0.695313	-0.468750
528	-0.601563	-0.437500
529	-0.820313	-0.875000
530	-0.671875	-0.632813
531	-0.695313	-0.773438
532	-0.851563	-0.921875
533	-0.757813	-0.734375
534	-0.710938	-0.398438
535	-0.734375	-0.804688
536	-0.625000	-0.531250
537	-0.640625	-0.679688
538	-0.726563	-0.804688
539	-0.828125	-0.859375
540	-0.718750	-0.796875
541	-0.765625	-0.843750
542	-0.726563	-0.789063
543	-0.820313	-0.851563
544	-0.820313	-0.843750
545	-0.757813	-0.843750
546	-0.703125	-0.742188
547	-0.835938	-0.898438
548	-0.656250	-0.679688
549	-0.742188	-0.804688
550	-0.726563	-0.695313
551	-0.570313	-0.507813
552	-0.671875	-0.687500
553	-0.656250	-0.671875
554	-0.687500	-0.679688
555	-0.562500	-0.554688
556	-0.710938	-0.578125
557	-0.671875	-0.656250
558	-0.812500	-0.890625
559	-0.742188	-0.835938
560	-0.742188	-0.828125
561	-0.851563	-0.875000
562	-0.687500	-0.703125
563	-0.585938	-0.609375
564	-0.812500	-0.890625
565	-0.851563	-0.921875
566	-0.796875	-0.875000
567	-0.914063	-0.937500
568	-0.703125	-0.796875
569	-0.757813	-0.812500
570	-0.859375	-0.921875
571	-0.851563	-0.859375
572	-0.734375	-0.781250
573	-0.718750	-0.781250
574	-0.750000	-0.789063
575	-0.773438	-0.867188
576	-0.804688	-0.875000
577	-0.664063	-0.718750
578	-0.765625	-0.820313
579	-0.656250	-0.679688
580	-0.765625	-0.828125
581	-0.765625	-0.828125
582	-0.828125	-0.875000
583	-0.796875	-0.851563
584	-0.734375	-0.828125
585	-0.804688	-0.796875
586	-0.757813	-0.835938
587	-0.703125	-0.593750
588	-0.703125	-0.742188
589	-0.796875	-0.710938
590	-0.812500	-0.835938
591	-0.843750	-0.875000
592	-0.757813	-0.796875
593	-0.773438	-0.828125
594	-0.796875	-0.812500
595	-0.859375	-0.859375
596	-0.734375	-0.773438
597	-0.585938	-0.242188
598	-0.765625	-0.828125
599	-0.773438	-0.765625
600	-0.843750	-0.898438
601	-0.742188	-0.765625
602	-0.687500	-0.726563
603	-0.726563	-0.742188
604	-0.789063	-0.867188
605	-0.687500	-0.804688
606	-0.828125	-0.875000
607	-0.632813	-0.757813
608	-0.718750	-0.796875
609	-0.742188	-0.757813
610	-0.804688	-0.703125
611	-0.679688	-0.765625
612	-0.804688	-0.859375
613	-0.875000	-0.914063
614	-0.671875	-0.773438
615	-0.773438	-0.859375
616	-0.539063	-0.570313
617	-0.703125	-0.765625
618	-0.898438	-0.921875
619	-0.867188	-0.890625
620	-0.718750	-0.773438
621	-0.773438	-0.796875
622	-0.804688	-0.843750
623	-0.789063	-0.812500
624	-0.882813	-0.898438
625	-0.765625	-0.843750
626	-0.781250	-0.859375
627	-0.632813	-0.710938
628	-0.734375	-0.828125
629	-0.742188	-0.835938
630	-0.601563	-0.617188
631	-0.851563	-0.898438
632	-0.789063	-0.851563
633	-0.703125	-0.742188
634	-0.765625	-0.617188
635	-0.601563	-0.492188
636	-0.609375	-0.656250
637	-0.867188	-0.914063
638	-0.750000	-0.820313
639	-0.914063	-0.953125
640	-0.812500	-0.851563
641	-0.742188	-0.656250
642	-0.835938	-0.882813
643	-0.812500	-0.875000
644	-0.765625	-0.828125
645	-0.875000	-0.937500
646	-0.718750	-0.757813
647	-0.734375	-0.781250
648	-0.718750	-0.781250
649	-0.765625	-0.796875
650	-0.835938	-0.882813
651	-0.750000	-0.804688
652	-0.781250	-0.835938
653	-0.828125	-0.898438
654	-0.851563	-0.890625
655	-0.734375	-0.703125
656	-0.781250	-0.835938
657	-0.742188	-0.726563
658	-0.804688	-0.851563
659	-0.632813	-0.664063
660	-0.710938	-0.789063
661	-0.804688	-0.859375
662	-0.648438	-0.703125
663	-0.921875	-0.960938
664	-0.625000	-0.671875
665	-0.742188	-0.765625
666	-0.820313	-0.882813
667	-0.757813	-0.765625
668	-0.710938	-0.781250
669	-0.710938	-0.695313
670	-0.859375	-0.906250
671	-0.679688	-0.671875
672	-0.867188	-0.929688
673	-0.789063	-0.851563
674	-0.640625	-0.585938
675	-0.687500	-0.546875
676	-0.640625	-0.359375
677	-0.726563	-0.757813
678	-0.875000	-0.921875
679	-0.679688	-0.742188
680	-0.765625	-0.765625
681	-0.648438	-0.265625
682	-0.726563	-0.664063
683	-0.601563	-0.351563
684	-0.710938	-0.773438
685	-0.804688	-0.882813
686	-0.695313	-0.750000
687	-0.835938	-0.859375
688	-0.750000	-0.695313
689	-0.671875	-0.578125
690	-0.757813	-0.828125
691	-0.773438	-0.851563
692	-0.773438	-0.789063
693	-0.882813	-0.929688
694	-0.679688	-0.593750
695	-0.718750	-0.710938
696	-0.820313	-0.804688
697	-0.835938	-0.906250
698	-0.687500	-0.617188
699	-0.765625	-0.851563
700	-0.796875	-0.859375
701	-0.781250	-0.851563
702	-0.664063	-0.554688
703	-0.742188	-0.695313
704	-0.789063	-0.859375
705	-0.750000	-0.734375
706	-0.726563	-0.687500
707	-0.703125	-0.656250
708	-0.781250	-0.757813
709	-0.750000	-0.812500
710	-0.812500	-0.890625
711	-0.664063	-0.656250
712	-0.632813	-0.671875
713	-0.765625	-0.812500
714	-0.812500	-0.882813
715	-0.656250	-0.656250
716	-0.601563	-0.515625
717	-0.671875	-0.218750
718	-0.554688	-0.117188
719	-0.570313	-0.031250
720	-0.648438	-0.554688
721	-0.937500	-0.968750
722	-0.710938	-0.773438
723	-0.656250	-0.679688
724	-0.843750	-0.898438
725	-0.781250	-0.851563
726	-0.796875	-0.812500
727	-0.718750	-0.789063
728	-0.703125	-0.718750
729	-0.531250	-0.335938
730	-0.664063	-0.625000
731	-0.726563	-0.757813
732	-0.695313	-0.664063
733	-0.625000	-0.585938
734	-0.843750	-0.906250
735	-0.687500	-0.726563
736	-0.828125	-0.835938
737	-0.632813	-0.679688
738	-0.804688	-0.828125
739	-0.703125	-0.664063
740	-0.695313	-0.671875
741	-0.742188	-0.781250
742	-0.781250	-0.828125
743	-0.843750	-0.906250
744	-0.765625	-0.828125
745	-0.804688	-0.851563
746	-0.625000	-0.546875
747	-0.570313	-0.414063
748	-0.804688	-0.679688
749	-0.773438	-0.679688
750	-0.773438	-0.765625
751	-0.867188	-0.906250
752	-0.773438	-0.843750
753	-0.835938	-0.906250
754	-0.773438	-0.835938
755	-0.742188	-0.750000
756	-0.796875	-0.859375
757	-0.773438	-0.859375
758	-0.843750	-0.906250
759	-0.843750	-0.914063
760	-0.867188	-0.914063
761	-0.781250	-0.851563
762	-0.757813	-0.812500
763	-0.640625	-0.562500
764	-0.687500	-0.531250
765	-0.671875	-0.617188
766	-0.601563	-0.671875
767	-0.765625	-0.851563
768	-0.734375	-0.835938
769	-0.812500	-0.890625
770	-0.648438	-0.695313
771	-0.617188	-0.710938
772	-0.726563	-0.757813
773	-0.781250	-0.835938
774	-0.851563	-0.906250
775	-0.796875	-0.875000
776	-0.757813	-0.734375
777	-0.695313	-0.742188
778	-0.742188	-0.765625
779	-0.882813	-0.929688
780	-0.851563	-0.921875
781	-0.867188	-0.929688
782	-0.820313	-0.859375
783	-0.781250	-0.742188
784	-0.703125	-0.687500
785	-0.617188	-0.500000
786	-0.718750	-0.664063
787	-0.726563	-0.796875
788	-0.859375	-0.906250
789	-0.843750	-0.906250
790	-0.718750	-0.804688
791	-0.835938	-0.867188
792	-0.773438	-0.789063
793	-0.820313	-0.882813
794	-0.750000	-0.828125
795	-0.750000	-0.820313
796	-0.734375	-0.742188
797	-0.765625	-0.812500
798	-0.835938	-0.906250
799	-0.835938	-0.914063
800	-0.773438	-0.765625
801	-0.804688	-0.859375
802	-0.773438	-0.882813
803	-0.796875	-0.867188
804	-0.820313	-0.859375
805	-0.820313	-0.867188
806	-0.835938	-0.882813
807	-0.765625	-0.828125
808	-0.789063	-0.867188
809	-0.812500	-0.851563
810	-0.804688	-0.875000
811	-0.875000	-0.921875
812	-0.867188	-0.906250
813	-0.851563	-0.867188
814	-0.695313	-0.742188
815	-0.656250	-0.570313
816	-0.773438	-0.742188
817	-0.867188	-0.921875
818	-0.789063	-0.875000
819	-0.710938	-0.765625
820	-0.703125	-0.773438
821	-0.875000	-0.921875
822	-0.750000	-0.804688
823	-0.867188	-0.921875
824	-0.804688	-0.851563
825	-0.773438	-0.835938
826	-0.648438	-0.726563
827	-0.648438	-0.578125
828	-0.656250	-0.265625
829	-0.546875	-0.265625
830	-0.523438	0.171875
831	-0.640625	0.367188
832	-0.570313	0.242188
833	-0.601563	0.046875
834	-0.562500	-0.007813
835	-0.609375	-0.476563
836	-0.734375	-0.648438
837	-0.726563	-0.507813
838	-0.671875	-0.375000
839	-0.609375	-0.148438
840	-0.648438	-0.242188
841	-0.750000	-0.546875
842	-0.750000	-0.781250
843	-0.664063	-0.468750
844	-0.664063	-0.593750
845	-0.875000	-0.882813
846	-0.781250	-0.820313
847	-0.789063	-0.796875
848	-0.828125	-0.820313
849	-0.679688	-0.656250
850	-0.640625	-0.585938
851	-0.578125	-0.539063
852	-0.578125	0.000000
853	-0.656250	0.187500
854	-0.578125	0.273438
855	-0.523438	0.039063
856	-0.570313	0.054688
857	-0.710938	0.195313
858	-0.664063	0.554688
859	-0.843750	0.914063
860	-0.804688	0.882813
861	-0.757813	0.804688
862	-0.828125	0.906250
863	-0.703125	0.781250
864	-0.921875	0.953125
865	-0.750000	0.664063
866	-0.687500	0.531250
867	-0.726563	0.710938
868	-0.750000	0.718750
869	-0.820313	0.835938
870	-0.781250	0.867188
871	-0.742188	0.789063
872	-0.703125	0.750000
873	-0.796875	0.765625
874	-0.828125	0.882813
875	-0.742188	0.781250
876	-0.757813	0.554688
877	-0.750000	0.640625
878	-0.640625	0.562500
879	-0.726563	0.765625
880	-0.671875	0.609375
881	-0.773438	0.835938
882	-0.710938	0.781250
883	-0.718750	0.765625
884	-0.781250	0.828125
885	-0.734375	0.812500
886	-0.710938	0.804688
887	-0.726563	0.671875
888	-0.867188	0.921875
889	-0.835938	0.882813
890	-0.820313	0.875000
891	-0.757813	0.812500
892	-0.687500	0.578125
893	-0.890625	0.914063
894	-0.812500	0.867188
895	-0.781250	0.828125
896	-0.851563	0.875000
897	-0.671875	0.531250
898	-0.710938	0.789063
899	-0.812500	0.890625
900	-0.750000	0.851563
901	-0.804688	0.867188
902	-0.703125	0.765625
903	-0.695313	0.750000
904	-0.789063	0.804688
905	-0.851563	0.898438
906	-0.656250	0.632813
907	-0.781250	0.625000
908	-0.687500	0.710938
909	-0.726563	0.789063
910	-0.734375	0.812500
911	-0.757813	0.835938
912	-0.750000	0.570313
913	-0.695313	0.609375
914	-0.625000	0.289063
915	-0.664063	0.609375
916	-0.671875	0.554688
917	-0.648438	0.523438
918	-0.781250	0.687500
919	-0.859375	0.914063
920	-0.882813	0.921875
921	-0.734375	0.750000
922	-0.718750	0.625000
923	-0.703125	0.468750
924	-0.539063	0.429688
925	-0.656250	0.445313
926	-0.625000	0.351563
927	-0.601563	0.312500
928	-0.695313	0.679688
929	-0.734375	0.828125
930	-0.710938	0.773438
931	-0.640625	0.562500
932	-0.734375	0.750000
933	-0.757813	0.718750
934	-0.734375	0.796875
935	-0.578125	0.406250
936	-0.664063	0.765625
937	-0.750000	0.781250
938	-0.742188	0.820313
939	-0.726563	0.796875
940	-0.867188	0.921875
941	-0.914063	0.953125
942	-0.835938	0.898438
943	-0.835938	0.890625
944	-0.796875	0.820313
945	-0.679688	0.781250
946	-0.890625	0.921875
947	-0.781250	0.835938
948	-0.757813	0.812500
949	-0.726563	0.789063
950	-0.835938	0.843750
951	-0.640625	0.710938
952	-0.617188	0.601563
953	-0.828125	0.843750
954	-0.765625	0.867188
955	-0.875000	0.898438
956	-0.789063	0.828125
957	-0.820313	0.882813
958	-0.882813	0.906250
959	-0.812500	0.882813
960	-0.835938	0.890625
961	-0.804688	0.687500
962	-0.710938	0.757813
963	-0.835938	0.898438
964	-0.734375	0.789063
965	-0.796875	0.687500
966	-0.820313	0.875000
967	-0.781250	0.875000
968	-0.773438	0.835938
969	-0.640625	0.726563
970	-0.750000	0.796875
971	-0.726563	0.812500
972	-0.828125	0.890625
973	-0.882813	0.929688
974	-0.843750	0.906250
975	-0.812500	0.898438
976	-0.750000	0.828125
977	-0.695313	0.750000
978	-0.796875	0.867188
979	-0.953125	0.976563
980	-0.843750	0.898438
981	-0.664063	0.710938
982	-0.812500	0.851563
983	-0.664063	0.718750
984	-0.796875	0.804688
985	-0.789063	0.851563
986	-0.804688	0.859375
987	-0.765625	0.843750
988	-0.765625	0.851563
989	-0.710938	0.796875
990	-0.929688	0.960938
991	-0.898438	0.945313
992	-0.726563	0.781250
993	-0.671875	0.656250
994	-0.867188	0.921875
995	-0.828125	0.906250
996	-0.726563	0.789063
997	-0.812500	0.890625
998	-0.757813	0.851563
999	-0.695313	0.703125
