0	-0.046875	-0.007813
1	-0.054688	0.015625
2	-0.039063	0.132813
3	-0.039063	0.000000
4	-0.093750	0.023438
5	-0.031250	-0.093750
6	-0.031250	-0.054688
7	0.007813	-0.046875
8	-0.054688	0.171875
9	0.023438	-0.031250
10	0.062500	0.023438
11	0.015625	-0.070313
12	-0.007813	-0.007813
13	-0.085938	0.039063
14	-0.031250	-0.101563
15	-0.093750	0.109375
16	-0.054688	0.015625
17	-0.109375	-0.023438
18	-0.117188	0.078125
19	-0.031250	-0.031250
20	-0.054688	-0.015625
21	-0.054688	-0.046875
22	-0.093750	-0.062500
23	-0.140625	0.000000
24	-0.070313	-0.062500
25	-0.054688	0.039063
26	-0.078125	-0.023438
27	-0.031250	-0.031250
28	-0.031250	-0.031250
29	-0.023438	-0.054688
30	-0.039063	0.039063
31	-0.062500	0.046875
32	-0.054688	0.031250
33	-0.031250	-0.132813
34	-0.062500	-0.046875
35	-0.093750	-0.007813
36	-0.070313	-0.039063
37	-0.078125	-0.070313
38	-0.039063	-0.039063
39	-0.062500	0.023438
40	-0.085938	-0.078125
41	0.000000	-0.070313
42	-0.125000	0.000000
43	-0.046875	-0.101563
44	-0.046875	0.000000
45	-0.039063	-0.031250
46	-0.054688	0.023438
47	-0.007813	0.023438
48	-0.007813	-0.046875
49	0.000000	0.007813
50	-0.039063	-0.070313
51	-0.109375	-0.070313
52	-0.031250	0.007813
53	-0.054688	-0.054688
54	-0.054688	0.117188
55	-0.085938	-0.046875
56	-0.078125	-0.039063
57	-0.023438	-0.031250
58	0.000000	-0.015625
59	0.007813	0.101563
60	-0.007813	0.046875
61	-0.007813	-0.015625
62	-0.031250	0.007813
63	-0.039063	-0.031250
64	0.031250	-0.062500
65	-0.023438	-0.062500
66	0.007813	0.093750
67	0.015625	-0.070313
68	0.000000	0.078125
69	-0.070313	-0.023438
70	0.046875	0.000000
71	-0.125000	-0.054688
72	-0.125000	-0.015625
73	-0.039063	-0.101563
74	-0.054688	-0.039063
75	0.007813	0.062500
76	-0.031250	-0.023438
77	-0.054688	-0.031250
78	-0.062500	-0.015625
79	-0.117188	0.031250
80	-0.007813	-0.031250
81	-0.062500	0.046875
82	-0.039063	-0.125000
83	-0.023438	0.156250
84	-0.007813	-0.156250
85	-0.023438	0.117188
86	-0.062500	-0.078125
87	-0.117188	0.023438
88	-0.078125	-0.015625
89	-0.054688	-0.015625
90	-0.101563	-0.109375
91	-0.070313	0.085938
92	-0.070313	-0.046875
93	0.023438	0.070313
94	0.062500	0.023438
95	-0.117188	0.046875
96	0.023438	0.054688
97	0.031250	-0.046875
98	0.015625	-0.015625
99	-0.031250	0.093750
100	-0.031250	-0.132813
101	-0.007813	0.039063
102	-0.117188	0.062500
103	-0.070313	-0.031250
104	-0.046875	0.046875
105	-0.140625	-0.101563
106	-0.023438	0.117188
107	-0.085938	-0.093750
108	-0.023438	0.062500
109	-0.039063	0.085938
110	-0.085938	0.023438
111	-0.031250	0.015625
112	-0.054688	-0.093750
113	-0.039063	0.054688
114	-0.078125	0.101563
115	0.000000	0.039063
116	-0.070313	-0.007813
117	0.039063	0.054688
118	0.046875	-0.015625
119	-0.046875	-0.070313
120	-0.179688	0.085938
121	-0.140625	-0.062500
122	-0.085938	-0.046875
123	-0.046875	-0.031250
124	-0.023438	0.054688
125	-0.031250	-0.023438
126	-0.093750	0.070313
127	-0.046875	0.070313
128	-0.140625	-0.078125
129	-0.054688	0.046875
130	-0.093750	-0.085938
131	-0.070313	0.007813
132	-0.148438	-0.007813
133	-0.039063	0.125000
134	-0.054688	-0.023438
135	-0.085938	0.070313
136	-0.046875	-0.062500
137	-0.015625	-0.031250
138	0.031250	-0.046875
139	-0.054688	-0.015625
140	-0.085938	-0.039063
141	-0.109375	-0.054688
142	-0.101563	0.015625
143	-0.070313	0.000000
144	-0.109375	0.054688
145	-0.125000	0.164063
146	-0.054688	-0.093750
147	-0.046875	0.007813
148	-0.070313	0.093750
149	-0.031250	0.000000
150	-0.085938	-0.054688
151	-0.031250	0.054688
152	0.023438	0.085938
153	-0.031250	-0.007813
154	-0.046875	-0.031250
155	-0.101563	0.148438
156	-0.125000	-0.054688
157	-0.054688	0.101563
158	-0.023438	-0.070313
159	-0.109375	0.054688
160	-0.062500	-0.031250
161	-0.117188	-0.109375
162	-0.117188	0.132813
163	-0.085938	0.015625
164	-0.078125	0.023438
165	-0.070313	0.023438
166	0.015625	-0.070313
167	-0.054688	0.007813
168	-0.085938	-0.195313
169	-0.039063	0.085938
170	-0.085938	-0.015625
171	-0.046875	-0.132813
172	-0.046875	0.039063
173	-0.023438	0.109375
174	-0.093750	-0.156250
175	-0.054688	0.109375
176	-0.007813	0.023438
177	-0.078125	0.015625
178	-0.062500	0.070313
179	-0.109375	-0.046875
180	-0.070313	0.007813
181	-0.054688	0.148438
182	-0.007813	-0.078125
183	-0.023438	0.117188
184	0.031250	-0.039063
185	-0.046875	0.117188
186	-0.062500	0.000000
187	-0.070313	0.007813
188	-0.007813	-0.109375
189	-0.125000	0.085938
190	-0.054688	-0.101563
191	-0.039063	-0.031250
192	-0.015625	0.070313
193	-0.062500	-0.039063
194	-0.062500	-0.046875
195	-0.031250	0.023438
196	-0.031250	-0.046875
197	-0.117188	-0.031250
198	-0.078125	-0.031250
199	-0.093750	0.156250
200	-0.078125	-0.132813
201	-0.062500	0.046875
202	-0.039063	-0.109375
203	-0.093750	0.007813
204	-0.031250	-0.023438
205	0.007813	0.039063
206	-0.078125	-0.117188
207	0.007813	0.085938
208	-0.070313	0.023438
209	-0.039063	-0.117188
210	-0.078125	0.015625
211	-0.070313	0.062500
212	-0.070313	-0.054688
213	-0.109375	-0.031250
214	-0.093750	0.046875
215	-0.015625	0.023438
216	-0.031250	0.015625
217	-0.078125	0.070313
218	-0.109375	-0.039063
219	0.007813	-0.031250
220	0.015625	-0.046875
221	0.039063	0.085938
222	0.007813	0.046875
223	-0.054688	-0.062500
224	-0.054688	-0.070313
225	-0.078125	-0.007813
226	-0.039063	0.007813
227	-0.023438	0.023438
228	-0.078125	-0.031250
229	-0.039063	0.085938
230	-0.062500	-0.015625
231	-0.054688	-0.023438
232	-0.078125	0.007813
233	-0.054688	0.195313
234	-0.093750	-0.109375
235	-0.085938	0.054688
236	0.023438	-0.039063
237	0.015625	-0.015625
238	-0.031250	0.078125
239	-0.085938	0.039063
240	-0.031250	-0.039063
241	-0.015625	0.093750
242	0.000000	0.078125
243	-0.093750	-0.085938
244	-0.046875	-0.039063
245	0.015625	-0.023438
246	-0.078125	0.046875
247	-0.007813	-0.054688
248	-0.054688	0.109375
249	-0.031250	-0.023438
250	-0.078125	0.000000
251	-0.054688	0.078125
252	-0.046875	-0.062500
253	-0.007813	0.046875
254	-0.015625	-0.007813
255	-0.070313	0.031250
256	-0.062500	-0.023438
257	-0.078125	0.007813
258	0.007813	0.062500
259	0.015625	-0.007813
260	-0.078125	0.109375
261	-0.039063	-0.007813
262	-0.046875	-0.015625
263	0.015625	-0.101563
264	-0.093750	-0.023438
265	0.000000	-0.054688
266	-0.046875	-0.015625
267	-0.054688	0.000000
268	-0.093750	-0.015625
269	-0.062500	0.000000
270	-0.007813	-0.039063
271	-0.078125	0.000000
272	-0.015625	0.046875
273	0.015625	-0.015625
274	0.031250	-0.023438
275	0.007813	0.015625
276	-0.023438	-0.039063
277	0.007813	0.117188
278	-0.023438	0.000000
279	-0.078125	0.007813
280	-0.070313	0.085938
281	-0.125000	-0.156250
282	-0.101563	0.078125
283	-0.023438	0.023438
284	0.000000	-0.031250
285	0.046875	0.085938
286	-0.023438	-0.031250
287	-0.070313	0.101563
288	-0.054688	0.031250
289	-0.023438	-0.093750
290	0.000000	0.015625
291	-0.054688	-0.007813
292	-0.007813	0.007813
293	-0.101563	-0.015625
294	0.015625	-0.054688
295	0.007813	0.000000
296	-0.039063	0.007813
297	0.015625	-0.039063
298	0.000000	0.117188
299	0.007813	-0.015625
300	-0.070313	0.148438
301	-0.046875	-0.218750
302	-0.039063	0.140625
303	0.039063	0.101563
304	-0.015625	-0.085938
305	-0.046875	0.093750
306	-0.023438	-0.039063
307	-0.015625	0.000000
308	-0.085938	-0.085938
309	-0.007813	-0.023438
310	-0.093750	0.070313
311	-0.101563	-0.023438
312	-0.015625	-0.015625
313	-0.023438	0.085938
314	0.015625	-0.132813
315	-0.062500	0.023438
316	-0.156250	-0.007813
317	-0.046875	-0.015625
318	0.015625	-0.054688
319	-0.132813	0.101563
320	-0.046875	0.015625
321	-0.007813	0.015625
322	-0.023438	0.054688
323	-0.093750	-0.078125
324	0.039063	-0.046875
325	0.046875	0.062500
326	0.046875	-0.070313
327	0.000000	-0.031250
328	-0.093750	-0.101563
329	-0.031250	-0.039063
330	-0.093750	0.015625
331	-0.007813	0.117188
332	-0.085938	-0.265625
333	-0.078125	0.117188
334	-0.078125	-0.015625
335	-0.085938	-0.031250
336	-0.046875	0.031250
337	-0.078125	-0.085938
338	-0.078125	-0.007813
339	-0.015625	0.015625
340	-0.031250	0.062500
341	-0.023438	-0.015625
342	-0.015625	-0.007813
343	-0.054688	-0.031250
344	-0.070313	0.125000
345	-0.062500	0.015625
346	-0.039063	0.046875
347	-0.085938	-0.093750
348	-0.054688	-0.046875
349	-0.046875	-0.015625
350	-0.109375	0.054688
351	-0.109375	0.039063
352	-0.093750	0.039063
353	-0.109375	-0.054688
354	-0.046875	-0.093750
355	-0.062500	0.046875
356	-0.039063	0.085938
357	0.007813	-0.046875
358	0.039063	0.078125
359	0.015625	-0.062500
360	-0.015625	0.039063
361	-0.062500	-0.023438
362	-0.078125	0.039063
363	-0.046875	0.109375
364	-0.070313	-0.046875
365	-0.109375	0.031250
366	-0.085938	-0.156250
367	-0.085938	0.007813
368	-0.125000	-0.085938
369	-0.117188	0.078125
370	-0.070313	-0.007813
371	-0.085938	0.062500
372	-0.070313	-0.117188
373	-0.062500	0.023438
374	-0.070313	-0.039063
375	-0.101563	0.062500
376	-0.101563	0.015625
377	-0.093750	0.062500
378	-0.031250	-0.062500
379	-0.046875	0.078125
380	-0.101563	0.093750
381	-0.117188	0.000000
382	-0.078125	0.062500
383	-0.109375	-0.093750
384	-0.078125	-0.078125
385	-0.054688	0.023438
386	-0.078125	-0.148438
387	-0.039063	0.062500
388	-0.039063	-0.023438
389	-0.031250	0.046875
390	-0.093750	-0.015625
391	-0.125000	0.046875
392	-0.078125	-0.062500
393	-0.117188	0.101563
394	-0.046875	-0.125000
395	-0.015625	0.109375
396	-0.023438	-0.171875
397	-0.117188	0.039063
398	-0.031250	0.015625
399	-0.085938	-0.062500
400	-0.062500	-0.093750
401	-0.062500	0.039063
402	-0.070313	-0.085938
403	-0.031250	-0.046875
404	-0.078125	0.023438
405	-0.109375	-0.007813
406	-0.078125	0.007813
407	-0.070313	0.007813
408	-0.085938	0.039063
409	-0.070313	-0.039063
410	-0.007813	0.070313
411	0.031250	0.000000
412	0.000000	-0.085938
413	-0.070313	0.078125
414	-0.007813	-0.062500
415	-0.039063	-0.070313
416	-0.070313	-0.078125
417	-0.109375	0.093750
418	0.000000	-0.093750
419	-0.039063	-0.031250
420	-0.023438	0.085938
421	-0.023438	0.023438
422	0.007813	-0.140625
423	-0.015625	0.101563
424	-0.070313	0.031250
425	-0.046875	0.078125
426	-0.031250	-0.070313
427	-0.078125	-0.046875
428	-0.085938	0.015625
429	-0.062500	-0.023438
430	0.007813	0.031250
431	-0.023438	0.109375
432	-0.062500	-0.101563
433	-0.054688	0.062500
434	-0.070313	0.101563
435	-0.125000	-0.054688
436	-0.085938	0.070313
437	-0.148438	-0.179688
438	-0.054688	-0.015625
439	0.046875	-0.062500
440	-0.062500	0.117188
441	-0.070313	-0.125000
442	-0.039063	0.078125
443	0.000000	-0.054688
444	-0.031250	0.039063
445	0.031250	0.031250
446	-0.007813	-0.109375
447	0.070313	0.023438
448	0.023438	-0.070313
449	0.007813	0.046875
450	-0.054688	-0.109375
451	-0.078125	-0.054688
452	-0.031250	0.140625
453	-0.023438	-0.093750
454	-0.031250	-0.148438
455	-0.031250	0.031250
456	-0.039063	-0.039063
457	-0.070313	-0.132813
458	-0.070313	0.039063
459	-0.015625	0.070313
460	0.023438	-0.101563
461	-0.062500	-0.031250
462	-0.109375	-0.046875
463	-0.054688	0.015625
464	-0.117188	0.039063
465	-0.046875	-0.054688
466	0.000000	-0.062500
467	-0.023438	-0.085938
468	-0.046875	-0.023438
469	-0.062500	-0.132813
470	-0.023438	-0.117188
471	-0.039063	0.070313
472	-0.085938	-0.093750
473	-0.054688	-0.031250
474	0.015625	0.078125
475	0.023438	-0.093750
476	0.023438	-0.015625
477	-0.007813	0.007813
478	-0.031250	0.023438
479	0.015625	-0.039063
480	0.000000	-0.093750
481	0.000000	0.039063
482	-0.046875	-0.031250
483	-0.078125	0.062500
484	-0.054688	0.046875
485	-0.078125	0.015625
486	-0.039063	0.031250
487	-0.039063	0.132813
488	-0.007813	-0.109375
489	-0.015625	-0.046875
490	-0.062500	0.039063
491	-0.062500	-0.015625
492	-0.093750	0.000000
493	-0.054688	0.093750
494	0.031250	-0.046875
495	0.000000	0.039063
496	-0.039063	0.007813
497	-0.023438	-0.039063
498	-0.023438	0.023438
499	-0.054688	-0.007813
500	-0.023438	-0.101563
501	-0.085938	0.023438
502	-0.109375	-0.023438
503	-0.179688	0.101563
504	-0.085938	-0.015625
505	-0.039063	-0.085938
506	-0.007813	0.156250
507	-0.039063	-0.078125
508	-0.023438	0.007813
509	-0.031250	0.023438
510	-0.039063	0.070313
511	-0.093750	0.000000
512	-0.054688	-0.007813
513	-0.093750	0.117188
514	-0.070313	0.070313
515	-0.007813	-0.054688
516	0.007813	0.062500
517	0.007813	-0.023438
518	-0.125000	0.109375
519	-0.085938	-0.195313
520	0.031250	0.015625
521	-0.039063	-0.085938
522	-0.078125	0.023438
523	-0.015625	-0.007813
524	-0.031250	-0.062500
525	-0.046875	-0.070313
526	0.039063	-0.054688
527	-0.023438	0.101563
528	-0.023438	-0.023438
529	0.000000	-0.054688
530	0.015625	0.046875
531	-0.015625	-0.007813
532	-0.070313	0.070313
533	-0.031250	0.007813
534	-0.085938	-0.078125
535	-0.039063	0.070313
536	-0.031250	-0.007813
537	-0.070313	0.000000
538	-0.093750	0.070313
539	-0.007813	-0.007813
540	0.007813	-0.015625
541	-0.085938	0.007813
542	-0.093750	0.031250
543	-0.039063	0.015625
544	-0.085938	-0.015625
545	-0.039063	0.031250
546	-0.078125	-0.078125
547	-0.062500	-0.046875
548	-0.085938	0.007813
549	0.000000	0.101563
550	0.023438	-0.187500
551	-0.015625	0.046875
552	0.007813	-0.093750
553	-0.023438	-0.023438
554	-0.062500	-0.062500
555	-0.085938	0.109375
556	-0.117188	0.078125
557	-0.085938	-0.015625
558	-0.078125	-0.078125
559	-0.023438	0.078125
560	-0.007813	-0.093750
561	-0.007813	0.007813
562	-0.015625	0.015625
563	0.039063	0.046875
564	0.000000	0.054688
565	-0.093750	0.023438
566	-0.062500	-0.023438
567	-0.039063	0.015625
568	-0.093750	-0.007813
569	-0.023438	-0.007813
570	0.015625	-0.007813
571	-0.015625	0.023438
572	-0.078125	0.171875
573	-0.125000	-0.125000
574	-0.148438	0.164063
575	-0.125000	-0.101563
576	-0.117188	0.023438
577	-0.062500	0.031250
578	-0.007813	-0.007813
579	0.031250	0.000000
580	-0.109375	0.085938
581	-0.015625	-0.078125
582	0.000000	-0.078125
583	-0.093750	0.031250
584	-0.101563	0.062500
585	-0.078125	-0.117188
586	-0.046875	0.093750
587	-0.007813	0.054688
588	-0.070313	-0.015625
589	-0.054688	-0.093750
590	-0.039063	-0.070313
591	-0.031250	-0.015625
592	-0.023438	0.039063
593	-0.046875	0.046875
594	-0.070313	-0.109375
595	-0.031250	0.046875
596	-0.039063	0.101563
597	0.000000	-0.109375
598	-0.023438	0.085938
599	0.062500	0.031250
600	-0.054688	-0.039063
601	0.007813	0.000000
602	0.054688	-0.015625
603	0.007813	-0.015625
604	-0.023438	0.078125
605	-0.070313	-0.007813
606	-0.023438	0.046875
607	-0.023438	0.000000
608	-0.039063	-0.046875
609	-0.023438	0.007813
610	-0.031250	-0.039063
611	-0.109375	0.039063
612	-0.054688	-0.046875
613	-0.070313	-0.046875
614	-0.007813	-0.015625
615	-0.007813	0.046875
616	-0.117188	0.101563
617	-0.078125	-0.078125
618	-0.031250	0.007813
619	-0.046875	-0.101563
620	-0.023438	0.031250
621	0.015625	0.054688
622	-0.031250	0.031250
623	-0.039063	-0.007813
624	-0.007813	0.015625
625	-0.031250	-0.007813
626	-0.078125	-0.062500
627	-0.101563	0.085938
628	-0.140625	0.078125
629	-0.093750	0.039063
630	-0.023438	0.031250
631	-0.007813	-0.039063
632	-0.023438	0.070313
633	-0.039063	-0.007813
634	-0.023438	-0.046875
635	-0.039063	0.007813
636	-0.070313	0.031250
637	-0.109375	0.156250
638	0.000000	-0.093750
639	0.007813	0.085938
640	-0.023438	-0.054688
641	-0.070313	0.031250
642	-0.023438	0.007813
643	-0.039063	0.015625
644	-0.007813	0.062500
645	-0.078125	-0.085938
646	-0.109375	0.039063
647	-0.093750	-0.023438
648	-0.085938	-0.054688
649	-0.125000	-0.007813
650	-0.148438	0.109375
651	-0.085938	-0.179688
652	0.007813	0.023438
653	-0.023438	0.000000
654	-0.101563	0.015625
655	-0.046875	0.031250
656	-0.125000	0.179688
657	-0.015625	-0.062500
658	0.015625	0.078125
659	-0.015625	-0.023438
660	-0.046875	-0.023438
661	-0.031250	-0.109375
662	-0.039063	0.148438
663	-0.078125	-0.062500
664	-0.015625	0.023438
665	0.000000	0.000000
666	-0.031250	0.046875
667	-0.007813	-0.023438
668	-0.023438	-0.085938
669	-0.039063	-0.015625
670	-0.015625	0.070313
671	-0.054688	-0.078125
672	-0.070313	0.226563
673	-0.093750	-0.046875
674	-0.015625	-0.078125
675	-0.054688	0.015625
676	0.007813	-0.164063
677	-0.039063	0.195313
678	0.046875	-0.070313
679	0.007813	0.007813
680	-0.085938	-0.046875
681	-0.093750	-0.039063
682	-0.046875	0.117188
683	-0.031250	0.023438
684	-0.078125	-0.062500
685	-0.031250	-0.046875
686	-0.078125	0.046875
687	-0.062500	0.046875
688	-0.031250	-0.039063
689	-0.093750	0.132813
690	-0.085938	-0.125000
691	-0.023438	0.085938
692	-0.046875	0.000000
693	0.000000	-0.023438
694	-0.015625	-0.054688
695	-0.085938	0.085938
696	-0.078125	-0.171875
697	0.023438	0.085938
698	-0.039063	0.023438
699	-0.039063	-0.054688
700	-0.023438	0.101563
701	-0.054688	0.023438
702	-0.132813	-0.148438
703	-0.023438	0.031250
704	-0.039063	0.070313
705	0.031250	0.007813
706	-0.085938	-0.007813
707	-0.085938	-0.125000
708	-0.109375	0.085938
709	-0.101563	-0.031250
710	-0.039063	0.023438
711	-0.031250	-0.039063
712	-0.023438	-0.015625
713	0.031250	-0.125000
714	-0.039063	0.085938
715	-0.062500	-0.101563
716	-0.046875	0.007813
717	-0.062500	-0.078125
718	-0.125000	-0.023438
719	-0.125000	0.109375
720	-0.101563	-0.062500
721	-0.062500	0.117188
722	-0.015625	0.015625
723	-0.085938	0.078125
724	-0.101563	-0.039063
725	-0.101563	0.140625
726	-0.101563	-0.132813
727	-0.031250	0.148438
728	-0.039063	-0.140625
729	-0.070313	0.054688
730	-0.046875	0.015625
731	-0.046875	-0.093750
732	-0.015625	0.015625
733	0.031250	0.031250
734	0.023438	-0.070313
735	0.000000	-0.023438
736	-0.015625	0.039063
737	-0.031250	0.000000
738	-0.078125	-0.054688
739	-0.093750	0.007813
740	-0.062500	0.054688
741	-0.046875	-0.007813
742	-0.046875	0.031250
743	-0.039063	-0.125000
744	-0.046875	-0.023438
745	-0.046875	-0.039063
746	-0.007813	0.015625
747	-0.125000	0.039063
748	-0.054688	0.078125
749	-0.054688	-0.085938
750	-0.054688	0.007813
751	-0.101563	0.000000
752	-0.109375	0.054688
753	-0.132813	0.085938
754	-0.078125	0.109375
755	-0.062500	-0.078125
756	-0.039063	0.070313
757	-0.070313	-0.085938
758	-0.117188	-0.031250
759	-0.125000	0.054688
760	-0.117188	-0.039063
761	-0.101563	0.015625
762	-0.070313	-0.015625
763	-0.015625	0.007813
764	-0.039063	0.039063
765	0.015625	-0.023438
766	-0.031250	-0.054688
767	-0.101563	0.046875
768	-0.093750	0.054688
769	-0.046875	0.015625
770	-0.078125	-0.039063
771	-0.046875	0.000000
772	-0.007813	0.007813
773	0.023438	-0.062500
774	-0.031250	0.000000
775	-0.062500	-0.015625
776	-0.007813	-0.039063
777	-0.046875	0.062500
778	-0.054688	-0.031250
779	-0.031250	-0.078125
780	-0.031250	0.031250
781	-0.015625	0.015625
782	-0.007813	0.000000
783	0.031250	-0.023438
784	0.015625	-0.007813
785	-0.007813	0.015625
786	-0.078125	-0.117188
787	0.000000	0.054688
788	-0.101563	0.023438
789	-0.054688	-0.007813
790	-0.078125	-0.031250
791	0.000000	-0.117188
792	-0.140625	0.164063
793	-0.039063	-0.109375
794	-0.085938	0.046875
795	-0.078125	-0.140625
796	-0.109375	0.093750
797	-0.039063	0.078125
798	-0.093750	-0.093750
799	-0.132813	-0.140625
800	-0.109375	0.015625
801	-0.054688	0.007813
802	-0.054688	0.015625
803	-0.117188	0.015625
804	-0.046875	0.046875
805	-0.093750	-0.007813
806	-0.117188	0.117188
807	-0.062500	-0.070313
808	-0.054688	-0.031250
809	-0.046875	0.031250
810	-0.039063	0.023438
811	-0.070313	-0.109375
812	-0.054688	0.085938
813	-0.054688	-0.023438
814	0.000000	0.101563
815	-0.062500	-0.148438
816	-0.093750	0.031250
817	0.007813	0.007813
818	-0.101563	0.085938
819	-0.070313	-0.054688
820	-0.109375	0.023438
821	-0.085938	0.015625
822	-0.109375	0.078125
823	-0.078125	-0.070313
824	-0.109375	0.062500
825	-0.062500	0.015625
826	-0.078125	-0.054688
827	-0.015625	0.023438
828	0.015625	-0.109375
829	-0.031250	0.031250
830	0.039063	0.015625
831	-0.031250	-0.031250
832	-0.031250	0.062500
833	-0.093750	-0.101563
834	-0.093750	0.171875
835	-0.085938	-0.015625
836	-0.023438	0.062500
837	-0.039063	-0.046875
838	-0.039063	0.000000
839	-0.015625	-0.015625
840	0.015625	0.000000
841	-0.031250	-0.023438
842	-0.070313	-0.062500
843	-0.078125	-0.062500
844	-0.117188	0.046875
845	-0.039063	-0.117188
846	-0.007813	0.070313
847	-0.015625	-0.062500
848	-0.054688	0.039063
849	-0.062500	-0.015625
850	-0.007813	-0.046875
851	-0.070313	0.109375
852	-0.070313	-0.039063
853	0.015625	0.031250
854	-0.062500	-0.101563
855	-0.039063	0.101563
856	0.015625	-0.070313
857	-0.093750	-0.039063
858	-0.031250	-0.031250
859	-0.117188	-0.023438
860	-0.085938	-0.054688
861	-0.093750	0.062500
862	-0.070313	-0.078125
863	-0.039063	0.101563
864	-0.085938	0.085938
865	-0.101563	-0.070313
866	-0.093750	-0.007813
867	-0.023438	-0.054688
868	-0.046875	-0.015625
869	0.000000	-0.078125
870	-0.015625	0.070313
871	-0.078125	-0.015625
872	0.007813	-0.101563
873	0.031250	-0.031250
874	-0.031250	-0.015625
875	-0.031250	-0.015625
876	-0.046875	0.054688
877	-0.101563	-0.117188
878	-0.125000	0.117188
879	-0.117188	-0.039063
880	-0.109375	0.023438
881	-0.039063	0.093750
882	-0.109375	-0.070313
883	-0.109375	0.031250
884	-0.109375	0.062500
885	-0.078125	-0.085938
886	-0.062500	-0.023438
887	-0.039063	0.093750
888	-0.023438	-0.015625
889	-0.062500	-0.085938
890	0.015625	-0.054688
891	-0.023438	-0.078125
892	-0.054688	-0.023438
893	-0.093750	0.039063
894	-0.132813	0.039063
895	-0.109375	0.000000
896	-0.062500	0.007813
897	-0.046875	-0.046875
898	-0.046875	-0.148438
899	-0.015625	0.015625
900	-0.023438	-0.164063
901	-0.015625	0.046875
902	-0.031250	0.015625
903	-0.109375	-0.023438
904	-0.046875	-0.070313
905	-0.078125	0.085938
906	0.000000	-0.062500
907	-0.078125	-0.132813
908	-0.054688	0.023438
909	-0.101563	0.078125
910	-0.093750	-0.070313
911	-0.070313	0.078125
912	-0.101563	-0.054688
913	-0.093750	0.023438
914	-0.078125	0.046875
915	-0.031250	-0.031250
916	-0.125000	-0.078125
917	-0.125000	0.062500
918	-0.101563	0.085938
919	-0.093750	0.007813
920	-0.140625	-0.039063
921	-0.171875	-0.015625
922	-0.101563	0.070313
923	-0.023438	-0.039063
924	-0.164063	-0.070313
925	-0.109375	0.062500
926	-0.164063	0.039063
927	-0.109375	0.054688
928	-0.054688	-0.117188
929	-0.101563	0.007813
930	-0.039063	0.046875
931	-0.015625	0.046875
932	-0.062500	-0.039063
933	-0.023438	0.070313
934	0.031250	0.015625
935	0.023438	-0.007813
936	0.007813	0.054688
937	0.015625	0.007813
938	0.007813	0.062500
939	-0.015625	-0.132813
940	-0.007813	0.015625
941	-0.039063	0.015625
942	-0.117188	-0.023438
943	-0.085938	-0.031250
944	-0.031250	0.015625
945	-0.078125	-0.046875
946	-0.054688	0.140625
947	-0.046875	-0.085938
948	0.023438	0.046875
949	-0.039063	0.023438
950	-0.093750	0.007813
951	-0.039063	-0.101563
952	-0.031250	-0.007813
953	0.023438	-0.039063
954	-0.039063	0.085938
955	-0.031250	0.007813
956	-0.023438	0.070313
957	-0.054688	-0.140625
958	-0.007813	0.132813
959	-0.070313	0.023438
960	-0.117188	-0.085938
961	-0.070313	0.140625
962	-0.093750	0.093750
963	-0.101563	0.039063
964	-0.101563	0.000000
965	-0.117188	-0.171875
966	-0.078125	0.109375
967	-0.078125	-0.156250
968	-0.148438	0.132813
969	-0.046875	-0.054688
970	0.046875	0.015625
971	-0.007813	-0.039063
972	-0.062500	0.156250
973	-0.093750	-0.148438
974	-0.007813	0.132813
975	-0.117188	0.007813
976	-0.054688	-0.046875
977	-0.078125	-0.070313
978	0.000000	-0.109375
979	-0.070313	0.148438
980	-0.078125	-0.078125
981	-0.156250	-0.093750
982	-0.015625	0.000000
983	-0.078125	-0.015625
984	-0.054688	0.054688
985	-0.078125	-0.023438
986	0.000000	-0.046875
987	-0.101563	0.054688
988	0.000000	0.007813
989	-0.015625	0.054688
990	-0.093750	-0.125000
991	-0.031250	0.085938
992	-0.039063	-0.039063
993	-0.125000	-0.156250
994	-0.132813	0.070313
995	-0.054688	0.007813
996	-0.046875	-0.078125
997	-0.031250	0.023438
998	0.015625	0.046875
999	0.070313	0.046875
