0	-0.851563	-0.875000
1	-0.937500	-0.968750
2	-0.828125	-0.875000
3	-0.937500	-0.968750
4	-0.906250	-0.945313
5	-0.898438	-0.945313
6	-0.890625	-0.937500
7	-0.898438	-0.945313
8	-0.781250	-0.835938
9	-0.914063	-0.937500
10	-0.898438	-0.914063
11	-0.914063	-0.953125
12	-0.906250	-0.945313
13	-0.820313	-0.851563
14	-0.890625	-0.929688
15	-0.890625	-0.937500
16	-0.882813	-0.929688
17	-0.914063	-0.953125
18	-0.828125	-0.898438
19	-0.882813	-0.929688
20	-0.914063	-0.953125
21	-0.867188	-0.921875
22	-0.703125	-0.718750
23	-0.789063	-0.773438
24	-0.953125	-0.976563
25	-0.953125	-0.976563
26	-0.875000	-0.937500
27	-0.898438	-0.945313
28	-0.898438	-0.937500
29	-0.898438	-0.937500
30	-0.859375	-0.867188
31	-0.851563	-0.914063
32	-0.789063	-0.851563
33	-0.851563	-0.875000
34	-0.835938	-0.906250
35	-0.867188	-0.906250
36	-0.875000	-0.914063
37	-0.921875	-0.953125
38	-0.921875	-0.960938
39	-0.890625	-0.898438
40	-0.882813	-0.914063
41	-0.867188	-0.929688
42	-0.882813	-0.921875
43	-0.890625	-0.937500
44	-0.835938	-0.906250
45	-0.843750	-0.898438
46	-0.859375	-0.921875
47	-0.984375	-0.992188
48	-0.765625	-0.812500
49	-0.890625	-0.937500
50	-0.796875	-0.890625
51	-0.914063	-0.953125
52	-0.882813	-0.937500
53	-0.812500	-0.882813
54	-0.843750	-0.906250
55	-0.773438	-0.671875
56	-0.796875	-0.867188
57	-0.828125	-0.882813
58	-0.843750	-0.835938
59	-0.804688	-0.828125
60	-0.859375	-0.789063
61	-0.914063	-0.953125
62	-0.906250	-0.945313
63	-0.937500	-0.968750
64	-0.875000	-0.921875
65	-0.812500	-0.867188
66	-0.875000	-0.921875
67	-0.945313	-0.968750
68	-0.835938	-0.890625
69	-0.945313	-0.968750
70	-0.750000	-0.734375
71	-0.851563	-0.898438
72	-0.843750	-0.890625
73	-0.929688	-0.960938
74	-0.820313	-0.890625
75	-0.859375	-0.914063
76	-0.812500	-0.875000
77	-0.898438	-0.945313
78	-0.898438	-0.945313
79	-0.976563	-0.984375
80	-0.875000	-0.921875
81	-0.875000	-0.929688
82	-0.875000	-0.906250
83	-0.867188	-0.843750
84	-0.804688	-0.875000
85	-0.828125	-0.890625
86	-0.875000	-0.906250
87	-0.929688	-0.960938
88	-0.843750	-0.898438
89	-0.851563	-0.898438
90	-0.843750	-0.875000
91	-0.953125	-0.976563
92	-0.859375	-0.929688
93	-0.898438	-0.945313
94	-0.734375	-0.812500
95	-0.835938	-0.898438
96	-0.906250	-0.945313
97	-0.921875	-0.953125
98	-0.851563	-0.914063
99	-0.851563	-0.914063
100	-0.875000	-0.929688
101	-0.921875	-0.960938
102	-0.890625	-0.945313
103	-0.914063	-0.953125
104	-0.875000	-0.921875
105	-0.882813	-0.921875
106	-0.867188	-0.906250
107	-0.875000	-0.914063
108	-0.867188	-0.929688
109	-0.843750	-0.890625
110	-0.882813	-0.914063
111	-0.882813	-0.937500
112	-0.875000	-0.906250
113	-0.851563	-0.914063
114	-0.875000	-0.914063
115	-0.875000	-0.914063
116	-0.789063	-0.835938
117	-0.914063	-0.945313
118	-0.765625	-0.796875
119	-0.914063	-0.953125
120	-0.882813	-0.929688
121	-0.914063	-0.953125
122	-0.828125	-0.898438
123	-0.828125	-0.882813
124	-0.945313	-0.960938
125	-0.882813	-0.929688
126	-0.914063	-0.953125
127	-0.945313	-0.968750
128	-0.914063	-0.945313
129	-0.867188	-0.921875
130	-0.804688	-0.882813
131	-0.921875	-0.960938
132	-0.945313	-0.968750
133	-0.843750	-0.914063
134	-0.843750	-0.898438
135	-0.890625	-0.929688
136	-0.906250	-0.929688
137	-0.867188	-0.882813
138	-0.875000	-0.921875
139	-0.945313	-0.968750
140	-0.828125	-0.882813
141	-0.906250	-0.937500
142	-0.781250	-0.804688
143	-0.953125	-0.976563
144	-0.921875	-0.945313
145	-0.906250	-0.945313
146	-0.898438	-0.945313
147	-0.796875	-0.867188
148	-0.867188	-0.914063
149	-0.914063	-0.945313
150	-0.843750	-0.875000
151	-0.835938	-0.898438
152	-0.953125	-0.976563
153	-0.906250	-0.945313
154	-0.867188	-0.921875
155	-0.937500	-0.960938
156	-0.859375	-0.914063
157	-0.781250	-0.875000
158	-0.937500	-0.968750
159	-0.921875	-0.953125
160	-0.968750	-0.984375
161	-0.851563	-0.914063
162	-0.859375	-0.906250
163	-0.882813	-0.929688
164	-0.843750	-0.851563
165	-0.945313	-0.960938
166	-0.898438	-0.945313
167	-0.929688	-0.960938
168	-0.882813	-0.929688
169	-0.914063	-0.945313
170	-0.882813	-0.921875
171	-0.828125	-0.890625
172	-0.820313	-0.828125
173	-0.914063	-0.945313
174	-0.898438	-0.945313
175	-0.835938	-0.914063
176	-0.968750	-0.984375
177	-0.921875	-0.960938
178	-0.835938	-0.898438
179	-0.875000	-0.921875
180	-0.890625	-0.937500
181	-0.867188	-0.914063
182	-0.937500	-0.937500
183	-0.945313	-0.968750
184	-0.921875	-0.953125
185	-0.914063	-0.953125
186	-0.820313	-0.859375
187	-0.906250	-0.945313
188	-0.914063	-0.953125
189	-0.890625	-0.929688
190	-0.914063	-0.953125
191	-0.929688	-0.960938
192	-0.812500	-0.867188
193	-0.875000	-0.914063
194	-0.867188	-0.906250
195	-0.953125	-0.976563
196	-0.875000	-0.914063
197	-0.921875	-0.953125
198	-0.945313	-0.968750
199	-0.851563	-0.906250
200	-0.906250	-0.953125
201	-0.843750	-0.898438
202	-0.882813	-0.929688
203	-0.937500	-0.968750
204	-0.914063	-0.953125
205	-0.828125	-0.890625
206	-0.921875	-0.960938
207	-0.937500	-0.968750
208	-0.953125	-0.968750
209	-0.890625	-0.914063
210	-0.796875	-0.843750
211	-0.890625	-0.921875
212	-0.906250	-0.937500
213	-0.828125	-0.851563
214	-0.906250	-0.945313
215	-0.828125	-0.890625
216	-0.796875	-0.843750
217	-0.851563	-0.921875
218	-0.937500	-0.968750
219	-0.898438	-0.945313
220	-0.867188	-0.890625
221	-0.953125	-0.976563
222	-0.929688	-0.960938
223	-0.921875	-0.960938
224	-0.890625	-0.937500
225	-0.820313	-0.890625
226	-0.937500	-0.968750
227	-0.875000	-0.890625
228	-0.937500	-0.968750
229	-0.828125	-0.898438
230	-0.882813	-0.929688
231	-0.914063	-0.953125
232	-0.929688	-0.960938
233	-0.937500	-0.960938
234	-0.890625	-0.906250
235	-0.851563	-0.906250
236	-0.859375	-0.914063
237	-0.804688	-0.859375
238	-0.867188	-0.921875
239	-0.921875	-0.929688
240	-0.812500	-0.875000
241	-0.882813	-0.937500
242	-0.789063	-0.812500
243	-0.812500	-0.835938
244	-0.828125	-0.875000
245	-0.882813	-0.929688
246	-0.960938	-0.960938
247	-0.914063	-0.953125
248	-0.937500	-0.968750
249	-0.812500	-0.898438
250	-0.906250	-0.945313
251	-0.765625	-0.765625
252	-0.875000	-0.929688
253	-0.820313	-0.890625
254	-0.859375	-0.906250
255	-0.796875	-0.742188
256	-0.882813	-0.937500
257	-0.929688	-0.960938
258	-0.945313	-0.968750
259	-0.781250	-0.851563
260	-0.937500	-0.960938
261	-0.859375	-0.906250
262	-0.882813	-0.937500
263	-0.820313	-0.859375
264	-0.882813	-0.937500
265	-0.898438	-0.937500
266	-0.914063	-0.921875
267	-0.859375	-0.890625
268	-0.867188	-0.921875
269	-0.828125	-0.859375
270	-0.843750	-0.882813
271	-0.851563	-0.914063
272	-0.937500	-0.968750
273	-0.812500	-0.898438
274	-0.898438	-0.914063
275	-0.882813	-0.843750
276	-0.726563	-0.789063
277	-0.789063	-0.882813
278	-0.890625	-0.937500
279	-0.882813	-0.921875
280	-0.851563	-0.921875
281	-0.937500	-0.960938
282	-0.812500	-0.851563
283	-0.851563	-0.914063
284	-0.898438	-0.945313
285	-0.898438	-0.937500
286	-0.875000	-0.921875
287	-0.828125	-0.851563
288	-0.906250	-0.953125
289	-0.906250	-0.945313
290	-0.859375	-0.906250
291	-0.882813	-0.937500
292	-0.765625	-0.851563
293	-0.859375	-0.898438
294	-0.843750	-0.914063
295	-0.820313	-0.882813
296	-0.937500	-0.968750
297	-0.867188	-0.921875
298	-0.875000	-0.882813
299	-0.835938	-0.875000
300	-0.851563	-0.882813
301	-0.820313	-0.882813
302	-0.898438	-0.929688
303	-0.867188	-0.929688
304	-0.789063	-0.835938
305	-0.859375	-0.875000
306	-0.906250	-0.953125
307	-0.875000	-0.921875
308	-0.875000	-0.921875
309	-0.906250	-0.945313
310	-0.820313	-0.882813
311	-0.804688	-0.835938
312	-0.843750	-0.898438
313	-0.882813	-0.914063
314	-0.960938	-0.976563
315	-0.898438	-0.921875
316	-0.859375	-0.882813
317	-0.804688	-0.820313
318	-0.835938	-0.906250
319	-0.914063	-0.945313
320	-0.875000	-0.914063
321	-0.843750	-0.914063
322	-0.765625	-0.851563
323	-0.843750	-0.882813
324	-0.867188	-0.914063
325	-0.828125	-0.851563
326	-0.867188	-0.914063
327	-0.843750	-0.906250
328	-0.828125	-0.898438
329	-0.906250	-0.937500
330	-0.859375	-0.921875
331	-0.796875	-0.859375
332	-0.890625	-0.914063
333	-0.914063	-0.945313
334	-0.843750	-0.906250
335	-0.820313	-0.859375
336	-0.859375	-0.921875
337	-0.843750	-0.898438
338	-0.875000	-0.929688
339	-0.953125	-0.968750
340	-0.726563	-0.687500
341	-0.851563	-0.906250
342	-0.898438	-0.937500
343	-0.945313	-0.937500
344	-0.929688	-0.960938
345	-0.859375	-0.921875
346	-0.867188	-0.914063
347	-0.765625	-0.843750
348	-0.812500	-0.843750
349	-0.773438	-0.812500
350	-0.921875	-0.953125
351	-0.937500	-0.968750
352	-0.875000	-0.921875
353	-0.820313	-0.867188
354	-0.820313	-0.867188
355	-0.765625	-0.812500
356	-0.851563	-0.906250
357	-0.929688	-0.960938
358	-0.796875	-0.875000
359	-0.789063	-0.812500
360	-0.757813	-0.812500
361	-0.820313	-0.867188
362	-0.914063	-0.945313
363	-0.882813	-0.929688
364	-0.875000	-0.929688
365	-0.765625	-0.695313
366	-0.750000	-0.734375
367	-0.820313	-0.765625
368	-0.906250	-0.953125
369	-0.921875	-0.953125
370	-0.859375	-0.921875
371	-0.789063	-0.835938
372	-0.898438	-0.945313
373	-0.859375	-0.921875
374	-0.945313	-0.968750
375	-0.914063	-0.937500
376	-0.953125	-0.976563
377	-0.812500	-0.843750
378	-0.906250	-0.929688
379	-0.875000	-0.937500
380	-0.867188	-0.921875
381	-0.929688	-0.960938
382	-0.828125	-0.898438
383	-0.914063	-0.945313
384	-0.835938	-0.898438
385	-0.875000	-0.914063
386	-0.890625	-0.921875
387	-0.843750	-0.875000
388	-0.890625	-0.914063
389	-0.882813	-0.914063
390	-0.914063	-0.945313
391	-0.867188	-0.875000
392	-0.804688	-0.875000
393	-0.789063	-0.882813
394	-0.882813	-0.921875
395	-0.757813	-0.820313
396	-0.906250	-0.937500
397	-0.906250	-0.945313
398	-0.789063	-0.812500
399	-0.859375	-0.906250
400	-0.945313	-0.968750
401	-0.875000	-0.914063
402	-0.945313	-0.968750
403	-0.804688	-0.859375
404	-0.804688	-0.875000
405	-0.984375	-0.992188
406	-0.898438	-0.945313
407	-0.906250	-0.937500
408	-0.953125	-0.976563
409	-0.953125	-0.976563
410	-0.921875	-0.953125
411	-0.867188	-0.914063
412	-0.812500	-0.875000
413	-0.921875	-0.960938
414	-0.851563	-0.851563
415	-0.882813	-0.929688
416	-0.906250	-0.953125
417	-0.906250	-0.945313
418	-0.835938	-0.906250
419	-0.851563	-0.890625
420	-0.875000	-0.921875
421	-0.882813	-0.937500
422	-0.812500	-0.835938
423	-0.929688	-0.960938
424	-0.945313	-0.968750
425	-0.867188	-0.921875
426	-0.898438	-0.929688
427	-0.812500	-0.789063
428	-0.882813	-0.929688
429	-0.867188	-0.921875
430	-0.781250	-0.820313
431	-0.851563	-0.890625
432	-0.851563	-0.921875
433	-0.921875	-0.960938
434	-0.843750	-0.906250
435	-0.906250	-0.914063
436	-0.851563	-0.914063
437	-0.875000	-0.929688
438	-0.898438	-0.945313
439	-0.898438	-0.937500
440	-0.804688	-0.835938
441	-0.882813	-0.937500
442	-0.765625	-0.835938
443	-0.882813	-0.914063
444	-0.968750	-0.984375
445	-0.890625	-0.929688
446	-0.867188	-0.914063
447	-0.906250	-0.937500
448	-0.968750	-0.984375
449	-0.835938	-0.890625
450	-0.906250	-0.937500
451	-0.898438	-0.929688
452	-0.851563	-0.898438
453	-0.898438	-0.937500
454	-0.812500	-0.890625
455	-0.898438	-0.937500
456	-0.953125	-0.976563
457	-0.929688	-0.960938
458	-0.804688	-0.882813
459	-0.867188	-0.898438
460	-0.953125	-0.976563
461	-0.867188	-0.914063
462	-0.828125	-0.890625
463	-0.945313	-0.968750
464	-0.867188	-0.921875
465	-0.843750	-0.890625
466	-0.765625	-0.796875
467	-0.812500	-0.796875
468	-0.914063	-0.945313
469	-0.953125	-0.976563
470	-0.890625	-0.937500
471	-0.851563	-0.914063
472	-0.867188	-0.906250
473	-0.875000	-0.929688
474	-0.898438	-0.945313
475	-0.703125	-0.656250
476	-0.804688	-0.828125
477	-0.773438	-0.820313
478	-0.796875	-0.859375
479	-0.804688	-0.812500
480	-0.945313	-0.968750
481	-0.906250	-0.937500
482	-0.859375	-0.914063
483	-0.898438	-0.945313
484	-0.898438	-0.929688
485	-0.921875	-0.960938
486	-0.820313	-0.882813
487	-0.890625	-0.921875
488	-0.828125	-0.906250
489	-0.898438	-0.945313
490	-0.851563	-0.906250
491	-0.875000	-0.929688
492	-0.890625	-0.929688
493	-0.890625	-0.921875
494	-0.851563	-0.914063
495	-0.929688	-0.953125
496	-0.882813	-0.929688
497	-0.851563	-0.914063
498	-0.921875	-0.953125
499	-0.843750	-0.890625
500	-0.875000	-0.875000
501	-0.882813	-0.937500
502	-0.812500	-0.882813
503	-0.898438	-0.945313
504	-0.812500	-0.867188
505	-0.945313	-0.968750
506	-0.812500	-0.875000
507	-0.960938	-0.976563
508	-0.890625	-0.929688
509	-0.812500	-0.867188
510	-0.914063	-0.953125
511	-0.929688	-0.953125
512	-0.898438	-0.945313
513	-0.914063	-0.953125
514	-0.867188	-0.921875
515	-0.750000	-0.835938
516	-0.882813	-0.914063
517	-0.914063	-0.953125
518	-0.890625	-0.937500
519	-0.867188	-0.820313
520	-0.742188	-0.570313
521	-0.812500	-0.765625
522	-0.937500	-0.968750
523	-0.843750	-0.882813
524	-0.929688	-0.945313
525	-0.867188	-0.929688
526	-0.875000	-0.921875
527	-0.812500	-0.875000
528	-0.820313	-0.898438
529	-0.984375	-0.992188
530	-0.875000	-0.921875
531	-0.945313	-0.968750
532	-0.929688	-0.960938
533	-0.859375	-0.921875
534	-0.921875	-0.953125
535	-0.953125	-0.976563
536	-0.867188	-0.906250
537	-0.835938	-0.906250
538	-0.890625	-0.937500
539	-0.804688	-0.781250
540	-0.921875	-0.953125
541	-0.890625	-0.921875
542	-0.906250	-0.929688
543	-0.898438	-0.906250
544	-0.820313	-0.859375
545	-0.835938	-0.851563
546	-0.765625	-0.757813
547	-0.929688	-0.953125
548	-0.828125	-0.890625
549	-0.859375	-0.929688
550	-0.867188	-0.906250
551	-0.914063	-0.945313
552	-0.789063	-0.867188
553	-0.882813	-0.828125
554	-0.875000	-0.929688
555	-0.890625	-0.921875
556	-0.906250	-0.929688
557	-0.828125	-0.898438
558	-0.945313	-0.968750
559	-0.921875	-0.953125
560	-0.835938	-0.898438
561	-0.937500	-0.968750
562	-0.890625	-0.929688
563	-0.914063	-0.953125
564	-0.835938	-0.882813
565	-0.914063	-0.937500
566	-0.953125	-0.976563
567	-0.820313	-0.898438
568	-0.867188	-0.875000
569	-0.843750	-0.906250
570	-0.851563	-0.914063
571	-0.851563	-0.921875
572	-0.851563	-0.882813
573	-0.757813	-0.859375
574	-0.960938	-0.976563
575	-0.921875	-0.937500
576	-0.828125	-0.906250
577	-0.875000	-0.914063
578	-0.867188	-0.921875
579	-0.984375	-0.992188
580	-0.890625	-0.929688
581	-0.812500	-0.859375
582	-0.828125	-0.851563
583	-0.898438	-0.937500
584	-0.898438	-0.945313
585	-0.875000	-0.921875
586	-0.898438	-0.929688
587	-0.804688	-0.859375
588	-0.859375	-0.914063
589	-0.851563	-0.882813
590	-0.937500	-0.960938
591	-0.875000	-0.929688
592	-0.906250	-0.945313
593	-0.828125	-0.890625
594	-0.882813	-0.929688
595	-0.890625	-0.937500
596	-0.906250	-0.945313
597	-0.804688	-0.882813
598	-0.882813	-0.898438
599	-0.898438	-0.937500
600	-0.687500	-0.734375
601	-0.968750	-0.984375
602	-0.757813	-0.843750
603	-0.937500	-0.968750
604	-0.859375	-0.906250
605	-0.789063	-0.804688
606	-0.882813	-0.921875
607	-0.820313	-0.867188
608	-0.875000	-0.937500
609	-0.898438	-0.937500
610	-0.914063	-0.921875
611	-0.945313	-0.968750
612	-0.820313	-0.859375
613	-0.898438	-0.937500
614	-0.859375	-0.914063
615	-0.851563	-0.914063
616	-0.898438	-0.937500
617	-0.773438	-0.851563
618	-0.937500	-0.968750
619	-0.929688	-0.953125
620	-0.921875	-0.953125
621	-0.882813	-0.929688
622	-0.906250	-0.945313
623	-0.851563	-0.851563
624	-0.835938	-0.898438
625	-0.820313	-0.875000
626	-0.828125	-0.898438
627	-0.851563	-0.882813
628	-0.843750	-0.890625
629	-0.820313	-0.890625
630	-0.914063	-0.953125
631	-0.867188	-0.921875
632	-0.929688	-0.960938
633	-0.882813	-0.914063
634	-0.921875	-0.937500
635	-0.882813	-0.929688
636	-0.953125	-0.976563
637	-0.828125	-0.750000
638	-0.804688	-0.781250
639	-0.875000	-0.937500
640	-0.882813	-0.929688
641	-0.789063	-0.875000
642	-0.929688	-0.960938
643	-0.921875	-0.953125
644	-0.921875	-0.960938
645	-0.914063	-0.945313
646	-0.953125	-0.976563
647	-0.906250	-0.945313
648	-0.898438	-0.945313
649	-0.859375	-0.906250
650	-0.804688	-0.851563
651	-0.875000	-0.906250
652	-0.898438	-0.929688
653	-0.820313	-0.898438
654	-0.937500	-0.960938
655	-0.789063	-0.843750
656	-0.882813	-0.937500
657	-0.820313	-0.835938
658	-0.937500	-0.968750
659	-0.765625	-0.859375
660	-0.750000	-0.796875
661	-0.843750	-0.906250
662	-0.828125	-0.898438
663	-0.882813	-0.914063
664	-0.898438	-0.945313
665	-0.812500	-0.867188
666	-0.937500	-0.968750
667	-0.906250	-0.945313
668	-0.937500	-0.968750
669	-0.859375	-0.906250
670	-0.945313	-0.960938
671	-0.882813	-0.937500
672	-0.781250	-0.703125
673	-0.734375	-0.632813
674	-0.890625	-0.937500
675	-0.804688	-0.695313
676	-0.804688	-0.875000
677	-0.882813	-0.937500
678	-0.929688	-0.945313
679	-0.906250	-0.937500
680	-0.859375	-0.914063
681	-0.882813	-0.890625
682	-0.859375	-0.914063
683	-0.875000	-0.929688
684	-0.820313	-0.875000
685	-0.695313	-0.757813
686	-0.835938	-0.906250
687	-0.937500	-0.968750
688	-0.906250	-0.929688
689	-0.765625	-0.820313
690	-0.875000	-0.921875
691	-0.875000	-0.914063
692	-0.898438	-0.945313
693	-0.914063	-0.945313
694	-0.906250	-0.945313
695	-0.867188	-0.882813
696	-0.929688	-0.960938
697	-0.859375	-0.906250
698	-0.898438	-0.937500
699	-0.937500	-0.968750
700	-0.890625	-0.890625
701	-0.882813	-0.914063
702	-0.921875	-0.937500
703	-0.875000	-0.921875
704	-0.890625	-0.937500
705	-0.937500	-0.960938
706	-0.835938	-0.875000
707	-0.875000	-0.937500
708	-0.804688	-0.890625
709	-0.820313	-0.890625
710	-0.890625	-0.937500
711	-0.914063	-0.937500
712	-0.820313	-0.882813
713	-0.875000	-0.914063
714	-0.937500	-0.960938
715	-0.890625	-0.937500
716	-0.773438	-0.750000
717	-0.882813	-0.929688
718	-0.828125	-0.843750
719	-0.867188	-0.921875
720	-0.750000	-0.781250
721	-0.945313	-0.960938
722	-0.765625	-0.781250
723	-0.914063	-0.953125
724	-0.843750	-0.882813
725	-0.906250	-0.914063
726	-0.898438	-0.937500
727	-0.898438	-0.937500
728	-0.890625	-0.921875
729	-0.843750	-0.906250
730	-0.875000	-0.929688
731	-0.929688	-0.960938
732	-0.843750	-0.890625
733	-0.820313	-0.890625
734	-0.804688	-0.882813
735	-0.906250	-0.953125
736	-0.875000	-0.914063
737	-0.796875	-0.835938
738	-0.914063	-0.945313
739	-0.898438	-0.937500
740	-0.906250	-0.953125
741	-0.890625	-0.921875
742	-0.882813	-0.937500
743	-0.773438	-0.859375
744	-1.000000	-1.000000
745	-0.882813	-0.914063
746	-0.921875	-0.953125
747	-0.929688	-0.960938
748	-0.796875	-0.843750
749	-0.875000	-0.929688
750	-0.859375	-0.890625
751	-0.882813	-0.929688
752	-0.859375	-0.890625
753	-0.750000	-0.812500
754	-0.789063	-0.835938
755	-0.835938	-0.898438
756	-0.906250	-0.945313
757	-0.945313	-0.968750
758	-0.882813	-0.937500
759	-0.835938	-0.890625
760	-0.867188	-0.914063
761	-0.859375	-0.921875
762	-0.921875	-0.960938
763	-0.851563	-0.906250
764	-0.843750	-0.859375
765	-0.906250	-0.945313
766	-0.890625	-0.945313
767	-0.851563	-0.921875
768	-0.960938	-0.976563
769	-0.898438	-0.945313
770	-0.882813	-0.929688
771	-0.859375	-0.914063
772	-0.890625	-0.937500
773	-0.843750	-0.898438
774	-0.835938	-0.875000
775	-0.898438	-0.945313
776	-0.859375	-0.890625
777	-0.875000	-0.914063
778	-0.812500	-0.890625
779	-0.859375	-0.921875
780	-0.929688	-0.953125
781	-0.875000	-0.921875
782	-0.882813	-0.921875
783	-0.875000	-0.914063
784	-0.875000	-0.929688
785	-0.890625	-0.937500
786	-0.921875	-0.953125
787	-0.882813	-0.929688
788	-0.914063	-0.953125
789	-0.921875	-0.960938
790	-0.859375	-0.921875
791	-0.757813	-0.742188
792	-0.906250	-0.945313
793	-0.789063	-0.781250
794	-0.937500	-0.960938
795	-0.882813	-0.906250
796	-0.921875	-0.960938
797	-0.843750	-0.882813
798	-0.859375	-0.906250
799	-0.937500	-0.968750
800	-0.804688	-0.828125
801	-0.796875	-0.867188
802	-0.843750	-0.890625
803	-0.882813	-0.929688
804	-0.953125	-0.960938
805	-0.835938	-0.898438
806	-0.867188	-0.914063
807	-0.968750	-0.984375
808	-0.929688	-0.953125
809	-0.898438	-0.937500
810	-0.835938	-0.859375
811	-0.898438	-0.945313
812	-0.890625	-0.921875
813	-0.843750	-0.890625
814	-0.828125	-0.835938
815	-0.773438	-0.703125
816	-0.796875	-0.703125
817	-0.695313	-0.617188
818	-0.757813	-0.703125
819	-0.796875	-0.859375
820	-0.906250	-0.945313
821	-0.781250	-0.820313
822	-0.851563	-0.890625
823	-0.898438	-0.945313
824	-0.835938	-0.835938
825	-0.867188	-0.929688
826	-0.875000	-0.914063
827	-0.898438	-0.921875
828	-0.984375	-0.992188
829	-0.781250	-0.859375
830	-0.718750	-0.820313
831	-0.921875	-0.953125
832	-0.960938	-0.968750
833	-0.937500	-0.960938
834	-0.921875	-0.953125
835	-0.929688	-0.953125
836	-0.960938	-0.960938
837	-0.812500	-0.867188
838	-0.828125	-0.851563
839	-0.851563	-0.898438
840	-0.976563	-0.984375
841	-0.882813	-0.937500
842	-0.937500	-0.968750
843	-0.890625	-0.929688
844	-0.859375	-0.914063
845	-0.906250	-0.914063
846	-0.820313	-0.812500
847	-0.812500	-0.820313
848	-0.773438	-0.789063
849	-0.851563	-0.914063
850	-0.781250	-0.843750
851	-0.929688	-0.953125
852	-0.968750	-0.976563
853	-0.859375	-0.914063
854	-0.835938	-0.875000
855	-0.898438	-0.945313
856	-0.929688	-0.960938
857	-0.898438	-0.937500
858	-0.867188	-0.906250
859	-0.898438	-0.945313
860	-0.914063	-0.929688
861	-0.828125	-0.906250
862	-0.921875	-0.937500
863	-0.867188	-0.914063
864	-0.835938	-0.859375
865	-0.851563	-0.906250
866	-0.914063	-0.953125
867	-0.906250	-0.937500
868	-0.875000	-0.937500
869	-0.867188	-0.906250
870	-0.882813	-0.937500
871	-0.859375	-0.914063
872	-0.890625	-0.937500
873	-0.828125	-0.914063
874	-0.890625	-0.937500
875	-0.929688	-0.960938
876	-0.968750	-0.984375
877	-0.851563	-0.898438
878	-0.828125	-0.890625
879	-0.890625	-0.945313
880	-0.968750	-0.984375
881	-0.945313	-0.968750
882	-0.867188	-0.921875
883	-0.875000	-0.906250
884	-0.921875	-0.953125
885	-0.843750	-0.906250
886	-0.921875	-0.953125
887	-0.921875	-0.945313
888	-0.929688	-0.960938
889	-0.914063	-0.945313
890	-0.937500	-0.960938
891	-0.929688	-0.960938
892	-0.921875	-0.960938
893	-0.937500	-0.960938
894	-0.820313	-0.875000
895	-0.867188	-0.921875
896	-0.906250	-0.953125
897	-0.859375	-0.929688
898	-0.843750	-0.890625
899	-0.882813	-0.890625
900	-0.968750	-0.984375
901	-0.835938	-0.867188
902	-0.765625	-0.875000
903	-0.882813	-0.937500
904	-0.937500	-0.968750
905	-0.937500	-0.960938
906	-0.835938	-0.859375
907	-0.960938	-0.976563
908	-0.953125	-0.976563
909	-0.875000	-0.929688
910	-0.890625	-0.914063
911	-0.812500	-0.867188
912	-0.890625	-0.914063
913	-0.851563	-0.867188
914	-0.937500	-0.968750
915	-0.906250	-0.945313
916	-0.820313	-0.765625
917	-0.781250	-0.781250
918	-0.859375	-0.906250
919	-0.773438	-0.859375
920	-0.812500	-0.882813
921	-0.898438	-0.937500
922	-0.882813	-0.929688
923	-0.835938	-0.914063
924	-0.921875	-0.960938
925	-0.890625	-0.929688
926	-0.875000	-0.929688
927	-0.789063	-0.890625
928	-0.929688	-0.960938
929	-0.914063	-0.953125
930	-0.804688	-0.828125
931	-0.906250	-0.937500
932	-0.906250	-0.937500
933	-0.851563	-0.914063
934	-0.984375	-0.992188
935	-0.929688	-0.945313
936	-0.906250	-0.937500
937	-0.859375	-0.906250
938	-0.945313	-0.960938
939	-0.968750	-0.984375
940	-0.851563	-0.859375
941	-0.804688	-0.875000
942	-0.789063	-0.867188
943	-0.890625	-0.929688
944	-0.859375	-0.906250
945	-0.890625	-0.929688
946	-0.843750	-0.898438
947	-0.882813	-0.937500
948	-0.875000	-0.914063
949	-0.859375	-0.843750
950	-0.765625	-0.726563
951	-0.875000	-0.921875
952	-0.937500	-0.968750
953	-0.906250	-0.937500
954	-0.890625	-0.929688
955	-0.929688	-0.945313
956	-0.937500	-0.960938
957	-0.812500	-0.882813
958	-0.968750	-0.984375
959	-0.906250	-0.953125
960	-0.835938	-0.890625
961	-0.843750	-0.906250
962	-0.875000	-0.929688
963	-0.929688	-0.960938
964	-0.789063	-0.851563
965	-0.859375	-0.898438
966	-0.835938	-0.875000
967	-0.898438	-0.945313
968	-0.851563	-0.906250
969	-0.757813	-0.820313
970	-0.875000	-0.921875
971	-0.906250	-0.937500
972	-0.875000	-0.929688
973	-0.882813	-0.921875
974	-0.820313	-0.906250
975	-0.867188	-0.867188
976	-0.890625	-0.929688
977	-0.898438	-0.945313
978	-0.804688	-0.867188
979	-0.843750	-0.906250
980	-0.929688	-0.960938
981	-0.851563	-0.898438
982	-0.914063	-0.953125
983	-0.796875	-0.867188
984	-0.875000	-0.921875
985	-0.890625	-0.929688
986	-0.789063	-0.851563
987	-0.898438	-0.937500
988	-0.804688	-0.882813
989	-0.914063	-0.953125
990	-0.804688	-0.867188
991	-0.945313	-0.968750
992	-0.890625	-0.945313
993	-0.851563	-0.882813
994	-0.875000	-0.906250
995	-0.968750	-0.984375
996	-0.898438	-0.937500
997	-0.875000	-0.921875
998	-0.851563	-0.914063
999	-0.828125	-0.882813
