0	-0.757813	0.789063
1	-0.765625	0.796875
2	-0.765625	0.851563
3	-0.804688	0.875000
4	-0.671875	0.656250
5	-0.750000	0.718750
6	-0.757813	0.781250
7	-0.726563	0.804688
8	-0.789063	0.859375
9	-0.867188	0.890625
10	-0.679688	0.742188
11	-0.773438	0.828125
12	-0.773438	0.835938
13	-0.820313	0.867188
14	-0.718750	0.703125
15	-0.593750	0.359375
16	-0.710938	0.593750
17	-0.796875	0.750000
18	-0.914063	0.953125
19	-0.812500	0.859375
20	-0.781250	0.789063
21	-0.796875	0.820313
22	-0.789063	0.828125
23	-0.609375	0.539063
24	-0.757813	0.804688
25	-0.859375	0.914063
26	-0.765625	0.835938
27	-0.859375	0.875000
28	-0.835938	0.820313
29	-0.765625	0.734375
30	-0.640625	0.640625
31	-0.781250	0.726563
32	-0.812500	0.882813
33	-0.906250	0.937500
34	-0.726563	0.750000
35	-0.828125	0.890625
36	-0.609375	0.492188
37	-0.812500	0.828125
38	-0.882813	0.882813
39	-0.906250	0.898438
40	-0.851563	0.875000
41	-0.843750	0.890625
42	-0.695313	0.585938
43	-0.796875	0.828125
44	-0.585938	0.476563
45	-0.906250	0.937500
46	-0.820313	0.875000
47	-0.710938	0.757813
48	-0.820313	0.796875
49	-0.750000	0.757813
50	-0.750000	0.835938
51	-0.875000	0.921875
52	-0.648438	0.453125
53	-0.750000	0.734375
54	-0.828125	0.882813
55	-0.765625	0.710938
56	-0.882813	0.929688
57	-0.828125	0.843750
58	-0.687500	0.734375
59	-0.796875	0.820313
60	-0.804688	0.781250
61	-0.882813	0.914063
62	-0.882813	0.914063
63	-0.859375	0.921875
64	-0.656250	0.562500
65	-0.648438	0.718750
66	-0.804688	0.890625
67	-0.781250	0.828125
68	-0.773438	0.828125
69	-0.750000	0.773438
70	-0.820313	0.867188
71	-0.695313	0.710938
72	-0.765625	0.648438
73	-0.687500	0.546875
74	-0.867188	0.914063
75	-0.859375	0.914063
76	-0.804688	0.867188
77	-0.835938	0.882813
78	-0.812500	0.898438
79	-0.734375	0.828125
80	-0.820313	0.812500
81	-0.835938	0.898438
82	-0.710938	0.781250
83	-0.796875	0.875000
84	-0.773438	0.835938
85	-0.859375	0.914063
86	-0.843750	0.890625
87	-0.789063	0.867188
88	-0.882813	0.921875
89	-0.742188	0.781250
90	-0.796875	0.859375
91	-0.859375	0.921875
92	-0.867188	0.914063
93	-0.789063	0.851563
94	-0.812500	0.835938
95	-0.703125	0.695313
96	-0.859375	0.921875
97	-0.750000	0.820313
98	-0.914063	0.953125
99	-0.703125	0.750000
100	-0.867188	0.921875
101	-0.789063	0.835938
102	-0.664063	0.718750
103	-0.781250	0.781250
104	-0.671875	0.679688
105	-0.914063	0.953125
106	-0.867188	0.921875
107	-0.820313	0.882813
108	-0.796875	0.851563
109	-0.789063	0.843750
110	-0.726563	0.812500
111	-0.828125	0.867188
112	-0.781250	0.851563
113	-0.617188	0.671875
114	-0.773438	0.851563
115	-0.843750	0.875000
116	-0.734375	0.804688
117	-0.789063	0.843750
118	-0.710938	0.640625
119	-0.812500	0.898438
120	-0.820313	0.906250
121	-0.750000	0.656250
122	-0.734375	0.781250
123	-0.820313	0.843750
124	-0.632813	0.664063
125	-0.757813	0.789063
126	-0.765625	0.859375
127	-0.882813	0.937500
128	-0.726563	0.757813
129	-0.859375	0.906250
130	-0.679688	0.773438
131	-0.867188	0.898438
132	-0.843750	0.921875
133	-0.734375	0.757813
134	-0.843750	0.898438
135	-0.742188	0.750000
136	-0.687500	0.718750
137	-0.773438	0.835938
138	-0.875000	0.921875
139	-0.796875	0.851563
140	-0.773438	0.859375
141	-0.859375	0.921875
142	-0.695313	0.734375
143	-0.710938	0.750000
144	-0.890625	0.921875
145	-0.781250	0.812500
146	-0.812500	0.820313
147	-0.781250	0.828125
148	-0.859375	0.914063
149	-0.828125	0.890625
150	-0.710938	0.734375
151	-0.765625	0.843750
152	-0.703125	0.773438
153	-0.781250	0.812500
154	-0.656250	0.664063
155	-0.734375	0.804688
156	-0.742188	0.812500
157	-0.718750	0.757813
158	-0.804688	0.851563
159	-0.773438	0.796875
160	-0.695313	0.570313
161	-0.742188	0.835938
162	-0.789063	0.859375
163	-0.710938	0.703125
164	-0.773438	0.781250
165	-0.828125	0.796875
166	-0.664063	0.703125
167	-0.750000	0.734375
168	-0.765625	0.781250
169	-0.703125	0.726563
170	-0.867188	0.914063
171	-0.851563	0.914063
172	-0.664063	0.671875
173	-0.703125	0.648438
174	-0.742188	0.757813
175	-0.695313	0.820313
176	-0.757813	0.851563
177	-0.773438	0.812500
178	-0.796875	0.843750
179	-0.726563	0.757813
180	-0.765625	0.859375
181	-0.773438	0.820313
182	-0.812500	0.875000
183	-0.812500	0.882813
184	-0.773438	0.710938
185	-0.796875	0.875000
186	-0.812500	0.859375
187	-0.640625	0.554688
188	-0.625000	0.671875
189	-0.648438	0.500000
190	-0.609375	0.445313
191	-0.625000	0.304688
192	-0.632813	0.304688
193	-0.734375	0.757813
194	-0.875000	0.929688
195	-0.671875	0.773438
196	-0.671875	0.695313
197	-0.703125	0.773438
198	-0.593750	0.640625
199	-0.796875	0.867188
200	-0.765625	0.859375
201	-0.812500	0.867188
202	-0.835938	0.898438
203	-0.781250	0.781250
204	-0.757813	0.812500
205	-0.835938	0.882813
206	-0.882813	0.937500
207	-0.742188	0.742188
208	-0.781250	0.867188
209	-0.765625	0.820313
210	-0.828125	0.875000
211	-0.750000	0.820313
212	-0.789063	0.843750
213	-0.781250	0.843750
214	-0.617188	0.492188
215	-0.734375	0.312500
216	-0.578125	-0.125000
217	-0.718750	-0.773438
218	-0.789063	-0.820313
219	-0.648438	-0.601563
220	-0.523438	-0.453125
221	-0.703125	-0.664063
222	-0.804688	-0.867188
223	-0.804688	-0.789063
224	-0.734375	-0.695313
225	-0.757813	-0.820313
226	-0.789063	-0.851563
227	-0.773438	-0.796875
228	-0.734375	-0.843750
229	-0.726563	-0.843750
230	-0.796875	-0.859375
231	-0.828125	-0.882813
232	-0.820313	-0.875000
233	-0.757813	-0.859375
234	-0.757813	-0.750000
235	-0.773438	-0.859375
236	-0.843750	-0.906250
237	-0.734375	-0.804688
238	-0.710938	-0.710938
239	-0.789063	-0.820313
240	-0.898438	-0.929688
241	-0.695313	-0.726563
242	-0.750000	-0.718750
243	-0.812500	-0.875000
244	-0.703125	-0.679688
245	-0.820313	-0.820313
246	-0.640625	-0.710938
247	-0.710938	-0.687500
248	-0.835938	-0.906250
249	-0.789063	-0.851563
250	-0.757813	-0.781250
251	-0.601563	-0.539063
252	-0.640625	-0.570313
253	-0.601563	-0.468750
254	-0.585938	-0.554688
255	-0.757813	-0.734375
256	-0.835938	-0.906250
257	-0.625000	-0.609375
258	-0.742188	-0.632813
259	-0.625000	-0.328125
260	-0.734375	-0.718750
261	-0.781250	-0.835938
262	-0.710938	-0.734375
263	-0.828125	-0.851563
264	-0.679688	-0.773438
265	-0.750000	-0.812500
266	-0.828125	-0.804688
267	-0.781250	-0.859375
268	-0.820313	-0.859375
269	-0.679688	-0.640625
270	-0.687500	-0.578125
271	-0.625000	-0.632813
272	-0.867188	-0.921875
273	-0.757813	-0.804688
274	-0.687500	-0.679688
275	-0.726563	-0.796875
276	-0.726563	-0.812500
277	-0.671875	-0.656250
278	-0.710938	-0.648438
279	-0.726563	-0.804688
280	-0.773438	-0.820313
281	-0.687500	-0.796875
282	-0.742188	-0.664063
283	-0.718750	-0.765625
284	-0.765625	-0.843750
285	-0.757813	-0.812500
286	-0.671875	-0.726563
287	-0.843750	-0.906250
288	-0.773438	-0.773438
289	-0.859375	-0.914063
290	-0.835938	-0.882813
291	-0.789063	-0.867188
292	-0.703125	-0.718750
293	-0.812500	-0.867188
294	-0.695313	-0.523438
295	-0.773438	-0.828125
296	-0.898438	-0.914063
297	-0.664063	-0.695313
298	-0.812500	-0.875000
299	-0.648438	-0.656250
300	-0.710938	-0.765625
301	-0.656250	-0.539063
302	-0.781250	-0.781250
303	-0.843750	-0.890625
304	-0.734375	-0.789063
305	-0.781250	-0.789063
306	-0.718750	-0.687500
307	-0.750000	-0.781250
308	-0.789063	-0.820313
309	-0.765625	-0.859375
310	-0.710938	-0.796875
311	-0.875000	-0.929688
312	-0.710938	-0.773438
313	-0.812500	-0.882813
314	-0.812500	-0.859375
315	-0.812500	-0.789063
316	-0.835938	-0.906250
317	-0.859375	-0.890625
318	-0.648438	-0.632813
319	-0.773438	-0.765625
320	-0.875000	-0.898438
321	-0.757813	-0.789063
322	-0.812500	-0.882813
323	-0.757813	-0.828125
324	-0.781250	-0.851563
325	-0.679688	-0.664063
326	-0.789063	-0.812500
327	-0.687500	-0.632813
328	-0.648438	-0.640625
329	-0.820313	-0.851563
330	-0.742188	-0.726563
331	-0.585938	-0.351563
332	-0.640625	-0.226563
333	-0.648438	-0.125000
334	-0.648438	-0.703125
335	-0.734375	-0.757813
336	-0.726563	-0.781250
337	-0.703125	-0.664063
338	-0.750000	-0.718750
339	-0.671875	-0.609375
340	-0.742188	-0.765625
341	-0.875000	-0.921875
342	-0.773438	-0.859375
343	-0.695313	-0.765625
344	-0.820313	-0.796875
345	-0.687500	-0.679688
346	-0.679688	-0.648438
347	-0.648438	-0.687500
348	-0.890625	-0.937500
349	-0.765625	-0.835938
350	-0.898438	-0.945313
351	-0.851563	-0.890625
352	-0.796875	-0.875000
353	-0.570313	-0.304688
354	-0.593750	0.148438
355	-0.687500	0.132813
356	-0.578125	-0.031250
357	-0.554688	-0.187500
358	-0.695313	-0.664063
359	-0.750000	-0.640625
360	-0.609375	-0.609375
361	-0.609375	-0.492188
362	-0.632813	-0.679688
363	-0.875000	-0.921875
364	-0.734375	-0.781250
365	-0.750000	-0.773438
366	-0.804688	-0.835938
367	-0.820313	-0.882813
368	-0.843750	-0.906250
369	-0.820313	-0.882813
370	-0.750000	-0.835938
371	-0.718750	-0.773438
372	-0.789063	-0.867188
373	-0.843750	-0.882813
374	-0.765625	-0.648438
375	-0.710938	-0.789063
376	-0.781250	-0.843750
377	-0.765625	-0.781250
378	-0.734375	-0.742188
379	-0.632813	-0.718750
380	-0.773438	-0.835938
381	-0.750000	-0.835938
382	-0.757813	-0.726563
383	-0.773438	-0.734375
384	-0.617188	-0.453125
385	-0.742188	-0.828125
386	-0.929688	-0.960938
387	-0.851563	-0.890625
388	-0.609375	-0.617188
389	-0.859375	-0.914063
390	-0.796875	-0.812500
391	-0.664063	-0.734375
392	-0.750000	-0.835938
393	-0.820313	-0.906250
394	-0.812500	-0.898438
395	-0.742188	-0.750000
396	-0.687500	-0.742188
397	-0.742188	-0.742188
398	-0.835938	-0.835938
399	-0.578125	-0.335938
400	-0.664063	-0.554688
401	-0.718750	-0.695313
402	-0.632813	-0.703125
403	-0.703125	-0.742188
404	-0.789063	-0.828125
405	-0.640625	-0.585938
406	-0.695313	-0.578125
407	-0.648438	0.007813
408	-0.617188	-0.023438
409	-0.648438	-0.234375
410	-0.570313	0.070313
411	-0.648438	0.492188
412	-0.804688	0.859375
413	-0.875000	0.921875
414	-0.695313	0.625000
415	-0.718750	0.726563
416	-0.593750	0.687500
417	-0.851563	0.921875
418	-0.796875	0.882813
419	-0.570313	0.414063
420	-0.773438	0.710938
421	-0.718750	0.695313
422	-0.812500	0.890625
423	-0.796875	0.843750
424	-0.843750	0.890625
425	-0.750000	0.757813
426	-0.617188	0.523438
427	-0.632813	0.468750
428	-0.648438	0.671875
429	-0.750000	0.757813
430	-0.750000	0.812500
431	-0.765625	0.812500
432	-0.875000	0.921875
433	-0.656250	0.539063
434	-0.789063	0.875000
435	-0.710938	0.695313
436	-0.789063	0.796875
437	-0.609375	0.531250
438	-0.656250	0.484375
439	-0.796875	0.867188
440	-0.757813	0.835938
441	-0.812500	0.875000
442	-0.710938	0.710938
443	-0.648438	0.476563
444	-0.593750	0.398438
445	-0.750000	0.796875
446	-0.914063	0.953125
447	-0.773438	0.812500
448	-0.914063	0.921875
449	-0.726563	0.828125
450	-0.656250	0.679688
451	-0.796875	0.867188
452	-0.812500	0.843750
453	-0.828125	0.828125
454	-0.796875	0.867188
455	-0.710938	0.789063
456	-0.757813	0.781250
457	-0.765625	0.765625
458	-0.812500	0.804688
459	-0.851563	0.882813
460	-0.812500	0.789063
461	-0.820313	0.875000
462	-0.757813	0.828125
463	-0.890625	0.937500
464	-0.664063	0.703125
465	-0.796875	0.867188
466	-0.671875	0.750000
467	-0.554688	0.609375
468	-0.585938	0.367188
469	-0.742188	0.656250
470	-0.710938	0.531250
471	-0.664063	0.656250
472	-0.726563	0.750000
473	-0.703125	0.734375
474	-0.750000	0.820313
475	-0.781250	0.851563
476	-0.750000	0.679688
477	-0.726563	0.664063
478	-0.734375	0.726563
479	-0.656250	0.593750
480	-0.648438	0.546875
481	-0.703125	0.765625
482	-0.804688	0.875000
483	-0.796875	0.695313
484	-0.851563	0.914063
485	-0.781250	0.804688
486	-0.804688	0.867188
487	-0.859375	0.914063
488	-0.664063	0.687500
489	-0.851563	0.890625
490	-0.703125	0.781250
491	-0.695313	0.500000
492	-0.851563	0.875000
493	-0.750000	0.585938
494	-0.671875	0.625000
495	-0.765625	0.843750
496	-0.687500	0.664063
497	-0.718750	0.679688
498	-0.609375	0.500000
499	-0.625000	0.609375
500	-0.828125	0.875000
501	-0.742188	0.835938
502	-0.812500	0.890625
503	-0.742188	0.828125
504	-0.781250	0.835938
505	-0.492188	0.406250
506	-0.804688	0.789063
507	-0.828125	0.898438
508	-0.890625	0.921875
509	-0.867188	0.914063
510	-0.718750	0.773438
511	-0.789063	0.812500
512	-0.890625	0.945313
513	-0.796875	0.843750
514	-0.687500	0.750000
515	-0.648438	0.617188
516	-0.773438	0.804688
517	-0.953125	0.976563
518	-0.835938	0.859375
519	-0.710938	0.679688
520	-0.828125	0.859375
521	-0.710938	0.750000
522	-0.898438	0.937500
523	-0.781250	0.875000
524	-0.781250	0.851563
525	-0.820313	0.882813
526	-0.835938	0.890625
527	-0.781250	0.851563
528	-0.781250	0.828125
529	-0.671875	0.648438
530	-0.804688	0.851563
531	-0.843750	0.867188
532	-0.812500	0.773438
533	-0.773438	0.851563
534	-0.765625	0.804688
535	-0.828125	0.867188
536	-0.812500	0.875000
537	-0.773438	0.812500
538	-0.726563	0.687500
539	-0.679688	0.609375
540	-0.742188	0.843750
541	-0.921875	0.945313
542	-0.742188	0.796875
543	-0.804688	0.875000
544	-0.906250	0.953125
545	-0.843750	0.890625
546	-0.921875	0.960938
547	-0.656250	0.773438
548	-0.828125	0.875000
549	-0.859375	0.906250
550	-0.679688	0.687500
551	-0.742188	0.828125
552	-0.757813	0.625000
553	-0.789063	0.804688
554	-0.890625	0.921875
555	-0.835938	0.890625
556	-0.875000	0.914063
557	-0.828125	0.898438
558	-0.679688	0.757813
559	-0.640625	0.500000
560	-0.843750	0.898438
561	-0.906250	0.937500
562	-0.750000	0.796875
563	-0.679688	0.757813
564	-0.843750	0.843750
565	-0.835938	0.867188
566	-0.906250	0.945313
567	-0.773438	0.835938
568	-0.726563	0.750000
569	-0.796875	0.867188
570	-0.796875	0.851563
571	-0.804688	0.875000
572	-0.585938	0.500000
573	-0.843750	0.898438
574	-0.820313	0.906250
575	-0.679688	0.726563
576	-0.726563	0.640625
577	-0.695313	0.695313
578	-0.703125	0.609375
579	-0.804688	0.867188
580	-0.843750	0.882813
581	-0.773438	0.859375
582	-0.781250	0.851563
583	-0.765625	0.757813
584	-0.781250	0.789063
585	-0.796875	0.851563
586	-0.671875	0.695313
587	-0.671875	0.773438
588	-0.828125	0.859375
589	-0.804688	0.882813
590	-0.773438	0.828125
591	-0.796875	0.882813
592	-0.742188	0.820313
593	-0.828125	0.906250
594	-0.796875	0.859375
595	-0.796875	0.835938
596	-0.734375	0.820313
597	-0.921875	0.953125
598	-0.796875	0.851563
599	-0.671875	0.710938
600	-0.835938	0.890625
601	-0.765625	0.820313
602	-0.796875	0.828125
603	-0.820313	0.804688
604	-0.820313	0.890625
605	-0.773438	0.812500
606	-0.804688	0.820313
607	-0.726563	0.726563
608	-0.781250	0.835938
609	-0.789063	0.765625
610	-0.554688	0.570313
611	-0.632813	0.609375
612	-0.835938	0.882813
613	-0.789063	0.773438
614	-0.835938	0.898438
615	-0.820313	0.835938
616	-0.843750	0.859375
617	-0.640625	0.570313
618	-0.726563	0.539063
619	-0.632813	0.648438
620	-0.726563	0.812500
621	-0.929688	0.960938
622	-0.781250	0.820313
623	-0.664063	0.445313
624	-0.679688	0.492188
625	-0.781250	0.750000
626	-0.773438	0.828125
627	-0.710938	0.773438
628	-0.882813	0.937500
629	-0.789063	0.765625
630	-0.765625	0.773438
631	-0.640625	0.585938
632	-0.671875	0.640625
633	-0.843750	0.906250
634	-0.812500	0.851563
635	-0.726563	0.812500
636	-0.804688	0.890625
637	-0.640625	0.625000
638	-0.875000	0.890625
639	-0.734375	0.750000
640	-0.742188	0.703125
641	-0.742188	0.765625
642	-0.859375	0.921875
643	-0.851563	0.859375
644	-0.617188	0.601563
645	-0.789063	0.804688
646	-0.718750	0.703125
647	-0.851563	0.921875
648	-0.820313	0.835938
649	-0.718750	0.546875
650	-0.734375	0.625000
651	-0.765625	0.757813
652	-0.820313	0.851563
653	-0.679688	0.695313
654	-0.773438	0.734375
655	-0.554688	0.593750
656	-0.781250	0.859375
657	-0.796875	0.820313
658	-0.671875	0.648438
659	-0.625000	0.335938
660	-0.617188	0.203125
661	-0.578125	-0.070313
662	-0.679688	0.601563
663	-0.859375	0.882813
664	-0.781250	0.789063
665	-0.679688	0.687500
666	-0.765625	0.765625
667	-0.898438	0.937500
668	-0.773438	0.835938
669	-0.757813	0.804688
670	-0.656250	0.671875
671	-0.648438	0.539063
672	-0.648438	0.585938
673	-0.781250	0.812500
674	-0.812500	0.875000
675	-0.703125	0.632813
676	-0.835938	0.851563
677	-0.742188	0.773438
678	-0.796875	0.804688
679	-0.703125	0.757813
680	-0.796875	0.835938
681	-0.781250	0.781250
682	-0.742188	0.742188
683	-0.750000	0.789063
684	-0.789063	0.843750
685	-0.921875	0.960938
686	-0.867188	0.921875
687	-0.835938	0.890625
688	-0.773438	0.726563
689	-0.632813	0.437500
690	-0.679688	0.492188
691	-0.796875	0.640625
692	-0.734375	0.734375
693	-0.726563	0.695313
694	-0.781250	0.867188
695	-0.828125	0.882813
696	-0.734375	0.757813
697	-0.703125	0.718750
698	-0.734375	0.789063
699	-0.851563	0.906250
700	-0.843750	0.898438
701	-0.648438	0.648438
702	-0.867188	0.914063
703	-0.796875	0.828125
704	-0.796875	0.820313
705	-0.648438	0.632813
706	-0.656250	0.453125
707	-0.695313	0.679688
708	-0.781250	0.828125
709	-0.867188	0.921875
710	-0.765625	0.851563
711	-0.898438	0.929688
712	-0.773438	0.765625
713	-0.671875	0.710938
714	-0.765625	0.804688
715	-0.742188	0.781250
716	-0.726563	0.710938
717	-0.812500	0.875000
718	-0.765625	0.828125
719	-0.710938	0.757813
720	-0.726563	0.765625
721	-0.734375	0.828125
722	-0.835938	0.867188
723	-0.890625	0.937500
724	-0.812500	0.867188
725	-0.773438	0.820313
726	-0.765625	0.804688
727	-0.648438	0.523438
728	-0.757813	0.765625
729	-0.718750	0.679688
730	-0.789063	0.851563
731	-0.820313	0.890625
732	-0.906250	0.945313
733	-0.750000	0.773438
734	-0.882813	0.921875
735	-0.734375	0.789063
736	-0.781250	0.796875
737	-0.742188	0.789063
738	-0.867188	0.921875
739	-0.687500	0.656250
740	-0.781250	0.765625
741	-0.859375	0.929688
742	-0.773438	0.875000
743	-0.828125	0.890625
744	-0.734375	0.843750
745	-0.718750	0.812500
746	-0.843750	0.882813
747	-0.875000	0.921875
748	-0.726563	0.804688
749	-0.835938	0.906250
750	-0.781250	0.859375
751	-0.734375	0.812500
752	-0.812500	0.882813
753	-0.789063	0.859375
754	-0.867188	0.906250
755	-0.812500	0.882813
756	-0.898438	0.929688
757	-0.687500	0.609375
758	-0.601563	0.617188
759	-0.695313	0.710938
760	-0.835938	0.890625
761	-0.757813	0.773438
762	-0.828125	0.867188
763	-0.710938	0.804688
764	-0.820313	0.828125
765	-0.851563	0.890625
766	-0.796875	0.843750
767	-0.867188	0.914063
768	-0.703125	0.718750
769	-0.648438	0.625000
770	-0.625000	0.289063
771	-0.734375	0.421875
772	-0.601563	0.070313
773	-0.546875	-0.257813
774	-0.679688	-0.390625
775	-0.632813	-0.312500
776	-0.625000	-0.179688
777	-0.585938	0.187500
778	-0.781250	0.648438
779	-0.710938	0.609375
780	-0.796875	0.617188
781	-0.593750	0.085938
782	-0.578125	0.078125
783	-0.734375	0.703125
784	-0.710938	0.609375
785	-0.617188	0.492188
786	-0.750000	0.640625
787	-0.757813	0.789063
788	-0.796875	0.875000
789	-0.765625	0.781250
790	-0.671875	0.796875
791	-0.625000	0.687500
792	-0.695313	0.570313
793	-0.601563	0.546875
794	-0.562500	0.164063
795	-0.640625	-0.367188
796	-0.609375	-0.414063
797	-0.539063	-0.109375
798	-0.578125	0.007813
799	-0.632813	-0.085938
800	-0.664063	-0.281250
801	-0.750000	-0.789063
802	-0.796875	-0.851563
803	-0.750000	-0.781250
804	-0.789063	-0.796875
805	-0.757813	-0.820313
806	-0.828125	-0.898438
807	-0.843750	-0.890625
808	-0.796875	-0.867188
809	-0.640625	-0.546875
810	-0.750000	-0.781250
811	-0.648438	-0.617188
812	-0.882813	-0.921875
813	-0.789063	-0.851563
814	-0.710938	-0.742188
815	-0.750000	-0.695313
816	-0.710938	-0.742188
817	-0.812500	-0.789063
818	-0.585938	-0.546875
819	-0.726563	-0.593750
820	-0.710938	-0.437500
821	-0.593750	-0.500000
822	-0.703125	-0.609375
823	-0.671875	-0.750000
824	-0.742188	-0.812500
825	-0.789063	-0.812500
826	-0.742188	-0.804688
827	-0.679688	-0.679688
828	-0.703125	-0.750000
829	-0.664063	-0.742188
830	-0.726563	-0.742188
831	-0.867188	-0.929688
832	-0.835938	-0.898438
833	-0.726563	-0.765625
834	-0.710938	-0.382813
835	-0.726563	-0.773438
836	-0.875000	-0.929688
837	-0.796875	-0.828125
838	-0.710938	-0.765625
839	-0.664063	-0.703125
840	-0.695313	-0.734375
841	-0.789063	-0.859375
842	-0.789063	-0.851563
843	-0.953125	-0.976563
844	-0.812500	-0.875000
845	-0.757813	-0.835938
846	-0.726563	-0.757813
847	-0.828125	-0.898438
848	-0.796875	-0.835938
849	-0.695313	-0.648438
850	-0.742188	-0.757813
851	-0.585938	-0.640625
852	-0.804688	-0.828125
853	-0.742188	-0.804688
854	-0.773438	-0.835938
855	-0.679688	-0.632813
856	-0.648438	-0.460938
857	-0.726563	-0.429688
858	-0.703125	-0.523438
859	-0.640625	-0.546875
860	-0.695313	-0.703125
861	-0.726563	-0.796875
862	-0.843750	-0.906250
863	-0.812500	-0.867188
864	-0.710938	-0.570313
865	-0.632813	-0.429688
866	-0.601563	-0.585938
867	-0.687500	-0.265625
868	-0.554688	-0.492188
869	-0.664063	-0.343750
870	-0.601563	-0.500000
871	-0.765625	-0.828125
872	-0.742188	-0.820313
873	-0.632813	-0.500000
874	-0.734375	-0.734375
875	-0.617188	-0.476563
876	-0.757813	-0.773438
877	-0.617188	-0.593750
878	-0.718750	-0.718750
879	-0.750000	-0.835938
880	-0.851563	-0.898438
881	-0.804688	-0.875000
882	-0.960938	-0.976563
883	-0.859375	-0.929688
884	-0.773438	-0.765625
885	-0.726563	-0.695313
886	-0.734375	-0.812500
887	-0.703125	-0.726563
888	-0.851563	-0.835938
889	-0.765625	-0.835938
890	-0.843750	-0.828125
891	-0.890625	-0.921875
892	-0.757813	-0.843750
893	-0.820313	-0.898438
894	-0.601563	-0.656250
895	-0.796875	-0.828125
896	-0.750000	-0.789063
897	-0.796875	-0.859375
898	-0.835938	-0.898438
899	-0.718750	-0.765625
900	-0.843750	-0.898438
901	-0.757813	-0.843750
902	-0.757813	-0.773438
903	-0.750000	-0.796875
904	-0.742188	-0.585938
905	-0.875000	-0.929688
906	-0.890625	-0.937500
907	-0.765625	-0.679688
908	-0.710938	-0.726563
909	-0.664063	-0.695313
910	-0.734375	-0.789063
911	-0.742188	-0.835938
912	-0.789063	-0.796875
913	-0.640625	-0.609375
914	-0.851563	-0.914063
915	-0.914063	-0.937500
916	-0.695313	-0.796875
917	-0.726563	-0.781250
918	-0.820313	-0.851563
919	-0.812500	-0.851563
920	-0.765625	-0.843750
921	-0.867188	-0.914063
922	-0.875000	-0.929688
923	-0.781250	-0.773438
924	-0.898438	-0.929688
925	-0.679688	-0.648438
926	-0.750000	-0.757813
927	-0.726563	-0.750000
928	-0.718750	-0.781250
929	-0.835938	-0.906250
930	-0.929688	-0.960938
931	-0.921875	-0.960938
932	-0.773438	-0.820313
933	-0.789063	-0.875000
934	-0.750000	-0.812500
935	-0.625000	-0.585938
936	-0.804688	-0.859375
937	-0.726563	-0.820313
938	-0.750000	-0.812500
939	-0.882813	-0.921875
940	-0.828125	-0.898438
941	-0.796875	-0.828125
942	-0.796875	-0.882813
943	-0.835938	-0.898438
944	-0.828125	-0.867188
945	-0.781250	-0.804688
946	-0.820313	-0.890625
947	-0.890625	-0.937500
948	-0.890625	-0.921875
949	-0.796875	-0.882813
950	-0.648438	-0.640625
951	-0.632813	-0.703125
952	-0.789063	-0.726563
953	-0.828125	-0.851563
954	-0.804688	-0.804688
955	-0.703125	-0.687500
956	-0.640625	-0.570313
957	-0.687500	-0.625000
958	-0.734375	-0.765625
959	-0.765625	-0.757813
960	-0.742188	-0.703125
961	-0.828125	-0.906250
962	-0.734375	-0.828125
963	-0.781250	-0.804688
964	-0.742188	-0.742188
965	-0.710938	-0.695313
966	-0.875000	-0.890625
967	-0.765625	-0.789063
968	-0.835938	-0.859375
969	-0.835938	-0.812500
970	-0.726563	-0.804688
971	-0.867188	-0.906250
972	-0.828125	-0.835938
973	-0.664063	-0.632813
974	-0.632813	-0.578125
975	-0.625000	-0.500000
976	-0.648438	-0.562500
977	-0.671875	-0.468750
978	-0.562500	-0.437500
979	-0.632813	-0.679688
980	-0.812500	-0.882813
981	-0.828125	-0.898438
982	-0.804688	-0.867188
983	-0.687500	-0.789063
984	-0.773438	-0.773438
985	-0.804688	-0.867188
986	-0.781250	-0.843750
987	-0.789063	-0.757813
988	-0.765625	-0.718750
989	-0.671875	-0.484375
990	-0.617188	-0.578125
991	-0.789063	-0.859375
992	-0.820313	-0.882813
993	-0.773438	-0.843750
994	-0.828125	-0.890625
995	-0.789063	-0.796875
996	-0.843750	-0.867188
997	-0.679688	-0.726563
998	-0.710938	-0.695313
999	-0.656250	-0.632813
