0	-0.375000	-0.140625
1	-0.351563	-0.039063
2	-0.390625	0.164063
3	-0.546875	0.296875
4	-0.445313	0.148438
5	-0.398438	0.062500
6	-0.500000	0.140625
7	-0.515625	0.242188
8	-0.468750	-0.164063
9	-0.453125	-0.390625
10	-0.500000	0.218750
11	-0.351563	0.007813
12	-0.460938	0.046875
13	-0.460938	-0.429688
14	-0.390625	-0.109375
15	-0.382813	-0.109375
16	-0.406250	-0.179688
17	-0.468750	0.039063
18	-0.421875	-0.093750
19	-0.375000	0.265625
20	-0.304688	0.093750
21	-0.359375	-0.140625
22	-0.539063	-0.156250
23	-0.468750	-0.429688
24	-0.429688	-0.234375
25	-0.429688	-0.148438
26	-0.476563	-0.085938
27	-0.429688	0.296875
28	-0.460938	-0.132813
29	-0.382813	0.226563
30	-0.507813	-0.085938
31	-0.406250	0.445313
32	-0.367188	0.007813
33	-0.382813	0.242188
34	-0.375000	0.125000
35	-0.570313	-0.320313
36	-0.414063	-0.312500
37	-0.421875	-0.273438
38	-0.507813	-0.328125
39	-0.312500	0.117188
40	-0.429688	0.046875
41	-0.546875	0.414063
42	-0.351563	0.125000
43	-0.523438	0.359375
44	-0.375000	0.054688
45	-0.437500	-0.093750
46	-0.460938	0.054688
47	-0.500000	-0.265625
48	-0.460938	0.210938
49	-0.437500	0.007813
50	-0.390625	-0.062500
51	-0.398438	-0.148438
52	-0.500000	-0.500000
53	-0.453125	-0.484375
54	-0.429688	0.078125
55	-0.390625	-0.007813
56	-0.507813	-0.210938
57	-0.460938	-0.070313
58	-0.382813	-0.054688
59	-0.453125	-0.117188
60	-0.523438	-0.062500
61	-0.453125	0.062500
62	-0.515625	-0.351563
63	-0.367188	0.156250
64	-0.414063	0.195313
65	-0.406250	0.140625
66	-0.335938	0.023438
67	-0.437500	0.296875
68	-0.515625	0.179688
69	-0.367188	-0.242188
70	-0.453125	0.046875
71	-0.445313	0.156250
72	-0.476563	-0.140625
73	-0.453125	-0.390625
74	-0.453125	0.210938
75	-0.296875	0.007813
76	-0.609375	-0.687500
77	-0.351563	-0.054688
78	-0.445313	-0.265625
79	-0.437500	0.351563
80	-0.437500	0.125000
81	-0.382813	-0.476563
82	-0.429688	-0.226563
83	-0.382813	0.054688
84	-0.414063	0.007813
85	-0.476563	-0.023438
86	-0.468750	0.187500
87	-0.515625	0.101563
88	-0.406250	-0.109375
89	-0.437500	-0.093750
90	-0.398438	0.312500
91	-0.523438	0.250000
92	-0.476563	0.062500
93	-0.398438	-0.171875
94	-0.453125	0.437500
95	-0.562500	0.109375
96	-0.414063	-0.312500
97	-0.570313	0.539063
98	-0.320313	0.210938
99	-0.390625	-0.257813
100	-0.468750	-0.265625
101	-0.359375	-0.226563
102	-0.500000	-0.335938
103	-0.382813	-0.203125
104	-0.484375	0.132813
105	-0.375000	0.156250
106	-0.437500	0.265625
107	-0.453125	0.250000
108	-0.515625	0.375000
109	-0.523438	0.062500
110	-0.546875	-0.140625
111	-0.445313	-0.007813
112	-0.406250	0.171875
113	-0.375000	-0.203125
114	-0.429688	-0.296875
115	-0.390625	-0.203125
116	-0.429688	0.070313
117	-0.515625	-0.398438
118	-0.382813	-0.359375
119	-0.492188	-0.296875
120	-0.414063	-0.234375
121	-0.320313	-0.054688
122	-0.335938	0.187500
123	-0.390625	0.062500
124	-0.429688	-0.125000
125	-0.453125	-0.390625
126	-0.492188	0.109375
127	-0.523438	0.101563
128	-0.453125	0.179688
129	-0.437500	0.437500
130	-0.445313	-0.125000
131	-0.406250	-0.242188
132	-0.429688	0.062500
133	-0.359375	-0.101563
134	-0.539063	0.000000
135	-0.406250	0.078125
136	-0.531250	0.359375
137	-0.406250	0.070313
138	-0.601563	0.523438
139	-0.507813	0.312500
140	-0.398438	0.093750
141	-0.382813	-0.117188
142	-0.460938	0.140625
143	-0.539063	-0.531250
144	-0.476563	-0.375000
145	-0.406250	0.296875
146	-0.351563	-0.312500
147	-0.484375	-0.484375
148	-0.476563	-0.382813
149	-0.375000	-0.054688
150	-0.398438	0.242188
151	-0.460938	0.343750
152	-0.437500	-0.484375
153	-0.398438	-0.265625
154	-0.453125	-0.179688
155	-0.492188	-0.171875
156	-0.468750	-0.218750
157	-0.492188	-0.070313
158	-0.359375	0.156250
159	-0.429688	-0.218750
160	-0.531250	0.476563
161	-0.390625	-0.265625
162	-0.406250	0.312500
163	-0.429688	-0.039063
164	-0.445313	-0.093750
165	-0.484375	0.164063
166	-0.437500	0.062500
167	-0.445313	0.179688
168	-0.390625	0.078125
169	-0.437500	0.148438
170	-0.359375	-0.289063
171	-0.476563	-0.500000
172	-0.570313	-0.390625
173	-0.492188	0.140625
174	-0.414063	0.078125
175	-0.453125	-0.250000
176	-0.414063	-0.062500
177	-0.437500	0.195313
178	-0.343750	0.015625
179	-0.476563	-0.203125
180	-0.460938	-0.132813
181	-0.500000	0.140625
182	-0.468750	-0.335938
183	-0.578125	0.101563
184	-0.500000	0.078125
185	-0.507813	0.148438
186	-0.421875	-0.140625
187	-0.429688	0.007813
188	-0.359375	-0.226563
189	-0.390625	0.054688
190	-0.343750	0.148438
191	-0.554688	0.507813
192	-0.375000	0.390625
193	-0.429688	0.359375
194	-0.359375	-0.179688
195	-0.445313	0.109375
196	-0.406250	0.281250
197	-0.398438	-0.015625
198	-0.335938	0.023438
199	-0.414063	-0.101563
200	-0.445313	-0.015625
201	-0.468750	-0.015625
202	-0.476563	0.265625
203	-0.484375	0.546875
204	-0.539063	0.554688
205	-0.406250	0.156250
206	-0.390625	-0.171875
207	-0.437500	0.054688
208	-0.437500	0.132813
209	-0.312500	-0.101563
210	-0.500000	-0.335938
211	-0.507813	-0.367188
212	-0.375000	0.054688
213	-0.484375	-0.250000
214	-0.414063	0.023438
215	-0.468750	-0.250000
216	-0.421875	-0.054688
217	-0.546875	0.296875
218	-0.382813	-0.109375
219	-0.406250	-0.195313
220	-0.445313	-0.039063
221	-0.375000	-0.062500
222	-0.390625	0.015625
223	-0.406250	-0.203125
224	-0.515625	0.546875
225	-0.367188	0.460938
226	-0.578125	0.476563
227	-0.437500	0.343750
228	-0.390625	0.062500
229	-0.406250	-0.046875
230	-0.523438	-0.085938
231	-0.460938	-0.351563
232	-0.539063	-0.601563
233	-0.414063	-0.031250
234	-0.437500	0.156250
235	-0.375000	-0.015625
236	-0.453125	0.312500
237	-0.492188	0.148438
238	-0.484375	-0.015625
239	-0.359375	0.070313
240	-0.484375	0.320313
241	-0.390625	0.257813
242	-0.507813	0.218750
243	-0.445313	0.515625
244	-0.460938	0.406250
245	-0.437500	-0.296875
246	-0.484375	-0.007813
247	-0.507813	-0.210938
248	-0.406250	0.406250
249	-0.523438	0.546875
250	-0.406250	-0.023438
251	-0.382813	-0.265625
252	-0.445313	-0.195313
253	-0.445313	-0.148438
254	-0.562500	0.523438
255	-0.484375	0.218750
256	-0.390625	-0.273438
257	-0.390625	0.023438
258	-0.414063	0.218750
259	-0.468750	0.523438
260	-0.460938	0.367188
261	-0.375000	0.343750
262	-0.351563	0.226563
263	-0.492188	0.132813
264	-0.421875	-0.031250
265	-0.375000	0.156250
266	-0.437500	-0.187500
267	-0.523438	-0.382813
268	-0.492188	-0.023438
269	-0.468750	-0.054688
270	-0.343750	0.226563
271	-0.484375	0.101563
272	-0.546875	0.492188
273	-0.468750	0.507813
274	-0.367188	0.054688
275	-0.414063	0.140625
276	-0.406250	0.484375
277	-0.382813	0.195313
278	-0.375000	0.039063
279	-0.546875	-0.578125
280	-0.523438	-0.148438
281	-0.414063	-0.109375
282	-0.367188	0.398438
283	-0.414063	0.132813
284	-0.445313	0.375000
285	-0.390625	0.453125
286	-0.335938	0.125000
287	-0.390625	0.257813
288	-0.476563	0.039063
289	-0.351563	-0.078125
290	-0.414063	0.046875
291	-0.539063	0.007813
292	-0.453125	0.125000
293	-0.445313	-0.039063
294	-0.335938	-0.117188
295	-0.531250	-0.054688
296	-0.453125	-0.242188
297	-0.648438	-0.710938
298	-0.421875	-0.039063
299	-0.367188	0.000000
300	-0.484375	0.078125
301	-0.414063	-0.242188
302	-0.429688	-0.289063
303	-0.429688	-0.250000
304	-0.398438	-0.242188
305	-0.382813	0.226563
306	-0.335938	-0.062500
307	-0.445313	-0.179688
308	-0.453125	-0.125000
309	-0.507813	0.429688
310	-0.359375	0.007813
311	-0.476563	0.406250
312	-0.406250	0.101563
313	-0.507813	-0.070313
314	-0.382813	0.148438
315	-0.375000	0.210938
316	-0.531250	-0.460938
317	-0.453125	-0.140625
318	-0.359375	0.109375
319	-0.320313	0.062500
320	-0.460938	-0.281250
321	-0.468750	-0.015625
322	-0.359375	-0.234375
323	-0.468750	-0.289063
324	-0.414063	-0.031250
325	-0.421875	0.218750
326	-0.460938	-0.007813
327	-0.484375	0.054688
328	-0.367188	-0.195313
329	-0.437500	-0.281250
330	-0.390625	0.093750
331	-0.390625	-0.187500
332	-0.460938	0.484375
333	-0.593750	0.648438
334	-0.351563	0.195313
335	-0.515625	0.367188
336	-0.375000	-0.109375
337	-0.429688	-0.046875
338	-0.398438	-0.015625
339	-0.445313	0.406250
340	-0.414063	0.187500
341	-0.476563	0.437500
342	-0.351563	-0.093750
343	-0.468750	0.343750
344	-0.406250	-0.304688
345	-0.468750	0.515625
346	-0.421875	0.140625
347	-0.304688	0.117188
348	-0.460938	0.257813
349	-0.562500	-0.234375
350	-0.421875	-0.171875
351	-0.390625	0.218750
352	-0.437500	-0.203125
353	-0.484375	-0.320313
354	-0.500000	-0.046875
355	-0.398438	0.062500
356	-0.437500	0.375000
357	-0.445313	0.179688
358	-0.382813	0.093750
359	-0.398438	-0.359375
360	-0.351563	-0.125000
361	-0.398438	0.382813
362	-0.421875	-0.054688
363	-0.421875	-0.039063
364	-0.375000	0.210938
365	-0.515625	0.289063
366	-0.460938	-0.226563
367	-0.351563	0.093750
368	-0.437500	-0.179688
369	-0.414063	-0.289063
370	-0.445313	0.031250
371	-0.453125	-0.304688
372	-0.390625	0.117188
373	-0.250000	-0.062500
374	-0.421875	-0.375000
375	-0.562500	-0.398438
376	-0.515625	-0.335938
377	-0.476563	-0.257813
378	-0.554688	0.070313
379	-0.468750	-0.328125
380	-0.359375	-0.132813
381	-0.382813	0.109375
382	-0.398438	0.445313
383	-0.375000	0.093750
384	-0.343750	0.125000
385	-0.515625	-0.031250
386	-0.531250	0.367188
387	-0.421875	-0.078125
388	-0.406250	0.062500
389	-0.539063	0.210938
390	-0.429688	-0.164063
391	-0.398438	0.343750
392	-0.406250	0.351563
393	-0.429688	-0.289063
394	-0.390625	-0.148438
395	-0.406250	-0.296875
396	-0.429688	-0.093750
397	-0.429688	0.164063
398	-0.406250	-0.093750
399	-0.335938	-0.062500
400	-0.515625	0.359375
401	-0.398438	0.335938
402	-0.406250	0.007813
403	-0.507813	0.062500
404	-0.359375	-0.375000
405	-0.515625	-0.195313
406	-0.375000	0.078125
407	-0.453125	-0.164063
408	-0.500000	-0.492188
409	-0.531250	-0.101563
410	-0.500000	-0.140625
411	-0.328125	0.179688
412	-0.382813	0.039063
413	-0.523438	-0.398438
414	-0.437500	-0.398438
415	-0.484375	-0.414063
416	-0.328125	-0.210938
417	-0.453125	-0.382813
418	-0.507813	-0.468750
419	-0.468750	-0.257813
420	-0.382813	-0.046875
421	-0.601563	-0.625000
422	-0.484375	-0.539063
423	-0.375000	-0.242188
424	-0.453125	-0.007813
425	-0.492188	-0.414063
426	-0.421875	-0.242188
427	-0.562500	0.453125
428	-0.562500	0.570313
429	-0.421875	-0.046875
430	-0.414063	0.296875
431	-0.328125	0.132813
432	-0.484375	0.210938
433	-0.460938	-0.234375
434	-0.429688	-0.210938
435	-0.445313	-0.265625
436	-0.429688	-0.093750
437	-0.468750	-0.257813
438	-0.351563	-0.031250
439	-0.460938	0.140625
440	-0.445313	0.093750
441	-0.476563	0.093750
442	-0.468750	0.039063
443	-0.414063	0.242188
444	-0.375000	0.195313
445	-0.406250	0.414063
446	-0.468750	-0.023438
447	-0.578125	0.117188
448	-0.390625	-0.125000
449	-0.398438	-0.046875
450	-0.414063	0.171875
451	-0.484375	-0.250000
452	-0.406250	-0.437500
453	-0.468750	-0.078125
454	-0.492188	0.179688
455	-0.414063	0.054688
456	-0.484375	0.078125
457	-0.554688	-0.382813
458	-0.437500	0.265625
459	-0.468750	0.421875
460	-0.429688	-0.117188
461	-0.414063	-0.328125
462	-0.390625	-0.148438
463	-0.390625	0.226563
464	-0.492188	0.437500
465	-0.390625	0.171875
466	-0.468750	-0.046875
467	-0.445313	0.210938
468	-0.382813	0.125000
469	-0.546875	-0.406250
470	-0.539063	-0.148438
471	-0.476563	0.062500
472	-0.390625	0.062500
473	-0.375000	0.203125
474	-0.523438	0.171875
475	-0.406250	-0.015625
476	-0.476563	0.296875
477	-0.500000	-0.132813
478	-0.390625	0.054688
479	-0.460938	0.289063
480	-0.453125	0.101563
481	-0.406250	0.007813
482	-0.328125	0.203125
483	-0.445313	0.281250
484	-0.468750	0.375000
485	-0.492188	0.484375
486	-0.554688	0.578125
487	-0.554688	-0.484375
488	-0.515625	-0.351563
489	-0.562500	-0.375000
490	-0.429688	-0.039063
491	-0.382813	0.156250
492	-0.312500	0.007813
493	-0.421875	-0.062500
494	-0.398438	0.078125
495	-0.484375	0.015625
496	-0.335938	-0.070313
497	-0.406250	-0.234375
498	-0.421875	0.070313
499	-0.445313	0.023438
500	-0.484375	0.328125
501	-0.390625	0.257813
502	-0.343750	0.203125
503	-0.492188	-0.015625
504	-0.453125	-0.273438
505	-0.500000	-0.234375
506	-0.437500	-0.117188
507	-0.500000	0.320313
508	-0.328125	0.179688
509	-0.367188	0.242188
510	-0.492188	0.414063
511	-0.531250	-0.375000
512	-0.484375	0.296875
513	-0.445313	0.226563
514	-0.375000	0.148438
515	-0.445313	0.109375
516	-0.492188	-0.156250
517	-0.492188	0.398438
518	-0.390625	-0.062500
519	-0.453125	0.210938
520	-0.382813	0.125000
521	-0.445313	0.445313
522	-0.531250	-0.015625
523	-0.328125	0.218750
524	-0.359375	0.234375
525	-0.492188	0.367188
526	-0.484375	-0.156250
527	-0.281250	0.132813
528	-0.476563	0.015625
529	-0.460938	-0.093750
530	-0.539063	0.117188
531	-0.554688	0.531250
532	-0.414063	0.000000
533	-0.382813	-0.039063
534	-0.500000	0.000000
535	-0.492188	-0.015625
536	-0.515625	0.031250
537	-0.421875	-0.015625
538	-0.445313	-0.335938
539	-0.484375	-0.226563
540	-0.468750	-0.343750
541	-0.414063	-0.195313
542	-0.406250	0.007813
543	-0.468750	0.148438
544	-0.492188	0.312500
545	-0.437500	-0.085938
546	-0.421875	-0.195313
547	-0.398438	0.351563
548	-0.398438	0.312500
549	-0.359375	0.132813
550	-0.460938	-0.101563
551	-0.445313	-0.062500
552	-0.531250	0.179688
553	-0.437500	0.320313
554	-0.515625	0.406250
555	-0.507813	0.117188
556	-0.445313	0.085938
557	-0.460938	-0.320313
558	-0.398438	-0.171875
559	-0.476563	0.140625
560	-0.546875	0.304688
561	-0.484375	0.281250
562	-0.500000	-0.156250
563	-0.406250	0.281250
564	-0.484375	-0.148438
565	-0.375000	-0.390625
566	-0.429688	-0.148438
567	-0.500000	-0.226563
568	-0.515625	-0.070313
569	-0.406250	-0.085938
570	-0.429688	-0.078125
571	-0.476563	0.156250
572	-0.445313	-0.250000
573	-0.328125	-0.015625
574	-0.429688	0.164063
575	-0.500000	0.507813
576	-0.320313	-0.085938
577	-0.492188	-0.179688
578	-0.351563	-0.210938
579	-0.429688	0.281250
580	-0.460938	0.000000
581	-0.570313	0.578125
582	-0.453125	0.250000
583	-0.429688	-0.367188
584	-0.679688	-0.757813
585	-0.492188	-0.414063
586	-0.507813	-0.453125
587	-0.414063	-0.429688
588	-0.445313	-0.179688
589	-0.515625	0.460938
590	-0.531250	0.359375
591	-0.500000	0.062500
592	-0.562500	-0.062500
593	-0.476563	-0.218750
594	-0.507813	-0.273438
595	-0.390625	-0.070313
596	-0.375000	0.062500
597	-0.460938	-0.242188
598	-0.375000	-0.093750
599	-0.492188	-0.015625
600	-0.406250	0.242188
601	-0.406250	-0.375000
602	-0.328125	0.101563
603	-0.437500	0.085938
604	-0.421875	0.015625
605	-0.476563	-0.367188
606	-0.421875	-0.156250
607	-0.468750	-0.195313
608	-0.468750	0.109375
609	-0.476563	-0.234375
610	-0.421875	-0.046875
611	-0.421875	-0.039063
612	-0.468750	-0.054688
613	-0.429688	0.054688
614	-0.562500	0.539063
615	-0.359375	0.039063
616	-0.437500	0.250000
617	-0.492188	0.226563
618	-0.429688	0.054688
619	-0.320313	0.070313
620	-0.523438	-0.218750
621	-0.429688	-0.156250
622	-0.351563	-0.078125
623	-0.500000	-0.062500
624	-0.406250	-0.070313
625	-0.335938	0.343750
626	-0.421875	0.125000
627	-0.414063	0.132813
628	-0.500000	0.218750
629	-0.312500	-0.148438
630	-0.398438	-0.007813
631	-0.476563	0.437500
632	-0.414063	-0.320313
633	-0.539063	-0.281250
634	-0.429688	-0.242188
635	-0.359375	0.328125
636	-0.351563	0.164063
637	-0.492188	0.273438
638	-0.617188	0.125000
639	-0.382813	-0.039063
640	-0.421875	-0.312500
641	-0.398438	-0.390625
642	-0.515625	0.007813
643	-0.382813	0.015625
644	-0.414063	0.140625
645	-0.453125	0.179688
646	-0.460938	0.171875
647	-0.492188	-0.125000
648	-0.406250	-0.187500
649	-0.570313	0.437500
650	-0.429688	0.390625
651	-0.531250	0.468750
652	-0.546875	0.203125
653	-0.382813	0.218750
654	-0.468750	-0.140625
655	-0.484375	0.203125
656	-0.468750	0.187500
657	-0.445313	0.257813
658	-0.539063	-0.437500
659	-0.367188	-0.093750
660	-0.429688	-0.140625
661	-0.445313	0.062500
662	-0.390625	0.046875
663	-0.390625	0.289063
664	-0.414063	0.382813
665	-0.445313	0.023438
666	-0.429688	0.015625
667	-0.390625	0.226563
668	-0.335938	-0.054688
669	-0.328125	0.023438
670	-0.414063	-0.109375
671	-0.570313	-0.468750
672	-0.406250	-0.265625
673	-0.515625	-0.078125
674	-0.406250	0.054688
675	-0.421875	0.000000
676	-0.468750	-0.046875
677	-0.335938	0.140625
678	-0.484375	-0.210938
679	-0.484375	-0.062500
680	-0.460938	0.421875
681	-0.421875	0.117188
682	-0.476563	-0.109375
683	-0.390625	0.218750
684	-0.468750	-0.171875
685	-0.507813	-0.125000
686	-0.398438	-0.062500
687	-0.367188	-0.171875
688	-0.515625	0.148438
689	-0.429688	0.117188
690	-0.640625	0.687500
691	-0.406250	0.234375
692	-0.500000	0.515625
693	-0.320313	0.109375
694	-0.460938	-0.125000
695	-0.429688	0.179688
696	-0.351563	0.164063
697	-0.421875	0.203125
698	-0.406250	0.296875
699	-0.476563	0.007813
700	-0.484375	-0.039063
701	-0.585938	0.656250
702	-0.445313	0.000000
703	-0.507813	-0.179688
704	-0.414063	-0.210938
705	-0.445313	-0.125000
706	-0.445313	0.125000
707	-0.484375	-0.445313
708	-0.437500	-0.148438
709	-0.390625	-0.132813
710	-0.445313	-0.218750
711	-0.468750	-0.210938
712	-0.500000	-0.593750
713	-0.359375	-0.257813
714	-0.445313	-0.367188
715	-0.367188	0.218750
716	-0.367188	0.070313
717	-0.515625	0.000000
718	-0.421875	-0.242188
719	-0.375000	0.109375
720	-0.406250	0.351563
721	-0.421875	-0.132813
722	-0.468750	0.414063
723	-0.453125	0.296875
724	-0.343750	0.070313
725	-0.421875	0.062500
726	-0.406250	0.265625
727	-0.445313	0.000000
728	-0.320313	0.117188
729	-0.343750	-0.046875
730	-0.492188	-0.367188
731	-0.437500	-0.273438
732	-0.625000	-0.515625
733	-0.320313	0.046875
734	-0.546875	-0.093750
735	-0.445313	-0.265625
736	-0.429688	-0.218750
737	-0.429688	-0.210938
738	-0.375000	0.023438
739	-0.312500	0.007813
740	-0.414063	0.296875
741	-0.445313	0.195313
742	-0.406250	-0.109375
743	-0.390625	-0.039063
744	-0.351563	0.171875
745	-0.421875	0.109375
746	-0.367188	0.046875
747	-0.453125	-0.320313
748	-0.445313	-0.039063
749	-0.359375	-0.046875
750	-0.398438	-0.062500
751	-0.484375	-0.328125
752	-0.468750	-0.421875
753	-0.414063	-0.250000
754	-0.335938	0.109375
755	-0.390625	-0.234375
756	-0.507813	-0.156250
757	-0.546875	-0.250000
758	-0.554688	-0.273438
759	-0.539063	-0.453125
760	-0.421875	-0.195313
761	-0.406250	0.132813
762	-0.562500	0.218750
763	-0.398438	-0.039063
764	-0.437500	-0.343750
765	-0.367188	-0.218750
766	-0.367188	0.007813
767	-0.429688	0.210938
768	-0.460938	-0.023438
769	-0.460938	0.312500
770	-0.492188	-0.140625
771	-0.562500	-0.500000
772	-0.414063	-0.257813
773	-0.406250	-0.171875
774	-0.453125	0.085938
775	-0.500000	-0.273438
776	-0.421875	-0.195313
777	-0.445313	-0.320313
778	-0.593750	-0.132813
779	-0.437500	0.132813
780	-0.390625	0.304688
781	-0.421875	-0.093750
782	-0.632813	0.617188
783	-0.523438	0.578125
784	-0.367188	-0.125000
785	-0.382813	0.085938
786	-0.554688	-0.406250
787	-0.460938	-0.320313
788	-0.507813	-0.171875
789	-0.507813	0.000000
790	-0.359375	0.203125
791	-0.414063	0.062500
792	-0.460938	-0.015625
793	-0.375000	-0.281250
794	-0.515625	-0.218750
795	-0.476563	-0.171875
796	-0.414063	0.164063
797	-0.398438	-0.320313
798	-0.414063	-0.085938
799	-0.531250	-0.656250
800	-0.406250	-0.187500
801	-0.562500	0.226563
802	-0.359375	-0.117188
803	-0.265625	-0.304688
804	-0.476563	0.281250
805	-0.445313	-0.132813
806	-0.453125	-0.062500
807	-0.453125	0.359375
808	-0.453125	0.101563
809	-0.453125	0.203125
810	-0.531250	0.351563
811	-0.359375	0.226563
812	-0.507813	0.250000
813	-0.429688	0.046875
814	-0.492188	-0.226563
815	-0.398438	0.078125
816	-0.398438	-0.109375
817	-0.421875	0.218750
818	-0.507813	-0.414063
819	-0.507813	0.085938
820	-0.476563	-0.093750
821	-0.421875	-0.156250
822	-0.578125	0.101563
823	-0.531250	0.031250
824	-0.453125	0.039063
825	-0.468750	0.039063
826	-0.312500	0.054688
827	-0.359375	0.460938
828	-0.476563	0.210938
829	-0.398438	0.273438
830	-0.468750	0.078125
831	-0.492188	-0.125000
832	-0.492188	0.281250
833	-0.414063	0.171875
834	-0.414063	-0.070313
835	-0.546875	0.101563
836	-0.414063	0.179688
837	-0.398438	0.179688
838	-0.578125	0.507813
839	-0.398438	-0.039063
840	-0.429688	-0.312500
841	-0.367188	0.179688
842	-0.414063	0.148438
843	-0.531250	0.460938
844	-0.460938	0.312500
845	-0.445313	0.101563
846	-0.476563	-0.539063
847	-0.406250	-0.328125
848	-0.585938	-0.546875
849	-0.468750	-0.335938
850	-0.390625	-0.109375
851	-0.453125	0.078125
852	-0.406250	-0.085938
853	-0.359375	0.117188
854	-0.429688	0.164063
855	-0.429688	-0.109375
856	-0.476563	0.078125
857	-0.406250	-0.234375
858	-0.398438	-0.156250
859	-0.453125	0.351563
860	-0.429688	0.078125
861	-0.390625	-0.140625
862	-0.500000	-0.101563
863	-0.312500	0.070313
864	-0.414063	0.171875
865	-0.335938	-0.234375
866	-0.453125	-0.476563
867	-0.484375	0.296875
868	-0.429688	0.039063
869	-0.367188	0.226563
870	-0.359375	-0.031250
871	-0.437500	-0.296875
872	-0.437500	0.039063
873	-0.468750	-0.257813
874	-0.476563	-0.359375
875	-0.390625	-0.187500
876	-0.382813	-0.007813
877	-0.554688	-0.539063
878	-0.578125	-0.500000
879	-0.437500	0.195313
880	-0.500000	-0.125000
881	-0.437500	-0.171875
882	-0.468750	-0.171875
883	-0.531250	-0.367188
884	-0.390625	0.054688
885	-0.476563	-0.335938
886	-0.617188	-0.648438
887	-0.382813	-0.296875
888	-0.437500	-0.101563
889	-0.390625	-0.093750
890	-0.468750	0.281250
891	-0.539063	0.226563
892	-0.484375	-0.226563
893	-0.562500	0.453125
894	-0.445313	-0.031250
895	-0.445313	0.000000
896	-0.515625	-0.640625
897	-0.445313	-0.179688
898	-0.554688	0.570313
899	-0.484375	-0.101563
900	-0.500000	-0.101563
901	-0.507813	0.304688
902	-0.500000	-0.210938
903	-0.406250	-0.250000
904	-0.523438	-0.562500
905	-0.507813	-0.515625
906	-0.492188	0.351563
907	-0.460938	0.437500
908	-0.398438	0.343750
909	-0.484375	0.484375
910	-0.507813	0.296875
911	-0.359375	-0.093750
912	-0.468750	0.070313
913	-0.421875	0.031250
914	-0.507813	-0.171875
915	-0.507813	-0.148438
916	-0.429688	0.078125
917	-0.484375	-0.500000
918	-0.445313	-0.421875
919	-0.414063	-0.085938
920	-0.351563	-0.023438
921	-0.429688	0.046875
922	-0.437500	-0.085938
923	-0.406250	-0.109375
924	-0.515625	0.484375
925	-0.398438	0.054688
926	-0.476563	0.171875
927	-0.414063	-0.078125
928	-0.468750	0.070313
929	-0.500000	0.210938
930	-0.523438	0.070313
931	-0.515625	0.109375
932	-0.406250	0.023438
933	-0.375000	0.093750
934	-0.390625	-0.187500
935	-0.453125	-0.132813
936	-0.429688	-0.054688
937	-0.460938	0.359375
938	-0.476563	0.062500
939	-0.523438	0.148438
940	-0.437500	0.093750
941	-0.414063	0.125000
942	-0.476563	0.171875
943	-0.414063	0.101563
944	-0.484375	-0.335938
945	-0.406250	-0.414063
946	-0.445313	-0.226563
947	-0.460938	-0.140625
948	-0.406250	-0.335938
949	-0.500000	0.203125
950	-0.421875	0.429688
951	-0.460938	-0.265625
952	-0.453125	-0.414063
953	-0.460938	-0.023438
954	-0.468750	-0.414063
955	-0.500000	-0.382813
956	-0.453125	-0.398438
957	-0.421875	-0.062500
958	-0.437500	-0.085938
959	-0.539063	0.312500
960	-0.429688	-0.023438
961	-0.375000	-0.132813
962	-0.359375	-0.265625
963	-0.359375	0.062500
964	-0.531250	0.250000
965	-0.500000	0.125000
966	-0.328125	0.109375
967	-0.351563	0.187500
968	-0.390625	0.179688
969	-0.414063	0.046875
970	-0.351563	0.109375
971	-0.429688	0.171875
972	-0.539063	-0.101563
973	-0.515625	-0.109375
974	-0.445313	0.453125
975	-0.304688	0.031250
976	-0.359375	0.000000
977	-0.468750	-0.445313
978	-0.476563	0.539063
979	-0.515625	0.476563
980	-0.406250	-0.117188
981	-0.531250	-0.109375
982	-0.468750	0.125000
983	-0.492188	-0.156250
984	-0.304688	-0.304688
985	-0.476563	-0.312500
986	-0.382813	-0.375000
987	-0.460938	-0.101563
988	-0.328125	0.023438
989	-0.523438	-0.281250
990	-0.429688	0.296875
991	-0.460938	-0.265625
992	-0.539063	-0.406250
993	-0.453125	0.242188
994	-0.515625	0.460938
995	-0.351563	0.453125
996	-0.562500	-0.570313
997	-0.562500	-0.429688
998	-0.406250	-0.257813
999	-0.437500	-0.414063
