0	-0.140625	0.109375
1	-0.171875	-0.187500
2	-0.242188	-0.171875
3	-0.195313	-0.031250
4	-0.218750	-0.031250
5	-0.179688	-0.031250
6	-0.234375	0.164063
7	-0.234375	0.054688
8	-0.132813	0.171875
9	-0.257813	0.062500
10	-0.210938	0.039063
11	-0.179688	-0.117188
12	-0.140625	-0.007813
13	-0.195313	-0.117188
14	-0.226563	0.179688
15	-0.218750	-0.164063
16	-0.171875	0.046875
17	-0.289063	0.109375
18	-0.234375	0.062500
19	-0.226563	-0.078125
20	-0.257813	0.117188
21	-0.296875	-0.171875
22	-0.226563	0.062500
23	-0.289063	0.171875
24	-0.250000	0.093750
25	-0.132813	0.031250
26	-0.164063	-0.015625
27	-0.242188	0.023438
28	-0.195313	0.187500
29	-0.281250	-0.296875
30	-0.179688	0.070313
31	-0.203125	0.070313
32	-0.218750	0.062500
33	-0.117188	0.054688
34	-0.195313	-0.078125
35	-0.210938	0.140625
36	-0.187500	0.085938
37	-0.242188	0.125000
38	-0.273438	0.031250
39	-0.195313	-0.015625
40	-0.156250	0.078125
41	-0.273438	0.031250
42	-0.210938	-0.140625
43	-0.250000	0.031250
44	-0.156250	0.101563
45	-0.109375	-0.007813
46	-0.171875	0.039063
47	-0.117188	0.015625
48	-0.210938	0.070313
49	-0.195313	-0.039063
50	-0.210938	-0.046875
51	-0.210938	0.179688
52	-0.265625	0.000000
53	-0.265625	0.054688
54	-0.203125	-0.070313
55	-0.187500	-0.125000
56	-0.203125	0.007813
57	-0.250000	-0.015625
58	-0.281250	0.007813
59	-0.210938	0.015625
60	-0.234375	0.015625
61	-0.218750	-0.125000
62	-0.156250	0.054688
63	-0.218750	-0.023438
64	-0.218750	0.093750
65	-0.203125	-0.015625
66	-0.187500	-0.015625
67	-0.203125	-0.078125
68	-0.250000	-0.117188
69	-0.328125	0.132813
70	-0.234375	0.000000
71	-0.242188	0.015625
72	-0.195313	-0.101563
73	-0.187500	-0.164063
74	-0.226563	0.023438
75	-0.187500	-0.062500
76	-0.250000	0.031250
77	-0.226563	0.085938
78	-0.203125	0.039063
79	-0.265625	0.304688
80	-0.187500	0.046875
81	-0.203125	-0.054688
82	-0.203125	-0.046875
83	-0.250000	-0.046875
84	-0.187500	-0.195313
85	-0.171875	0.046875
86	-0.195313	-0.039063
87	-0.164063	-0.062500
88	-0.171875	0.070313
89	-0.171875	-0.085938
90	-0.218750	-0.046875
91	-0.226563	0.093750
92	-0.101563	0.031250
93	-0.187500	0.093750
94	-0.140625	0.101563
95	-0.265625	-0.015625
96	-0.070313	0.101563
97	-0.210938	0.007813
98	-0.226563	0.109375
99	-0.132813	0.148438
100	-0.226563	0.140625
101	-0.234375	0.109375
102	-0.164063	0.140625
103	-0.257813	-0.164063
104	-0.195313	-0.031250
105	-0.218750	-0.023438
106	-0.187500	0.062500
107	-0.242188	0.046875
108	-0.156250	0.023438
109	-0.289063	-0.031250
110	-0.187500	0.125000
111	-0.117188	-0.046875
112	-0.226563	-0.007813
113	-0.179688	0.070313
114	-0.265625	0.140625
115	-0.281250	0.007813
116	-0.226563	-0.046875
117	-0.226563	-0.156250
118	-0.210938	-0.101563
119	-0.335938	0.148438
120	-0.195313	-0.039063
121	-0.234375	-0.023438
122	-0.210938	-0.109375
123	-0.171875	-0.070313
124	-0.234375	-0.054688
125	-0.195313	-0.039063
126	-0.250000	0.078125
127	-0.179688	-0.117188
128	-0.164063	0.015625
129	-0.296875	-0.117188
130	-0.078125	0.015625
131	-0.179688	0.085938
132	-0.171875	0.078125
133	-0.242188	-0.062500
134	-0.351563	0.054688
135	-0.218750	0.007813
136	-0.289063	-0.093750
137	-0.210938	-0.054688
138	-0.234375	0.054688
139	-0.226563	-0.046875
140	-0.242188	-0.031250
141	-0.273438	0.007813
142	-0.179688	0.140625
143	-0.234375	-0.195313
144	-0.273438	-0.046875
145	-0.234375	-0.046875
146	-0.179688	0.101563
147	-0.265625	-0.265625
148	-0.203125	0.078125
149	-0.164063	0.101563
150	-0.156250	0.148438
151	-0.203125	-0.007813
152	-0.226563	-0.039063
153	-0.195313	-0.140625
154	-0.164063	0.132813
155	-0.250000	-0.054688
156	-0.171875	-0.101563
157	-0.226563	-0.046875
158	-0.242188	-0.156250
159	-0.210938	0.031250
160	-0.242188	-0.085938
161	-0.164063	-0.195313
162	-0.242188	-0.062500
163	-0.203125	0.000000
164	-0.132813	0.101563
165	-0.203125	-0.007813
166	-0.195313	0.109375
167	-0.195313	0.015625
168	-0.203125	0.031250
169	-0.289063	0.085938
170	-0.164063	0.000000
171	-0.250000	0.054688
172	-0.335938	0.132813
173	-0.218750	0.054688
174	-0.171875	-0.093750
175	-0.148438	-0.078125
176	-0.156250	-0.046875
177	-0.273438	0.132813
178	-0.257813	-0.156250
179	-0.226563	-0.031250
180	-0.210938	-0.078125
181	-0.312500	0.242188
182	-0.226563	-0.148438
183	-0.125000	-0.023438
184	-0.273438	0.078125
185	-0.148438	0.132813
186	-0.312500	-0.023438
187	-0.226563	-0.132813
188	-0.171875	-0.109375
189	-0.320313	0.226563
190	-0.109375	-0.039063
191	-0.187500	0.031250
192	-0.226563	0.031250
193	-0.203125	-0.070313
194	-0.156250	0.062500
195	-0.226563	0.179688
196	-0.195313	-0.023438
197	-0.281250	0.156250
198	-0.203125	0.062500
199	-0.218750	0.078125
200	-0.179688	0.062500
201	-0.296875	-0.328125
202	-0.164063	-0.148438
203	-0.218750	-0.054688
204	-0.195313	-0.218750
205	-0.164063	-0.039063
206	-0.164063	0.054688
207	-0.179688	0.148438
208	-0.226563	-0.078125
209	-0.226563	-0.054688
210	-0.195313	-0.054688
211	-0.179688	-0.046875
212	-0.234375	-0.046875
213	-0.234375	-0.156250
214	-0.250000	0.109375
215	-0.226563	0.148438
216	-0.250000	0.023438
217	-0.265625	0.062500
218	-0.195313	-0.132813
219	-0.234375	0.046875
220	-0.250000	-0.015625
221	-0.242188	0.070313
222	-0.156250	-0.078125
223	-0.179688	0.062500
224	-0.250000	-0.015625
225	-0.140625	-0.250000
226	-0.242188	0.023438
227	-0.218750	0.039063
228	-0.203125	-0.093750
229	-0.234375	0.023438
230	-0.187500	0.085938
231	-0.210938	-0.070313
232	-0.132813	0.046875
233	-0.257813	0.109375
234	-0.242188	0.023438
235	-0.242188	-0.203125
236	-0.210938	-0.218750
237	-0.164063	-0.054688
238	-0.328125	0.320313
239	-0.140625	0.117188
240	-0.156250	-0.015625
241	-0.226563	0.015625
242	-0.210938	-0.062500
243	-0.226563	0.070313
244	-0.210938	0.093750
245	-0.218750	0.023438
246	-0.132813	-0.054688
247	-0.281250	-0.234375
248	-0.195313	-0.031250
249	-0.257813	-0.070313
250	-0.257813	0.085938
251	-0.187500	-0.210938
252	-0.257813	-0.125000
253	-0.335938	-0.273438
254	-0.187500	0.093750
255	-0.289063	-0.031250
256	-0.195313	-0.148438
257	-0.171875	0.070313
258	-0.250000	-0.031250
259	-0.187500	0.015625
260	-0.242188	0.226563
261	-0.203125	-0.039063
262	-0.148438	-0.054688
263	-0.148438	-0.031250
264	-0.281250	-0.070313
265	-0.289063	-0.070313
266	-0.257813	-0.101563
267	-0.203125	0.078125
268	-0.109375	0.070313
269	-0.210938	0.132813
270	-0.218750	-0.093750
271	-0.281250	-0.054688
272	-0.179688	0.085938
273	-0.218750	0.148438
274	-0.203125	-0.179688
275	-0.226563	0.140625
276	-0.320313	0.023438
277	-0.218750	0.117188
278	-0.210938	0.226563
279	-0.109375	0.070313
280	-0.210938	0.070313
281	-0.281250	-0.101563
282	-0.218750	0.054688
283	-0.171875	-0.023438
284	-0.203125	0.156250
285	-0.234375	0.070313
286	-0.164063	-0.007813
287	-0.210938	0.140625
288	-0.265625	0.046875
289	-0.234375	-0.226563
290	-0.210938	-0.023438
291	-0.210938	-0.039063
292	-0.226563	0.125000
293	-0.195313	0.132813
294	-0.226563	0.031250
295	-0.218750	0.015625
296	-0.265625	-0.148438
297	-0.250000	-0.148438
298	-0.250000	0.054688
299	-0.257813	0.164063
300	-0.265625	-0.070313
301	-0.078125	-0.007813
302	-0.210938	-0.070313
303	-0.265625	0.023438
304	-0.226563	-0.015625
305	-0.265625	0.054688
306	-0.265625	-0.046875
307	-0.289063	0.062500
308	-0.195313	-0.125000
309	-0.203125	-0.109375
310	-0.242188	0.054688
311	-0.257813	-0.015625
312	-0.203125	0.070313
313	-0.234375	-0.070313
314	-0.132813	0.039063
315	-0.187500	-0.031250
316	-0.250000	0.101563
317	-0.171875	-0.093750
318	-0.265625	0.140625
319	-0.257813	-0.023438
320	-0.281250	-0.023438
321	-0.226563	0.054688
322	-0.273438	-0.070313
323	-0.179688	-0.054688
324	-0.242188	0.101563
325	-0.140625	0.031250
326	-0.125000	-0.070313
327	-0.164063	-0.031250
328	-0.203125	-0.250000
329	-0.226563	0.117188
330	-0.234375	0.015625
331	-0.210938	-0.070313
332	-0.242188	-0.070313
333	-0.195313	0.054688
334	-0.234375	-0.054688
335	-0.140625	-0.117188
336	-0.289063	-0.140625
337	-0.312500	0.085938
338	-0.210938	-0.101563
339	-0.179688	-0.062500
340	-0.195313	-0.226563
341	-0.132813	0.046875
342	-0.164063	-0.031250
343	-0.250000	0.062500
344	-0.226563	-0.015625
345	-0.195313	0.062500
346	-0.234375	-0.007813
347	-0.187500	0.046875
348	-0.156250	0.031250
349	-0.203125	-0.132813
350	-0.117188	0.093750
351	-0.164063	-0.093750
352	-0.148438	0.117188
353	-0.281250	-0.132813
354	-0.218750	-0.140625
355	-0.265625	-0.203125
356	-0.187500	0.039063
357	-0.140625	0.054688
358	-0.257813	0.007813
359	-0.187500	0.000000
360	-0.304688	0.125000
361	-0.281250	-0.046875
362	-0.195313	-0.070313
363	-0.132813	0.031250
364	-0.203125	-0.085938
365	-0.234375	-0.015625
366	-0.203125	-0.125000
367	-0.296875	-0.164063
368	-0.179688	0.015625
369	-0.257813	-0.125000
370	-0.257813	0.078125
371	-0.156250	-0.101563
372	-0.203125	-0.179688
373	-0.289063	-0.093750
374	-0.195313	0.054688
375	-0.218750	0.046875
376	-0.132813	-0.062500
377	-0.218750	-0.062500
378	-0.179688	-0.023438
379	-0.210938	-0.156250
380	-0.226563	-0.023438
381	-0.234375	-0.031250
382	-0.179688	0.125000
383	-0.226563	-0.179688
384	-0.195313	-0.132813
385	-0.132813	0.031250
386	-0.265625	-0.078125
387	-0.195313	-0.078125
388	-0.242188	-0.125000
389	-0.226563	0.171875
390	-0.289063	-0.195313
391	-0.218750	0.085938
392	-0.156250	0.031250
393	-0.187500	-0.039063
394	-0.203125	0.015625
395	-0.257813	0.070313
396	-0.250000	-0.125000
397	-0.226563	-0.179688
398	-0.164063	-0.132813
399	-0.242188	0.078125
400	-0.250000	0.062500
401	-0.250000	0.187500
402	-0.273438	0.015625
403	-0.132813	-0.132813
404	-0.195313	-0.015625
405	-0.281250	0.031250
406	-0.203125	-0.023438
407	-0.242188	0.031250
408	-0.171875	-0.179688
409	-0.320313	0.195313
410	-0.187500	-0.031250
411	-0.265625	-0.007813
412	-0.148438	-0.023438
413	-0.195313	0.085938
414	-0.226563	0.195313
415	-0.210938	-0.156250
416	-0.234375	0.164063
417	-0.250000	0.023438
418	-0.210938	-0.031250
419	-0.273438	-0.109375
420	-0.218750	0.117188
421	-0.140625	0.101563
422	-0.234375	-0.109375
423	-0.195313	0.046875
424	-0.257813	-0.023438
425	-0.242188	-0.070313
426	-0.304688	0.265625
427	-0.242188	-0.015625
428	-0.195313	-0.039063
429	-0.289063	-0.125000
430	-0.273438	0.132813
431	-0.234375	0.140625
432	-0.273438	0.148438
433	-0.210938	0.023438
434	-0.343750	0.234375
435	-0.242188	0.148438
436	-0.218750	0.179688
437	-0.171875	0.000000
438	-0.265625	0.062500
439	-0.250000	0.101563
440	-0.109375	-0.023438
441	-0.117188	0.023438
442	-0.148438	0.171875
443	-0.226563	-0.070313
444	-0.250000	-0.164063
445	-0.242188	-0.156250
446	-0.226563	0.039063
447	-0.265625	0.054688
448	-0.257813	0.007813
449	-0.265625	-0.046875
450	-0.257813	0.164063
451	-0.171875	0.085938
452	-0.320313	0.062500
453	-0.281250	0.023438
454	-0.187500	-0.023438
455	-0.203125	-0.109375
456	-0.273438	0.328125
457	-0.250000	-0.187500
458	-0.148438	0.164063
459	-0.242188	0.007813
460	-0.226563	-0.062500
461	-0.210938	-0.125000
462	-0.218750	-0.171875
463	-0.242188	0.046875
464	-0.195313	-0.007813
465	-0.171875	-0.132813
466	-0.148438	0.039063
467	-0.171875	0.085938
468	-0.171875	0.148438
469	-0.187500	-0.101563
470	-0.156250	0.023438
471	-0.179688	0.039063
472	-0.226563	-0.062500
473	-0.210938	0.054688
474	-0.179688	0.187500
475	-0.289063	0.078125
476	-0.125000	0.109375
477	-0.171875	0.007813
478	-0.257813	0.242188
479	-0.234375	0.054688
480	-0.234375	-0.085938
481	-0.132813	-0.023438
482	-0.117188	0.039063
483	-0.203125	-0.109375
484	-0.265625	-0.101563
485	-0.265625	-0.078125
486	-0.218750	-0.171875
487	-0.171875	0.101563
488	-0.257813	0.070313
489	-0.218750	-0.039063
490	-0.210938	0.109375
491	-0.226563	-0.125000
492	-0.140625	0.101563
493	-0.218750	-0.109375
494	-0.187500	-0.085938
495	-0.187500	0.054688
496	-0.242188	-0.031250
497	-0.257813	-0.046875
498	-0.156250	0.140625
499	-0.195313	0.031250
500	-0.117188	-0.007813
501	-0.132813	0.078125
502	-0.171875	-0.031250
503	-0.226563	-0.046875
504	-0.273438	0.000000
505	-0.164063	0.085938
506	-0.234375	0.187500
507	-0.195313	-0.117188
508	-0.281250	-0.007813
509	-0.218750	-0.109375
510	-0.148438	0.023438
511	-0.234375	0.093750
512	-0.179688	-0.054688
513	-0.210938	-0.054688
514	-0.203125	0.148438
515	-0.164063	-0.085938
516	-0.156250	0.109375
517	-0.164063	-0.039063
518	-0.226563	0.101563
519	-0.171875	0.062500
520	-0.195313	-0.054688
521	-0.250000	-0.234375
522	-0.156250	-0.085938
523	-0.296875	0.070313
524	-0.312500	-0.148438
525	-0.132813	0.015625
526	-0.179688	-0.046875
527	-0.273438	0.093750
528	-0.148438	0.148438
529	-0.093750	0.007813
530	-0.156250	-0.054688
531	-0.234375	0.031250
532	-0.187500	0.101563
533	-0.164063	-0.023438
534	-0.250000	-0.070313
535	-0.140625	0.054688
536	-0.164063	-0.039063
537	-0.218750	-0.023438
538	-0.117188	-0.054688
539	-0.320313	0.023438
540	-0.179688	0.101563
541	-0.250000	0.039063
542	-0.171875	-0.015625
543	-0.195313	0.125000
544	-0.250000	0.000000
545	-0.242188	0.054688
546	-0.187500	0.148438
547	-0.203125	-0.039063
548	-0.226563	0.218750
549	-0.226563	-0.078125
550	-0.226563	0.015625
551	-0.265625	-0.125000
552	-0.234375	-0.171875
553	-0.226563	0.023438
554	-0.234375	0.164063
555	-0.109375	-0.109375
556	-0.171875	-0.125000
557	-0.218750	0.054688
558	-0.226563	0.257813
559	-0.203125	-0.164063
560	-0.164063	0.039063
561	-0.242188	0.015625
562	-0.179688	0.046875
563	-0.187500	-0.046875
564	-0.156250	-0.148438
565	-0.226563	0.054688
566	-0.179688	0.164063
567	-0.210938	-0.101563
568	-0.234375	-0.078125
569	-0.148438	-0.023438
570	-0.195313	0.085938
571	-0.390625	0.109375
572	-0.156250	0.046875
573	-0.250000	0.085938
574	-0.140625	0.039063
575	-0.304688	0.109375
576	-0.242188	-0.132813
577	-0.218750	0.015625
578	-0.179688	0.070313
579	-0.218750	-0.109375
580	-0.281250	-0.117188
581	-0.234375	-0.039063
582	-0.218750	-0.117188
583	-0.242188	-0.085938
584	-0.132813	0.148438
585	-0.234375	-0.140625
586	-0.195313	0.085938
587	-0.273438	0.125000
588	-0.312500	-0.023438
589	-0.148438	0.015625
590	-0.242188	-0.054688
591	-0.257813	0.046875
592	-0.179688	0.101563
593	-0.203125	0.000000
594	-0.117188	-0.093750
595	-0.203125	0.039063
596	-0.109375	-0.054688
597	-0.132813	0.031250
598	-0.250000	0.031250
599	-0.226563	0.148438
600	-0.226563	0.062500
601	-0.250000	0.148438
602	-0.218750	-0.156250
603	-0.210938	0.046875
604	-0.226563	-0.046875
605	-0.210938	-0.070313
606	-0.265625	-0.125000
607	-0.234375	-0.007813
608	-0.296875	-0.156250
609	-0.195313	0.031250
610	-0.273438	0.195313
611	-0.195313	0.023438
612	-0.304688	-0.140625
613	-0.234375	-0.023438
614	-0.281250	-0.164063
615	-0.226563	-0.062500
616	-0.140625	0.085938
617	-0.171875	-0.132813
618	-0.257813	0.164063
619	-0.210938	0.078125
620	-0.148438	-0.148438
621	-0.234375	-0.265625
622	-0.195313	-0.117188
623	-0.226563	0.015625
624	-0.179688	0.062500
625	-0.265625	0.015625
626	-0.203125	0.171875
627	-0.226563	-0.062500
628	-0.140625	-0.015625
629	-0.265625	0.273438
630	-0.250000	-0.070313
631	-0.234375	-0.070313
632	-0.156250	-0.062500
633	-0.156250	0.085938
634	-0.257813	-0.007813
635	-0.203125	0.164063
636	-0.187500	0.054688
637	-0.203125	-0.078125
638	-0.203125	0.015625
639	-0.281250	0.164063
640	-0.195313	-0.109375
641	-0.226563	-0.093750
642	-0.203125	-0.156250
643	-0.289063	0.031250
644	-0.265625	-0.062500
645	-0.273438	0.007813
646	-0.281250	-0.117188
647	-0.164063	0.015625
648	-0.218750	0.023438
649	-0.164063	0.218750
650	-0.203125	0.070313
651	-0.218750	0.156250
652	-0.234375	-0.031250
653	-0.164063	-0.039063
654	-0.171875	0.203125
655	-0.210938	0.101563
656	-0.203125	-0.093750
657	-0.359375	-0.335938
658	-0.226563	-0.039063
659	-0.289063	0.132813
660	-0.242188	-0.054688
661	-0.242188	0.156250
662	-0.179688	0.000000
663	-0.164063	0.023438
664	-0.156250	-0.070313
665	-0.226563	0.015625
666	-0.195313	0.226563
667	-0.210938	0.007813
668	-0.109375	-0.015625
669	-0.195313	0.085938
670	-0.203125	-0.023438
671	-0.289063	0.148438
672	-0.242188	-0.273438
673	-0.140625	0.007813
674	-0.203125	0.023438
675	-0.148438	0.000000
676	-0.234375	0.023438
677	-0.125000	-0.101563
678	-0.187500	-0.039063
679	-0.242188	-0.046875
680	-0.312500	0.179688
681	-0.234375	-0.070313
682	-0.171875	0.023438
683	-0.234375	0.000000
684	-0.250000	0.140625
685	-0.226563	0.007813
686	-0.273438	0.140625
687	-0.179688	-0.078125
688	-0.203125	0.070313
689	-0.195313	0.039063
690	-0.218750	0.062500
691	-0.234375	0.015625
692	-0.179688	-0.023438
693	-0.257813	0.179688
694	-0.281250	-0.117188
695	-0.164063	-0.093750
696	-0.218750	0.148438
697	-0.203125	-0.078125
698	-0.218750	-0.164063
699	-0.304688	-0.015625
700	-0.250000	0.015625
701	-0.210938	-0.039063
702	-0.273438	-0.093750
703	-0.179688	-0.109375
704	-0.218750	0.039063
705	-0.218750	0.054688
706	-0.210938	0.039063
707	-0.203125	-0.031250
708	-0.179688	-0.007813
709	-0.156250	-0.023438
710	-0.210938	0.078125
711	-0.242188	-0.125000
712	-0.218750	0.125000
713	-0.234375	-0.171875
714	-0.226563	0.101563
715	-0.265625	-0.289063
716	-0.195313	0.070313
717	-0.203125	-0.062500
718	-0.171875	-0.023438
719	-0.164063	-0.007813
720	-0.195313	0.031250
721	-0.203125	0.195313
722	-0.265625	0.000000
723	-0.203125	-0.054688
724	-0.242188	0.148438
725	-0.195313	0.125000
726	-0.187500	-0.203125
727	-0.179688	0.117188
728	-0.273438	0.085938
729	-0.226563	-0.031250
730	-0.156250	-0.023438
731	-0.156250	0.125000
732	-0.195313	-0.078125
733	-0.312500	0.070313
734	-0.289063	-0.007813
735	-0.203125	0.046875
736	-0.296875	-0.109375
737	-0.257813	0.007813
738	-0.156250	0.101563
739	-0.132813	-0.085938
740	-0.117188	-0.054688
741	-0.281250	-0.343750
742	-0.312500	0.148438
743	-0.226563	0.007813
744	-0.203125	0.046875
745	-0.195313	0.000000
746	-0.164063	-0.101563
747	-0.164063	-0.046875
748	-0.242188	-0.007813
749	-0.304688	0.242188
750	-0.226563	-0.296875
751	-0.132813	0.031250
752	-0.203125	0.023438
753	-0.195313	0.117188
754	-0.210938	0.046875
755	-0.187500	0.140625
756	-0.195313	0.125000
757	-0.281250	-0.179688
758	-0.250000	-0.007813
759	-0.187500	-0.054688
760	-0.304688	0.117188
761	-0.289063	0.023438
762	-0.257813	-0.109375
763	-0.210938	0.046875
764	-0.242188	-0.007813
765	-0.203125	0.171875
766	-0.296875	0.187500
767	-0.203125	-0.078125
768	-0.218750	-0.085938
769	-0.210938	-0.007813
770	-0.210938	-0.210938
771	-0.195313	0.140625
772	-0.226563	0.132813
773	-0.242188	-0.023438
774	-0.148438	0.039063
775	-0.296875	0.062500
776	-0.171875	0.000000
777	-0.203125	-0.046875
778	-0.148438	0.148438
779	-0.203125	-0.023438
780	-0.265625	-0.039063
781	-0.234375	0.156250
782	-0.265625	0.234375
783	-0.218750	0.039063
784	-0.250000	-0.054688
785	-0.234375	0.078125
786	-0.140625	0.179688
787	-0.203125	0.250000
788	-0.273438	0.046875
789	-0.273438	-0.093750
790	-0.257813	-0.140625
791	-0.171875	0.078125
792	-0.226563	-0.101563
793	-0.234375	0.023438
794	-0.210938	0.023438
795	-0.210938	-0.187500
796	-0.195313	-0.054688
797	-0.257813	-0.023438
798	-0.226563	-0.023438
799	-0.273438	-0.257813
800	-0.117188	-0.031250
801	-0.148438	-0.023438
802	-0.210938	-0.031250
803	-0.164063	0.062500
804	-0.187500	0.078125
805	-0.242188	-0.101563
806	-0.179688	-0.101563
807	-0.117188	-0.078125
808	-0.234375	-0.070313
809	-0.203125	0.023438
810	-0.179688	0.117188
811	-0.257813	0.015625
812	-0.203125	0.046875
813	-0.179688	0.023438
814	-0.250000	0.171875
815	-0.273438	-0.015625
816	-0.265625	-0.179688
817	-0.281250	-0.289063
818	-0.132813	0.187500
819	-0.296875	-0.054688
820	-0.226563	0.007813
821	-0.179688	0.101563
822	-0.156250	-0.023438
823	-0.210938	-0.140625
824	-0.296875	0.046875
825	-0.250000	0.109375
826	-0.179688	0.007813
827	-0.078125	0.054688
828	-0.171875	0.007813
829	-0.312500	0.203125
830	-0.210938	0.132813
831	-0.257813	0.101563
832	-0.335938	0.046875
833	-0.164063	-0.031250
834	-0.195313	-0.054688
835	-0.210938	-0.007813
836	-0.164063	-0.117188
837	-0.273438	0.000000
838	-0.156250	-0.015625
839	-0.210938	-0.070313
840	-0.265625	0.085938
841	-0.234375	0.250000
842	-0.226563	-0.023438
843	-0.203125	-0.101563
844	-0.140625	0.093750
845	-0.148438	-0.039063
846	-0.281250	0.078125
847	-0.187500	0.023438
848	-0.156250	-0.156250
849	-0.234375	0.078125
850	-0.179688	-0.164063
851	-0.171875	-0.210938
852	-0.320313	0.015625
853	-0.203125	0.039063
854	-0.171875	-0.164063
855	-0.234375	0.046875
856	-0.335938	0.101563
857	-0.226563	-0.054688
858	-0.226563	-0.007813
859	-0.164063	0.007813
860	-0.171875	-0.031250
861	-0.250000	-0.132813
862	-0.320313	-0.101563
863	-0.226563	-0.156250
864	-0.320313	0.101563
865	-0.273438	-0.218750
866	-0.250000	-0.070313
867	-0.226563	-0.085938
868	-0.281250	-0.093750
869	-0.078125	0.054688
870	-0.210938	0.062500
871	-0.187500	0.093750
872	-0.187500	0.023438
873	-0.257813	0.140625
874	-0.203125	-0.031250
875	-0.101563	0.085938
876	-0.257813	0.164063
877	-0.171875	-0.078125
878	-0.210938	0.023438
879	-0.296875	0.109375
880	-0.218750	0.031250
881	-0.171875	-0.046875
882	-0.179688	-0.054688
883	-0.289063	0.164063
884	-0.187500	-0.015625
885	-0.203125	0.062500
886	-0.140625	0.093750
887	-0.203125	-0.015625
888	-0.265625	0.078125
889	-0.187500	0.046875
890	-0.226563	-0.023438
891	-0.195313	0.015625
892	-0.156250	-0.117188
893	-0.218750	-0.023438
894	-0.250000	-0.140625
895	-0.234375	0.140625
896	-0.257813	0.132813
897	-0.203125	-0.070313
898	-0.257813	-0.023438
899	-0.226563	-0.046875
900	-0.156250	0.015625
901	-0.203125	-0.093750
902	-0.242188	-0.171875
903	-0.187500	-0.015625
904	-0.140625	0.132813
905	-0.148438	-0.015625
906	-0.210938	-0.039063
907	-0.250000	0.015625
908	-0.195313	0.000000
909	-0.250000	0.046875
910	-0.187500	-0.101563
911	-0.234375	0.085938
912	-0.195313	-0.148438
913	-0.148438	0.000000
914	-0.203125	0.109375
915	-0.234375	-0.023438
916	-0.101563	-0.101563
917	-0.226563	-0.125000
918	-0.218750	0.101563
919	-0.218750	-0.109375
920	-0.195313	0.140625
921	-0.234375	0.085938
922	-0.125000	0.039063
923	-0.179688	-0.031250
924	-0.195313	0.132813
925	-0.218750	-0.156250
926	-0.171875	-0.031250
927	-0.218750	0.015625
928	-0.281250	0.085938
929	-0.296875	-0.039063
930	-0.195313	0.125000
931	-0.265625	0.226563
932	-0.242188	-0.039063
933	-0.234375	-0.164063
934	-0.242188	0.062500
935	-0.218750	0.132813
936	-0.195313	0.101563
937	-0.164063	-0.140625
938	-0.257813	-0.210938
939	-0.148438	0.046875
940	-0.187500	0.007813
941	-0.273438	-0.109375
942	-0.289063	-0.085938
943	-0.226563	0.023438
944	-0.250000	0.164063
945	-0.218750	0.218750
946	-0.125000	0.023438
947	-0.218750	0.218750
948	-0.195313	-0.054688
949	-0.125000	-0.101563
950	-0.281250	0.187500
951	-0.242188	-0.031250
952	-0.195313	-0.132813
953	-0.218750	0.031250
954	-0.156250	0.023438
955	-0.210938	-0.195313
956	-0.234375	-0.062500
957	-0.101563	-0.007813
958	-0.210938	-0.156250
959	-0.234375	0.054688
960	-0.171875	-0.156250
961	-0.203125	0.046875
962	-0.273438	-0.054688
963	-0.226563	0.046875
964	-0.187500	0.015625
965	-0.234375	-0.031250
966	-0.210938	0.171875
967	-0.210938	-0.007813
968	-0.195313	0.015625
969	-0.226563	0.226563
970	-0.156250	-0.179688
971	-0.187500	-0.109375
972	-0.125000	-0.109375
973	-0.101563	0.078125
974	-0.234375	-0.148438
975	-0.171875	-0.007813
976	-0.156250	0.101563
977	-0.125000	0.062500
978	-0.250000	0.234375
979	-0.187500	0.023438
980	-0.226563	-0.054688
981	-0.203125	-0.039063
982	-0.234375	0.250000
983	-0.218750	-0.046875
984	-0.179688	0.039063
985	-0.234375	-0.085938
986	-0.226563	-0.070313
987	-0.234375	-0.132813
988	-0.312500	-0.070313
989	-0.171875	-0.195313
990	-0.132813	-0.062500
991	-0.273438	0.234375
992	-0.179688	0.140625
993	-0.250000	-0.109375
994	-0.195313	-0.070313
995	-0.195313	0.031250
996	-0.210938	-0.085938
997	-0.195313	0.101563
998	-0.203125	0.039063
999	-0.242188	0.171875
