0	-1.000000	-1.000000
1	-1.000000	-1.000000
2	-0.996094	-0.998047
3	-1.000000	-1.000000
4	-1.000000	-1.000000
5	-1.000000	-1.000000
6	-1.000000	-1.000000
7	-1.000000	-1.000000
8	-1.000000	-1.000000
9	-1.000000	-1.000000
10	-0.996094	-0.998047
11	-1.000000	-1.000000
12	-1.000000	-1.000000
13	-1.000000	-1.000000
14	-0.996094	-0.998047
15	-1.000000	-1.000000
16	-0.996094	-0.998047
17	-1.000000	-1.000000
18	-1.000000	-1.000000
19	-1.000000	-1.000000
20	-1.000000	-1.000000
21	-1.000000	-1.000000
22	-0.996094	-0.998047
23	-1.000000	-1.000000
24	-0.996094	-0.998047
25	-1.000000	-1.000000
26	-0.996094	-0.998047
27	-1.000000	-1.000000
28	-1.000000	-1.000000
29	-1.000000	-1.000000
30	-1.000000	-1.000000
31	-1.000000	-1.000000
32	-0.996094	-0.998047
33	-0.996094	-0.998047
34	-0.996094	-0.998047
35	-0.996094	-0.998047
36	-0.996094	-0.998047
37	-0.996094	-0.998047
38	-0.992188	-0.996094
39	-1.000000	-1.000000
40	-0.996094	-0.998047
41	-1.000000	-1.000000
42	-1.000000	-1.000000
43	-1.000000	-1.000000
44	-1.000000	-1.000000
45	-0.992188	-0.996094
46	-1.000000	-1.000000
47	-0.996094	-0.998047
48	-1.000000	-1.000000
49	-0.996094	-0.998047
50	-1.000000	-1.000000
51	-1.000000	-1.000000
52	-1.000000	-1.000000
53	-1.000000	-1.000000
54	-1.000000	-1.000000
55	-0.996094	-0.998047
56	-1.000000	-1.000000
57	-0.992188	-0.996094
58	-1.000000	-1.000000
59	-0.992188	-0.996094
60	-1.000000	-1.000000
61	-0.996094	-0.998047
62	-0.996094	-0.998047
63	-0.996094	-0.998047
64	-1.000000	-1.000000
65	-0.992188	-0.996094
66	-0.996094	-0.998047
67	-1.000000	-1.000000
68	-1.000000	-1.000000
69	-0.992188	-0.996094
70	-1.000000	-1.000000
71	-1.000000	-1.000000
72	-0.996094	-0.998047
73	-1.000000	-1.000000
74	-1.000000	-1.000000
75	-1.000000	-1.000000
76	-0.996094	-0.998047
77	-0.996094	-0.998047
78	-1.000000	-1.000000
79	-1.000000	-1.000000
80	-1.000000	-1.000000
81	-0.992188	-0.996094
82	-1.000000	-1.000000
83	-1.000000	-1.000000
84	-1.000000	-1.000000
85	-0.996094	-0.998047
86	-1.000000	-1.000000
87	-1.000000	-1.000000
88	-1.000000	-1.000000
89	-1.000000	-1.000000
90	-1.000000	-1.000000
91	-1.000000	-1.000000
92	-1.000000	-1.000000
93	-0.996094	-0.998047
94	-0.996094	-0.998047
95	-0.996094	-0.998047
96	-0.992188	-0.996094
97	-1.000000	-1.000000
98	-1.000000	-1.000000
99	-0.996094	-0.998047
100	-0.994141	-0.996094
101	-1.000000	-1.000000
102	-1.000000	-1.000000
103	-0.990234	-0.994141
104	-1.000000	-1.000000
105	-1.000000	-1.000000
106	-1.000000	-1.000000
107	-1.000000	-1.000000
108	-1.000000	-1.000000
109	-1.000000	-1.000000
110	-1.000000	-1.000000
111	-0.996094	-0.998047
112	-1.000000	-1.000000
113	-1.000000	-1.000000
114	-0.996094	-0.998047
115	-0.996094	-0.998047
116	-1.000000	-1.000000
117	-1.000000	-1.000000
118	-0.996094	-0.998047
119	-1.000000	-1.000000
120	-1.000000	-1.000000
121	-0.996094	-0.998047
122	-0.990234	-0.994141
123	-1.000000	-1.000000
124	-0.994141	-0.996094
125	-1.000000	-1.000000
126	-1.000000	-1.000000
127	-0.996094	-0.998047
128	-1.000000	-1.000000
129	-0.988281	-0.994141
130	-1.000000	-1.000000
131	-1.000000	-1.000000
132	-1.000000	-1.000000
133	-0.996094	-0.998047
134	-1.000000	-1.000000
135	-0.996094	-0.998047
136	-1.000000	-1.000000
137	-1.000000	-1.000000
138	-1.000000	-1.000000
139	-0.996094	-0.998047
140	-1.000000	-1.000000
141	-1.000000	-1.000000
142	-1.000000	-1.000000
143	-1.000000	-1.000000
144	-0.996094	-0.998047
145	-0.996094	-0.998047
146	-1.000000	-1.000000
147	-0.992188	-0.996094
148	-1.000000	-1.000000
149	-1.000000	-1.000000
150	-0.996094	-0.998047
151	-1.000000	-1.000000
152	-0.996094	-0.998047
153	-0.996094	-0.998047
154	-1.000000	-1.000000
155	-1.000000	-1.000000
156	-1.000000	-1.000000
157	-1.000000	-1.000000
158	-1.000000	-1.000000
159	-0.996094	-0.998047
160	-0.996094	-0.998047
161	-1.000000	-1.000000
162	-0.996094	-0.998047
163	-0.996094	-0.998047
164	-0.996094	-0.998047
165	-0.996094	-0.998047
166	-1.000000	-1.000000
167	-1.000000	-1.000000
168	-0.992188	-0.996094
169	-1.000000	-1.000000
170	-0.992188	-0.996094
171	-1.000000	-1.000000
172	-1.000000	-1.000000
173	-1.000000	-1.000000
174	-0.992188	-0.996094
175	-0.996094	-0.998047
176	-1.000000	-1.000000
177	-1.000000	-1.000000
178	-0.990234	-0.994141
179	-1.000000	-1.000000
180	-0.996094	-0.998047
181	-1.000000	-1.000000
182	-0.992188	-0.996094
183	-1.000000	-1.000000
184	-1.000000	-1.000000
185	-1.000000	-1.000000
186	-1.000000	-1.000000
187	-0.996094	-0.998047
188	-0.996094	-0.998047
189	-1.000000	-1.000000
190	-1.000000	-1.000000
191	-1.000000	-1.000000
192	-1.000000	-1.000000
193	-0.996094	-0.998047
194	-0.996094	-0.998047
195	-1.000000	-1.000000
196	-0.996094	-0.998047
197	-0.996094	-0.998047
198	-1.000000	-1.000000
199	-1.000000	-1.000000
200	-1.000000	-1.000000
201	-1.000000	-1.000000
202	-0.996094	-0.998047
203	-1.000000	-1.000000
204	-1.000000	-1.000000
205	-0.996094	-0.998047
206	-1.000000	-1.000000
207	-1.000000	-1.000000
208	-1.000000	-1.000000
209	-1.000000	-1.000000
210	-1.000000	-1.000000
211	-0.996094	-0.998047
212	-1.000000	-1.000000
213	-1.000000	-1.000000
214	-0.996094	-0.998047
215	-1.000000	-1.000000
216	-1.000000	-1.000000
217	-1.000000	-1.000000
218	-1.000000	-1.000000
219	-1.000000	-1.000000
220	-0.996094	-0.998047
221	-1.000000	-1.000000
222	-1.000000	-1.000000
223	-1.000000	-1.000000
224	-0.996094	-0.998047
225	-1.000000	-1.000000
226	-0.996094	-0.998047
227	-1.000000	-1.000000
228	-1.000000	-1.000000
229	-1.000000	-1.000000
230	-1.000000	-1.000000
231	-0.996094	-0.998047
232	-1.000000	-1.000000
233	-1.000000	-1.000000
234	-1.000000	-1.000000
235	-1.000000	-1.000000
236	-1.000000	-1.000000
237	-1.000000	-1.000000
238	-1.000000	-1.000000
239	-1.000000	-1.000000
240	-1.000000	-1.000000
241	-1.000000	-1.000000
242	-1.000000	-1.000000
243	-0.996094	-0.998047
244	-1.000000	-1.000000
245	-1.000000	-1.000000
246	-0.996094	-0.998047
247	-0.992188	-0.996094
248	-0.992188	-0.996094
249	-0.996094	-0.998047
250	-0.996094	-0.998047
251	-1.000000	-1.000000
252	-1.000000	-1.000000
253	-1.000000	-1.000000
254	-1.000000	-1.000000
255	-1.000000	-1.000000
256	-0.996094	-0.998047
257	-1.000000	-1.000000
258	-0.996094	-0.998047
259	-0.996094	-0.998047
260	-1.000000	-1.000000
261	-0.992188	-0.996094
262	-1.000000	-1.000000
263	-1.000000	-1.000000
264	-1.000000	-1.000000
265	-1.000000	-1.000000
266	-1.000000	-1.000000
267	-1.000000	-1.000000
268	-0.996094	-0.998047
269	-1.000000	-1.000000
270	-1.000000	-1.000000
271	-0.996094	-0.998047
272	-1.000000	-1.000000
273	-1.000000	-1.000000
274	-1.000000	-1.000000
275	-0.996094	-0.998047
276	-1.000000	-1.000000
277	-1.000000	-1.000000
278	-0.992188	-0.996094
279	-0.996094	-0.998047
280	-0.990234	-0.994141
281	-0.996094	-0.998047
282	-0.992188	-0.996094
283	-0.996094	-0.998047
284	-1.000000	-1.000000
285	-0.996094	-0.998047
286	-0.996094	-0.998047
287	-1.000000	-1.000000
288	-1.000000	-1.000000
289	-0.996094	-0.998047
290	-1.000000	-1.000000
291	-1.000000	-1.000000
292	-1.000000	-1.000000
293	-1.000000	-1.000000
294	-0.996094	-0.998047
295	-1.000000	-1.000000
296	-0.996094	-0.998047
297	-1.000000	-1.000000
298	-1.000000	-1.000000
299	-1.000000	-1.000000
300	-1.000000	-1.000000
301	-0.996094	-0.998047
302	-1.000000	-1.000000
303	-1.000000	-1.000000
304	-1.000000	-1.000000
305	-1.000000	-1.000000
306	-1.000000	-1.000000
307	-0.996094	-0.998047
308	-0.994141	-0.996094
309	-1.000000	-1.000000
310	-1.000000	-1.000000
311	-0.996094	-0.998047
312	-1.000000	-1.000000
313	-1.000000	-1.000000
314	-0.996094	-0.998047
315	-1.000000	-1.000000
316	-0.996094	-0.998047
317	-1.000000	-1.000000
318	-1.000000	-1.000000
319	-1.000000	-1.000000
320	-1.000000	-1.000000
321	-1.000000	-1.000000
322	-1.000000	-1.000000
323	-1.000000	-1.000000
324	-1.000000	-1.000000
325	-0.996094	-0.998047
326	-1.000000	-1.000000
327	-0.994141	-0.996094
328	-1.000000	-1.000000
329	-1.000000	-1.000000
330	-0.996094	-0.998047
331	-1.000000	-1.000000
332	-1.000000	-1.000000
333	-0.996094	-0.998047
334	-1.000000	-1.000000
335	-1.000000	-1.000000
336	-1.000000	-1.000000
337	-0.992188	-0.996094
338	-0.996094	-0.998047
339	-0.996094	-0.998047
340	-0.996094	-0.998047
341	-1.000000	-1.000000
342	-1.000000	-1.000000
343	-1.000000	-1.000000
344	-1.000000	-1.000000
345	-1.000000	-1.000000
346	-1.000000	-1.000000
347	-1.000000	-1.000000
348	-0.992188	-0.996094
349	-1.000000	-1.000000
350	-1.000000	-1.000000
351	-0.992188	-0.996094
352	-1.000000	-1.000000
353	-1.000000	-1.000000
354	-0.996094	-0.998047
355	-1.000000	-1.000000
356	-0.996094	-0.998047
357	-1.000000	-1.000000
358	-1.000000	-1.000000
359	-0.996094	-0.998047
360	-1.000000	-1.000000
361	-0.996094	-0.998047
362	-1.000000	-1.000000
363	-0.992188	-0.996094
364	-0.996094	-0.998047
365	-1.000000	-1.000000
366	-0.996094	-0.998047
367	-0.996094	-0.998047
368	-0.992188	-0.996094
369	-0.996094	-0.998047
370	-1.000000	-1.000000
371	-0.996094	-0.998047
372	-1.000000	-1.000000
373	-1.000000	-1.000000
374	-1.000000	-1.000000
375	-0.992188	-0.992188
376	-1.000000	-1.000000
377	-1.000000	-1.000000
378	-0.996094	-0.998047
379	-1.000000	-1.000000
380	-0.996094	-0.998047
381	-1.000000	-1.000000
382	-1.000000	-1.000000
383	-1.000000	-1.000000
384	-1.000000	-1.000000
385	-1.000000	-1.000000
386	-1.000000	-1.000000
387	-0.992188	-0.996094
388	-0.996094	-0.998047
389	-0.996094	-0.998047
390	-1.000000	-1.000000
391	-0.996094	-0.998047
392	-1.000000	-1.000000
393	-1.000000	-1.000000
394	-1.000000	-1.000000
395	-0.992188	-0.996094
396	-0.996094	-0.998047
397	-1.000000	-1.000000
398	-1.000000	-1.000000
399	-0.996094	-0.998047
400	-1.000000	-1.000000
401	-1.000000	-1.000000
402	-1.000000	-1.000000
403	-1.000000	-1.000000
404	-0.992188	-0.996094
405	-0.990234	-0.994141
406	-1.000000	-1.000000
407	-1.000000	-1.000000
408	-1.000000	-1.000000
409	-1.000000	-1.000000
410	-1.000000	-1.000000
411	-1.000000	-1.000000
412	-1.000000	-1.000000
413	-0.996094	-0.998047
414	-0.996094	-0.998047
415	-1.000000	-1.000000
416	-1.000000	-1.000000
417	-0.996094	-0.998047
418	-1.000000	-1.000000
419	-0.992188	-0.996094
420	-1.000000	-1.000000
421	-0.996094	-0.998047
422	-1.000000	-1.000000
423	-1.000000	-1.000000
424	-1.000000	-1.000000
425	-1.000000	-1.000000
426	-1.000000	-1.000000
427	-1.000000	-1.000000
428	-0.996094	-0.998047
429	-1.000000	-1.000000
430	-1.000000	-1.000000
431	-1.000000	-1.000000
432	-1.000000	-1.000000
433	-1.000000	-1.000000
434	-0.994141	-0.996094
435	-1.000000	-1.000000
436	-1.000000	-1.000000
437	-1.000000	-1.000000
438	-1.000000	-1.000000
439	-1.000000	-1.000000
440	-0.996094	-0.998047
441	-1.000000	-1.000000
442	-0.996094	-0.998047
443	-1.000000	-1.000000
444	-1.000000	-1.000000
445	-0.996094	-0.998047
446	-1.000000	-1.000000
447	-0.996094	-0.998047
448	-0.996094	-0.998047
449	-1.000000	-1.000000
450	-0.996094	-0.998047
451	-0.996094	-0.998047
452	-1.000000	-1.000000
453	-1.000000	-1.000000
454	-0.990234	-0.994141
455	-1.000000	-1.000000
456	-1.000000	-1.000000
457	-1.000000	-1.000000
458	-1.000000	-1.000000
459	-1.000000	-1.000000
460	-1.000000	-1.000000
461	-1.000000	-1.000000
462	-1.000000	-1.000000
463	-1.000000	-1.000000
464	-0.996094	-0.998047
465	-1.000000	-1.000000
466	-1.000000	-1.000000
467	-1.000000	-1.000000
468	-1.000000	-1.000000
469	-1.000000	-1.000000
470	-1.000000	-1.000000
471	-0.996094	-0.998047
472	-1.000000	-1.000000
473	-1.000000	-1.000000
474	-0.996094	-0.998047
475	-1.000000	-1.000000
476	-1.000000	-1.000000
477	-1.000000	-1.000000
478	-0.996094	-0.998047
479	-0.996094	-0.998047
480	-1.000000	-1.000000
481	-1.000000	-1.000000
482	-1.000000	-1.000000
483	-0.992188	-0.996094
484	-1.000000	-1.000000
485	-1.000000	-1.000000
486	-1.000000	-1.000000
487	-0.996094	-0.998047
488	-1.000000	-1.000000
489	-1.000000	-1.000000
490	-1.000000	-1.000000
491	-1.000000	-1.000000
492	-0.996094	-0.998047
493	-1.000000	-1.000000
494	-1.000000	-1.000000
495	-1.000000	-1.000000
496	-0.996094	-0.998047
497	-0.996094	-0.998047
498	-1.000000	-1.000000
499	-0.992188	-0.994141
500	-0.996094	-0.998047
501	-0.996094	-0.998047
502	-1.000000	-1.000000
503	-1.000000	-1.000000
504	-1.000000	-1.000000
505	-1.000000	-1.000000
506	-0.996094	-0.998047
507	-0.992188	-0.996094
508	-1.000000	-1.000000
509	-0.996094	-0.998047
510	-1.000000	-1.000000
511	-0.996094	-0.998047
512	-1.000000	-1.000000
513	-1.000000	-1.000000
514	-1.000000	-1.000000
515	-1.000000	-1.000000
516	-1.000000	-1.000000
517	-0.992188	-0.996094
518	-1.000000	-1.000000
519	-1.000000	-1.000000
520	-1.000000	-1.000000
521	-1.000000	-1.000000
522	-1.000000	-1.000000
523	-1.000000	-1.000000
524	-1.000000	-1.000000
525	-1.000000	-1.000000
526	-1.000000	-1.000000
527	-1.000000	-1.000000
528	-0.996094	-0.998047
529	-0.996094	-0.998047
530	-1.000000	-1.000000
531	-1.000000	-1.000000
532	-0.990234	-0.994141
533	-1.000000	-1.000000
534	-1.000000	-1.000000
535	-1.000000	-1.000000
536	-1.000000	-1.000000
537	-1.000000	-1.000000
538	-1.000000	-1.000000
539	-1.000000	-1.000000
540	-1.000000	-1.000000
541	-1.000000	-1.000000
542	-0.994141	-0.996094
543	-1.000000	-1.000000
544	-1.000000	-1.000000
545	-1.000000	-1.000000
546	-0.996094	-0.998047
547	-1.000000	-1.000000
548	-1.000000	-1.000000
549	-1.000000	-1.000000
550	-1.000000	-1.000000
551	-1.000000	-1.000000
552	-1.000000	-1.000000
553	-0.996094	-0.998047
554	-1.000000	-1.000000
555	-1.000000	-1.000000
556	-1.000000	-1.000000
557	-1.000000	-1.000000
558	-1.000000	-1.000000
559	-1.000000	-1.000000
560	-0.992188	-0.996094
561	-0.996094	-0.998047
562	-0.996094	-0.998047
563	-1.000000	-1.000000
564	-0.996094	-0.998047
565	-1.000000	-1.000000
566	-1.000000	-1.000000
567	-0.996094	-0.998047
568	-0.996094	-0.998047
569	-0.996094	-0.998047
570	-1.000000	-1.000000
571	-0.996094	-0.998047
572	-1.000000	-1.000000
573	-1.000000	-1.000000
574	-1.000000	-1.000000
575	-1.000000	-1.000000
576	-1.000000	-1.000000
577	-0.988281	-0.994141
578	-1.000000	-1.000000
579	-1.000000	-1.000000
580	-1.000000	-1.000000
581	-1.000000	-1.000000
582	-0.996094	-0.998047
583	-1.000000	-1.000000
584	-1.000000	-1.000000
585	-1.000000	-1.000000
586	-1.000000	-1.000000
587	-1.000000	-1.000000
588	-0.996094	-0.998047
589	-0.996094	-0.998047
590	-1.000000	-1.000000
591	-0.996094	-0.998047
592	-1.000000	-1.000000
593	-1.000000	-1.000000
594	-1.000000	-1.000000
595	-0.992188	-0.996094
596	-1.000000	-1.000000
597	-1.000000	-1.000000
598	-0.994141	-0.996094
599	-1.000000	-1.000000
600	-1.000000	-1.000000
601	-1.000000	-1.000000
602	-1.000000	-1.000000
603	-1.000000	-1.000000
604	-1.000000	-1.000000
605	-1.000000	-1.000000
606	-0.996094	-0.998047
607	-1.000000	-1.000000
608	-0.996094	-0.998047
609	-0.996094	-0.998047
610	-1.000000	-1.000000
611	-1.000000	-1.000000
612	-0.996094	-0.998047
613	-1.000000	-1.000000
614	-1.000000	-1.000000
615	-1.000000	-1.000000
616	-0.996094	-0.998047
617	-1.000000	-1.000000
618	-1.000000	-1.000000
619	-1.000000	-1.000000
620	-1.000000	-1.000000
621	-1.000000	-1.000000
622	-1.000000	-1.000000
623	-1.000000	-1.000000
624	-1.000000	-1.000000
625	-0.996094	-0.998047
626	-1.000000	-1.000000
627	-0.994141	-0.996094
628	-1.000000	-1.000000
629	-1.000000	-1.000000
630	-1.000000	-1.000000
631	-1.000000	-1.000000
632	-1.000000	-1.000000
633	-1.000000	-1.000000
634	-0.996094	-0.998047
635	-1.000000	-1.000000
636	-1.000000	-1.000000
637	-1.000000	-1.000000
638	-0.994141	-0.996094
639	-1.000000	-1.000000
640	-1.000000	-1.000000
641	-0.996094	-0.998047
642	-0.992188	-0.996094
643	-1.000000	-1.000000
644	-0.996094	-0.998047
645	-1.000000	-1.000000
646	-1.000000	-1.000000
647	-1.000000	-1.000000
648	-0.996094	-0.998047
649	-0.996094	-0.998047
650	-1.000000	-1.000000
651	-1.000000	-1.000000
652	-1.000000	-1.000000
653	-0.996094	-0.998047
654	-1.000000	-1.000000
655	-0.996094	-0.998047
656	-0.992188	-0.996094
657	-1.000000	-1.000000
658	-1.000000	-1.000000
659	-1.000000	-1.000000
660	-0.996094	-0.998047
661	-1.000000	-1.000000
662	-1.000000	-1.000000
663	-1.000000	-1.000000
664	-1.000000	-1.000000
665	-1.000000	-1.000000
666	-1.000000	-1.000000
667	-1.000000	-1.000000
668	-1.000000	-1.000000
669	-0.996094	-0.998047
670	-1.000000	-1.000000
671	-0.996094	-0.998047
672	-1.000000	-1.000000
673	-1.000000	-1.000000
674	-1.000000	-1.000000
675	-1.000000	-1.000000
676	-0.996094	-0.998047
677	-1.000000	-1.000000
678	-1.000000	-1.000000
679	-1.000000	-1.000000
680	-1.000000	-1.000000
681	-1.000000	-1.000000
682	-1.000000	-1.000000
683	-1.000000	-1.000000
684	-0.996094	-0.998047
685	-0.996094	-0.998047
686	-1.000000	-1.000000
687	-0.996094	-0.998047
688	-1.000000	-1.000000
689	-1.000000	-1.000000
690	-1.000000	-1.000000
691	-0.992188	-0.996094
692	-0.996094	-0.998047
693	-0.996094	-0.998047
694	-0.996094	-0.998047
695	-1.000000	-1.000000
696	-1.000000	-1.000000
697	-0.996094	-0.998047
698	-1.000000	-1.000000
699	-0.996094	-0.998047
700	-0.996094	-0.998047
701	-0.996094	-0.998047
702	-1.000000	-1.000000
703	-1.000000	-1.000000
704	-1.000000	-1.000000
705	-0.996094	-0.998047
706	-0.996094	-0.998047
707	-1.000000	-1.000000
708	-1.000000	-1.000000
709	-1.000000	-1.000000
710	-0.996094	-0.998047
711	-0.996094	-0.998047
712	-1.000000	-1.000000
713	-1.000000	-1.000000
714	-1.000000	-1.000000
715	-1.000000	-1.000000
716	-1.000000	-1.000000
717	-0.996094	-0.998047
718	-1.000000	-1.000000
719	-1.000000	-1.000000
720	-0.996094	-0.998047
721	-0.996094	-0.998047
722	-1.000000	-1.000000
723	-1.000000	-1.000000
724	-1.000000	-1.000000
725	-0.996094	-0.998047
726	-1.000000	-1.000000
727	-0.996094	-0.998047
728	-1.000000	-1.000000
729	-1.000000	-1.000000
730	-1.000000	-1.000000
731	-1.000000	-1.000000
732	-0.996094	-0.998047
733	-1.000000	-1.000000
734	-0.996094	-0.998047
735	-0.996094	-0.998047
736	-1.000000	-1.000000
737	-1.000000	-1.000000
738	-1.000000	-1.000000
739	-1.000000	-1.000000
740	-0.996094	-0.998047
741	-1.000000	-1.000000
742	-0.996094	-0.998047
743	-1.000000	-1.000000
744	-0.996094	-0.998047
745	-1.000000	-1.000000
746	-1.000000	-1.000000
747	-0.996094	-0.998047
748	-1.000000	-1.000000
749	-0.996094	-0.998047
750	-0.992188	-0.996094
751	-0.996094	-0.998047
752	-1.000000	-1.000000
753	-1.000000	-1.000000
754	-0.994141	-0.996094
755	-1.000000	-1.000000
756	-1.000000	-1.000000
757	-1.000000	-1.000000
758	-1.000000	-1.000000
759	-1.000000	-1.000000
760	-0.996094	-0.998047
761	-1.000000	-1.000000
762	-0.992188	-0.996094
763	-1.000000	-1.000000
764	-1.000000	-1.000000
765	-1.000000	-1.000000
766	-0.996094	-0.998047
767	-1.000000	-1.000000
768	-0.996094	-0.998047
769	-1.000000	-1.000000
770	-1.000000	-1.000000
771	-1.000000	-1.000000
772	-1.000000	-1.000000
773	-1.000000	-1.000000
774	-1.000000	-1.000000
775	-1.000000	-1.000000
776	-1.000000	-1.000000
777	-1.000000	-1.000000
778	-1.000000	-1.000000
779	-1.000000	-1.000000
780	-1.000000	-1.000000
781	-1.000000	-1.000000
782	-0.992188	-0.996094
783	-1.000000	-1.000000
784	-1.000000	-1.000000
785	-1.000000	-1.000000
786	-1.000000	-1.000000
787	-1.000000	-1.000000
788	-0.992188	-0.996094
789	-1.000000	-1.000000
790	-0.996094	-0.998047
791	-0.996094	-0.998047
792	-1.000000	-1.000000
793	-1.000000	-1.000000
794	-1.000000	-1.000000
795	-1.000000	-1.000000
796	-1.000000	-1.000000
797	-1.000000	-1.000000
798	-0.992188	-0.996094
799	-1.000000	-1.000000
800	-1.000000	-1.000000
801	-1.000000	-1.000000
802	-1.000000	-1.000000
803	-0.992188	-0.996094
804	-1.000000	-1.000000
805	-0.988281	-0.994141
806	-0.994141	-0.996094
807	-1.000000	-1.000000
808	-0.996094	-0.998047
809	-0.992188	-0.996094
810	-1.000000	-1.000000
811	-1.000000	-1.000000
812	-1.000000	-1.000000
813	-1.000000	-1.000000
814	-1.000000	-1.000000
815	-1.000000	-1.000000
816	-1.000000	-1.000000
817	-0.996094	-0.998047
818	-1.000000	-1.000000
819	-1.000000	-1.000000
820	-1.000000	-1.000000
821	-1.000000	-1.000000
822	-1.000000	-1.000000
823	-1.000000	-1.000000
824	-1.000000	-1.000000
825	-1.000000	-1.000000
826	-1.000000	-1.000000
827	-0.996094	-0.998047
828	-1.000000	-1.000000
829	-0.996094	-0.998047
830	-0.992188	-0.996094
831	-1.000000	-1.000000
832	-1.000000	-1.000000
833	-1.000000	-1.000000
834	-0.996094	-0.998047
835	-1.000000	-1.000000
836	-1.000000	-1.000000
837	-0.996094	-0.998047
838	-1.000000	-1.000000
839	-1.000000	-1.000000
840	-1.000000	-1.000000
841	-0.996094	-0.998047
842	-1.000000	-1.000000
843	-1.000000	-1.000000
844	-1.000000	-1.000000
845	-1.000000	-1.000000
846	-1.000000	-1.000000
847	-0.996094	-0.998047
848	-1.000000	-1.000000
849	-1.000000	-1.000000
850	-0.996094	-0.998047
851	-0.996094	-0.998047
852	-1.000000	-1.000000
853	-1.000000	-1.000000
854	-1.000000	-1.000000
855	-0.996094	-0.998047
856	-1.000000	-1.000000
857	-0.996094	-0.998047
858	-0.996094	-0.998047
859	-0.992188	-0.996094
860	-1.000000	-1.000000
861	-0.996094	-0.998047
862	-1.000000	-1.000000
863	-1.000000	-1.000000
864	-1.000000	-1.000000
865	-1.000000	-1.000000
866	-1.000000	-1.000000
867	-1.000000	-1.000000
868	-1.000000	-1.000000
869	-1.000000	-1.000000
870	-0.996094	-0.998047
871	-0.996094	-0.998047
872	-1.000000	-1.000000
873	-1.000000	-1.000000
874	-1.000000	-1.000000
875	-0.996094	-0.998047
876	-1.000000	-1.000000
877	-0.992188	-0.996094
878	-0.996094	-0.998047
879	-1.000000	-1.000000
880	-1.000000	-1.000000
881	-0.992188	-0.996094
882	-1.000000	-1.000000
883	-1.000000	-1.000000
884	-1.000000	-1.000000
885	-1.000000	-1.000000
886	-1.000000	-1.000000
887	-0.996094	-0.998047
888	-0.996094	-0.998047
889	-0.996094	-0.998047
890	-1.000000	-1.000000
891	-1.000000	-1.000000
892	-0.996094	-0.998047
893	-0.996094	-0.998047
894	-1.000000	-1.000000
895	-0.996094	-0.998047
896	-1.000000	-1.000000
897	-0.996094	-0.998047
898	-1.000000	-1.000000
899	-1.000000	-1.000000
900	-1.000000	-1.000000
901	-1.000000	-1.000000
902	-0.994141	-0.996094
903	-1.000000	-1.000000
904	-1.000000	-1.000000
905	-0.996094	-0.998047
906	-0.996094	-0.998047
907	-0.996094	-0.998047
908	-1.000000	-1.000000
909	-0.996094	-0.998047
910	-0.996094	-0.998047
911	-1.000000	-1.000000
912	-1.000000	-1.000000
913	-1.000000	-1.000000
914	-0.990234	-0.994141
915	-0.996094	-0.998047
916	-1.000000	-1.000000
917	-1.000000	-1.000000
918	-1.000000	-1.000000
919	-1.000000	-1.000000
920	-0.988281	-0.994141
921	-0.996094	-0.998047
922	-1.000000	-1.000000
923	-0.996094	-0.998047
924	-1.000000	-1.000000
925	-0.992188	-0.996094
926	-0.996094	-0.998047
927	-0.992188	-0.996094
928	-1.000000	-1.000000
929	-0.996094	-0.998047
930	-0.992188	-0.996094
931	-1.000000	-1.000000
932	-1.000000	-1.000000
933	-1.000000	-1.000000
934	-0.996094	-0.998047
935	-1.000000	-1.000000
936	-0.996094	-0.998047
937	-1.000000	-1.000000
938	-1.000000	-1.000000
939	-1.000000	-1.000000
940	-0.996094	-0.998047
941	-1.000000	-1.000000
942	-1.000000	-1.000000
943	-1.000000	-1.000000
944	-1.000000	-1.000000
945	-1.000000	-1.000000
946	-1.000000	-1.000000
947	-1.000000	-1.000000
948	-1.000000	-1.000000
949	-1.000000	-1.000000
950	-1.000000	-1.000000
951	-1.000000	-1.000000
952	-1.000000	-1.000000
953	-0.996094	-0.998047
954	-0.996094	-0.998047
955	-0.994141	-0.996094
956	-0.992188	-0.996094
957	-0.994141	-0.996094
958	-1.000000	-1.000000
959	-0.996094	-0.998047
960	-1.000000	-1.000000
961	-1.000000	-1.000000
962	-1.000000	-1.000000
963	-1.000000	-1.000000
964	-1.000000	-1.000000
965	-1.000000	-1.000000
966	-1.000000	-1.000000
967	-1.000000	-1.000000
968	-1.000000	-1.000000
969	-1.000000	-1.000000
970	-1.000000	-1.000000
971	-0.996094	-0.998047
972	-0.996094	-0.998047
973	-1.000000	-1.000000
974	-1.000000	-1.000000
975	-0.996094	-0.998047
976	-1.000000	-1.000000
977	-1.000000	-1.000000
978	-1.000000	-1.000000
979	-1.000000	-1.000000
980	-1.000000	-1.000000
981	-0.988281	-0.994141
982	-1.000000	-1.000000
983	-1.000000	-1.000000
984	-0.996094	-0.998047
985	-1.000000	-1.000000
986	-0.996094	-0.998047
987	-1.000000	-1.000000
988	-1.000000	-1.000000
989	-1.000000	-1.000000
990	-0.996094	-0.998047
991	-1.000000	-1.000000
992	-1.000000	-1.000000
993	-1.000000	-1.000000
994	-1.000000	-1.000000
995	-1.000000	-1.000000
996	-0.996094	-0.998047
997	-0.996094	-0.998047
998	-1.000000	-1.000000
999	-1.000000	-1.000000
