0	-0.917969	-0.951172
1	-0.896484	-0.912109
2	-0.861328	-0.914063
3	-0.931641	-0.958984
4	-0.921875	-0.953125
5	-0.875000	-0.908203
6	-0.896484	-0.923828
7	-0.880859	-0.923828
8	-0.927734	-0.939453
9	-0.917969	-0.951172
10	-0.884766	-0.927734
11	-0.873047	-0.929688
12	-0.875000	-0.921875
13	-0.855469	-0.853516
14	-0.888672	-0.925781
15	-0.882813	-0.914063
16	-0.886719	-0.933594
17	-0.896484	-0.933594
18	-0.878906	-0.919922
19	-0.869141	-0.914063
20	-0.886719	-0.933594
21	-0.888672	-0.925781
22	-0.916016	-0.947266
23	-0.876953	-0.931641
24	-0.876953	-0.917969
25	-0.869141	-0.921875
26	-0.888672	-0.908203
27	-0.818359	-0.867188
28	-0.900391	-0.941406
29	-0.884766	-0.927734
30	-0.882813	-0.900391
31	-0.886719	-0.919922
32	-0.898438	-0.941406
33	-0.912109	-0.935547
34	-0.900391	-0.943359
35	-0.906250	-0.947266
36	-0.861328	-0.904297
37	-0.919922	-0.943359
38	-0.914063	-0.947266
39	-0.906250	-0.947266
40	-0.888672	-0.921875
41	-0.859375	-0.896484
42	-0.869141	-0.912109
43	-0.884766	-0.910156
44	-0.863281	-0.898438
45	-0.910156	-0.943359
46	-0.888672	-0.933594
47	-0.865234	-0.902344
48	-0.898438	-0.929688
49	-0.880859	-0.902344
50	-0.923828	-0.947266
51	-0.861328	-0.902344
52	-0.916016	-0.951172
53	-0.871094	-0.919922
54	-0.869141	-0.906250
55	-0.876953	-0.914063
56	-0.888672	-0.927734
57	-0.869141	-0.923828
58	-0.921875	-0.957031
59	-0.878906	-0.910156
60	-0.908203	-0.943359
61	-0.880859	-0.921875
62	-0.904297	-0.939453
63	-0.875000	-0.919922
64	-0.906250	-0.937500
65	-0.847656	-0.896484
66	-0.951172	-0.972656
67	-0.951172	-0.970703
68	-0.906250	-0.939453
69	-0.894531	-0.931641
70	-0.865234	-0.890625
71	-0.849609	-0.880859
72	-0.878906	-0.921875
73	-0.869141	-0.914063
74	-0.890625	-0.929688
75	-0.904297	-0.947266
76	-0.894531	-0.937500
77	-0.873047	-0.927734
78	-0.884766	-0.931641
79	-0.884766	-0.921875
80	-0.900391	-0.927734
81	-0.890625	-0.923828
82	-0.871094	-0.908203
83	-0.863281	-0.914063
84	-0.876953	-0.929688
85	-0.917969	-0.937500
86	-0.908203	-0.941406
87	-0.914063	-0.943359
88	-0.921875	-0.957031
89	-0.867188	-0.912109
90	-0.908203	-0.947266
91	-0.871094	-0.898438
92	-0.878906	-0.914063
93	-0.869141	-0.904297
94	-0.908203	-0.951172
95	-0.888672	-0.927734
96	-0.880859	-0.927734
97	-0.916016	-0.951172
98	-0.855469	-0.896484
99	-0.902344	-0.937500
100	-0.916016	-0.951172
101	-0.886719	-0.927734
102	-0.867188	-0.904297
103	-0.892578	-0.931641
104	-0.886719	-0.927734
105	-0.859375	-0.898438
106	-0.884766	-0.896484
107	-0.857422	-0.884766
108	-0.888672	-0.933594
109	-0.925781	-0.949219
110	-0.894531	-0.917969
111	-0.839844	-0.884766
112	-0.916016	-0.953125
113	-0.869141	-0.906250
114	-0.900391	-0.935547
115	-0.814453	-0.869141
116	-0.921875	-0.960938
117	-0.919922	-0.951172
118	-0.875000	-0.888672
119	-0.888672	-0.914063
120	-0.865234	-0.898438
121	-0.882813	-0.923828
122	-0.853516	-0.902344
123	-0.919922	-0.955078
124	-0.880859	-0.931641
125	-0.892578	-0.933594
126	-0.906250	-0.937500
127	-0.857422	-0.910156
128	-0.853516	-0.892578
129	-0.914063	-0.949219
130	-0.859375	-0.904297
131	-0.873047	-0.919922
132	-0.908203	-0.933594
133	-0.902344	-0.941406
134	-0.880859	-0.925781
135	-0.900391	-0.945313
136	-0.880859	-0.925781
137	-0.859375	-0.896484
138	-0.882813	-0.929688
139	-0.914063	-0.943359
140	-0.882813	-0.912109
141	-0.902344	-0.943359
142	-0.875000	-0.923828
143	-0.914063	-0.947266
144	-0.865234	-0.906250
145	-0.851563	-0.908203
146	-0.898438	-0.937500
147	-0.898438	-0.931641
148	-0.873047	-0.916016
149	-0.875000	-0.902344
150	-0.875000	-0.921875
151	-0.892578	-0.941406
152	-0.876953	-0.919922
153	-0.892578	-0.931641
154	-0.896484	-0.939453
155	-0.880859	-0.914063
156	-0.906250	-0.933594
157	-0.906250	-0.929688
158	-0.910156	-0.949219
159	-0.931641	-0.960938
160	-0.880859	-0.931641
161	-0.902344	-0.939453
162	-0.923828	-0.951172
163	-0.890625	-0.923828
164	-0.847656	-0.894531
165	-0.892578	-0.933594
166	-0.886719	-0.931641
167	-0.851563	-0.882813
168	-0.878906	-0.906250
169	-0.863281	-0.898438
170	-0.880859	-0.912109
171	-0.884766	-0.929688
172	-0.875000	-0.906250
173	-0.867188	-0.917969
174	-0.898438	-0.939453
175	-0.919922	-0.955078
176	-0.910156	-0.945313
177	-0.839844	-0.875000
178	-0.884766	-0.923828
179	-0.876953	-0.919922
180	-0.869141	-0.919922
181	-0.853516	-0.900391
182	-0.869141	-0.888672
183	-0.890625	-0.923828
184	-0.900391	-0.921875
185	-0.929688	-0.960938
186	-0.871094	-0.919922
187	-0.884766	-0.910156
188	-0.921875	-0.951172
189	-0.878906	-0.908203
190	-0.886719	-0.933594
191	-0.912109	-0.949219
192	-0.919922	-0.957031
193	-0.917969	-0.951172
194	-0.900391	-0.937500
195	-0.865234	-0.917969
196	-0.900391	-0.941406
197	-0.853516	-0.892578
198	-0.878906	-0.927734
199	-0.884766	-0.929688
200	-0.894531	-0.931641
201	-0.875000	-0.900391
202	-0.923828	-0.953125
203	-0.859375	-0.910156
204	-0.886719	-0.931641
205	-0.902344	-0.929688
206	-0.873047	-0.921875
207	-0.873047	-0.910156
208	-0.859375	-0.900391
209	-0.900391	-0.939453
210	-0.919922	-0.955078
211	-0.880859	-0.917969
212	-0.898438	-0.941406
213	-0.884766	-0.929688
214	-0.917969	-0.955078
215	-0.898438	-0.937500
216	-0.892578	-0.917969
217	-0.947266	-0.972656
218	-0.873047	-0.904297
219	-0.910156	-0.945313
220	-0.876953	-0.912109
221	-0.876953	-0.927734
222	-0.855469	-0.904297
223	-0.869141	-0.892578
224	-0.876953	-0.933594
225	-0.820313	-0.863281
226	-0.875000	-0.916016
227	-0.890625	-0.927734
228	-0.892578	-0.933594
229	-0.861328	-0.904297
230	-0.910156	-0.949219
231	-0.882813	-0.919922
232	-0.886719	-0.931641
233	-0.845703	-0.888672
234	-0.933594	-0.962891
235	-0.900391	-0.935547
236	-0.892578	-0.917969
237	-0.890625	-0.933594
238	-0.892578	-0.914063
239	-0.865234	-0.902344
240	-0.904297	-0.933594
241	-0.929688	-0.957031
242	-0.847656	-0.898438
243	-0.849609	-0.857422
244	-0.863281	-0.902344
245	-0.869141	-0.894531
246	-0.892578	-0.925781
247	-0.896484	-0.931641
248	-0.828125	-0.882813
249	-0.849609	-0.882813
250	-0.927734	-0.947266
251	-0.886719	-0.935547
252	-0.917969	-0.933594
253	-0.886719	-0.929688
254	-0.884766	-0.916016
255	-0.863281	-0.912109
256	-0.902344	-0.945313
257	-0.871094	-0.910156
258	-0.900391	-0.939453
259	-0.873047	-0.914063
260	-0.888672	-0.933594
261	-0.867188	-0.923828
262	-0.876953	-0.921875
263	-0.886719	-0.925781
264	-0.894531	-0.929688
265	-0.886719	-0.916016
266	-0.861328	-0.890625
267	-0.892578	-0.933594
268	-0.857422	-0.916016
269	-0.892578	-0.933594
270	-0.949219	-0.972656
271	-0.869141	-0.904297
272	-0.886719	-0.937500
273	-0.880859	-0.902344
274	-0.880859	-0.917969
275	-0.912109	-0.949219
276	-0.904297	-0.935547
277	-0.931641	-0.960938
278	-0.865234	-0.914063
279	-0.855469	-0.896484
280	-0.865234	-0.902344
281	-0.908203	-0.945313
282	-0.900391	-0.941406
283	-0.900391	-0.941406
284	-0.873047	-0.927734
285	-0.878906	-0.917969
286	-0.888672	-0.916016
287	-0.863281	-0.898438
288	-0.867188	-0.869141
289	-0.871094	-0.884766
290	-0.818359	-0.859375
291	-0.875000	-0.925781
292	-0.812500	-0.853516
293	-0.902344	-0.921875
294	-0.902344	-0.945313
295	-0.892578	-0.921875
296	-0.865234	-0.896484
297	-0.900391	-0.945313
298	-0.876953	-0.923828
299	-0.845703	-0.876953
300	-0.900391	-0.941406
301	-0.892578	-0.923828
302	-0.869141	-0.904297
303	-0.917969	-0.931641
304	-0.906250	-0.937500
305	-0.919922	-0.933594
306	-0.894531	-0.925781
307	-0.902344	-0.927734
308	-0.886719	-0.919922
309	-0.896484	-0.935547
310	-0.892578	-0.929688
311	-0.861328	-0.916016
312	-0.925781	-0.955078
313	-0.859375	-0.878906
314	-0.912109	-0.947266
315	-0.849609	-0.904297
316	-0.888672	-0.927734
317	-0.886719	-0.937500
318	-0.855469	-0.904297
319	-0.863281	-0.896484
320	-0.857422	-0.904297
321	-0.857422	-0.904297
322	-0.912109	-0.949219
323	-0.904297	-0.933594
324	-0.882813	-0.914063
325	-0.863281	-0.906250
326	-0.884766	-0.925781
327	-0.923828	-0.960938
328	-0.914063	-0.955078
329	-0.914063	-0.945313
330	-0.869141	-0.902344
331	-0.859375	-0.916016
332	-0.919922	-0.949219
333	-0.869141	-0.910156
334	-0.869141	-0.912109
335	-0.910156	-0.945313
336	-0.876953	-0.925781
337	-0.865234	-0.916016
338	-0.908203	-0.943359
339	-0.890625	-0.927734
340	-0.806641	-0.882813
341	-0.839844	-0.876953
342	-0.849609	-0.894531
343	-0.892578	-0.937500
344	-0.896484	-0.939453
345	-0.886719	-0.923828
346	-0.837891	-0.875000
347	-0.863281	-0.880859
348	-0.910156	-0.947266
349	-0.892578	-0.927734
350	-0.896484	-0.937500
351	-0.890625	-0.933594
352	-0.855469	-0.833984
353	-0.906250	-0.921875
354	-0.884766	-0.919922
355	-0.894531	-0.904297
356	-0.826172	-0.867188
357	-0.875000	-0.906250
358	-0.916016	-0.947266
359	-0.933594	-0.960938
360	-0.859375	-0.910156
361	-0.867188	-0.894531
362	-0.871094	-0.925781
363	-0.890625	-0.927734
364	-0.917969	-0.951172
365	-0.892578	-0.925781
366	-0.880859	-0.931641
367	-0.869141	-0.904297
368	-0.904297	-0.933594
369	-0.886719	-0.906250
370	-0.902344	-0.939453
371	-0.867188	-0.908203
372	-0.865234	-0.892578
373	-0.888672	-0.867188
374	-0.867188	-0.818359
375	-0.826172	-0.794922
376	-0.810547	-0.746094
377	-0.814453	-0.818359
378	-0.826172	-0.781250
379	-0.818359	-0.775391
380	-0.828125	-0.853516
381	-0.812500	-0.855469
382	-0.880859	-0.902344
383	-0.843750	-0.890625
384	-0.867188	-0.919922
385	-0.888672	-0.939453
386	-0.851563	-0.890625
387	-0.849609	-0.878906
388	-0.916016	-0.949219
389	-0.906250	-0.945313
390	-0.865234	-0.908203
391	-0.865234	-0.888672
392	-0.898438	-0.927734
393	-0.882813	-0.931641
394	-0.837891	-0.894531
395	-0.916016	-0.933594
396	-0.888672	-0.927734
397	-0.857422	-0.906250
398	-0.859375	-0.912109
399	-0.878906	-0.916016
400	-0.847656	-0.882813
401	-0.851563	-0.902344
402	-0.830078	-0.890625
403	-0.892578	-0.927734
404	-0.871094	-0.906250
405	-0.876953	-0.921875
406	-0.875000	-0.921875
407	-0.902344	-0.943359
408	-0.888672	-0.935547
409	-0.845703	-0.904297
410	-0.900391	-0.931641
411	-0.839844	-0.892578
412	-0.882813	-0.929688
413	-0.871094	-0.921875
414	-0.876953	-0.917969
415	-0.898438	-0.937500
416	-0.900391	-0.939453
417	-0.902344	-0.943359
418	-0.910156	-0.945313
419	-0.867188	-0.919922
420	-0.894531	-0.929688
421	-0.892578	-0.886719
422	-0.857422	-0.880859
423	-0.929688	-0.958984
424	-0.869141	-0.910156
425	-0.886719	-0.916016
426	-0.894531	-0.931641
427	-0.900391	-0.935547
428	-0.886719	-0.923828
429	-0.863281	-0.921875
430	-0.910156	-0.945313
431	-0.884766	-0.927734
432	-0.841797	-0.882813
433	-0.916016	-0.949219
434	-0.859375	-0.906250
435	-0.876953	-0.925781
436	-0.914063	-0.941406
437	-0.876953	-0.916016
438	-0.894531	-0.935547
439	-0.880859	-0.914063
440	-0.900391	-0.945313
441	-0.873047	-0.894531
442	-0.892578	-0.937500
443	-0.908203	-0.943359
444	-0.875000	-0.910156
445	-0.919922	-0.951172
446	-0.917969	-0.953125
447	-0.927734	-0.957031
448	-0.867188	-0.916016
449	-0.888672	-0.929688
450	-0.902344	-0.941406
451	-0.919922	-0.953125
452	-0.888672	-0.929688
453	-0.898438	-0.939453
454	-0.867188	-0.912109
455	-0.916016	-0.943359
456	-0.906250	-0.943359
457	-0.933594	-0.958984
458	-0.900391	-0.947266
459	-0.814453	-0.851563
460	-0.867188	-0.908203
461	-0.900391	-0.931641
462	-0.912109	-0.939453
463	-0.833984	-0.871094
464	-0.906250	-0.941406
465	-0.876953	-0.925781
466	-0.919922	-0.953125
467	-0.804688	-0.869141
468	-0.828125	-0.847656
469	-0.886719	-0.931641
470	-0.900391	-0.931641
471	-0.912109	-0.947266
472	-0.871094	-0.906250
473	-0.828125	-0.861328
474	-0.865234	-0.917969
475	-0.898438	-0.935547
476	-0.867188	-0.896484
477	-0.876953	-0.910156
478	-0.890625	-0.929688
479	-0.886719	-0.931641
480	-0.937500	-0.958984
481	-0.873047	-0.910156
482	-0.880859	-0.933594
483	-0.898438	-0.939453
484	-0.890625	-0.921875
485	-0.878906	-0.921875
486	-0.900391	-0.941406
487	-0.859375	-0.906250
488	-0.878906	-0.927734
489	-0.884766	-0.921875
490	-0.865234	-0.898438
491	-0.906250	-0.929688
492	-0.933594	-0.958984
493	-0.904297	-0.947266
494	-0.865234	-0.910156
495	-0.910156	-0.939453
496	-0.898438	-0.935547
497	-0.888672	-0.931641
498	-0.853516	-0.892578
499	-0.884766	-0.912109
500	-0.843750	-0.878906
501	-0.912109	-0.941406
502	-0.863281	-0.908203
503	-0.837891	-0.884766
504	-0.900391	-0.912109
505	-0.917969	-0.939453
506	-0.878906	-0.927734
507	-0.910156	-0.927734
508	-0.851563	-0.902344
509	-0.947266	-0.964844
510	-0.871094	-0.914063
511	-0.871094	-0.917969
512	-0.896484	-0.931641
513	-0.851563	-0.908203
514	-0.859375	-0.910156
515	-0.871094	-0.914063
516	-0.886719	-0.935547
517	-0.867188	-0.904297
518	-0.873047	-0.912109
519	-0.847656	-0.896484
520	-0.839844	-0.900391
521	-0.890625	-0.935547
522	-0.882813	-0.921875
523	-0.892578	-0.929688
524	-0.921875	-0.957031
525	-0.873047	-0.916016
526	-0.888672	-0.916016
527	-0.847656	-0.896484
528	-0.873047	-0.906250
529	-0.898438	-0.931641
530	-0.890625	-0.935547
531	-0.857422	-0.908203
532	-0.876953	-0.925781
533	-0.884766	-0.933594
534	-0.886719	-0.929688
535	-0.865234	-0.908203
536	-0.933594	-0.962891
537	-0.886719	-0.923828
538	-0.898438	-0.939453
539	-0.912109	-0.947266
540	-0.898438	-0.943359
541	-0.876953	-0.908203
542	-0.878906	-0.923828
543	-0.882813	-0.912109
544	-0.910156	-0.943359
545	-0.880859	-0.927734
546	-0.880859	-0.919922
547	-0.873047	-0.919922
548	-0.873047	-0.914063
549	-0.892578	-0.925781
550	-0.851563	-0.896484
551	-0.853516	-0.898438
552	-0.876953	-0.919922
553	-0.882813	-0.923828
554	-0.892578	-0.933594
555	-0.837891	-0.894531
556	-0.892578	-0.933594
557	-0.841797	-0.902344
558	-0.878906	-0.927734
559	-0.892578	-0.927734
560	-0.904297	-0.939453
561	-0.900391	-0.941406
562	-0.863281	-0.900391
563	-0.904297	-0.939453
564	-0.904297	-0.943359
565	-0.894531	-0.939453
566	-0.869141	-0.921875
567	-0.908203	-0.939453
568	-0.898438	-0.935547
569	-0.904297	-0.943359
570	-0.888672	-0.931641
571	-0.917969	-0.900391
572	-0.886719	-0.927734
573	-0.904297	-0.935547
574	-0.902344	-0.943359
575	-0.906250	-0.943359
576	-0.912109	-0.953125
577	-0.884766	-0.929688
578	-0.894531	-0.937500
579	-0.925781	-0.955078
580	-0.894531	-0.935547
581	-0.857422	-0.906250
582	-0.851563	-0.904297
583	-0.904297	-0.943359
584	-0.859375	-0.910156
585	-0.841797	-0.876953
586	-0.865234	-0.898438
587	-0.890625	-0.929688
588	-0.882813	-0.923828
589	-0.916016	-0.949219
590	-0.886719	-0.931641
591	-0.853516	-0.904297
592	-0.892578	-0.929688
593	-0.847656	-0.884766
594	-0.916016	-0.951172
595	-0.886719	-0.937500
596	-0.880859	-0.921875
597	-0.929688	-0.949219
598	-0.886719	-0.919922
599	-0.908203	-0.945313
600	-0.851563	-0.898438
601	-0.912109	-0.945313
602	-0.869141	-0.919922
603	-0.871094	-0.912109
604	-0.916016	-0.943359
605	-0.908203	-0.945313
606	-0.824219	-0.884766
607	-0.878906	-0.916016
608	-0.863281	-0.914063
609	-0.884766	-0.931641
610	-0.863281	-0.917969
611	-0.888672	-0.923828
612	-0.871094	-0.896484
613	-0.845703	-0.884766
614	-0.886719	-0.929688
615	-0.832031	-0.888672
616	-0.865234	-0.892578
617	-0.878906	-0.904297
618	-0.880859	-0.925781
619	-0.865234	-0.910156
620	-0.869141	-0.906250
621	-0.925781	-0.955078
622	-0.900391	-0.933594
623	-0.884766	-0.917969
624	-0.878906	-0.910156
625	-0.863281	-0.912109
626	-0.894531	-0.937500
627	-0.914063	-0.957031
628	-0.890625	-0.935547
629	-0.925781	-0.958984
630	-0.898438	-0.935547
631	-0.896484	-0.923828
632	-0.871094	-0.882813
633	-0.886719	-0.927734
634	-0.867188	-0.914063
635	-0.908203	-0.939453
636	-0.880859	-0.923828
637	-0.853516	-0.896484
638	-0.867188	-0.908203
639	-0.884766	-0.910156
640	-0.921875	-0.949219
641	-0.878906	-0.923828
642	-0.904297	-0.943359
643	-0.910156	-0.941406
644	-0.839844	-0.853516
645	-0.833984	-0.871094
646	-0.853516	-0.900391
647	-0.890625	-0.925781
648	-0.898438	-0.933594
649	-0.898438	-0.939453
650	-0.880859	-0.921875
651	-0.906250	-0.945313
652	-0.845703	-0.894531
653	-0.841797	-0.886719
654	-0.869141	-0.900391
655	-0.888672	-0.925781
656	-0.898438	-0.929688
657	-0.878906	-0.927734
658	-0.882813	-0.923828
659	-0.896484	-0.931641
660	-0.875000	-0.878906
661	-0.876953	-0.923828
662	-0.880859	-0.919922
663	-0.908203	-0.941406
664	-0.888672	-0.923828
665	-0.929688	-0.955078
666	-0.857422	-0.910156
667	-0.904297	-0.945313
668	-0.867188	-0.890625
669	-0.896484	-0.931641
670	-0.900391	-0.937500
671	-0.908203	-0.951172
672	-0.882813	-0.929688
673	-0.880859	-0.892578
674	-0.871094	-0.921875
675	-0.861328	-0.912109
676	-0.849609	-0.892578
677	-0.910156	-0.945313
678	-0.894531	-0.939453
679	-0.888672	-0.933594
680	-0.880859	-0.933594
681	-0.898438	-0.937500
682	-0.910156	-0.941406
683	-0.925781	-0.958984
684	-0.900391	-0.943359
685	-0.902344	-0.933594
686	-0.923828	-0.939453
687	-0.916016	-0.949219
688	-0.859375	-0.914063
689	-0.916016	-0.943359
690	-0.863281	-0.902344
691	-0.869141	-0.908203
692	-0.876953	-0.923828
693	-0.882813	-0.933594
694	-0.896484	-0.912109
695	-0.904297	-0.937500
696	-0.869141	-0.917969
697	-0.853516	-0.898438
698	-0.863281	-0.910156
699	-0.867188	-0.914063
700	-0.910156	-0.945313
701	-0.849609	-0.914063
702	-0.884766	-0.929688
703	-0.835938	-0.894531
704	-0.849609	-0.898438
705	-0.855469	-0.906250
706	-0.865234	-0.904297
707	-0.869141	-0.917969
708	-0.908203	-0.945313
709	-0.880859	-0.925781
710	-0.878906	-0.919922
711	-0.939453	-0.966797
712	-0.914063	-0.947266
713	-0.880859	-0.929688
714	-0.900391	-0.941406
715	-0.921875	-0.955078
716	-0.890625	-0.917969
717	-0.882813	-0.906250
718	-0.882813	-0.904297
719	-0.869141	-0.906250
720	-0.878906	-0.919922
721	-0.882813	-0.933594
722	-0.871094	-0.908203
723	-0.882813	-0.923828
724	-0.904297	-0.939453
725	-0.853516	-0.906250
726	-0.859375	-0.910156
727	-0.875000	-0.919922
728	-0.929688	-0.941406
729	-0.876953	-0.894531
730	-0.923828	-0.958984
731	-0.867188	-0.896484
732	-0.902344	-0.916016
733	-0.812500	-0.857422
734	-0.880859	-0.916016
735	-0.894531	-0.943359
736	-0.929688	-0.960938
737	-0.865234	-0.898438
738	-0.882813	-0.910156
739	-0.914063	-0.937500
740	-0.917969	-0.955078
741	-0.900391	-0.939453
742	-0.927734	-0.962891
743	-0.812500	-0.871094
744	-0.900391	-0.927734
745	-0.892578	-0.933594
746	-0.892578	-0.933594
747	-0.906250	-0.939453
748	-0.886719	-0.931641
749	-0.847656	-0.890625
750	-0.865234	-0.888672
751	-0.888672	-0.935547
752	-0.851563	-0.892578
753	-0.902344	-0.937500
754	-0.871094	-0.916016
755	-0.865234	-0.908203
756	-0.890625	-0.923828
757	-0.875000	-0.927734
758	-0.916016	-0.943359
759	-0.927734	-0.962891
760	-0.892578	-0.929688
761	-0.888672	-0.925781
762	-0.896484	-0.941406
763	-0.888672	-0.923828
764	-0.894531	-0.923828
765	-0.888672	-0.921875
766	-0.923828	-0.958984
767	-0.898438	-0.939453
768	-0.898438	-0.935547
769	-0.869141	-0.910156
770	-0.902344	-0.939453
771	-0.892578	-0.931641
772	-0.867188	-0.906250
773	-0.871094	-0.914063
774	-0.884766	-0.927734
775	-0.919922	-0.939453
776	-0.851563	-0.902344
777	-0.900391	-0.927734
778	-0.888672	-0.931641
779	-0.876953	-0.910156
780	-0.882813	-0.902344
781	-0.904297	-0.941406
782	-0.908203	-0.937500
783	-0.888672	-0.927734
784	-0.869141	-0.914063
785	-0.849609	-0.902344
786	-0.916016	-0.951172
787	-0.898438	-0.931641
788	-0.861328	-0.900391
789	-0.861328	-0.914063
790	-0.906250	-0.933594
791	-0.824219	-0.837891
792	-0.843750	-0.861328
793	-0.876953	-0.917969
794	-0.910156	-0.941406
795	-0.935547	-0.958984
796	-0.914063	-0.945313
797	-0.921875	-0.955078
798	-0.863281	-0.902344
799	-0.871094	-0.917969
800	-0.914063	-0.945313
801	-0.912109	-0.949219
802	-0.919922	-0.953125
803	-0.925781	-0.955078
804	-0.894531	-0.929688
805	-0.921875	-0.957031
806	-0.875000	-0.925781
807	-0.933594	-0.945313
808	-0.882813	-0.925781
809	-0.882813	-0.923828
810	-0.886719	-0.914063
811	-0.910156	-0.947266
812	-0.890625	-0.921875
813	-0.886719	-0.935547
814	-0.839844	-0.873047
815	-0.880859	-0.929688
816	-0.894531	-0.937500
817	-0.900391	-0.933594
818	-0.865234	-0.912109
819	-0.919922	-0.955078
820	-0.871094	-0.896484
821	-0.902344	-0.947266
822	-0.876953	-0.923828
823	-0.878906	-0.916016
824	-0.892578	-0.929688
825	-0.917969	-0.949219
826	-0.921875	-0.951172
827	-0.890625	-0.914063
828	-0.855469	-0.894531
829	-0.867188	-0.912109
830	-0.894531	-0.931641
831	-0.912109	-0.943359
832	-0.873047	-0.861328
833	-0.900391	-0.929688
834	-0.890625	-0.904297
835	-0.884766	-0.927734
836	-0.910156	-0.951172
837	-0.906250	-0.939453
838	-0.892578	-0.925781
839	-0.876953	-0.914063
840	-0.917969	-0.953125
841	-0.871094	-0.914063
842	-0.914063	-0.945313
843	-0.882813	-0.916016
844	-0.875000	-0.919922
845	-0.867188	-0.904297
846	-0.875000	-0.921875
847	-0.894531	-0.941406
848	-0.886719	-0.925781
849	-0.902344	-0.929688
850	-0.875000	-0.919922
851	-0.865234	-0.914063
852	-0.921875	-0.941406
853	-0.878906	-0.923828
854	-0.900391	-0.943359
855	-0.855469	-0.880859
856	-0.884766	-0.927734
857	-0.894531	-0.935547
858	-0.904297	-0.941406
859	-0.884766	-0.914063
860	-0.861328	-0.884766
861	-0.884766	-0.929688
862	-0.896484	-0.919922
863	-0.912109	-0.947266
864	-0.863281	-0.912109
865	-0.929688	-0.960938
866	-0.908203	-0.921875
867	-0.914063	-0.937500
868	-0.861328	-0.906250
869	-0.894531	-0.935547
870	-0.896484	-0.935547
871	-0.927734	-0.955078
872	-0.910156	-0.949219
873	-0.869141	-0.910156
874	-0.882813	-0.919922
875	-0.929688	-0.958984
876	-0.857422	-0.902344
877	-0.900391	-0.939453
878	-0.851563	-0.892578
879	-0.878906	-0.921875
880	-0.906250	-0.943359
881	-0.849609	-0.902344
882	-0.894531	-0.937500
883	-0.869141	-0.910156
884	-0.863281	-0.884766
885	-0.917969	-0.949219
886	-0.886719	-0.925781
887	-0.925781	-0.960938
888	-0.888672	-0.921875
889	-0.886719	-0.927734
890	-0.830078	-0.845703
891	-0.894531	-0.943359
892	-0.898438	-0.921875
893	-0.896484	-0.933594
894	-0.867188	-0.902344
895	-0.904297	-0.937500
896	-0.871094	-0.914063
897	-0.880859	-0.916016
898	-0.908203	-0.945313
899	-0.923828	-0.953125
900	-0.894531	-0.937500
901	-0.859375	-0.914063
902	-0.869141	-0.929688
903	-0.869141	-0.912109
904	-0.908203	-0.941406
905	-0.898438	-0.941406
906	-0.896484	-0.939453
907	-0.892578	-0.929688
908	-0.869141	-0.921875
909	-0.898438	-0.937500
910	-0.873047	-0.906250
911	-0.851563	-0.884766
912	-0.890625	-0.929688
913	-0.888672	-0.935547
914	-0.902344	-0.935547
915	-0.859375	-0.910156
916	-0.878906	-0.925781
917	-0.863281	-0.912109
918	-0.878906	-0.923828
919	-0.951172	-0.974609
920	-0.876953	-0.927734
921	-0.910156	-0.941406
922	-0.906250	-0.947266
923	-0.867188	-0.916016
924	-0.900391	-0.923828
925	-0.882813	-0.884766
926	-0.863281	-0.921875
927	-0.820313	-0.857422
928	-0.898438	-0.933594
929	-0.863281	-0.898438
930	-0.890625	-0.931641
931	-0.867188	-0.919922
932	-0.876953	-0.908203
933	-0.898438	-0.931641
934	-0.892578	-0.931641
935	-0.902344	-0.947266
936	-0.898438	-0.929688
937	-0.867188	-0.906250
938	-0.890625	-0.919922
939	-0.843750	-0.873047
940	-0.886719	-0.927734
941	-0.884766	-0.935547
942	-0.880859	-0.916016
943	-0.896484	-0.923828
944	-0.896484	-0.935547
945	-0.904297	-0.941406
946	-0.861328	-0.906250
947	-0.818359	-0.867188
948	-0.910156	-0.945313
949	-0.851563	-0.892578
950	-0.894531	-0.935547
951	-0.914063	-0.943359
952	-0.904297	-0.945313
953	-0.900391	-0.929688
954	-0.894531	-0.933594
955	-0.914063	-0.947266
956	-0.886719	-0.925781
957	-0.878906	-0.929688
958	-0.898438	-0.931641
959	-0.902344	-0.935547
960	-0.916016	-0.953125
961	-0.861328	-0.916016
962	-0.875000	-0.929688
963	-0.886719	-0.927734
964	-0.884766	-0.921875
965	-0.890625	-0.931641
966	-0.912109	-0.935547
967	-0.876953	-0.921875
968	-0.871094	-0.900391
969	-0.878906	-0.923828
970	-0.833984	-0.898438
971	-0.876953	-0.914063
972	-0.853516	-0.904297
973	-0.888672	-0.931641
974	-0.857422	-0.910156
975	-0.910156	-0.939453
976	-0.894531	-0.933594
977	-0.921875	-0.947266
978	-0.896484	-0.937500
979	-0.875000	-0.921875
980	-0.908203	-0.945313
981	-0.923828	-0.945313
982	-0.900391	-0.933594
983	-0.900391	-0.935547
984	-0.933594	-0.958984
985	-0.912109	-0.935547
986	-0.869141	-0.894531
987	-0.841797	-0.882813
988	-0.873047	-0.912109
989	-0.867188	-0.917969
990	-0.923828	-0.955078
991	-0.875000	-0.906250
992	-0.910156	-0.951172
993	-0.873047	-0.919922
994	-0.892578	-0.935547
995	-0.908203	-0.941406
996	-0.863281	-0.882813
997	-0.886719	-0.923828
998	-0.861328	-0.904297
999	-0.884766	-0.933594
