0	-0.992188	-0.996094
1	-0.992188	-0.996094
2	-0.994141	-0.996094
3	-0.996094	-0.998047
4	-0.996094	-0.998047
5	-0.992188	-0.996094
6	-0.994141	-0.996094
7	-1.000000	-1.000000
8	-0.988281	-0.994141
9	-1.000000	-1.000000
10	-0.984375	-0.990234
11	-0.992188	-0.996094
12	-1.000000	-1.000000
13	-0.992188	-0.996094
14	-0.996094	-0.998047
15	-0.996094	-0.998047
16	-0.988281	-0.994141
17	-0.992188	-0.996094
18	-1.000000	-1.000000
19	-0.986328	-0.992188
20	-0.996094	-0.998047
21	-1.000000	-1.000000
22	-0.996094	-0.998047
23	-0.996094	-0.998047
24	-0.996094	-0.998047
25	-0.996094	-0.998047
26	-1.000000	-1.000000
27	-0.994141	-0.996094
28	-1.000000	-1.000000
29	-0.970703	-0.984375
30	-0.986328	-0.992188
31	-0.996094	-0.998047
32	-0.996094	-0.998047
33	-0.996094	-0.998047
34	-0.988281	-0.994141
35	-0.996094	-0.998047
36	-0.996094	-0.998047
37	-0.992188	-0.996094
38	-0.992188	-0.996094
39	-0.994141	-0.996094
40	-0.988281	-0.994141
41	-0.992188	-0.996094
42	-0.996094	-0.998047
43	-0.992188	-0.996094
44	-0.996094	-0.998047
45	-1.000000	-1.000000
46	-0.982422	-0.990234
47	-0.988281	-0.994141
48	-1.000000	-1.000000
49	-0.996094	-0.998047
50	-0.994141	-0.996094
51	-0.988281	-0.994141
52	-0.988281	-0.994141
53	-1.000000	-1.000000
54	-1.000000	-1.000000
55	-1.000000	-1.000000
56	-0.992188	-0.996094
57	-0.992188	-0.996094
58	-0.992188	-0.996094
59	-0.996094	-0.998047
60	-0.988281	-0.994141
61	-0.996094	-0.998047
62	-0.996094	-0.998047
63	-0.996094	-0.998047
64	-0.996094	-0.998047
65	-0.996094	-0.998047
66	-0.992188	-0.996094
67	-0.990234	-0.994141
68	-0.986328	-0.992188
69	-0.990234	-0.994141
70	-0.996094	-0.998047
71	-0.996094	-0.998047
72	-1.000000	-1.000000
73	-1.000000	-1.000000
74	-1.000000	-1.000000
75	-0.992188	-0.996094
76	-0.992188	-0.996094
77	-1.000000	-1.000000
78	-0.992188	-0.996094
79	-0.992188	-0.996094
80	-0.992188	-0.996094
81	-1.000000	-1.000000
82	-0.988281	-0.994141
83	-0.984375	-0.992188
84	-0.984375	-0.992188
85	-0.988281	-0.994141
86	-0.988281	-0.994141
87	-0.986328	-0.992188
88	-0.996094	-0.998047
89	-1.000000	-1.000000
90	-1.000000	-1.000000
91	-0.992188	-0.996094
92	-0.994141	-0.996094
93	-1.000000	-1.000000
94	-0.992188	-0.996094
95	-0.992188	-0.996094
96	-0.996094	-0.998047
97	-0.992188	-0.996094
98	-0.994141	-0.996094
99	-0.996094	-0.998047
100	-0.996094	-0.998047
101	-0.992188	-0.996094
102	-0.988281	-0.994141
103	-0.986328	-0.992188
104	-0.992188	-0.996094
105	-1.000000	-1.000000
106	-0.996094	-0.998047
107	-0.992188	-0.996094
108	-0.984375	-0.992188
109	-1.000000	-1.000000
110	-0.988281	-0.994141
111	-0.990234	-0.994141
112	-0.992188	-0.996094
113	-0.996094	-0.998047
114	-0.992188	-0.996094
115	-0.996094	-0.998047
116	-0.988281	-0.994141
117	-0.988281	-0.994141
118	-1.000000	-1.000000
119	-0.992188	-0.996094
120	-0.988281	-0.994141
121	-0.990234	-0.994141
122	-0.982422	-0.990234
123	-0.992188	-0.996094
124	-0.980469	-0.990234
125	-0.996094	-0.998047
126	-0.996094	-0.998047
127	-0.988281	-0.994141
128	-0.988281	-0.994141
129	-0.996094	-0.998047
130	-0.988281	-0.994141
131	-0.986328	-0.992188
132	-0.996094	-0.998047
133	-0.996094	-0.998047
134	-0.984375	-0.992188
135	-0.988281	-0.994141
136	-0.996094	-0.998047
137	-0.992188	-0.996094
138	-0.984375	-0.992188
139	-0.996094	-0.998047
140	-0.988281	-0.994141
141	-0.996094	-0.998047
142	-0.990234	-0.994141
143	-1.000000	-1.000000
144	-0.992188	-0.996094
145	-0.984375	-0.990234
146	-0.992188	-0.996094
147	-0.988281	-0.994141
148	-0.992188	-0.996094
149	-1.000000	-1.000000
150	-1.000000	-1.000000
151	-0.996094	-0.998047
152	-0.996094	-0.998047
153	-0.992188	-0.996094
154	-0.996094	-0.998047
155	-0.992188	-0.996094
156	-0.996094	-0.998047
157	-0.996094	-0.998047
158	-0.992188	-0.996094
159	-1.000000	-1.000000
160	-0.996094	-0.998047
161	-0.982422	-0.990234
162	-0.982422	-0.990234
163	-1.000000	-1.000000
164	-0.988281	-0.994141
165	-0.984375	-0.992188
166	-0.984375	-0.992188
167	-0.988281	-0.994141
168	-0.996094	-0.998047
169	-0.984375	-0.992188
170	-0.992188	-0.996094
171	-0.992188	-0.996094
172	-0.992188	-0.996094
173	-0.992188	-0.996094
174	-0.996094	-0.998047
175	-0.996094	-0.998047
176	-0.988281	-0.994141
177	-0.992188	-0.996094
178	-0.996094	-0.998047
179	-0.986328	-0.992188
180	-0.984375	-0.992188
181	-0.980469	-0.988281
182	-1.000000	-1.000000
183	-0.996094	-0.998047
184	-0.984375	-0.992188
185	-0.996094	-0.998047
186	-0.988281	-0.994141
187	-1.000000	-1.000000
188	-0.984375	-0.992188
189	-1.000000	-1.000000
190	-0.980469	-0.990234
191	-1.000000	-1.000000
192	-0.992188	-0.996094
193	-0.986328	-0.992188
194	-0.996094	-0.998047
195	-1.000000	-1.000000
196	-0.996094	-0.998047
197	-1.000000	-1.000000
198	-1.000000	-1.000000
199	-0.992188	-0.996094
200	-0.984375	-0.992188
201	-1.000000	-1.000000
202	-0.988281	-0.994141
203	-0.992188	-0.996094
204	-1.000000	-1.000000
205	-0.996094	-0.998047
206	-0.990234	-0.994141
207	-0.992188	-0.996094
208	-0.986328	-0.992188
209	-0.994141	-0.996094
210	-0.980469	-0.990234
211	-0.996094	-0.998047
212	-0.996094	-0.998047
213	-1.000000	-1.000000
214	-0.984375	-0.992188
215	-1.000000	-1.000000
216	-0.996094	-0.998047
217	-0.988281	-0.994141
218	-0.996094	-0.998047
219	-0.992188	-0.996094
220	-0.986328	-0.992188
221	-0.992188	-0.996094
222	-0.992188	-0.996094
223	-0.996094	-0.998047
224	-1.000000	-1.000000
225	-1.000000	-1.000000
226	-0.984375	-0.992188
227	-0.988281	-0.994141
228	-0.992188	-0.996094
229	-0.992188	-0.996094
230	-0.992188	-0.996094
231	-0.984375	-0.992188
232	-0.996094	-0.998047
233	-1.000000	-1.000000
234	-0.984375	-0.990234
235	-0.988281	-0.994141
236	-0.994141	-0.996094
237	-0.996094	-0.998047
238	-0.992188	-0.996094
239	-0.988281	-0.994141
240	-0.992188	-0.996094
241	-0.996094	-0.998047
242	-0.988281	-0.994141
243	-0.986328	-0.992188
244	-0.992188	-0.996094
245	-1.000000	-1.000000
246	-0.988281	-0.994141
247	-0.988281	-0.994141
248	-1.000000	-1.000000
249	-1.000000	-1.000000
250	-0.990234	-0.994141
251	-0.996094	-0.998047
252	-0.992188	-0.996094
253	-0.996094	-0.998047
254	-1.000000	-1.000000
255	-0.980469	-0.990234
256	-0.992188	-0.996094
257	-1.000000	-1.000000
258	-0.996094	-0.998047
259	-1.000000	-1.000000
260	-1.000000	-1.000000
261	-1.000000	-1.000000
262	-1.000000	-1.000000
263	-1.000000	-1.000000
264	-0.996094	-0.998047
265	-1.000000	-1.000000
266	-0.996094	-0.998047
267	-0.996094	-0.998047
268	-0.988281	-0.994141
269	-0.992188	-0.996094
270	-1.000000	-1.000000
271	-0.992188	-0.996094
272	-0.996094	-0.998047
273	-0.992188	-0.996094
274	-0.992188	-0.996094
275	-0.996094	-0.998047
276	-0.992188	-0.996094
277	-1.000000	-1.000000
278	-0.992188	-0.996094
279	-1.000000	-1.000000
280	-0.996094	-0.998047
281	-0.970703	-0.984375
282	-1.000000	-1.000000
283	-1.000000	-1.000000
284	-0.980469	-0.988281
285	-1.000000	-1.000000
286	-1.000000	-1.000000
287	-0.996094	-0.998047
288	-0.992188	-0.996094
289	-0.996094	-0.998047
290	-0.996094	-0.998047
291	-0.994141	-0.996094
292	-0.992188	-0.996094
293	-0.988281	-0.994141
294	-0.994141	-0.996094
295	-0.972656	-0.986328
296	-0.982422	-0.990234
297	-0.996094	-0.998047
298	-0.988281	-0.994141
299	-0.992188	-0.996094
300	-0.996094	-0.998047
301	-1.000000	-1.000000
302	-0.996094	-0.998047
303	-0.992188	-0.996094
304	-0.992188	-0.996094
305	-0.996094	-0.998047
306	-0.992188	-0.996094
307	-0.988281	-0.994141
308	-0.996094	-0.998047
309	-0.984375	-0.990234
310	-1.000000	-1.000000
311	-0.996094	-0.998047
312	-0.984375	-0.990234
313	-0.996094	-0.998047
314	-0.992188	-0.996094
315	-0.988281	-0.994141
316	-0.992188	-0.996094
317	-0.988281	-0.994141
318	-0.992188	-0.996094
319	-1.000000	-1.000000
320	-1.000000	-1.000000
321	-1.000000	-1.000000
322	-1.000000	-1.000000
323	-0.992188	-0.996094
324	-0.990234	-0.994141
325	-0.988281	-0.994141
326	-0.988281	-0.994141
327	-1.000000	-1.000000
328	-0.996094	-0.998047
329	-0.990234	-0.994141
330	-0.992188	-0.996094
331	-1.000000	-1.000000
332	-0.996094	-0.998047
333	-1.000000	-1.000000
334	-0.982422	-0.990234
335	-1.000000	-1.000000
336	-0.996094	-0.998047
337	-0.996094	-0.998047
338	-1.000000	-1.000000
339	-0.996094	-0.998047
340	-0.996094	-0.998047
341	-0.996094	-0.998047
342	-0.996094	-0.998047
343	-1.000000	-1.000000
344	-1.000000	-1.000000
345	-0.986328	-0.992188
346	-0.988281	-0.994141
347	-0.988281	-0.994141
348	-0.990234	-0.994141
349	-0.984375	-0.992188
350	-0.996094	-0.998047
351	-0.996094	-0.998047
352	-0.980469	-0.990234
353	-1.000000	-1.000000
354	-0.988281	-0.994141
355	-0.992188	-0.996094
356	-0.968750	-0.984375
357	-0.996094	-0.998047
358	-0.996094	-0.998047
359	-0.988281	-0.994141
360	-0.990234	-0.994141
361	-0.996094	-0.998047
362	-0.992188	-0.996094
363	-1.000000	-1.000000
364	-1.000000	-1.000000
365	-1.000000	-1.000000
366	-1.000000	-1.000000
367	-0.996094	-0.998047
368	-0.988281	-0.994141
369	-0.992188	-0.996094
370	-1.000000	-1.000000
371	-0.988281	-0.994141
372	-0.996094	-0.998047
373	-0.992188	-0.996094
374	-0.988281	-0.994141
375	-0.992188	-0.996094
376	-0.984375	-0.992188
377	-0.996094	-0.998047
378	-1.000000	-1.000000
379	-0.996094	-0.998047
380	-1.000000	-1.000000
381	-1.000000	-1.000000
382	-0.992188	-0.996094
383	-0.992188	-0.996094
384	-0.992188	-0.996094
385	-0.988281	-0.994141
386	-0.996094	-0.998047
387	-0.988281	-0.994141
388	-1.000000	-1.000000
389	-1.000000	-1.000000
390	-0.992188	-0.996094
391	-0.992188	-0.996094
392	-0.996094	-0.998047
393	-0.992188	-0.996094
394	-0.994141	-0.996094
395	-0.988281	-0.994141
396	-0.996094	-0.998047
397	-1.000000	-1.000000
398	-1.000000	-1.000000
399	-0.996094	-0.998047
400	-0.996094	-0.998047
401	-0.992188	-0.996094
402	-0.988281	-0.994141
403	-0.992188	-0.996094
404	-1.000000	-1.000000
405	-0.996094	-0.998047
406	-1.000000	-1.000000
407	-0.996094	-0.998047
408	-1.000000	-1.000000
409	-0.996094	-0.998047
410	-0.992188	-0.996094
411	-0.996094	-0.998047
412	-1.000000	-1.000000
413	-1.000000	-1.000000
414	-0.988281	-0.994141
415	-1.000000	-1.000000
416	-0.988281	-0.994141
417	-0.994141	-0.996094
418	-1.000000	-1.000000
419	-0.996094	-0.998047
420	-0.996094	-0.998047
421	-0.996094	-0.998047
422	-0.978516	-0.988281
423	-0.988281	-0.994141
424	-0.992188	-0.996094
425	-0.988281	-0.994141
426	-0.996094	-0.998047
427	-0.992188	-0.996094
428	-1.000000	-1.000000
429	-0.992188	-0.996094
430	-0.996094	-0.998047
431	-0.986328	-0.992188
432	-0.996094	-0.998047
433	-1.000000	-1.000000
434	-0.996094	-0.998047
435	-0.988281	-0.994141
436	-1.000000	-1.000000
437	-0.996094	-0.998047
438	-0.996094	-0.998047
439	-0.996094	-0.998047
440	-0.992188	-0.996094
441	-1.000000	-1.000000
442	-0.984375	-0.990234
443	-0.982422	-0.990234
444	-0.996094	-0.998047
445	-0.992188	-0.996094
446	-0.988281	-0.994141
447	-0.992188	-0.996094
448	-0.992188	-0.996094
449	-0.992188	-0.996094
450	-1.000000	-1.000000
451	-0.996094	-0.998047
452	-0.992188	-0.996094
453	-0.990234	-0.994141
454	-1.000000	-1.000000
455	-0.990234	-0.994141
456	-0.996094	-0.998047
457	-0.996094	-0.998047
458	-0.996094	-0.998047
459	-0.992188	-0.996094
460	-0.982422	-0.990234
461	-0.988281	-0.994141
462	-0.996094	-0.998047
463	-0.986328	-0.992188
464	-0.984375	-0.992188
465	-0.992188	-0.996094
466	-0.986328	-0.992188
467	-0.992188	-0.996094
468	-0.992188	-0.996094
469	-1.000000	-1.000000
470	-0.988281	-0.994141
471	-0.982422	-0.990234
472	-0.996094	-0.998047
473	-0.992188	-0.996094
474	-0.996094	-0.998047
475	-1.000000	-1.000000
476	-0.996094	-0.998047
477	-0.986328	-0.992188
478	-0.996094	-0.998047
479	-0.988281	-0.994141
480	-1.000000	-1.000000
481	-1.000000	-1.000000
482	-0.988281	-0.994141
483	-1.000000	-1.000000
484	-0.996094	-0.998047
485	-0.988281	-0.994141
486	-0.996094	-0.998047
487	-0.990234	-0.994141
488	-0.996094	-0.998047
489	-0.988281	-0.994141
490	-0.976563	-0.986328
491	-1.000000	-1.000000
492	-0.984375	-0.992188
493	-0.984375	-0.992188
494	-0.992188	-0.996094
495	-0.988281	-0.994141
496	-1.000000	-1.000000
497	-0.992188	-0.996094
498	-0.990234	-0.994141
499	-0.992188	-0.996094
500	-0.996094	-0.998047
501	-0.988281	-0.994141
502	-0.986328	-0.992188
503	-0.996094	-0.998047
504	-0.996094	-0.998047
505	-1.000000	-1.000000
506	-0.992188	-0.996094
507	-0.996094	-0.998047
508	-0.996094	-0.998047
509	-0.996094	-0.998047
510	-0.996094	-0.998047
511	-0.988281	-0.994141
512	-1.000000	-1.000000
513	-0.992188	-0.996094
514	-1.000000	-1.000000
515	-0.992188	-0.996094
516	-1.000000	-1.000000
517	-1.000000	-1.000000
518	-0.996094	-0.998047
519	-0.988281	-0.994141
520	-0.984375	-0.992188
521	-0.996094	-0.998047
522	-1.000000	-1.000000
523	-0.988281	-0.994141
524	-0.992188	-0.996094
525	-0.996094	-0.998047
526	-0.992188	-0.996094
527	-1.000000	-1.000000
528	-0.990234	-0.994141
529	-0.992188	-0.996094
530	-0.992188	-0.996094
531	-0.988281	-0.994141
532	-0.996094	-0.998047
533	-0.996094	-0.998047
534	-1.000000	-1.000000
535	-0.986328	-0.992188
536	-0.996094	-0.998047
537	-0.982422	-0.990234
538	-0.996094	-0.998047
539	-0.990234	-0.994141
540	-0.996094	-0.998047
541	-0.996094	-0.998047
542	-0.996094	-0.998047
543	-0.996094	-0.998047
544	-0.988281	-0.994141
545	-0.988281	-0.994141
546	-0.996094	-0.998047
547	-0.996094	-0.998047
548	-0.994141	-0.996094
549	-1.000000	-1.000000
550	-0.992188	-0.996094
551	-0.992188	-0.996094
552	-0.996094	-0.998047
553	-0.992188	-0.996094
554	-1.000000	-1.000000
555	-0.988281	-0.994141
556	-0.992188	-0.996094
557	-0.992188	-0.996094
558	-0.996094	-0.998047
559	-0.986328	-0.992188
560	-0.996094	-0.998047
561	-0.988281	-0.994141
562	-0.992188	-0.996094
563	-0.996094	-0.998047
564	-0.996094	-0.998047
565	-0.996094	-0.998047
566	-0.996094	-0.998047
567	-1.000000	-1.000000
568	-1.000000	-1.000000
569	-0.980469	-0.990234
570	-0.992188	-0.996094
571	-1.000000	-1.000000
572	-0.990234	-0.994141
573	-0.984375	-0.992188
574	-0.996094	-0.998047
575	-0.996094	-0.998047
576	-0.992188	-0.996094
577	-0.996094	-0.998047
578	-0.996094	-0.998047
579	-1.000000	-1.000000
580	-0.992188	-0.996094
581	-0.992188	-0.996094
582	-0.988281	-0.994141
583	-0.992188	-0.996094
584	-1.000000	-1.000000
585	-0.996094	-0.998047
586	-0.978516	-0.988281
587	-0.996094	-0.998047
588	-0.994141	-0.996094
589	-0.988281	-0.994141
590	-0.988281	-0.994141
591	-1.000000	-1.000000
592	-0.992188	-0.996094
593	-0.996094	-0.998047
594	-0.992188	-0.996094
595	-0.992188	-0.996094
596	-0.992188	-0.996094
597	-0.984375	-0.992188
598	-1.000000	-1.000000
599	-0.988281	-0.994141
600	-1.000000	-1.000000
601	-1.000000	-1.000000
602	-0.992188	-0.994141
603	-0.992188	-0.996094
604	-0.992188	-0.996094
605	-0.994141	-0.996094
606	-0.984375	-0.992188
607	-0.992188	-0.996094
608	-0.996094	-0.998047
609	-1.000000	-1.000000
610	-0.996094	-0.998047
611	-0.990234	-0.994141
612	-0.986328	-0.992188
613	-0.984375	-0.992188
614	-0.996094	-0.998047
615	-0.996094	-0.998047
616	-1.000000	-1.000000
617	-0.994141	-0.996094
618	-0.992188	-0.996094
619	-0.996094	-0.998047
620	-1.000000	-1.000000
621	-0.996094	-0.998047
622	-0.986328	-0.992188
623	-0.996094	-0.998047
624	-0.992188	-0.996094
625	-0.988281	-0.994141
626	-0.994141	-0.996094
627	-0.988281	-0.994141
628	-0.992188	-0.996094
629	-0.996094	-0.998047
630	-0.988281	-0.994141
631	-1.000000	-1.000000
632	-0.988281	-0.994141
633	-1.000000	-1.000000
634	-0.988281	-0.994141
635	-0.980469	-0.990234
636	-0.992188	-0.996094
637	-0.996094	-0.998047
638	-0.992188	-0.996094
639	-1.000000	-1.000000
640	-0.996094	-0.998047
641	-0.992188	-0.996094
642	-0.988281	-0.994141
643	-0.992188	-0.996094
644	-0.988281	-0.994141
645	-0.992188	-0.996094
646	-0.996094	-0.998047
647	-0.994141	-0.996094
648	-0.990234	-0.994141
649	-0.974609	-0.986328
650	-0.996094	-0.998047
651	-0.996094	-0.998047
652	-0.996094	-0.998047
653	-0.988281	-0.994141
654	-0.996094	-0.998047
655	-1.000000	-1.000000
656	-0.992188	-0.996094
657	-0.996094	-0.998047
658	-0.996094	-0.998047
659	-0.996094	-0.998047
660	-1.000000	-1.000000
661	-1.000000	-1.000000
662	-0.992188	-0.996094
663	-0.996094	-0.998047
664	-1.000000	-1.000000
665	-1.000000	-1.000000
666	-0.992188	-0.996094
667	-1.000000	-1.000000
668	-0.992188	-0.996094
669	-0.988281	-0.994141
670	-0.992188	-0.996094
671	-0.996094	-0.998047
672	-0.996094	-0.998047
673	-1.000000	-1.000000
674	-0.988281	-0.994141
675	-0.996094	-0.998047
676	-0.996094	-0.998047
677	-0.986328	-0.992188
678	-0.988281	-0.994141
679	-0.992188	-0.996094
680	-1.000000	-1.000000
681	-0.996094	-0.998047
682	-1.000000	-1.000000
683	-0.984375	-0.992188
684	-0.996094	-0.998047
685	-0.996094	-0.998047
686	-0.996094	-0.998047
687	-1.000000	-1.000000
688	-0.988281	-0.994141
689	-0.988281	-0.994141
690	-1.000000	-1.000000
691	-0.984375	-0.992188
692	-0.992188	-0.996094
693	-0.992188	-0.996094
694	-0.988281	-0.994141
695	-0.996094	-0.998047
696	-0.996094	-0.998047
697	-0.988281	-0.994141
698	-0.992188	-0.996094
699	-1.000000	-1.000000
700	-0.988281	-0.994141
701	-0.994141	-0.996094
702	-1.000000	-1.000000
703	-0.988281	-0.994141
704	-0.992188	-0.996094
705	-1.000000	-1.000000
706	-0.992188	-0.996094
707	-0.992188	-0.996094
708	-0.992188	-0.996094
709	-1.000000	-1.000000
710	-1.000000	-1.000000
711	-1.000000	-1.000000
712	-0.996094	-0.998047
713	-0.988281	-0.994141
714	-0.992188	-0.996094
715	-0.980469	-0.990234
716	-0.996094	-0.998047
717	-0.984375	-0.992188
718	-1.000000	-1.000000
719	-0.996094	-0.998047
720	-0.996094	-0.998047
721	-0.988281	-0.994141
722	-0.988281	-0.994141
723	-0.990234	-0.994141
724	-0.996094	-0.998047
725	-1.000000	-1.000000
726	-0.986328	-0.992188
727	-1.000000	-1.000000
728	-0.988281	-0.994141
729	-0.992188	-0.996094
730	-0.988281	-0.994141
731	-0.996094	-0.998047
732	-0.992188	-0.996094
733	-0.996094	-0.998047
734	-0.992188	-0.996094
735	-0.984375	-0.992188
736	-0.996094	-0.998047
737	-0.988281	-0.994141
738	-0.988281	-0.994141
739	-0.996094	-0.998047
740	-0.988281	-0.994141
741	-0.994141	-0.996094
742	-0.984375	-0.992188
743	-0.996094	-0.998047
744	-1.000000	-1.000000
745	-0.992188	-0.996094
746	-0.988281	-0.994141
747	-1.000000	-1.000000
748	-1.000000	-1.000000
749	-1.000000	-1.000000
750	-0.988281	-0.994141
751	-0.992188	-0.996094
752	-0.996094	-0.998047
753	-1.000000	-1.000000
754	-0.982422	-0.990234
755	-1.000000	-1.000000
756	-1.000000	-1.000000
757	-0.988281	-0.994141
758	-1.000000	-1.000000
759	-0.996094	-0.998047
760	-0.996094	-0.998047
761	-1.000000	-1.000000
762	-0.992188	-0.996094
763	-0.996094	-0.998047
764	-1.000000	-1.000000
765	-0.996094	-0.998047
766	-0.988281	-0.994141
767	-0.996094	-0.998047
768	-0.992188	-0.996094
769	-0.996094	-0.998047
770	-1.000000	-1.000000
771	-0.996094	-0.998047
772	-1.000000	-1.000000
773	-1.000000	-1.000000
774	-0.990234	-0.994141
775	-1.000000	-1.000000
776	-0.992188	-0.996094
777	-0.996094	-0.998047
778	-0.992188	-0.996094
779	-0.990234	-0.994141
780	-0.992188	-0.996094
781	-0.992188	-0.996094
782	-0.980469	-0.990234
783	-0.996094	-0.998047
784	-0.996094	-0.998047
785	-0.984375	-0.986328
786	-0.996094	-0.998047
787	-0.990234	-0.994141
788	-1.000000	-1.000000
789	-0.996094	-0.998047
790	-0.992188	-0.996094
791	-0.992188	-0.996094
792	-1.000000	-1.000000
793	-1.000000	-1.000000
794	-0.992188	-0.996094
795	-0.980469	-0.990234
796	-0.984375	-0.992188
797	-0.988281	-0.994141
798	-0.980469	-0.990234
799	-0.996094	-0.998047
800	-1.000000	-1.000000
801	-0.990234	-0.994141
802	-0.996094	-0.998047
803	-1.000000	-1.000000
804	-0.992188	-0.996094
805	-0.996094	-0.998047
806	-0.992188	-0.996094
807	-0.992188	-0.996094
808	-0.986328	-0.992188
809	-0.988281	-0.994141
810	-0.996094	-0.998047
811	-0.988281	-0.994141
812	-0.990234	-0.994141
813	-0.988281	-0.994141
814	-1.000000	-1.000000
815	-1.000000	-1.000000
816	-0.982422	-0.990234
817	-0.996094	-0.998047
818	-0.996094	-0.998047
819	-0.996094	-0.998047
820	-0.996094	-0.998047
821	-1.000000	-1.000000
822	-0.992188	-0.996094
823	-0.984375	-0.992188
824	-0.992188	-0.996094
825	-1.000000	-1.000000
826	-1.000000	-1.000000
827	-0.980469	-0.988281
828	-1.000000	-1.000000
829	-0.980469	-0.990234
830	-1.000000	-1.000000
831	-0.980469	-0.988281
832	-0.992188	-0.996094
833	-0.988281	-0.994141
834	-0.988281	-0.994141
835	-0.996094	-0.998047
836	-1.000000	-1.000000
837	-0.992188	-0.996094
838	-0.996094	-0.998047
839	-0.992188	-0.996094
840	-0.992188	-0.996094
841	-0.996094	-0.998047
842	-1.000000	-1.000000
843	-0.996094	-0.998047
844	-0.992188	-0.996094
845	-0.996094	-0.998047
846	-0.996094	-0.998047
847	-0.990234	-0.994141
848	-0.992188	-0.996094
849	-0.984375	-0.992188
850	-0.988281	-0.994141
851	-0.984375	-0.992188
852	-0.996094	-0.998047
853	-0.992188	-0.996094
854	-0.996094	-0.998047
855	-0.986328	-0.992188
856	-0.988281	-0.994141
857	-0.996094	-0.998047
858	-0.992188	-0.996094
859	-0.990234	-0.994141
860	-0.984375	-0.992188
861	-0.996094	-0.998047
862	-0.992188	-0.996094
863	-0.996094	-0.998047
864	-0.992188	-0.996094
865	-0.974609	-0.986328
866	-0.988281	-0.994141
867	-1.000000	-1.000000
868	-0.990234	-0.994141
869	-0.996094	-0.998047
870	-0.988281	-0.994141
871	-0.996094	-0.998047
872	-0.992188	-0.996094
873	-0.980469	-0.988281
874	-0.996094	-0.998047
875	-0.992188	-0.996094
876	-0.992188	-0.996094
877	-0.992188	-0.996094
878	-1.000000	-1.000000
879	-0.996094	-0.998047
880	-0.996094	-0.998047
881	-0.996094	-0.998047
882	-0.996094	-0.998047
883	-0.996094	-0.998047
884	-0.992188	-0.996094
885	-0.996094	-0.998047
886	-0.996094	-0.998047
887	-1.000000	-1.000000
888	-0.992188	-0.996094
889	-1.000000	-1.000000
890	-0.988281	-0.994141
891	-0.996094	-0.998047
892	-0.996094	-0.998047
893	-0.996094	-0.998047
894	-0.988281	-0.994141
895	-0.996094	-0.998047
896	-0.996094	-0.998047
897	-0.996094	-0.998047
898	-1.000000	-1.000000
899	-0.996094	-0.998047
900	-0.996094	-0.998047
901	-0.996094	-0.998047
902	-0.996094	-0.998047
903	-0.996094	-0.998047
904	-0.996094	-0.998047
905	-0.986328	-0.992188
906	-0.982422	-0.990234
907	-1.000000	-1.000000
908	-0.984375	-0.992188
909	-0.984375	-0.992188
910	-0.996094	-0.998047
911	-0.996094	-0.998047
912	-1.000000	-1.000000
913	-0.986328	-0.992188
914	-0.992188	-0.996094
915	-1.000000	-1.000000
916	-1.000000	-1.000000
917	-0.992188	-0.996094
918	-0.992188	-0.996094
919	-0.992188	-0.996094
920	-1.000000	-1.000000
921	-1.000000	-1.000000
922	-0.996094	-0.998047
923	-0.990234	-0.994141
924	-0.988281	-0.994141
925	-0.988281	-0.994141
926	-1.000000	-1.000000
927	-0.988281	-0.994141
928	-0.988281	-0.994141
929	-1.000000	-1.000000
930	-1.000000	-1.000000
931	-0.988281	-0.994141
932	-0.996094	-0.998047
933	-0.988281	-0.994141
934	-1.000000	-1.000000
935	-0.984375	-0.992188
936	-0.992188	-0.996094
937	-0.992188	-0.996094
938	-1.000000	-1.000000
939	-0.996094	-0.998047
940	-0.996094	-0.998047
941	-0.988281	-0.994141
942	-1.000000	-1.000000
943	-0.988281	-0.994141
944	-0.996094	-0.998047
945	-0.996094	-0.998047
946	-0.996094	-0.998047
947	-0.986328	-0.992188
948	-0.992188	-0.996094
949	-0.992188	-0.996094
950	-0.996094	-0.998047
951	-1.000000	-1.000000
952	-0.996094	-0.998047
953	-0.986328	-0.990234
954	-0.992188	-0.996094
955	-0.992188	-0.996094
956	-0.988281	-0.992188
957	-0.986328	-0.992188
958	-1.000000	-1.000000
959	-0.996094	-0.998047
960	-0.992188	-0.996094
961	-1.000000	-1.000000
962	-1.000000	-1.000000
963	-0.992188	-0.996094
964	-0.984375	-0.992188
965	-0.976563	-0.986328
966	-0.988281	-0.994141
967	-0.996094	-0.998047
968	-0.996094	-0.998047
969	-0.992188	-0.996094
970	-0.988281	-0.994141
971	-0.992188	-0.996094
972	-0.988281	-0.994141
973	-0.988281	-0.994141
974	-1.000000	-1.000000
975	-0.988281	-0.992188
976	-0.992188	-0.996094
977	-0.982422	-0.990234
978	-0.988281	-0.994141
979	-1.000000	-1.000000
980	-0.984375	-0.992188
981	-1.000000	-1.000000
982	-0.996094	-0.998047
983	-0.992188	-0.996094
984	-1.000000	-1.000000
985	-1.000000	-1.000000
986	-0.992188	-0.996094
987	-0.992188	-0.996094
988	-0.996094	-0.998047
989	-0.996094	-0.998047
990	-0.996094	-0.998047
991	-0.992188	-0.996094
992	-0.992188	-0.996094
993	-0.988281	-0.994141
994	-0.996094	-0.998047
995	-0.996094	-0.998047
996	-0.992188	-0.996094
997	-0.994141	-0.996094
998	-0.988281	-0.994141
999	-0.988281	-0.994141
