0	-0.820313	-0.888672
1	-0.878906	-0.927734
2	-0.839844	-0.892578
3	-0.833984	-0.894531
4	-0.843750	-0.892578
5	-0.867188	-0.910156
6	-0.914063	-0.947266
7	-0.873047	-0.923828
8	-0.832031	-0.880859
9	-0.851563	-0.878906
10	-0.855469	-0.902344
11	-0.800781	-0.824219
12	-0.853516	-0.908203
13	-0.814453	-0.880859
14	-0.867188	-0.908203
15	-0.830078	-0.871094
16	-0.818359	-0.886719
17	-0.826172	-0.869141
18	-0.814453	-0.886719
19	-0.886719	-0.935547
20	-0.818359	-0.867188
21	-0.832031	-0.851563
22	-0.832031	-0.873047
23	-0.908203	-0.947266
24	-0.861328	-0.914063
25	-0.890625	-0.933594
26	-0.865234	-0.919922
27	-0.896484	-0.931641
28	-0.863281	-0.914063
29	-0.888672	-0.923828
30	-0.816406	-0.845703
31	-0.867188	-0.810547
32	-0.804688	-0.781250
33	-0.839844	-0.878906
34	-0.847656	-0.894531
35	-0.814453	-0.853516
36	-0.898438	-0.941406
37	-0.832031	-0.869141
38	-0.832031	-0.841797
39	-0.867188	-0.912109
40	-0.845703	-0.890625
41	-0.861328	-0.896484
42	-0.875000	-0.910156
43	-0.835938	-0.888672
44	-0.828125	-0.888672
45	-0.828125	-0.865234
46	-0.875000	-0.914063
47	-0.849609	-0.882813
48	-0.871094	-0.916016
49	-0.861328	-0.908203
50	-0.849609	-0.880859
51	-0.853516	-0.898438
52	-0.906250	-0.945313
53	-0.837891	-0.896484
54	-0.906250	-0.945313
55	-0.859375	-0.912109
56	-0.943359	-0.962891
57	-0.900391	-0.939453
58	-0.859375	-0.914063
59	-0.867188	-0.902344
60	-0.890625	-0.929688
61	-0.861328	-0.900391
62	-0.814453	-0.841797
63	-0.863281	-0.906250
64	-0.843750	-0.892578
65	-0.896484	-0.925781
66	-0.818359	-0.857422
67	-0.875000	-0.917969
68	-0.820313	-0.884766
69	-0.863281	-0.900391
70	-0.873047	-0.921875
71	-0.884766	-0.923828
72	-0.871094	-0.917969
73	-0.818359	-0.865234
74	-0.861328	-0.902344
75	-0.806641	-0.847656
76	-0.837891	-0.871094
77	-0.886719	-0.931641
78	-0.847656	-0.906250
79	-0.861328	-0.916016
80	-0.833984	-0.876953
81	-0.816406	-0.847656
82	-0.837891	-0.902344
83	-0.835938	-0.857422
84	-0.857422	-0.894531
85	-0.810547	-0.871094
86	-0.863281	-0.917969
87	-0.871094	-0.904297
88	-0.863281	-0.898438
89	-0.830078	-0.861328
90	-0.857422	-0.916016
91	-0.902344	-0.925781
92	-0.855469	-0.863281
93	-0.859375	-0.904297
94	-0.853516	-0.896484
95	-0.779297	-0.806641
96	-0.851563	-0.810547
97	-0.818359	-0.861328
98	-0.884766	-0.929688
99	-0.845703	-0.861328
100	-0.843750	-0.886719
101	-0.810547	-0.826172
102	-0.839844	-0.886719
103	-0.822266	-0.861328
104	-0.853516	-0.908203
105	-0.845703	-0.900391
106	-0.910156	-0.943359
107	-0.912109	-0.947266
108	-0.919922	-0.953125
109	-0.847656	-0.906250
110	-0.865234	-0.917969
111	-0.878906	-0.876953
112	-0.876953	-0.919922
113	-0.863281	-0.908203
114	-0.873047	-0.912109
115	-0.857422	-0.896484
116	-0.867188	-0.900391
117	-0.884766	-0.935547
118	-0.822266	-0.865234
119	-0.888672	-0.933594
120	-0.830078	-0.882813
121	-0.835938	-0.878906
122	-0.818359	-0.792969
123	-0.890625	-0.927734
124	-0.822266	-0.863281
125	-0.861328	-0.906250
126	-0.806641	-0.839844
127	-0.835938	-0.865234
128	-0.865234	-0.892578
129	-0.822266	-0.863281
130	-0.835938	-0.882813
131	-0.888672	-0.931641
132	-0.882813	-0.925781
133	-0.845703	-0.888672
134	-0.814453	-0.855469
135	-0.851563	-0.892578
136	-0.830078	-0.892578
137	-0.876953	-0.919922
138	-0.845703	-0.900391
139	-0.896484	-0.939453
140	-0.841797	-0.880859
141	-0.771484	-0.777344
142	-0.859375	-0.814453
143	-0.816406	-0.806641
144	-0.841797	-0.884766
145	-0.900391	-0.929688
146	-0.839844	-0.886719
147	-0.878906	-0.917969
148	-0.869141	-0.919922
149	-0.833984	-0.882813
150	-0.871094	-0.919922
151	-0.812500	-0.873047
152	-0.861328	-0.894531
153	-0.843750	-0.886719
154	-0.863281	-0.908203
155	-0.843750	-0.890625
156	-0.833984	-0.896484
157	-0.886719	-0.931641
158	-0.847656	-0.894531
159	-0.843750	-0.902344
160	-0.861328	-0.902344
161	-0.835938	-0.875000
162	-0.857422	-0.900391
163	-0.792969	-0.835938
164	-0.814453	-0.855469
165	-0.839844	-0.888672
166	-0.802734	-0.849609
167	-0.849609	-0.886719
168	-0.859375	-0.898438
169	-0.894531	-0.933594
170	-0.818359	-0.863281
171	-0.873047	-0.919922
172	-0.900391	-0.943359
173	-0.853516	-0.906250
174	-0.886719	-0.923828
175	-0.873047	-0.908203
176	-0.857422	-0.908203
177	-0.906250	-0.943359
178	-0.875000	-0.910156
179	-0.888672	-0.927734
180	-0.851563	-0.892578
181	-0.880859	-0.927734
182	-0.855469	-0.900391
183	-0.820313	-0.843750
184	-0.863281	-0.902344
185	-0.847656	-0.904297
186	-0.859375	-0.917969
187	-0.875000	-0.908203
188	-0.833984	-0.880859
189	-0.876953	-0.925781
190	-0.859375	-0.917969
191	-0.847656	-0.880859
192	-0.869141	-0.917969
193	-0.845703	-0.873047
194	-0.818359	-0.873047
195	-0.839844	-0.896484
196	-0.845703	-0.869141
197	-0.865234	-0.898438
198	-0.845703	-0.902344
199	-0.841797	-0.884766
200	-0.871094	-0.923828
201	-0.822266	-0.873047
202	-0.832031	-0.880859
203	-0.900391	-0.933594
204	-0.896484	-0.919922
205	-0.863281	-0.898438
206	-0.892578	-0.923828
207	-0.873047	-0.919922
208	-0.849609	-0.896484
209	-0.826172	-0.869141
210	-0.847656	-0.882813
211	-0.843750	-0.826172
212	-0.808594	-0.798828
213	-0.867188	-0.914063
214	-0.859375	-0.908203
215	-0.802734	-0.818359
216	-0.873047	-0.912109
217	-0.849609	-0.892578
218	-0.804688	-0.863281
219	-0.884766	-0.929688
220	-0.835938	-0.875000
221	-0.888672	-0.923828
222	-0.828125	-0.886719
223	-0.845703	-0.900391
224	-0.894531	-0.939453
225	-0.876953	-0.910156
226	-0.851563	-0.908203
227	-0.818359	-0.857422
228	-0.863281	-0.902344
229	-0.863281	-0.898438
230	-0.857422	-0.886719
231	-0.906250	-0.939453
232	-0.892578	-0.923828
233	-0.828125	-0.863281
234	-0.892578	-0.933594
235	-0.904297	-0.943359
236	-0.873047	-0.914063
237	-0.886719	-0.914063
238	-0.818359	-0.886719
239	-0.871094	-0.919922
240	-0.857422	-0.910156
241	-0.835938	-0.875000
242	-0.847656	-0.880859
243	-0.855469	-0.908203
244	-0.800781	-0.802734
245	-0.810547	-0.871094
246	-0.878906	-0.919922
247	-0.867188	-0.916016
248	-0.875000	-0.919922
249	-0.855469	-0.888672
250	-0.847656	-0.869141
251	-0.826172	-0.869141
252	-0.884766	-0.919922
253	-0.806641	-0.839844
254	-0.861328	-0.912109
255	-0.869141	-0.917969
256	-0.892578	-0.933594
257	-0.892578	-0.917969
258	-0.812500	-0.816406
259	-0.833984	-0.880859
260	-0.867188	-0.886719
261	-0.810547	-0.851563
262	-0.865234	-0.898438
263	-0.882813	-0.917969
264	-0.853516	-0.900391
265	-0.832031	-0.880859
266	-0.847656	-0.902344
267	-0.912109	-0.951172
268	-0.871094	-0.902344
269	-0.845703	-0.900391
270	-0.837891	-0.808594
271	-0.843750	-0.904297
272	-0.900391	-0.943359
273	-0.824219	-0.867188
274	-0.810547	-0.884766
275	-0.871094	-0.914063
276	-0.886719	-0.917969
277	-0.832031	-0.875000
278	-0.851563	-0.892578
279	-0.867188	-0.919922
280	-0.880859	-0.912109
281	-0.841797	-0.898438
282	-0.845703	-0.902344
283	-0.853516	-0.886719
284	-0.886719	-0.923828
285	-0.892578	-0.927734
286	-0.871094	-0.910156
287	-0.884766	-0.921875
288	-0.851563	-0.900391
289	-0.832031	-0.878906
290	-0.867188	-0.902344
291	-0.839844	-0.878906
292	-0.835938	-0.898438
293	-0.898438	-0.941406
294	-0.857422	-0.894531
295	-0.835938	-0.882813
296	-0.857422	-0.884766
297	-0.857422	-0.867188
298	-0.871094	-0.919922
299	-0.855469	-0.912109
300	-0.871094	-0.919922
301	-0.824219	-0.832031
302	-0.845703	-0.865234
303	-0.845703	-0.888672
304	-0.783203	-0.816406
305	-0.791016	-0.828125
306	-0.843750	-0.882813
307	-0.878906	-0.925781
308	-0.857422	-0.894531
309	-0.857422	-0.904297
310	-0.822266	-0.824219
311	-0.822266	-0.804688
312	-0.896484	-0.931641
313	-0.847656	-0.847656
314	-0.812500	-0.828125
315	-0.845703	-0.869141
316	-0.871094	-0.925781
317	-0.865234	-0.916016
318	-0.892578	-0.939453
319	-0.876953	-0.896484
320	-0.884766	-0.910156
321	-0.886719	-0.921875
322	-0.908203	-0.951172
323	-0.888672	-0.933594
324	-0.865234	-0.906250
325	-0.865234	-0.910156
326	-0.855469	-0.910156
327	-0.853516	-0.896484
328	-0.837891	-0.875000
329	-0.847656	-0.880859
330	-0.849609	-0.898438
331	-0.867188	-0.917969
332	-0.841797	-0.892578
333	-0.882813	-0.927734
334	-0.867188	-0.912109
335	-0.873047	-0.900391
336	-0.878906	-0.914063
337	-0.855469	-0.908203
338	-0.837891	-0.878906
339	-0.816406	-0.863281
340	-0.876953	-0.923828
341	-0.892578	-0.939453
342	-0.869141	-0.921875
343	-0.857422	-0.916016
344	-0.865234	-0.912109
345	-0.855469	-0.886719
346	-0.847656	-0.882813
347	-0.906250	-0.925781
348	-0.884766	-0.921875
349	-0.830078	-0.884766
350	-0.814453	-0.869141
351	-0.916016	-0.955078
352	-0.908203	-0.943359
353	-0.896484	-0.939453
354	-0.833984	-0.835938
355	-0.861328	-0.867188
356	-0.861328	-0.912109
357	-0.849609	-0.900391
358	-0.847656	-0.898438
359	-0.843750	-0.875000
360	-0.835938	-0.867188
361	-0.792969	-0.845703
362	-0.849609	-0.884766
363	-0.833984	-0.876953
364	-0.880859	-0.894531
365	-0.865234	-0.921875
366	-0.828125	-0.875000
367	-0.859375	-0.906250
368	-0.882813	-0.933594
369	-0.814453	-0.859375
370	-0.826172	-0.869141
371	-0.865234	-0.910156
372	-0.904297	-0.935547
373	-0.904297	-0.945313
374	-0.871094	-0.878906
375	-0.818359	-0.830078
376	-0.851563	-0.833984
377	-0.886719	-0.929688
378	-0.841797	-0.890625
379	-0.876953	-0.916016
380	-0.841797	-0.867188
381	-0.865234	-0.884766
382	-0.861328	-0.898438
383	-0.833984	-0.880859
384	-0.798828	-0.845703
385	-0.869141	-0.923828
386	-0.855469	-0.900391
387	-0.835938	-0.884766
388	-0.863281	-0.914063
389	-0.837891	-0.888672
390	-0.835938	-0.867188
391	-0.841797	-0.888672
392	-0.839844	-0.886719
393	-0.892578	-0.925781
394	-0.863281	-0.917969
395	-0.820313	-0.855469
396	-0.855469	-0.843750
397	-0.880859	-0.914063
398	-0.855469	-0.906250
399	-0.839844	-0.890625
400	-0.779297	-0.822266
401	-0.869141	-0.900391
402	-0.812500	-0.867188
403	-0.845703	-0.875000
404	-0.861328	-0.910156
405	-0.882813	-0.923828
406	-0.875000	-0.916016
407	-0.828125	-0.880859
408	-0.871094	-0.916016
409	-0.867188	-0.906250
410	-0.849609	-0.902344
411	-0.861328	-0.914063
412	-0.869141	-0.914063
413	-0.927734	-0.960938
414	-0.912109	-0.943359
415	-0.828125	-0.867188
416	-0.845703	-0.884766
417	-0.839844	-0.882813
418	-0.839844	-0.894531
419	-0.798828	-0.871094
420	-0.873047	-0.919922
421	-0.849609	-0.910156
422	-0.878906	-0.916016
423	-0.876953	-0.925781
424	-0.843750	-0.863281
425	-0.833984	-0.884766
426	-0.863281	-0.914063
427	-0.857422	-0.898438
428	-0.837891	-0.861328
429	-0.796875	-0.841797
430	-0.828125	-0.835938
431	-0.845703	-0.896484
432	-0.843750	-0.894531
433	-0.851563	-0.900391
434	-0.783203	-0.826172
435	-0.880859	-0.925781
436	-0.833984	-0.851563
437	-0.906250	-0.943359
438	-0.869141	-0.919922
439	-0.845703	-0.900391
440	-0.851563	-0.876953
441	-0.873047	-0.910156
442	-0.849609	-0.894531
443	-0.869141	-0.916016
444	-0.855469	-0.908203
445	-0.873047	-0.898438
446	-0.830078	-0.849609
447	-0.878906	-0.908203
448	-0.880859	-0.917969
449	-0.830078	-0.896484
450	-0.851563	-0.890625
451	-0.875000	-0.925781
452	-0.859375	-0.916016
453	-0.816406	-0.814453
454	-0.841797	-0.880859
455	-0.857422	-0.896484
456	-0.833984	-0.888672
457	-0.839844	-0.894531
458	-0.898438	-0.935547
459	-0.833984	-0.875000
460	-0.859375	-0.888672
461	-0.851563	-0.875000
462	-0.847656	-0.882813
463	-0.908203	-0.951172
464	-0.878906	-0.914063
465	-0.873047	-0.925781
466	-0.890625	-0.935547
467	-0.873047	-0.912109
468	-0.833984	-0.863281
469	-0.902344	-0.939453
470	-0.882813	-0.898438
471	-0.871094	-0.908203
472	-0.828125	-0.869141
473	-0.894531	-0.921875
474	-0.859375	-0.894531
475	-0.830078	-0.871094
476	-0.802734	-0.847656
477	-0.886719	-0.921875
478	-0.876953	-0.916016
479	-0.855469	-0.896484
480	-0.824219	-0.882813
481	-0.886719	-0.921875
482	-0.880859	-0.919922
483	-0.835938	-0.865234
484	-0.806641	-0.847656
485	-0.841797	-0.830078
486	-0.847656	-0.875000
487	-0.798828	-0.861328
488	-0.832031	-0.875000
489	-0.865234	-0.894531
490	-0.863281	-0.912109
491	-0.828125	-0.873047
492	-0.859375	-0.863281
493	-0.837891	-0.894531
494	-0.876953	-0.916016
495	-0.873047	-0.910156
496	-0.878906	-0.921875
497	-0.853516	-0.898438
498	-0.865234	-0.910156
499	-0.855469	-0.900391
500	-0.853516	-0.896484
501	-0.876953	-0.908203
502	-0.875000	-0.929688
503	-0.849609	-0.880859
504	-0.843750	-0.859375
505	-0.908203	-0.941406
506	-0.859375	-0.910156
507	-0.837891	-0.894531
508	-0.857422	-0.894531
509	-0.839844	-0.900391
510	-0.876953	-0.923828
511	-0.826172	-0.880859
512	-0.863281	-0.910156
513	-0.835938	-0.896484
514	-0.841797	-0.884766
515	-0.830078	-0.865234
516	-0.853516	-0.896484
517	-0.763672	-0.847656
518	-0.775391	-0.851563
519	-0.896484	-0.929688
520	-0.878906	-0.927734
521	-0.861328	-0.917969
522	-0.806641	-0.871094
523	-0.841797	-0.902344
524	-0.875000	-0.921875
525	-0.888672	-0.927734
526	-0.875000	-0.923828
527	-0.816406	-0.873047
528	-0.851563	-0.898438
529	-0.863281	-0.904297
530	-0.841797	-0.871094
531	-0.884766	-0.929688
532	-0.828125	-0.857422
533	-0.792969	-0.845703
534	-0.820313	-0.816406
535	-0.894531	-0.937500
536	-0.851563	-0.902344
537	-0.851563	-0.910156
538	-0.861328	-0.904297
539	-0.847656	-0.906250
540	-0.824219	-0.865234
541	-0.826172	-0.875000
542	-0.832031	-0.871094
543	-0.855469	-0.902344
544	-0.867188	-0.902344
545	-0.873047	-0.925781
546	-0.796875	-0.843750
547	-0.812500	-0.867188
548	-0.835938	-0.894531
549	-0.873047	-0.908203
550	-0.873047	-0.927734
551	-0.859375	-0.902344
552	-0.853516	-0.880859
553	-0.814453	-0.833984
554	-0.847656	-0.824219
555	-0.847656	-0.867188
556	-0.802734	-0.837891
557	-0.832031	-0.871094
558	-0.833984	-0.873047
559	-0.824219	-0.880859
560	-0.867188	-0.917969
561	-0.888672	-0.923828
562	-0.837891	-0.869141
563	-0.792969	-0.816406
564	-0.849609	-0.906250
565	-0.837891	-0.890625
566	-0.873047	-0.912109
567	-0.843750	-0.894531
568	-0.876953	-0.921875
569	-0.822266	-0.863281
570	-0.800781	-0.824219
571	-0.828125	-0.890625
572	-0.839844	-0.876953
573	-0.843750	-0.894531
574	-0.839844	-0.886719
575	-0.785156	-0.804688
576	-0.869141	-0.917969
577	-0.822266	-0.847656
578	-0.865234	-0.882813
579	-0.849609	-0.886719
580	-0.855469	-0.871094
581	-0.865234	-0.919922
582	-0.861328	-0.902344
583	-0.855469	-0.902344
584	-0.892578	-0.933594
585	-0.847656	-0.906250
586	-0.875000	-0.912109
587	-0.888672	-0.935547
588	-0.855469	-0.835938
589	-0.818359	-0.818359
590	-0.851563	-0.890625
591	-0.908203	-0.941406
592	-0.878906	-0.916016
593	-0.875000	-0.904297
594	-0.875000	-0.890625
595	-0.814453	-0.875000
596	-0.886719	-0.929688
597	-0.845703	-0.894531
598	-0.865234	-0.900391
599	-0.882813	-0.923828
600	-0.851563	-0.902344
601	-0.873047	-0.906250
602	-0.873047	-0.912109
603	-0.798828	-0.847656
604	-0.833984	-0.853516
605	-0.802734	-0.828125
606	-0.876953	-0.925781
607	-0.851563	-0.886719
608	-0.849609	-0.875000
609	-0.792969	-0.781250
610	-0.835938	-0.859375
611	-0.818359	-0.835938
612	-0.867188	-0.894531
613	-0.892578	-0.931641
614	-0.855469	-0.906250
615	-0.833984	-0.890625
616	-0.859375	-0.906250
617	-0.888672	-0.927734
618	-0.861328	-0.898438
619	-0.896484	-0.910156
620	-0.859375	-0.912109
621	-0.857422	-0.863281
622	-0.898438	-0.939453
623	-0.875000	-0.917969
624	-0.875000	-0.912109
625	-0.849609	-0.896484
626	-0.871094	-0.894531
627	-0.869141	-0.919922
628	-0.865234	-0.917969
629	-0.810547	-0.824219
630	-0.861328	-0.917969
631	-0.863281	-0.908203
632	-0.806641	-0.837891
633	-0.845703	-0.882813
634	-0.833984	-0.896484
635	-0.806641	-0.859375
636	-0.849609	-0.892578
637	-0.871094	-0.912109
638	-0.820313	-0.839844
639	-0.800781	-0.867188
640	-0.835938	-0.863281
641	-0.835938	-0.863281
642	-0.865234	-0.921875
643	-0.894531	-0.931641
644	-0.843750	-0.888672
645	-0.867188	-0.892578
646	-0.851563	-0.892578
647	-0.826172	-0.882813
648	-0.859375	-0.896484
649	-0.900391	-0.943359
650	-0.841797	-0.898438
651	-0.869141	-0.917969
652	-0.886719	-0.927734
653	-0.890625	-0.935547
654	-0.830078	-0.880859
655	-0.892578	-0.921875
656	-0.826172	-0.861328
657	-0.867188	-0.921875
658	-0.816406	-0.843750
659	-0.832031	-0.894531
660	-0.824219	-0.869141
661	-0.867188	-0.908203
662	-0.853516	-0.890625
663	-0.818359	-0.875000
664	-0.837891	-0.867188
665	-0.810547	-0.886719
666	-0.847656	-0.898438
667	-0.888672	-0.898438
668	-0.861328	-0.908203
669	-0.828125	-0.878906
670	-0.837891	-0.886719
671	-0.845703	-0.880859
672	-0.845703	-0.873047
673	-0.876953	-0.927734
674	-0.845703	-0.902344
675	-0.849609	-0.890625
676	-0.869141	-0.910156
677	-0.855469	-0.902344
678	-0.886719	-0.925781
679	-0.851563	-0.894531
680	-0.820313	-0.855469
681	-0.783203	-0.800781
682	-0.863281	-0.896484
683	-0.849609	-0.894531
684	-0.837891	-0.892578
685	-0.833984	-0.896484
686	-0.847656	-0.884766
687	-0.837891	-0.873047
688	-0.843750	-0.882813
689	-0.857422	-0.906250
690	-0.822266	-0.880859
691	-0.818359	-0.882813
692	-0.798828	-0.873047
693	-0.781250	-0.841797
694	-0.837891	-0.902344
695	-0.830078	-0.875000
696	-0.812500	-0.882813
697	-0.818359	-0.853516
698	-0.853516	-0.916016
699	-0.798828	-0.839844
700	-0.828125	-0.871094
701	-0.869141	-0.917969
702	-0.910156	-0.949219
703	-0.871094	-0.919922
704	-0.859375	-0.910156
705	-0.886719	-0.921875
706	-0.884766	-0.929688
707	-0.869141	-0.912109
708	-0.880859	-0.925781
709	-0.894531	-0.929688
710	-0.828125	-0.876953
711	-0.865234	-0.910156
712	-0.869141	-0.917969
713	-0.853516	-0.892578
714	-0.857422	-0.906250
715	-0.839844	-0.900391
716	-0.828125	-0.884766
717	-0.810547	-0.863281
718	-0.847656	-0.894531
719	-0.896484	-0.929688
720	-0.919922	-0.955078
721	-0.845703	-0.906250
722	-0.849609	-0.906250
723	-0.833984	-0.880859
724	-0.843750	-0.888672
725	-0.902344	-0.943359
726	-0.791016	-0.826172
727	-0.835938	-0.890625
728	-0.861328	-0.906250
729	-0.798828	-0.851563
730	-0.820313	-0.857422
731	-0.882813	-0.927734
732	-0.888672	-0.925781
733	-0.861328	-0.912109
734	-0.904297	-0.939453
735	-0.931641	-0.962891
736	-0.869141	-0.916016
737	-0.908203	-0.943359
738	-0.876953	-0.923828
739	-0.863281	-0.898438
740	-0.843750	-0.869141
741	-0.888672	-0.927734
742	-0.847656	-0.884766
743	-0.876953	-0.912109
744	-0.871094	-0.902344
745	-0.833984	-0.857422
746	-0.792969	-0.851563
747	-0.832031	-0.884766
748	-0.859375	-0.912109
749	-0.894531	-0.921875
750	-0.839844	-0.902344
751	-0.873047	-0.917969
752	-0.871094	-0.923828
753	-0.837891	-0.886719
754	-0.855469	-0.917969
755	-0.878906	-0.896484
756	-0.871094	-0.919922
757	-0.839844	-0.892578
758	-0.849609	-0.880859
759	-0.847656	-0.849609
760	-0.888672	-0.925781
761	-0.867188	-0.894531
762	-0.888672	-0.929688
763	-0.900391	-0.945313
764	-0.859375	-0.884766
765	-0.876953	-0.917969
766	-0.867188	-0.912109
767	-0.875000	-0.917969
768	-0.839844	-0.871094
769	-0.878906	-0.919922
770	-0.841797	-0.888672
771	-0.878906	-0.927734
772	-0.857422	-0.906250
773	-0.769531	-0.800781
774	-0.843750	-0.904297
775	-0.798828	-0.855469
776	-0.855469	-0.886719
777	-0.875000	-0.908203
778	-0.845703	-0.888672
779	-0.830078	-0.882813
780	-0.826172	-0.882813
781	-0.855469	-0.912109
782	-0.847656	-0.886719
783	-0.830078	-0.886719
784	-0.841797	-0.884766
785	-0.884766	-0.886719
786	-0.882813	-0.902344
787	-0.792969	-0.857422
788	-0.873047	-0.914063
789	-0.882813	-0.910156
790	-0.917969	-0.951172
791	-0.835938	-0.869141
792	-0.843750	-0.896484
793	-0.875000	-0.921875
794	-0.875000	-0.908203
795	-0.845703	-0.839844
796	-0.863281	-0.914063
797	-0.867188	-0.916016
798	-0.814453	-0.849609
799	-0.830078	-0.888672
800	-0.845703	-0.882813
801	-0.900391	-0.945313
802	-0.894531	-0.927734
803	-0.843750	-0.886719
804	-0.771484	-0.789063
805	-0.833984	-0.845703
806	-0.851563	-0.843750
807	-0.843750	-0.873047
808	-0.851563	-0.876953
809	-0.808594	-0.865234
810	-0.818359	-0.867188
811	-0.845703	-0.884766
812	-0.839844	-0.898438
813	-0.847656	-0.898438
814	-0.816406	-0.861328
815	-0.878906	-0.919922
816	-0.890625	-0.906250
817	-0.845703	-0.892578
818	-0.845703	-0.882813
819	-0.781250	-0.828125
820	-0.894531	-0.939453
821	-0.851563	-0.904297
822	-0.841797	-0.898438
823	-0.876953	-0.912109
824	-0.871094	-0.916016
825	-0.873047	-0.933594
826	-0.841797	-0.896484
827	-0.830078	-0.869141
828	-0.820313	-0.863281
829	-0.853516	-0.910156
830	-0.816406	-0.822266
831	-0.841797	-0.890625
832	-0.902344	-0.943359
833	-0.857422	-0.900391
834	-0.867188	-0.917969
835	-0.835938	-0.847656
836	-0.855469	-0.884766
837	-0.841797	-0.880859
838	-0.867188	-0.919922
839	-0.824219	-0.867188
840	-0.851563	-0.871094
841	-0.771484	-0.822266
842	-0.873047	-0.923828
843	-0.875000	-0.910156
844	-0.830078	-0.890625
845	-0.841797	-0.896484
846	-0.843750	-0.900391
847	-0.855469	-0.904297
848	-0.875000	-0.925781
849	-0.822266	-0.863281
850	-0.798828	-0.783203
851	-0.810547	-0.791016
852	-0.845703	-0.851563
853	-0.925781	-0.949219
854	-0.837891	-0.880859
855	-0.910156	-0.947266
856	-0.882813	-0.921875
857	-0.847656	-0.865234
858	-0.839844	-0.902344
859	-0.873047	-0.921875
860	-0.882813	-0.925781
861	-0.837891	-0.884766
862	-0.851563	-0.892578
863	-0.814453	-0.867188
864	-0.839844	-0.884766
865	-0.863281	-0.894531
866	-0.843750	-0.890625
867	-0.824219	-0.880859
868	-0.882813	-0.921875
869	-0.843750	-0.890625
870	-0.880859	-0.919922
871	-0.873047	-0.919922
872	-0.857422	-0.912109
873	-0.878906	-0.916016
874	-0.871094	-0.916016
875	-0.876953	-0.908203
876	-0.867188	-0.917969
877	-0.876953	-0.912109
878	-0.871094	-0.916016
879	-0.863281	-0.916016
880	-0.830078	-0.878906
881	-0.855469	-0.886719
882	-0.847656	-0.892578
883	-0.857422	-0.898438
884	-0.882813	-0.927734
885	-0.843750	-0.869141
886	-0.863281	-0.919922
887	-0.830078	-0.873047
888	-0.859375	-0.908203
889	-0.896484	-0.941406
890	-0.855469	-0.898438
891	-0.857422	-0.910156
892	-0.845703	-0.888672
893	-0.808594	-0.861328
894	-0.833984	-0.880859
895	-0.808594	-0.839844
896	-0.835938	-0.894531
897	-0.869141	-0.906250
898	-0.845703	-0.871094
899	-0.808594	-0.861328
900	-0.841797	-0.884766
901	-0.814453	-0.867188
902	-0.833984	-0.857422
903	-0.867188	-0.900391
904	-0.833984	-0.880859
905	-0.849609	-0.894531
906	-0.806641	-0.843750
907	-0.873047	-0.900391
908	-0.839844	-0.863281
909	-0.843750	-0.876953
910	-0.878906	-0.910156
911	-0.828125	-0.876953
912	-0.843750	-0.882813
913	-0.871094	-0.919922
914	-0.804688	-0.820313
915	-0.792969	-0.748047
916	-0.785156	-0.837891
917	-0.894531	-0.931641
918	-0.841797	-0.884766
919	-0.875000	-0.892578
920	-0.798828	-0.824219
921	-0.875000	-0.921875
922	-0.853516	-0.884766
923	-0.824219	-0.878906
924	-0.853516	-0.894531
925	-0.923828	-0.951172
926	-0.896484	-0.941406
927	-0.875000	-0.925781
928	-0.865234	-0.902344
929	-0.828125	-0.886719
930	-0.865234	-0.894531
931	-0.904297	-0.945313
932	-0.857422	-0.916016
933	-0.845703	-0.882813
934	-0.855469	-0.876953
935	-0.863281	-0.900391
936	-0.841797	-0.892578
937	-0.810547	-0.863281
938	-0.910156	-0.947266
939	-0.851563	-0.902344
940	-0.867188	-0.904297
941	-0.845703	-0.804688
942	-0.832031	-0.886719
943	-0.898438	-0.933594
944	-0.876953	-0.923828
945	-0.873047	-0.890625
946	-0.806641	-0.826172
947	-0.878906	-0.919922
948	-0.816406	-0.863281
949	-0.822266	-0.859375
950	-0.869141	-0.917969
951	-0.828125	-0.890625
952	-0.804688	-0.863281
953	-0.861328	-0.884766
954	-0.859375	-0.904297
955	-0.839844	-0.898438
956	-0.867188	-0.917969
957	-0.833984	-0.878906
958	-0.863281	-0.917969
959	-0.818359	-0.859375
960	-0.804688	-0.845703
961	-0.851563	-0.802734
962	-0.804688	-0.796875
963	-0.867188	-0.916016
964	-0.869141	-0.917969
965	-0.873047	-0.916016
966	-0.861328	-0.912109
967	-0.890625	-0.927734
968	-0.841797	-0.902344
969	-0.830078	-0.882813
970	-0.894531	-0.935547
971	-0.837891	-0.875000
972	-0.871094	-0.896484
973	-0.888672	-0.921875
974	-0.859375	-0.914063
975	-0.902344	-0.939453
976	-0.880859	-0.931641
977	-0.835938	-0.886719
978	-0.861328	-0.912109
979	-0.867188	-0.912109
980	-0.875000	-0.916016
981	-0.826172	-0.875000
982	-0.865234	-0.914063
983	-0.818359	-0.853516
984	-0.849609	-0.904297
985	-0.853516	-0.900391
986	-0.853516	-0.892578
987	-0.865234	-0.904297
988	-0.859375	-0.910156
989	-0.833984	-0.892578
990	-0.876953	-0.912109
991	-0.892578	-0.929688
992	-0.851563	-0.892578
993	-0.859375	-0.906250
994	-0.843750	-0.886719
995	-0.878906	-0.919922
996	-0.894531	-0.923828
997	-0.875000	-0.910156
998	-0.869141	-0.902344
999	-0.824219	-0.861328
