0	-0.972656	-0.984375
1	-0.982422	-0.990234
2	-0.980469	-0.990234
3	-0.984375	-0.992188
4	-0.978516	-0.988281
5	-0.974609	-0.986328
6	-0.988281	-0.994141
7	-0.980469	-0.986328
8	-0.976563	-0.988281
9	-0.957031	-0.974609
10	-0.970703	-0.982422
11	-0.976563	-0.986328
12	-0.978516	-0.980469
13	-0.980469	-0.988281
14	-0.978516	-0.988281
15	-0.972656	-0.986328
16	-0.986328	-0.992188
17	-0.982422	-0.990234
18	-0.978516	-0.988281
19	-0.976563	-0.988281
20	-0.978516	-0.988281
21	-0.986328	-0.992188
22	-0.980469	-0.988281
23	-0.988281	-0.994141
24	-0.972656	-0.986328
25	-0.982422	-0.990234
26	-0.992188	-0.996094
27	-0.986328	-0.992188
28	-0.984375	-0.990234
29	-0.984375	-0.992188
30	-0.972656	-0.984375
31	-0.986328	-0.992188
32	-0.966797	-0.980469
33	-0.970703	-0.982422
34	-0.984375	-0.992188
35	-0.970703	-0.984375
36	-0.964844	-0.980469
37	-0.980469	-0.990234
38	-0.980469	-0.990234
39	-0.976563	-0.988281
40	-0.966797	-0.982422
41	-0.978516	-0.986328
42	-0.980469	-0.990234
43	-0.996094	-0.998047
44	-0.980469	-0.990234
45	-0.976563	-0.988281
46	-0.968750	-0.984375
47	-0.968750	-0.982422
48	-0.988281	-0.994141
49	-0.990234	-0.994141
50	-0.996094	-0.998047
51	-0.957031	-0.974609
52	-0.968750	-0.982422
53	-0.984375	-0.992188
54	-0.980469	-0.990234
55	-0.970703	-0.984375
56	-0.980469	-0.988281
57	-0.972656	-0.986328
58	-0.978516	-0.988281
59	-0.984375	-0.992188
60	-0.966797	-0.982422
61	-0.984375	-0.990234
62	-0.992188	-0.996094
63	-0.980469	-0.990234
64	-0.978516	-0.988281
65	-0.988281	-0.994141
66	-0.988281	-0.994141
67	-0.984375	-0.992188
68	-0.980469	-0.990234
69	-0.976563	-0.986328
70	-0.980469	-0.990234
71	-0.982422	-0.990234
72	-0.980469	-0.990234
73	-0.984375	-0.992188
74	-0.988281	-0.994141
75	-0.988281	-0.994141
76	-0.988281	-0.994141
77	-0.988281	-0.994141
78	-0.978516	-0.988281
79	-0.996094	-0.998047
80	-0.978516	-0.988281
81	-0.986328	-0.992188
82	-0.982422	-0.990234
83	-0.982422	-0.990234
84	-0.978516	-0.988281
85	-0.992188	-0.996094
86	-0.992188	-0.996094
87	-0.976563	-0.988281
88	-0.974609	-0.984375
89	-0.968750	-0.984375
90	-0.978516	-0.988281
91	-0.972656	-0.986328
92	-0.984375	-0.992188
93	-0.968750	-0.984375
94	-0.976563	-0.988281
95	-0.980469	-0.988281
96	-0.972656	-0.984375
97	-0.958984	-0.976563
98	-0.966797	-0.982422
99	-0.972656	-0.984375
100	-0.976563	-0.986328
101	-0.982422	-0.990234
102	-0.958984	-0.978516
103	-0.986328	-0.992188
104	-0.980469	-0.990234
105	-0.976563	-0.986328
106	-0.968750	-0.982422
107	-0.964844	-0.980469
108	-0.982422	-0.990234
109	-0.980469	-0.988281
110	-0.982422	-0.990234
111	-0.992188	-0.996094
112	-0.974609	-0.984375
113	-0.980469	-0.990234
114	-0.966797	-0.980469
115	-0.972656	-0.984375
116	-0.974609	-0.986328
117	-0.978516	-0.988281
118	-0.980469	-0.990234
119	-0.960938	-0.978516
120	-0.978516	-0.986328
121	-0.976563	-0.986328
122	-0.988281	-0.994141
123	-0.976563	-0.986328
124	-0.992188	-0.996094
125	-0.966797	-0.980469
126	-0.976563	-0.988281
127	-0.974609	-0.984375
128	-0.988281	-0.994141
129	-0.976563	-0.986328
130	-0.992188	-0.996094
131	-0.984375	-0.992188
132	-0.996094	-0.998047
133	-0.988281	-0.994141
134	-0.982422	-0.990234
135	-0.984375	-0.992188
136	-0.955078	-0.974609
137	-0.982422	-0.990234
138	-0.972656	-0.984375
139	-0.974609	-0.986328
140	-0.980469	-0.988281
141	-0.996094	-0.998047
142	-0.957031	-0.976563
143	-0.984375	-0.992188
144	-0.980469	-0.990234
145	-0.974609	-0.986328
146	-0.980469	-0.990234
147	-0.970703	-0.982422
148	-0.982422	-0.990234
149	-0.992188	-0.996094
150	-0.974609	-0.986328
151	-0.978516	-0.986328
152	-0.984375	-0.992188
153	-0.976563	-0.988281
154	-0.972656	-0.984375
155	-0.970703	-0.984375
156	-0.982422	-0.990234
157	-0.974609	-0.986328
158	-0.968750	-0.982422
159	-0.996094	-0.998047
160	-0.988281	-0.994141
161	-0.970703	-0.984375
162	-0.996094	-0.998047
163	-0.980469	-0.990234
164	-0.992188	-0.996094
165	-0.972656	-0.984375
166	-0.970703	-0.984375
167	-0.972656	-0.982422
168	-0.992188	-0.996094
169	-0.988281	-0.994141
170	-0.972656	-0.986328
171	-0.992188	-0.996094
172	-0.984375	-0.992188
173	-0.958984	-0.976563
174	-0.976563	-0.988281
175	-0.984375	-0.992188
176	-0.972656	-0.986328
177	-0.976563	-0.988281
178	-0.968750	-0.982422
179	-0.984375	-0.992188
180	-0.980469	-0.990234
181	-0.976563	-0.988281
182	-0.988281	-0.994141
183	-0.972656	-0.986328
184	-0.960938	-0.978516
185	-0.978516	-0.986328
186	-0.974609	-0.986328
187	-0.984375	-0.992188
188	-0.988281	-0.994141
189	-0.976563	-0.988281
190	-0.982422	-0.990234
191	-0.978516	-0.988281
192	-0.980469	-0.986328
193	-0.978516	-0.988281
194	-0.978516	-0.988281
195	-0.955078	-0.974609
196	-0.986328	-0.992188
197	-0.992188	-0.996094
198	-0.970703	-0.984375
199	-0.996094	-0.998047
200	-0.986328	-0.992188
201	-0.978516	-0.988281
202	-0.988281	-0.994141
203	-0.966797	-0.982422
204	-0.974609	-0.982422
205	-0.982422	-0.990234
206	-0.988281	-0.994141
207	-0.974609	-0.986328
208	-0.974609	-0.986328
209	-0.968750	-0.982422
210	-0.986328	-0.992188
211	-0.970703	-0.982422
212	-0.958984	-0.978516
213	-0.964844	-0.982422
214	-0.974609	-0.986328
215	-0.970703	-0.984375
216	-0.992188	-0.996094
217	-0.992188	-0.996094
218	-0.976563	-0.986328
219	-0.972656	-0.980469
220	-0.972656	-0.984375
221	-0.988281	-0.994141
222	-0.982422	-0.990234
223	-0.992188	-0.996094
224	-0.976563	-0.988281
225	-0.968750	-0.984375
226	-0.980469	-0.988281
227	-0.976563	-0.988281
228	-0.980469	-0.988281
229	-0.978516	-0.988281
230	-0.972656	-0.986328
231	-0.992188	-0.996094
232	-0.988281	-0.992188
233	-0.988281	-0.994141
234	-0.980469	-0.990234
235	-0.974609	-0.984375
236	-0.951172	-0.972656
237	-0.970703	-0.984375
238	-0.988281	-0.994141
239	-0.992188	-0.996094
240	-0.980469	-0.988281
241	-0.992188	-0.996094
242	-0.968750	-0.982422
243	-0.984375	-0.992188
244	-0.976563	-0.986328
245	-0.970703	-0.984375
246	-0.978516	-0.988281
247	-0.988281	-0.994141
248	-0.968750	-0.982422
249	-0.984375	-0.992188
250	-0.976563	-0.986328
251	-0.982422	-0.990234
252	-1.000000	-1.000000
253	-0.974609	-0.986328
254	-0.972656	-0.986328
255	-0.984375	-0.992188
256	-0.980469	-0.990234
257	-0.972656	-0.986328
258	-0.982422	-0.990234
259	-0.992188	-0.996094
260	-0.974609	-0.986328
261	-0.972656	-0.986328
262	-0.974609	-0.986328
263	-0.996094	-0.998047
264	-0.984375	-0.992188
265	-0.968750	-0.982422
266	-0.984375	-0.992188
267	-0.988281	-0.994141
268	-0.976563	-0.988281
269	-0.976563	-0.988281
270	-0.970703	-0.984375
271	-0.968750	-0.982422
272	-0.972656	-0.986328
273	-0.937500	-0.962891
274	-0.960938	-0.978516
275	-0.968750	-0.982422
276	-0.978516	-0.988281
277	-0.976563	-0.988281
278	-0.984375	-0.992188
279	-0.970703	-0.984375
280	-0.982422	-0.990234
281	-0.980469	-0.990234
282	-0.988281	-0.994141
283	-0.978516	-0.988281
284	-0.972656	-0.986328
285	-0.964844	-0.978516
286	-0.974609	-0.986328
287	-0.968750	-0.984375
288	-0.988281	-0.994141
289	-0.970703	-0.984375
290	-0.988281	-0.994141
291	-0.957031	-0.976563
292	-0.972656	-0.984375
293	-0.972656	-0.986328
294	-0.976563	-0.988281
295	-0.958984	-0.978516
296	-0.966797	-0.980469
297	-0.974609	-0.986328
298	-0.970703	-0.984375
299	-0.992188	-0.996094
300	-0.992188	-0.996094
301	-0.970703	-0.984375
302	-0.982422	-0.990234
303	-0.980469	-0.990234
304	-0.974609	-0.986328
305	-0.978516	-0.988281
306	-0.984375	-0.992188
307	-0.968750	-0.982422
308	-0.970703	-0.984375
309	-0.984375	-0.992188
310	-0.972656	-0.986328
311	-0.984375	-0.992188
312	-0.992188	-0.996094
313	-0.957031	-0.974609
314	-0.992188	-0.996094
315	-0.992188	-0.996094
316	-0.984375	-0.992188
317	-0.992188	-0.996094
318	-0.988281	-0.994141
319	-0.988281	-0.994141
320	-0.974609	-0.986328
321	-0.972656	-0.984375
322	-0.972656	-0.986328
323	-0.978516	-0.988281
324	-0.994141	-0.996094
325	-0.974609	-0.986328
326	-0.966797	-0.982422
327	-0.984375	-0.992188
328	-0.962891	-0.980469
329	-0.990234	-0.994141
330	-0.980469	-0.990234
331	-0.986328	-0.992188
332	-0.968750	-0.982422
333	-0.976563	-0.988281
334	-0.974609	-0.986328
335	-0.978516	-0.988281
336	-0.980469	-0.988281
337	-0.992188	-0.996094
338	-0.966797	-0.982422
339	-0.986328	-0.992188
340	-0.988281	-0.994141
341	-0.984375	-0.992188
342	-0.992188	-0.996094
343	-0.976563	-0.988281
344	-0.992188	-0.996094
345	-0.988281	-0.994141
346	-0.978516	-0.988281
347	-0.976563	-0.988281
348	-0.970703	-0.984375
349	-0.984375	-0.992188
350	-0.996094	-0.998047
351	-0.978516	-0.988281
352	-0.976563	-0.988281
353	-0.972656	-0.986328
354	-0.947266	-0.966797
355	-0.972656	-0.986328
356	-0.974609	-0.984375
357	-0.976563	-0.988281
358	-0.976563	-0.988281
359	-0.970703	-0.984375
360	-0.972656	-0.984375
361	-0.976563	-0.988281
362	-0.992188	-0.996094
363	-0.962891	-0.978516
364	-0.980469	-0.990234
365	-0.988281	-0.994141
366	-0.980469	-0.988281
367	-0.974609	-0.986328
368	-0.976563	-0.986328
369	-0.982422	-0.988281
370	-0.990234	-0.994141
371	-0.982422	-0.990234
372	-0.970703	-0.984375
373	-0.992188	-0.996094
374	-0.972656	-0.986328
375	-0.972656	-0.986328
376	-0.992188	-0.996094
377	-0.976563	-0.988281
378	-0.972656	-0.984375
379	-0.964844	-0.980469
380	-0.982422	-0.990234
381	-0.982422	-0.990234
382	-0.972656	-0.984375
383	-0.974609	-0.986328
384	-0.970703	-0.982422
385	-0.980469	-0.990234
386	-0.992188	-0.996094
387	-0.984375	-0.992188
388	-0.972656	-0.986328
389	-0.982422	-0.990234
390	-0.974609	-0.986328
391	-0.972656	-0.984375
392	-0.986328	-0.992188
393	-0.984375	-0.990234
394	-0.978516	-0.988281
395	-0.980469	-0.990234
396	-0.986328	-0.992188
397	-0.978516	-0.988281
398	-0.982422	-0.990234
399	-0.955078	-0.970703
400	-0.988281	-0.994141
401	-0.972656	-0.984375
402	-0.980469	-0.990234
403	-0.978516	-0.988281
404	-0.982422	-0.990234
405	-0.976563	-0.988281
406	-0.968750	-0.982422
407	-0.972656	-0.984375
408	-0.960938	-0.978516
409	-0.986328	-0.992188
410	-0.974609	-0.986328
411	-0.992188	-0.996094
412	-0.992188	-0.996094
413	-0.972656	-0.984375
414	-0.957031	-0.976563
415	-0.976563	-0.988281
416	-0.976563	-0.986328
417	-0.992188	-0.996094
418	-0.996094	-0.998047
419	-0.968750	-0.980469
420	-0.996094	-0.998047
421	-0.947266	-0.972656
422	-0.978516	-0.988281
423	-0.992188	-0.996094
424	-0.962891	-0.980469
425	-0.976563	-0.986328
426	-0.976563	-0.988281
427	-0.988281	-0.994141
428	-0.980469	-0.988281
429	-0.974609	-0.984375
430	-0.972656	-0.984375
431	-0.968750	-0.982422
432	-0.988281	-0.994141
433	-0.988281	-0.994141
434	-0.972656	-0.986328
435	-0.992188	-0.996094
436	-0.984375	-0.992188
437	-0.960938	-0.978516
438	-0.972656	-0.984375
439	-0.984375	-0.992188
440	-0.970703	-0.984375
441	-0.978516	-0.988281
442	-0.988281	-0.994141
443	-0.978516	-0.988281
444	-0.980469	-0.988281
445	-0.996094	-0.998047
446	-0.966797	-0.982422
447	-0.970703	-0.984375
448	-0.988281	-0.994141
449	-0.980469	-0.988281
450	-0.982422	-0.990234
451	-0.976563	-0.986328
452	-0.970703	-0.984375
453	-0.984375	-0.990234
454	-0.984375	-0.992188
455	-0.968750	-0.982422
456	-0.974609	-0.986328
457	-0.988281	-0.994141
458	-0.984375	-0.992188
459	-0.988281	-0.994141
460	-0.978516	-0.988281
461	-0.984375	-0.992188
462	-0.990234	-0.994141
463	-0.990234	-0.994141
464	-0.978516	-0.984375
465	-0.982422	-0.990234
466	-0.980469	-0.990234
467	-0.988281	-0.994141
468	-0.976563	-0.988281
469	-0.988281	-0.994141
470	-0.980469	-0.988281
471	-0.984375	-0.992188
472	-0.992188	-0.996094
473	-0.976563	-0.986328
474	-0.974609	-0.986328
475	-0.964844	-0.980469
476	-0.970703	-0.984375
477	-0.980469	-0.990234
478	-0.964844	-0.978516
479	-0.966797	-0.980469
480	-0.972656	-0.986328
481	-0.966797	-0.982422
482	-0.968750	-0.982422
483	-0.980469	-0.990234
484	-0.988281	-0.994141
485	-0.984375	-0.992188
486	-0.974609	-0.986328
487	-0.992188	-0.996094
488	-0.982422	-0.990234
489	-0.988281	-0.994141
490	-0.982422	-0.990234
491	-0.972656	-0.986328
492	-0.980469	-0.988281
493	-0.978516	-0.988281
494	-0.980469	-0.990234
495	-0.990234	-0.994141
496	-0.966797	-0.980469
497	-0.974609	-0.984375
498	-0.970703	-0.984375
499	-0.984375	-0.992188
500	-0.966797	-0.982422
501	-0.982422	-0.990234
502	-0.992188	-0.996094
503	-0.970703	-0.984375
504	-0.988281	-0.994141
505	-0.996094	-0.998047
506	-0.980469	-0.990234
507	-0.996094	-0.998047
508	-0.992188	-0.996094
509	-0.972656	-0.984375
510	-0.972656	-0.986328
511	-0.976563	-0.988281
512	-0.974609	-0.986328
513	-0.966797	-0.982422
514	-0.988281	-0.994141
515	-0.988281	-0.994141
516	-0.978516	-0.988281
517	-0.970703	-0.984375
518	-0.988281	-0.994141
519	-0.978516	-0.988281
520	-0.976563	-0.986328
521	-0.982422	-0.990234
522	-0.988281	-0.994141
523	-0.978516	-0.988281
524	-0.988281	-0.994141
525	-0.978516	-0.988281
526	-0.978516	-0.986328
527	-0.988281	-0.994141
528	-0.958984	-0.978516
529	-0.988281	-0.994141
530	-0.982422	-0.990234
531	-0.980469	-0.990234
532	-0.966797	-0.982422
533	-0.996094	-0.998047
534	-0.988281	-0.994141
535	-0.957031	-0.976563
536	-0.988281	-0.994141
537	-0.968750	-0.982422
538	-0.988281	-0.994141
539	-0.972656	-0.986328
540	-0.939453	-0.957031
541	-0.992188	-0.996094
542	-0.974609	-0.986328
543	-0.982422	-0.990234
544	-0.964844	-0.980469
545	-0.982422	-0.990234
546	-0.982422	-0.990234
547	-0.978516	-0.988281
548	-0.988281	-0.994141
549	-0.978516	-0.988281
550	-0.994141	-0.996094
551	-0.980469	-0.990234
552	-0.980469	-0.990234
553	-0.978516	-0.988281
554	-0.972656	-0.984375
555	-0.992188	-0.996094
556	-0.962891	-0.980469
557	-0.968750	-0.982422
558	-0.978516	-0.988281
559	-0.966797	-0.982422
560	-0.976563	-0.988281
561	-0.984375	-0.992188
562	-0.988281	-0.994141
563	-0.982422	-0.990234
564	-0.966797	-0.982422
565	-0.980469	-0.990234
566	-0.980469	-0.990234
567	-0.982422	-0.990234
568	-0.974609	-0.986328
569	-0.970703	-0.984375
570	-0.980469	-0.990234
571	-0.972656	-0.980469
572	-0.960938	-0.972656
573	-0.966797	-0.982422
574	-0.964844	-0.980469
575	-0.996094	-0.998047
576	-0.984375	-0.990234
577	-0.996094	-0.998047
578	-0.978516	-0.986328
579	-0.986328	-0.992188
580	-0.978516	-0.988281
581	-0.976563	-0.986328
582	-0.974609	-0.986328
583	-0.984375	-0.992188
584	-0.962891	-0.978516
585	-0.988281	-0.994141
586	-0.984375	-0.992188
587	-0.974609	-0.986328
588	-0.980469	-0.990234
589	-0.976563	-0.988281
590	-0.962891	-0.978516
591	-0.988281	-0.994141
592	-0.972656	-0.986328
593	-0.976563	-0.988281
594	-0.988281	-0.994141
595	-0.980469	-0.990234
596	-0.980469	-0.990234
597	-0.968750	-0.984375
598	-0.951172	-0.972656
599	-0.970703	-0.984375
600	-0.976563	-0.988281
601	-0.980469	-0.988281
602	-0.978516	-0.988281
603	-0.984375	-0.990234
604	-0.988281	-0.994141
605	-0.996094	-0.998047
606	-0.984375	-0.992188
607	-0.984375	-0.986328
608	-0.976563	-0.988281
609	-0.988281	-0.994141
610	-0.978516	-0.988281
611	-0.988281	-0.994141
612	-0.976563	-0.988281
613	-0.982422	-0.990234
614	-0.970703	-0.984375
615	-0.976563	-0.988281
616	-0.972656	-0.986328
617	-0.964844	-0.982422
618	-0.964844	-0.978516
619	-0.968750	-0.982422
620	-0.960938	-0.978516
621	-0.990234	-0.994141
622	-0.976563	-0.984375
623	-0.986328	-0.992188
624	-0.966797	-0.980469
625	-0.962891	-0.980469
626	-0.988281	-0.994141
627	-0.970703	-0.984375
628	-0.966797	-0.982422
629	-0.968750	-0.982422
630	-0.992188	-0.996094
631	-0.962891	-0.976563
632	-0.992188	-0.996094
633	-0.992188	-0.996094
634	-0.988281	-0.994141
635	-0.980469	-0.988281
636	-0.976563	-0.988281
637	-0.960938	-0.976563
638	-0.980469	-0.990234
639	-0.984375	-0.992188
640	-0.974609	-0.984375
641	-0.982422	-0.990234
642	-0.988281	-0.994141
643	-0.976563	-0.988281
644	-0.976563	-0.988281
645	-0.992188	-0.996094
646	-0.964844	-0.976563
647	-0.984375	-0.992188
648	-0.984375	-0.992188
649	-0.972656	-0.986328
650	-0.974609	-0.986328
651	-0.984375	-0.992188
652	-0.972656	-0.984375
653	-0.957031	-0.978516
654	-0.970703	-0.982422
655	-0.978516	-0.988281
656	-0.992188	-0.996094
657	-0.958984	-0.978516
658	-0.984375	-0.992188
659	-0.980469	-0.988281
660	-0.980469	-0.990234
661	-0.992188	-0.996094
662	-0.984375	-0.992188
663	-0.976563	-0.988281
664	-0.982422	-0.990234
665	-0.982422	-0.990234
666	-0.976563	-0.986328
667	-0.984375	-0.992188
668	-0.957031	-0.972656
669	-0.986328	-0.992188
670	-0.982422	-0.990234
671	-0.988281	-0.994141
672	-0.988281	-0.994141
673	-0.984375	-0.992188
674	-0.968750	-0.982422
675	-0.982422	-0.990234
676	-0.968750	-0.978516
677	-0.966797	-0.982422
678	-0.976563	-0.988281
679	-0.982422	-0.990234
680	-0.968750	-0.984375
681	-0.964844	-0.982422
682	-0.982422	-0.990234
683	-0.962891	-0.960938
684	-0.996094	-0.998047
685	-0.978516	-0.988281
686	-0.982422	-0.990234
687	-0.966797	-0.982422
688	-0.980469	-0.988281
689	-0.984375	-0.990234
690	-0.980469	-0.990234
691	-0.986328	-0.992188
692	-0.976563	-0.986328
693	-0.988281	-0.994141
694	-0.988281	-0.994141
695	-0.968750	-0.982422
696	-0.958984	-0.978516
697	-0.996094	-0.998047
698	-0.968750	-0.984375
699	-0.984375	-0.992188
700	-0.982422	-0.986328
701	-0.996094	-0.998047
702	-0.980469	-0.988281
703	-0.970703	-0.982422
704	-0.980469	-0.988281
705	-0.982422	-0.990234
706	-0.976563	-0.988281
707	-0.980469	-0.990234
708	-0.955078	-0.976563
709	-0.953125	-0.966797
710	-0.968750	-0.984375
711	-0.982422	-0.990234
712	-0.988281	-0.994141
713	-0.962891	-0.980469
714	-0.972656	-0.984375
715	-0.970703	-0.984375
716	-0.976563	-0.988281
717	-0.986328	-0.992188
718	-0.978516	-0.988281
719	-0.984375	-0.990234
720	-0.976563	-0.988281
721	-0.984375	-0.992188
722	-0.996094	-0.998047
723	-0.970703	-0.984375
724	-0.980469	-0.990234
725	-0.988281	-0.994141
726	-0.976563	-0.988281
727	-0.996094	-0.998047
728	-0.988281	-0.992188
729	-0.972656	-0.984375
730	-0.968750	-0.982422
731	-0.980469	-0.984375
732	-0.978516	-0.984375
733	-0.978516	-0.988281
734	-0.980469	-0.988281
735	-0.982422	-0.990234
736	-0.976563	-0.988281
737	-0.958984	-0.976563
738	-0.966797	-0.982422
739	-0.968750	-0.984375
740	-0.988281	-0.994141
741	-0.984375	-0.990234
742	-0.988281	-0.994141
743	-0.972656	-0.982422
744	-0.984375	-0.992188
745	-0.988281	-0.994141
746	-0.988281	-0.994141
747	-0.984375	-0.992188
748	-0.978516	-0.988281
749	-0.951172	-0.970703
750	-0.988281	-0.994141
751	-0.984375	-0.992188
752	-0.982422	-0.988281
753	-0.982422	-0.990234
754	-0.962891	-0.980469
755	-0.980469	-0.990234
756	-0.986328	-0.992188
757	-0.992188	-0.996094
758	-0.966797	-0.980469
759	-0.984375	-0.992188
760	-0.976563	-0.988281
761	-0.984375	-0.992188
762	-0.970703	-0.984375
763	-0.976563	-0.986328
764	-0.966797	-0.982422
765	-0.976563	-0.988281
766	-0.978516	-0.988281
767	-0.988281	-0.994141
768	-0.996094	-0.998047
769	-0.964844	-0.982422
770	-0.964844	-0.982422
771	-0.980469	-0.990234
772	-0.978516	-0.988281
773	-0.970703	-0.984375
774	-0.972656	-0.982422
775	-0.970703	-0.984375
776	-0.984375	-0.992188
777	-0.996094	-0.998047
778	-0.972656	-0.984375
779	-0.980469	-0.988281
780	-0.966797	-0.980469
781	-0.994141	-0.996094
782	-0.972656	-0.986328
783	-0.990234	-0.994141
784	-0.980469	-0.986328
785	-0.986328	-0.992188
786	-0.992188	-0.996094
787	-0.978516	-0.988281
788	-0.984375	-0.992188
789	-0.984375	-0.992188
790	-0.970703	-0.982422
791	-0.988281	-0.994141
792	-0.976563	-0.988281
793	-0.988281	-0.994141
794	-0.968750	-0.984375
795	-0.974609	-0.986328
796	-0.974609	-0.984375
797	-0.986328	-0.992188
798	-0.984375	-0.992188
799	-0.955078	-0.974609
800	-0.982422	-0.990234
801	-0.970703	-0.984375
802	-0.974609	-0.986328
803	-0.976563	-0.986328
804	-0.966797	-0.982422
805	-0.976563	-0.988281
806	-0.972656	-0.984375
807	-0.992188	-0.996094
808	-0.986328	-0.992188
809	-0.968750	-0.984375
810	-0.984375	-0.992188
811	-0.982422	-0.990234
812	-0.970703	-0.984375
813	-0.988281	-0.994141
814	-0.966797	-0.982422
815	-0.984375	-0.992188
816	-0.982422	-0.990234
817	-0.976563	-0.988281
818	-0.964844	-0.980469
819	-0.988281	-0.994141
820	-0.953125	-0.976563
821	-0.953125	-0.972656
822	-0.988281	-0.994141
823	-0.968750	-0.982422
824	-0.988281	-0.994141
825	-0.982422	-0.990234
826	-0.988281	-0.992188
827	-0.970703	-0.982422
828	-0.986328	-0.992188
829	-0.955078	-0.972656
830	-0.974609	-0.984375
831	-0.968750	-0.978516
832	-0.972656	-0.986328
833	-0.976563	-0.988281
834	-0.976563	-0.988281
835	-0.984375	-0.990234
836	-0.980469	-0.990234
837	-0.976563	-0.986328
838	-0.984375	-0.992188
839	-0.972656	-0.984375
840	-0.974609	-0.986328
841	-0.972656	-0.984375
842	-0.992188	-0.996094
843	-0.974609	-0.984375
844	-0.986328	-0.992188
845	-0.996094	-0.998047
846	-0.978516	-0.988281
847	-0.988281	-0.994141
848	-0.988281	-0.994141
849	-0.986328	-0.992188
850	-0.988281	-0.994141
851	-0.984375	-0.992188
852	-0.974609	-0.984375
853	-0.982422	-0.990234
854	-0.992188	-0.996094
855	-0.972656	-0.986328
856	-0.980469	-0.990234
857	-0.978516	-0.988281
858	-0.978516	-0.986328
859	-0.968750	-0.982422
860	-0.982422	-0.990234
861	-0.984375	-0.992188
862	-0.978516	-0.988281
863	-0.986328	-0.992188
864	-0.978516	-0.988281
865	-0.984375	-0.992188
866	-0.970703	-0.984375
867	-0.988281	-0.994141
868	-0.980469	-0.990234
869	-0.980469	-0.990234
870	-0.966797	-0.982422
871	-0.982422	-0.990234
872	-0.968750	-0.982422
873	-0.970703	-0.984375
874	-0.980469	-0.990234
875	-0.992188	-0.996094
876	-0.951172	-0.974609
877	-0.992188	-0.996094
878	-0.996094	-0.998047
879	-0.980469	-0.990234
880	-0.974609	-0.986328
881	-0.968750	-0.982422
882	-0.988281	-0.994141
883	-0.968750	-0.984375
884	-0.990234	-0.994141
885	-0.988281	-0.994141
886	-0.966797	-0.982422
887	-0.982422	-0.990234
888	-0.962891	-0.976563
889	-0.968750	-0.984375
890	-0.980469	-0.990234
891	-0.992188	-0.996094
892	-0.966797	-0.978516
893	-0.970703	-0.984375
894	-0.992188	-0.996094
895	-0.984375	-0.992188
896	-0.976563	-0.986328
897	-0.970703	-0.984375
898	-0.978516	-0.988281
899	-0.986328	-0.992188
900	-0.976563	-0.988281
901	-0.996094	-0.998047
902	-0.972656	-0.986328
903	-0.976563	-0.988281
904	-0.992188	-0.996094
905	-0.970703	-0.984375
906	-0.982422	-0.990234
907	-0.984375	-0.992188
908	-0.972656	-0.984375
909	-0.974609	-0.986328
910	-0.980469	-0.990234
911	-0.980469	-0.990234
912	-0.970703	-0.984375
913	-0.992188	-0.996094
914	-0.955078	-0.970703
915	-0.992188	-0.996094
916	-0.980469	-0.990234
917	-0.984375	-0.992188
918	-0.990234	-0.994141
919	-0.976563	-0.988281
920	-0.978516	-0.986328
921	-0.949219	-0.968750
922	-0.972656	-0.986328
923	-0.976563	-0.988281
924	-0.976563	-0.986328
925	-0.984375	-0.992188
926	-0.974609	-0.986328
927	-0.978516	-0.988281
928	-0.984375	-0.992188
929	-0.970703	-0.982422
930	-0.980469	-0.990234
931	-0.974609	-0.986328
932	-0.964844	-0.980469
933	-0.984375	-0.992188
934	-0.984375	-0.992188
935	-0.974609	-0.986328
936	-0.976563	-0.988281
937	-0.958984	-0.978516
938	-0.976563	-0.988281
939	-0.962891	-0.980469
940	-0.978516	-0.988281
941	-0.972656	-0.984375
942	-0.988281	-0.994141
943	-0.988281	-0.994141
944	-0.972656	-0.986328
945	-0.988281	-0.994141
946	-0.976563	-0.986328
947	-0.992188	-0.996094
948	-0.972656	-0.984375
949	-0.970703	-0.984375
950	-0.984375	-0.992188
951	-0.970703	-0.984375
952	-0.976563	-0.988281
953	-0.970703	-0.984375
954	-0.972656	-0.986328
955	-0.968750	-0.984375
956	-0.986328	-0.992188
957	-0.978516	-0.988281
958	-0.970703	-0.984375
959	-0.972656	-0.986328
960	-0.974609	-0.986328
961	-0.974609	-0.986328
962	-0.980469	-0.990234
963	-0.982422	-0.990234
964	-0.980469	-0.990234
965	-0.984375	-0.992188
966	-0.972656	-0.986328
967	-0.974609	-0.986328
968	-0.996094	-0.998047
969	-0.980469	-0.988281
970	-0.984375	-0.990234
971	-0.984375	-0.992188
972	-0.976563	-0.988281
973	-0.982422	-0.990234
974	-0.974609	-0.986328
975	-0.980469	-0.990234
976	-0.970703	-0.984375
977	-0.984375	-0.992188
978	-0.982422	-0.990234
979	-0.980469	-0.986328
980	-0.984375	-0.992188
981	-0.972656	-0.986328
982	-0.962891	-0.980469
983	-0.978516	-0.988281
984	-0.976563	-0.986328
985	-0.978516	-0.988281
986	-0.949219	-0.968750
987	-0.988281	-0.994141
988	-0.966797	-0.982422
989	-0.988281	-0.994141
990	-0.984375	-0.992188
991	-0.978516	-0.988281
992	-0.984375	-0.992188
993	-0.988281	-0.994141
994	-0.966797	-0.982422
995	-0.984375	-0.992188
996	-0.966797	-0.982422
997	-0.960938	-0.980469
998	-0.964844	-0.980469
999	-0.982422	-0.990234
