0	-0.832031	-0.880859
1	-0.853516	-0.902344
2	-0.861328	-0.900391
3	-0.851563	-0.890625
4	-0.902344	-0.949219
5	-0.843750	-0.894531
6	-0.894531	-0.935547
7	-0.791016	-0.855469
8	-0.869141	-0.912109
9	-0.900391	-0.927734
10	-0.833984	-0.894531
11	-0.876953	-0.923828
12	-0.835938	-0.890625
13	-0.863281	-0.912109
14	-0.867188	-0.910156
15	-0.919922	-0.947266
16	-0.867188	-0.908203
17	-0.886719	-0.937500
18	-0.855469	-0.896484
19	-0.876953	-0.929688
20	-0.867188	-0.869141
21	-0.867188	-0.912109
22	-0.880859	-0.917969
23	-0.814453	-0.851563
24	-0.865234	-0.902344
25	-0.865234	-0.912109
26	-0.863281	-0.917969
27	-0.871094	-0.919922
28	-0.876953	-0.923828
29	-0.855469	-0.886719
30	-0.861328	-0.892578
31	-0.886719	-0.910156
32	-0.882813	-0.906250
33	-0.869141	-0.882813
34	-0.857422	-0.902344
35	-0.861328	-0.912109
36	-0.884766	-0.935547
37	-0.875000	-0.910156
38	-0.906250	-0.937500
39	-0.843750	-0.859375
40	-0.851563	-0.896484
41	-0.910156	-0.945313
42	-0.892578	-0.927734
43	-0.869141	-0.912109
44	-0.853516	-0.896484
45	-0.863281	-0.916016
46	-0.828125	-0.871094
47	-0.873047	-0.886719
48	-0.902344	-0.939453
49	-0.886719	-0.929688
50	-0.873047	-0.925781
51	-0.892578	-0.933594
52	-0.853516	-0.900391
53	-0.869141	-0.906250
54	-0.892578	-0.931641
55	-0.871094	-0.894531
56	-0.882813	-0.916016
57	-0.832031	-0.894531
58	-0.855469	-0.904297
59	-0.890625	-0.937500
60	-0.886719	-0.914063
61	-0.890625	-0.935547
62	-0.812500	-0.873047
63	-0.886719	-0.925781
64	-0.849609	-0.892578
65	-0.841797	-0.892578
66	-0.916016	-0.939453
67	-0.892578	-0.917969
68	-0.892578	-0.925781
69	-0.841797	-0.880859
70	-0.898438	-0.943359
71	-0.886719	-0.929688
72	-0.902344	-0.943359
73	-0.861328	-0.876953
74	-0.822266	-0.837891
75	-0.843750	-0.898438
76	-0.904297	-0.933594
77	-0.873047	-0.914063
78	-0.800781	-0.851563
79	-0.875000	-0.886719
80	-0.880859	-0.906250
81	-0.849609	-0.898438
82	-0.857422	-0.908203
83	-0.921875	-0.949219
84	-0.865234	-0.914063
85	-0.830078	-0.880859
86	-0.875000	-0.921875
87	-0.869141	-0.923828
88	-0.880859	-0.927734
89	-0.839844	-0.906250
90	-0.871094	-0.921875
91	-0.896484	-0.933594
92	-0.867188	-0.902344
93	-0.863281	-0.880859
94	-0.867188	-0.884766
95	-0.855469	-0.908203
96	-0.861328	-0.916016
97	-0.875000	-0.917969
98	-0.871094	-0.896484
99	-0.824219	-0.869141
100	-0.837891	-0.882813
101	-0.875000	-0.914063
102	-0.892578	-0.927734
103	-0.888672	-0.921875
104	-0.888672	-0.935547
105	-0.888672	-0.929688
106	-0.855469	-0.894531
107	-0.904297	-0.945313
108	-0.894531	-0.931641
109	-0.892578	-0.933594
110	-0.843750	-0.894531
111	-0.865234	-0.917969
112	-0.880859	-0.925781
113	-0.902344	-0.933594
114	-0.802734	-0.837891
115	-0.833984	-0.851563
116	-0.812500	-0.839844
117	-0.855469	-0.906250
118	-0.884766	-0.925781
119	-0.820313	-0.878906
120	-0.873047	-0.921875
121	-0.812500	-0.873047
122	-0.867188	-0.910156
123	-0.884766	-0.933594
124	-0.849609	-0.884766
125	-0.871094	-0.919922
126	-0.849609	-0.904297
127	-0.837891	-0.876953
128	-0.888672	-0.929688
129	-0.880859	-0.923828
130	-0.855469	-0.880859
131	-0.892578	-0.923828
132	-0.861328	-0.912109
133	-0.929688	-0.958984
134	-0.804688	-0.855469
135	-0.894531	-0.927734
136	-0.849609	-0.896484
137	-0.847656	-0.904297
138	-0.824219	-0.888672
139	-0.919922	-0.955078
140	-0.835938	-0.884766
141	-0.843750	-0.892578
142	-0.916016	-0.953125
143	-0.861328	-0.888672
144	-0.841797	-0.851563
145	-0.869141	-0.921875
146	-0.892578	-0.933594
147	-0.845703	-0.873047
148	-0.857422	-0.908203
149	-0.835938	-0.894531
150	-0.871094	-0.896484
151	-0.876953	-0.912109
152	-0.835938	-0.900391
153	-0.773438	-0.812500
154	-0.843750	-0.890625
155	-0.878906	-0.914063
156	-0.890625	-0.921875
157	-0.876953	-0.906250
158	-0.845703	-0.884766
159	-0.863281	-0.880859
160	-0.876953	-0.902344
161	-0.865234	-0.904297
162	-0.925781	-0.955078
163	-0.865234	-0.906250
164	-0.910156	-0.943359
165	-0.863281	-0.896484
166	-0.904297	-0.945313
167	-0.914063	-0.951172
168	-0.863281	-0.900391
169	-0.900391	-0.939453
170	-0.910156	-0.949219
171	-0.894531	-0.935547
172	-0.853516	-0.896484
173	-0.859375	-0.890625
174	-0.904297	-0.939453
175	-0.898438	-0.939453
176	-0.871094	-0.914063
177	-0.878906	-0.935547
178	-0.857422	-0.898438
179	-0.861328	-0.876953
180	-0.865234	-0.890625
181	-0.845703	-0.873047
182	-0.904297	-0.935547
183	-0.865234	-0.916016
184	-0.869141	-0.921875
185	-0.888672	-0.935547
186	-0.878906	-0.914063
187	-0.843750	-0.871094
188	-0.873047	-0.919922
189	-0.871094	-0.914063
190	-0.884766	-0.917969
191	-0.835938	-0.865234
192	-0.876953	-0.912109
193	-0.896484	-0.939453
194	-0.876953	-0.906250
195	-0.863281	-0.908203
196	-0.847656	-0.884766
197	-0.902344	-0.941406
198	-0.867188	-0.914063
199	-0.880859	-0.923828
200	-0.896484	-0.931641
201	-0.880859	-0.927734
202	-0.867188	-0.916016
203	-0.833984	-0.873047
204	-0.900391	-0.933594
205	-0.876953	-0.875000
206	-0.884766	-0.931641
207	-0.847656	-0.898438
208	-0.884766	-0.910156
209	-0.871094	-0.923828
210	-0.853516	-0.896484
211	-0.841797	-0.863281
212	-0.833984	-0.871094
213	-0.863281	-0.910156
214	-0.910156	-0.941406
215	-0.890625	-0.937500
216	-0.833984	-0.882813
217	-0.847656	-0.894531
218	-0.853516	-0.896484
219	-0.851563	-0.892578
220	-0.900391	-0.935547
221	-0.914063	-0.949219
222	-0.841797	-0.886719
223	-0.853516	-0.869141
224	-0.927734	-0.960938
225	-0.847656	-0.902344
226	-0.853516	-0.902344
227	-0.906250	-0.943359
228	-0.832031	-0.882813
229	-0.880859	-0.927734
230	-0.882813	-0.929688
231	-0.894531	-0.935547
232	-0.843750	-0.908203
233	-0.871094	-0.890625
234	-0.833984	-0.884766
235	-0.892578	-0.925781
236	-0.847656	-0.902344
237	-0.875000	-0.923828
238	-0.824219	-0.867188
239	-0.916016	-0.949219
240	-0.916016	-0.947266
241	-0.851563	-0.906250
242	-0.820313	-0.884766
243	-0.847656	-0.902344
244	-0.884766	-0.931641
245	-0.910156	-0.949219
246	-0.886719	-0.927734
247	-0.851563	-0.904297
248	-0.904297	-0.943359
249	-0.855469	-0.867188
250	-0.880859	-0.923828
251	-0.912109	-0.951172
252	-0.832031	-0.888672
253	-0.863281	-0.861328
254	-0.908203	-0.939453
255	-0.867188	-0.916016
256	-0.888672	-0.939453
257	-0.857422	-0.904297
258	-0.867188	-0.919922
259	-0.826172	-0.878906
260	-0.865234	-0.890625
261	-0.855469	-0.898438
262	-0.880859	-0.917969
263	-0.857422	-0.916016
264	-0.888672	-0.933594
265	-0.859375	-0.900391
266	-0.871094	-0.916016
267	-0.880859	-0.929688
268	-0.871094	-0.914063
269	-0.828125	-0.882813
270	-0.830078	-0.875000
271	-0.804688	-0.837891
272	-0.800781	-0.849609
273	-0.863281	-0.906250
274	-0.853516	-0.912109
275	-0.833984	-0.888672
276	-0.867188	-0.914063
277	-0.859375	-0.908203
278	-0.851563	-0.886719
279	-0.847656	-0.892578
280	-0.871094	-0.919922
281	-0.914063	-0.949219
282	-0.837891	-0.878906
283	-0.916016	-0.947266
284	-0.894531	-0.939453
285	-0.943359	-0.966797
286	-0.865234	-0.916016
287	-0.875000	-0.925781
288	-0.892578	-0.925781
289	-0.865234	-0.900391
290	-0.845703	-0.892578
291	-0.892578	-0.931641
292	-0.849609	-0.908203
293	-0.875000	-0.910156
294	-0.828125	-0.857422
295	-0.851563	-0.902344
296	-0.857422	-0.890625
297	-0.855469	-0.900391
298	-0.865234	-0.906250
299	-0.841797	-0.869141
300	-0.849609	-0.898438
301	-0.845703	-0.890625
302	-0.828125	-0.878906
303	-0.857422	-0.908203
304	-0.878906	-0.931641
305	-0.849609	-0.888672
306	-0.843750	-0.900391
307	-0.890625	-0.927734
308	-0.828125	-0.894531
309	-0.871094	-0.904297
310	-0.904297	-0.943359
311	-0.855469	-0.906250
312	-0.904297	-0.929688
313	-0.908203	-0.923828
314	-0.859375	-0.908203
315	-0.917969	-0.945313
316	-0.859375	-0.914063
317	-0.859375	-0.902344
318	-0.859375	-0.886719
319	-0.904297	-0.941406
320	-0.865234	-0.906250
321	-0.884766	-0.917969
322	-0.828125	-0.861328
323	-0.859375	-0.882813
324	-0.833984	-0.880859
325	-0.876953	-0.908203
326	-0.857422	-0.896484
327	-0.914063	-0.953125
328	-0.861328	-0.892578
329	-0.863281	-0.902344
330	-0.849609	-0.904297
331	-0.869141	-0.906250
332	-0.916016	-0.953125
333	-0.894531	-0.929688
334	-0.837891	-0.888672
335	-0.837891	-0.892578
336	-0.888672	-0.916016
337	-0.898438	-0.927734
338	-0.892578	-0.917969
339	-0.908203	-0.945313
340	-0.847656	-0.869141
341	-0.882813	-0.912109
342	-0.904297	-0.935547
343	-0.900391	-0.939453
344	-0.863281	-0.910156
345	-0.871094	-0.912109
346	-0.875000	-0.925781
347	-0.892578	-0.935547
348	-0.871094	-0.890625
349	-0.890625	-0.917969
350	-0.888672	-0.931641
351	-0.824219	-0.824219
352	-0.835938	-0.886719
353	-0.878906	-0.916016
354	-0.904297	-0.939453
355	-0.884766	-0.921875
356	-0.867188	-0.910156
357	-0.804688	-0.859375
358	-0.869141	-0.919922
359	-0.820313	-0.878906
360	-0.890625	-0.931641
361	-0.880859	-0.927734
362	-0.851563	-0.898438
363	-0.875000	-0.912109
364	-0.900391	-0.939453
365	-0.857422	-0.912109
366	-0.886719	-0.916016
367	-0.902344	-0.927734
368	-0.898438	-0.927734
369	-0.892578	-0.925781
370	-0.875000	-0.917969
371	-0.906250	-0.943359
372	-0.900391	-0.939453
373	-0.906250	-0.943359
374	-0.871094	-0.916016
375	-0.884766	-0.935547
376	-0.880859	-0.916016
377	-0.839844	-0.892578
378	-0.851563	-0.904297
379	-0.859375	-0.888672
380	-0.882813	-0.927734
381	-0.875000	-0.912109
382	-0.808594	-0.876953
383	-0.890625	-0.906250
384	-0.869141	-0.921875
385	-0.865234	-0.906250
386	-0.884766	-0.914063
387	-0.892578	-0.927734
388	-0.880859	-0.917969
389	-0.900391	-0.941406
390	-0.863281	-0.894531
391	-0.875000	-0.906250
392	-0.867188	-0.916016
393	-0.886719	-0.914063
394	-0.894531	-0.925781
395	-0.892578	-0.925781
396	-0.835938	-0.875000
397	-0.880859	-0.923828
398	-0.910156	-0.943359
399	-0.865234	-0.890625
400	-0.802734	-0.820313
401	-0.882813	-0.898438
402	-0.849609	-0.898438
403	-0.851563	-0.904297
404	-0.875000	-0.919922
405	-0.865234	-0.904297
406	-0.869141	-0.910156
407	-0.841797	-0.886719
408	-0.882813	-0.925781
409	-0.828125	-0.890625
410	-0.875000	-0.929688
411	-0.839844	-0.902344
412	-0.822266	-0.878906
413	-0.849609	-0.902344
414	-0.861328	-0.898438
415	-0.865234	-0.919922
416	-0.894531	-0.935547
417	-0.859375	-0.906250
418	-0.808594	-0.824219
419	-0.783203	-0.824219
420	-0.865234	-0.906250
421	-0.890625	-0.916016
422	-0.882813	-0.927734
423	-0.906250	-0.941406
424	-0.869141	-0.910156
425	-0.875000	-0.896484
426	-0.880859	-0.929688
427	-0.902344	-0.941406
428	-0.923828	-0.947266
429	-0.892578	-0.925781
430	-0.921875	-0.941406
431	-0.916016	-0.939453
432	-0.851563	-0.914063
433	-0.892578	-0.935547
434	-0.878906	-0.933594
435	-0.875000	-0.917969
436	-0.847656	-0.896484
437	-0.876953	-0.904297
438	-0.894531	-0.931641
439	-0.916016	-0.949219
440	-0.869141	-0.921875
441	-0.890625	-0.933594
442	-0.892578	-0.919922
443	-0.884766	-0.923828
444	-0.880859	-0.921875
445	-0.812500	-0.857422
446	-0.859375	-0.910156
447	-0.859375	-0.912109
448	-0.873047	-0.898438
449	-0.816406	-0.855469
450	-0.886719	-0.927734
451	-0.898438	-0.925781
452	-0.861328	-0.908203
453	-0.890625	-0.935547
454	-0.894531	-0.935547
455	-0.898438	-0.929688
456	-0.896484	-0.933594
457	-0.888672	-0.925781
458	-0.863281	-0.890625
459	-0.894531	-0.927734
460	-0.902344	-0.943359
461	-0.900391	-0.941406
462	-0.847656	-0.892578
463	-0.910156	-0.916016
464	-0.884766	-0.927734
465	-0.857422	-0.894531
466	-0.869141	-0.921875
467	-0.906250	-0.945313
468	-0.873047	-0.916016
469	-0.855469	-0.908203
470	-0.886719	-0.925781
471	-0.871094	-0.916016
472	-0.878906	-0.927734
473	-0.873047	-0.921875
474	-0.843750	-0.890625
475	-0.876953	-0.921875
476	-0.857422	-0.902344
477	-0.861328	-0.900391
478	-0.855469	-0.896484
479	-0.861328	-0.919922
480	-0.853516	-0.900391
481	-0.912109	-0.953125
482	-0.902344	-0.941406
483	-0.861328	-0.894531
484	-0.875000	-0.925781
485	-0.884766	-0.925781
486	-0.896484	-0.935547
487	-0.888672	-0.923828
488	-0.916016	-0.945313
489	-0.855469	-0.888672
490	-0.900391	-0.935547
491	-0.900391	-0.939453
492	-0.808594	-0.865234
493	-0.882813	-0.933594
494	-0.841797	-0.904297
495	-0.898438	-0.937500
496	-0.886719	-0.923828
497	-0.851563	-0.900391
498	-0.857422	-0.914063
499	-0.845703	-0.886719
500	-0.894531	-0.939453
501	-0.880859	-0.916016
502	-0.828125	-0.886719
503	-0.890625	-0.933594
504	-0.886719	-0.925781
505	-0.916016	-0.945313
506	-0.841797	-0.896484
507	-0.857422	-0.898438
508	-0.849609	-0.886719
509	-0.923828	-0.957031
510	-0.824219	-0.861328
511	-0.880859	-0.925781
512	-0.884766	-0.929688
513	-0.892578	-0.910156
514	-0.826172	-0.832031
515	-0.876953	-0.925781
516	-0.898438	-0.937500
517	-0.859375	-0.896484
518	-0.847656	-0.894531
519	-0.902344	-0.941406
520	-0.855469	-0.906250
521	-0.900391	-0.941406
522	-0.947266	-0.968750
523	-0.845703	-0.886719
524	-0.814453	-0.814453
525	-0.808594	-0.755859
526	-0.798828	-0.777344
527	-0.841797	-0.843750
528	-0.859375	-0.908203
529	-0.830078	-0.876953
530	-0.835938	-0.875000
531	-0.878906	-0.910156
532	-0.882813	-0.925781
533	-0.835938	-0.894531
534	-0.921875	-0.943359
535	-0.878906	-0.900391
536	-0.849609	-0.849609
537	-0.832031	-0.869141
538	-0.839844	-0.898438
539	-0.898438	-0.935547
540	-0.867188	-0.908203
541	-0.900391	-0.943359
542	-0.839844	-0.892578
543	-0.880859	-0.921875
544	-0.849609	-0.906250
545	-0.892578	-0.933594
546	-0.867188	-0.908203
547	-0.878906	-0.917969
548	-0.878906	-0.921875
549	-0.859375	-0.910156
550	-0.871094	-0.896484
551	-0.898438	-0.937500
552	-0.867188	-0.902344
553	-0.904297	-0.937500
554	-0.853516	-0.861328
555	-0.908203	-0.943359
556	-0.886719	-0.927734
557	-0.910156	-0.945313
558	-0.878906	-0.923828
559	-0.814453	-0.869141
560	-0.818359	-0.867188
561	-0.884766	-0.904297
562	-0.888672	-0.933594
563	-0.865234	-0.906250
564	-0.837891	-0.882813
565	-0.857422	-0.908203
566	-0.882813	-0.933594
567	-0.859375	-0.921875
568	-0.802734	-0.845703
569	-0.816406	-0.804688
570	-0.818359	-0.847656
571	-0.822266	-0.847656
572	-0.867188	-0.863281
573	-0.843750	-0.882813
574	-0.906250	-0.937500
575	-0.910156	-0.943359
576	-0.882813	-0.906250
577	-0.876953	-0.916016
578	-0.894531	-0.925781
579	-0.892578	-0.929688
580	-0.835938	-0.865234
581	-0.916016	-0.931641
582	-0.853516	-0.904297
583	-0.867188	-0.910156
584	-0.865234	-0.906250
585	-0.880859	-0.925781
586	-0.884766	-0.919922
587	-0.871094	-0.910156
588	-0.867188	-0.890625
589	-0.849609	-0.894531
590	-0.894531	-0.921875
591	-0.876953	-0.923828
592	-0.904297	-0.939453
593	-0.886719	-0.929688
594	-0.824219	-0.861328
595	-0.851563	-0.910156
596	-0.859375	-0.914063
597	-0.882813	-0.925781
598	-0.882813	-0.935547
599	-0.843750	-0.896484
600	-0.859375	-0.902344
601	-0.871094	-0.917969
602	-0.857422	-0.906250
603	-0.835938	-0.869141
604	-0.839844	-0.849609
605	-0.894531	-0.935547
606	-0.863281	-0.904297
607	-0.896484	-0.933594
608	-0.910156	-0.943359
609	-0.861328	-0.906250
610	-0.873047	-0.919922
611	-0.843750	-0.886719
612	-0.886719	-0.925781
613	-0.882813	-0.917969
614	-0.847656	-0.878906
615	-0.826172	-0.888672
616	-0.869141	-0.921875
617	-0.835938	-0.878906
618	-0.859375	-0.914063
619	-0.869141	-0.908203
620	-0.896484	-0.937500
621	-0.826172	-0.894531
622	-0.865234	-0.900391
623	-0.851563	-0.880859
624	-0.886719	-0.933594
625	-0.816406	-0.878906
626	-0.873047	-0.914063
627	-0.839844	-0.867188
628	-0.837891	-0.882813
629	-0.894531	-0.927734
630	-0.880859	-0.919922
631	-0.904297	-0.943359
632	-0.912109	-0.941406
633	-0.847656	-0.847656
634	-0.865234	-0.880859
635	-0.814453	-0.861328
636	-0.900391	-0.941406
637	-0.826172	-0.869141
638	-0.892578	-0.931641
639	-0.878906	-0.914063
640	-0.880859	-0.923828
641	-0.875000	-0.908203
642	-0.904297	-0.947266
643	-0.867188	-0.914063
644	-0.861328	-0.904297
645	-0.912109	-0.953125
646	-0.884766	-0.933594
647	-0.853516	-0.906250
648	-0.841797	-0.876953
649	-0.906250	-0.939453
650	-0.871094	-0.878906
651	-0.849609	-0.894531
652	-0.861328	-0.898438
653	-0.832031	-0.845703
654	-0.875000	-0.894531
655	-0.800781	-0.853516
656	-0.894531	-0.939453
657	-0.855469	-0.898438
658	-0.900391	-0.925781
659	-0.861328	-0.869141
660	-0.822266	-0.828125
661	-0.816406	-0.832031
662	-0.867188	-0.908203
663	-0.878906	-0.896484
664	-0.828125	-0.857422
665	-0.826172	-0.855469
666	-0.884766	-0.916016
667	-0.855469	-0.906250
668	-0.808594	-0.843750
669	-0.912109	-0.945313
670	-0.876953	-0.923828
671	-0.857422	-0.892578
672	-0.863281	-0.882813
673	-0.869141	-0.910156
674	-0.900391	-0.925781
675	-0.837891	-0.896484
676	-0.859375	-0.882813
677	-0.845703	-0.890625
678	-0.847656	-0.900391
679	-0.853516	-0.894531
680	-0.873047	-0.865234
681	-0.812500	-0.781250
682	-0.791016	-0.812500
683	-0.822266	-0.818359
684	-0.873047	-0.925781
685	-0.861328	-0.916016
686	-0.890625	-0.929688
687	-0.888672	-0.919922
688	-0.878906	-0.921875
689	-0.900391	-0.933594
690	-0.826172	-0.876953
691	-0.867188	-0.898438
692	-0.876953	-0.906250
693	-0.880859	-0.931641
694	-0.888672	-0.929688
695	-0.884766	-0.927734
696	-0.894531	-0.929688
697	-0.888672	-0.931641
698	-0.875000	-0.921875
699	-0.919922	-0.953125
700	-0.849609	-0.904297
701	-0.873047	-0.917969
702	-0.835938	-0.867188
703	-0.898438	-0.935547
704	-0.886719	-0.929688
705	-0.832031	-0.884766
706	-0.837891	-0.880859
707	-0.892578	-0.933594
708	-0.886719	-0.935547
709	-0.890625	-0.927734
710	-0.892578	-0.929688
711	-0.859375	-0.900391
712	-0.892578	-0.927734
713	-0.802734	-0.865234
714	-0.900391	-0.941406
715	-0.849609	-0.894531
716	-0.871094	-0.921875
717	-0.884766	-0.927734
718	-0.832031	-0.873047
719	-0.888672	-0.929688
720	-0.869141	-0.910156
721	-0.863281	-0.906250
722	-0.869141	-0.902344
723	-0.816406	-0.855469
724	-0.855469	-0.902344
725	-0.890625	-0.914063
726	-0.890625	-0.917969
727	-0.896484	-0.935547
728	-0.869141	-0.923828
729	-0.894531	-0.925781
730	-0.894531	-0.931641
731	-0.888672	-0.921875
732	-0.884766	-0.919922
733	-0.875000	-0.929688
734	-0.927734	-0.957031
735	-0.873047	-0.906250
736	-0.867188	-0.916016
737	-0.843750	-0.908203
738	-0.912109	-0.943359
739	-0.876953	-0.925781
740	-0.830078	-0.884766
741	-0.853516	-0.906250
742	-0.857422	-0.908203
743	-0.861328	-0.916016
744	-0.875000	-0.900391
745	-0.843750	-0.888672
746	-0.849609	-0.892578
747	-0.845703	-0.890625
748	-0.804688	-0.837891
749	-0.830078	-0.822266
750	-0.927734	-0.957031
751	-0.853516	-0.896484
752	-0.867188	-0.914063
753	-0.810547	-0.869141
754	-0.886719	-0.910156
755	-0.882813	-0.933594
756	-0.859375	-0.904297
757	-0.904297	-0.945313
758	-0.826172	-0.875000
759	-0.892578	-0.933594
760	-0.869141	-0.916016
761	-0.884766	-0.919922
762	-0.851563	-0.886719
763	-0.871094	-0.906250
764	-0.841797	-0.896484
765	-0.867188	-0.914063
766	-0.880859	-0.923828
767	-0.865234	-0.896484
768	-0.880859	-0.900391
769	-0.873047	-0.916016
770	-0.886719	-0.925781
771	-0.832031	-0.869141
772	-0.919922	-0.951172
773	-0.867188	-0.923828
774	-0.865234	-0.914063
775	-0.884766	-0.933594
776	-0.863281	-0.910156
777	-0.833984	-0.894531
778	-0.839844	-0.880859
779	-0.873047	-0.912109
780	-0.890625	-0.921875
781	-0.882813	-0.908203
782	-0.833984	-0.886719
783	-0.787109	-0.785156
784	-0.830078	-0.839844
785	-0.884766	-0.917969
786	-0.878906	-0.910156
787	-0.886719	-0.927734
788	-0.828125	-0.873047
789	-0.832031	-0.884766
790	-0.886719	-0.927734
791	-0.894531	-0.923828
792	-0.871094	-0.914063
793	-0.847656	-0.904297
794	-0.845703	-0.900391
795	-0.878906	-0.927734
796	-0.861328	-0.880859
797	-0.861328	-0.914063
798	-0.824219	-0.835938
799	-0.804688	-0.869141
800	-0.863281	-0.878906
801	-0.812500	-0.873047
802	-0.843750	-0.880859
803	-0.822266	-0.867188
804	-0.869141	-0.908203
805	-0.890625	-0.937500
806	-0.880859	-0.917969
807	-0.859375	-0.912109
808	-0.859375	-0.873047
809	-0.851563	-0.890625
810	-0.888672	-0.923828
811	-0.917969	-0.953125
812	-0.835938	-0.900391
813	-0.908203	-0.939453
814	-0.902344	-0.935547
815	-0.835938	-0.898438
816	-0.830078	-0.882813
817	-0.900391	-0.935547
818	-0.875000	-0.912109
819	-0.837891	-0.875000
820	-0.880859	-0.927734
821	-0.873047	-0.910156
822	-0.873047	-0.912109
823	-0.863281	-0.914063
824	-0.851563	-0.910156
825	-0.908203	-0.941406
826	-0.847656	-0.888672
827	-0.871094	-0.919922
828	-0.888672	-0.923828
829	-0.859375	-0.906250
830	-0.875000	-0.916016
831	-0.816406	-0.888672
832	-0.845703	-0.894531
833	-0.832031	-0.863281
834	-0.851563	-0.904297
835	-0.847656	-0.892578
836	-0.847656	-0.908203
837	-0.849609	-0.886719
838	-0.882813	-0.921875
839	-0.890625	-0.910156
840	-0.833984	-0.849609
841	-0.843750	-0.890625
842	-0.859375	-0.910156
843	-0.863281	-0.884766
844	-0.876953	-0.914063
845	-0.875000	-0.916016
846	-0.878906	-0.921875
847	-0.910156	-0.939453
848	-0.882813	-0.908203
849	-0.873047	-0.886719
850	-0.908203	-0.949219
851	-0.841797	-0.880859
852	-0.880859	-0.898438
853	-0.886719	-0.925781
854	-0.845703	-0.898438
855	-0.859375	-0.917969
856	-0.873047	-0.919922
857	-0.916016	-0.947266
858	-0.851563	-0.880859
859	-0.867188	-0.917969
860	-0.892578	-0.935547
861	-0.847656	-0.908203
862	-0.863281	-0.908203
863	-0.871094	-0.894531
864	-0.902344	-0.939453
865	-0.865234	-0.917969
866	-0.845703	-0.871094
867	-0.867188	-0.902344
868	-0.929688	-0.957031
869	-0.882813	-0.923828
870	-0.849609	-0.906250
871	-0.900391	-0.939453
872	-0.867188	-0.912109
873	-0.906250	-0.941406
874	-0.835938	-0.855469
875	-0.890625	-0.931641
876	-0.890625	-0.937500
877	-0.875000	-0.923828
878	-0.894531	-0.933594
879	-0.888672	-0.921875
880	-0.892578	-0.931641
881	-0.835938	-0.896484
882	-0.876953	-0.916016
883	-0.886719	-0.933594
884	-0.859375	-0.892578
885	-0.875000	-0.923828
886	-0.902344	-0.921875
887	-0.880859	-0.933594
888	-0.861328	-0.902344
889	-0.853516	-0.904297
890	-0.890625	-0.931641
891	-0.857422	-0.906250
892	-0.861328	-0.894531
893	-0.875000	-0.884766
894	-0.855469	-0.886719
895	-0.855469	-0.904297
896	-0.867188	-0.912109
897	-0.843750	-0.875000
898	-0.888672	-0.890625
899	-0.908203	-0.941406
900	-0.867188	-0.917969
901	-0.863281	-0.904297
902	-0.937500	-0.966797
903	-0.878906	-0.925781
904	-0.871094	-0.917969
905	-0.898438	-0.937500
906	-0.839844	-0.894531
907	-0.871094	-0.914063
908	-0.878906	-0.931641
909	-0.884766	-0.931641
910	-0.888672	-0.929688
911	-0.888672	-0.929688
912	-0.847656	-0.871094
913	-0.843750	-0.849609
914	-0.910156	-0.947266
915	-0.888672	-0.929688
916	-0.839844	-0.896484
917	-0.898438	-0.931641
918	-0.861328	-0.898438
919	-0.861328	-0.910156
920	-0.839844	-0.890625
921	-0.900391	-0.935547
922	-0.888672	-0.935547
923	-0.902344	-0.937500
924	-0.921875	-0.957031
925	-0.818359	-0.843750
926	-0.908203	-0.943359
927	-0.861328	-0.902344
928	-0.859375	-0.908203
929	-0.876953	-0.919922
930	-0.878906	-0.925781
931	-0.904297	-0.939453
932	-0.888672	-0.931641
933	-0.865234	-0.921875
934	-0.849609	-0.902344
935	-0.830078	-0.859375
936	-0.859375	-0.912109
937	-0.892578	-0.931641
938	-0.876953	-0.921875
939	-0.878906	-0.916016
940	-0.847656	-0.904297
941	-0.837891	-0.886719
942	-0.857422	-0.914063
943	-0.882813	-0.902344
944	-0.875000	-0.910156
945	-0.843750	-0.880859
946	-0.818359	-0.871094
947	-0.843750	-0.896484
948	-0.882813	-0.931641
949	-0.824219	-0.851563
950	-0.888672	-0.923828
951	-0.882813	-0.929688
952	-0.867188	-0.919922
953	-0.808594	-0.847656
954	-0.878906	-0.923828
955	-0.841797	-0.896484
956	-0.878906	-0.927734
957	-0.839844	-0.890625
958	-0.902344	-0.941406
959	-0.876953	-0.927734
960	-0.890625	-0.929688
961	-0.937500	-0.960938
962	-0.892578	-0.929688
963	-0.890625	-0.888672
964	-0.875000	-0.925781
965	-0.878906	-0.929688
966	-0.884766	-0.927734
967	-0.888672	-0.929688
968	-0.871094	-0.914063
969	-0.861328	-0.906250
970	-0.863281	-0.917969
971	-0.849609	-0.902344
972	-0.810547	-0.843750
973	-0.855469	-0.902344
974	-0.861328	-0.917969
975	-0.871094	-0.906250
976	-0.880859	-0.921875
977	-0.841797	-0.884766
978	-0.841797	-0.873047
979	-0.859375	-0.884766
980	-0.830078	-0.867188
981	-0.925781	-0.957031
982	-0.882813	-0.935547
983	-0.902344	-0.945313
984	-0.843750	-0.880859
985	-0.925781	-0.955078
986	-0.890625	-0.931641
987	-0.914063	-0.933594
988	-0.863281	-0.912109
989	-0.894531	-0.943359
990	-0.898438	-0.939453
991	-0.869141	-0.923828
992	-0.890625	-0.914063
993	-0.898438	-0.931641
994	-0.857422	-0.908203
995	-0.867188	-0.904297
996	-0.896484	-0.937500
997	-0.892578	-0.929688
998	-0.865234	-0.900391
999	-0.861328	-0.896484
