0	-1.000000	-1.000000
1	-0.992188	-0.996094
2	-1.000000	-1.000000
3	-1.000000	-1.000000
4	-1.000000	-1.000000
5	-1.000000	-1.000000
6	-1.000000	-1.000000
7	-1.000000	-1.000000
8	-1.000000	-1.000000
9	-0.992188	-0.996094
10	-1.000000	-1.000000
11	-0.996094	-0.998047
12	-1.000000	-1.000000
13	-1.000000	-1.000000
14	-0.996094	-0.998047
15	-1.000000	-1.000000
16	-1.000000	-1.000000
17	-1.000000	-1.000000
18	-0.992188	-0.996094
19	-1.000000	-1.000000
20	-1.000000	-1.000000
21	-0.996094	-0.998047
22	-0.996094	-0.998047
23	-1.000000	-1.000000
24	-0.996094	-0.998047
25	-0.986328	-0.992188
26	-1.000000	-1.000000
27	-1.000000	-1.000000
28	-1.000000	-1.000000
29	-1.000000	-1.000000
30	-0.992188	-0.996094
31	-0.994141	-0.996094
32	-1.000000	-1.000000
33	-1.000000	-1.000000
34	-0.996094	-0.998047
35	-0.992188	-0.996094
36	-1.000000	-1.000000
37	-0.996094	-0.998047
38	-1.000000	-1.000000
39	-1.000000	-1.000000
40	-0.996094	-0.998047
41	-1.000000	-1.000000
42	-0.992188	-0.996094
43	-0.996094	-0.998047
44	-0.996094	-0.998047
45	-1.000000	-1.000000
46	-0.996094	-0.998047
47	-0.988281	-0.994141
48	-0.980469	-0.990234
49	-0.996094	-0.998047
50	-1.000000	-1.000000
51	-0.996094	-0.998047
52	-1.000000	-1.000000
53	-0.990234	-0.994141
54	-1.000000	-1.000000
55	-0.992188	-0.996094
56	-1.000000	-1.000000
57	-0.996094	-0.998047
58	-1.000000	-1.000000
59	-0.992188	-0.996094
60	-0.996094	-0.998047
61	-1.000000	-1.000000
62	-1.000000	-1.000000
63	-0.984375	-0.992188
64	-0.996094	-0.998047
65	-1.000000	-1.000000
66	-0.992188	-0.996094
67	-0.996094	-0.998047
68	-1.000000	-1.000000
69	-0.994141	-0.996094
70	-1.000000	-1.000000
71	-1.000000	-1.000000
72	-0.996094	-0.998047
73	-1.000000	-1.000000
74	-0.992188	-0.996094
75	-0.992188	-0.996094
76	-0.994141	-0.996094
77	-1.000000	-1.000000
78	-1.000000	-1.000000
79	-0.996094	-0.998047
80	-1.000000	-1.000000
81	-1.000000	-1.000000
82	-1.000000	-1.000000
83	-0.996094	-0.998047
84	-0.992188	-0.996094
85	-0.992188	-0.996094
86	-1.000000	-1.000000
87	-1.000000	-1.000000
88	-0.992188	-0.996094
89	-0.996094	-0.998047
90	-1.000000	-1.000000
91	-1.000000	-1.000000
92	-0.992188	-0.996094
93	-1.000000	-1.000000
94	-0.992188	-0.996094
95	-1.000000	-1.000000
96	-0.996094	-0.998047
97	-0.996094	-0.998047
98	-0.992188	-0.996094
99	-0.996094	-0.998047
100	-0.996094	-0.998047
101	-1.000000	-1.000000
102	-0.988281	-0.994141
103	-0.992188	-0.996094
104	-0.992188	-0.996094
105	-1.000000	-1.000000
106	-1.000000	-1.000000
107	-0.996094	-0.998047
108	-0.992188	-0.996094
109	-0.988281	-0.994141
110	-0.988281	-0.994141
111	-0.996094	-0.998047
112	-1.000000	-1.000000
113	-0.992188	-0.996094
114	-0.996094	-0.998047
115	-0.996094	-0.998047
116	-0.990234	-0.994141
117	-0.986328	-0.992188
118	-0.996094	-0.998047
119	-0.988281	-0.994141
120	-0.996094	-0.998047
121	-1.000000	-1.000000
122	-0.982422	-0.990234
123	-0.996094	-0.998047
124	-1.000000	-1.000000
125	-0.992188	-0.996094
126	-0.994141	-0.996094
127	-1.000000	-1.000000
128	-1.000000	-1.000000
129	-0.992188	-0.996094
130	-0.996094	-0.998047
131	-0.992188	-0.996094
132	-0.996094	-0.998047
133	-1.000000	-1.000000
134	-0.996094	-0.998047
135	-1.000000	-1.000000
136	-0.996094	-0.998047
137	-0.996094	-0.998047
138	-0.988281	-0.994141
139	-0.996094	-0.998047
140	-0.992188	-0.996094
141	-0.994141	-0.996094
142	-0.992188	-0.996094
143	-0.996094	-0.998047
144	-1.000000	-1.000000
145	-0.996094	-0.998047
146	-1.000000	-1.000000
147	-1.000000	-1.000000
148	-0.996094	-0.998047
149	-1.000000	-1.000000
150	-1.000000	-1.000000
151	-0.992188	-0.996094
152	-0.996094	-0.998047
153	-1.000000	-1.000000
154	-1.000000	-1.000000
155	-1.000000	-1.000000
156	-0.996094	-0.998047
157	-1.000000	-1.000000
158	-0.992188	-0.996094
159	-1.000000	-1.000000
160	-1.000000	-1.000000
161	-0.996094	-0.998047
162	-0.984375	-0.992188
163	-0.990234	-0.994141
164	-0.996094	-0.998047
165	-0.996094	-0.998047
166	-1.000000	-1.000000
167	-0.996094	-0.998047
168	-0.996094	-0.998047
169	-0.996094	-0.998047
170	-0.994141	-0.996094
171	-0.996094	-0.998047
172	-0.990234	-0.994141
173	-0.996094	-0.998047
174	-0.992188	-0.996094
175	-0.996094	-0.998047
176	-0.992188	-0.996094
177	-0.996094	-0.998047
178	-0.996094	-0.998047
179	-1.000000	-1.000000
180	-0.996094	-0.998047
181	-1.000000	-1.000000
182	-0.992188	-0.996094
183	-1.000000	-1.000000
184	-1.000000	-1.000000
185	-0.992188	-0.996094
186	-0.992188	-0.996094
187	-1.000000	-1.000000
188	-0.992188	-0.996094
189	-0.996094	-0.998047
190	-1.000000	-1.000000
191	-0.992188	-0.996094
192	-1.000000	-1.000000
193	-0.996094	-0.998047
194	-0.990234	-0.994141
195	-0.992188	-0.996094
196	-0.992188	-0.996094
197	-1.000000	-1.000000
198	-1.000000	-1.000000
199	-1.000000	-1.000000
200	-0.992188	-0.996094
201	-0.996094	-0.998047
202	-0.996094	-0.998047
203	-0.996094	-0.998047
204	-0.988281	-0.994141
205	-1.000000	-1.000000
206	-1.000000	-1.000000
207	-1.000000	-1.000000
208	-0.996094	-0.998047
209	-0.988281	-0.994141
210	-0.996094	-0.998047
211	-1.000000	-1.000000
212	-0.996094	-0.998047
213	-1.000000	-1.000000
214	-1.000000	-1.000000
215	-1.000000	-1.000000
216	-0.996094	-0.998047
217	-1.000000	-1.000000
218	-1.000000	-1.000000
219	-0.990234	-0.994141
220	-0.988281	-0.994141
221	-0.996094	-0.998047
222	-0.996094	-0.998047
223	-1.000000	-1.000000
224	-1.000000	-1.000000
225	-1.000000	-1.000000
226	-1.000000	-1.000000
227	-1.000000	-1.000000
228	-1.000000	-1.000000
229	-1.000000	-1.000000
230	-0.992188	-0.996094
231	-1.000000	-1.000000
232	-0.992188	-0.996094
233	-0.996094	-0.998047
234	-0.996094	-0.998047
235	-0.996094	-0.998047
236	-0.994141	-0.996094
237	-0.996094	-0.998047
238	-0.992188	-0.996094
239	-0.996094	-0.998047
240	-0.988281	-0.994141
241	-0.996094	-0.998047
242	-0.986328	-0.992188
243	-0.996094	-0.998047
244	-0.996094	-0.998047
245	-0.988281	-0.994141
246	-1.000000	-1.000000
247	-1.000000	-1.000000
248	-1.000000	-1.000000
249	-0.992188	-0.996094
250	-0.996094	-0.998047
251	-0.996094	-0.998047
252	-1.000000	-1.000000
253	-1.000000	-1.000000
254	-1.000000	-1.000000
255	-1.000000	-1.000000
256	-0.992188	-0.996094
257	-0.980469	-0.990234
258	-0.996094	-0.998047
259	-1.000000	-1.000000
260	-1.000000	-1.000000
261	-0.996094	-0.998047
262	-0.988281	-0.994141
263	-0.996094	-0.998047
264	-1.000000	-1.000000
265	-1.000000	-1.000000
266	-0.996094	-0.998047
267	-0.988281	-0.994141
268	-0.996094	-0.998047
269	-0.996094	-0.998047
270	-1.000000	-1.000000
271	-0.996094	-0.998047
272	-0.996094	-0.998047
273	-1.000000	-1.000000
274	-0.996094	-0.998047
275	-0.992188	-0.996094
276	-1.000000	-1.000000
277	-0.996094	-0.998047
278	-0.996094	-0.998047
279	-1.000000	-1.000000
280	-0.988281	-0.994141
281	-1.000000	-1.000000
282	-1.000000	-1.000000
283	-0.992188	-0.996094
284	-0.992188	-0.996094
285	-0.992188	-0.996094
286	-1.000000	-1.000000
287	-0.996094	-0.998047
288	-1.000000	-1.000000
289	-0.992188	-0.996094
290	-0.996094	-0.998047
291	-1.000000	-1.000000
292	-0.992188	-0.996094
293	-0.984375	-0.990234
294	-0.996094	-0.998047
295	-0.996094	-0.998047
296	-0.992188	-0.996094
297	-0.992188	-0.996094
298	-1.000000	-1.000000
299	-0.992188	-0.996094
300	-0.996094	-0.998047
301	-0.996094	-0.998047
302	-0.984375	-0.992188
303	-1.000000	-1.000000
304	-1.000000	-1.000000
305	-0.984375	-0.992188
306	-1.000000	-1.000000
307	-1.000000	-1.000000
308	-0.996094	-0.998047
309	-0.996094	-0.998047
310	-1.000000	-1.000000
311	-0.992188	-0.996094
312	-0.996094	-0.998047
313	-1.000000	-1.000000
314	-0.996094	-0.998047
315	-1.000000	-1.000000
316	-1.000000	-1.000000
317	-0.992188	-0.996094
318	-1.000000	-1.000000
319	-1.000000	-1.000000
320	-1.000000	-1.000000
321	-0.992188	-0.996094
322	-1.000000	-1.000000
323	-1.000000	-1.000000
324	-1.000000	-1.000000
325	-0.992188	-0.996094
326	-1.000000	-1.000000
327	-1.000000	-1.000000
328	-0.996094	-0.998047
329	-0.988281	-0.994141
330	-0.996094	-0.998047
331	-0.996094	-0.998047
332	-1.000000	-1.000000
333	-0.996094	-0.998047
334	-1.000000	-1.000000
335	-0.996094	-0.998047
336	-0.988281	-0.994141
337	-0.992188	-0.996094
338	-0.996094	-0.998047
339	-0.996094	-0.998047
340	-1.000000	-1.000000
341	-1.000000	-1.000000
342	-1.000000	-1.000000
343	-1.000000	-1.000000
344	-1.000000	-1.000000
345	-0.996094	-0.998047
346	-0.994141	-0.996094
347	-0.992188	-0.996094
348	-1.000000	-1.000000
349	-1.000000	-1.000000
350	-1.000000	-1.000000
351	-0.996094	-0.998047
352	-1.000000	-1.000000
353	-0.996094	-0.998047
354	-1.000000	-1.000000
355	-0.996094	-0.998047
356	-0.994141	-0.996094
357	-1.000000	-1.000000
358	-0.996094	-0.998047
359	-1.000000	-1.000000
360	-1.000000	-1.000000
361	-0.992188	-0.996094
362	-0.992188	-0.996094
363	-0.996094	-0.998047
364	-0.996094	-0.998047
365	-0.988281	-0.994141
366	-0.996094	-0.998047
367	-0.996094	-0.998047
368	-1.000000	-1.000000
369	-0.996094	-0.998047
370	-0.992188	-0.996094
371	-0.992188	-0.996094
372	-0.996094	-0.998047
373	-0.988281	-0.994141
374	-1.000000	-1.000000
375	-0.992188	-0.996094
376	-0.996094	-0.998047
377	-0.988281	-0.990234
378	-1.000000	-1.000000
379	-0.996094	-0.998047
380	-0.996094	-0.998047
381	-1.000000	-1.000000
382	-1.000000	-1.000000
383	-0.996094	-0.998047
384	-0.988281	-0.994141
385	-0.996094	-0.998047
386	-0.996094	-0.998047
387	-1.000000	-1.000000
388	-0.996094	-0.998047
389	-0.996094	-0.998047
390	-0.990234	-0.994141
391	-0.996094	-0.998047
392	-1.000000	-1.000000
393	-1.000000	-1.000000
394	-1.000000	-1.000000
395	-0.992188	-0.996094
396	-0.988281	-0.994141
397	-1.000000	-1.000000
398	-1.000000	-1.000000
399	-0.988281	-0.994141
400	-1.000000	-1.000000
401	-0.992188	-0.996094
402	-0.992188	-0.996094
403	-0.996094	-0.998047
404	-0.996094	-0.998047
405	-0.988281	-0.994141
406	-0.996094	-0.998047
407	-0.996094	-0.998047
408	-0.996094	-0.998047
409	-0.992188	-0.996094
410	-1.000000	-1.000000
411	-1.000000	-1.000000
412	-0.996094	-0.998047
413	-1.000000	-1.000000
414	-1.000000	-1.000000
415	-0.996094	-0.998047
416	-0.992188	-0.996094
417	-0.992188	-0.994141
418	-0.988281	-0.994141
419	-1.000000	-1.000000
420	-1.000000	-1.000000
421	-1.000000	-1.000000
422	-0.996094	-0.998047
423	-0.992188	-0.996094
424	-0.986328	-0.992188
425	-0.996094	-0.998047
426	-1.000000	-1.000000
427	-1.000000	-1.000000
428	-1.000000	-1.000000
429	-1.000000	-1.000000
430	-0.992188	-0.996094
431	-1.000000	-1.000000
432	-1.000000	-1.000000
433	-0.986328	-0.992188
434	-1.000000	-1.000000
435	-0.996094	-0.998047
436	-1.000000	-1.000000
437	-0.992188	-0.996094
438	-0.994141	-0.996094
439	-0.990234	-0.994141
440	-0.992188	-0.996094
441	-1.000000	-1.000000
442	-1.000000	-1.000000
443	-0.996094	-0.998047
444	-0.996094	-0.998047
445	-1.000000	-1.000000
446	-0.990234	-0.994141
447	-0.996094	-0.998047
448	-0.994141	-0.996094
449	-1.000000	-1.000000
450	-1.000000	-1.000000
451	-0.990234	-0.994141
452	-1.000000	-1.000000
453	-0.996094	-0.998047
454	-0.992188	-0.996094
455	-0.992188	-0.996094
456	-1.000000	-1.000000
457	-1.000000	-1.000000
458	-1.000000	-1.000000
459	-1.000000	-1.000000
460	-0.996094	-0.998047
461	-0.996094	-0.998047
462	-1.000000	-1.000000
463	-1.000000	-1.000000
464	-1.000000	-1.000000
465	-1.000000	-1.000000
466	-0.996094	-0.998047
467	-0.992188	-0.996094
468	-0.994141	-0.996094
469	-1.000000	-1.000000
470	-1.000000	-1.000000
471	-1.000000	-1.000000
472	-0.990234	-0.994141
473	-0.992188	-0.996094
474	-0.996094	-0.998047
475	-1.000000	-1.000000
476	-1.000000	-1.000000
477	-1.000000	-1.000000
478	-0.996094	-0.998047
479	-0.996094	-0.998047
480	-0.996094	-0.998047
481	-1.000000	-1.000000
482	-1.000000	-1.000000
483	-0.996094	-0.998047
484	-0.984375	-0.992188
485	-0.988281	-0.994141
486	-0.992188	-0.996094
487	-0.992188	-0.996094
488	-1.000000	-1.000000
489	-1.000000	-1.000000
490	-0.996094	-0.998047
491	-0.996094	-0.998047
492	-0.996094	-0.998047
493	-0.996094	-0.998047
494	-1.000000	-1.000000
495	-0.996094	-0.998047
496	-0.996094	-0.998047
497	-0.992188	-0.996094
498	-0.994141	-0.996094
499	-1.000000	-1.000000
500	-0.996094	-0.998047
501	-1.000000	-1.000000
502	-0.992188	-0.996094
503	-0.992188	-0.996094
504	-1.000000	-1.000000
505	-0.996094	-0.998047
506	-1.000000	-1.000000
507	-1.000000	-1.000000
508	-0.988281	-0.994141
509	-0.996094	-0.998047
510	-1.000000	-1.000000
511	-0.990234	-0.994141
512	-0.996094	-0.998047
513	-1.000000	-1.000000
514	-1.000000	-1.000000
515	-1.000000	-1.000000
516	-1.000000	-1.000000
517	-1.000000	-1.000000
518	-1.000000	-1.000000
519	-1.000000	-1.000000
520	-1.000000	-1.000000
521	-0.982422	-0.990234
522	-0.994141	-0.996094
523	-1.000000	-1.000000
524	-0.996094	-0.998047
525	-1.000000	-1.000000
526	-0.988281	-0.994141
527	-0.996094	-0.998047
528	-1.000000	-1.000000
529	-0.996094	-0.998047
530	-0.996094	-0.998047
531	-0.996094	-0.998047
532	-0.996094	-0.998047
533	-0.996094	-0.998047
534	-0.996094	-0.998047
535	-0.996094	-0.998047
536	-1.000000	-1.000000
537	-1.000000	-1.000000
538	-0.992188	-0.996094
539	-0.992188	-0.996094
540	-1.000000	-1.000000
541	-0.996094	-0.998047
542	-1.000000	-1.000000
543	-1.000000	-1.000000
544	-0.996094	-0.998047
545	-1.000000	-1.000000
546	-1.000000	-1.000000
547	-1.000000	-1.000000
548	-0.996094	-0.998047
549	-0.996094	-0.998047
550	-0.992188	-0.996094
551	-0.996094	-0.998047
552	-0.996094	-0.998047
553	-0.996094	-0.998047
554	-1.000000	-1.000000
555	-0.996094	-0.998047
556	-0.996094	-0.998047
557	-0.996094	-0.998047
558	-0.992188	-0.996094
559	-0.994141	-0.996094
560	-0.990234	-0.994141
561	-0.990234	-0.994141
562	-1.000000	-1.000000
563	-0.996094	-0.998047
564	-1.000000	-1.000000
565	-1.000000	-1.000000
566	-1.000000	-1.000000
567	-0.992188	-0.996094
568	-1.000000	-1.000000
569	-1.000000	-1.000000
570	-0.996094	-0.998047
571	-0.992188	-0.996094
572	-0.992188	-0.996094
573	-1.000000	-1.000000
574	-0.992188	-0.996094
575	-1.000000	-1.000000
576	-0.992188	-0.996094
577	-0.996094	-0.998047
578	-0.992188	-0.996094
579	-0.990234	-0.994141
580	-1.000000	-1.000000
581	-1.000000	-1.000000
582	-1.000000	-1.000000
583	-1.000000	-1.000000
584	-0.996094	-0.998047
585	-1.000000	-1.000000
586	-0.992188	-0.996094
587	-0.996094	-0.998047
588	-0.996094	-0.998047
589	-0.996094	-0.998047
590	-0.994141	-0.996094
591	-1.000000	-1.000000
592	-1.000000	-1.000000
593	-0.992188	-0.996094
594	-0.996094	-0.998047
595	-0.994141	-0.996094
596	-0.996094	-0.998047
597	-1.000000	-1.000000
598	-0.996094	-0.998047
599	-0.996094	-0.998047
600	-0.992188	-0.996094
601	-1.000000	-1.000000
602	-0.992188	-0.996094
603	-0.994141	-0.996094
604	-0.992188	-0.996094
605	-0.996094	-0.998047
606	-0.992188	-0.996094
607	-0.996094	-0.998047
608	-0.992188	-0.996094
609	-1.000000	-1.000000
610	-1.000000	-1.000000
611	-0.992188	-0.996094
612	-0.992188	-0.996094
613	-0.996094	-0.998047
614	-0.982422	-0.990234
615	-0.996094	-0.998047
616	-0.992188	-0.996094
617	-1.000000	-1.000000
618	-0.996094	-0.998047
619	-0.992188	-0.996094
620	-0.988281	-0.994141
621	-1.000000	-1.000000
622	-0.996094	-0.998047
623	-0.990234	-0.994141
624	-1.000000	-1.000000
625	-1.000000	-1.000000
626	-0.996094	-0.998047
627	-0.988281	-0.994141
628	-0.996094	-0.998047
629	-0.996094	-0.998047
630	-0.992188	-0.996094
631	-1.000000	-1.000000
632	-0.992188	-0.996094
633	-1.000000	-1.000000
634	-0.990234	-0.994141
635	-1.000000	-1.000000
636	-0.996094	-0.998047
637	-0.988281	-0.992188
638	-0.996094	-0.998047
639	-0.996094	-0.998047
640	-0.996094	-0.998047
641	-1.000000	-1.000000
642	-1.000000	-1.000000
643	-1.000000	-1.000000
644	-1.000000	-1.000000
645	-0.992188	-0.996094
646	-1.000000	-1.000000
647	-0.996094	-0.998047
648	-1.000000	-1.000000
649	-1.000000	-1.000000
650	-1.000000	-1.000000
651	-1.000000	-1.000000
652	-1.000000	-1.000000
653	-0.990234	-0.994141
654	-0.986328	-0.992188
655	-1.000000	-1.000000
656	-0.992188	-0.996094
657	-0.992188	-0.996094
658	-0.988281	-0.994141
659	-0.996094	-0.998047
660	-0.996094	-0.998047
661	-0.992188	-0.996094
662	-0.992188	-0.996094
663	-1.000000	-1.000000
664	-0.992188	-0.996094
665	-0.996094	-0.998047
666	-0.996094	-0.998047
667	-1.000000	-1.000000
668	-0.992188	-0.996094
669	-1.000000	-1.000000
670	-1.000000	-1.000000
671	-0.988281	-0.994141
672	-0.984375	-0.992188
673	-0.992188	-0.996094
674	-1.000000	-1.000000
675	-1.000000	-1.000000
676	-0.988281	-0.994141
677	-1.000000	-1.000000
678	-0.992188	-0.996094
679	-1.000000	-1.000000
680	-0.988281	-0.994141
681	-1.000000	-1.000000
682	-0.996094	-0.998047
683	-1.000000	-1.000000
684	-0.992188	-0.996094
685	-0.986328	-0.992188
686	-0.996094	-0.998047
687	-1.000000	-1.000000
688	-0.996094	-0.998047
689	-1.000000	-1.000000
690	-1.000000	-1.000000
691	-0.996094	-0.998047
692	-0.992188	-0.996094
693	-1.000000	-1.000000
694	-0.988281	-0.994141
695	-0.996094	-0.998047
696	-1.000000	-1.000000
697	-1.000000	-1.000000
698	-0.996094	-0.998047
699	-0.996094	-0.998047
700	-0.990234	-0.994141
701	-1.000000	-1.000000
702	-0.988281	-0.994141
703	-0.996094	-0.998047
704	-0.996094	-0.998047
705	-1.000000	-1.000000
706	-0.996094	-0.998047
707	-1.000000	-1.000000
708	-1.000000	-1.000000
709	-0.992188	-0.996094
710	-0.996094	-0.998047
711	-0.992188	-0.996094
712	-1.000000	-1.000000
713	-0.996094	-0.998047
714	-0.992188	-0.996094
715	-1.000000	-1.000000
716	-1.000000	-1.000000
717	-1.000000	-1.000000
718	-0.988281	-0.994141
719	-0.992188	-0.996094
720	-0.992188	-0.996094
721	-0.996094	-0.998047
722	-0.992188	-0.996094
723	-0.992188	-0.996094
724	-0.996094	-0.998047
725	-1.000000	-1.000000
726	-0.984375	-0.990234
727	-0.996094	-0.998047
728	-0.994141	-0.996094
729	-1.000000	-1.000000
730	-1.000000	-1.000000
731	-0.992188	-0.996094
732	-0.992188	-0.996094
733	-1.000000	-1.000000
734	-0.996094	-0.998047
735	-0.986328	-0.992188
736	-0.996094	-0.998047
737	-1.000000	-1.000000
738	-0.992188	-0.996094
739	-1.000000	-1.000000
740	-1.000000	-1.000000
741	-1.000000	-1.000000
742	-0.996094	-0.998047
743	-0.996094	-0.998047
744	-0.992188	-0.996094
745	-1.000000	-1.000000
746	-1.000000	-1.000000
747	-0.988281	-0.994141
748	-0.992188	-0.996094
749	-1.000000	-1.000000
750	-0.996094	-0.998047
751	-1.000000	-1.000000
752	-1.000000	-1.000000
753	-1.000000	-1.000000
754	-1.000000	-1.000000
755	-1.000000	-1.000000
756	-1.000000	-1.000000
757	-1.000000	-1.000000
758	-1.000000	-1.000000
759	-1.000000	-1.000000
760	-0.996094	-0.998047
761	-1.000000	-1.000000
762	-1.000000	-1.000000
763	-0.996094	-0.998047
764	-0.996094	-0.998047
765	-0.992188	-0.996094
766	-1.000000	-1.000000
767	-1.000000	-1.000000
768	-0.992188	-0.996094
769	-1.000000	-1.000000
770	-0.992188	-0.996094
771	-1.000000	-1.000000
772	-1.000000	-1.000000
773	-0.980469	-0.990234
774	-1.000000	-1.000000
775	-1.000000	-1.000000
776	-0.992188	-0.996094
777	-1.000000	-1.000000
778	-1.000000	-1.000000
779	-0.996094	-0.998047
780	-0.992188	-0.996094
781	-1.000000	-1.000000
782	-1.000000	-1.000000
783	-0.994141	-0.996094
784	-0.996094	-0.998047
785	-0.992188	-0.996094
786	-0.996094	-0.998047
787	-0.980469	-0.990234
788	-0.988281	-0.994141
789	-0.996094	-0.998047
790	-1.000000	-1.000000
791	-1.000000	-1.000000
792	-1.000000	-1.000000
793	-1.000000	-1.000000
794	-1.000000	-1.000000
795	-0.992188	-0.996094
796	-0.996094	-0.998047
797	-1.000000	-1.000000
798	-0.996094	-0.998047
799	-1.000000	-1.000000
800	-0.996094	-0.998047
801	-1.000000	-1.000000
802	-1.000000	-1.000000
803	-1.000000	-1.000000
804	-0.984375	-0.990234
805	-0.996094	-0.998047
806	-1.000000	-1.000000
807	-0.992188	-0.996094
808	-0.992188	-0.996094
809	-0.988281	-0.994141
810	-1.000000	-1.000000
811	-1.000000	-1.000000
812	-1.000000	-1.000000
813	-1.000000	-1.000000
814	-1.000000	-1.000000
815	-0.992188	-0.996094
816	-0.996094	-0.998047
817	-0.996094	-0.998047
818	-0.996094	-0.998047
819	-1.000000	-1.000000
820	-1.000000	-1.000000
821	-0.996094	-0.998047
822	-0.996094	-0.998047
823	-1.000000	-1.000000
824	-1.000000	-1.000000
825	-1.000000	-1.000000
826	-0.988281	-0.994141
827	-1.000000	-1.000000
828	-0.996094	-0.998047
829	-1.000000	-1.000000
830	-1.000000	-1.000000
831	-1.000000	-1.000000
832	-0.996094	-0.998047
833	-0.996094	-0.998047
834	-0.996094	-0.998047
835	-1.000000	-1.000000
836	-1.000000	-1.000000
837	-0.992188	-0.996094
838	-0.992188	-0.996094
839	-0.992188	-0.996094
840	-0.996094	-0.998047
841	-1.000000	-1.000000
842	-0.996094	-0.998047
843	-0.996094	-0.998047
844	-0.988281	-0.994141
845	-1.000000	-1.000000
846	-1.000000	-1.000000
847	-0.996094	-0.998047
848	-0.984375	-0.992188
849	-0.996094	-0.998047
850	-0.996094	-0.998047
851	-0.988281	-0.994141
852	-0.990234	-0.994141
853	-1.000000	-1.000000
854	-0.996094	-0.998047
855	-1.000000	-1.000000
856	-1.000000	-1.000000
857	-1.000000	-1.000000
858	-1.000000	-1.000000
859	-1.000000	-1.000000
860	-0.996094	-0.998047
861	-0.992188	-0.996094
862	-1.000000	-1.000000
863	-0.988281	-0.994141
864	-1.000000	-1.000000
865	-0.992188	-0.996094
866	-0.988281	-0.994141
867	-0.992188	-0.996094
868	-0.992188	-0.996094
869	-1.000000	-1.000000
870	-1.000000	-1.000000
871	-1.000000	-1.000000
872	-1.000000	-1.000000
873	-1.000000	-1.000000
874	-1.000000	-1.000000
875	-1.000000	-1.000000
876	-0.996094	-0.998047
877	-0.992188	-0.996094
878	-0.996094	-0.998047
879	-0.988281	-0.994141
880	-1.000000	-1.000000
881	-1.000000	-1.000000
882	-0.992188	-0.996094
883	-0.996094	-0.998047
884	-1.000000	-1.000000
885	-1.000000	-1.000000
886	-1.000000	-1.000000
887	-0.996094	-0.998047
888	-0.996094	-0.998047
889	-1.000000	-1.000000
890	-1.000000	-1.000000
891	-1.000000	-1.000000
892	-1.000000	-1.000000
893	-0.992188	-0.996094
894	-0.996094	-0.998047
895	-0.996094	-0.998047
896	-1.000000	-1.000000
897	-0.996094	-0.998047
898	-1.000000	-1.000000
899	-1.000000	-1.000000
900	-1.000000	-1.000000
901	-0.996094	-0.998047
902	-0.996094	-0.998047
903	-1.000000	-1.000000
904	-1.000000	-1.000000
905	-1.000000	-1.000000
906	-0.992188	-0.996094
907	-1.000000	-1.000000
908	-0.992188	-0.996094
909	-1.000000	-1.000000
910	-1.000000	-1.000000
911	-0.996094	-0.998047
912	-1.000000	-1.000000
913	-1.000000	-1.000000
914	-0.988281	-0.994141
915	-0.996094	-0.998047
916	-0.992188	-0.996094
917	-0.992188	-0.996094
918	-0.996094	-0.998047
919	-0.996094	-0.998047
920	-1.000000	-1.000000
921	-1.000000	-1.000000
922	-0.996094	-0.998047
923	-0.994141	-0.996094
924	-1.000000	-1.000000
925	-1.000000	-1.000000
926	-1.000000	-1.000000
927	-1.000000	-1.000000
928	-1.000000	-1.000000
929	-0.996094	-0.998047
930	-0.996094	-0.998047
931	-1.000000	-1.000000
932	-0.992188	-0.996094
933	-1.000000	-1.000000
934	-0.992188	-0.996094
935	-0.988281	-0.994141
936	-1.000000	-1.000000
937	-0.992188	-0.996094
938	-0.988281	-0.994141
939	-0.996094	-0.998047
940	-0.996094	-0.998047
941	-0.996094	-0.998047
942	-1.000000	-1.000000
943	-1.000000	-1.000000
944	-0.992188	-0.996094
945	-0.990234	-0.994141
946	-1.000000	-1.000000
947	-0.990234	-0.994141
948	-0.996094	-0.998047
949	-1.000000	-1.000000
950	-0.996094	-0.998047
951	-0.996094	-0.998047
952	-1.000000	-1.000000
953	-0.996094	-0.998047
954	-1.000000	-1.000000
955	-0.988281	-0.994141
956	-0.988281	-0.994141
957	-0.996094	-0.998047
958	-0.986328	-0.992188
959	-0.996094	-0.998047
960	-0.996094	-0.998047
961	-1.000000	-1.000000
962	-1.000000	-1.000000
963	-0.992188	-0.996094
964	-0.996094	-0.998047
965	-0.996094	-0.998047
966	-0.996094	-0.998047
967	-1.000000	-1.000000
968	-0.996094	-0.998047
969	-0.986328	-0.992188
970	-1.000000	-1.000000
971	-0.992188	-0.996094
972	-1.000000	-1.000000
973	-1.000000	-1.000000
974	-1.000000	-1.000000
975	-1.000000	-1.000000
976	-1.000000	-1.000000
977	-0.988281	-0.994141
978	-1.000000	-1.000000
979	-1.000000	-1.000000
980	-1.000000	-1.000000
981	-0.996094	-0.998047
982	-0.992188	-0.996094
983	-1.000000	-1.000000
984	-0.988281	-0.994141
985	-0.988281	-0.994141
986	-0.996094	-0.998047
987	-1.000000	-1.000000
988	-1.000000	-1.000000
989	-0.992188	-0.996094
990	-0.996094	-0.998047
991	-0.996094	-0.998047
992	-0.996094	-0.998047
993	-0.992188	-0.996094
994	-0.992188	-0.996094
995	-0.996094	-0.998047
996	-0.996094	-0.998047
997	-1.000000	-1.000000
998	-0.996094	-0.998047
999	-1.000000	-1.000000
