0	-0.996094	-0.998047
1	-1.000000	-1.000000
2	-1.000000	-1.000000
3	-1.000000	-1.000000
4	-0.996094	-0.998047
5	-0.996094	-0.998047
6	-1.000000	-1.000000
7	-0.992188	-0.994141
8	-0.996094	-0.998047
9	-0.992188	-0.996094
10	-0.996094	-0.998047
11	-1.000000	-1.000000
12	-1.000000	-1.000000
13	-1.000000	-1.000000
14	-0.996094	-0.998047
15	-0.984375	-0.992188
16	-1.000000	-1.000000
17	-0.996094	-0.998047
18	-1.000000	-1.000000
19	-0.996094	-0.998047
20	-1.000000	-1.000000
21	-0.996094	-0.998047
22	-0.996094	-0.998047
23	-0.996094	-0.998047
24	-1.000000	-1.000000
25	-0.992188	-0.996094
26	-1.000000	-1.000000
27	-0.988281	-0.994141
28	-1.000000	-1.000000
29	-1.000000	-1.000000
30	-1.000000	-1.000000
31	-0.996094	-0.998047
32	-1.000000	-1.000000
33	-1.000000	-1.000000
34	-0.996094	-0.998047
35	-1.000000	-1.000000
36	-0.996094	-0.998047
37	-0.996094	-0.998047
38	-1.000000	-1.000000
39	-1.000000	-1.000000
40	-0.990234	-0.994141
41	-1.000000	-1.000000
42	-1.000000	-1.000000
43	-1.000000	-1.000000
44	-1.000000	-1.000000
45	-1.000000	-1.000000
46	-0.996094	-0.998047
47	-0.992188	-0.996094
48	-0.996094	-0.998047
49	-1.000000	-1.000000
50	-0.994141	-0.996094
51	-0.992188	-0.996094
52	-1.000000	-1.000000
53	-1.000000	-1.000000
54	-0.992188	-0.996094
55	-0.996094	-0.998047
56	-1.000000	-1.000000
57	-1.000000	-1.000000
58	-0.992188	-0.996094
59	-1.000000	-1.000000
60	-0.996094	-0.998047
61	-0.996094	-0.998047
62	-1.000000	-1.000000
63	-1.000000	-1.000000
64	-0.996094	-0.998047
65	-1.000000	-1.000000
66	-0.996094	-0.998047
67	-1.000000	-1.000000
68	-0.988281	-0.994141
69	-0.996094	-0.998047
70	-0.992188	-0.996094
71	-0.996094	-0.998047
72	-0.996094	-0.998047
73	-1.000000	-1.000000
74	-1.000000	-1.000000
75	-0.992188	-0.996094
76	-0.996094	-0.998047
77	-0.992188	-0.996094
78	-1.000000	-1.000000
79	-0.996094	-0.998047
80	-1.000000	-1.000000
81	-1.000000	-1.000000
82	-1.000000	-1.000000
83	-0.996094	-0.998047
84	-1.000000	-1.000000
85	-0.988281	-0.994141
86	-0.992188	-0.996094
87	-0.996094	-0.998047
88	-1.000000	-1.000000
89	-1.000000	-1.000000
90	-0.996094	-0.998047
91	-1.000000	-1.000000
92	-1.000000	-1.000000
93	-0.996094	-0.998047
94	-1.000000	-1.000000
95	-1.000000	-1.000000
96	-0.988281	-0.994141
97	-0.988281	-0.994141
98	-0.996094	-0.998047
99	-0.996094	-0.998047
100	-0.996094	-0.998047
101	-1.000000	-1.000000
102	-0.996094	-0.998047
103	-0.992188	-0.996094
104	-0.996094	-0.998047
105	-0.996094	-0.998047
106	-0.994141	-0.996094
107	-0.992188	-0.996094
108	-1.000000	-1.000000
109	-1.000000	-1.000000
110	-1.000000	-1.000000
111	-1.000000	-1.000000
112	-1.000000	-1.000000
113	-0.996094	-0.998047
114	-0.996094	-0.998047
115	-1.000000	-1.000000
116	-0.996094	-0.998047
117	-0.992188	-0.996094
118	-1.000000	-1.000000
119	-1.000000	-1.000000
120	-0.996094	-0.998047
121	-1.000000	-1.000000
122	-1.000000	-1.000000
123	-1.000000	-1.000000
124	-0.996094	-0.998047
125	-1.000000	-1.000000
126	-1.000000	-1.000000
127	-1.000000	-1.000000
128	-1.000000	-1.000000
129	-1.000000	-1.000000
130	-1.000000	-1.000000
131	-0.992188	-0.996094
132	-0.996094	-0.998047
133	-0.996094	-0.998047
134	-0.992188	-0.996094
135	-0.984375	-0.990234
136	-1.000000	-1.000000
137	-1.000000	-1.000000
138	-1.000000	-1.000000
139	-1.000000	-1.000000
140	-1.000000	-1.000000
141	-1.000000	-1.000000
142	-0.996094	-0.998047
143	-0.996094	-0.998047
144	-1.000000	-1.000000
145	-1.000000	-1.000000
146	-0.990234	-0.994141
147	-1.000000	-1.000000
148	-0.996094	-0.998047
149	-0.996094	-0.998047
150	-0.988281	-0.994141
151	-1.000000	-1.000000
152	-0.992188	-0.996094
153	-1.000000	-1.000000
154	-1.000000	-1.000000
155	-0.992188	-0.996094
156	-0.996094	-0.998047
157	-0.996094	-0.998047
158	-1.000000	-1.000000
159	-1.000000	-1.000000
160	-1.000000	-1.000000
161	-0.996094	-0.998047
162	-1.000000	-1.000000
163	-0.992188	-0.996094
164	-0.992188	-0.996094
165	-0.996094	-0.998047
166	-1.000000	-1.000000
167	-0.996094	-0.998047
168	-0.996094	-0.998047
169	-1.000000	-1.000000
170	-0.996094	-0.998047
171	-1.000000	-1.000000
172	-1.000000	-1.000000
173	-1.000000	-1.000000
174	-1.000000	-1.000000
175	-1.000000	-1.000000
176	-0.996094	-0.998047
177	-0.996094	-0.998047
178	-1.000000	-1.000000
179	-0.996094	-0.998047
180	-1.000000	-1.000000
181	-0.996094	-0.998047
182	-1.000000	-1.000000
183	-1.000000	-1.000000
184	-0.992188	-0.996094
185	-1.000000	-1.000000
186	-1.000000	-1.000000
187	-1.000000	-1.000000
188	-0.996094	-0.998047
189	-1.000000	-1.000000
190	-1.000000	-1.000000
191	-1.000000	-1.000000
192	-0.996094	-0.998047
193	-0.996094	-0.998047
194	-1.000000	-1.000000
195	-0.996094	-0.998047
196	-1.000000	-1.000000
197	-0.992188	-0.996094
198	-0.992188	-0.996094
199	-0.992188	-0.996094
200	-0.996094	-0.998047
201	-0.992188	-0.996094
202	-0.990234	-0.994141
203	-1.000000	-1.000000
204	-0.996094	-0.998047
205	-0.996094	-0.998047
206	-1.000000	-1.000000
207	-0.996094	-0.998047
208	-0.992188	-0.996094
209	-0.996094	-0.998047
210	-1.000000	-1.000000
211	-0.996094	-0.998047
212	-1.000000	-1.000000
213	-0.996094	-0.998047
214	-0.996094	-0.998047
215	-0.996094	-0.998047
216	-0.996094	-0.998047
217	-0.996094	-0.998047
218	-0.996094	-0.998047
219	-0.996094	-0.998047
220	-0.996094	-0.998047
221	-1.000000	-1.000000
222	-1.000000	-1.000000
223	-1.000000	-1.000000
224	-1.000000	-1.000000
225	-0.992188	-0.996094
226	-1.000000	-1.000000
227	-1.000000	-1.000000
228	-0.996094	-0.998047
229	-0.996094	-0.998047
230	-1.000000	-1.000000
231	-1.000000	-1.000000
232	-1.000000	-1.000000
233	-0.996094	-0.998047
234	-0.996094	-0.998047
235	-0.996094	-0.998047
236	-0.996094	-0.998047
237	-1.000000	-1.000000
238	-1.000000	-1.000000
239	-1.000000	-1.000000
240	-0.996094	-0.998047
241	-0.996094	-0.998047
242	-0.988281	-0.994141
243	-0.992188	-0.996094
244	-1.000000	-1.000000
245	-1.000000	-1.000000
246	-1.000000	-1.000000
247	-0.996094	-0.998047
248	-0.996094	-0.998047
249	-1.000000	-1.000000
250	-0.996094	-0.998047
251	-1.000000	-1.000000
252	-0.992188	-0.996094
253	-1.000000	-1.000000
254	-1.000000	-1.000000
255	-0.996094	-0.998047
256	-1.000000	-1.000000
257	-0.996094	-0.998047
258	-0.992188	-0.996094
259	-0.996094	-0.998047
260	-1.000000	-1.000000
261	-0.996094	-0.998047
262	-0.990234	-0.994141
263	-1.000000	-1.000000
264	-1.000000	-1.000000
265	-1.000000	-1.000000
266	-0.992188	-0.996094
267	-0.996094	-0.998047
268	-0.996094	-0.998047
269	-1.000000	-1.000000
270	-0.988281	-0.994141
271	-1.000000	-1.000000
272	-1.000000	-1.000000
273	-0.996094	-0.998047
274	-0.996094	-0.998047
275	-1.000000	-1.000000
276	-0.996094	-0.998047
277	-0.996094	-0.998047
278	-1.000000	-1.000000
279	-1.000000	-1.000000
280	-0.996094	-0.998047
281	-1.000000	-1.000000
282	-1.000000	-1.000000
283	-1.000000	-1.000000
284	-1.000000	-1.000000
285	-1.000000	-1.000000
286	-1.000000	-1.000000
287	-1.000000	-1.000000
288	-1.000000	-1.000000
289	-1.000000	-1.000000
290	-0.982422	-0.990234
291	-0.996094	-0.998047
292	-1.000000	-1.000000
293	-1.000000	-1.000000
294	-1.000000	-1.000000
295	-1.000000	-1.000000
296	-0.988281	-0.994141
297	-1.000000	-1.000000
298	-0.996094	-0.998047
299	-0.996094	-0.998047
300	-1.000000	-1.000000
301	-1.000000	-1.000000
302	-1.000000	-1.000000
303	-1.000000	-1.000000
304	-0.996094	-0.998047
305	-0.996094	-0.998047
306	-0.986328	-0.992188
307	-0.996094	-0.998047
308	-1.000000	-1.000000
309	-1.000000	-1.000000
310	-1.000000	-1.000000
311	-0.992188	-0.996094
312	-1.000000	-1.000000
313	-0.982422	-0.990234
314	-0.990234	-0.994141
315	-1.000000	-1.000000
316	-0.992188	-0.996094
317	-0.988281	-0.994141
318	-0.996094	-0.998047
319	-0.996094	-0.998047
320	-1.000000	-1.000000
321	-0.996094	-0.998047
322	-1.000000	-1.000000
323	-1.000000	-1.000000
324	-1.000000	-1.000000
325	-0.994141	-0.996094
326	-1.000000	-1.000000
327	-0.996094	-0.998047
328	-1.000000	-1.000000
329	-1.000000	-1.000000
330	-1.000000	-1.000000
331	-1.000000	-1.000000
332	-1.000000	-1.000000
333	-0.992188	-0.996094
334	-1.000000	-1.000000
335	-0.996094	-0.998047
336	-1.000000	-1.000000
337	-0.996094	-0.998047
338	-0.988281	-0.994141
339	-1.000000	-1.000000
340	-1.000000	-1.000000
341	-1.000000	-1.000000
342	-0.992188	-0.996094
343	-0.996094	-0.998047
344	-1.000000	-1.000000
345	-0.996094	-0.998047
346	-1.000000	-1.000000
347	-1.000000	-1.000000
348	-1.000000	-1.000000
349	-0.992188	-0.996094
350	-1.000000	-1.000000
351	-1.000000	-1.000000
352	-0.996094	-0.998047
353	-0.996094	-0.998047
354	-0.996094	-0.998047
355	-0.988281	-0.994141
356	-1.000000	-1.000000
357	-1.000000	-1.000000
358	-0.996094	-0.998047
359	-0.996094	-0.998047
360	-1.000000	-1.000000
361	-1.000000	-1.000000
362	-1.000000	-1.000000
363	-0.990234	-0.994141
364	-0.992188	-0.996094
365	-0.992188	-0.996094
366	-0.996094	-0.998047
367	-0.988281	-0.994141
368	-1.000000	-1.000000
369	-0.996094	-0.998047
370	-1.000000	-1.000000
371	-0.992188	-0.996094
372	-0.996094	-0.998047
373	-0.996094	-0.998047
374	-1.000000	-1.000000
375	-1.000000	-1.000000
376	-1.000000	-1.000000
377	-1.000000	-1.000000
378	-0.996094	-0.998047
379	-0.992188	-0.996094
380	-1.000000	-1.000000
381	-1.000000	-1.000000
382	-0.996094	-0.998047
383	-0.996094	-0.998047
384	-0.996094	-0.998047
385	-0.992188	-0.996094
386	-0.996094	-0.998047
387	-1.000000	-1.000000
388	-1.000000	-1.000000
389	-0.992188	-0.996094
390	-1.000000	-1.000000
391	-1.000000	-1.000000
392	-1.000000	-1.000000
393	-0.996094	-0.998047
394	-1.000000	-1.000000
395	-0.992188	-0.996094
396	-0.996094	-0.998047
397	-0.996094	-0.998047
398	-1.000000	-1.000000
399	-1.000000	-1.000000
400	-0.996094	-0.998047
401	-0.996094	-0.998047
402	-1.000000	-1.000000
403	-0.996094	-0.998047
404	-0.996094	-0.998047
405	-0.996094	-0.998047
406	-1.000000	-1.000000
407	-0.990234	-0.994141
408	-1.000000	-1.000000
409	-1.000000	-1.000000
410	-0.994141	-0.996094
411	-0.996094	-0.998047
412	-1.000000	-1.000000
413	-0.996094	-0.998047
414	-0.992188	-0.996094
415	-0.996094	-0.998047
416	-1.000000	-1.000000
417	-0.996094	-0.998047
418	-0.996094	-0.998047
419	-1.000000	-1.000000
420	-1.000000	-1.000000
421	-0.996094	-0.998047
422	-0.990234	-0.994141
423	-0.996094	-0.998047
424	-1.000000	-1.000000
425	-0.996094	-0.998047
426	-1.000000	-1.000000
427	-0.996094	-0.998047
428	-0.988281	-0.994141
429	-0.992188	-0.996094
430	-0.996094	-0.998047
431	-0.996094	-0.998047
432	-1.000000	-1.000000
433	-0.992188	-0.996094
434	-0.996094	-0.998047
435	-0.992188	-0.996094
436	-1.000000	-1.000000
437	-0.996094	-0.998047
438	-0.992188	-0.996094
439	-0.996094	-0.998047
440	-1.000000	-1.000000
441	-0.996094	-0.998047
442	-0.994141	-0.996094
443	-1.000000	-1.000000
444	-0.996094	-0.998047
445	-1.000000	-1.000000
446	-0.996094	-0.998047
447	-1.000000	-1.000000
448	-0.992188	-0.996094
449	-1.000000	-1.000000
450	-1.000000	-1.000000
451	-1.000000	-1.000000
452	-0.994141	-0.996094
453	-1.000000	-1.000000
454	-0.996094	-0.998047
455	-1.000000	-1.000000
456	-1.000000	-1.000000
457	-0.992188	-0.996094
458	-0.996094	-0.998047
459	-1.000000	-1.000000
460	-1.000000	-1.000000
461	-0.992188	-0.996094
462	-0.996094	-0.998047
463	-0.994141	-0.996094
464	-0.988281	-0.994141
465	-0.994141	-0.996094
466	-0.996094	-0.998047
467	-0.996094	-0.998047
468	-1.000000	-1.000000
469	-1.000000	-1.000000
470	-0.996094	-0.998047
471	-1.000000	-1.000000
472	-1.000000	-1.000000
473	-0.996094	-0.998047
474	-1.000000	-1.000000
475	-1.000000	-1.000000
476	-0.992188	-0.996094
477	-1.000000	-1.000000
478	-0.996094	-0.998047
479	-0.996094	-0.998047
480	-0.996094	-0.998047
481	-1.000000	-1.000000
482	-0.992188	-0.996094
483	-0.996094	-0.998047
484	-1.000000	-1.000000
485	-1.000000	-1.000000
486	-1.000000	-1.000000
487	-0.996094	-0.998047
488	-1.000000	-1.000000
489	-0.988281	-0.994141
490	-0.996094	-0.998047
491	-1.000000	-1.000000
492	-0.996094	-0.998047
493	-1.000000	-1.000000
494	-0.996094	-0.998047
495	-0.996094	-0.998047
496	-1.000000	-1.000000
497	-1.000000	-1.000000
498	-0.996094	-0.998047
499	-0.986328	-0.992188
500	-1.000000	-1.000000
501	-1.000000	-1.000000
502	-0.996094	-0.998047
503	-1.000000	-1.000000
504	-0.996094	-0.998047
505	-0.996094	-0.998047
506	-1.000000	-1.000000
507	-0.996094	-0.998047
508	-1.000000	-1.000000
509	-1.000000	-1.000000
510	-1.000000	-1.000000
511	-1.000000	-1.000000
512	-0.996094	-0.998047
513	-1.000000	-1.000000
514	-0.994141	-0.996094
515	-0.996094	-0.998047
516	-1.000000	-1.000000
517	-0.990234	-0.994141
518	-0.992188	-0.996094
519	-1.000000	-1.000000
520	-1.000000	-1.000000
521	-0.996094	-0.998047
522	-1.000000	-1.000000
523	-0.996094	-0.998047
524	-1.000000	-1.000000
525	-0.996094	-0.998047
526	-0.996094	-0.998047
527	-1.000000	-1.000000
528	-1.000000	-1.000000
529	-0.996094	-0.998047
530	-0.996094	-0.998047
531	-0.996094	-0.998047
532	-0.992188	-0.996094
533	-1.000000	-1.000000
534	-1.000000	-1.000000
535	-0.992188	-0.996094
536	-0.996094	-0.998047
537	-1.000000	-1.000000
538	-0.992188	-0.996094
539	-1.000000	-1.000000
540	-0.988281	-0.994141
541	-0.996094	-0.998047
542	-0.996094	-0.998047
543	-1.000000	-1.000000
544	-1.000000	-1.000000
545	-1.000000	-1.000000
546	-1.000000	-1.000000
547	-1.000000	-1.000000
548	-0.996094	-0.998047
549	-0.996094	-0.998047
550	-1.000000	-1.000000
551	-0.996094	-0.998047
552	-0.996094	-0.998047
553	-1.000000	-1.000000
554	-1.000000	-1.000000
555	-1.000000	-1.000000
556	-0.992188	-0.996094
557	-0.992188	-0.996094
558	-0.996094	-0.998047
559	-0.986328	-0.992188
560	-1.000000	-1.000000
561	-0.996094	-0.998047
562	-0.996094	-0.998047
563	-0.996094	-0.998047
564	-1.000000	-1.000000
565	-1.000000	-1.000000
566	-0.988281	-0.994141
567	-1.000000	-1.000000
568	-1.000000	-1.000000
569	-1.000000	-1.000000
570	-1.000000	-1.000000
571	-1.000000	-1.000000
572	-1.000000	-1.000000
573	-0.984375	-0.992188
574	-1.000000	-1.000000
575	-0.996094	-0.998047
576	-0.996094	-0.998047
577	-1.000000	-1.000000
578	-1.000000	-1.000000
579	-1.000000	-1.000000
580	-0.996094	-0.998047
581	-1.000000	-1.000000
582	-1.000000	-1.000000
583	-0.996094	-0.998047
584	-1.000000	-1.000000
585	-1.000000	-1.000000
586	-0.996094	-0.998047
587	-0.996094	-0.998047
588	-0.996094	-0.998047
589	-1.000000	-1.000000
590	-0.996094	-0.998047
591	-1.000000	-1.000000
592	-1.000000	-1.000000
593	-1.000000	-1.000000
594	-1.000000	-1.000000
595	-1.000000	-1.000000
596	-0.994141	-0.996094
597	-0.992188	-0.996094
598	-1.000000	-1.000000
599	-0.996094	-0.998047
600	-0.996094	-0.998047
601	-1.000000	-1.000000
602	-1.000000	-1.000000
603	-0.990234	-0.994141
604	-1.000000	-1.000000
605	-0.994141	-0.996094
606	-0.996094	-0.998047
607	-0.996094	-0.998047
608	-0.994141	-0.996094
609	-0.996094	-0.998047
610	-0.992188	-0.996094
611	-0.992188	-0.996094
612	-1.000000	-1.000000
613	-1.000000	-1.000000
614	-1.000000	-1.000000
615	-1.000000	-1.000000
616	-1.000000	-1.000000
617	-1.000000	-1.000000
618	-1.000000	-1.000000
619	-1.000000	-1.000000
620	-1.000000	-1.000000
621	-1.000000	-1.000000
622	-0.996094	-0.998047
623	-1.000000	-1.000000
624	-1.000000	-1.000000
625	-1.000000	-1.000000
626	-1.000000	-1.000000
627	-1.000000	-1.000000
628	-1.000000	-1.000000
629	-0.996094	-0.998047
630	-1.000000	-1.000000
631	-1.000000	-1.000000
632	-1.000000	-1.000000
633	-1.000000	-1.000000
634	-0.992188	-0.996094
635	-1.000000	-1.000000
636	-0.996094	-0.998047
637	-0.996094	-0.998047
638	-1.000000	-1.000000
639	-1.000000	-1.000000
640	-0.996094	-0.998047
641	-0.996094	-0.998047
642	-0.992188	-0.996094
643	-0.990234	-0.994141
644	-0.996094	-0.998047
645	-1.000000	-1.000000
646	-0.996094	-0.998047
647	-0.996094	-0.998047
648	-1.000000	-1.000000
649	-0.992188	-0.996094
650	-1.000000	-1.000000
651	-1.000000	-1.000000
652	-1.000000	-1.000000
653	-0.996094	-0.998047
654	-0.996094	-0.998047
655	-1.000000	-1.000000
656	-1.000000	-1.000000
657	-0.992188	-0.996094
658	-0.996094	-0.998047
659	-1.000000	-1.000000
660	-0.992188	-0.996094
661	-1.000000	-1.000000
662	-0.996094	-0.998047
663	-1.000000	-1.000000
664	-1.000000	-1.000000
665	-0.996094	-0.998047
666	-1.000000	-1.000000
667	-0.992188	-0.996094
668	-0.996094	-0.998047
669	-1.000000	-1.000000
670	-1.000000	-1.000000
671	-0.992188	-0.996094
672	-0.996094	-0.998047
673	-1.000000	-1.000000
674	-0.996094	-0.998047
675	-1.000000	-1.000000
676	-0.996094	-0.998047
677	-0.996094	-0.998047
678	-0.992188	-0.996094
679	-0.996094	-0.998047
680	-1.000000	-1.000000
681	-1.000000	-1.000000
682	-0.996094	-0.998047
683	-1.000000	-1.000000
684	-0.984375	-0.992188
685	-0.996094	-0.998047
686	-1.000000	-1.000000
687	-1.000000	-1.000000
688	-0.996094	-0.998047
689	-0.996094	-0.998047
690	-0.996094	-0.998047
691	-1.000000	-1.000000
692	-0.996094	-0.998047
693	-0.996094	-0.998047
694	-1.000000	-1.000000
695	-0.996094	-0.998047
696	-1.000000	-1.000000
697	-0.996094	-0.998047
698	-1.000000	-1.000000
699	-0.992188	-0.996094
700	-1.000000	-1.000000
701	-0.990234	-0.994141
702	-0.994141	-0.996094
703	-1.000000	-1.000000
704	-0.994141	-0.996094
705	-1.000000	-1.000000
706	-0.996094	-0.998047
707	-1.000000	-1.000000
708	-0.996094	-0.998047
709	-0.992188	-0.996094
710	-0.996094	-0.998047
711	-1.000000	-1.000000
712	-1.000000	-1.000000
713	-1.000000	-1.000000
714	-0.996094	-0.998047
715	-1.000000	-1.000000
716	-0.992188	-0.996094
717	-0.992188	-0.996094
718	-0.996094	-0.998047
719	-1.000000	-1.000000
720	-0.996094	-0.998047
721	-1.000000	-1.000000
722	-0.996094	-0.998047
723	-1.000000	-1.000000
724	-1.000000	-1.000000
725	-0.996094	-0.998047
726	-1.000000	-1.000000
727	-0.992188	-0.996094
728	-1.000000	-1.000000
729	-0.996094	-0.998047
730	-0.996094	-0.998047
731	-1.000000	-1.000000
732	-0.996094	-0.998047
733	-1.000000	-1.000000
734	-0.996094	-0.998047
735	-0.996094	-0.998047
736	-1.000000	-1.000000
737	-0.992188	-0.996094
738	-1.000000	-1.000000
739	-0.996094	-0.998047
740	-0.996094	-0.998047
741	-0.996094	-0.998047
742	-0.996094	-0.998047
743	-1.000000	-1.000000
744	-0.992188	-0.996094
745	-0.996094	-0.998047
746	-1.000000	-1.000000
747	-1.000000	-1.000000
748	-0.996094	-0.998047
749	-0.996094	-0.998047
750	-1.000000	-1.000000
751	-1.000000	-1.000000
752	-0.996094	-0.998047
753	-1.000000	-1.000000
754	-1.000000	-1.000000
755	-1.000000	-1.000000
756	-1.000000	-1.000000
757	-1.000000	-1.000000
758	-1.000000	-1.000000
759	-1.000000	-1.000000
760	-1.000000	-1.000000
761	-0.992188	-0.996094
762	-0.992188	-0.996094
763	-0.992188	-0.996094
764	-0.996094	-0.998047
765	-1.000000	-1.000000
766	-0.986328	-0.992188
767	-1.000000	-1.000000
768	-0.996094	-0.998047
769	-0.996094	-0.998047
770	-0.986328	-0.992188
771	-1.000000	-1.000000
772	-1.000000	-1.000000
773	-0.996094	-0.998047
774	-1.000000	-1.000000
775	-0.992188	-0.996094
776	-0.992188	-0.996094
777	-1.000000	-1.000000
778	-0.992188	-0.996094
779	-0.992188	-0.996094
780	-1.000000	-1.000000
781	-1.000000	-1.000000
782	-1.000000	-1.000000
783	-1.000000	-1.000000
784	-0.996094	-0.998047
785	-1.000000	-1.000000
786	-0.996094	-0.998047
787	-1.000000	-1.000000
788	-1.000000	-1.000000
789	-1.000000	-1.000000
790	-1.000000	-1.000000
791	-0.992188	-0.996094
792	-1.000000	-1.000000
793	-1.000000	-1.000000
794	-0.996094	-0.998047
795	-0.996094	-0.998047
796	-1.000000	-1.000000
797	-0.992188	-0.996094
798	-1.000000	-1.000000
799	-1.000000	-1.000000
800	-1.000000	-1.000000
801	-1.000000	-1.000000
802	-1.000000	-1.000000
803	-1.000000	-1.000000
804	-1.000000	-1.000000
805	-0.992188	-0.996094
806	-1.000000	-1.000000
807	-0.996094	-0.998047
808	-1.000000	-1.000000
809	-1.000000	-1.000000
810	-1.000000	-1.000000
811	-1.000000	-1.000000
812	-1.000000	-1.000000
813	-1.000000	-1.000000
814	-0.996094	-0.998047
815	-1.000000	-1.000000
816	-1.000000	-1.000000
817	-0.996094	-0.998047
818	-0.996094	-0.998047
819	-1.000000	-1.000000
820	-0.996094	-0.998047
821	-0.996094	-0.998047
822	-1.000000	-1.000000
823	-1.000000	-1.000000
824	-1.000000	-1.000000
825	-1.000000	-1.000000
826	-0.992188	-0.996094
827	-0.996094	-0.998047
828	-1.000000	-1.000000
829	-1.000000	-1.000000
830	-0.996094	-0.998047
831	-0.992188	-0.996094
832	-1.000000	-1.000000
833	-1.000000	-1.000000
834	-1.000000	-1.000000
835	-1.000000	-1.000000
836	-0.996094	-0.998047
837	-1.000000	-1.000000
838	-0.992188	-0.996094
839	-0.996094	-0.998047
840	-0.996094	-0.998047
841	-1.000000	-1.000000
842	-1.000000	-1.000000
843	-0.996094	-0.998047
844	-0.984375	-0.992188
845	-1.000000	-1.000000
846	-1.000000	-1.000000
847	-0.996094	-0.998047
848	-1.000000	-1.000000
849	-0.990234	-0.994141
850	-1.000000	-1.000000
851	-0.992188	-0.996094
852	-1.000000	-1.000000
853	-0.996094	-0.998047
854	-1.000000	-1.000000
855	-0.992188	-0.996094
856	-0.996094	-0.998047
857	-1.000000	-1.000000
858	-1.000000	-1.000000
859	-0.984375	-0.992188
860	-1.000000	-1.000000
861	-1.000000	-1.000000
862	-0.996094	-0.998047
863	-0.996094	-0.998047
864	-1.000000	-1.000000
865	-0.994141	-0.996094
866	-1.000000	-1.000000
867	-1.000000	-1.000000
868	-0.996094	-0.998047
869	-1.000000	-1.000000
870	-0.996094	-0.998047
871	-0.992188	-0.996094
872	-0.994141	-0.996094
873	-1.000000	-1.000000
874	-1.000000	-1.000000
875	-1.000000	-1.000000
876	-1.000000	-1.000000
877	-1.000000	-1.000000
878	-1.000000	-1.000000
879	-1.000000	-1.000000
880	-0.996094	-0.998047
881	-0.992188	-0.996094
882	-1.000000	-1.000000
883	-1.000000	-1.000000
884	-0.992188	-0.996094
885	-1.000000	-1.000000
886	-1.000000	-1.000000
887	-1.000000	-1.000000
888	-0.992188	-0.996094
889	-1.000000	-1.000000
890	-0.992188	-0.996094
891	-1.000000	-1.000000
892	-0.996094	-0.998047
893	-0.996094	-0.998047
894	-0.992188	-0.996094
895	-0.996094	-0.998047
896	-0.996094	-0.998047
897	-1.000000	-1.000000
898	-0.992188	-0.996094
899	-1.000000	-1.000000
900	-0.996094	-0.998047
901	-1.000000	-1.000000
902	-1.000000	-1.000000
903	-0.996094	-0.998047
904	-0.992188	-0.996094
905	-0.992188	-0.996094
906	-0.992188	-0.996094
907	-0.996094	-0.998047
908	-1.000000	-1.000000
909	-0.992188	-0.996094
910	-0.996094	-0.998047
911	-0.996094	-0.998047
912	-0.990234	-0.994141
913	-0.992188	-0.996094
914	-0.996094	-0.998047
915	-0.988281	-0.994141
916	-1.000000	-1.000000
917	-1.000000	-1.000000
918	-0.990234	-0.994141
919	-1.000000	-1.000000
920	-1.000000	-1.000000
921	-0.992188	-0.996094
922	-0.994141	-0.996094
923	-1.000000	-1.000000
924	-1.000000	-1.000000
925	-0.992188	-0.996094
926	-0.996094	-0.998047
927	-0.992188	-0.996094
928	-0.996094	-0.998047
929	-1.000000	-1.000000
930	-0.996094	-0.998047
931	-1.000000	-1.000000
932	-0.996094	-0.998047
933	-0.996094	-0.998047
934	-0.992188	-0.996094
935	-0.996094	-0.998047
936	-0.992188	-0.996094
937	-1.000000	-1.000000
938	-0.992188	-0.996094
939	-1.000000	-1.000000
940	-1.000000	-1.000000
941	-1.000000	-1.000000
942	-1.000000	-1.000000
943	-1.000000	-1.000000
944	-0.996094	-0.998047
945	-1.000000	-1.000000
946	-1.000000	-1.000000
947	-0.992188	-0.996094
948	-0.996094	-0.998047
949	-1.000000	-1.000000
950	-1.000000	-1.000000
951	-1.000000	-1.000000
952	-0.996094	-0.998047
953	-1.000000	-1.000000
954	-0.992188	-0.996094
955	-1.000000	-1.000000
956	-1.000000	-1.000000
957	-0.996094	-0.998047
958	-0.984375	-0.992188
959	-0.996094	-0.998047
960	-0.996094	-0.998047
961	-0.996094	-0.998047
962	-1.000000	-1.000000
963	-1.000000	-1.000000
964	-0.996094	-0.998047
965	-0.996094	-0.998047
966	-0.994141	-0.996094
967	-1.000000	-1.000000
968	-0.990234	-0.994141
969	-1.000000	-1.000000
970	-0.992188	-0.996094
971	-0.996094	-0.998047
972	-0.992188	-0.996094
973	-1.000000	-1.000000
974	-0.996094	-0.998047
975	-1.000000	-1.000000
976	-0.996094	-0.998047
977	-1.000000	-1.000000
978	-0.992188	-0.996094
979	-1.000000	-1.000000
980	-1.000000	-1.000000
981	-0.996094	-0.998047
982	-0.992188	-0.996094
983	-1.000000	-1.000000
984	-0.992188	-0.996094
985	-1.000000	-1.000000
986	-1.000000	-1.000000
987	-0.992188	-0.996094
988	-1.000000	-1.000000
989	-0.996094	-0.998047
990	-1.000000	-1.000000
991	-0.996094	-0.998047
992	-0.996094	-0.998047
993	-1.000000	-1.000000
994	-1.000000	-1.000000
995	-1.000000	-1.000000
996	-0.992188	-0.996094
997	-0.996094	-0.998047
998	-0.996094	-0.998047
999	-0.996094	-0.998047
