0	0.029297	-0.017578
1	0.029297	0.017578
2	0.029297	-0.017578
3	0.029297	0.017578
4	0.029297	-0.017578
5	0.029297	0.017578
6	0.029297	-0.017578
7	0.029297	0.017578
8	0.029297	-0.017578
9	0.029297	0.017578
10	0.029297	-0.017578
11	0.029297	0.017578
12	0.029297	-0.017578
13	0.029297	0.017578
14	0.029297	-0.017578
15	0.029297	0.017578
16	0.029297	-0.017578
17	0.029297	0.017578
18	0.029297	-0.017578
19	0.029297	0.017578
20	0.029297	-0.017578
21	0.029297	0.017578
22	0.029297	-0.017578
23	0.029297	0.017578
24	0.029297	-0.017578
25	0.029297	0.017578
26	0.029297	-0.017578
27	0.029297	0.017578
28	0.029297	-0.017578
29	0.029297	0.017578
30	0.029297	-0.017578
31	0.029297	0.017578
32	0.029297	-0.017578
33	0.029297	0.017578
34	0.029297	-0.017578
35	0.029297	0.017578
36	0.029297	-0.017578
37	0.029297	0.017578
38	0.029297	-0.017578
39	0.029297	0.017578
40	0.029297	-0.017578
41	0.029297	0.017578
42	0.029297	-0.017578
43	0.029297	0.017578
44	0.029297	-0.017578
45	0.029297	0.017578
46	0.029297	-0.017578
47	0.029297	0.017578
48	0.029297	-0.017578
49	0.029297	0.017578
50	0.029297	-0.017578
51	0.029297	0.017578
52	0.029297	-0.017578
53	0.029297	0.017578
54	0.029297	-0.017578
55	0.029297	0.017578
56	0.029297	-0.017578
57	0.029297	0.017578
58	0.029297	-0.017578
59	0.029297	0.017578
60	0.029297	-0.017578
61	0.029297	0.017578
62	0.029297	-0.017578
63	0.029297	0.017578
64	0.029297	-0.017578
65	0.029297	0.017578
66	0.029297	-0.017578
67	0.029297	0.017578
68	0.029297	-0.017578
69	0.029297	0.017578
70	0.029297	-0.017578
71	0.029297	0.017578
72	0.029297	-0.017578
73	0.029297	0.017578
74	0.029297	-0.017578
75	0.029297	0.017578
76	0.029297	-0.017578
77	0.029297	0.017578
78	0.029297	-0.017578
79	0.029297	0.017578
80	0.029297	-0.017578
81	0.029297	0.017578
82	0.029297	-0.017578
83	0.029297	0.017578
84	0.029297	-0.017578
85	0.029297	0.017578
86	0.029297	-0.017578
87	0.029297	0.017578
88	0.029297	-0.017578
89	0.029297	0.017578
90	0.029297	-0.017578
91	0.029297	0.017578
92	0.029297	-0.017578
93	0.029297	0.017578
94	0.029297	-0.017578
95	0.029297	0.017578
96	0.029297	-0.017578
97	0.029297	0.017578
98	0.029297	-0.017578
99	0.029297	0.017578
100	0.029297	-0.017578
101	0.029297	0.017578
102	0.029297	-0.017578
103	0.029297	0.017578
104	0.029297	-0.017578
105	0.029297	0.017578
106	0.029297	-0.017578
107	0.029297	0.017578
108	0.029297	-0.017578
109	0.029297	0.017578
110	0.029297	-0.017578
111	0.029297	0.017578
112	0.029297	-0.017578
113	0.029297	0.017578
114	0.029297	-0.017578
115	0.029297	0.017578
116	0.029297	-0.017578
117	0.029297	0.017578
118	0.029297	-0.017578
119	0.029297	0.017578
120	0.029297	-0.017578
121	0.029297	0.017578
122	0.029297	-0.017578
123	0.029297	0.017578
124	0.029297	-0.017578
125	0.029297	0.017578
126	0.029297	-0.017578
127	0.029297	0.017578
128	0.029297	-0.017578
129	0.029297	0.017578
130	0.029297	-0.017578
131	0.029297	0.017578
132	0.029297	-0.017578
133	0.029297	0.017578
134	0.029297	-0.017578
135	0.029297	0.017578
136	0.029297	-0.017578
137	0.029297	0.017578
138	0.029297	-0.017578
139	0.029297	0.017578
140	0.029297	-0.017578
141	0.029297	0.017578
142	0.029297	-0.017578
143	0.029297	0.017578
144	0.029297	-0.017578
145	0.029297	0.017578
146	0.029297	-0.017578
147	0.029297	0.017578
148	0.029297	-0.017578
149	0.029297	0.017578
150	0.029297	-0.017578
151	0.029297	0.017578
152	0.029297	-0.017578
153	0.029297	0.017578
154	0.029297	-0.017578
155	0.029297	0.017578
156	0.029297	-0.017578
157	0.029297	0.017578
158	0.029297	-0.017578
159	0.029297	0.017578
160	0.029297	-0.017578
161	0.029297	0.017578
162	0.029297	-0.017578
163	0.029297	0.017578
164	0.029297	-0.017578
165	0.029297	0.017578
166	0.029297	-0.017578
167	0.029297	0.017578
168	0.029297	-0.017578
169	0.029297	0.017578
170	0.029297	-0.017578
171	0.029297	0.017578
172	0.029297	-0.017578
173	0.029297	0.017578
174	0.029297	-0.017578
175	0.029297	0.017578
176	0.029297	-0.017578
177	0.029297	0.017578
178	0.029297	-0.017578
179	0.029297	0.017578
180	0.029297	-0.017578
181	0.029297	0.017578
182	0.029297	-0.017578
183	0.029297	0.017578
184	0.029297	-0.017578
185	0.029297	0.017578
186	0.029297	-0.017578
187	0.029297	0.017578
188	0.029297	-0.017578
189	0.029297	0.017578
190	0.029297	-0.017578
191	0.029297	0.017578
192	0.029297	-0.017578
193	0.029297	0.017578
194	0.029297	-0.017578
195	0.029297	0.017578
196	0.029297	-0.017578
197	0.029297	0.017578
198	0.029297	-0.017578
199	0.029297	0.017578
200	0.029297	-0.017578
201	0.029297	0.017578
202	0.029297	-0.017578
203	0.029297	0.017578
204	0.029297	-0.017578
205	0.029297	0.017578
206	0.029297	-0.017578
207	0.029297	0.017578
208	0.029297	-0.017578
209	0.029297	0.017578
210	0.029297	-0.017578
211	0.029297	0.017578
212	0.029297	-0.017578
213	0.029297	0.017578
214	0.029297	-0.017578
215	0.029297	0.017578
216	0.029297	-0.017578
217	0.029297	0.017578
218	0.029297	-0.017578
219	0.029297	0.017578
220	0.029297	-0.017578
221	0.029297	0.017578
222	0.029297	-0.017578
223	0.029297	0.017578
224	0.029297	-0.017578
225	0.029297	0.017578
226	0.029297	-0.017578
227	0.029297	0.017578
228	0.029297	-0.017578
229	0.029297	0.017578
230	0.029297	-0.017578
231	0.029297	0.017578
232	0.029297	-0.017578
233	0.029297	0.017578
234	0.029297	-0.017578
235	0.029297	0.017578
236	0.029297	-0.017578
237	0.029297	0.017578
238	0.029297	-0.017578
239	0.029297	0.017578
240	0.029297	-0.017578
241	0.029297	0.017578
242	0.029297	-0.017578
243	0.029297	0.017578
244	0.029297	-0.017578
245	0.029297	0.017578
246	0.029297	-0.017578
247	0.029297	0.017578
248	0.029297	-0.017578
249	0.029297	0.017578
250	0.029297	-0.017578
251	0.029297	0.017578
252	0.029297	-0.017578
253	0.029297	0.017578
254	0.029297	-0.017578
255	0.029297	0.017578
256	0.029297	-0.017578
257	0.029297	0.017578
258	0.029297	-0.017578
259	0.029297	0.017578
260	0.029297	-0.017578
261	0.029297	0.017578
262	0.029297	-0.017578
263	0.029297	0.017578
264	0.029297	-0.017578
265	0.029297	0.017578
266	0.029297	-0.017578
267	0.029297	0.017578
268	0.029297	-0.017578
269	0.029297	0.017578
270	0.029297	-0.017578
271	0.029297	0.017578
272	0.029297	-0.017578
273	0.029297	0.017578
274	0.029297	-0.017578
275	0.029297	0.017578
276	0.029297	-0.017578
277	0.029297	0.017578
278	0.029297	-0.017578
279	0.029297	0.017578
280	0.029297	-0.017578
281	0.029297	0.017578
282	0.029297	-0.017578
283	0.029297	0.017578
284	0.029297	-0.017578
285	0.029297	0.017578
286	0.029297	-0.017578
287	0.029297	0.017578
288	0.029297	-0.017578
289	0.029297	0.017578
290	0.029297	-0.017578
291	0.029297	0.017578
292	0.029297	-0.017578
293	0.029297	0.017578
294	0.029297	-0.017578
295	0.029297	0.017578
296	0.029297	-0.017578
297	0.029297	0.017578
298	0.029297	-0.017578
299	0.029297	0.017578
300	0.029297	-0.017578
301	0.029297	0.017578
302	0.029297	-0.017578
303	0.029297	0.017578
304	0.029297	-0.017578
305	0.029297	0.017578
306	0.029297	-0.017578
307	0.029297	0.017578
308	0.029297	-0.017578
309	0.029297	0.017578
310	0.029297	-0.017578
311	0.029297	0.017578
312	0.029297	-0.017578
313	0.029297	0.017578
314	0.029297	-0.017578
315	0.029297	0.017578
316	0.029297	-0.017578
317	0.029297	0.017578
318	0.029297	-0.017578
319	0.029297	0.017578
320	0.029297	-0.017578
321	0.029297	0.017578
322	0.029297	-0.017578
323	0.029297	0.017578
324	0.029297	-0.017578
325	0.029297	0.017578
326	0.029297	-0.017578
327	0.029297	0.017578
328	0.029297	-0.017578
329	0.029297	0.017578
330	0.029297	-0.017578
331	0.029297	0.017578
332	0.029297	-0.017578
333	0.029297	0.017578
334	0.029297	-0.017578
335	0.029297	0.017578
336	0.029297	-0.017578
337	0.029297	0.017578
338	0.029297	-0.017578
339	0.029297	0.017578
340	0.029297	-0.017578
341	0.029297	0.017578
342	0.029297	-0.017578
343	0.029297	0.017578
344	0.029297	-0.017578
345	0.029297	0.017578
346	0.029297	-0.017578
347	0.029297	0.017578
348	0.029297	-0.017578
349	0.029297	0.017578
350	0.029297	-0.017578
351	0.029297	0.017578
352	0.029297	-0.017578
353	0.029297	0.017578
354	0.029297	-0.017578
355	0.029297	0.017578
356	0.029297	-0.017578
357	0.029297	0.017578
358	0.029297	-0.017578
359	0.029297	0.017578
360	0.029297	-0.017578
361	0.029297	0.017578
362	0.029297	-0.017578
363	0.029297	0.017578
364	0.029297	-0.017578
365	0.029297	0.017578
366	0.029297	-0.017578
367	0.029297	0.017578
368	0.029297	-0.017578
369	0.029297	0.017578
370	0.029297	-0.017578
371	0.029297	0.017578
372	0.029297	-0.017578
373	0.029297	0.017578
374	0.029297	-0.017578
375	0.029297	0.017578
376	0.029297	-0.017578
377	0.029297	0.017578
378	0.029297	-0.017578
379	0.029297	0.017578
380	0.029297	-0.017578
381	0.029297	0.017578
382	0.029297	-0.017578
383	0.029297	0.017578
384	0.029297	-0.017578
385	0.029297	0.017578
386	0.029297	-0.017578
387	0.029297	0.017578
388	0.029297	-0.017578
389	0.029297	0.017578
390	0.029297	-0.017578
391	0.029297	0.017578
392	0.029297	-0.017578
393	0.029297	0.017578
394	0.029297	-0.017578
395	0.029297	0.017578
396	0.029297	-0.017578
397	0.029297	0.017578
398	0.029297	-0.017578
399	0.029297	0.017578
400	0.029297	-0.017578
401	0.029297	0.017578
402	0.029297	-0.017578
403	0.029297	0.017578
404	0.029297	-0.017578
405	0.029297	0.017578
406	0.029297	-0.017578
407	0.029297	0.017578
408	0.029297	-0.017578
409	0.029297	0.017578
410	0.029297	-0.017578
411	0.029297	0.017578
412	0.029297	-0.017578
413	0.029297	0.017578
414	0.029297	-0.017578
415	0.029297	0.017578
416	0.029297	-0.017578
417	0.029297	0.017578
418	0.029297	-0.017578
419	0.029297	0.017578
420	0.029297	-0.017578
421	0.029297	0.017578
422	0.029297	-0.017578
423	0.029297	0.017578
424	0.029297	-0.017578
425	0.029297	0.017578
426	0.029297	-0.017578
427	0.029297	0.017578
428	0.029297	-0.017578
429	0.029297	0.017578
430	0.029297	-0.017578
431	0.029297	0.017578
432	0.029297	-0.017578
433	0.029297	0.017578
434	0.029297	-0.017578
435	0.029297	0.017578
436	0.029297	-0.017578
437	0.029297	0.017578
438	0.029297	-0.017578
439	0.029297	0.017578
440	0.029297	-0.017578
441	0.029297	0.017578
442	0.029297	-0.017578
443	0.029297	0.017578
444	0.029297	-0.017578
445	0.029297	0.017578
446	0.029297	-0.017578
447	0.029297	0.017578
448	0.029297	-0.017578
449	0.029297	0.017578
450	0.029297	-0.017578
451	0.029297	0.017578
452	0.029297	-0.017578
453	0.029297	0.017578
454	0.029297	-0.017578
455	0.029297	0.017578
456	0.029297	-0.017578
457	0.029297	0.017578
458	0.029297	-0.017578
459	0.029297	0.017578
460	0.029297	-0.017578
461	0.029297	0.017578
462	0.029297	-0.017578
463	0.029297	0.017578
464	0.029297	-0.017578
465	0.029297	0.017578
466	0.029297	-0.017578
467	0.029297	0.017578
468	0.029297	-0.017578
469	0.029297	0.017578
470	0.029297	-0.017578
471	0.029297	0.017578
472	0.029297	-0.017578
473	0.029297	0.017578
474	0.029297	-0.017578
475	0.029297	0.017578
476	0.029297	-0.017578
477	0.029297	0.017578
478	0.029297	-0.017578
479	0.029297	0.017578
480	0.029297	-0.017578
481	0.029297	0.017578
482	0.029297	-0.017578
483	0.029297	0.017578
484	0.029297	-0.017578
485	0.029297	0.017578
486	0.029297	-0.017578
487	0.029297	0.017578
488	0.029297	-0.017578
489	0.029297	0.017578
490	0.029297	-0.017578
491	0.029297	0.017578
492	0.029297	-0.017578
493	0.029297	0.017578
494	0.029297	-0.017578
495	0.029297	0.017578
496	0.029297	-0.017578
497	0.029297	0.017578
498	0.029297	-0.017578
499	0.029297	0.017578
500	0.029297	-0.017578
501	0.029297	0.017578
502	0.029297	-0.017578
503	0.029297	0.017578
504	0.029297	-0.017578
505	0.029297	0.017578
506	0.029297	-0.017578
507	0.029297	0.017578
508	0.029297	-0.017578
509	0.029297	0.017578
510	0.029297	-0.017578
511	0.029297	0.017578
512	0.029297	-0.017578
513	0.029297	0.017578
514	0.029297	-0.017578
515	0.029297	0.017578
516	0.029297	-0.017578
517	0.029297	0.017578
518	0.029297	-0.017578
519	0.029297	0.017578
520	0.029297	-0.017578
521	0.029297	0.017578
522	0.029297	-0.017578
523	0.029297	0.017578
524	0.029297	-0.017578
525	0.029297	0.017578
526	0.029297	-0.017578
527	0.029297	0.017578
528	0.029297	-0.017578
529	0.029297	0.017578
530	0.029297	-0.017578
531	0.029297	0.017578
532	0.029297	-0.017578
533	0.029297	0.017578
534	0.029297	-0.017578
535	0.029297	0.017578
536	0.029297	-0.017578
537	0.029297	0.017578
538	0.029297	-0.017578
539	0.029297	0.017578
540	0.029297	-0.017578
541	0.029297	0.017578
542	0.029297	-0.017578
543	0.029297	0.017578
544	0.029297	-0.017578
545	0.029297	0.017578
546	0.029297	-0.017578
547	0.029297	0.017578
548	0.029297	-0.017578
549	0.029297	0.017578
550	0.029297	-0.017578
551	0.029297	0.017578
552	0.029297	-0.017578
553	0.029297	0.017578
554	0.029297	-0.017578
555	0.029297	0.017578
556	0.029297	-0.017578
557	0.029297	0.017578
558	0.029297	-0.017578
559	0.029297	0.017578
560	0.029297	-0.017578
561	0.029297	0.017578
562	0.029297	-0.017578
563	0.029297	0.017578
564	0.029297	-0.017578
565	0.029297	0.017578
566	0.029297	-0.017578
567	0.029297	0.017578
568	0.029297	-0.017578
569	0.029297	0.017578
570	0.029297	-0.017578
571	0.029297	0.017578
572	0.029297	-0.017578
573	0.029297	0.017578
574	0.029297	-0.017578
575	0.029297	0.017578
576	0.029297	-0.017578
577	0.029297	0.017578
578	0.029297	-0.017578
579	0.029297	0.017578
580	0.029297	-0.017578
581	0.029297	0.017578
582	0.029297	-0.017578
583	0.029297	0.017578
584	0.029297	-0.017578
585	0.029297	0.017578
586	0.029297	-0.017578
587	0.029297	0.017578
588	0.029297	-0.017578
589	0.029297	0.017578
590	0.029297	-0.017578
591	0.029297	0.017578
592	0.029297	-0.017578
593	0.029297	0.017578
594	0.029297	-0.017578
595	0.029297	0.017578
596	0.029297	-0.017578
597	0.029297	0.017578
598	0.029297	-0.017578
599	0.029297	0.017578
600	0.029297	-0.017578
601	0.029297	0.017578
602	0.029297	-0.017578
603	0.029297	0.017578
604	0.029297	-0.017578
605	0.029297	0.017578
606	0.029297	-0.017578
607	0.029297	0.017578
608	0.029297	-0.017578
609	0.029297	0.017578
610	0.029297	-0.017578
611	0.029297	0.017578
612	0.029297	-0.017578
613	0.029297	0.017578
614	0.029297	-0.017578
615	0.029297	0.017578
616	0.029297	-0.017578
617	0.029297	0.017578
618	0.029297	-0.017578
619	0.029297	0.017578
620	0.029297	-0.017578
621	0.029297	0.017578
622	0.029297	-0.017578
623	0.029297	0.017578
624	0.029297	-0.017578
625	0.029297	0.017578
626	0.029297	-0.017578
627	0.029297	0.017578
628	0.029297	-0.017578
629	0.029297	0.017578
630	0.029297	-0.017578
631	0.029297	0.017578
632	0.029297	-0.017578
633	0.029297	0.017578
634	0.029297	-0.017578
635	0.029297	0.017578
636	0.029297	-0.017578
637	0.029297	0.017578
638	0.029297	-0.017578
639	0.029297	0.017578
640	0.029297	-0.017578
641	0.029297	0.017578
642	0.029297	-0.017578
643	0.029297	0.017578
644	0.029297	-0.017578
645	0.029297	0.017578
646	0.029297	-0.017578
647	0.029297	0.017578
648	0.029297	-0.017578
649	0.029297	0.017578
650	0.029297	-0.017578
651	0.029297	0.017578
652	0.029297	-0.017578
653	0.029297	0.017578
654	0.029297	-0.017578
655	0.029297	0.017578
656	0.029297	-0.017578
657	0.029297	0.017578
658	0.029297	-0.017578
659	0.029297	0.017578
660	0.029297	-0.017578
661	0.029297	0.017578
662	0.029297	-0.017578
663	0.029297	0.017578
664	0.029297	-0.017578
665	0.029297	0.017578
666	0.029297	-0.017578
667	0.029297	0.017578
668	0.029297	-0.017578
669	0.029297	0.017578
670	0.029297	-0.017578
671	0.029297	0.017578
672	0.029297	-0.017578
673	0.029297	0.017578
674	0.029297	-0.017578
675	0.029297	0.017578
676	0.029297	-0.017578
677	0.029297	0.017578
678	0.029297	-0.017578
679	0.029297	0.017578
680	0.029297	-0.017578
681	0.029297	0.017578
682	0.029297	-0.017578
683	0.029297	0.017578
684	0.029297	-0.017578
685	0.029297	0.017578
686	0.029297	-0.017578
687	0.029297	0.017578
688	0.029297	-0.017578
689	0.029297	0.017578
690	0.029297	-0.017578
691	0.029297	0.017578
692	0.029297	-0.017578
693	0.029297	0.017578
694	0.029297	-0.017578
695	0.029297	0.017578
696	0.029297	-0.017578
697	0.029297	0.017578
698	0.029297	-0.017578
699	0.029297	0.017578
700	0.029297	-0.017578
701	0.029297	0.017578
702	0.029297	-0.017578
703	0.029297	0.017578
704	0.029297	-0.017578
705	0.029297	0.017578
706	0.029297	-0.017578
707	0.029297	0.017578
708	0.029297	-0.017578
709	0.029297	0.017578
710	0.029297	-0.017578
711	0.029297	0.017578
712	0.029297	-0.017578
713	0.029297	0.017578
714	0.029297	-0.017578
715	0.029297	0.017578
716	0.029297	-0.017578
717	0.029297	0.017578
718	0.029297	-0.017578
719	0.029297	0.017578
720	0.029297	-0.017578
721	0.029297	0.017578
722	0.029297	-0.017578
723	0.029297	0.017578
724	0.029297	-0.017578
725	0.029297	0.017578
726	0.029297	-0.017578
727	0.029297	0.017578
728	0.029297	-0.017578
729	0.029297	0.017578
730	0.029297	-0.017578
731	0.029297	0.017578
732	0.029297	-0.017578
733	0.029297	0.017578
734	0.029297	-0.017578
735	0.029297	0.017578
736	0.029297	-0.017578
737	0.029297	0.017578
738	0.029297	-0.017578
739	0.029297	0.017578
740	0.029297	-0.017578
741	0.029297	0.017578
742	0.029297	-0.017578
743	0.029297	0.017578
744	0.029297	-0.017578
745	0.029297	0.017578
746	0.029297	-0.017578
747	0.029297	0.017578
748	0.029297	-0.017578
749	0.029297	0.017578
750	0.029297	-0.017578
751	0.029297	0.017578
752	0.029297	-0.017578
753	0.029297	0.017578
754	0.029297	-0.017578
755	0.029297	0.017578
756	0.029297	-0.017578
757	0.029297	0.017578
758	0.029297	-0.017578
759	0.029297	0.017578
760	0.029297	-0.017578
761	0.029297	0.017578
762	0.029297	-0.017578
763	0.029297	0.017578
764	0.029297	-0.017578
765	0.029297	0.017578
766	0.029297	-0.017578
767	0.029297	0.017578
768	0.029297	-0.017578
769	0.029297	0.017578
770	0.029297	-0.017578
771	0.029297	0.017578
772	0.029297	-0.017578
773	0.029297	0.017578
774	0.029297	-0.017578
775	0.029297	0.017578
776	0.029297	-0.017578
777	0.029297	0.017578
778	0.029297	-0.017578
779	0.029297	0.017578
780	0.029297	-0.017578
781	0.029297	0.017578
782	0.029297	-0.017578
783	0.029297	0.017578
784	0.029297	-0.017578
785	0.029297	0.017578
786	0.029297	-0.017578
787	0.029297	0.017578
788	0.029297	-0.017578
789	0.029297	0.017578
790	0.029297	-0.017578
791	0.029297	0.017578
792	0.029297	-0.017578
793	0.029297	0.017578
794	0.029297	-0.017578
795	0.029297	0.017578
796	0.029297	-0.017578
797	0.029297	0.017578
798	0.029297	-0.017578
799	0.029297	0.017578
800	0.029297	-0.017578
801	0.029297	0.017578
802	0.029297	-0.017578
803	0.029297	0.017578
804	0.029297	-0.017578
805	0.029297	0.017578
806	0.029297	-0.017578
807	0.029297	0.017578
808	0.029297	-0.017578
809	0.029297	0.017578
810	0.029297	-0.017578
811	0.029297	0.017578
812	0.029297	-0.017578
813	0.029297	0.017578
814	0.029297	-0.017578
815	0.029297	0.017578
816	0.029297	-0.017578
817	0.029297	0.017578
818	0.029297	-0.017578
819	0.029297	0.017578
820	0.029297	-0.017578
821	0.029297	0.017578
822	0.029297	-0.017578
823	0.029297	0.017578
824	0.029297	-0.017578
825	0.029297	0.017578
826	0.029297	-0.017578
827	0.029297	0.017578
828	0.029297	-0.017578
829	0.029297	0.017578
830	0.029297	-0.017578
831	0.029297	0.017578
832	0.029297	-0.017578
833	0.029297	0.017578
834	0.029297	-0.017578
835	0.029297	0.017578
836	0.029297	-0.017578
837	0.029297	0.017578
838	0.029297	-0.017578
839	0.029297	0.017578
840	0.029297	-0.017578
841	0.029297	0.017578
842	0.029297	-0.017578
843	0.029297	0.017578
844	0.029297	-0.017578
845	0.029297	0.017578
846	0.029297	-0.017578
847	0.029297	0.017578
848	0.029297	-0.017578
849	0.029297	0.017578
850	0.029297	-0.017578
851	0.029297	0.017578
852	0.029297	-0.017578
853	0.029297	0.017578
854	0.029297	-0.017578
855	0.029297	0.017578
856	0.029297	-0.017578
857	0.029297	0.017578
858	0.029297	-0.017578
859	0.029297	0.017578
860	0.029297	-0.017578
861	0.029297	0.017578
862	0.029297	-0.017578
863	0.029297	0.017578
864	0.029297	-0.017578
865	0.029297	0.017578
866	0.029297	-0.017578
867	0.029297	0.017578
868	0.029297	-0.017578
869	0.029297	0.017578
870	0.029297	-0.017578
871	0.029297	0.017578
872	0.029297	-0.017578
873	0.029297	0.017578
874	0.029297	-0.017578
875	0.029297	0.017578
876	0.029297	-0.017578
877	0.029297	0.017578
878	0.029297	-0.017578
879	0.029297	0.017578
880	0.029297	-0.017578
881	0.029297	0.017578
882	0.029297	-0.017578
883	0.029297	0.017578
884	0.029297	-0.017578
885	0.029297	0.017578
886	0.029297	-0.017578
887	0.029297	0.017578
888	0.029297	-0.017578
889	0.029297	0.017578
890	0.029297	-0.017578
891	0.029297	0.017578
892	0.029297	-0.017578
893	0.029297	0.017578
894	0.029297	-0.017578
895	0.029297	0.017578
896	0.029297	-0.017578
897	0.029297	0.017578
898	0.029297	-0.017578
899	0.029297	0.017578
900	0.029297	-0.017578
901	0.029297	0.017578
902	0.029297	-0.017578
903	0.029297	0.017578
904	0.029297	-0.017578
905	0.029297	0.017578
906	0.029297	-0.017578
907	0.029297	0.017578
908	0.029297	-0.017578
909	0.029297	0.017578
910	0.029297	-0.017578
911	0.029297	0.017578
912	0.029297	-0.017578
913	0.029297	0.017578
914	0.029297	-0.017578
915	0.029297	0.017578
916	0.029297	-0.017578
917	0.029297	0.017578
918	0.029297	-0.017578
919	0.029297	0.017578
920	0.029297	-0.017578
921	0.029297	0.017578
922	0.029297	-0.017578
923	0.029297	0.017578
924	0.029297	-0.017578
925	0.029297	0.017578
926	0.029297	-0.017578
927	0.029297	0.017578
928	0.029297	-0.017578
929	0.029297	0.017578
930	0.029297	-0.017578
931	0.029297	0.017578
932	0.029297	-0.017578
933	0.029297	0.017578
934	0.029297	-0.017578
935	0.029297	0.017578
936	0.029297	-0.017578
937	0.029297	0.017578
938	0.029297	-0.017578
939	0.029297	0.017578
940	0.029297	-0.017578
941	0.029297	0.017578
942	0.029297	-0.017578
943	0.029297	0.017578
944	0.029297	-0.017578
945	0.029297	0.017578
946	0.029297	-0.017578
947	0.029297	0.017578
948	0.029297	-0.017578
949	0.029297	0.017578
950	0.029297	-0.017578
951	0.029297	0.017578
952	0.029297	-0.017578
953	0.029297	0.017578
954	0.029297	-0.017578
955	0.029297	0.017578
956	0.029297	-0.017578
957	0.029297	0.017578
958	0.029297	-0.017578
959	0.029297	0.017578
960	0.029297	-0.017578
961	0.029297	0.017578
962	0.029297	-0.017578
963	0.029297	0.017578
964	0.029297	-0.017578
965	0.029297	0.017578
966	0.029297	-0.017578
967	0.029297	0.017578
968	0.029297	-0.017578
969	0.029297	0.017578
970	0.029297	-0.017578
971	0.029297	0.017578
972	0.029297	-0.017578
973	0.029297	0.017578
974	0.029297	-0.017578
975	0.029297	0.017578
976	0.029297	-0.017578
977	0.029297	0.017578
978	0.029297	-0.017578
979	0.029297	0.017578
980	0.029297	-0.017578
981	0.029297	0.017578
982	0.029297	-0.017578
983	0.029297	0.017578
984	0.029297	-0.017578
985	0.029297	0.017578
986	0.029297	-0.017578
987	0.029297	0.017578
988	0.029297	-0.017578
989	0.029297	0.017578
990	0.029297	-0.017578
991	0.029297	0.017578
992	0.029297	-0.017578
993	0.029297	0.017578
994	0.029297	-0.017578
995	0.029297	0.017578
996	0.029297	-0.017578
997	0.029297	0.017578
998	0.029297	-0.017578
999	0.029297	0.017578
