0	-0.414063	0.027344
1	-0.406250	-0.039063
2	-0.445313	0.009766
3	-0.451172	0.052734
4	-0.380859	0.103516
5	-0.386719	-0.064453
6	-0.429688	-0.146484
7	-0.429688	0.003906
8	-0.437500	-0.207031
9	-0.496094	-0.050781
10	-0.443359	0.017578
11	-0.414063	-0.083984
12	-0.451172	0.001953
13	-0.441406	-0.095703
14	-0.462891	0.291016
15	-0.455078	0.058594
16	-0.460938	0.109375
17	-0.435547	0.035156
18	-0.431641	-0.007813
19	-0.462891	-0.250000
20	-0.406250	0.097656
21	-0.490234	0.093750
22	-0.437500	-0.210938
23	-0.458984	-0.228516
24	-0.494141	0.115234
25	-0.458984	-0.083984
26	-0.458984	-0.085938
27	-0.447266	0.058594
28	-0.460938	-0.242188
29	-0.447266	-0.144531
30	-0.457031	-0.115234
31	-0.451172	-0.025391
32	-0.443359	-0.199219
33	-0.414063	-0.222656
34	-0.486328	-0.304688
35	-0.437500	-0.052734
36	-0.468750	0.078125
37	-0.408203	0.078125
38	-0.455078	0.005859
39	-0.464844	-0.017578
40	-0.443359	-0.023438
41	-0.482422	0.160156
42	-0.439453	-0.132813
43	-0.531250	-0.167969
44	-0.375000	0.109375
45	-0.416016	-0.076172
46	-0.431641	-0.183594
47	-0.480469	-0.144531
48	-0.500000	-0.212891
49	-0.451172	0.048828
50	-0.462891	0.041016
51	-0.417969	-0.126953
52	-0.408203	-0.007813
53	-0.402344	-0.189453
54	-0.414063	0.074219
55	-0.414063	-0.156250
56	-0.464844	-0.103516
57	-0.417969	0.113281
58	-0.560547	0.195313
59	-0.468750	-0.078125
60	-0.433594	-0.152344
61	-0.412109	-0.105469
62	-0.402344	-0.113281
63	-0.425781	0.003906
64	-0.421875	0.103516
65	-0.404297	-0.121094
66	-0.496094	-0.037109
67	-0.416016	-0.132813
68	-0.470703	-0.060547
69	-0.472656	0.011719
70	-0.466797	-0.160156
71	-0.462891	-0.171875
72	-0.460938	-0.109375
73	-0.437500	-0.082031
74	-0.443359	-0.031250
75	-0.433594	-0.013672
76	-0.445313	-0.070313
77	-0.402344	-0.015625
78	-0.476563	0.179688
79	-0.417969	0.060547
80	-0.390625	-0.083984
81	-0.429688	-0.009766
82	-0.419922	-0.089844
83	-0.466797	-0.017578
84	-0.419922	-0.115234
85	-0.455078	-0.037109
86	-0.439453	-0.144531
87	-0.451172	-0.083984
88	-0.433594	-0.107422
89	-0.445313	0.035156
90	-0.435547	0.076172
91	-0.406250	-0.126953
92	-0.419922	-0.093750
93	-0.431641	-0.158203
94	-0.457031	-0.160156
95	-0.482422	-0.126953
96	-0.443359	0.035156
97	-0.396484	-0.062500
98	-0.443359	-0.072266
99	-0.464844	0.054688
100	-0.474609	0.125000
101	-0.449219	-0.042969
102	-0.441406	-0.039063
103	-0.505859	-0.009766
104	-0.470703	0.222656
105	-0.447266	-0.011719
106	-0.486328	-0.089844
107	-0.492188	0.173828
108	-0.457031	-0.031250
109	-0.396484	-0.085938
110	-0.457031	0.142578
111	-0.472656	0.009766
112	-0.478516	0.109375
113	-0.388672	0.039063
114	-0.414063	-0.158203
115	-0.421875	-0.041016
116	-0.453125	-0.214844
117	-0.443359	-0.189453
118	-0.416016	0.236328
119	-0.410156	0.089844
120	-0.414063	0.070313
121	-0.404297	0.185547
122	-0.423828	-0.025391
123	-0.398438	-0.068359
124	-0.419922	0.042969
125	-0.443359	0.050781
126	-0.382813	-0.003906
127	-0.386719	-0.001953
128	-0.417969	-0.107422
129	-0.427734	0.054688
130	-0.441406	0.144531
131	-0.460938	-0.085938
132	-0.437500	-0.089844
133	-0.386719	-0.037109
134	-0.376953	-0.039063
135	-0.501953	-0.029297
136	-0.500000	-0.214844
137	-0.517578	-0.150391
138	-0.474609	0.210938
139	-0.464844	0.005859
140	-0.417969	-0.021484
141	-0.416016	-0.169922
142	-0.423828	-0.042969
143	-0.484375	0.132813
144	-0.404297	0.123047
145	-0.437500	0.138672
146	-0.486328	0.054688
147	-0.437500	0.152344
148	-0.451172	-0.052734
149	-0.505859	-0.021484
150	-0.406250	-0.091797
151	-0.419922	0.070313
152	-0.437500	0.078125
153	-0.414063	-0.091797
154	-0.384766	-0.054688
155	-0.464844	-0.105469
156	-0.453125	-0.078125
157	-0.486328	-0.169922
158	-0.455078	-0.062500
159	-0.421875	-0.095703
160	-0.416016	0.009766
161	-0.425781	0.058594
162	-0.429688	0.140625
163	-0.468750	0.193359
164	-0.439453	0.000000
165	-0.464844	-0.103516
166	-0.445313	-0.123047
167	-0.414063	-0.183594
168	-0.427734	0.039063
169	-0.388672	0.005859
170	-0.392578	-0.052734
171	-0.427734	-0.029297
172	-0.423828	0.017578
173	-0.457031	-0.095703
174	-0.482422	-0.087891
175	-0.404297	-0.066406
176	-0.396484	0.197266
177	-0.468750	0.039063
178	-0.443359	0.023438
179	-0.431641	0.064453
180	-0.417969	-0.001953
181	-0.488281	-0.144531
182	-0.380859	-0.179688
183	-0.484375	-0.033203
184	-0.480469	-0.099609
185	-0.468750	0.068359
186	-0.476563	0.009766
187	-0.443359	-0.167969
188	-0.439453	-0.169922
189	-0.435547	0.046875
190	-0.457031	-0.242188
191	-0.419922	-0.339844
192	-0.429688	-0.177734
193	-0.468750	0.005859
194	-0.410156	0.076172
195	-0.439453	0.173828
196	-0.404297	0.015625
197	-0.472656	-0.144531
198	-0.439453	-0.193359
199	-0.453125	0.035156
200	-0.437500	0.140625
201	-0.437500	-0.003906
202	-0.451172	-0.134766
203	-0.433594	0.083984
204	-0.410156	0.210938
205	-0.443359	0.400391
206	-0.443359	0.140625
207	-0.443359	0.035156
208	-0.468750	-0.041016
209	-0.414063	0.050781
210	-0.484375	0.242188
211	-0.433594	0.011719
212	-0.437500	0.060547
213	-0.464844	-0.123047
214	-0.455078	-0.003906
215	-0.486328	0.207031
216	-0.439453	0.095703
217	-0.410156	-0.082031
218	-0.406250	0.128906
219	-0.501953	0.087891
220	-0.421875	0.136719
221	-0.423828	-0.044922
222	-0.455078	-0.095703
223	-0.458984	-0.109375
224	-0.429688	-0.197266
225	-0.431641	-0.015625
226	-0.449219	0.240234
227	-0.474609	0.064453
228	-0.390625	0.060547
229	-0.433594	0.294922
230	-0.486328	0.050781
231	-0.406250	0.039063
232	-0.419922	-0.128906
233	-0.416016	0.021484
234	-0.419922	-0.103516
235	-0.458984	-0.109375
236	-0.357422	-0.044922
237	-0.429688	-0.214844
238	-0.398438	-0.169922
239	-0.441406	0.076172
240	-0.423828	0.132813
241	-0.449219	0.025391
242	-0.410156	-0.199219
243	-0.447266	-0.240234
244	-0.414063	0.091797
245	-0.458984	0.279297
246	-0.431641	-0.035156
247	-0.414063	0.236328
248	-0.421875	-0.087891
249	-0.423828	-0.142578
250	-0.419922	-0.134766
251	-0.445313	-0.134766
252	-0.447266	-0.080078
253	-0.365234	0.054688
254	-0.404297	-0.011719
255	-0.437500	0.105469
256	-0.449219	-0.035156
257	-0.414063	0.214844
258	-0.414063	-0.052734
259	-0.412109	0.095703
260	-0.464844	0.074219
261	-0.425781	-0.050781
262	-0.480469	-0.109375
263	-0.402344	-0.099609
264	-0.433594	-0.062500
265	-0.447266	-0.224609
266	-0.384766	-0.017578
267	-0.414063	-0.076172
268	-0.439453	-0.142578
269	-0.345703	0.033203
270	-0.437500	-0.072266
271	-0.392578	-0.164063
272	-0.439453	0.074219
273	-0.478516	-0.197266
274	-0.449219	-0.037109
275	-0.447266	-0.134766
276	-0.437500	-0.138672
277	-0.496094	-0.248047
278	-0.447266	-0.126953
279	-0.474609	0.070313
280	-0.472656	0.179688
281	-0.437500	0.162109
282	-0.501953	0.054688
283	-0.472656	-0.132813
284	-0.478516	-0.015625
285	-0.435547	0.005859
286	-0.417969	0.005859
287	-0.423828	-0.134766
288	-0.392578	0.091797
289	-0.417969	0.121094
290	-0.441406	0.291016
291	-0.482422	0.220703
292	-0.445313	0.009766
293	-0.443359	-0.035156
294	-0.431641	-0.314453
295	-0.443359	-0.203125
296	-0.468750	-0.005859
297	-0.439453	0.076172
298	-0.449219	-0.021484
299	-0.429688	-0.027344
300	-0.402344	-0.072266
301	-0.466797	0.000000
302	-0.480469	0.058594
303	-0.421875	0.000000
304	-0.464844	0.017578
305	-0.466797	-0.050781
306	-0.431641	-0.113281
307	-0.414063	0.136719
308	-0.468750	0.101563
309	-0.419922	0.060547
310	-0.472656	-0.150391
311	-0.458984	-0.007813
312	-0.441406	0.091797
313	-0.437500	-0.164063
314	-0.447266	-0.138672
315	-0.392578	-0.027344
316	-0.417969	0.054688
317	-0.408203	0.066406
318	-0.460938	-0.027344
319	-0.402344	0.039063
320	-0.384766	0.154297
321	-0.443359	0.195313
322	-0.441406	0.029297
323	-0.445313	0.158203
324	-0.464844	0.052734
325	-0.462891	0.076172
326	-0.412109	0.207031
327	-0.419922	0.140625
328	-0.457031	0.056641
329	-0.425781	0.017578
330	-0.478516	-0.003906
331	-0.402344	0.025391
332	-0.492188	0.158203
333	-0.468750	0.140625
334	-0.501953	0.083984
335	-0.404297	-0.029297
336	-0.447266	-0.011719
337	-0.437500	0.197266
338	-0.429688	0.017578
339	-0.482422	-0.031250
340	-0.492188	0.027344
341	-0.486328	-0.201172
342	-0.488281	-0.101563
343	-0.486328	-0.046875
344	-0.455078	0.019531
345	-0.478516	0.117188
346	-0.414063	0.074219
347	-0.460938	-0.154297
348	-0.359375	-0.150391
349	-0.414063	0.132813
350	-0.429688	-0.041016
351	-0.433594	0.050781
352	-0.470703	0.130859
353	-0.460938	-0.080078
354	-0.431641	-0.140625
355	-0.466797	0.068359
356	-0.390625	0.027344
357	-0.416016	-0.156250
358	-0.410156	-0.164063
359	-0.421875	-0.136719
360	-0.363281	-0.089844
361	-0.468750	0.132813
362	-0.457031	-0.062500
363	-0.443359	-0.154297
364	-0.429688	-0.001953
365	-0.431641	0.128906
366	-0.419922	0.044922
367	-0.482422	0.000000
368	-0.414063	-0.152344
369	-0.429688	-0.181641
370	-0.431641	-0.212891
371	-0.423828	-0.037109
372	-0.400391	0.064453
373	-0.410156	0.150391
374	-0.429688	0.162109
375	-0.435547	0.171875
376	-0.484375	0.078125
377	-0.441406	0.195313
378	-0.398438	0.169922
379	-0.449219	0.070313
380	-0.416016	0.078125
381	-0.435547	-0.158203
382	-0.482422	0.175781
383	-0.406250	0.154297
384	-0.433594	-0.037109
385	-0.421875	-0.056641
386	-0.453125	0.017578
387	-0.398438	-0.119141
388	-0.429688	0.027344
389	-0.453125	-0.208984
390	-0.384766	-0.035156
391	-0.417969	0.044922
392	-0.431641	0.019531
393	-0.435547	-0.115234
394	-0.433594	0.201172
395	-0.498047	0.244141
396	-0.402344	-0.021484
397	-0.437500	-0.126953
398	-0.431641	0.003906
399	-0.433594	0.001953
400	-0.460938	0.242188
401	-0.527344	0.193359
402	-0.417969	0.199219
403	-0.425781	-0.044922
404	-0.416016	-0.117188
405	-0.449219	0.150391
406	-0.414063	-0.019531
407	-0.423828	-0.125000
408	-0.369141	-0.003906
409	-0.388672	0.039063
410	-0.419922	0.009766
411	-0.408203	0.111328
412	-0.410156	0.009766
413	-0.474609	0.017578
414	-0.480469	-0.185547
415	-0.421875	0.046875
416	-0.408203	-0.199219
417	-0.392578	-0.021484
418	-0.425781	0.039063
419	-0.386719	-0.117188
420	-0.441406	-0.214844
421	-0.472656	-0.216797
422	-0.458984	-0.189453
423	-0.451172	-0.132813
424	-0.414063	-0.166016
425	-0.472656	-0.359375
426	-0.423828	-0.222656
427	-0.470703	-0.123047
428	-0.464844	-0.177734
429	-0.490234	-0.207031
430	-0.447266	0.013672
431	-0.488281	0.023438
432	-0.427734	-0.173828
433	-0.431641	-0.017578
434	-0.435547	0.064453
435	-0.466797	0.146484
436	-0.412109	0.167969
437	-0.507813	0.279297
438	-0.410156	-0.021484
439	-0.443359	-0.187500
440	-0.435547	0.000000
441	-0.423828	0.140625
442	-0.412109	0.105469
443	-0.429688	0.111328
444	-0.462891	-0.210938
445	-0.396484	-0.078125
446	-0.437500	0.046875
447	-0.478516	-0.148438
448	-0.462891	0.126953
449	-0.425781	-0.046875
450	-0.447266	-0.146484
451	-0.402344	-0.111328
452	-0.447266	-0.003906
453	-0.460938	-0.158203
454	-0.429688	-0.041016
455	-0.466797	-0.123047
456	-0.441406	-0.115234
457	-0.417969	0.074219
458	-0.476563	-0.029297
459	-0.435547	0.087891
460	-0.394531	0.083984
461	-0.427734	-0.240234
462	-0.404297	-0.226563
463	-0.445313	-0.232422
464	-0.402344	-0.074219
465	-0.414063	0.105469
466	-0.382813	-0.138672
467	-0.433594	0.109375
468	-0.453125	0.113281
469	-0.349609	0.023438
470	-0.419922	-0.035156
471	-0.433594	-0.152344
472	-0.439453	-0.083984
473	-0.443359	0.105469
474	-0.435547	-0.093750
475	-0.400391	0.076172
476	-0.435547	-0.195313
477	-0.382813	-0.033203
478	-0.423828	-0.074219
479	-0.437500	-0.019531
480	-0.492188	0.167969
481	-0.441406	-0.054688
482	-0.464844	0.216797
483	-0.458984	-0.027344
484	-0.500000	0.080078
485	-0.478516	-0.097656
486	-0.439453	-0.083984
487	-0.437500	-0.191406
488	-0.470703	0.039063
489	-0.419922	0.070313
490	-0.457031	0.125000
491	-0.542969	0.355469
492	-0.453125	0.023438
493	-0.447266	0.125000
494	-0.484375	0.027344
495	-0.455078	0.054688
496	-0.410156	-0.027344
497	-0.478516	0.103516
498	-0.423828	0.203125
499	-0.435547	-0.011719
500	-0.492188	0.156250
501	-0.406250	-0.181641
502	-0.419922	-0.121094
503	-0.439453	-0.189453
504	-0.441406	-0.150391
505	-0.500000	-0.070313
506	-0.398438	-0.054688
507	-0.416016	0.132813
508	-0.419922	0.037109
509	-0.402344	-0.087891
510	-0.457031	-0.015625
511	-0.449219	-0.011719
512	-0.466797	0.148438
513	-0.468750	0.113281
514	-0.439453	0.140625
515	-0.435547	0.033203
516	-0.433594	-0.082031
517	-0.494141	0.070313
518	-0.425781	0.046875
519	-0.429688	-0.074219
520	-0.441406	-0.039063
521	-0.439453	-0.042969
522	-0.462891	-0.021484
523	-0.427734	-0.083984
524	-0.492188	-0.230469
525	-0.392578	-0.046875
526	-0.431641	-0.015625
527	-0.396484	-0.105469
528	-0.394531	0.009766
529	-0.392578	-0.136719
530	-0.427734	-0.128906
531	-0.447266	-0.181641
532	-0.458984	0.078125
533	-0.412109	0.080078
534	-0.417969	-0.138672
535	-0.398438	0.074219
536	-0.425781	0.005859
537	-0.402344	-0.126953
538	-0.484375	0.111328
539	-0.460938	-0.003906
540	-0.484375	0.111328
541	-0.453125	0.099609
542	-0.509766	0.187500
543	-0.464844	0.029297
544	-0.482422	0.285156
545	-0.437500	-0.066406
546	-0.466797	0.074219
547	-0.486328	-0.023438
548	-0.468750	-0.177734
549	-0.431641	0.031250
550	-0.431641	0.101563
551	-0.462891	0.150391
552	-0.427734	0.207031
553	-0.419922	0.023438
554	-0.416016	0.117188
555	-0.474609	0.292969
556	-0.421875	0.025391
557	-0.451172	0.259766
558	-0.431641	0.134766
559	-0.443359	0.158203
560	-0.488281	0.054688
561	-0.425781	0.037109
562	-0.408203	0.126953
563	-0.384766	0.187500
564	-0.421875	-0.044922
565	-0.423828	0.099609
566	-0.396484	0.078125
567	-0.462891	0.113281
568	-0.433594	0.025391
569	-0.400391	-0.011719
570	-0.429688	0.037109
571	-0.445313	-0.078125
572	-0.455078	0.056641
573	-0.494141	-0.005859
574	-0.447266	0.064453
575	-0.468750	0.330078
576	-0.490234	0.000000
577	-0.437500	-0.121094
578	-0.437500	-0.015625
579	-0.511719	0.238281
580	-0.433594	-0.072266
581	-0.451172	0.023438
582	-0.470703	0.164063
583	-0.384766	-0.117188
584	-0.439453	0.031250
585	-0.466797	-0.181641
586	-0.464844	0.185547
587	-0.457031	0.033203
588	-0.429688	0.031250
589	-0.462891	0.132813
590	-0.462891	0.000000
591	-0.417969	-0.003906
592	-0.414063	-0.003906
593	-0.429688	-0.111328
594	-0.437500	-0.171875
595	-0.414063	-0.105469
596	-0.482422	0.064453
597	-0.437500	0.109375
598	-0.437500	0.126953
599	-0.460938	0.316406
600	-0.437500	0.123047
601	-0.433594	0.062500
602	-0.419922	0.048828
603	-0.453125	-0.041016
604	-0.443359	-0.029297
605	-0.414063	0.058594
606	-0.437500	-0.095703
607	-0.439453	-0.121094
608	-0.386719	-0.007813
609	-0.447266	0.289063
610	-0.375000	-0.017578
611	-0.451172	-0.167969
612	-0.433594	-0.287109
613	-0.455078	-0.072266
614	-0.417969	-0.041016
615	-0.462891	0.150391
616	-0.453125	0.017578
617	-0.464844	-0.005859
618	-0.492188	0.074219
619	-0.433594	-0.003906
620	-0.472656	-0.085938
621	-0.406250	-0.113281
622	-0.388672	-0.080078
623	-0.439453	-0.005859
624	-0.425781	-0.185547
625	-0.457031	-0.035156
626	-0.435547	-0.083984
627	-0.417969	0.117188
628	-0.441406	-0.037109
629	-0.425781	0.085938
630	-0.396484	0.083984
631	-0.435547	0.042969
632	-0.437500	0.039063
633	-0.441406	0.179688
634	-0.486328	0.304688
635	-0.439453	-0.164063
636	-0.468750	-0.001953
637	-0.414063	-0.058594
638	-0.441406	0.283203
639	-0.437500	0.126953
640	-0.410156	-0.019531
641	-0.437500	0.087891
642	-0.433594	-0.203125
643	-0.423828	-0.031250
644	-0.449219	0.023438
645	-0.388672	0.138672
646	-0.460938	0.085938
647	-0.488281	0.095703
648	-0.414063	-0.009766
649	-0.406250	-0.167969
650	-0.441406	-0.271484
651	-0.402344	0.068359
652	-0.437500	-0.167969
653	-0.476563	-0.271484
654	-0.417969	-0.332031
655	-0.427734	-0.064453
656	-0.408203	0.169922
657	-0.425781	0.015625
658	-0.474609	0.128906
659	-0.433594	0.164063
660	-0.412109	-0.083984
661	-0.488281	0.089844
662	-0.458984	-0.123047
663	-0.431641	-0.093750
664	-0.460938	0.039063
665	-0.496094	-0.050781
666	-0.439453	-0.101563
667	-0.417969	0.001953
668	-0.423828	0.080078
669	-0.468750	-0.148438
670	-0.423828	-0.031250
671	-0.470703	-0.167969
672	-0.455078	-0.154297
673	-0.447266	-0.107422
674	-0.449219	0.011719
675	-0.457031	-0.031250
676	-0.406250	0.015625
677	-0.419922	0.128906
678	-0.455078	0.310547
679	-0.458984	0.267578
680	-0.423828	0.000000
681	-0.388672	-0.070313
682	-0.367188	-0.070313
683	-0.431641	0.173828
684	-0.453125	-0.212891
685	-0.396484	-0.150391
686	-0.433594	-0.150391
687	-0.396484	0.066406
688	-0.382813	0.015625
689	-0.464844	0.080078
690	-0.492188	-0.007813
691	-0.441406	0.080078
692	-0.527344	0.140625
693	-0.394531	0.056641
694	-0.443359	0.089844
695	-0.402344	0.044922
696	-0.464844	-0.068359
697	-0.437500	-0.138672
698	-0.437500	-0.044922
699	-0.505859	0.064453
700	-0.521484	-0.214844
701	-0.431641	-0.019531
702	-0.455078	-0.087891
703	-0.470703	-0.164063
704	-0.421875	0.126953
705	-0.435547	0.083984
706	-0.460938	-0.083984
707	-0.404297	-0.060547
708	-0.402344	-0.097656
709	-0.423828	-0.083984
710	-0.439453	-0.054688
711	-0.447266	-0.003906
712	-0.441406	0.156250
713	-0.435547	-0.015625
714	-0.447266	-0.193359
715	-0.414063	-0.097656
716	-0.445313	-0.017578
717	-0.431641	0.222656
718	-0.419922	0.121094
719	-0.390625	-0.148438
720	-0.464844	-0.085938
721	-0.541016	-0.171875
722	-0.466797	0.148438
723	-0.443359	0.029297
724	-0.437500	0.017578
725	-0.468750	0.058594
726	-0.408203	0.015625
727	-0.468750	-0.140625
728	-0.439453	-0.107422
729	-0.437500	-0.070313
730	-0.425781	0.093750
731	-0.376953	0.003906
732	-0.392578	0.130859
733	-0.431641	0.023438
734	-0.482422	0.148438
735	-0.433594	0.119141
736	-0.447266	-0.187500
737	-0.437500	-0.009766
738	-0.451172	0.062500
739	-0.376953	0.123047
740	-0.490234	-0.078125
741	-0.421875	-0.173828
742	-0.437500	-0.115234
743	-0.417969	-0.218750
744	-0.464844	0.105469
745	-0.453125	0.064453
746	-0.447266	-0.066406
747	-0.417969	0.050781
748	-0.513672	-0.162109
749	-0.433594	-0.091797
750	-0.429688	-0.031250
751	-0.443359	0.173828
752	-0.441406	-0.005859
753	-0.414063	0.152344
754	-0.447266	0.388672
755	-0.462891	0.078125
756	-0.505859	-0.056641
757	-0.480469	0.162109
758	-0.494141	0.259766
759	-0.439453	0.152344
760	-0.445313	0.175781
761	-0.464844	0.023438
762	-0.439453	-0.125000
763	-0.402344	-0.015625
764	-0.423828	0.039063
765	-0.458984	-0.119141
766	-0.429688	-0.033203
767	-0.427734	-0.052734
768	-0.371094	-0.066406
769	-0.464844	0.142578
770	-0.439453	0.132813
771	-0.443359	0.267578
772	-0.386719	0.164063
773	-0.435547	-0.132813
774	-0.419922	-0.011719
775	-0.429688	0.039063
776	-0.406250	-0.082031
777	-0.472656	0.000000
778	-0.472656	-0.044922
779	-0.447266	0.068359
780	-0.449219	0.015625
781	-0.476563	-0.144531
782	-0.416016	-0.083984
783	-0.386719	0.015625
784	-0.449219	-0.189453
785	-0.341797	0.166016
786	-0.433594	0.066406
787	-0.378906	-0.099609
788	-0.373047	-0.109375
789	-0.380859	-0.130859
790	-0.451172	-0.064453
791	-0.474609	-0.082031
792	-0.447266	-0.062500
793	-0.392578	-0.109375
794	-0.380859	-0.027344
795	-0.392578	0.144531
796	-0.414063	0.232422
797	-0.410156	0.183594
798	-0.441406	-0.033203
799	-0.408203	-0.166016
800	-0.416016	0.009766
801	-0.449219	0.138672
802	-0.519531	-0.195313
803	-0.457031	-0.193359
804	-0.462891	-0.363281
805	-0.468750	-0.121094
806	-0.398438	0.087891
807	-0.501953	0.304688
808	-0.425781	0.156250
809	-0.466797	0.125000
810	-0.460938	0.019531
811	-0.429688	0.105469
812	-0.421875	-0.113281
813	-0.474609	0.037109
814	-0.427734	0.025391
815	-0.490234	0.095703
816	-0.457031	0.156250
817	-0.417969	0.099609
818	-0.427734	0.251953
819	-0.408203	0.035156
820	-0.431641	0.031250
821	-0.421875	-0.029297
822	-0.406250	-0.041016
823	-0.429688	-0.105469
824	-0.435547	0.103516
825	-0.466797	0.115234
826	-0.412109	0.050781
827	-0.472656	-0.179688
828	-0.492188	-0.179688
829	-0.437500	0.058594
830	-0.457031	0.044922
831	-0.457031	-0.085938
832	-0.507813	0.062500
833	-0.404297	0.005859
834	-0.416016	-0.080078
835	-0.437500	-0.210938
836	-0.431641	-0.257813
837	-0.474609	-0.269531
838	-0.476563	-0.222656
839	-0.443359	0.205078
840	-0.417969	0.244141
841	-0.435547	0.201172
842	-0.482422	0.201172
843	-0.406250	-0.070313
844	-0.488281	-0.113281
845	-0.433594	-0.087891
846	-0.404297	0.041016
847	-0.421875	-0.214844
848	-0.458984	-0.095703
849	-0.396484	0.048828
850	-0.449219	-0.113281
851	-0.470703	-0.156250
852	-0.453125	-0.136719
853	-0.398438	-0.066406
854	-0.455078	-0.076172
855	-0.445313	-0.058594
856	-0.406250	-0.023438
857	-0.414063	-0.037109
858	-0.421875	0.113281
859	-0.341797	0.095703
860	-0.427734	0.181641
861	-0.445313	0.248047
862	-0.455078	-0.050781
863	-0.419922	-0.078125
864	-0.404297	-0.031250
865	-0.419922	0.091797
866	-0.482422	0.019531
867	-0.515625	0.083984
868	-0.462891	-0.126953
869	-0.455078	-0.189453
870	-0.503906	-0.103516
871	-0.400391	0.099609
872	-0.501953	0.101563
873	-0.480469	-0.013672
874	-0.478516	-0.175781
875	-0.470703	0.228516
876	-0.402344	-0.011719
877	-0.427734	-0.138672
878	-0.419922	-0.130859
879	-0.398438	0.056641
880	-0.433594	0.101563
881	-0.398438	-0.070313
882	-0.417969	-0.134766
883	-0.435547	-0.058594
884	-0.513672	-0.212891
885	-0.453125	-0.222656
886	-0.423828	-0.263672
887	-0.457031	-0.275391
888	-0.392578	-0.123047
889	-0.365234	-0.083984
890	-0.396484	0.021484
891	-0.431641	0.197266
892	-0.416016	0.080078
893	-0.429688	0.169922
894	-0.404297	0.064453
895	-0.433594	0.136719
896	-0.455078	0.013672
897	-0.484375	-0.287109
898	-0.447266	-0.398438
899	-0.453125	-0.197266
900	-0.423828	-0.136719
901	-0.431641	0.132813
902	-0.416016	-0.048828
903	-0.480469	-0.117188
904	-0.457031	-0.050781
905	-0.449219	-0.095703
906	-0.433594	0.021484
907	-0.464844	-0.041016
908	-0.445313	-0.234375
909	-0.437500	-0.171875
910	-0.427734	-0.222656
911	-0.390625	-0.101563
912	-0.400391	-0.091797
913	-0.458984	0.019531
914	-0.441406	-0.162109
915	-0.421875	-0.003906
916	-0.427734	-0.003906
917	-0.439453	-0.105469
918	-0.421875	0.056641
919	-0.427734	0.033203
920	-0.486328	-0.267578
921	-0.511719	-0.224609
922	-0.445313	0.039063
923	-0.462891	0.097656
924	-0.451172	0.072266
925	-0.414063	0.027344
926	-0.453125	-0.121094
927	-0.470703	-0.125000
928	-0.460938	-0.089844
929	-0.460938	0.048828
930	-0.435547	-0.033203
931	-0.412109	0.126953
932	-0.427734	0.201172
933	-0.449219	0.154297
934	-0.386719	-0.031250
935	-0.453125	0.066406
936	-0.462891	0.162109
937	-0.414063	-0.058594
938	-0.435547	0.052734
939	-0.429688	0.052734
940	-0.400391	0.011719
941	-0.423828	-0.013672
942	-0.447266	-0.011719
943	-0.421875	-0.017578
944	-0.371094	0.132813
945	-0.402344	0.056641
946	-0.416016	0.136719
947	-0.351563	0.000000
948	-0.408203	0.080078
949	-0.443359	-0.105469
950	-0.410156	-0.076172
951	-0.441406	-0.156250
952	-0.404297	-0.099609
953	-0.421875	-0.218750
954	-0.453125	-0.091797
955	-0.408203	-0.214844
956	-0.486328	-0.193359
957	-0.472656	0.064453
958	-0.513672	0.021484
959	-0.480469	0.128906
960	-0.423828	0.099609
961	-0.460938	0.015625
962	-0.396484	-0.222656
963	-0.476563	0.023438
964	-0.441406	0.300781
965	-0.439453	0.113281
966	-0.445313	-0.029297
967	-0.429688	-0.123047
968	-0.470703	0.054688
969	-0.406250	-0.064453
970	-0.443359	-0.144531
971	-0.453125	-0.066406
972	-0.410156	-0.035156
973	-0.419922	0.011719
974	-0.402344	0.007813
975	-0.386719	-0.062500
976	-0.494141	0.134766
977	-0.398438	0.068359
978	-0.416016	0.058594
979	-0.425781	0.082031
980	-0.460938	0.212891
981	-0.449219	0.058594
982	-0.402344	0.083984
983	-0.507813	0.019531
984	-0.455078	-0.099609
985	-0.466797	-0.058594
986	-0.388672	-0.033203
987	-0.457031	-0.054688
988	-0.394531	-0.097656
989	-0.478516	-0.207031
990	-0.449219	-0.044922
991	-0.417969	0.041016
992	-0.443359	-0.126953
993	-0.447266	0.052734
994	-0.398438	0.099609
995	-0.376953	-0.021484
996	-0.468750	-0.160156
997	-0.435547	0.003906
998	-0.486328	-0.357422
999	-0.392578	-0.150391
