0	-0.955078	-0.972656
1	-0.953125	-0.974609
2	-0.982422	-0.990234
3	-0.933594	-0.966797
4	-0.955078	-0.974609
5	-0.980469	-0.990234
6	-0.960938	-0.978516
7	-0.988281	-0.994141
8	-0.951172	-0.974609
9	-0.974609	-0.986328
10	-0.980469	-0.988281
11	-0.949219	-0.970703
12	-0.953125	-0.974609
13	-0.972656	-0.986328
14	-0.945313	-0.968750
15	-0.935547	-0.962891
16	-0.980469	-0.988281
17	-0.960938	-0.980469
18	-0.968750	-0.984375
19	-0.970703	-0.982422
20	-0.960938	-0.976563
21	-0.958984	-0.974609
22	-0.982422	-0.990234
23	-0.960938	-0.980469
24	-0.962891	-0.978516
25	-0.947266	-0.968750
26	-0.964844	-0.980469
27	-0.958984	-0.978516
28	-0.955078	-0.974609
29	-0.980469	-0.990234
30	-0.960938	-0.978516
31	-0.978516	-0.988281
32	-0.982422	-0.990234
33	-0.968750	-0.984375
34	-0.951172	-0.970703
35	-0.919922	-0.941406
36	-0.974609	-0.986328
37	-0.962891	-0.978516
38	-0.976563	-0.986328
39	-0.958984	-0.976563
40	-0.970703	-0.984375
41	-0.974609	-0.986328
42	-0.974609	-0.986328
43	-0.972656	-0.984375
44	-0.970703	-0.982422
45	-0.960938	-0.980469
46	-0.966797	-0.982422
47	-0.974609	-0.984375
48	-0.970703	-0.984375
49	-0.935547	-0.962891
50	-0.955078	-0.976563
51	-0.960938	-0.978516
52	-0.953125	-0.974609
53	-0.962891	-0.978516
54	-0.972656	-0.986328
55	-0.941406	-0.966797
56	-0.978516	-0.986328
57	-0.962891	-0.980469
58	-0.957031	-0.976563
59	-0.962891	-0.978516
60	-0.976563	-0.988281
61	-0.974609	-0.982422
62	-0.957031	-0.972656
63	-0.978516	-0.988281
64	-0.957031	-0.976563
65	-0.968750	-0.978516
66	-0.970703	-0.984375
67	-0.966797	-0.982422
68	-0.964844	-0.976563
69	-0.984375	-0.992188
70	-0.970703	-0.984375
71	-0.984375	-0.992188
72	-0.988281	-0.994141
73	-0.980469	-0.990234
74	-0.943359	-0.966797
75	-0.955078	-0.976563
76	-0.970703	-0.984375
77	-0.941406	-0.962891
78	-0.976563	-0.988281
79	-0.964844	-0.980469
80	-0.980469	-0.990234
81	-0.976563	-0.988281
82	-0.974609	-0.986328
83	-0.972656	-0.986328
84	-0.955078	-0.972656
85	-0.980469	-0.990234
86	-0.957031	-0.978516
87	-0.964844	-0.982422
88	-0.972656	-0.986328
89	-0.968750	-0.982422
90	-0.964844	-0.982422
91	-0.958984	-0.976563
92	-0.972656	-0.986328
93	-0.992188	-0.996094
94	-0.978516	-0.988281
95	-0.988281	-0.992188
96	-0.980469	-0.990234
97	-0.970703	-0.984375
98	-0.972656	-0.986328
99	-0.958984	-0.976563
100	-0.976563	-0.988281
101	-0.968750	-0.980469
102	-0.943359	-0.968750
103	-0.958984	-0.978516
104	-0.966797	-0.982422
105	-0.957031	-0.970703
106	-0.964844	-0.982422
107	-0.943359	-0.970703
108	-0.957031	-0.972656
109	-0.982422	-0.990234
110	-0.972656	-0.986328
111	-0.970703	-0.980469
112	-0.984375	-0.992188
113	-0.980469	-0.990234
114	-0.947266	-0.968750
115	-0.951172	-0.972656
116	-0.957031	-0.978516
117	-0.968750	-0.984375
118	-0.949219	-0.974609
119	-0.958984	-0.978516
120	-0.970703	-0.984375
121	-0.976563	-0.986328
122	-0.988281	-0.994141
123	-0.976563	-0.986328
124	-0.976563	-0.988281
125	-0.964844	-0.978516
126	-0.962891	-0.974609
127	-0.982422	-0.990234
128	-0.970703	-0.984375
129	-0.957031	-0.978516
130	-0.970703	-0.982422
131	-0.962891	-0.980469
132	-0.939453	-0.964844
133	-0.951172	-0.972656
134	-0.984375	-0.992188
135	-0.962891	-0.978516
136	-0.957031	-0.968750
137	-0.949219	-0.974609
138	-0.943359	-0.970703
139	-0.962891	-0.976563
140	-0.964844	-0.976563
141	-0.974609	-0.986328
142	-0.955078	-0.968750
143	-0.955078	-0.976563
144	-0.964844	-0.980469
145	-0.960938	-0.978516
146	-0.968750	-0.982422
147	-0.949219	-0.970703
148	-0.976563	-0.988281
149	-0.949219	-0.972656
150	-0.976563	-0.982422
151	-0.957031	-0.976563
152	-0.976563	-0.984375
153	-0.960938	-0.978516
154	-0.962891	-0.976563
155	-0.962891	-0.978516
156	-0.966797	-0.974609
157	-0.978516	-0.988281
158	-0.980469	-0.988281
159	-0.968750	-0.982422
160	-0.962891	-0.978516
161	-0.972656	-0.984375
162	-0.964844	-0.982422
163	-0.966797	-0.982422
164	-0.931641	-0.953125
165	-0.978516	-0.988281
166	-0.968750	-0.984375
167	-0.955078	-0.974609
168	-0.953125	-0.976563
169	-0.958984	-0.976563
170	-0.953125	-0.976563
171	-0.968750	-0.984375
172	-0.958984	-0.972656
173	-0.976563	-0.988281
174	-0.960938	-0.980469
175	-0.951172	-0.972656
176	-0.970703	-0.984375
177	-0.968750	-0.982422
178	-0.988281	-0.994141
179	-0.978516	-0.988281
180	-0.962891	-0.978516
181	-0.970703	-0.984375
182	-0.962891	-0.976563
183	-0.951172	-0.972656
184	-0.966797	-0.982422
185	-0.958984	-0.978516
186	-0.955078	-0.976563
187	-0.968750	-0.982422
188	-0.962891	-0.978516
189	-0.964844	-0.982422
190	-0.964844	-0.982422
191	-0.953125	-0.974609
192	-0.958984	-0.978516
193	-0.955078	-0.972656
194	-0.966797	-0.982422
195	-0.970703	-0.984375
196	-0.972656	-0.984375
197	-0.947266	-0.966797
198	-0.968750	-0.982422
199	-0.966797	-0.978516
200	-0.960938	-0.980469
201	-0.966797	-0.982422
202	-0.980469	-0.988281
203	-0.972656	-0.984375
204	-0.980469	-0.990234
205	-0.968750	-0.982422
206	-0.964844	-0.976563
207	-0.966797	-0.982422
208	-0.974609	-0.982422
209	-0.974609	-0.986328
210	-0.957031	-0.976563
211	-0.970703	-0.984375
212	-0.984375	-0.992188
213	-0.982422	-0.990234
214	-0.935547	-0.955078
215	-0.980469	-0.990234
216	-0.964844	-0.982422
217	-0.980469	-0.990234
218	-0.984375	-0.990234
219	-0.978516	-0.988281
220	-0.962891	-0.980469
221	-0.984375	-0.992188
222	-0.968750	-0.982422
223	-0.980469	-0.990234
224	-0.974609	-0.986328
225	-0.970703	-0.984375
226	-0.927734	-0.949219
227	-0.947266	-0.966797
228	-0.970703	-0.984375
229	-0.968750	-0.982422
230	-0.984375	-0.992188
231	-0.951172	-0.972656
232	-0.958984	-0.976563
233	-0.931641	-0.960938
234	-0.964844	-0.982422
235	-0.968750	-0.984375
236	-0.980469	-0.990234
237	-0.960938	-0.970703
238	-0.966797	-0.982422
239	-0.976563	-0.984375
240	-0.984375	-0.992188
241	-0.980469	-0.990234
242	-0.976563	-0.988281
243	-0.972656	-0.984375
244	-0.972656	-0.986328
245	-0.974609	-0.986328
246	-0.972656	-0.984375
247	-0.955078	-0.976563
248	-0.951172	-0.974609
249	-0.978516	-0.986328
250	-0.968750	-0.984375
251	-0.955078	-0.972656
252	-0.972656	-0.984375
253	-0.960938	-0.980469
254	-0.968750	-0.982422
255	-0.951172	-0.974609
256	-0.955078	-0.974609
257	-0.966797	-0.982422
258	-0.984375	-0.992188
259	-0.962891	-0.978516
260	-0.958984	-0.976563
261	-0.962891	-0.974609
262	-0.962891	-0.980469
263	-0.964844	-0.982422
264	-0.966797	-0.982422
265	-0.974609	-0.986328
266	-0.978516	-0.988281
267	-0.949219	-0.972656
268	-0.957031	-0.972656
269	-0.966797	-0.982422
270	-0.957031	-0.974609
271	-0.974609	-0.986328
272	-0.966797	-0.982422
273	-0.968750	-0.980469
274	-0.970703	-0.982422
275	-0.988281	-0.994141
276	-0.955078	-0.974609
277	-0.960938	-0.978516
278	-0.980469	-0.990234
279	-0.939453	-0.964844
280	-0.964844	-0.982422
281	-0.962891	-0.980469
282	-0.972656	-0.986328
283	-0.949219	-0.970703
284	-0.972656	-0.986328
285	-0.953125	-0.972656
286	-0.962891	-0.978516
287	-0.966797	-0.982422
288	-0.958984	-0.974609
289	-0.962891	-0.980469
290	-0.968750	-0.980469
291	-0.949219	-0.972656
292	-0.941406	-0.957031
293	-0.957031	-0.976563
294	-0.980469	-0.988281
295	-0.976563	-0.984375
296	-0.962891	-0.980469
297	-0.962891	-0.980469
298	-0.945313	-0.970703
299	-0.980469	-0.988281
300	-0.968750	-0.984375
301	-0.964844	-0.980469
302	-0.966797	-0.980469
303	-0.962891	-0.980469
304	-0.968750	-0.984375
305	-0.968750	-0.982422
306	-0.953125	-0.974609
307	-0.966797	-0.982422
308	-0.972656	-0.986328
309	-0.984375	-0.992188
310	-0.964844	-0.978516
311	-0.966797	-0.982422
312	-0.962891	-0.980469
313	-0.962891	-0.980469
314	-0.974609	-0.986328
315	-0.976563	-0.988281
316	-0.984375	-0.992188
317	-0.964844	-0.978516
318	-0.978516	-0.988281
319	-0.960938	-0.978516
320	-0.970703	-0.984375
321	-0.953125	-0.974609
322	-0.958984	-0.978516
323	-0.949219	-0.972656
324	-0.978516	-0.988281
325	-0.957031	-0.974609
326	-0.966797	-0.980469
327	-0.982422	-0.990234
328	-0.962891	-0.978516
329	-0.986328	-0.992188
330	-0.966797	-0.982422
331	-0.945313	-0.970703
332	-0.949219	-0.972656
333	-0.970703	-0.982422
334	-0.966797	-0.982422
335	-0.951172	-0.974609
336	-0.972656	-0.984375
337	-0.972656	-0.984375
338	-0.939453	-0.966797
339	-0.958984	-0.978516
340	-0.982422	-0.990234
341	-0.968750	-0.984375
342	-0.988281	-0.994141
343	-0.960938	-0.978516
344	-0.966797	-0.982422
345	-0.968750	-0.980469
346	-0.957031	-0.976563
347	-0.966797	-0.982422
348	-0.945313	-0.968750
349	-0.957031	-0.978516
350	-0.953125	-0.976563
351	-0.953125	-0.972656
352	-0.972656	-0.984375
353	-0.970703	-0.984375
354	-0.978516	-0.988281
355	-0.970703	-0.984375
356	-0.974609	-0.984375
357	-0.935547	-0.960938
358	-0.976563	-0.988281
359	-0.964844	-0.982422
360	-0.988281	-0.994141
361	-0.966797	-0.978516
362	-0.982422	-0.990234
363	-0.984375	-0.992188
364	-0.970703	-0.984375
365	-0.968750	-0.982422
366	-0.976563	-0.988281
367	-0.957031	-0.976563
368	-0.972656	-0.984375
369	-0.964844	-0.976563
370	-0.960938	-0.978516
371	-0.968750	-0.984375
372	-0.962891	-0.980469
373	-0.958984	-0.978516
374	-0.966797	-0.982422
375	-0.957031	-0.974609
376	-0.970703	-0.982422
377	-0.955078	-0.972656
378	-0.960938	-0.978516
379	-0.957031	-0.976563
380	-0.966797	-0.982422
381	-0.962891	-0.976563
382	-0.966797	-0.982422
383	-0.974609	-0.982422
384	-0.945313	-0.970703
385	-0.939453	-0.960938
386	-0.939453	-0.964844
387	-0.972656	-0.986328
388	-0.964844	-0.982422
389	-0.951172	-0.964844
390	-0.960938	-0.978516
391	-0.945313	-0.964844
392	-0.970703	-0.980469
393	-0.988281	-0.994141
394	-0.957031	-0.976563
395	-0.988281	-0.994141
396	-0.970703	-0.982422
397	-0.953125	-0.972656
398	-0.970703	-0.984375
399	-0.982422	-0.990234
400	-0.962891	-0.974609
401	-0.972656	-0.986328
402	-0.980469	-0.990234
403	-0.947266	-0.970703
404	-0.951172	-0.968750
405	-0.970703	-0.984375
406	-0.958984	-0.976563
407	-0.943359	-0.968750
408	-0.980469	-0.990234
409	-0.964844	-0.976563
410	-0.972656	-0.982422
411	-0.939453	-0.960938
412	-0.964844	-0.982422
413	-0.964844	-0.980469
414	-0.962891	-0.978516
415	-0.972656	-0.982422
416	-0.937500	-0.953125
417	-0.962891	-0.976563
418	-0.957031	-0.976563
419	-0.972656	-0.982422
420	-0.937500	-0.960938
421	-0.958984	-0.978516
422	-0.957031	-0.974609
423	-0.953125	-0.974609
424	-0.972656	-0.984375
425	-0.960938	-0.980469
426	-0.958984	-0.978516
427	-0.978516	-0.988281
428	-0.972656	-0.984375
429	-0.976563	-0.988281
430	-0.966797	-0.982422
431	-0.982422	-0.990234
432	-0.951172	-0.970703
433	-0.964844	-0.982422
434	-0.966797	-0.982422
435	-0.976563	-0.986328
436	-0.976563	-0.986328
437	-0.980469	-0.990234
438	-0.941406	-0.964844
439	-0.976563	-0.986328
440	-0.970703	-0.984375
441	-0.962891	-0.980469
442	-0.960938	-0.978516
443	-0.966797	-0.980469
444	-0.958984	-0.976563
445	-0.960938	-0.980469
446	-0.957031	-0.976563
447	-0.953125	-0.972656
448	-0.974609	-0.986328
449	-0.962891	-0.978516
450	-0.962891	-0.978516
451	-0.968750	-0.984375
452	-0.960938	-0.978516
453	-0.957031	-0.976563
454	-0.960938	-0.976563
455	-0.968750	-0.984375
456	-0.953125	-0.974609
457	-0.955078	-0.976563
458	-0.966797	-0.980469
459	-0.960938	-0.976563
460	-0.974609	-0.986328
461	-0.962891	-0.980469
462	-0.955078	-0.972656
463	-0.972656	-0.986328
464	-0.966797	-0.982422
465	-0.960938	-0.980469
466	-0.964844	-0.978516
467	-0.947266	-0.968750
468	-0.960938	-0.978516
469	-0.937500	-0.962891
470	-0.978516	-0.988281
471	-0.941406	-0.966797
472	-0.980469	-0.990234
473	-0.929688	-0.955078
474	-0.968750	-0.982422
475	-0.964844	-0.976563
476	-0.941406	-0.964844
477	-0.964844	-0.982422
478	-0.980469	-0.990234
479	-0.949219	-0.972656
480	-0.978516	-0.988281
481	-0.980469	-0.990234
482	-0.970703	-0.984375
483	-0.972656	-0.984375
484	-0.970703	-0.984375
485	-0.978516	-0.988281
486	-0.968750	-0.984375
487	-0.976563	-0.988281
488	-0.966797	-0.982422
489	-0.962891	-0.980469
490	-0.980469	-0.990234
491	-0.964844	-0.978516
492	-0.953125	-0.974609
493	-0.960938	-0.978516
494	-0.962891	-0.980469
495	-0.968750	-0.982422
496	-0.962891	-0.980469
497	-0.966797	-0.978516
498	-0.962891	-0.978516
499	-0.958984	-0.978516
500	-0.945313	-0.968750
501	-0.970703	-0.984375
502	-0.964844	-0.978516
503	-0.962891	-0.978516
504	-0.945313	-0.966797
505	-0.964844	-0.980469
506	-0.966797	-0.982422
507	-0.953125	-0.968750
508	-0.980469	-0.986328
509	-0.945313	-0.968750
510	-0.958984	-0.978516
511	-0.976563	-0.988281
512	-0.980469	-0.990234
513	-0.970703	-0.982422
514	-0.972656	-0.986328
515	-0.945313	-0.968750
516	-0.958984	-0.976563
517	-0.964844	-0.982422
518	-0.962891	-0.980469
519	-0.974609	-0.984375
520	-0.962891	-0.980469
521	-0.953125	-0.972656
522	-0.972656	-0.986328
523	-0.968750	-0.980469
524	-0.964844	-0.980469
525	-0.957031	-0.976563
526	-0.996094	-0.998047
527	-0.966797	-0.980469
528	-0.966797	-0.982422
529	-0.966797	-0.982422
530	-0.988281	-0.994141
531	-0.958984	-0.972656
532	-0.974609	-0.986328
533	-0.976563	-0.986328
534	-0.968750	-0.984375
535	-0.957031	-0.976563
536	-0.974609	-0.986328
537	-0.972656	-0.984375
538	-0.958984	-0.976563
539	-0.960938	-0.978516
540	-0.962891	-0.976563
541	-0.972656	-0.986328
542	-0.953125	-0.976563
543	-0.970703	-0.984375
544	-0.964844	-0.980469
545	-0.980469	-0.990234
546	-0.986328	-0.992188
547	-0.966797	-0.982422
548	-0.974609	-0.986328
549	-0.958984	-0.972656
550	-0.939453	-0.964844
551	-0.958984	-0.978516
552	-0.960938	-0.978516
553	-0.953125	-0.966797
554	-0.978516	-0.988281
555	-0.955078	-0.976563
556	-0.976563	-0.986328
557	-0.925781	-0.958984
558	-0.960938	-0.978516
559	-0.941406	-0.966797
560	-0.968750	-0.984375
561	-0.974609	-0.986328
562	-0.960938	-0.978516
563	-0.966797	-0.978516
564	-0.960938	-0.978516
565	-0.964844	-0.978516
566	-0.988281	-0.994141
567	-0.968750	-0.982422
568	-0.962891	-0.980469
569	-0.988281	-0.994141
570	-0.974609	-0.986328
571	-0.958984	-0.978516
572	-0.966797	-0.982422
573	-0.972656	-0.984375
574	-0.986328	-0.992188
575	-0.957031	-0.976563
576	-0.970703	-0.984375
577	-0.984375	-0.992188
578	-0.980469	-0.990234
579	-0.960938	-0.978516
580	-0.941406	-0.966797
581	-0.947266	-0.972656
582	-0.974609	-0.986328
583	-0.972656	-0.986328
584	-0.960938	-0.976563
585	-0.949219	-0.972656
586	-0.958984	-0.976563
587	-0.947266	-0.968750
588	-0.962891	-0.980469
589	-0.972656	-0.986328
590	-0.976563	-0.986328
591	-0.980469	-0.990234
592	-0.968750	-0.976563
593	-0.951172	-0.972656
594	-0.964844	-0.978516
595	-0.957031	-0.974609
596	-0.945313	-0.964844
597	-0.949219	-0.966797
598	-0.955078	-0.972656
599	-0.966797	-0.982422
600	-0.984375	-0.992188
601	-0.980469	-0.990234
602	-0.984375	-0.992188
603	-0.955078	-0.970703
604	-0.992188	-0.996094
605	-0.978516	-0.988281
606	-0.984375	-0.992188
607	-0.953125	-0.976563
608	-0.980469	-0.990234
609	-0.939453	-0.966797
610	-0.951172	-0.974609
611	-0.953125	-0.974609
612	-0.958984	-0.974609
613	-0.972656	-0.986328
614	-0.970703	-0.984375
615	-0.958984	-0.972656
616	-0.972656	-0.986328
617	-0.949219	-0.974609
618	-0.974609	-0.986328
619	-0.976563	-0.986328
620	-0.958984	-0.974609
621	-0.968750	-0.982422
622	-0.964844	-0.980469
623	-0.978516	-0.988281
624	-0.982422	-0.990234
625	-0.966797	-0.982422
626	-0.978516	-0.988281
627	-0.955078	-0.976563
628	-0.974609	-0.986328
629	-0.978516	-0.988281
630	-0.970703	-0.984375
631	-0.972656	-0.984375
632	-0.953125	-0.974609
633	-0.962891	-0.978516
634	-0.964844	-0.980469
635	-0.953125	-0.972656
636	-0.949219	-0.970703
637	-0.951172	-0.972656
638	-0.972656	-0.984375
639	-0.980469	-0.988281
640	-0.974609	-0.986328
641	-0.978516	-0.988281
642	-0.970703	-0.984375
643	-0.992188	-0.996094
644	-0.976563	-0.988281
645	-0.966797	-0.982422
646	-0.976563	-0.986328
647	-0.951172	-0.974609
648	-0.964844	-0.980469
649	-0.962891	-0.976563
650	-0.957031	-0.974609
651	-0.976563	-0.988281
652	-0.951172	-0.972656
653	-0.972656	-0.986328
654	-0.990234	-0.994141
655	-0.976563	-0.988281
656	-0.945313	-0.964844
657	-0.970703	-0.984375
658	-0.984375	-0.992188
659	-0.941406	-0.964844
660	-0.964844	-0.980469
661	-0.988281	-0.994141
662	-0.957031	-0.978516
663	-0.970703	-0.984375
664	-0.968750	-0.980469
665	-0.978516	-0.988281
666	-0.970703	-0.984375
667	-0.939453	-0.964844
668	-0.962891	-0.980469
669	-0.978516	-0.988281
670	-0.958984	-0.976563
671	-0.964844	-0.978516
672	-0.974609	-0.986328
673	-0.970703	-0.984375
674	-0.955078	-0.976563
675	-0.960938	-0.978516
676	-0.937500	-0.964844
677	-0.953125	-0.970703
678	-0.964844	-0.978516
679	-0.964844	-0.980469
680	-0.972656	-0.986328
681	-0.958984	-0.976563
682	-0.966797	-0.980469
683	-0.945313	-0.964844
684	-0.957031	-0.976563
685	-0.972656	-0.984375
686	-0.984375	-0.992188
687	-0.955078	-0.968750
688	-0.949219	-0.966797
689	-0.943359	-0.968750
690	-0.962891	-0.978516
691	-0.966797	-0.982422
692	-0.949219	-0.966797
693	-0.960938	-0.978516
694	-0.968750	-0.982422
695	-0.962891	-0.976563
696	-0.955078	-0.976563
697	-0.957031	-0.976563
698	-0.949219	-0.970703
699	-0.941406	-0.960938
700	-0.970703	-0.984375
701	-0.962891	-0.980469
702	-0.972656	-0.986328
703	-0.984375	-0.992188
704	-0.966797	-0.982422
705	-0.953125	-0.972656
706	-0.960938	-0.978516
707	-0.984375	-0.992188
708	-0.953125	-0.974609
709	-0.941406	-0.968750
710	-0.976563	-0.986328
711	-0.972656	-0.986328
712	-0.937500	-0.962891
713	-0.964844	-0.980469
714	-0.976563	-0.988281
715	-0.949219	-0.972656
716	-0.964844	-0.980469
717	-0.970703	-0.984375
718	-0.966797	-0.982422
719	-0.980469	-0.990234
720	-0.992188	-0.996094
721	-0.953125	-0.972656
722	-0.970703	-0.984375
723	-0.968750	-0.980469
724	-0.955078	-0.968750
725	-0.968750	-0.984375
726	-0.974609	-0.984375
727	-0.960938	-0.978516
728	-0.943359	-0.966797
729	-0.974609	-0.986328
730	-0.960938	-0.978516
731	-0.957031	-0.976563
732	-0.955078	-0.970703
733	-0.970703	-0.982422
734	-0.964844	-0.978516
735	-0.964844	-0.982422
736	-0.945313	-0.966797
737	-0.970703	-0.984375
738	-0.955078	-0.976563
739	-0.972656	-0.984375
740	-0.957031	-0.976563
741	-0.980469	-0.988281
742	-0.953125	-0.972656
743	-0.992188	-0.996094
744	-0.988281	-0.994141
745	-0.955078	-0.974609
746	-0.984375	-0.992188
747	-0.976563	-0.988281
748	-0.972656	-0.986328
749	-0.968750	-0.984375
750	-0.976563	-0.988281
751	-0.980469	-0.990234
752	-0.947266	-0.972656
753	-0.980469	-0.990234
754	-0.982422	-0.990234
755	-0.958984	-0.974609
756	-0.972656	-0.984375
757	-0.958984	-0.976563
758	-0.962891	-0.980469
759	-0.966797	-0.980469
760	-0.976563	-0.988281
761	-0.955078	-0.974609
762	-0.949219	-0.972656
763	-0.953125	-0.972656
764	-0.978516	-0.988281
765	-0.982422	-0.990234
766	-0.966797	-0.980469
767	-0.955078	-0.974609
768	-0.970703	-0.976563
769	-0.972656	-0.986328
770	-0.968750	-0.984375
771	-0.974609	-0.986328
772	-0.976563	-0.986328
773	-0.970703	-0.982422
774	-0.953125	-0.972656
775	-0.990234	-0.994141
776	-0.988281	-0.994141
777	-0.960938	-0.980469
778	-0.966797	-0.980469
779	-0.974609	-0.986328
780	-0.935547	-0.962891
781	-0.943359	-0.970703
782	-0.974609	-0.986328
783	-0.964844	-0.980469
784	-0.984375	-0.992188
785	-0.980469	-0.990234
786	-0.960938	-0.980469
787	-0.976563	-0.986328
788	-0.978516	-0.988281
789	-0.945313	-0.964844
790	-0.951172	-0.972656
791	-0.972656	-0.986328
792	-0.966797	-0.976563
793	-0.935547	-0.962891
794	-0.960938	-0.978516
795	-0.980469	-0.990234
796	-0.960938	-0.978516
797	-0.962891	-0.974609
798	-0.976563	-0.988281
799	-0.951172	-0.972656
800	-0.962891	-0.978516
801	-0.980469	-0.990234
802	-0.986328	-0.992188
803	-0.958984	-0.978516
804	-0.949219	-0.966797
805	-0.980469	-0.990234
806	-0.968750	-0.984375
807	-0.976563	-0.986328
808	-0.964844	-0.978516
809	-0.980469	-0.990234
810	-0.960938	-0.976563
811	-0.978516	-0.988281
812	-0.976563	-0.988281
813	-0.976563	-0.986328
814	-0.976563	-0.986328
815	-0.933594	-0.964844
816	-0.960938	-0.978516
817	-0.949219	-0.972656
818	-0.964844	-0.980469
819	-0.972656	-0.982422
820	-0.955078	-0.976563
821	-0.960938	-0.976563
822	-0.964844	-0.980469
823	-0.962891	-0.980469
824	-0.955078	-0.976563
825	-0.964844	-0.980469
826	-0.976563	-0.988281
827	-0.972656	-0.984375
828	-0.964844	-0.982422
829	-0.968750	-0.984375
830	-0.972656	-0.984375
831	-0.960938	-0.970703
832	-0.984375	-0.992188
833	-0.947266	-0.970703
834	-0.976563	-0.988281
835	-0.951172	-0.972656
836	-0.964844	-0.980469
837	-0.972656	-0.986328
838	-0.978516	-0.988281
839	-0.958984	-0.978516
840	-0.949219	-0.970703
841	-0.976563	-0.988281
842	-0.951172	-0.970703
843	-0.972656	-0.980469
844	-0.966797	-0.982422
845	-0.962891	-0.980469
846	-0.960938	-0.978516
847	-0.964844	-0.978516
848	-0.974609	-0.986328
849	-0.939453	-0.964844
850	-0.972656	-0.984375
851	-0.972656	-0.986328
852	-0.962891	-0.980469
853	-0.966797	-0.982422
854	-0.958984	-0.974609
855	-0.960938	-0.976563
856	-0.978516	-0.988281
857	-0.960938	-0.978516
858	-0.966797	-0.982422
859	-0.974609	-0.986328
860	-0.970703	-0.984375
861	-0.978516	-0.988281
862	-0.968750	-0.982422
863	-0.968750	-0.982422
864	-0.966797	-0.982422
865	-0.988281	-0.992188
866	-0.964844	-0.978516
867	-0.988281	-0.994141
868	-0.960938	-0.980469
869	-0.970703	-0.984375
870	-0.978516	-0.988281
871	-0.978516	-0.988281
872	-0.970703	-0.984375
873	-0.970703	-0.984375
874	-0.951172	-0.972656
875	-0.962891	-0.980469
876	-0.960938	-0.980469
877	-0.951172	-0.972656
878	-0.962891	-0.980469
879	-0.951172	-0.972656
880	-0.962891	-0.978516
881	-0.964844	-0.980469
882	-0.976563	-0.988281
883	-0.955078	-0.976563
884	-0.972656	-0.980469
885	-0.984375	-0.990234
886	-0.958984	-0.978516
887	-0.974609	-0.986328
888	-0.970703	-0.984375
889	-0.964844	-0.978516
890	-0.962891	-0.980469
891	-0.962891	-0.980469
892	-0.949219	-0.970703
893	-0.968750	-0.982422
894	-0.984375	-0.992188
895	-0.976563	-0.988281
896	-0.968750	-0.984375
897	-0.984375	-0.992188
898	-0.947266	-0.972656
899	-0.960938	-0.978516
900	-0.962891	-0.974609
901	-0.974609	-0.986328
902	-0.953125	-0.976563
903	-0.988281	-0.994141
904	-0.953125	-0.974609
905	-0.966797	-0.982422
906	-0.964844	-0.982422
907	-0.966797	-0.978516
908	-0.978516	-0.988281
909	-0.976563	-0.986328
910	-0.955078	-0.974609
911	-0.960938	-0.976563
912	-0.958984	-0.978516
913	-0.955078	-0.976563
914	-0.978516	-0.988281
915	-0.960938	-0.976563
916	-0.980469	-0.990234
917	-0.972656	-0.984375
918	-0.980469	-0.988281
919	-0.964844	-0.980469
920	-0.968750	-0.984375
921	-0.970703	-0.984375
922	-0.972656	-0.986328
923	-0.978516	-0.982422
924	-0.980469	-0.988281
925	-0.966797	-0.980469
926	-0.933594	-0.964844
927	-0.970703	-0.982422
928	-0.982422	-0.990234
929	-0.972656	-0.984375
930	-0.966797	-0.982422
931	-0.976563	-0.988281
932	-0.962891	-0.978516
933	-0.927734	-0.955078
934	-0.951172	-0.972656
935	-0.951172	-0.974609
936	-0.968750	-0.980469
937	-0.962891	-0.980469
938	-0.949219	-0.970703
939	-0.968750	-0.984375
940	-0.966797	-0.982422
941	-0.947266	-0.972656
942	-0.960938	-0.968750
943	-0.980469	-0.990234
944	-0.964844	-0.976563
945	-0.947266	-0.964844
946	-0.966797	-0.982422
947	-0.970703	-0.982422
948	-0.968750	-0.982422
949	-0.980469	-0.990234
950	-0.949219	-0.972656
951	-0.957031	-0.972656
952	-0.974609	-0.986328
953	-0.972656	-0.986328
954	-0.949219	-0.970703
955	-0.972656	-0.984375
956	-0.964844	-0.978516
957	-0.962891	-0.978516
958	-0.960938	-0.978516
959	-0.960938	-0.980469
960	-0.972656	-0.986328
961	-0.960938	-0.976563
962	-0.976563	-0.988281
963	-0.958984	-0.978516
964	-0.982422	-0.990234
965	-0.972656	-0.984375
966	-0.957031	-0.978516
967	-0.974609	-0.986328
968	-0.976563	-0.988281
969	-0.960938	-0.966797
970	-0.960938	-0.976563
971	-0.945313	-0.970703
972	-0.974609	-0.986328
973	-0.968750	-0.980469
974	-0.966797	-0.982422
975	-0.976563	-0.988281
976	-0.951172	-0.974609
977	-0.984375	-0.992188
978	-0.988281	-0.994141
979	-0.988281	-0.994141
980	-0.964844	-0.980469
981	-0.960938	-0.976563
982	-0.978516	-0.988281
983	-0.970703	-0.984375
984	-0.966797	-0.982422
985	-0.966797	-0.978516
986	-0.964844	-0.982422
987	-0.968750	-0.982422
988	-0.962891	-0.978516
989	-0.966797	-0.982422
990	-0.976563	-0.988281
991	-0.964844	-0.982422
992	-0.972656	-0.986328
993	-0.972656	-0.986328
994	-0.964844	-0.982422
995	-0.955078	-0.974609
996	-0.982422	-0.990234
997	-0.960938	-0.978516
998	-0.962891	-0.978516
999	-0.957031	-0.974609
