0	-0.349609	-0.046875
1	-0.363281	-0.107422
2	-0.314453	-0.101563
3	-0.332031	-0.042969
4	-0.335938	0.087891
5	-0.384766	0.142578
6	-0.408203	0.001953
7	-0.380859	-0.009766
8	-0.298828	-0.089844
9	-0.394531	0.050781
10	-0.335938	0.029297
11	-0.339844	0.003906
12	-0.306641	0.167969
13	-0.294922	-0.093750
14	-0.349609	-0.099609
15	-0.398438	-0.105469
16	-0.378906	0.064453
17	-0.347656	0.052734
18	-0.322266	-0.003906
19	-0.292969	0.000000
20	-0.369141	-0.009766
21	-0.328125	0.046875
22	-0.298828	-0.039063
23	-0.332031	-0.021484
24	-0.312500	-0.117188
25	-0.369141	0.085938
26	-0.333984	-0.029297
27	-0.353516	0.113281
28	-0.380859	0.248047
29	-0.371094	0.087891
30	-0.341797	0.007813
31	-0.359375	0.003906
32	-0.371094	0.054688
33	-0.396484	-0.140625
34	-0.355469	0.021484
35	-0.384766	0.011719
36	-0.304688	0.050781
37	-0.333984	-0.031250
38	-0.330078	-0.091797
39	-0.328125	0.058594
40	-0.365234	-0.046875
41	-0.298828	-0.041016
42	-0.320313	0.052734
43	-0.335938	0.111328
44	-0.361328	-0.136719
45	-0.339844	0.117188
46	-0.332031	0.126953
47	-0.361328	0.119141
48	-0.345703	-0.007813
49	-0.384766	-0.115234
50	-0.363281	-0.019531
51	-0.285156	0.017578
52	-0.363281	-0.025391
53	-0.363281	-0.001953
54	-0.398438	0.103516
55	-0.371094	-0.146484
56	-0.365234	0.037109
57	-0.259766	-0.029297
58	-0.326172	-0.123047
59	-0.345703	-0.009766
60	-0.380859	-0.173828
61	-0.318359	0.033203
62	-0.351563	0.095703
63	-0.363281	-0.068359
64	-0.353516	0.019531
65	-0.386719	-0.248047
66	-0.380859	-0.162109
67	-0.363281	0.132813
68	-0.308594	-0.076172
69	-0.357422	-0.123047
70	-0.406250	-0.103516
71	-0.349609	0.085938
72	-0.324219	0.013672
73	-0.388672	-0.017578
74	-0.363281	-0.039063
75	-0.310547	0.013672
76	-0.349609	0.160156
77	-0.316406	-0.048828
78	-0.328125	0.050781
79	-0.326172	-0.050781
80	-0.349609	0.019531
81	-0.341797	0.056641
82	-0.369141	-0.037109
83	-0.376953	0.138672
84	-0.359375	-0.005859
85	-0.343750	-0.103516
86	-0.394531	0.130859
87	-0.375000	-0.019531
88	-0.402344	0.175781
89	-0.361328	0.046875
90	-0.355469	-0.042969
91	-0.353516	0.089844
92	-0.357422	-0.041016
93	-0.380859	0.025391
94	-0.291016	-0.007813
95	-0.369141	0.080078
96	-0.376953	-0.011719
97	-0.341797	0.117188
98	-0.351563	-0.033203
99	-0.345703	-0.021484
100	-0.365234	0.113281
101	-0.357422	0.000000
102	-0.320313	-0.037109
103	-0.349609	-0.089844
104	-0.349609	-0.027344
105	-0.298828	0.062500
106	-0.361328	0.048828
107	-0.326172	-0.044922
108	-0.386719	0.111328
109	-0.308594	0.005859
110	-0.363281	0.011719
111	-0.380859	-0.140625
112	-0.326172	-0.072266
113	-0.404297	-0.136719
114	-0.355469	-0.007813
115	-0.328125	0.111328
116	-0.365234	0.005859
117	-0.330078	-0.033203
118	-0.324219	-0.041016
119	-0.343750	0.148438
120	-0.394531	-0.101563
121	-0.365234	-0.134766
122	-0.306641	-0.105469
123	-0.390625	0.003906
124	-0.386719	0.005859
125	-0.355469	-0.031250
126	-0.363281	0.048828
127	-0.308594	-0.007813
128	-0.337891	0.013672
129	-0.371094	0.039063
130	-0.343750	-0.085938
131	-0.363281	-0.003906
132	-0.375000	0.101563
133	-0.375000	-0.060547
134	-0.300781	-0.054688
135	-0.320313	-0.068359
136	-0.328125	0.033203
137	-0.294922	-0.072266
138	-0.320313	0.070313
139	-0.310547	0.123047
140	-0.328125	0.119141
141	-0.328125	0.039063
142	-0.339844	0.019531
143	-0.337891	0.162109
144	-0.378906	0.031250
145	-0.343750	-0.060547
146	-0.328125	0.011719
147	-0.337891	-0.029297
148	-0.341797	0.042969
149	-0.386719	-0.068359
150	-0.396484	-0.111328
151	-0.388672	0.103516
152	-0.341797	0.011719
153	-0.320313	0.031250
154	-0.347656	-0.238281
155	-0.361328	-0.027344
156	-0.349609	0.070313
157	-0.369141	0.160156
158	-0.369141	0.039063
159	-0.332031	-0.041016
160	-0.308594	0.025391
161	-0.355469	0.064453
162	-0.355469	0.070313
163	-0.330078	-0.007813
164	-0.345703	0.041016
165	-0.318359	0.117188
166	-0.328125	0.033203
167	-0.318359	-0.062500
168	-0.371094	-0.140625
169	-0.322266	-0.109375
170	-0.332031	0.064453
171	-0.359375	-0.132813
172	-0.337891	-0.015625
173	-0.355469	-0.052734
174	-0.339844	-0.013672
175	-0.355469	-0.025391
176	-0.343750	0.099609
177	-0.337891	0.074219
178	-0.326172	0.029297
179	-0.347656	0.048828
180	-0.324219	-0.025391
181	-0.355469	0.050781
182	-0.417969	0.142578
183	-0.400391	0.146484
184	-0.378906	0.021484
185	-0.451172	-0.150391
186	-0.316406	0.097656
187	-0.382813	-0.080078
188	-0.359375	-0.119141
189	-0.310547	0.097656
190	-0.365234	0.037109
191	-0.306641	0.101563
192	-0.300781	0.009766
193	-0.398438	0.099609
194	-0.333984	-0.103516
195	-0.287109	0.095703
196	-0.363281	0.050781
197	-0.355469	-0.109375
198	-0.345703	0.033203
199	-0.335938	-0.019531
200	-0.353516	0.033203
201	-0.382813	-0.154297
202	-0.332031	0.089844
203	-0.394531	0.144531
204	-0.349609	-0.009766
205	-0.386719	-0.062500
206	-0.392578	-0.218750
207	-0.402344	0.000000
208	-0.326172	0.095703
209	-0.341797	-0.031250
210	-0.361328	0.001953
211	-0.324219	-0.099609
212	-0.398438	-0.119141
213	-0.355469	0.007813
214	-0.386719	0.039063
215	-0.369141	0.048828
216	-0.335938	-0.025391
217	-0.332031	0.033203
218	-0.371094	0.060547
219	-0.351563	0.054688
220	-0.351563	-0.009766
221	-0.376953	-0.015625
222	-0.328125	-0.011719
223	-0.384766	0.126953
224	-0.386719	-0.029297
225	-0.369141	-0.070313
226	-0.349609	0.119141
227	-0.416016	0.169922
228	-0.351563	0.019531
229	-0.316406	0.003906
230	-0.347656	-0.042969
231	-0.365234	-0.140625
232	-0.333984	-0.078125
233	-0.332031	0.126953
234	-0.349609	0.052734
235	-0.378906	-0.023438
236	-0.343750	0.265625
237	-0.349609	0.044922
238	-0.361328	-0.121094
239	-0.388672	0.005859
240	-0.328125	0.048828
241	-0.402344	-0.298828
242	-0.294922	-0.042969
243	-0.386719	0.050781
244	-0.349609	-0.042969
245	-0.343750	0.072266
246	-0.384766	-0.019531
247	-0.330078	-0.066406
248	-0.306641	0.011719
249	-0.369141	0.083984
250	-0.353516	-0.013672
251	-0.324219	0.177734
252	-0.341797	-0.076172
253	-0.337891	0.044922
254	-0.332031	-0.123047
255	-0.363281	0.041016
256	-0.312500	0.009766
257	-0.390625	-0.123047
258	-0.382813	-0.025391
259	-0.341797	-0.041016
260	-0.335938	0.033203
261	-0.345703	-0.089844
262	-0.351563	-0.072266
263	-0.382813	-0.134766
264	-0.386719	0.015625
265	-0.357422	-0.056641
266	-0.365234	0.068359
267	-0.373047	-0.001953
268	-0.382813	0.027344
269	-0.347656	0.130859
270	-0.353516	-0.015625
271	-0.380859	-0.015625
272	-0.316406	0.042969
273	-0.318359	-0.027344
274	-0.351563	0.123047
275	-0.310547	0.097656
276	-0.310547	-0.021484
277	-0.306641	0.005859
278	-0.359375	-0.183594
279	-0.382813	-0.054688
280	-0.302734	0.035156
281	-0.333984	-0.005859
282	-0.398438	0.101563
283	-0.330078	0.062500
284	-0.332031	0.005859
285	-0.388672	-0.035156
286	-0.375000	-0.078125
287	-0.359375	-0.099609
288	-0.375000	0.160156
289	-0.341797	-0.078125
290	-0.324219	0.011719
291	-0.361328	0.101563
292	-0.380859	-0.019531
293	-0.367188	0.056641
294	-0.373047	0.103516
295	-0.312500	-0.011719
296	-0.365234	-0.085938
297	-0.361328	-0.066406
298	-0.376953	-0.089844
299	-0.353516	0.091797
300	-0.392578	-0.097656
301	-0.310547	0.029297
302	-0.343750	0.033203
303	-0.392578	-0.021484
304	-0.347656	0.080078
305	-0.378906	0.052734
306	-0.419922	-0.023438
307	-0.304688	0.083984
308	-0.341797	0.058594
309	-0.337891	0.085938
310	-0.322266	-0.013672
311	-0.345703	0.025391
312	-0.351563	-0.001953
313	-0.343750	-0.109375
314	-0.351563	-0.111328
315	-0.382813	0.044922
316	-0.333984	-0.009766
317	-0.326172	0.080078
318	-0.390625	0.001953
319	-0.349609	0.148438
320	-0.359375	-0.037109
321	-0.328125	-0.125000
322	-0.355469	0.017578
323	-0.367188	0.146484
324	-0.316406	0.041016
325	-0.365234	0.068359
326	-0.302734	0.041016
327	-0.304688	0.056641
328	-0.302734	-0.003906
329	-0.345703	0.101563
330	-0.349609	-0.001953
331	-0.375000	0.185547
332	-0.349609	0.052734
333	-0.373047	0.009766
334	-0.349609	-0.074219
335	-0.371094	0.101563
336	-0.375000	0.130859
337	-0.380859	-0.048828
338	-0.304688	0.054688
339	-0.359375	-0.064453
340	-0.351563	0.074219
341	-0.382813	0.027344
342	-0.349609	-0.087891
343	-0.373047	0.048828
344	-0.337891	0.091797
345	-0.349609	-0.085938
346	-0.316406	-0.056641
347	-0.332031	-0.041016
348	-0.318359	0.027344
349	-0.335938	0.027344
350	-0.316406	0.111328
351	-0.337891	-0.037109
352	-0.320313	0.007813
353	-0.367188	-0.013672
354	-0.355469	0.001953
355	-0.347656	0.085938
356	-0.376953	0.125000
357	-0.326172	-0.142578
358	-0.392578	0.085938
359	-0.328125	0.013672
360	-0.380859	0.044922
361	-0.351563	-0.070313
362	-0.335938	0.056641
363	-0.310547	-0.011719
364	-0.371094	0.105469
365	-0.320313	0.019531
366	-0.333984	0.091797
367	-0.355469	-0.050781
368	-0.333984	0.099609
369	-0.357422	0.064453
370	-0.376953	0.056641
371	-0.316406	-0.132813
372	-0.365234	0.093750
373	-0.384766	0.111328
374	-0.320313	-0.001953
375	-0.355469	-0.085938
376	-0.328125	0.013672
377	-0.400391	-0.062500
378	-0.343750	0.035156
379	-0.308594	-0.041016
380	-0.402344	0.083984
381	-0.376953	-0.177734
382	-0.314453	0.062500
383	-0.335938	-0.048828
384	-0.326172	0.046875
385	-0.371094	-0.052734
386	-0.369141	0.011719
387	-0.326172	-0.025391
388	-0.400391	-0.138672
389	-0.375000	-0.224609
390	-0.343750	-0.076172
391	-0.330078	0.037109
392	-0.324219	0.109375
393	-0.312500	-0.093750
394	-0.316406	-0.046875
395	-0.343750	0.027344
396	-0.375000	-0.023438
397	-0.361328	0.021484
398	-0.351563	-0.011719
399	-0.384766	0.105469
400	-0.343750	-0.126953
401	-0.316406	-0.109375
402	-0.355469	0.029297
403	-0.353516	-0.132813
404	-0.355469	-0.064453
405	-0.361328	0.039063
406	-0.398438	0.054688
407	-0.308594	0.000000
408	-0.388672	-0.078125
409	-0.353516	-0.001953
410	-0.353516	0.044922
411	-0.333984	-0.062500
412	-0.376953	0.054688
413	-0.302734	0.005859
414	-0.353516	0.111328
415	-0.367188	0.025391
416	-0.349609	-0.136719
417	-0.375000	-0.214844
418	-0.339844	-0.066406
419	-0.326172	-0.078125
420	-0.308594	0.005859
421	-0.328125	-0.097656
422	-0.396484	-0.017578
423	-0.335938	-0.089844
424	-0.363281	-0.101563
425	-0.349609	-0.123047
426	-0.359375	-0.099609
427	-0.316406	-0.011719
428	-0.300781	-0.070313
429	-0.417969	-0.070313
430	-0.353516	-0.058594
431	-0.332031	0.126953
432	-0.306641	-0.011719
433	-0.320313	0.011719
434	-0.332031	-0.101563
435	-0.287109	0.011719
436	-0.277344	0.089844
437	-0.361328	-0.033203
438	-0.308594	0.044922
439	-0.339844	0.001953
440	-0.353516	-0.099609
441	-0.357422	-0.078125
442	-0.347656	0.093750
443	-0.423828	-0.042969
444	-0.371094	0.058594
445	-0.361328	-0.037109
446	-0.332031	0.027344
447	-0.345703	-0.042969
448	-0.314453	-0.082031
449	-0.398438	-0.003906
450	-0.332031	-0.013672
451	-0.355469	-0.080078
452	-0.326172	-0.027344
453	-0.349609	-0.033203
454	-0.365234	-0.093750
455	-0.308594	0.052734
456	-0.324219	-0.066406
457	-0.322266	0.113281
458	-0.353516	0.054688
459	-0.365234	-0.005859
460	-0.359375	-0.093750
461	-0.306641	-0.097656
462	-0.369141	0.029297
463	-0.306641	0.039063
464	-0.306641	-0.017578
465	-0.322266	-0.042969
466	-0.353516	-0.054688
467	-0.306641	-0.076172
468	-0.376953	-0.171875
469	-0.337891	0.001953
470	-0.386719	0.009766
471	-0.306641	-0.005859
472	-0.367188	-0.140625
473	-0.328125	-0.001953
474	-0.390625	-0.009766
475	-0.341797	-0.003906
476	-0.410156	-0.146484
477	-0.408203	-0.025391
478	-0.417969	0.150391
479	-0.349609	0.056641
480	-0.394531	-0.001953
481	-0.337891	-0.083984
482	-0.347656	0.068359
483	-0.382813	0.046875
484	-0.357422	0.060547
485	-0.298828	-0.119141
486	-0.365234	0.000000
487	-0.363281	-0.031250
488	-0.333984	0.072266
489	-0.316406	0.017578
490	-0.324219	0.074219
491	-0.371094	0.115234
492	-0.345703	-0.076172
493	-0.345703	-0.029297
494	-0.406250	-0.001953
495	-0.320313	-0.005859
496	-0.394531	-0.091797
497	-0.363281	-0.052734
498	-0.310547	-0.054688
499	-0.341797	0.041016
500	-0.351563	0.066406
501	-0.341797	0.001953
502	-0.404297	-0.052734
503	-0.363281	0.044922
504	-0.380859	-0.027344
505	-0.332031	0.035156
506	-0.371094	0.029297
507	-0.312500	-0.078125
508	-0.326172	-0.029297
509	-0.398438	-0.208984
510	-0.371094	-0.136719
511	-0.355469	-0.140625
512	-0.363281	-0.115234
513	-0.357422	-0.179688
514	-0.357422	-0.074219
515	-0.347656	-0.070313
516	-0.343750	0.005859
517	-0.326172	-0.072266
518	-0.343750	-0.025391
519	-0.359375	-0.046875
520	-0.392578	-0.062500
521	-0.328125	-0.037109
522	-0.314453	-0.011719
523	-0.310547	0.152344
524	-0.367188	-0.103516
525	-0.353516	-0.134766
526	-0.404297	-0.148438
527	-0.378906	0.056641
528	-0.406250	-0.068359
529	-0.384766	-0.029297
530	-0.359375	0.064453
531	-0.369141	-0.083984
532	-0.400391	-0.156250
533	-0.414063	-0.091797
534	-0.369141	-0.097656
535	-0.373047	-0.042969
536	-0.392578	-0.138672
537	-0.353516	-0.115234
538	-0.341797	-0.033203
539	-0.355469	0.197266
540	-0.314453	-0.021484
541	-0.347656	0.056641
542	-0.386719	0.146484
543	-0.330078	0.042969
544	-0.312500	0.091797
545	-0.335938	-0.152344
546	-0.369141	-0.130859
547	-0.359375	0.115234
548	-0.333984	0.000000
549	-0.378906	0.082031
550	-0.347656	0.011719
551	-0.363281	-0.050781
552	-0.363281	0.072266
553	-0.371094	0.087891
554	-0.369141	-0.029297
555	-0.392578	-0.111328
556	-0.341797	-0.048828
557	-0.357422	0.085938
558	-0.357422	0.037109
559	-0.363281	0.158203
560	-0.359375	0.068359
561	-0.347656	-0.056641
562	-0.335938	-0.025391
563	-0.369141	0.005859
564	-0.373047	-0.056641
565	-0.363281	-0.111328
566	-0.361328	0.046875
567	-0.328125	0.082031
568	-0.365234	-0.140625
569	-0.341797	0.003906
570	-0.388672	-0.023438
571	-0.353516	0.062500
572	-0.292969	-0.050781
573	-0.333984	-0.128906
574	-0.384766	0.076172
575	-0.365234	-0.025391
576	-0.365234	0.076172
577	-0.347656	-0.082031
578	-0.291016	0.074219
579	-0.349609	-0.031250
580	-0.357422	0.152344
581	-0.302734	-0.027344
582	-0.333984	-0.003906
583	-0.302734	0.029297
584	-0.308594	0.001953
585	-0.351563	-0.005859
586	-0.382813	0.033203
587	-0.408203	0.097656
588	-0.337891	-0.007813
589	-0.367188	-0.007813
590	-0.298828	0.066406
591	-0.380859	0.126953
592	-0.339844	-0.056641
593	-0.400391	0.132813
594	-0.359375	-0.062500
595	-0.359375	0.074219
596	-0.304688	-0.072266
597	-0.376953	-0.042969
598	-0.406250	-0.005859
599	-0.369141	0.029297
600	-0.392578	-0.025391
601	-0.417969	-0.115234
602	-0.339844	0.001953
603	-0.373047	0.029297
604	-0.380859	0.031250
605	-0.369141	-0.056641
606	-0.380859	-0.031250
607	-0.345703	0.070313
608	-0.330078	0.103516
609	-0.310547	-0.056641
610	-0.316406	0.041016
611	-0.339844	0.009766
612	-0.341797	-0.097656
613	-0.322266	0.119141
614	-0.339844	0.052734
615	-0.349609	-0.017578
616	-0.359375	0.003906
617	-0.330078	0.062500
618	-0.289063	-0.101563
619	-0.359375	-0.025391
620	-0.335938	-0.130859
621	-0.343750	0.003906
622	-0.318359	0.080078
623	-0.347656	-0.003906
624	-0.376953	-0.166016
625	-0.349609	-0.021484
626	-0.408203	-0.044922
627	-0.324219	0.076172
628	-0.382813	-0.058594
629	-0.337891	0.007813
630	-0.367188	0.033203
631	-0.408203	0.064453
632	-0.361328	0.052734
633	-0.369141	0.015625
634	-0.429688	-0.007813
635	-0.386719	-0.052734
636	-0.339844	0.087891
637	-0.361328	-0.078125
638	-0.333984	0.070313
639	-0.304688	-0.109375
640	-0.330078	0.259766
641	-0.384766	0.212891
642	-0.324219	-0.054688
643	-0.392578	-0.080078
644	-0.351563	0.005859
645	-0.390625	0.103516
646	-0.314453	0.009766
647	-0.382813	0.087891
648	-0.324219	-0.029297
649	-0.287109	-0.083984
650	-0.378906	0.003906
651	-0.398438	-0.087891
652	-0.343750	-0.044922
653	-0.353516	0.068359
654	-0.326172	0.021484
655	-0.324219	-0.093750
656	-0.341797	-0.126953
657	-0.343750	-0.091797
658	-0.335938	0.019531
659	-0.316406	0.033203
660	-0.351563	0.029297
661	-0.316406	0.060547
662	-0.339844	-0.011719
663	-0.314453	0.097656
664	-0.263672	0.042969
665	-0.326172	0.015625
666	-0.388672	-0.099609
667	-0.347656	0.101563
668	-0.371094	-0.023438
669	-0.369141	-0.082031
670	-0.341797	-0.095703
671	-0.298828	0.021484
672	-0.390625	0.082031
673	-0.341797	0.082031
674	-0.330078	-0.121094
675	-0.320313	-0.095703
676	-0.390625	-0.259766
677	-0.320313	-0.072266
678	-0.328125	-0.037109
679	-0.312500	0.150391
680	-0.412109	-0.087891
681	-0.312500	-0.058594
682	-0.314453	0.058594
683	-0.365234	-0.011719
684	-0.330078	0.042969
685	-0.359375	0.101563
686	-0.308594	-0.009766
687	-0.369141	0.017578
688	-0.330078	0.050781
689	-0.289063	-0.017578
690	-0.308594	0.033203
691	-0.345703	-0.070313
692	-0.357422	0.117188
693	-0.369141	-0.027344
694	-0.375000	0.060547
695	-0.316406	-0.013672
696	-0.310547	-0.169922
697	-0.332031	0.007813
698	-0.314453	0.052734
699	-0.291016	0.017578
700	-0.337891	-0.015625
701	-0.341797	-0.085938
702	-0.316406	0.058594
703	-0.353516	0.039063
704	-0.363281	0.011719
705	-0.312500	-0.103516
706	-0.369141	0.005859
707	-0.378906	-0.005859
708	-0.353516	0.017578
709	-0.343750	-0.039063
710	-0.332031	0.035156
711	-0.367188	0.062500
712	-0.306641	0.015625
713	-0.367188	0.029297
714	-0.388672	0.029297
715	-0.308594	0.167969
716	-0.375000	-0.142578
717	-0.378906	0.134766
718	-0.341797	-0.015625
719	-0.312500	0.089844
720	-0.359375	0.060547
721	-0.308594	0.128906
722	-0.369141	-0.058594
723	-0.318359	-0.167969
724	-0.324219	-0.025391
725	-0.335938	0.091797
726	-0.351563	0.076172
727	-0.333984	-0.087891
728	-0.339844	-0.058594
729	-0.357422	-0.136719
730	-0.332031	-0.068359
731	-0.353516	0.019531
732	-0.376953	-0.150391
733	-0.369141	0.123047
734	-0.408203	0.093750
735	-0.355469	0.150391
736	-0.355469	0.121094
737	-0.332031	-0.015625
738	-0.347656	-0.097656
739	-0.353516	-0.054688
740	-0.421875	0.072266
741	-0.343750	-0.003906
742	-0.396484	-0.113281
743	-0.330078	-0.021484
744	-0.349609	0.166016
745	-0.306641	0.080078
746	-0.330078	0.070313
747	-0.357422	0.000000
748	-0.337891	-0.035156
749	-0.353516	-0.039063
750	-0.345703	0.029297
751	-0.384766	-0.033203
752	-0.347656	-0.138672
753	-0.318359	-0.013672
754	-0.326172	0.044922
755	-0.355469	-0.029297
756	-0.382813	-0.001953
757	-0.345703	0.113281
758	-0.380859	-0.158203
759	-0.337891	0.021484
760	-0.390625	0.044922
761	-0.347656	-0.111328
762	-0.353516	0.000000
763	-0.380859	-0.023438
764	-0.361328	0.132813
765	-0.355469	0.056641
766	-0.363281	0.082031
767	-0.363281	0.056641
768	-0.361328	-0.027344
769	-0.345703	0.029297
770	-0.367188	-0.035156
771	-0.335938	-0.009766
772	-0.320313	0.062500
773	-0.353516	0.005859
774	-0.375000	-0.011719
775	-0.380859	-0.013672
776	-0.326172	-0.017578
777	-0.335938	-0.091797
778	-0.333984	-0.029297
779	-0.318359	-0.035156
780	-0.318359	-0.021484
781	-0.359375	0.105469
782	-0.361328	0.097656
783	-0.298828	0.146484
784	-0.373047	0.056641
785	-0.359375	-0.025391
786	-0.322266	-0.062500
787	-0.312500	0.027344
788	-0.404297	-0.083984
789	-0.373047	0.117188
790	-0.363281	-0.099609
791	-0.310547	-0.007813
792	-0.326172	-0.046875
793	-0.363281	0.048828
794	-0.339844	0.082031
795	-0.345703	-0.117188
796	-0.367188	-0.109375
797	-0.400391	-0.113281
798	-0.357422	0.070313
799	-0.375000	-0.041016
800	-0.353516	0.064453
801	-0.369141	0.021484
802	-0.337891	-0.021484
803	-0.341797	0.041016
804	-0.316406	0.078125
805	-0.333984	-0.027344
806	-0.345703	0.052734
807	-0.339844	-0.089844
808	-0.339844	0.121094
809	-0.333984	0.107422
810	-0.347656	-0.080078
811	-0.357422	0.056641
812	-0.339844	0.113281
813	-0.332031	-0.031250
814	-0.310547	-0.109375
815	-0.367188	0.025391
816	-0.353516	0.011719
817	-0.337891	0.115234
818	-0.345703	0.005859
819	-0.378906	0.093750
820	-0.386719	0.062500
821	-0.320313	-0.085938
822	-0.339844	-0.072266
823	-0.349609	-0.005859
824	-0.343750	0.027344
825	-0.369141	0.029297
826	-0.333984	0.085938
827	-0.333984	0.089844
828	-0.343750	0.000000
829	-0.355469	0.080078
830	-0.294922	0.064453
831	-0.357422	0.154297
832	-0.310547	-0.101563
833	-0.425781	-0.167969
834	-0.390625	-0.066406
835	-0.361328	0.046875
836	-0.371094	-0.005859
837	-0.316406	0.025391
838	-0.333984	0.039063
839	-0.365234	0.117188
840	-0.291016	-0.273438
841	-0.369141	0.037109
842	-0.378906	-0.046875
843	-0.326172	-0.044922
844	-0.339844	0.060547
845	-0.322266	-0.019531
846	-0.400391	-0.050781
847	-0.326172	-0.056641
848	-0.308594	-0.050781
849	-0.312500	-0.015625
850	-0.308594	-0.074219
851	-0.314453	-0.066406
852	-0.314453	-0.097656
853	-0.353516	-0.113281
854	-0.318359	-0.021484
855	-0.341797	-0.015625
856	-0.318359	-0.021484
857	-0.375000	-0.021484
858	-0.378906	-0.074219
859	-0.339844	0.080078
860	-0.363281	-0.130859
861	-0.378906	0.033203
862	-0.337891	-0.001953
863	-0.375000	0.158203
864	-0.353516	0.128906
865	-0.396484	-0.193359
866	-0.402344	-0.054688
867	-0.382813	0.064453
868	-0.351563	-0.070313
869	-0.333984	0.044922
870	-0.353516	-0.041016
871	-0.328125	0.000000
872	-0.308594	0.074219
873	-0.308594	0.033203
874	-0.335938	0.042969
875	-0.355469	0.056641
876	-0.333984	0.044922
877	-0.316406	0.113281
878	-0.328125	-0.025391
879	-0.386719	-0.078125
880	-0.310547	0.001953
881	-0.330078	-0.097656
882	-0.371094	-0.035156
883	-0.306641	0.044922
884	-0.322266	-0.089844
885	-0.349609	-0.169922
886	-0.308594	-0.042969
887	-0.402344	0.056641
888	-0.373047	-0.005859
889	-0.396484	-0.087891
890	-0.328125	0.068359
891	-0.349609	0.052734
892	-0.351563	-0.064453
893	-0.304688	0.066406
894	-0.339844	0.150391
895	-0.384766	-0.154297
896	-0.363281	0.048828
897	-0.369141	-0.082031
898	-0.332031	-0.009766
899	-0.367188	0.140625
900	-0.333984	0.029297
901	-0.404297	-0.175781
902	-0.339844	-0.060547
903	-0.369141	0.035156
904	-0.322266	-0.091797
905	-0.322266	-0.119141
906	-0.376953	-0.167969
907	-0.291016	-0.041016
908	-0.289063	0.105469
909	-0.333984	-0.005859
910	-0.345703	0.019531
911	-0.365234	-0.060547
912	-0.361328	0.095703
913	-0.365234	-0.173828
914	-0.363281	-0.039063
915	-0.335938	0.021484
916	-0.324219	-0.064453
917	-0.380859	-0.085938
918	-0.365234	0.041016
919	-0.384766	0.154297
920	-0.312500	0.089844
921	-0.380859	0.070313
922	-0.369141	0.041016
923	-0.355469	-0.037109
924	-0.345703	0.099609
925	-0.382813	0.062500
926	-0.294922	-0.035156
927	-0.347656	0.074219
928	-0.369141	0.005859
929	-0.337891	0.037109
930	-0.371094	-0.005859
931	-0.294922	-0.058594
932	-0.332031	0.134766
933	-0.326172	0.046875
934	-0.318359	0.035156
935	-0.312500	-0.029297
936	-0.292969	-0.117188
937	-0.296875	-0.019531
938	-0.337891	0.025391
939	-0.324219	0.064453
940	-0.339844	-0.111328
941	-0.339844	-0.029297
942	-0.394531	0.115234
943	-0.376953	0.128906
944	-0.421875	0.017578
945	-0.326172	-0.041016
946	-0.324219	-0.048828
947	-0.341797	-0.123047
948	-0.392578	0.027344
949	-0.365234	-0.083984
950	-0.335938	0.099609
951	-0.306641	0.109375
952	-0.312500	0.085938
953	-0.316406	-0.072266
954	-0.396484	0.054688
955	-0.355469	0.138672
956	-0.367188	0.021484
957	-0.333984	-0.126953
958	-0.337891	0.000000
959	-0.337891	0.009766
960	-0.273438	0.019531
961	-0.355469	0.003906
962	-0.353516	-0.001953
963	-0.345703	-0.146484
964	-0.357422	-0.078125
965	-0.343750	-0.074219
966	-0.378906	0.044922
967	-0.353516	-0.035156
968	-0.345703	0.058594
969	-0.355469	-0.058594
970	-0.332031	0.041016
971	-0.355469	-0.001953
972	-0.380859	-0.019531
973	-0.298828	-0.130859
974	-0.291016	0.001953
975	-0.351563	0.070313
976	-0.341797	0.070313
977	-0.365234	0.074219
978	-0.363281	-0.164063
979	-0.347656	-0.025391
980	-0.341797	0.025391
981	-0.320313	0.103516
982	-0.369141	0.091797
983	-0.306641	-0.050781
984	-0.398438	0.046875
985	-0.353516	0.109375
986	-0.341797	0.025391
987	-0.363281	-0.101563
988	-0.359375	-0.001953
989	-0.349609	0.089844
990	-0.322266	-0.123047
991	-0.322266	0.005859
992	-0.380859	0.054688
993	-0.371094	0.111328
994	-0.392578	-0.015625
995	-0.345703	0.037109
996	-0.322266	0.035156
997	-0.345703	-0.105469
998	-0.419922	-0.111328
999	-0.312500	-0.060547
