0	-0.980469	-0.990234
1	-1.000000	-1.000000
2	-1.000000	-1.000000
3	-0.996094	-0.998047
4	-0.996094	-0.998047
5	-0.992188	-0.996094
6	-0.994141	-0.996094
7	-0.988281	-0.994141
8	-0.988281	-0.992188
9	-0.992188	-0.996094
10	-0.984375	-0.992188
11	-0.976563	-0.988281
12	-0.996094	-0.998047
13	-0.988281	-0.994141
14	-0.990234	-0.994141
15	-0.994141	-0.996094
16	-0.992188	-0.996094
17	-0.984375	-0.990234
18	-0.992188	-0.996094
19	-0.992188	-0.996094
20	-0.982422	-0.990234
21	-0.996094	-0.998047
22	-0.996094	-0.998047
23	-0.996094	-0.998047
24	-0.996094	-0.998047
25	-0.984375	-0.992188
26	-0.988281	-0.994141
27	-0.984375	-0.992188
28	-0.984375	-0.992188
29	-0.988281	-0.994141
30	-0.992188	-0.996094
31	-0.996094	-0.998047
32	-0.996094	-0.998047
33	-1.000000	-1.000000
34	-0.996094	-0.998047
35	-0.996094	-0.998047
36	-0.986328	-0.992188
37	-0.988281	-0.994141
38	-0.992188	-0.996094
39	-0.986328	-0.992188
40	-0.988281	-0.994141
41	-0.980469	-0.990234
42	-0.988281	-0.994141
43	-0.988281	-0.994141
44	-1.000000	-1.000000
45	-0.980469	-0.990234
46	-0.996094	-0.998047
47	-0.988281	-0.994141
48	-0.992188	-0.996094
49	-0.986328	-0.992188
50	-0.996094	-0.998047
51	-0.986328	-0.992188
52	-0.996094	-0.998047
53	-0.996094	-0.998047
54	-0.976563	-0.988281
55	-0.992188	-0.996094
56	-1.000000	-1.000000
57	-0.996094	-0.998047
58	-1.000000	-1.000000
59	-0.992188	-0.996094
60	-0.992188	-0.996094
61	-0.994141	-0.996094
62	-0.982422	-0.990234
63	-0.996094	-0.998047
64	-0.988281	-0.994141
65	-1.000000	-1.000000
66	-0.986328	-0.992188
67	-0.996094	-0.998047
68	-0.996094	-0.998047
69	-0.988281	-0.994141
70	-0.988281	-0.994141
71	-0.992188	-0.996094
72	-1.000000	-1.000000
73	-0.992188	-0.996094
74	-0.978516	-0.988281
75	-0.992188	-0.996094
76	-0.996094	-0.998047
77	-0.992188	-0.996094
78	-0.988281	-0.994141
79	-0.992188	-0.996094
80	-0.996094	-0.998047
81	-0.996094	-0.998047
82	-0.980469	-0.990234
83	-0.992188	-0.996094
84	-0.990234	-0.994141
85	-0.988281	-0.994141
86	-0.996094	-0.998047
87	-0.996094	-0.998047
88	-0.992188	-0.996094
89	-0.982422	-0.990234
90	-1.000000	-1.000000
91	-0.992188	-0.996094
92	-0.996094	-0.998047
93	-1.000000	-1.000000
94	-1.000000	-1.000000
95	-0.996094	-0.998047
96	-0.996094	-0.998047
97	-0.996094	-0.998047
98	-0.996094	-0.998047
99	-0.996094	-0.998047
100	-0.996094	-0.998047
101	-0.996094	-0.998047
102	-0.982422	-0.990234
103	-0.996094	-0.998047
104	-0.992188	-0.996094
105	-0.996094	-0.998047
106	-0.996094	-0.998047
107	-1.000000	-1.000000
108	-0.988281	-0.994141
109	-1.000000	-1.000000
110	-0.992188	-0.996094
111	-0.996094	-0.998047
112	-1.000000	-1.000000
113	-0.996094	-0.998047
114	-1.000000	-1.000000
115	-0.986328	-0.992188
116	-0.996094	-0.998047
117	-0.992188	-0.996094
118	-0.986328	-0.992188
119	-0.994141	-0.996094
120	-0.992188	-0.996094
121	-1.000000	-1.000000
122	-0.988281	-0.994141
123	-0.990234	-0.994141
124	-1.000000	-1.000000
125	-0.974609	-0.986328
126	-0.986328	-0.992188
127	-0.992188	-0.996094
128	-0.980469	-0.990234
129	-0.988281	-0.994141
130	-0.992188	-0.996094
131	-0.992188	-0.996094
132	-0.996094	-0.998047
133	-0.990234	-0.994141
134	-0.992188	-0.996094
135	-1.000000	-1.000000
136	-1.000000	-1.000000
137	-0.994141	-0.996094
138	-0.996094	-0.998047
139	-0.992188	-0.996094
140	-0.996094	-0.998047
141	-0.994141	-0.996094
142	-0.994141	-0.996094
143	-1.000000	-1.000000
144	-0.996094	-0.998047
145	-0.992188	-0.996094
146	-0.996094	-0.998047
147	-0.992188	-0.996094
148	-0.992188	-0.996094
149	-0.992188	-0.996094
150	-0.980469	-0.990234
151	-0.996094	-0.998047
152	-0.992188	-0.996094
153	-0.996094	-0.998047
154	-0.984375	-0.992188
155	-0.992188	-0.996094
156	-0.996094	-0.998047
157	-0.992188	-0.996094
158	-0.996094	-0.998047
159	-1.000000	-1.000000
160	-1.000000	-1.000000
161	-0.992188	-0.996094
162	-0.996094	-0.998047
163	-0.996094	-0.998047
164	-0.992188	-0.996094
165	-0.990234	-0.994141
166	-0.992188	-0.996094
167	-0.986328	-0.992188
168	-0.996094	-0.998047
169	-0.996094	-0.998047
170	-0.988281	-0.994141
171	-0.992188	-0.996094
172	-0.994141	-0.996094
173	-0.992188	-0.996094
174	-0.996094	-0.998047
175	-0.978516	-0.986328
176	-0.992188	-0.996094
177	-0.992188	-0.996094
178	-0.988281	-0.994141
179	-0.978516	-0.988281
180	-0.988281	-0.994141
181	-0.990234	-0.994141
182	-0.988281	-0.994141
183	-0.988281	-0.994141
184	-0.988281	-0.994141
185	-0.986328	-0.992188
186	-0.992188	-0.996094
187	-1.000000	-1.000000
188	-0.996094	-0.998047
189	-0.994141	-0.996094
190	-0.992188	-0.996094
191	-0.980469	-0.990234
192	-0.984375	-0.992188
193	-1.000000	-1.000000
194	-0.988281	-0.994141
195	-0.996094	-0.998047
196	-0.990234	-0.994141
197	-0.992188	-0.996094
198	-0.996094	-0.998047
199	-1.000000	-1.000000
200	-1.000000	-1.000000
201	-0.992188	-0.996094
202	-0.996094	-0.998047
203	-1.000000	-1.000000
204	-0.988281	-0.994141
205	-0.978516	-0.988281
206	-0.992188	-0.996094
207	-0.992188	-0.996094
208	-0.992188	-0.996094
209	-0.996094	-0.998047
210	-0.996094	-0.998047
211	-0.992188	-0.996094
212	-0.988281	-0.994141
213	-0.992188	-0.996094
214	-0.992188	-0.996094
215	-0.996094	-0.998047
216	-0.996094	-0.998047
217	-0.990234	-0.994141
218	-1.000000	-1.000000
219	-0.990234	-0.994141
220	-1.000000	-1.000000
221	-0.996094	-0.998047
222	-0.994141	-0.996094
223	-0.996094	-0.998047
224	-1.000000	-1.000000
225	-0.992188	-0.996094
226	-0.986328	-0.992188
227	-0.992188	-0.996094
228	-0.996094	-0.998047
229	-0.984375	-0.992188
230	-0.984375	-0.992188
231	-0.996094	-0.998047
232	-0.996094	-0.998047
233	-0.996094	-0.998047
234	-0.990234	-0.994141
235	-0.992188	-0.996094
236	-1.000000	-1.000000
237	-0.996094	-0.998047
238	-0.992188	-0.996094
239	-0.988281	-0.994141
240	-0.984375	-0.992188
241	-0.992188	-0.996094
242	-0.988281	-0.994141
243	-0.994141	-0.996094
244	-0.990234	-0.994141
245	-0.978516	-0.988281
246	-0.982422	-0.990234
247	-0.986328	-0.992188
248	-1.000000	-1.000000
249	-0.990234	-0.994141
250	-0.988281	-0.994141
251	-0.988281	-0.994141
252	-1.000000	-1.000000
253	-0.988281	-0.994141
254	-0.994141	-0.996094
255	-1.000000	-1.000000
256	-0.994141	-0.996094
257	-1.000000	-1.000000
258	-0.992188	-0.996094
259	-0.996094	-0.998047
260	-0.992188	-0.996094
261	-0.990234	-0.994141
262	-0.996094	-0.998047
263	-0.996094	-0.998047
264	-0.994141	-0.996094
265	-0.992188	-0.996094
266	-0.984375	-0.992188
267	-0.992188	-0.996094
268	-0.996094	-0.998047
269	-0.984375	-0.992188
270	-0.992188	-0.996094
271	-0.988281	-0.994141
272	-0.982422	-0.990234
273	-0.984375	-0.992188
274	-0.988281	-0.994141
275	-0.982422	-0.990234
276	-0.984375	-0.992188
277	-0.994141	-0.996094
278	-0.990234	-0.994141
279	-0.988281	-0.994141
280	-0.992188	-0.996094
281	-1.000000	-1.000000
282	-0.990234	-0.994141
283	-0.992188	-0.996094
284	-0.996094	-0.998047
285	-0.982422	-0.990234
286	-1.000000	-1.000000
287	-0.992188	-0.996094
288	-0.980469	-0.990234
289	-0.990234	-0.994141
290	-0.992188	-0.996094
291	-0.988281	-0.994141
292	-0.988281	-0.994141
293	-1.000000	-1.000000
294	-0.992188	-0.996094
295	-0.992188	-0.996094
296	-0.992188	-0.996094
297	-0.996094	-0.998047
298	-1.000000	-1.000000
299	-0.996094	-0.998047
300	-0.984375	-0.992188
301	-0.980469	-0.990234
302	-0.992188	-0.996094
303	-1.000000	-1.000000
304	-0.992188	-0.996094
305	-1.000000	-1.000000
306	-0.996094	-0.998047
307	-0.996094	-0.998047
308	-0.988281	-0.994141
309	-0.996094	-0.998047
310	-0.996094	-0.998047
311	-0.982422	-0.990234
312	-0.996094	-0.998047
313	-0.996094	-0.998047
314	-0.996094	-0.998047
315	-0.996094	-0.998047
316	-0.990234	-0.994141
317	-0.996094	-0.998047
318	-1.000000	-1.000000
319	-0.992188	-0.996094
320	-0.992188	-0.996094
321	-0.992188	-0.996094
322	-0.996094	-0.998047
323	-1.000000	-1.000000
324	-0.988281	-0.994141
325	-1.000000	-1.000000
326	-0.986328	-0.992188
327	-0.992188	-0.996094
328	-1.000000	-1.000000
329	-0.986328	-0.992188
330	-0.984375	-0.992188
331	-1.000000	-1.000000
332	-0.990234	-0.994141
333	-0.996094	-0.998047
334	-0.996094	-0.998047
335	-0.992188	-0.996094
336	-0.988281	-0.990234
337	-0.996094	-0.998047
338	-0.992188	-0.996094
339	-0.996094	-0.998047
340	-0.996094	-0.998047
341	-0.996094	-0.998047
342	-0.988281	-0.994141
343	-0.988281	-0.994141
344	-0.984375	-0.992188
345	-1.000000	-1.000000
346	-0.990234	-0.994141
347	-0.988281	-0.994141
348	-0.992188	-0.996094
349	-0.996094	-0.998047
350	-0.988281	-0.994141
351	-0.988281	-0.994141
352	-0.984375	-0.992188
353	-0.992188	-0.996094
354	-0.992188	-0.996094
355	-0.992188	-0.996094
356	-1.000000	-1.000000
357	-0.988281	-0.994141
358	-0.992188	-0.996094
359	-0.996094	-0.998047
360	-0.988281	-0.994141
361	-0.996094	-0.998047
362	-0.992188	-0.996094
363	-0.992188	-0.996094
364	-0.992188	-0.996094
365	-0.992188	-0.996094
366	-0.992188	-0.996094
367	-0.996094	-0.998047
368	-0.988281	-0.994141
369	-0.992188	-0.996094
370	-0.992188	-0.996094
371	-0.986328	-0.992188
372	-1.000000	-1.000000
373	-0.992188	-0.996094
374	-0.992188	-0.996094
375	-0.992188	-0.996094
376	-0.996094	-0.998047
377	-0.996094	-0.998047
378	-0.988281	-0.994141
379	-1.000000	-1.000000
380	-1.000000	-1.000000
381	-0.996094	-0.998047
382	-0.996094	-0.998047
383	-1.000000	-1.000000
384	-1.000000	-1.000000
385	-0.968750	-0.984375
386	-0.984375	-0.992188
387	-0.988281	-0.994141
388	-0.996094	-0.998047
389	-1.000000	-1.000000
390	-0.988281	-0.994141
391	-1.000000	-1.000000
392	-0.992188	-0.996094
393	-0.996094	-0.998047
394	-1.000000	-1.000000
395	-0.984375	-0.992188
396	-0.996094	-0.998047
397	-0.996094	-0.998047
398	-0.988281	-0.994141
399	-0.992188	-0.996094
400	-0.990234	-0.994141
401	-0.996094	-0.998047
402	-0.996094	-0.998047
403	-0.990234	-0.994141
404	-1.000000	-1.000000
405	-0.992188	-0.996094
406	-0.996094	-0.998047
407	-1.000000	-1.000000
408	-0.994141	-0.996094
409	-0.982422	-0.990234
410	-0.992188	-0.996094
411	-0.996094	-0.998047
412	-0.992188	-0.996094
413	-1.000000	-1.000000
414	-1.000000	-1.000000
415	-0.982422	-0.990234
416	-0.992188	-0.996094
417	-0.990234	-0.994141
418	-0.996094	-0.998047
419	-0.986328	-0.992188
420	-0.994141	-0.996094
421	-0.996094	-0.998047
422	-0.988281	-0.994141
423	-0.988281	-0.994141
424	-1.000000	-1.000000
425	-1.000000	-1.000000
426	-0.996094	-0.998047
427	-1.000000	-1.000000
428	-0.992188	-0.996094
429	-0.992188	-0.996094
430	-0.996094	-0.998047
431	-1.000000	-1.000000
432	-1.000000	-1.000000
433	-0.978516	-0.988281
434	-0.996094	-0.998047
435	-0.996094	-0.998047
436	-0.996094	-0.998047
437	-0.992188	-0.996094
438	-0.996094	-0.998047
439	-1.000000	-1.000000
440	-1.000000	-1.000000
441	-0.988281	-0.994141
442	-0.996094	-0.998047
443	-0.992188	-0.996094
444	-0.988281	-0.994141
445	-0.996094	-0.998047
446	-0.984375	-0.992188
447	-1.000000	-1.000000
448	-0.990234	-0.994141
449	-0.988281	-0.994141
450	-0.988281	-0.992188
451	-0.996094	-0.998047
452	-0.996094	-0.998047
453	-0.982422	-0.990234
454	-0.984375	-0.992188
455	-0.990234	-0.994141
456	-0.984375	-0.992188
457	-1.000000	-1.000000
458	-0.992188	-0.996094
459	-0.992188	-0.996094
460	-1.000000	-1.000000
461	-0.988281	-0.994141
462	-0.996094	-0.998047
463	-1.000000	-1.000000
464	-0.992188	-0.996094
465	-0.992188	-0.996094
466	-0.982422	-0.990234
467	-0.996094	-0.998047
468	-1.000000	-1.000000
469	-0.984375	-0.992188
470	-0.992188	-0.996094
471	-1.000000	-1.000000
472	-0.984375	-0.992188
473	-0.996094	-0.998047
474	-0.980469	-0.990234
475	-1.000000	-1.000000
476	-0.996094	-0.998047
477	-0.990234	-0.994141
478	-1.000000	-1.000000
479	-0.984375	-0.992188
480	-0.984375	-0.992188
481	-0.992188	-0.996094
482	-1.000000	-1.000000
483	-0.988281	-0.994141
484	-0.996094	-0.998047
485	-1.000000	-1.000000
486	-0.992188	-0.996094
487	-0.990234	-0.994141
488	-0.992188	-0.996094
489	-0.982422	-0.990234
490	-0.992188	-0.996094
491	-0.988281	-0.994141
492	-0.988281	-0.992188
493	-0.996094	-0.998047
494	-0.986328	-0.992188
495	-0.988281	-0.992188
496	-0.984375	-0.992188
497	-0.984375	-0.992188
498	-1.000000	-1.000000
499	-0.992188	-0.996094
500	-0.984375	-0.992188
501	-0.996094	-0.998047
502	-0.992188	-0.996094
503	-0.988281	-0.994141
504	-0.988281	-0.994141
505	-0.984375	-0.988281
506	-0.996094	-0.998047
507	-0.990234	-0.994141
508	-0.984375	-0.992188
509	-0.988281	-0.994141
510	-0.992188	-0.996094
511	-0.984375	-0.992188
512	-0.996094	-0.998047
513	-0.990234	-0.994141
514	-0.986328	-0.992188
515	-0.996094	-0.998047
516	-0.990234	-0.994141
517	-1.000000	-1.000000
518	-0.992188	-0.996094
519	-0.992188	-0.996094
520	-0.988281	-0.994141
521	-0.984375	-0.992188
522	-0.996094	-0.998047
523	-0.996094	-0.998047
524	-0.992188	-0.992188
525	-0.996094	-0.998047
526	-0.988281	-0.994141
527	-0.996094	-0.998047
528	-0.992188	-0.996094
529	-0.992188	-0.996094
530	-0.992188	-0.996094
531	-0.992188	-0.996094
532	-0.992188	-0.996094
533	-0.992188	-0.996094
534	-0.996094	-0.998047
535	-1.000000	-1.000000
536	-1.000000	-1.000000
537	-0.996094	-0.998047
538	-1.000000	-1.000000
539	-0.984375	-0.992188
540	-0.996094	-0.998047
541	-0.988281	-0.994141
542	-0.992188	-0.996094
543	-1.000000	-1.000000
544	-0.996094	-0.998047
545	-0.996094	-0.998047
546	-0.982422	-0.990234
547	-0.992188	-0.996094
548	-1.000000	-1.000000
549	-0.992188	-0.996094
550	-0.992188	-0.996094
551	-0.992188	-0.996094
552	-0.996094	-0.998047
553	-0.996094	-0.998047
554	-0.988281	-0.994141
555	-0.996094	-0.998047
556	-0.988281	-0.994141
557	-0.992188	-0.996094
558	-1.000000	-1.000000
559	-0.996094	-0.998047
560	-0.996094	-0.998047
561	-0.980469	-0.988281
562	-0.990234	-0.994141
563	-0.996094	-0.998047
564	-0.988281	-0.994141
565	-0.996094	-0.998047
566	-0.992188	-0.996094
567	-0.988281	-0.994141
568	-0.990234	-0.994141
569	-0.996094	-0.998047
570	-0.988281	-0.994141
571	-0.992188	-0.996094
572	-0.996094	-0.998047
573	-0.984375	-0.992188
574	-0.986328	-0.992188
575	-0.984375	-0.992188
576	-0.996094	-0.998047
577	-1.000000	-1.000000
578	-0.986328	-0.992188
579	-0.996094	-0.998047
580	-0.992188	-0.996094
581	-0.992188	-0.996094
582	-0.986328	-0.992188
583	-0.996094	-0.998047
584	-0.992188	-0.996094
585	-0.988281	-0.994141
586	-1.000000	-1.000000
587	-0.988281	-0.994141
588	-0.992188	-0.996094
589	-0.996094	-0.998047
590	-0.978516	-0.978516
591	-0.988281	-0.994141
592	-0.992188	-0.996094
593	-0.988281	-0.994141
594	-0.996094	-0.998047
595	-0.996094	-0.998047
596	-0.984375	-0.992188
597	-0.992188	-0.996094
598	-0.992188	-0.996094
599	-0.990234	-0.994141
600	-1.000000	-1.000000
601	-0.996094	-0.998047
602	-0.996094	-0.998047
603	-0.988281	-0.994141
604	-1.000000	-1.000000
605	-0.996094	-0.998047
606	-0.992188	-0.996094
607	-0.992188	-0.996094
608	-0.996094	-0.998047
609	-0.988281	-0.994141
610	-1.000000	-1.000000
611	-0.996094	-0.998047
612	-0.996094	-0.998047
613	-1.000000	-1.000000
614	-1.000000	-1.000000
615	-1.000000	-1.000000
616	-1.000000	-1.000000
617	-0.992188	-0.996094
618	-1.000000	-1.000000
619	-0.992188	-0.996094
620	-0.996094	-0.998047
621	-1.000000	-1.000000
622	-0.996094	-0.998047
623	-0.996094	-0.998047
624	-0.992188	-0.996094
625	-1.000000	-1.000000
626	-0.984375	-0.992188
627	-0.992188	-0.996094
628	-0.996094	-0.998047
629	-0.992188	-0.996094
630	-0.980469	-0.990234
631	-0.988281	-0.992188
632	-0.996094	-0.998047
633	-0.986328	-0.992188
634	-1.000000	-1.000000
635	-1.000000	-1.000000
636	-0.996094	-0.998047
637	-0.996094	-0.998047
638	-0.984375	-0.992188
639	-0.994141	-0.996094
640	-0.996094	-0.998047
641	-1.000000	-1.000000
642	-0.996094	-0.998047
643	-0.988281	-0.994141
644	-1.000000	-1.000000
645	-0.986328	-0.992188
646	-0.990234	-0.994141
647	-0.996094	-0.998047
648	-0.992188	-0.996094
649	-0.996094	-0.998047
650	-0.992188	-0.996094
651	-0.992188	-0.996094
652	-0.992188	-0.996094
653	-1.000000	-1.000000
654	-0.996094	-0.998047
655	-0.988281	-0.994141
656	-0.972656	-0.986328
657	-0.986328	-0.992188
658	-0.990234	-0.994141
659	-0.992188	-0.996094
660	-1.000000	-1.000000
661	-0.990234	-0.994141
662	-1.000000	-1.000000
663	-0.984375	-0.992188
664	-1.000000	-1.000000
665	-0.996094	-0.998047
666	-1.000000	-1.000000
667	-0.992188	-0.996094
668	-0.996094	-0.998047
669	-1.000000	-1.000000
670	-1.000000	-1.000000
671	-0.976563	-0.988281
672	-0.988281	-0.994141
673	-1.000000	-1.000000
674	-0.988281	-0.994141
675	-0.982422	-0.990234
676	-1.000000	-1.000000
677	-0.994141	-0.996094
678	-1.000000	-1.000000
679	-1.000000	-1.000000
680	-0.980469	-0.990234
681	-1.000000	-1.000000
682	-0.992188	-0.996094
683	-0.992188	-0.996094
684	-0.986328	-0.988281
685	-1.000000	-1.000000
686	-0.992188	-0.996094
687	-0.996094	-0.998047
688	-0.992188	-0.996094
689	-0.992188	-0.996094
690	-0.984375	-0.990234
691	-0.996094	-0.998047
692	-0.992188	-0.996094
693	-0.984375	-0.992188
694	-1.000000	-1.000000
695	-0.996094	-0.998047
696	-0.984375	-0.992188
697	-0.992188	-0.996094
698	-0.996094	-0.998047
699	-1.000000	-1.000000
700	-0.986328	-0.992188
701	-0.996094	-0.998047
702	-0.992188	-0.996094
703	-0.996094	-0.998047
704	-0.988281	-0.994141
705	-0.996094	-0.998047
706	-0.988281	-0.994141
707	-0.996094	-0.998047
708	-0.996094	-0.998047
709	-0.992188	-0.996094
710	-0.980469	-0.990234
711	-0.992188	-0.996094
712	-0.980469	-0.988281
713	-1.000000	-1.000000
714	-0.996094	-0.998047
715	-0.996094	-0.998047
716	-0.992188	-0.996094
717	-0.988281	-0.994141
718	-0.988281	-0.994141
719	-0.992188	-0.996094
720	-1.000000	-1.000000
721	-0.988281	-0.994141
722	-0.996094	-0.998047
723	-0.984375	-0.992188
724	-0.990234	-0.994141
725	-0.986328	-0.992188
726	-0.992188	-0.996094
727	-0.980469	-0.990234
728	-0.996094	-0.998047
729	-1.000000	-1.000000
730	-0.982422	-0.990234
731	-0.996094	-0.998047
732	-1.000000	-1.000000
733	-0.988281	-0.994141
734	-0.990234	-0.994141
735	-1.000000	-1.000000
736	-1.000000	-1.000000
737	-0.980469	-0.990234
738	-0.992188	-0.996094
739	-0.992188	-0.996094
740	-0.992188	-0.996094
741	-0.988281	-0.994141
742	-0.992188	-0.996094
743	-0.992188	-0.996094
744	-0.988281	-0.994141
745	-0.992188	-0.996094
746	-0.984375	-0.992188
747	-0.992188	-0.996094
748	-0.992188	-0.996094
749	-0.990234	-0.994141
750	-0.992188	-0.996094
751	-0.996094	-0.998047
752	-1.000000	-1.000000
753	-0.996094	-0.998047
754	-1.000000	-1.000000
755	-0.992188	-0.996094
756	-0.996094	-0.998047
757	-1.000000	-1.000000
758	-0.996094	-0.998047
759	-0.992188	-0.996094
760	-0.996094	-0.998047
761	-1.000000	-1.000000
762	-1.000000	-1.000000
763	-0.992188	-0.996094
764	-0.996094	-0.998047
765	-1.000000	-1.000000
766	-0.992188	-0.996094
767	-0.996094	-0.998047
768	-0.996094	-0.998047
769	-0.996094	-0.998047
770	-0.984375	-0.992188
771	-0.986328	-0.992188
772	-0.992188	-0.996094
773	-0.992188	-0.996094
774	-1.000000	-1.000000
775	-0.990234	-0.994141
776	-0.992188	-0.996094
777	-0.996094	-0.998047
778	-0.984375	-0.990234
779	-0.988281	-0.994141
780	-0.986328	-0.992188
781	-0.996094	-0.998047
782	-0.990234	-0.994141
783	-0.980469	-0.988281
784	-0.988281	-0.994141
785	-0.992188	-0.996094
786	-0.992188	-0.996094
787	-1.000000	-1.000000
788	-0.988281	-0.994141
789	-0.996094	-0.998047
790	-0.992188	-0.996094
791	-0.996094	-0.998047
792	-0.986328	-0.992188
793	-0.984375	-0.992188
794	-0.988281	-0.994141
795	-0.996094	-0.998047
796	-0.992188	-0.996094
797	-0.996094	-0.998047
798	-1.000000	-1.000000
799	-0.988281	-0.994141
800	-0.996094	-0.998047
801	-0.990234	-0.994141
802	-0.986328	-0.992188
803	-0.992188	-0.996094
804	-0.992188	-0.996094
805	-0.976563	-0.988281
806	-0.996094	-0.998047
807	-0.996094	-0.998047
808	-0.992188	-0.996094
809	-0.986328	-0.992188
810	-0.992188	-0.996094
811	-0.992188	-0.996094
812	-0.988281	-0.994141
813	-0.988281	-0.994141
814	-1.000000	-1.000000
815	-0.996094	-0.998047
816	-0.992188	-0.996094
817	-0.988281	-0.994141
818	-0.992188	-0.996094
819	-0.992188	-0.996094
820	-0.982422	-0.990234
821	-1.000000	-1.000000
822	-1.000000	-1.000000
823	-1.000000	-1.000000
824	-0.996094	-0.998047
825	-1.000000	-1.000000
826	-0.990234	-0.994141
827	-0.982422	-0.990234
828	-0.976563	-0.986328
829	-0.996094	-0.998047
830	-0.996094	-0.998047
831	-0.988281	-0.994141
832	-1.000000	-1.000000
833	-1.000000	-1.000000
834	-1.000000	-1.000000
835	-1.000000	-1.000000
836	-1.000000	-1.000000
837	-1.000000	-1.000000
838	-0.988281	-0.994141
839	-0.992188	-0.996094
840	-0.976563	-0.988281
841	-0.988281	-0.994141
842	-0.992188	-0.996094
843	-0.992188	-0.996094
844	-0.986328	-0.992188
845	-0.988281	-0.994141
846	-0.992188	-0.996094
847	-0.996094	-0.998047
848	-0.984375	-0.992188
849	-0.992188	-0.996094
850	-0.976563	-0.986328
851	-0.996094	-0.998047
852	-0.992188	-0.996094
853	-0.986328	-0.992188
854	-1.000000	-1.000000
855	-0.996094	-0.998047
856	-1.000000	-1.000000
857	-0.992188	-0.996094
858	-0.996094	-0.998047
859	-0.988281	-0.992188
860	-0.988281	-0.994141
861	-0.992188	-0.996094
862	-0.996094	-0.998047
863	-0.992188	-0.996094
864	-0.988281	-0.994141
865	-0.980469	-0.990234
866	-0.990234	-0.994141
867	-0.996094	-0.998047
868	-0.992188	-0.996094
869	-0.996094	-0.998047
870	-0.972656	-0.986328
871	-0.992188	-0.996094
872	-0.992188	-0.996094
873	-0.996094	-0.998047
874	-0.996094	-0.998047
875	-0.984375	-0.992188
876	-0.992188	-0.996094
877	-0.992188	-0.996094
878	-0.996094	-0.998047
879	-0.984375	-0.992188
880	-0.984375	-0.992188
881	-1.000000	-1.000000
882	-0.984375	-0.992188
883	-0.988281	-0.994141
884	-0.992188	-0.996094
885	-0.996094	-0.998047
886	-0.992188	-0.996094
887	-0.996094	-0.998047
888	-0.984375	-0.992188
889	-1.000000	-1.000000
890	-0.996094	-0.998047
891	-0.988281	-0.994141
892	-0.992188	-0.996094
893	-0.986328	-0.992188
894	-0.996094	-0.998047
895	-0.992188	-0.996094
896	-0.992188	-0.996094
897	-0.988281	-0.994141
898	-0.996094	-0.998047
899	-1.000000	-1.000000
900	-0.984375	-0.992188
901	-0.984375	-0.990234
902	-0.992188	-0.996094
903	-0.988281	-0.994141
904	-0.992188	-0.996094
905	-0.992188	-0.996094
906	-1.000000	-1.000000
907	-0.980469	-0.990234
908	-0.992188	-0.996094
909	-0.996094	-0.998047
910	-0.976563	-0.988281
911	-0.996094	-0.998047
912	-0.996094	-0.998047
913	-0.980469	-0.990234
914	-0.992188	-0.996094
915	-1.000000	-1.000000
916	-0.992188	-0.996094
917	-0.996094	-0.998047
918	-0.996094	-0.998047
919	-0.986328	-0.992188
920	-0.996094	-0.998047
921	-0.992188	-0.996094
922	-0.996094	-0.998047
923	-0.992188	-0.996094
924	-1.000000	-1.000000
925	-0.988281	-0.994141
926	-0.996094	-0.998047
927	-0.984375	-0.992188
928	-1.000000	-1.000000
929	-0.978516	-0.988281
930	-0.996094	-0.998047
931	-0.994141	-0.996094
932	-0.988281	-0.994141
933	-0.992188	-0.996094
934	-0.994141	-0.996094
935	-1.000000	-1.000000
936	-0.992188	-0.996094
937	-0.984375	-0.992188
938	-0.988281	-0.994141
939	-0.982422	-0.990234
940	-1.000000	-1.000000
941	-0.996094	-0.998047
942	-1.000000	-1.000000
943	-0.988281	-0.994141
944	-0.988281	-0.994141
945	-0.988281	-0.994141
946	-0.996094	-0.998047
947	-0.984375	-0.992188
948	-0.996094	-0.998047
949	-1.000000	-1.000000
950	-0.992188	-0.996094
951	-0.996094	-0.998047
952	-1.000000	-1.000000
953	-0.992188	-0.996094
954	-0.994141	-0.996094
955	-0.992188	-0.996094
956	-1.000000	-1.000000
957	-0.996094	-0.998047
958	-0.996094	-0.998047
959	-0.996094	-0.998047
960	-1.000000	-1.000000
961	-0.986328	-0.992188
962	-0.988281	-0.994141
963	-0.992188	-0.996094
964	-0.990234	-0.994141
965	-0.992188	-0.996094
966	-0.988281	-0.994141
967	-1.000000	-1.000000
968	-0.988281	-0.994141
969	-0.984375	-0.992188
970	-0.982422	-0.990234
971	-0.992188	-0.996094
972	-0.980469	-0.990234
973	-0.980469	-0.990234
974	-0.988281	-0.994141
975	-0.996094	-0.998047
976	-0.996094	-0.998047
977	-0.996094	-0.998047
978	-0.986328	-0.992188
979	-0.992188	-0.996094
980	-0.996094	-0.998047
981	-0.988281	-0.994141
982	-1.000000	-1.000000
983	-0.990234	-0.994141
984	-0.992188	-0.996094
985	-0.988281	-0.990234
986	-0.996094	-0.998047
987	-0.990234	-0.994141
988	-0.988281	-0.994141
989	-1.000000	-1.000000
990	-0.996094	-0.998047
991	-0.996094	-0.998047
992	-0.970703	-0.984375
993	-0.992188	-0.996094
994	-0.992188	-0.996094
995	-0.992188	-0.996094
996	-0.988281	-0.994141
997	-0.992188	-0.996094
998	-0.990234	-0.994141
999	-0.992188	-0.996094
