0	-0.265625	-0.134766
1	-0.265625	-0.013672
2	-0.255859	0.021484
3	-0.281250	-0.060547
4	-0.236328	-0.007813
5	-0.205078	-0.005859
6	-0.203125	-0.085938
7	-0.269531	-0.097656
8	-0.281250	0.031250
9	-0.292969	0.050781
10	-0.216797	-0.015625
11	-0.263672	-0.083984
12	-0.248047	0.013672
13	-0.281250	0.058594
14	-0.224609	-0.041016
15	-0.255859	0.076172
16	-0.277344	-0.074219
17	-0.238281	-0.113281
18	-0.265625	0.017578
19	-0.271484	0.109375
20	-0.294922	-0.033203
21	-0.246094	0.080078
22	-0.246094	0.027344
23	-0.248047	0.099609
24	-0.269531	0.039063
25	-0.224609	-0.048828
26	-0.250000	-0.007813
27	-0.246094	0.068359
28	-0.261719	0.101563
29	-0.271484	0.025391
30	-0.277344	-0.083984
31	-0.324219	-0.113281
32	-0.265625	-0.082031
33	-0.257813	-0.087891
34	-0.255859	-0.103516
35	-0.269531	0.021484
36	-0.255859	-0.017578
37	-0.255859	0.015625
38	-0.283203	0.017578
39	-0.310547	-0.074219
40	-0.271484	-0.107422
41	-0.236328	0.007813
42	-0.292969	0.009766
43	-0.263672	0.023438
44	-0.244141	-0.017578
45	-0.275391	-0.052734
46	-0.257813	-0.027344
47	-0.294922	0.039063
48	-0.250000	-0.001953
49	-0.255859	0.029297
50	-0.257813	-0.048828
51	-0.193359	-0.013672
52	-0.253906	-0.072266
53	-0.261719	-0.009766
54	-0.222656	-0.009766
55	-0.238281	0.044922
56	-0.251953	-0.099609
57	-0.271484	-0.154297
58	-0.230469	-0.179688
59	-0.255859	-0.025391
60	-0.308594	-0.175781
61	-0.263672	0.001953
62	-0.294922	0.199219
63	-0.226563	-0.019531
64	-0.261719	-0.074219
65	-0.263672	0.087891
66	-0.261719	-0.019531
67	-0.251953	-0.009766
68	-0.240234	-0.062500
69	-0.255859	0.005859
70	-0.275391	-0.037109
71	-0.279297	-0.068359
72	-0.248047	-0.052734
73	-0.250000	0.005859
74	-0.251953	-0.097656
75	-0.240234	0.103516
76	-0.322266	0.009766
77	-0.226563	-0.025391
78	-0.263672	-0.011719
79	-0.216797	0.035156
80	-0.248047	0.007813
81	-0.261719	0.056641
82	-0.259766	-0.115234
83	-0.226563	0.070313
84	-0.296875	0.021484
85	-0.255859	0.056641
86	-0.265625	0.009766
87	-0.257813	0.021484
88	-0.287109	0.060547
89	-0.273438	-0.109375
90	-0.267578	0.074219
91	-0.246094	-0.052734
92	-0.248047	0.052734
93	-0.242188	0.064453
94	-0.285156	0.066406
95	-0.257813	-0.029297
96	-0.281250	0.085938
97	-0.253906	-0.041016
98	-0.222656	0.064453
99	-0.281250	0.091797
100	-0.251953	-0.005859
101	-0.324219	-0.001953
102	-0.300781	-0.003906
103	-0.302734	0.105469
104	-0.265625	-0.029297
105	-0.285156	-0.005859
106	-0.275391	0.013672
107	-0.224609	0.000000
108	-0.275391	0.019531
109	-0.292969	-0.021484
110	-0.279297	0.001953
111	-0.232422	-0.001953
112	-0.261719	0.000000
113	-0.271484	0.066406
114	-0.201172	-0.089844
115	-0.263672	0.046875
116	-0.285156	-0.050781
117	-0.283203	-0.023438
118	-0.279297	-0.103516
119	-0.214844	0.035156
120	-0.267578	0.001953
121	-0.265625	0.023438
122	-0.240234	0.070313
123	-0.298828	-0.087891
124	-0.285156	0.042969
125	-0.304688	-0.035156
126	-0.269531	0.023438
127	-0.253906	0.113281
128	-0.242188	-0.039063
129	-0.248047	0.019531
130	-0.275391	0.023438
131	-0.281250	0.130859
132	-0.328125	0.000000
133	-0.271484	0.003906
134	-0.265625	0.007813
135	-0.246094	-0.007813
136	-0.294922	0.074219
137	-0.257813	0.000000
138	-0.271484	0.033203
139	-0.238281	-0.017578
140	-0.250000	0.039063
141	-0.314453	0.142578
142	-0.287109	-0.013672
143	-0.314453	0.150391
144	-0.289063	0.082031
145	-0.265625	0.005859
146	-0.291016	-0.033203
147	-0.277344	-0.060547
148	-0.263672	0.058594
149	-0.306641	-0.087891
150	-0.230469	0.029297
151	-0.238281	-0.021484
152	-0.314453	-0.066406
153	-0.253906	-0.052734
154	-0.263672	-0.021484
155	-0.255859	0.027344
156	-0.259766	0.095703
157	-0.275391	-0.025391
158	-0.238281	0.017578
159	-0.261719	0.021484
160	-0.191406	0.005859
161	-0.267578	0.050781
162	-0.222656	-0.050781
163	-0.275391	0.029297
164	-0.224609	-0.066406
165	-0.253906	0.042969
166	-0.269531	-0.017578
167	-0.253906	0.027344
168	-0.257813	0.035156
169	-0.248047	-0.150391
170	-0.281250	-0.044922
171	-0.248047	-0.087891
172	-0.324219	-0.107422
173	-0.281250	0.076172
174	-0.269531	0.050781
175	-0.273438	0.072266
176	-0.294922	-0.072266
177	-0.236328	-0.048828
178	-0.289063	0.089844
179	-0.269531	-0.105469
180	-0.257813	0.015625
181	-0.232422	-0.015625
182	-0.271484	-0.062500
183	-0.339844	0.201172
184	-0.269531	-0.005859
185	-0.257813	-0.103516
186	-0.277344	0.082031
187	-0.259766	0.046875
188	-0.244141	-0.050781
189	-0.259766	-0.164063
190	-0.259766	-0.009766
191	-0.269531	0.017578
192	-0.271484	0.048828
193	-0.240234	0.015625
194	-0.287109	-0.056641
195	-0.291016	0.060547
196	-0.267578	-0.054688
197	-0.271484	-0.001953
198	-0.224609	0.017578
199	-0.302734	0.007813
200	-0.244141	0.029297
201	-0.265625	0.042969
202	-0.222656	0.013672
203	-0.244141	-0.021484
204	-0.234375	-0.025391
205	-0.265625	-0.101563
206	-0.273438	-0.099609
207	-0.271484	-0.058594
208	-0.265625	0.109375
209	-0.251953	-0.019531
210	-0.240234	-0.011719
211	-0.222656	0.056641
212	-0.279297	0.103516
213	-0.294922	-0.083984
214	-0.246094	-0.076172
215	-0.259766	-0.003906
216	-0.292969	-0.083984
217	-0.220703	0.015625
218	-0.265625	0.097656
219	-0.250000	-0.058594
220	-0.265625	-0.001953
221	-0.273438	0.078125
222	-0.244141	0.074219
223	-0.269531	0.015625
224	-0.240234	-0.015625
225	-0.251953	-0.046875
226	-0.238281	0.017578
227	-0.251953	-0.146484
228	-0.308594	0.037109
229	-0.257813	0.041016
230	-0.248047	0.050781
231	-0.246094	0.052734
232	-0.267578	-0.048828
233	-0.236328	-0.003906
234	-0.275391	0.060547
235	-0.257813	-0.050781
236	-0.238281	0.046875
237	-0.281250	-0.031250
238	-0.259766	-0.074219
239	-0.269531	-0.058594
240	-0.240234	0.052734
241	-0.261719	-0.089844
242	-0.248047	0.033203
243	-0.240234	-0.037109
244	-0.275391	-0.029297
245	-0.275391	-0.083984
246	-0.263672	-0.021484
247	-0.289063	-0.019531
248	-0.285156	0.031250
249	-0.269531	-0.001953
250	-0.263672	-0.128906
251	-0.265625	-0.017578
252	-0.236328	-0.007813
253	-0.250000	0.017578
254	-0.236328	0.005859
255	-0.240234	-0.009766
256	-0.283203	-0.076172
257	-0.263672	-0.011719
258	-0.214844	-0.035156
259	-0.263672	0.052734
260	-0.294922	0.119141
261	-0.294922	0.025391
262	-0.308594	-0.062500
263	-0.259766	-0.128906
264	-0.238281	-0.056641
265	-0.263672	-0.007813
266	-0.259766	-0.048828
267	-0.193359	-0.011719
268	-0.255859	-0.005859
269	-0.232422	0.005859
270	-0.248047	-0.039063
271	-0.277344	0.017578
272	-0.242188	0.050781
273	-0.289063	-0.005859
274	-0.238281	-0.019531
275	-0.269531	-0.035156
276	-0.255859	0.009766
277	-0.226563	0.029297
278	-0.236328	0.056641
279	-0.287109	-0.021484
280	-0.212891	-0.083984
281	-0.230469	-0.080078
282	-0.250000	0.019531
283	-0.251953	-0.033203
284	-0.257813	-0.019531
285	-0.228516	-0.093750
286	-0.246094	-0.056641
287	-0.232422	-0.044922
288	-0.279297	-0.062500
289	-0.251953	0.052734
290	-0.269531	0.003906
291	-0.238281	-0.076172
292	-0.283203	0.099609
293	-0.228516	0.048828
294	-0.234375	0.101563
295	-0.271484	0.107422
296	-0.291016	0.015625
297	-0.261719	-0.013672
298	-0.271484	0.082031
299	-0.265625	-0.066406
300	-0.275391	0.123047
301	-0.263672	0.023438
302	-0.242188	0.015625
303	-0.310547	0.023438
304	-0.324219	0.007813
305	-0.283203	0.005859
306	-0.269531	-0.025391
307	-0.269531	-0.003906
308	-0.273438	0.035156
309	-0.277344	-0.017578
310	-0.224609	-0.029297
311	-0.253906	0.029297
312	-0.232422	-0.017578
313	-0.244141	-0.037109
314	-0.248047	0.041016
315	-0.267578	0.027344
316	-0.228516	0.009766
317	-0.298828	-0.021484
318	-0.283203	0.066406
319	-0.238281	0.099609
320	-0.267578	-0.037109
321	-0.271484	0.023438
322	-0.228516	0.095703
323	-0.269531	0.041016
324	-0.294922	0.021484
325	-0.251953	0.021484
326	-0.298828	-0.119141
327	-0.281250	0.000000
328	-0.263672	0.060547
329	-0.285156	0.003906
330	-0.248047	0.000000
331	-0.267578	0.017578
332	-0.265625	-0.097656
333	-0.224609	0.095703
334	-0.257813	0.013672
335	-0.271484	-0.062500
336	-0.248047	-0.025391
337	-0.214844	0.025391
338	-0.257813	0.011719
339	-0.242188	-0.015625
340	-0.291016	0.156250
341	-0.224609	-0.015625
342	-0.279297	-0.019531
343	-0.267578	0.048828
344	-0.238281	0.085938
345	-0.248047	0.031250
346	-0.261719	0.007813
347	-0.244141	0.001953
348	-0.283203	0.083984
349	-0.251953	0.093750
350	-0.281250	-0.007813
351	-0.253906	-0.027344
352	-0.244141	0.074219
353	-0.285156	0.009766
354	-0.230469	0.060547
355	-0.292969	0.115234
356	-0.302734	0.011719
357	-0.251953	-0.011719
358	-0.259766	0.148438
359	-0.273438	-0.013672
360	-0.253906	0.085938
361	-0.265625	0.080078
362	-0.261719	0.099609
363	-0.255859	-0.080078
364	-0.238281	0.111328
365	-0.253906	0.000000
366	-0.263672	-0.078125
367	-0.267578	0.044922
368	-0.238281	-0.074219
369	-0.253906	-0.027344
370	-0.277344	0.105469
371	-0.273438	0.029297
372	-0.316406	0.107422
373	-0.255859	0.054688
374	-0.257813	0.023438
375	-0.230469	0.027344
376	-0.218750	0.007813
377	-0.257813	0.029297
378	-0.287109	-0.052734
379	-0.220703	-0.046875
380	-0.275391	0.132813
381	-0.259766	-0.050781
382	-0.273438	-0.031250
383	-0.294922	-0.027344
384	-0.269531	-0.021484
385	-0.294922	-0.109375
386	-0.281250	0.132813
387	-0.273438	0.005859
388	-0.281250	0.021484
389	-0.240234	0.041016
390	-0.228516	-0.052734
391	-0.289063	-0.037109
392	-0.291016	-0.009766
393	-0.251953	-0.033203
394	-0.275391	-0.021484
395	-0.244141	0.136719
396	-0.273438	-0.072266
397	-0.242188	-0.119141
398	-0.226563	-0.039063
399	-0.285156	0.080078
400	-0.263672	0.080078
401	-0.271484	-0.023438
402	-0.294922	-0.144531
403	-0.248047	0.015625
404	-0.273438	0.025391
405	-0.310547	-0.085938
406	-0.306641	0.150391
407	-0.250000	0.015625
408	-0.263672	-0.046875
409	-0.248047	0.083984
410	-0.271484	-0.052734
411	-0.273438	-0.099609
412	-0.255859	-0.060547
413	-0.240234	-0.044922
414	-0.255859	-0.027344
415	-0.255859	-0.001953
416	-0.287109	-0.005859
417	-0.220703	0.060547
418	-0.310547	0.132813
419	-0.289063	-0.035156
420	-0.259766	-0.015625
421	-0.285156	-0.125000
422	-0.246094	-0.048828
423	-0.255859	-0.015625
424	-0.285156	0.062500
425	-0.238281	0.035156
426	-0.244141	0.070313
427	-0.292969	0.062500
428	-0.232422	-0.019531
429	-0.240234	0.044922
430	-0.269531	0.009766
431	-0.289063	-0.113281
432	-0.271484	-0.017578
433	-0.255859	0.011719
434	-0.234375	-0.031250
435	-0.265625	0.052734
436	-0.277344	-0.029297
437	-0.277344	0.050781
438	-0.300781	-0.037109
439	-0.240234	0.035156
440	-0.275391	-0.003906
441	-0.271484	0.082031
442	-0.271484	-0.015625
443	-0.259766	0.072266
444	-0.259766	-0.003906
445	-0.246094	-0.050781
446	-0.253906	-0.005859
447	-0.238281	0.089844
448	-0.248047	0.023438
449	-0.236328	0.046875
450	-0.287109	0.046875
451	-0.238281	-0.029297
452	-0.224609	0.031250
453	-0.244141	-0.044922
454	-0.283203	-0.050781
455	-0.244141	0.001953
456	-0.273438	0.095703
457	-0.234375	0.060547
458	-0.314453	0.080078
459	-0.248047	-0.023438
460	-0.285156	-0.031250
461	-0.261719	-0.031250
462	-0.265625	0.009766
463	-0.261719	0.041016
464	-0.236328	0.011719
465	-0.283203	0.039063
466	-0.273438	-0.064453
467	-0.263672	-0.011719
468	-0.238281	0.013672
469	-0.271484	-0.035156
470	-0.275391	0.009766
471	-0.294922	-0.035156
472	-0.240234	-0.044922
473	-0.287109	0.070313
474	-0.253906	0.003906
475	-0.292969	0.019531
476	-0.298828	-0.017578
477	-0.275391	0.056641
478	-0.300781	0.052734
479	-0.246094	0.025391
480	-0.283203	-0.017578
481	-0.246094	-0.011719
482	-0.283203	0.054688
483	-0.287109	0.013672
484	-0.236328	0.068359
485	-0.259766	-0.078125
486	-0.240234	-0.035156
487	-0.248047	0.109375
488	-0.314453	-0.048828
489	-0.248047	-0.042969
490	-0.289063	0.083984
491	-0.250000	-0.062500
492	-0.232422	-0.074219
493	-0.250000	0.068359
494	-0.218750	0.013672
495	-0.230469	-0.044922
496	-0.251953	-0.064453
497	-0.275391	0.107422
498	-0.253906	-0.005859
499	-0.265625	0.093750
500	-0.253906	-0.052734
501	-0.212891	-0.019531
502	-0.265625	-0.027344
503	-0.214844	0.003906
504	-0.291016	0.140625
505	-0.222656	0.025391
506	-0.246094	0.119141
507	-0.275391	-0.087891
508	-0.246094	-0.101563
509	-0.250000	-0.046875
510	-0.269531	-0.027344
511	-0.246094	-0.113281
512	-0.314453	-0.064453
513	-0.312500	-0.017578
514	-0.251953	-0.058594
515	-0.279297	0.048828
516	-0.240234	-0.126953
517	-0.291016	0.011719
518	-0.271484	-0.011719
519	-0.271484	-0.087891
520	-0.257813	-0.001953
521	-0.222656	0.033203
522	-0.291016	-0.111328
523	-0.224609	0.013672
524	-0.271484	-0.017578
525	-0.251953	0.070313
526	-0.248047	0.017578
527	-0.271484	-0.041016
528	-0.269531	-0.031250
529	-0.218750	0.080078
530	-0.244141	0.091797
531	-0.251953	-0.017578
532	-0.207031	-0.035156
533	-0.257813	0.093750
534	-0.255859	0.064453
535	-0.281250	0.042969
536	-0.261719	0.031250
537	-0.294922	0.033203
538	-0.226563	0.035156
539	-0.316406	-0.001953
540	-0.253906	-0.052734
541	-0.253906	-0.056641
542	-0.230469	0.083984
543	-0.244141	-0.007813
544	-0.232422	0.048828
545	-0.181641	0.035156
546	-0.271484	0.101563
547	-0.255859	0.103516
548	-0.251953	0.068359
549	-0.275391	-0.062500
550	-0.287109	0.130859
551	-0.228516	-0.011719
552	-0.232422	-0.001953
553	-0.271484	-0.019531
554	-0.283203	0.062500
555	-0.242188	-0.011719
556	-0.263672	-0.056641
557	-0.287109	0.025391
558	-0.269531	0.023438
559	-0.205078	0.066406
560	-0.302734	0.019531
561	-0.255859	0.000000
562	-0.271484	0.097656
563	-0.236328	-0.046875
564	-0.273438	-0.121094
565	-0.261719	-0.095703
566	-0.263672	0.068359
567	-0.251953	-0.037109
568	-0.304688	0.003906
569	-0.292969	0.011719
570	-0.248047	-0.011719
571	-0.281250	0.068359
572	-0.251953	0.003906
573	-0.230469	0.082031
574	-0.232422	-0.091797
575	-0.222656	-0.052734
576	-0.265625	0.039063
577	-0.277344	0.072266
578	-0.255859	0.025391
579	-0.275391	-0.044922
580	-0.265625	-0.027344
581	-0.250000	0.029297
582	-0.218750	-0.023438
583	-0.275391	0.011719
584	-0.216797	-0.003906
585	-0.251953	-0.066406
586	-0.224609	-0.015625
587	-0.248047	0.083984
588	-0.294922	0.001953
589	-0.294922	0.128906
590	-0.314453	-0.021484
591	-0.281250	0.027344
592	-0.310547	0.000000
593	-0.296875	-0.001953
594	-0.316406	0.052734
595	-0.279297	0.009766
596	-0.234375	-0.001953
597	-0.273438	0.023438
598	-0.257813	-0.183594
599	-0.257813	-0.023438
600	-0.248047	-0.027344
601	-0.218750	-0.042969
602	-0.281250	0.027344
603	-0.267578	-0.058594
604	-0.302734	0.005859
605	-0.242188	0.015625
606	-0.292969	-0.070313
607	-0.242188	0.023438
608	-0.244141	0.027344
609	-0.253906	-0.039063
610	-0.244141	0.070313
611	-0.257813	-0.097656
612	-0.291016	-0.134766
613	-0.259766	-0.160156
614	-0.271484	-0.027344
615	-0.267578	0.126953
616	-0.244141	-0.015625
617	-0.312500	0.037109
618	-0.283203	-0.035156
619	-0.296875	-0.066406
620	-0.314453	0.072266
621	-0.281250	-0.078125
622	-0.275391	-0.042969
623	-0.289063	0.076172
624	-0.267578	0.033203
625	-0.269531	0.126953
626	-0.228516	-0.001953
627	-0.265625	0.085938
628	-0.246094	0.052734
629	-0.244141	0.013672
630	-0.265625	0.011719
631	-0.292969	-0.035156
632	-0.240234	-0.066406
633	-0.232422	-0.121094
634	-0.253906	-0.013672
635	-0.289063	-0.091797
636	-0.261719	-0.048828
637	-0.281250	0.140625
638	-0.277344	-0.050781
639	-0.265625	0.091797
640	-0.259766	-0.076172
641	-0.226563	0.011719
642	-0.261719	-0.042969
643	-0.222656	-0.003906
644	-0.236328	0.052734
645	-0.226563	0.121094
646	-0.251953	-0.054688
647	-0.273438	0.037109
648	-0.220703	0.009766
649	-0.255859	-0.091797
650	-0.257813	-0.074219
651	-0.232422	-0.021484
652	-0.265625	-0.042969
653	-0.263672	0.111328
654	-0.265625	-0.050781
655	-0.238281	-0.046875
656	-0.292969	-0.105469
657	-0.230469	0.011719
658	-0.244141	-0.046875
659	-0.250000	0.095703
660	-0.248047	0.027344
661	-0.273438	-0.044922
662	-0.302734	0.003906
663	-0.226563	-0.033203
664	-0.267578	0.007813
665	-0.283203	-0.039063
666	-0.304688	0.054688
667	-0.220703	-0.009766
668	-0.250000	-0.007813
669	-0.261719	0.082031
670	-0.265625	-0.082031
671	-0.269531	0.009766
672	-0.273438	0.103516
673	-0.250000	0.066406
674	-0.222656	0.017578
675	-0.261719	-0.042969
676	-0.191406	0.046875
677	-0.222656	0.060547
678	-0.230469	-0.070313
679	-0.287109	0.011719
680	-0.208984	-0.082031
681	-0.236328	-0.095703
682	-0.292969	-0.093750
683	-0.250000	-0.062500
684	-0.255859	0.050781
685	-0.308594	-0.007813
686	-0.250000	-0.058594
687	-0.300781	0.017578
688	-0.210938	0.048828
689	-0.242188	-0.039063
690	-0.236328	-0.007813
691	-0.244141	-0.072266
692	-0.273438	-0.019531
693	-0.289063	0.027344
694	-0.255859	0.056641
695	-0.294922	-0.046875
696	-0.232422	0.029297
697	-0.324219	-0.072266
698	-0.222656	0.068359
699	-0.248047	0.062500
700	-0.275391	0.054688
701	-0.216797	-0.037109
702	-0.269531	0.011719
703	-0.238281	-0.007813
704	-0.246094	-0.056641
705	-0.289063	0.097656
706	-0.253906	-0.091797
707	-0.224609	-0.003906
708	-0.275391	0.130859
709	-0.275391	-0.058594
710	-0.248047	0.029297
711	-0.238281	0.062500
712	-0.330078	0.013672
713	-0.253906	0.019531
714	-0.279297	0.058594
715	-0.259766	-0.064453
716	-0.306641	-0.193359
717	-0.277344	-0.017578
718	-0.242188	0.017578
719	-0.275391	-0.076172
720	-0.259766	0.017578
721	-0.251953	-0.007813
722	-0.261719	-0.035156
723	-0.236328	0.066406
724	-0.294922	-0.107422
725	-0.269531	-0.011719
726	-0.253906	-0.062500
727	-0.261719	0.105469
728	-0.234375	-0.019531
729	-0.259766	-0.095703
730	-0.265625	-0.152344
731	-0.265625	-0.005859
732	-0.263672	-0.015625
733	-0.289063	0.013672
734	-0.267578	-0.052734
735	-0.308594	-0.027344
736	-0.261719	0.035156
737	-0.253906	-0.025391
738	-0.257813	-0.025391
739	-0.269531	0.056641
740	-0.253906	-0.130859
741	-0.279297	-0.054688
742	-0.248047	0.072266
743	-0.250000	0.023438
744	-0.294922	0.052734
745	-0.263672	-0.064453
746	-0.300781	-0.050781
747	-0.271484	-0.019531
748	-0.271484	0.031250
749	-0.228516	-0.074219
750	-0.234375	-0.060547
751	-0.248047	0.091797
752	-0.271484	-0.013672
753	-0.224609	-0.013672
754	-0.314453	0.029297
755	-0.271484	0.021484
756	-0.269531	-0.009766
757	-0.230469	0.039063
758	-0.218750	-0.037109
759	-0.228516	-0.066406
760	-0.216797	0.054688
761	-0.234375	-0.019531
762	-0.224609	-0.033203
763	-0.285156	0.113281
764	-0.205078	0.003906
765	-0.263672	-0.013672
766	-0.273438	-0.037109
767	-0.238281	-0.072266
768	-0.244141	-0.035156
769	-0.234375	0.117188
770	-0.275391	0.113281
771	-0.263672	-0.037109
772	-0.294922	-0.017578
773	-0.248047	0.048828
774	-0.244141	-0.033203
775	-0.330078	-0.136719
776	-0.279297	-0.009766
777	-0.246094	0.017578
778	-0.291016	0.003906
779	-0.273438	0.060547
780	-0.304688	0.125000
781	-0.283203	0.058594
782	-0.261719	-0.126953
783	-0.250000	-0.005859
784	-0.277344	0.021484
785	-0.267578	-0.023438
786	-0.275391	0.128906
787	-0.275391	-0.023438
788	-0.228516	0.037109
789	-0.294922	-0.003906
790	-0.283203	-0.019531
791	-0.250000	0.078125
792	-0.275391	0.009766
793	-0.255859	-0.062500
794	-0.238281	0.091797
795	-0.273438	-0.027344
796	-0.240234	0.007813
797	-0.259766	0.080078
798	-0.240234	-0.066406
799	-0.291016	-0.060547
800	-0.218750	0.044922
801	-0.291016	0.052734
802	-0.255859	-0.167969
803	-0.255859	-0.093750
804	-0.250000	-0.072266
805	-0.232422	0.001953
806	-0.291016	0.031250
807	-0.257813	-0.007813
808	-0.228516	0.087891
809	-0.224609	-0.007813
810	-0.271484	-0.001953
811	-0.253906	0.000000
812	-0.207031	0.048828
813	-0.222656	-0.019531
814	-0.257813	-0.085938
815	-0.255859	0.017578
816	-0.306641	0.017578
817	-0.208984	0.025391
818	-0.244141	-0.066406
819	-0.263672	0.083984
820	-0.214844	-0.046875
821	-0.281250	-0.070313
822	-0.322266	-0.087891
823	-0.267578	-0.054688
824	-0.320313	-0.056641
825	-0.308594	0.138672
826	-0.324219	0.095703
827	-0.246094	0.044922
828	-0.257813	-0.083984
829	-0.269531	0.025391
830	-0.292969	0.056641
831	-0.257813	0.009766
832	-0.259766	0.023438
833	-0.275391	0.029297
834	-0.218750	0.015625
835	-0.318359	0.072266
836	-0.285156	0.160156
837	-0.250000	0.037109
838	-0.248047	-0.099609
839	-0.242188	-0.005859
840	-0.208984	-0.083984
841	-0.281250	-0.005859
842	-0.253906	0.064453
843	-0.283203	-0.023438
844	-0.261719	-0.068359
845	-0.322266	-0.044922
846	-0.279297	0.060547
847	-0.273438	-0.101563
848	-0.265625	-0.119141
849	-0.277344	0.048828
850	-0.261719	-0.056641
851	-0.296875	0.033203
852	-0.242188	0.080078
853	-0.275391	0.107422
854	-0.251953	-0.013672
855	-0.242188	0.039063
856	-0.226563	0.003906
857	-0.259766	0.023438
858	-0.281250	-0.058594
859	-0.279297	0.054688
860	-0.251953	0.042969
861	-0.285156	0.068359
862	-0.253906	-0.011719
863	-0.255859	0.082031
864	-0.242188	0.017578
865	-0.251953	-0.039063
866	-0.257813	0.095703
867	-0.226563	-0.025391
868	-0.255859	-0.068359
869	-0.269531	-0.001953
870	-0.271484	-0.074219
871	-0.267578	-0.060547
872	-0.281250	-0.064453
873	-0.197266	-0.029297
874	-0.281250	-0.166016
875	-0.203125	-0.072266
876	-0.259766	-0.148438
877	-0.279297	0.128906
878	-0.283203	0.109375
879	-0.261719	-0.003906
880	-0.222656	-0.113281
881	-0.250000	-0.033203
882	-0.248047	0.107422
883	-0.250000	0.082031
884	-0.314453	0.070313
885	-0.322266	0.017578
886	-0.292969	-0.017578
887	-0.279297	-0.048828
888	-0.269531	0.050781
889	-0.289063	-0.037109
890	-0.328125	0.011719
891	-0.314453	0.093750
892	-0.302734	0.060547
893	-0.287109	-0.126953
894	-0.265625	0.005859
895	-0.277344	0.011719
896	-0.283203	0.150391
897	-0.275391	0.068359
898	-0.244141	-0.060547
899	-0.255859	-0.056641
900	-0.230469	0.052734
901	-0.253906	0.000000
902	-0.263672	0.017578
903	-0.263672	-0.123047
904	-0.263672	0.054688
905	-0.292969	-0.085938
906	-0.271484	-0.066406
907	-0.263672	0.033203
908	-0.265625	0.064453
909	-0.263672	-0.033203
910	-0.244141	-0.003906
911	-0.283203	-0.025391
912	-0.253906	-0.031250
913	-0.277344	0.105469
914	-0.267578	0.134766
915	-0.267578	-0.013672
916	-0.265625	-0.033203
917	-0.285156	-0.019531
918	-0.281250	-0.033203
919	-0.234375	0.126953
920	-0.263672	-0.113281
921	-0.246094	-0.017578
922	-0.246094	-0.019531
923	-0.312500	-0.105469
924	-0.228516	0.001953
925	-0.275391	0.005859
926	-0.291016	0.056641
927	-0.285156	0.013672
928	-0.244141	0.011719
929	-0.308594	0.042969
930	-0.302734	0.025391
931	-0.259766	-0.074219
932	-0.263672	0.007813
933	-0.240234	0.082031
934	-0.304688	-0.025391
935	-0.226563	0.062500
936	-0.244141	-0.064453
937	-0.242188	0.039063
938	-0.207031	0.056641
939	-0.224609	-0.035156
940	-0.267578	0.019531
941	-0.197266	0.023438
942	-0.199219	-0.080078
943	-0.261719	-0.011719
944	-0.228516	0.048828
945	-0.250000	-0.013672
946	-0.292969	0.119141
947	-0.259766	-0.005859
948	-0.246094	-0.037109
949	-0.316406	0.015625
950	-0.220703	0.021484
951	-0.283203	-0.007813
952	-0.238281	-0.091797
953	-0.291016	0.037109
954	-0.230469	0.054688
955	-0.294922	0.076172
956	-0.269531	-0.085938
957	-0.267578	-0.011719
958	-0.265625	0.101563
959	-0.265625	0.054688
960	-0.279297	-0.056641
961	-0.220703	-0.023438
962	-0.203125	0.037109
963	-0.232422	0.000000
964	-0.251953	-0.097656
965	-0.271484	-0.029297
966	-0.234375	-0.005859
967	-0.250000	-0.140625
968	-0.265625	0.037109
969	-0.259766	0.005859
970	-0.318359	-0.037109
971	-0.244141	0.011719
972	-0.298828	0.136719
973	-0.273438	0.083984
974	-0.244141	0.072266
975	-0.222656	0.082031
976	-0.236328	-0.050781
977	-0.285156	0.072266
978	-0.234375	0.068359
979	-0.261719	0.033203
980	-0.279297	-0.062500
981	-0.281250	0.044922
982	-0.287109	0.052734
983	-0.269531	-0.039063
984	-0.283203	-0.019531
985	-0.203125	0.003906
986	-0.185547	0.003906
987	-0.263672	-0.052734
988	-0.251953	-0.050781
989	-0.242188	0.072266
990	-0.242188	-0.007813
991	-0.283203	-0.042969
992	-0.250000	0.019531
993	-0.292969	-0.066406
994	-0.255859	-0.054688
995	-0.238281	-0.013672
996	-0.236328	-0.060547
997	-0.255859	0.042969
998	-0.248047	0.072266
999	-0.246094	0.046875
