0	-0.330078	-0.083984
1	-0.337891	0.091797
2	-0.396484	-0.144531
3	-0.384766	-0.207031
4	-0.431641	-0.123047
5	-0.398438	0.097656
6	-0.410156	0.023438
7	-0.373047	0.015625
8	-0.371094	0.117188
9	-0.398438	-0.050781
10	-0.406250	-0.208984
11	-0.337891	-0.095703
12	-0.384766	-0.125000
13	-0.369141	-0.039063
14	-0.388672	-0.023438
15	-0.453125	-0.011719
16	-0.419922	0.240234
17	-0.382813	-0.046875
18	-0.386719	-0.029297
19	-0.410156	0.066406
20	-0.394531	0.001953
21	-0.404297	0.177734
22	-0.439453	-0.154297
23	-0.353516	0.197266
24	-0.394531	0.003906
25	-0.339844	0.115234
26	-0.398438	0.146484
27	-0.390625	-0.050781
28	-0.367188	0.005859
29	-0.378906	-0.017578
30	-0.378906	-0.003906
31	-0.369141	0.023438
32	-0.359375	-0.072266
33	-0.357422	-0.117188
34	-0.433594	0.001953
35	-0.419922	-0.197266
36	-0.410156	-0.136719
37	-0.423828	-0.304688
38	-0.328125	0.080078
39	-0.367188	-0.103516
40	-0.410156	0.033203
41	-0.435547	-0.017578
42	-0.382813	-0.132813
43	-0.371094	0.046875
44	-0.408203	0.203125
45	-0.388672	0.240234
46	-0.414063	-0.046875
47	-0.371094	-0.150391
48	-0.417969	-0.154297
49	-0.369141	0.164063
50	-0.421875	0.109375
51	-0.412109	0.039063
52	-0.388672	-0.042969
53	-0.351563	0.056641
54	-0.396484	-0.130859
55	-0.361328	0.031250
56	-0.400391	0.064453
57	-0.400391	0.062500
58	-0.417969	0.015625
59	-0.404297	-0.074219
60	-0.351563	0.113281
61	-0.396484	-0.052734
62	-0.378906	0.029297
63	-0.378906	-0.033203
64	-0.412109	0.001953
65	-0.357422	-0.105469
66	-0.394531	0.113281
67	-0.326172	0.029297
68	-0.367188	0.076172
69	-0.410156	-0.203125
70	-0.425781	-0.267578
71	-0.425781	-0.187500
72	-0.386719	0.042969
73	-0.412109	0.082031
74	-0.416016	-0.025391
75	-0.371094	0.023438
76	-0.365234	0.148438
77	-0.398438	-0.054688
78	-0.351563	0.128906
79	-0.449219	0.009766
80	-0.361328	-0.019531
81	-0.427734	0.126953
82	-0.376953	-0.013672
83	-0.429688	0.078125
84	-0.380859	0.039063
85	-0.412109	0.021484
86	-0.330078	-0.048828
87	-0.365234	0.087891
88	-0.406250	-0.083984
89	-0.398438	0.128906
90	-0.373047	0.021484
91	-0.394531	0.015625
92	-0.388672	-0.101563
93	-0.355469	0.080078
94	-0.371094	0.060547
95	-0.390625	-0.085938
96	-0.433594	0.033203
97	-0.373047	0.066406
98	-0.378906	0.019531
99	-0.394531	0.113281
100	-0.365234	0.076172
101	-0.369141	0.121094
102	-0.390625	-0.074219
103	-0.433594	-0.166016
104	-0.365234	0.017578
105	-0.378906	0.037109
106	-0.392578	-0.056641
107	-0.388672	-0.019531
108	-0.369141	0.019531
109	-0.363281	-0.058594
110	-0.361328	-0.265625
111	-0.382813	-0.123047
112	-0.408203	0.230469
113	-0.394531	0.021484
114	-0.386719	0.058594
115	-0.402344	0.060547
116	-0.378906	-0.101563
117	-0.316406	-0.080078
118	-0.351563	-0.138672
119	-0.359375	0.125000
120	-0.402344	0.146484
121	-0.365234	0.009766
122	-0.371094	-0.076172
123	-0.388672	0.091797
124	-0.367188	-0.013672
125	-0.386719	-0.218750
126	-0.382813	0.041016
127	-0.412109	0.064453
128	-0.429688	-0.009766
129	-0.386719	0.060547
130	-0.412109	0.060547
131	-0.390625	-0.013672
132	-0.359375	-0.042969
133	-0.390625	-0.236328
134	-0.404297	0.031250
135	-0.363281	-0.058594
136	-0.408203	0.074219
137	-0.373047	-0.113281
138	-0.392578	-0.023438
139	-0.367188	-0.042969
140	-0.449219	-0.212891
141	-0.371094	0.089844
142	-0.371094	0.111328
143	-0.375000	0.154297
144	-0.361328	0.013672
145	-0.414063	-0.017578
146	-0.322266	-0.003906
147	-0.406250	0.054688
148	-0.322266	0.007813
149	-0.398438	0.087891
150	-0.341797	0.017578
151	-0.312500	0.058594
152	-0.349609	0.046875
153	-0.337891	0.039063
154	-0.394531	0.083984
155	-0.417969	0.125000
156	-0.351563	0.087891
157	-0.427734	0.167969
158	-0.396484	0.253906
159	-0.421875	0.068359
160	-0.384766	0.097656
161	-0.384766	0.035156
162	-0.423828	-0.097656
163	-0.427734	-0.023438
164	-0.408203	-0.091797
165	-0.380859	-0.132813
166	-0.431641	-0.109375
167	-0.406250	0.019531
168	-0.400391	-0.029297
169	-0.437500	-0.087891
170	-0.357422	-0.093750
171	-0.373047	0.001953
172	-0.410156	-0.003906
173	-0.373047	-0.123047
174	-0.390625	-0.228516
175	-0.410156	-0.109375
176	-0.359375	0.087891
177	-0.363281	-0.015625
178	-0.367188	-0.050781
179	-0.363281	-0.138672
180	-0.384766	-0.007813
181	-0.363281	-0.093750
182	-0.371094	0.144531
183	-0.337891	-0.164063
184	-0.396484	-0.097656
185	-0.380859	-0.154297
186	-0.394531	0.046875
187	-0.386719	-0.091797
188	-0.367188	-0.128906
189	-0.373047	-0.027344
190	-0.332031	-0.025391
191	-0.460938	0.046875
192	-0.361328	-0.076172
193	-0.380859	-0.132813
194	-0.402344	-0.111328
195	-0.361328	-0.007813
196	-0.386719	0.130859
197	-0.404297	0.072266
198	-0.353516	-0.066406
199	-0.380859	0.082031
200	-0.427734	0.062500
201	-0.337891	-0.025391
202	-0.431641	-0.064453
203	-0.312500	-0.095703
204	-0.359375	0.017578
205	-0.351563	-0.060547
206	-0.423828	-0.154297
207	-0.400391	-0.175781
208	-0.406250	-0.121094
209	-0.386719	0.023438
210	-0.357422	0.058594
211	-0.396484	0.140625
212	-0.404297	-0.093750
213	-0.345703	0.136719
214	-0.410156	0.101563
215	-0.402344	0.162109
216	-0.421875	-0.070313
217	-0.375000	0.015625
218	-0.443359	-0.048828
219	-0.392578	0.005859
220	-0.410156	-0.019531
221	-0.332031	0.035156
222	-0.406250	-0.035156
223	-0.394531	0.095703
224	-0.392578	0.214844
225	-0.341797	0.136719
226	-0.380859	-0.123047
227	-0.382813	-0.103516
228	-0.332031	-0.015625
229	-0.373047	-0.060547
230	-0.367188	-0.097656
231	-0.423828	0.046875
232	-0.349609	0.003906
233	-0.361328	0.130859
234	-0.402344	-0.039063
235	-0.416016	0.007813
236	-0.386719	0.107422
237	-0.343750	0.015625
238	-0.357422	-0.019531
239	-0.388672	0.037109
240	-0.341797	-0.025391
241	-0.394531	-0.216797
242	-0.373047	0.105469
243	-0.371094	0.035156
244	-0.355469	0.082031
245	-0.373047	0.011719
246	-0.402344	-0.011719
247	-0.394531	0.025391
248	-0.375000	-0.044922
249	-0.402344	-0.146484
250	-0.462891	-0.271484
251	-0.398438	-0.193359
252	-0.353516	-0.050781
253	-0.414063	0.156250
254	-0.363281	-0.119141
255	-0.427734	-0.001953
256	-0.457031	0.001953
257	-0.322266	-0.080078
258	-0.412109	-0.269531
259	-0.392578	0.144531
260	-0.359375	0.044922
261	-0.335938	-0.031250
262	-0.398438	-0.037109
263	-0.363281	0.064453
264	-0.423828	0.015625
265	-0.341797	0.001953
266	-0.390625	0.064453
267	-0.361328	0.041016
268	-0.451172	-0.023438
269	-0.351563	0.068359
270	-0.363281	-0.035156
271	-0.359375	0.035156
272	-0.375000	0.066406
273	-0.376953	0.138672
274	-0.330078	0.140625
275	-0.376953	0.033203
276	-0.349609	-0.031250
277	-0.390625	-0.015625
278	-0.365234	-0.085938
279	-0.376953	-0.052734
280	-0.353516	0.009766
281	-0.429688	-0.099609
282	-0.386719	0.091797
283	-0.371094	-0.087891
284	-0.375000	0.117188
285	-0.388672	-0.093750
286	-0.416016	0.181641
287	-0.378906	-0.039063
288	-0.398438	-0.173828
289	-0.392578	-0.011719
290	-0.349609	-0.007813
291	-0.359375	-0.025391
292	-0.382813	0.000000
293	-0.369141	-0.074219
294	-0.380859	0.001953
295	-0.425781	-0.054688
296	-0.400391	-0.113281
297	-0.376953	0.056641
298	-0.388672	0.160156
299	-0.376953	-0.099609
300	-0.355469	-0.132813
301	-0.400391	0.037109
302	-0.369141	0.025391
303	-0.416016	-0.027344
304	-0.343750	-0.066406
305	-0.390625	0.216797
306	-0.417969	0.085938
307	-0.369141	0.033203
308	-0.416016	-0.011719
309	-0.398438	-0.005859
310	-0.416016	0.109375
311	-0.384766	-0.019531
312	-0.408203	0.027344
313	-0.414063	-0.044922
314	-0.392578	-0.072266
315	-0.408203	-0.083984
316	-0.384766	-0.134766
317	-0.332031	-0.109375
318	-0.339844	0.068359
319	-0.390625	0.046875
320	-0.416016	-0.150391
321	-0.371094	-0.166016
322	-0.367188	0.087891
323	-0.439453	-0.054688
324	-0.357422	-0.207031
325	-0.341797	-0.183594
326	-0.402344	-0.009766
327	-0.371094	0.121094
328	-0.457031	0.078125
329	-0.427734	-0.156250
330	-0.392578	-0.072266
331	-0.373047	0.197266
332	-0.359375	0.037109
333	-0.345703	-0.097656
334	-0.369141	-0.076172
335	-0.408203	0.005859
336	-0.316406	0.066406
337	-0.373047	0.046875
338	-0.386719	0.009766
339	-0.376953	0.025391
340	-0.386719	-0.080078
341	-0.419922	-0.220703
342	-0.333984	0.007813
343	-0.365234	0.033203
344	-0.318359	-0.009766
345	-0.398438	0.041016
346	-0.365234	-0.082031
347	-0.390625	-0.103516
348	-0.349609	0.101563
349	-0.394531	0.044922
350	-0.382813	0.126953
351	-0.388672	-0.103516
352	-0.322266	-0.009766
353	-0.390625	0.123047
354	-0.357422	-0.025391
355	-0.378906	0.152344
356	-0.363281	0.033203
357	-0.375000	0.162109
358	-0.341797	-0.097656
359	-0.371094	-0.039063
360	-0.347656	0.072266
361	-0.316406	0.013672
362	-0.398438	-0.085938
363	-0.361328	-0.076172
364	-0.414063	-0.066406
365	-0.345703	-0.203125
366	-0.355469	-0.029297
367	-0.363281	-0.093750
368	-0.414063	-0.101563
369	-0.419922	-0.017578
370	-0.332031	0.046875
371	-0.382813	0.144531
372	-0.353516	0.144531
373	-0.400391	0.017578
374	-0.392578	-0.203125
375	-0.408203	0.013672
376	-0.367188	0.082031
377	-0.355469	0.087891
378	-0.402344	0.095703
379	-0.345703	0.031250
380	-0.382813	-0.146484
381	-0.367188	-0.037109
382	-0.355469	-0.007813
383	-0.431641	-0.048828
384	-0.363281	0.058594
385	-0.400391	0.044922
386	-0.345703	0.140625
387	-0.378906	0.091797
388	-0.345703	-0.031250
389	-0.404297	0.035156
390	-0.382813	-0.066406
391	-0.378906	-0.039063
392	-0.365234	0.011719
393	-0.392578	0.134766
394	-0.339844	-0.099609
395	-0.445313	-0.058594
396	-0.394531	-0.109375
397	-0.373047	0.015625
398	-0.414063	-0.082031
399	-0.394531	0.001953
400	-0.373047	0.013672
401	-0.378906	-0.087891
402	-0.382813	-0.080078
403	-0.429688	0.166016
404	-0.384766	0.041016
405	-0.363281	-0.044922
406	-0.349609	-0.029297
407	-0.330078	0.089844
408	-0.400391	0.148438
409	-0.402344	0.050781
410	-0.386719	-0.003906
411	-0.412109	-0.003906
412	-0.369141	0.023438
413	-0.421875	-0.144531
414	-0.392578	-0.187500
415	-0.332031	0.042969
416	-0.367188	-0.050781
417	-0.365234	-0.015625
418	-0.431641	-0.152344
419	-0.300781	0.181641
420	-0.386719	0.082031
421	-0.384766	0.054688
422	-0.382813	0.113281
423	-0.355469	0.134766
424	-0.410156	-0.089844
425	-0.355469	-0.099609
426	-0.388672	0.050781
427	-0.419922	-0.041016
428	-0.417969	-0.121094
429	-0.414063	-0.082031
430	-0.378906	-0.123047
431	-0.431641	-0.025391
432	-0.402344	-0.041016
433	-0.414063	-0.162109
434	-0.369141	-0.082031
435	-0.369141	-0.082031
436	-0.386719	0.003906
437	-0.357422	0.050781
438	-0.388672	0.107422
439	-0.339844	0.031250
440	-0.369141	-0.054688
441	-0.357422	-0.013672
442	-0.406250	0.019531
443	-0.378906	-0.173828
444	-0.343750	-0.009766
445	-0.324219	0.042969
446	-0.380859	0.015625
447	-0.376953	-0.076172
448	-0.414063	0.160156
449	-0.390625	-0.128906
450	-0.386719	-0.208984
451	-0.402344	-0.171875
452	-0.373047	0.091797
453	-0.412109	0.025391
454	-0.339844	0.029297
455	-0.402344	-0.023438
456	-0.423828	0.128906
457	-0.416016	0.144531
458	-0.382813	0.041016
459	-0.417969	0.062500
460	-0.406250	-0.037109
461	-0.392578	0.064453
462	-0.396484	0.048828
463	-0.375000	0.015625
464	-0.388672	0.312500
465	-0.371094	-0.042969
466	-0.429688	0.060547
467	-0.343750	0.068359
468	-0.359375	0.166016
469	-0.421875	-0.064453
470	-0.410156	0.183594
471	-0.386719	-0.041016
472	-0.427734	0.044922
473	-0.371094	-0.083984
474	-0.371094	0.035156
475	-0.363281	0.033203
476	-0.371094	-0.083984
477	-0.369141	0.082031
478	-0.404297	0.128906
479	-0.388672	-0.056641
480	-0.404297	0.105469
481	-0.414063	-0.041016
482	-0.365234	-0.197266
483	-0.339844	0.003906
484	-0.410156	-0.015625
485	-0.410156	0.011719
486	-0.429688	0.085938
487	-0.392578	-0.015625
488	-0.414063	-0.003906
489	-0.390625	0.011719
490	-0.412109	-0.123047
491	-0.437500	-0.164063
492	-0.382813	0.093750
493	-0.429688	-0.152344
494	-0.392578	-0.085938
495	-0.373047	0.052734
496	-0.404297	-0.250000
497	-0.349609	-0.078125
498	-0.361328	0.060547
499	-0.429688	-0.240234
500	-0.386719	0.105469
501	-0.423828	0.191406
502	-0.322266	-0.013672
503	-0.367188	0.033203
504	-0.386719	-0.144531
505	-0.380859	0.162109
506	-0.433594	0.011719
507	-0.427734	0.021484
508	-0.384766	0.074219
509	-0.380859	0.021484
510	-0.406250	0.019531
511	-0.380859	0.062500
512	-0.406250	-0.048828
513	-0.386719	0.099609
514	-0.363281	0.044922
515	-0.392578	0.074219
516	-0.378906	0.046875
517	-0.394531	0.093750
518	-0.351563	0.021484
519	-0.427734	-0.005859
520	-0.375000	-0.070313
521	-0.388672	0.003906
522	-0.388672	-0.160156
523	-0.396484	0.029297
524	-0.363281	0.078125
525	-0.400391	-0.158203
526	-0.378906	0.052734
527	-0.345703	0.074219
528	-0.367188	0.097656
529	-0.416016	0.076172
530	-0.417969	-0.015625
531	-0.326172	0.062500
532	-0.402344	0.035156
533	-0.353516	-0.099609
534	-0.380859	0.042969
535	-0.359375	-0.017578
536	-0.390625	0.039063
537	-0.367188	0.121094
538	-0.376953	0.189453
539	-0.437500	0.035156
540	-0.373047	-0.228516
541	-0.402344	0.146484
542	-0.365234	0.128906
543	-0.378906	0.078125
544	-0.380859	0.121094
545	-0.412109	0.054688
546	-0.363281	-0.103516
547	-0.398438	0.199219
548	-0.404297	0.087891
549	-0.392578	-0.087891
550	-0.341797	0.021484
551	-0.396484	-0.058594
552	-0.414063	0.089844
553	-0.384766	0.189453
554	-0.416016	-0.056641
555	-0.380859	-0.046875
556	-0.412109	0.140625
557	-0.441406	0.056641
558	-0.345703	-0.156250
559	-0.451172	-0.136719
560	-0.380859	0.027344
561	-0.408203	-0.179688
562	-0.412109	-0.015625
563	-0.435547	-0.050781
564	-0.339844	0.052734
565	-0.324219	0.005859
566	-0.394531	-0.089844
567	-0.378906	0.031250
568	-0.394531	0.068359
569	-0.369141	0.080078
570	-0.386719	0.113281
571	-0.400391	0.029297
572	-0.390625	0.011719
573	-0.400391	-0.005859
574	-0.351563	-0.076172
575	-0.382813	0.042969
576	-0.408203	-0.052734
577	-0.380859	0.021484
578	-0.353516	0.119141
579	-0.375000	0.056641
580	-0.371094	-0.060547
581	-0.378906	-0.091797
582	-0.404297	0.025391
583	-0.376953	0.078125
584	-0.376953	0.011719
585	-0.382813	0.089844
586	-0.302734	0.082031
587	-0.369141	0.123047
588	-0.343750	-0.041016
589	-0.406250	-0.005859
590	-0.384766	-0.068359
591	-0.386719	0.035156
592	-0.369141	-0.005859
593	-0.361328	0.001953
594	-0.341797	-0.107422
595	-0.351563	0.042969
596	-0.376953	0.142578
597	-0.382813	0.062500
598	-0.421875	-0.058594
599	-0.353516	-0.021484
600	-0.349609	0.035156
601	-0.439453	0.027344
602	-0.373047	-0.005859
603	-0.396484	0.033203
604	-0.382813	-0.169922
605	-0.419922	-0.068359
606	-0.423828	-0.083984
607	-0.447266	-0.162109
608	-0.384766	0.007813
609	-0.347656	-0.013672
610	-0.318359	-0.058594
611	-0.408203	-0.052734
612	-0.390625	0.087891
613	-0.417969	0.025391
614	-0.392578	0.212891
615	-0.367188	-0.044922
616	-0.369141	-0.101563
617	-0.396484	0.068359
618	-0.369141	0.009766
619	-0.365234	0.013672
620	-0.419922	0.091797
621	-0.341797	-0.113281
622	-0.375000	-0.052734
623	-0.384766	-0.078125
624	-0.406250	-0.039063
625	-0.365234	-0.083984
626	-0.376953	0.037109
627	-0.376953	0.058594
628	-0.382813	0.150391
629	-0.355469	-0.105469
630	-0.419922	0.001953
631	-0.394531	-0.054688
632	-0.382813	0.000000
633	-0.400391	0.000000
634	-0.384766	-0.156250
635	-0.384766	-0.150391
636	-0.445313	-0.115234
637	-0.425781	0.097656
638	-0.349609	0.017578
639	-0.392578	-0.103516
640	-0.447266	-0.005859
641	-0.392578	-0.062500
642	-0.419922	0.115234
643	-0.378906	0.087891
644	-0.386719	0.208984
645	-0.394531	0.087891
646	-0.386719	-0.066406
647	-0.361328	-0.046875
648	-0.400391	-0.138672
649	-0.402344	0.050781
650	-0.378906	0.009766
651	-0.326172	-0.074219
652	-0.400391	-0.076172
653	-0.380859	0.050781
654	-0.427734	0.097656
655	-0.392578	0.173828
656	-0.386719	-0.083984
657	-0.361328	0.021484
658	-0.419922	-0.058594
659	-0.361328	-0.070313
660	-0.382813	-0.009766
661	-0.386719	-0.099609
662	-0.404297	0.013672
663	-0.355469	0.035156
664	-0.363281	0.029297
665	-0.427734	0.107422
666	-0.408203	0.015625
667	-0.400391	0.050781
668	-0.390625	0.001953
669	-0.373047	-0.025391
670	-0.371094	0.041016
671	-0.396484	-0.191406
672	-0.355469	-0.058594
673	-0.404297	-0.023438
674	-0.414063	0.242188
675	-0.335938	-0.218750
676	-0.406250	0.121094
677	-0.382813	-0.115234
678	-0.419922	-0.107422
679	-0.375000	0.035156
680	-0.376953	-0.085938
681	-0.347656	-0.046875
682	-0.392578	0.009766
683	-0.392578	0.044922
684	-0.386719	0.039063
685	-0.382813	-0.066406
686	-0.400391	-0.037109
687	-0.320313	-0.068359
688	-0.400391	-0.214844
689	-0.343750	0.003906
690	-0.367188	-0.007813
691	-0.371094	0.046875
692	-0.359375	0.023438
693	-0.378906	0.082031
694	-0.398438	-0.050781
695	-0.406250	0.017578
696	-0.394531	0.058594
697	-0.400391	-0.115234
698	-0.386719	-0.042969
699	-0.373047	-0.121094
700	-0.472656	0.144531
701	-0.373047	-0.062500
702	-0.349609	-0.005859
703	-0.392578	0.048828
704	-0.386719	0.154297
705	-0.349609	0.037109
706	-0.359375	-0.041016
707	-0.392578	-0.042969
708	-0.369141	-0.113281
709	-0.392578	0.031250
710	-0.365234	0.064453
711	-0.410156	0.142578
712	-0.330078	-0.164063
713	-0.367188	-0.027344
714	-0.369141	-0.027344
715	-0.402344	0.021484
716	-0.402344	-0.062500
717	-0.373047	-0.031250
718	-0.400391	0.099609
719	-0.402344	-0.154297
720	-0.363281	-0.037109
721	-0.386719	-0.015625
722	-0.365234	0.109375
723	-0.376953	-0.087891
724	-0.425781	-0.121094
725	-0.416016	0.162109
726	-0.419922	-0.099609
727	-0.335938	-0.044922
728	-0.392578	-0.005859
729	-0.390625	0.154297
730	-0.375000	0.009766
731	-0.371094	0.080078
732	-0.396484	0.126953
733	-0.441406	0.001953
734	-0.425781	-0.097656
735	-0.410156	0.093750
736	-0.404297	0.011719
737	-0.416016	-0.031250
738	-0.375000	0.011719
739	-0.351563	-0.033203
740	-0.369141	-0.054688
741	-0.376953	-0.023438
742	-0.435547	-0.050781
743	-0.347656	0.035156
744	-0.417969	0.142578
745	-0.369141	0.044922
746	-0.359375	0.150391
747	-0.371094	0.013672
748	-0.388672	-0.267578
749	-0.359375	-0.027344
750	-0.417969	-0.154297
751	-0.376953	-0.039063
752	-0.394531	0.136719
753	-0.371094	-0.042969
754	-0.398438	0.082031
755	-0.382813	0.078125
756	-0.320313	0.029297
757	-0.423828	0.068359
758	-0.400391	-0.128906
759	-0.375000	0.015625
760	-0.390625	0.119141
761	-0.351563	0.119141
762	-0.412109	-0.062500
763	-0.441406	-0.125000
764	-0.408203	-0.054688
765	-0.429688	-0.044922
766	-0.341797	0.031250
767	-0.406250	0.083984
768	-0.398438	-0.050781
769	-0.396484	0.015625
770	-0.394531	-0.076172
771	-0.404297	-0.154297
772	-0.363281	-0.074219
773	-0.419922	-0.117188
774	-0.386719	-0.039063
775	-0.371094	-0.082031
776	-0.382813	0.072266
777	-0.285156	0.154297
778	-0.367188	0.156250
779	-0.417969	0.117188
780	-0.406250	-0.136719
781	-0.406250	0.056641
782	-0.355469	0.037109
783	-0.365234	0.044922
784	-0.382813	0.119141
785	-0.435547	-0.132813
786	-0.404297	0.087891
787	-0.423828	0.248047
788	-0.404297	0.070313
789	-0.382813	0.087891
790	-0.365234	0.029297
791	-0.359375	0.031250
792	-0.394531	0.039063
793	-0.378906	-0.003906
794	-0.423828	0.070313
795	-0.320313	-0.070313
796	-0.373047	0.027344
797	-0.359375	0.195313
798	-0.359375	0.013672
799	-0.380859	-0.050781
800	-0.351563	-0.058594
801	-0.392578	-0.042969
802	-0.371094	-0.003906
803	-0.373047	0.070313
804	-0.378906	0.087891
805	-0.410156	0.121094
806	-0.351563	0.046875
807	-0.425781	-0.062500
808	-0.353516	0.037109
809	-0.347656	-0.050781
810	-0.373047	-0.007813
811	-0.414063	-0.011719
812	-0.382813	-0.003906
813	-0.416016	0.029297
814	-0.367188	-0.134766
815	-0.355469	0.052734
816	-0.402344	0.013672
817	-0.404297	0.044922
818	-0.359375	-0.123047
819	-0.339844	0.042969
820	-0.369141	-0.019531
821	-0.341797	-0.017578
822	-0.419922	-0.074219
823	-0.402344	-0.148438
824	-0.382813	-0.007813
825	-0.359375	0.099609
826	-0.330078	0.019531
827	-0.376953	0.132813
828	-0.375000	0.017578
829	-0.333984	0.031250
830	-0.285156	0.158203
831	-0.308594	0.066406
832	-0.361328	-0.095703
833	-0.371094	-0.035156
834	-0.394531	0.015625
835	-0.392578	-0.039063
836	-0.386719	-0.080078
837	-0.398438	0.000000
838	-0.380859	0.052734
839	-0.394531	-0.089844
840	-0.396484	-0.091797
841	-0.380859	-0.062500
842	-0.357422	0.058594
843	-0.398438	0.064453
844	-0.417969	0.078125
845	-0.455078	-0.296875
846	-0.400391	-0.162109
847	-0.371094	0.035156
848	-0.375000	-0.054688
849	-0.390625	-0.013672
850	-0.343750	-0.109375
851	-0.425781	-0.140625
852	-0.382813	-0.048828
853	-0.349609	0.126953
854	-0.375000	-0.031250
855	-0.353516	0.046875
856	-0.427734	0.150391
857	-0.349609	0.097656
858	-0.363281	0.048828
859	-0.433594	0.242188
860	-0.357422	-0.035156
861	-0.390625	0.052734
862	-0.392578	-0.103516
863	-0.371094	-0.126953
864	-0.365234	0.048828
865	-0.390625	0.132813
866	-0.363281	-0.105469
867	-0.425781	0.214844
868	-0.353516	-0.001953
869	-0.468750	0.033203
870	-0.400391	0.056641
871	-0.431641	0.173828
872	-0.367188	-0.072266
873	-0.373047	-0.072266
874	-0.416016	0.125000
875	-0.388672	0.013672
876	-0.353516	0.017578
877	-0.343750	-0.027344
878	-0.326172	-0.068359
879	-0.343750	0.074219
880	-0.382813	0.021484
881	-0.369141	0.082031
882	-0.353516	0.009766
883	-0.337891	0.039063
884	-0.386719	-0.070313
885	-0.380859	-0.156250
886	-0.404297	-0.138672
887	-0.330078	-0.017578
888	-0.378906	-0.089844
889	-0.414063	0.029297
890	-0.382813	0.011719
891	-0.388672	0.056641
892	-0.410156	0.068359
893	-0.373047	0.083984
894	-0.400391	0.210938
895	-0.406250	-0.253906
896	-0.449219	-0.158203
897	-0.353516	-0.015625
898	-0.394531	0.140625
899	-0.365234	0.068359
900	-0.445313	0.232422
901	-0.392578	0.000000
902	-0.406250	-0.031250
903	-0.447266	0.013672
904	-0.380859	-0.019531
905	-0.394531	0.035156
906	-0.396484	-0.048828
907	-0.390625	0.029297
908	-0.435547	0.027344
909	-0.402344	0.009766
910	-0.419922	-0.003906
911	-0.384766	0.171875
912	-0.357422	0.171875
913	-0.373047	0.097656
914	-0.367188	-0.039063
915	-0.453125	-0.050781
916	-0.384766	-0.111328
917	-0.396484	-0.107422
918	-0.404297	0.000000
919	-0.373047	0.044922
920	-0.373047	0.031250
921	-0.380859	-0.035156
922	-0.402344	0.087891
923	-0.406250	0.001953
924	-0.378906	-0.023438
925	-0.349609	-0.003906
926	-0.388672	-0.029297
927	-0.406250	-0.046875
928	-0.376953	0.212891
929	-0.443359	-0.005859
930	-0.412109	-0.011719
931	-0.425781	-0.050781
932	-0.382813	0.095703
933	-0.369141	0.171875
934	-0.361328	0.210938
935	-0.371094	0.046875
936	-0.357422	-0.042969
937	-0.363281	0.066406
938	-0.392578	0.052734
939	-0.304688	0.050781
940	-0.361328	-0.056641
941	-0.359375	0.066406
942	-0.369141	-0.056641
943	-0.365234	-0.136719
944	-0.410156	-0.009766
945	-0.378906	0.054688
946	-0.386719	-0.001953
947	-0.376953	-0.039063
948	-0.417969	0.009766
949	-0.398438	-0.083984
950	-0.386719	0.097656
951	-0.390625	-0.064453
952	-0.382813	-0.058594
953	-0.320313	-0.027344
954	-0.339844	0.138672
955	-0.392578	0.029297
956	-0.410156	0.000000
957	-0.359375	-0.140625
958	-0.423828	0.126953
959	-0.394531	-0.058594
960	-0.384766	0.085938
961	-0.382813	-0.052734
962	-0.351563	0.044922
963	-0.394531	0.027344
964	-0.332031	0.146484
965	-0.347656	0.005859
966	-0.390625	-0.117188
967	-0.402344	0.078125
968	-0.345703	-0.029297
969	-0.376953	0.058594
970	-0.345703	-0.068359
971	-0.369141	0.042969
972	-0.369141	-0.011719
973	-0.337891	0.087891
974	-0.394531	0.048828
975	-0.375000	0.136719
976	-0.355469	-0.056641
977	-0.361328	0.117188
978	-0.363281	-0.138672
979	-0.349609	0.037109
980	-0.376953	0.140625
981	-0.410156	0.345703
982	-0.414063	0.056641
983	-0.351563	-0.009766
984	-0.412109	-0.019531
985	-0.367188	0.130859
986	-0.382813	-0.068359
987	-0.429688	-0.308594
988	-0.410156	-0.250000
989	-0.417969	-0.134766
990	-0.400391	0.033203
991	-0.410156	0.046875
992	-0.386719	-0.029297
993	-0.408203	-0.089844
994	-0.423828	0.056641
995	-0.427734	-0.160156
996	-0.419922	-0.042969
997	-0.333984	0.027344
998	-0.394531	0.207031
999	-0.371094	0.177734
