0	-0.103516	-0.031250
1	-0.072266	0.021484
2	-0.070313	-0.046875
3	-0.046875	-0.048828
4	-0.072266	0.003906
5	-0.091797	0.042969
6	-0.082031	-0.050781
7	-0.056641	0.003906
8	-0.097656	-0.019531
9	-0.101563	0.021484
10	-0.103516	-0.007813
11	-0.060547	0.031250
12	-0.082031	-0.015625
13	-0.089844	-0.039063
14	0.000000	0.019531
15	-0.023438	-0.070313
16	-0.052734	0.023438
17	-0.070313	-0.042969
18	-0.085938	-0.013672
19	-0.066406	0.029297
20	-0.046875	0.007813
21	-0.037109	-0.054688
22	-0.058594	-0.015625
23	-0.076172	0.042969
24	-0.087891	0.025391
25	-0.085938	0.021484
26	-0.050781	0.003906
27	-0.050781	-0.025391
28	-0.085938	0.005859
29	-0.093750	0.015625
30	-0.072266	-0.048828
31	-0.021484	-0.037109
32	-0.021484	0.000000
33	-0.062500	0.052734
34	-0.060547	-0.007813
35	-0.050781	0.029297
36	-0.089844	-0.021484
37	-0.105469	0.037109
38	-0.105469	0.015625
39	-0.068359	-0.041016
40	-0.072266	0.015625
41	-0.064453	0.027344
42	-0.074219	-0.025391
43	-0.062500	0.041016
44	-0.066406	0.007813
45	-0.101563	0.060547
46	-0.089844	-0.066406
47	-0.050781	-0.007813
48	-0.060547	-0.013672
49	-0.062500	-0.031250
50	-0.066406	-0.005859
51	-0.050781	0.037109
52	-0.052734	-0.015625
53	-0.097656	-0.017578
54	-0.052734	0.013672
55	-0.054688	-0.041016
56	-0.037109	0.009766
57	-0.076172	-0.009766
58	-0.087891	0.035156
59	-0.087891	-0.042969
60	-0.076172	-0.023438
61	-0.070313	-0.009766
62	-0.060547	-0.068359
63	-0.054688	0.013672
64	-0.052734	-0.017578
65	-0.093750	0.064453
66	-0.080078	0.027344
67	-0.037109	-0.011719
68	-0.037109	0.000000
69	-0.058594	-0.041016
70	-0.060547	0.019531
71	-0.101563	0.037109
72	-0.085938	-0.009766
73	-0.050781	0.011719
74	-0.097656	-0.041016
75	-0.052734	-0.041016
76	-0.031250	-0.011719
77	-0.021484	0.041016
78	-0.085938	-0.005859
79	-0.083984	0.005859
80	-0.093750	0.001953
81	-0.126953	-0.064453
82	-0.103516	0.072266
83	-0.089844	-0.039063
84	-0.048828	0.001953
85	-0.078125	0.003906
86	-0.078125	0.056641
87	-0.060547	-0.009766
88	-0.050781	0.042969
89	-0.046875	0.011719
90	0.001953	0.027344
91	-0.056641	-0.009766
92	-0.078125	0.011719
93	-0.066406	0.017578
94	-0.097656	0.021484
95	-0.101563	0.013672
96	-0.064453	-0.017578
97	-0.107422	-0.042969
98	-0.050781	0.050781
99	-0.041016	0.054688
100	-0.058594	-0.087891
101	-0.013672	-0.005859
102	-0.044922	0.025391
103	-0.078125	0.025391
104	-0.080078	-0.072266
105	-0.083984	0.017578
106	-0.083984	-0.027344
107	-0.062500	0.009766
108	-0.087891	-0.039063
109	-0.089844	0.027344
110	-0.064453	0.007813
111	-0.062500	0.021484
112	-0.011719	-0.033203
113	-0.050781	0.025391
114	-0.054688	-0.042969
115	-0.060547	0.035156
116	-0.066406	-0.025391
117	-0.070313	-0.009766
118	-0.091797	-0.003906
119	-0.056641	-0.027344
120	-0.107422	0.003906
121	-0.064453	-0.007813
122	-0.066406	0.017578
123	-0.048828	0.023438
124	-0.076172	-0.005859
125	-0.083984	0.001953
126	-0.093750	0.025391
127	-0.056641	-0.042969
128	-0.085938	0.003906
129	-0.105469	-0.044922
130	-0.076172	0.011719
131	-0.058594	-0.021484
132	-0.087891	0.029297
133	-0.062500	-0.021484
134	-0.048828	0.017578
135	-0.076172	0.007813
136	-0.052734	0.048828
137	-0.078125	-0.091797
138	-0.058594	0.037109
139	-0.093750	0.031250
140	-0.078125	-0.011719
141	-0.041016	0.019531
142	-0.035156	-0.068359
143	-0.083984	-0.013672
144	-0.091797	-0.009766
145	-0.076172	0.044922
146	-0.089844	-0.009766
147	-0.087891	0.035156
148	-0.039063	-0.056641
149	-0.058594	0.003906
150	-0.056641	0.041016
151	-0.066406	-0.060547
152	-0.064453	0.025391
153	-0.062500	0.011719
154	-0.027344	0.001953
155	-0.044922	-0.003906
156	-0.056641	0.015625
157	-0.042969	-0.039063
158	-0.080078	-0.009766
159	-0.054688	-0.017578
160	-0.099609	0.017578
161	-0.064453	0.041016
162	-0.097656	-0.013672
163	-0.076172	0.054688
164	-0.080078	-0.033203
165	-0.093750	0.019531
166	-0.068359	-0.037109
167	-0.089844	0.015625
168	-0.042969	-0.009766
169	-0.048828	0.023438
170	-0.089844	0.025391
171	-0.044922	0.011719
172	-0.056641	-0.021484
173	-0.058594	0.029297
174	-0.078125	-0.023438
175	-0.013672	0.007813
176	-0.064453	-0.017578
177	-0.042969	0.019531
178	-0.064453	0.019531
179	-0.035156	0.041016
180	-0.058594	-0.023438
181	-0.052734	-0.023438
182	-0.066406	-0.005859
183	-0.076172	-0.048828
184	-0.037109	-0.023438
185	-0.097656	0.000000
186	-0.083984	0.007813
187	-0.042969	-0.050781
188	-0.080078	0.023438
189	-0.064453	-0.050781
190	-0.083984	0.066406
191	-0.095703	-0.037109
192	-0.103516	-0.042969
193	-0.046875	-0.011719
194	-0.041016	0.023438
195	-0.042969	0.019531
196	-0.039063	0.062500
197	-0.048828	-0.031250
198	-0.074219	0.058594
199	-0.072266	-0.017578
200	-0.046875	-0.064453
201	-0.048828	-0.023438
202	-0.076172	0.037109
203	-0.050781	-0.052734
204	-0.039063	-0.013672
205	-0.082031	0.033203
206	-0.066406	-0.060547
207	-0.068359	0.035156
208	-0.089844	-0.009766
209	-0.089844	-0.044922
210	-0.048828	0.035156
211	-0.078125	0.011719
212	-0.078125	-0.001953
213	-0.076172	-0.039063
214	-0.033203	0.031250
215	-0.054688	0.025391
216	-0.064453	0.050781
217	-0.083984	-0.011719
218	-0.080078	-0.017578
219	-0.107422	0.001953
220	-0.070313	0.017578
221	-0.052734	-0.027344
222	-0.009766	0.021484
223	-0.080078	0.037109
224	-0.103516	-0.054688
225	-0.044922	0.066406
226	-0.058594	-0.015625
227	-0.050781	-0.060547
228	-0.087891	0.019531
229	-0.076172	-0.052734
230	-0.050781	0.019531
231	-0.044922	-0.013672
232	-0.048828	-0.019531
233	-0.023438	-0.005859
234	-0.046875	-0.025391
235	-0.074219	-0.021484
236	-0.089844	0.054688
237	-0.054688	-0.074219
238	-0.048828	0.000000
239	-0.033203	-0.015625
240	-0.080078	0.019531
241	-0.052734	-0.060547
242	-0.052734	-0.023438
243	-0.076172	0.023438
244	-0.087891	-0.035156
245	-0.105469	0.064453
246	-0.070313	0.023438
247	-0.046875	-0.015625
248	-0.082031	0.035156
249	-0.080078	-0.044922
250	-0.154297	-0.005859
251	-0.115234	-0.029297
252	-0.072266	0.011719
253	-0.056641	0.000000
254	-0.060547	-0.005859
255	-0.087891	0.007813
256	-0.046875	0.023438
257	-0.052734	0.005859
258	-0.062500	-0.021484
259	-0.064453	0.000000
260	-0.080078	-0.070313
261	-0.089844	0.031250
262	-0.046875	0.017578
263	-0.060547	-0.046875
264	-0.052734	0.011719
265	-0.070313	0.015625
266	-0.078125	-0.013672
267	-0.068359	-0.009766
268	-0.046875	-0.031250
269	-0.070313	-0.027344
270	-0.089844	0.058594
271	-0.074219	-0.019531
272	-0.035156	0.029297
273	-0.037109	0.015625
274	-0.054688	-0.035156
275	-0.064453	0.015625
276	-0.062500	0.011719
277	-0.078125	0.019531
278	-0.085938	0.001953
279	-0.080078	-0.007813
280	-0.054688	0.017578
281	-0.046875	-0.048828
282	-0.083984	0.046875
283	-0.070313	-0.037109
284	-0.066406	-0.003906
285	-0.054688	-0.011719
286	-0.064453	0.048828
287	-0.039063	-0.015625
288	-0.107422	0.003906
289	-0.128906	0.023438
290	-0.103516	-0.058594
291	-0.087891	0.025391
292	-0.083984	-0.023438
293	-0.037109	-0.023438
294	-0.097656	0.035156
295	-0.115234	0.001953
296	-0.058594	-0.048828
297	-0.072266	0.054688
298	-0.056641	-0.031250
299	-0.058594	-0.041016
300	-0.054688	0.064453
301	-0.074219	0.011719
302	-0.076172	-0.009766
303	-0.078125	-0.052734
304	-0.037109	-0.025391
305	-0.044922	0.007813
306	-0.031250	0.074219
307	-0.048828	-0.042969
308	-0.085938	0.035156
309	-0.093750	0.025391
310	-0.109375	0.033203
311	-0.068359	0.037109
312	-0.064453	-0.029297
313	-0.060547	0.048828
314	-0.070313	-0.082031
315	-0.066406	0.019531
316	-0.062500	-0.011719
317	-0.095703	-0.017578
318	-0.115234	0.015625
319	-0.068359	-0.013672
320	-0.056641	-0.064453
321	-0.066406	0.046875
322	-0.070313	0.029297
323	-0.064453	-0.058594
324	-0.033203	0.029297
325	-0.011719	-0.013672
326	-0.056641	-0.031250
327	-0.041016	0.003906
328	-0.058594	0.023438
329	-0.042969	-0.029297
330	-0.066406	0.029297
331	-0.095703	-0.048828
332	-0.089844	-0.027344
333	-0.070313	-0.023438
334	-0.046875	0.060547
335	-0.054688	-0.013672
336	-0.042969	0.005859
337	-0.052734	-0.029297
338	-0.103516	0.013672
339	-0.064453	-0.021484
340	-0.095703	0.005859
341	-0.062500	0.003906
342	-0.072266	-0.001953
343	-0.064453	0.050781
344	-0.080078	-0.039063
345	-0.062500	0.017578
346	-0.044922	-0.023438
347	-0.052734	-0.050781
348	-0.013672	0.009766
349	-0.054688	-0.003906
350	-0.078125	-0.068359
351	-0.046875	0.035156
352	-0.035156	0.033203
353	-0.076172	-0.007813
354	-0.070313	-0.011719
355	-0.052734	-0.068359
356	-0.052734	-0.003906
357	-0.091797	0.021484
358	-0.078125	0.021484
359	-0.085938	0.031250
360	-0.052734	0.001953
361	-0.066406	-0.052734
362	-0.068359	0.060547
363	-0.074219	-0.001953
364	-0.060547	0.023438
365	-0.076172	-0.050781
366	-0.089844	0.035156
367	-0.066406	0.041016
368	-0.029297	-0.033203
369	-0.072266	0.005859
370	-0.060547	-0.029297
371	-0.087891	0.015625
372	-0.015625	0.005859
373	-0.103516	-0.009766
374	-0.093750	0.013672
375	-0.076172	-0.056641
376	-0.048828	0.033203
377	-0.074219	-0.031250
378	-0.078125	0.064453
379	-0.078125	-0.009766
380	-0.093750	0.080078
381	-0.046875	0.013672
382	-0.054688	0.039063
383	-0.068359	-0.050781
384	-0.095703	0.021484
385	-0.050781	-0.013672
386	-0.048828	-0.007813
387	-0.080078	-0.011719
388	-0.039063	0.013672
389	-0.044922	0.017578
390	-0.042969	-0.046875
391	-0.044922	-0.005859
392	-0.107422	0.064453
393	-0.095703	0.011719
394	-0.089844	-0.017578
395	-0.062500	0.035156
396	-0.046875	-0.025391
397	-0.082031	-0.023438
398	-0.074219	-0.009766
399	-0.060547	0.027344
400	-0.050781	-0.023438
401	-0.023438	-0.021484
402	-0.070313	-0.013672
403	-0.064453	0.027344
404	-0.046875	-0.027344
405	-0.027344	0.009766
406	-0.035156	-0.005859
407	-0.035156	-0.052734
408	-0.056641	-0.023438
409	-0.072266	0.048828
410	-0.029297	-0.027344
411	-0.039063	-0.019531
412	-0.072266	-0.044922
413	-0.060547	-0.001953
414	-0.042969	0.046875
415	-0.052734	-0.064453
416	-0.068359	-0.017578
417	-0.083984	0.011719
418	-0.050781	0.009766
419	-0.113281	0.013672
420	-0.105469	0.003906
421	-0.070313	0.007813
422	-0.064453	-0.013672
423	-0.072266	0.019531
424	-0.044922	-0.041016
425	-0.025391	0.011719
426	-0.044922	0.027344
427	-0.070313	-0.035156
428	-0.095703	0.015625
429	-0.082031	-0.009766
430	-0.070313	-0.064453
431	-0.068359	-0.035156
432	-0.076172	0.025391
433	-0.042969	0.029297
434	-0.029297	0.013672
435	-0.064453	-0.048828
436	-0.080078	0.001953
437	-0.039063	0.009766
438	-0.033203	0.021484
439	-0.046875	-0.013672
440	-0.074219	0.029297
441	-0.056641	0.003906
442	-0.070313	0.082031
443	-0.050781	-0.013672
444	-0.037109	-0.001953
445	-0.060547	-0.005859
446	-0.091797	-0.023438
447	-0.041016	-0.033203
448	-0.046875	0.068359
449	-0.042969	0.031250
450	-0.041016	0.019531
451	-0.062500	-0.015625
452	-0.029297	0.042969
453	-0.054688	-0.025391
454	-0.027344	0.005859
455	-0.044922	-0.029297
456	-0.076172	0.064453
457	-0.078125	0.005859
458	-0.085938	-0.009766
459	-0.105469	0.013672
460	-0.050781	-0.003906
461	-0.050781	-0.001953
462	-0.056641	-0.009766
463	-0.052734	-0.023438
464	-0.091797	0.025391
465	-0.097656	0.027344
466	-0.087891	0.000000
467	-0.080078	0.033203
468	-0.080078	0.031250
469	-0.066406	-0.005859
470	-0.070313	-0.048828
471	-0.046875	0.000000
472	-0.070313	0.021484
473	-0.078125	-0.037109
474	-0.095703	-0.019531
475	-0.046875	-0.011719
476	-0.068359	-0.003906
477	-0.039063	-0.011719
478	-0.068359	0.052734
479	-0.107422	-0.021484
480	-0.089844	0.060547
481	-0.076172	-0.019531
482	-0.076172	0.072266
483	-0.091797	-0.021484
484	-0.058594	-0.013672
485	-0.041016	0.000000
486	-0.078125	-0.025391
487	-0.066406	-0.037109
488	-0.113281	-0.019531
489	-0.076172	0.048828
490	-0.060547	0.001953
491	-0.072266	-0.068359
492	-0.072266	0.029297
493	-0.078125	-0.025391
494	-0.066406	0.013672
495	-0.052734	-0.025391
496	-0.044922	-0.005859
497	-0.072266	0.050781
498	-0.041016	-0.039063
499	-0.076172	0.050781
500	-0.089844	-0.003906
501	-0.072266	0.027344
502	-0.074219	0.009766
503	-0.042969	0.035156
504	-0.035156	-0.021484
505	-0.068359	0.080078
506	-0.056641	-0.050781
507	-0.082031	-0.103516
508	-0.066406	0.101563
509	-0.087891	-0.007813
510	-0.101563	0.005859
511	-0.105469	-0.027344
512	-0.107422	0.042969
513	-0.074219	0.017578
514	-0.078125	0.015625
515	-0.068359	0.031250
516	-0.072266	-0.060547
517	-0.076172	-0.023438
518	-0.039063	0.009766
519	-0.031250	0.009766
520	-0.035156	-0.037109
521	-0.033203	-0.005859
522	-0.083984	0.017578
523	-0.031250	-0.021484
524	-0.046875	-0.033203
525	-0.087891	0.005859
526	-0.054688	0.000000
527	-0.072266	0.035156
528	-0.007813	-0.060547
529	-0.021484	0.023438
530	-0.060547	0.013672
531	-0.023438	0.019531
532	-0.041016	-0.013672
533	-0.052734	0.035156
534	-0.093750	0.005859
535	-0.095703	-0.074219
536	-0.097656	0.029297
537	-0.080078	-0.066406
538	-0.046875	0.009766
539	-0.023438	0.039063
540	-0.052734	0.011719
541	-0.091797	-0.015625
542	-0.046875	-0.015625
543	-0.050781	-0.029297
544	-0.093750	0.023438
545	-0.029297	0.009766
546	-0.056641	-0.007813
547	-0.044922	-0.068359
548	-0.056641	0.037109
549	-0.066406	-0.035156
550	-0.058594	-0.046875
551	-0.080078	0.042969
552	-0.050781	-0.033203
553	-0.070313	-0.048828
554	-0.099609	0.044922
555	-0.107422	-0.023438
556	-0.062500	0.027344
557	-0.056641	-0.035156
558	-0.072266	0.009766
559	-0.054688	0.041016
560	-0.060547	-0.005859
561	-0.054688	-0.054688
562	-0.044922	0.027344
563	-0.091797	0.001953
564	-0.107422	0.011719
565	-0.068359	-0.033203
566	-0.076172	-0.041016
567	-0.062500	0.000000
568	-0.021484	0.037109
569	-0.005859	-0.048828
570	-0.025391	0.009766
571	-0.054688	0.019531
572	-0.089844	0.033203
573	-0.052734	-0.033203
574	-0.070313	0.021484
575	-0.091797	0.009766
576	-0.072266	-0.025391
577	-0.037109	0.001953
578	-0.062500	-0.003906
579	-0.095703	0.052734
580	-0.056641	-0.019531
581	-0.085938	-0.005859
582	-0.117188	-0.037109
583	-0.060547	-0.011719
584	-0.062500	0.031250
585	-0.060547	0.005859
586	-0.056641	-0.042969
587	-0.111328	0.056641
588	-0.074219	-0.031250
589	-0.068359	-0.023438
590	-0.056641	0.037109
591	-0.089844	-0.005859
592	-0.080078	0.044922
593	-0.052734	0.048828
594	-0.091797	0.041016
595	-0.058594	0.019531
596	-0.066406	0.000000
597	-0.007813	-0.015625
598	-0.060547	0.054688
599	-0.085938	-0.044922
600	-0.054688	-0.019531
601	-0.050781	0.003906
602	-0.070313	0.029297
603	-0.058594	0.033203
604	-0.107422	0.011719
605	-0.089844	0.001953
606	-0.078125	-0.056641
607	-0.074219	0.048828
608	-0.033203	0.025391
609	-0.044922	-0.044922
610	-0.001953	0.060547
611	-0.074219	-0.009766
612	-0.074219	-0.041016
613	-0.080078	0.005859
614	-0.093750	-0.023438
615	-0.037109	-0.021484
616	-0.076172	0.080078
617	-0.072266	-0.056641
618	-0.041016	-0.023438
619	-0.056641	0.039063
620	-0.048828	0.064453
621	-0.052734	-0.017578
622	-0.039063	-0.029297
623	-0.070313	0.056641
624	-0.058594	0.058594
625	-0.058594	-0.070313
626	-0.066406	-0.031250
627	-0.052734	-0.003906
628	-0.066406	-0.027344
629	-0.048828	-0.052734
630	-0.025391	0.060547
631	-0.041016	-0.023438
632	-0.080078	-0.001953
633	-0.044922	0.027344
634	-0.060547	-0.029297
635	-0.041016	0.025391
636	-0.037109	0.005859
637	-0.091797	0.009766
638	-0.060547	0.052734
639	-0.021484	-0.058594
640	-0.103516	-0.023438
641	-0.066406	-0.070313
642	-0.095703	0.031250
643	-0.041016	0.031250
644	-0.031250	-0.013672
645	-0.023438	-0.015625
646	-0.062500	-0.005859
647	-0.062500	0.009766
648	-0.027344	-0.033203
649	-0.037109	-0.019531
650	-0.037109	-0.023438
651	-0.085938	0.027344
652	-0.042969	0.011719
653	-0.037109	-0.056641
654	-0.056641	0.017578
655	-0.041016	0.031250
656	-0.056641	0.019531
657	-0.070313	-0.052734
658	-0.060547	0.027344
659	-0.031250	-0.001953
660	-0.066406	0.062500
661	-0.103516	-0.087891
662	-0.095703	0.017578
663	-0.072266	0.035156
664	-0.070313	0.023438
665	-0.072266	-0.005859
666	-0.042969	0.044922
667	-0.060547	0.087891
668	-0.058594	-0.103516
669	-0.060547	-0.007813
670	-0.095703	0.037109
671	-0.042969	-0.001953
672	-0.056641	-0.039063
673	-0.039063	0.052734
674	-0.078125	0.035156
675	-0.064453	-0.029297
676	-0.039063	0.060547
677	-0.058594	-0.007813
678	-0.072266	0.027344
679	-0.062500	0.031250
680	-0.054688	-0.060547
681	-0.068359	-0.013672
682	-0.066406	0.039063
683	-0.091797	-0.009766
684	-0.105469	0.009766
685	-0.056641	0.005859
686	-0.056641	-0.031250
687	-0.087891	-0.003906
688	-0.095703	0.000000
689	-0.058594	0.033203
690	-0.089844	-0.005859
691	-0.091797	-0.013672
692	-0.058594	0.001953
693	-0.068359	0.005859
694	-0.048828	-0.017578
695	-0.033203	-0.023438
696	-0.042969	-0.042969
697	-0.029297	0.007813
698	-0.066406	-0.019531
699	-0.009766	-0.009766
700	-0.064453	0.001953
701	-0.072266	0.035156
702	-0.058594	-0.041016
703	-0.037109	-0.031250
704	-0.056641	0.013672
705	-0.066406	0.048828
706	-0.076172	-0.017578
707	-0.111328	-0.009766
708	-0.070313	0.013672
709	-0.048828	0.060547
710	-0.048828	-0.001953
711	-0.078125	-0.021484
712	-0.082031	-0.007813
713	-0.062500	0.007813
714	-0.025391	-0.023438
715	-0.064453	0.007813
716	-0.060547	-0.042969
717	-0.056641	0.000000
718	-0.035156	-0.035156
719	-0.115234	0.042969
720	-0.111328	-0.017578
721	-0.095703	-0.037109
722	-0.060547	-0.003906
723	-0.082031	0.060547
724	-0.060547	0.035156
725	-0.076172	-0.031250
726	-0.037109	-0.025391
727	-0.066406	0.044922
728	-0.041016	-0.037109
729	-0.066406	-0.050781
730	-0.066406	0.085938
731	-0.039063	-0.046875
732	-0.048828	0.033203
733	-0.076172	-0.027344
734	-0.074219	0.066406
735	-0.076172	-0.033203
736	-0.074219	0.017578
737	-0.083984	0.007813
738	-0.039063	0.033203
739	-0.046875	-0.046875
740	-0.072266	0.017578
741	-0.083984	-0.027344
742	-0.083984	-0.048828
743	-0.097656	-0.023438
744	-0.091797	0.041016
745	-0.095703	0.041016
746	-0.050781	-0.056641
747	-0.019531	-0.033203
748	-0.058594	-0.039063
749	-0.031250	0.039063
750	-0.027344	-0.005859
751	-0.042969	-0.013672
752	-0.037109	-0.007813
753	-0.048828	0.003906
754	-0.058594	-0.056641
755	-0.035156	-0.011719
756	-0.017578	-0.009766
757	-0.072266	-0.042969
758	-0.074219	-0.017578
759	-0.078125	0.023438
760	-0.044922	-0.027344
761	-0.039063	0.003906
762	-0.076172	0.033203
763	-0.082031	-0.009766
764	-0.089844	0.001953
765	-0.068359	-0.062500
766	-0.046875	-0.019531
767	-0.085938	-0.003906
768	-0.072266	0.031250
769	-0.048828	-0.007813
770	-0.041016	-0.011719
771	-0.033203	-0.037109
772	-0.033203	-0.031250
773	-0.023438	-0.035156
774	-0.068359	-0.005859
775	-0.093750	0.027344
776	-0.087891	0.013672
777	-0.093750	0.023438
778	-0.095703	-0.023438
779	-0.080078	-0.013672
780	-0.054688	0.091797
781	-0.011719	-0.060547
782	-0.044922	0.017578
783	-0.044922	0.015625
784	-0.070313	-0.050781
785	-0.058594	0.027344
786	-0.064453	0.060547
787	-0.089844	0.013672
788	-0.062500	-0.001953
789	-0.062500	0.025391
790	-0.082031	-0.023438
791	-0.048828	-0.009766
792	-0.044922	-0.007813
793	-0.060547	-0.068359
794	-0.066406	-0.015625
795	-0.048828	-0.003906
796	-0.042969	0.037109
797	-0.082031	0.003906
798	-0.070313	-0.023438
799	-0.080078	0.044922
800	-0.117188	-0.013672
801	-0.052734	-0.007813
802	-0.048828	0.003906
803	-0.099609	-0.025391
804	-0.072266	0.037109
805	-0.091797	0.031250
806	-0.080078	0.031250
807	-0.101563	0.068359
808	-0.050781	-0.037109
809	-0.058594	0.007813
810	-0.095703	0.005859
811	-0.105469	0.042969
812	-0.080078	-0.050781
813	-0.068359	0.044922
814	-0.078125	0.011719
815	-0.072266	0.046875
816	-0.068359	-0.013672
817	-0.066406	0.039063
818	-0.091797	-0.025391
819	-0.042969	-0.015625
820	-0.050781	-0.019531
821	-0.054688	-0.005859
822	-0.060547	0.011719
823	-0.072266	-0.017578
824	-0.087891	-0.035156
825	-0.060547	0.033203
826	-0.074219	0.007813
827	-0.060547	0.056641
828	-0.056641	-0.078125
829	-0.068359	0.009766
830	-0.080078	-0.007813
831	-0.076172	0.039063
832	-0.066406	0.007813
833	-0.044922	-0.023438
834	-0.052734	0.025391
835	-0.085938	-0.005859
836	-0.080078	-0.072266
837	-0.076172	0.003906
838	-0.050781	-0.027344
839	-0.048828	-0.033203
840	-0.068359	0.005859
841	-0.078125	0.035156
842	-0.074219	0.023438
843	-0.048828	-0.023438
844	-0.072266	0.021484
845	-0.087891	-0.062500
846	-0.076172	0.058594
847	-0.033203	-0.029297
848	-0.080078	-0.005859
849	-0.072266	0.017578
850	-0.070313	0.001953
851	-0.058594	0.011719
852	-0.087891	0.076172
853	-0.062500	-0.037109
854	-0.109375	0.048828
855	-0.062500	-0.031250
856	-0.066406	-0.013672
857	-0.041016	0.037109
858	-0.093750	-0.011719
859	-0.132813	0.001953
860	-0.089844	0.003906
861	-0.095703	0.046875
862	-0.056641	0.001953
863	-0.041016	-0.044922
864	-0.046875	0.015625
865	-0.062500	-0.046875
866	-0.056641	-0.007813
867	0.009766	-0.001953
868	-0.027344	0.015625
869	-0.021484	0.015625
870	-0.048828	-0.009766
871	-0.035156	0.033203
872	-0.044922	-0.070313
873	-0.046875	0.015625
874	-0.085938	0.027344
875	-0.042969	0.001953
876	-0.031250	-0.068359
877	-0.050781	0.031250
878	-0.058594	0.037109
879	-0.064453	0.078125
880	-0.078125	-0.037109
881	-0.093750	-0.042969
882	-0.074219	-0.029297
883	-0.044922	0.015625
884	-0.050781	-0.080078
885	-0.054688	0.035156
886	-0.025391	-0.003906
887	-0.072266	0.031250
888	-0.060547	0.007813
889	-0.041016	-0.037109
890	-0.083984	0.068359
891	-0.074219	-0.058594
892	-0.054688	-0.001953
893	-0.041016	0.011719
894	-0.074219	0.048828
895	-0.054688	-0.007813
896	-0.046875	0.015625
897	-0.062500	-0.039063
898	-0.064453	0.007813
899	-0.083984	0.039063
900	-0.066406	-0.013672
901	-0.064453	-0.027344
902	-0.095703	-0.042969
903	-0.076172	-0.007813
904	-0.074219	0.029297
905	-0.050781	-0.017578
906	-0.066406	-0.056641
907	-0.078125	0.082031
908	-0.054688	0.025391
909	-0.017578	-0.011719
910	-0.046875	0.039063
911	-0.044922	0.033203
912	-0.054688	0.007813
913	-0.105469	0.029297
914	-0.068359	0.021484
915	-0.042969	0.035156
916	-0.042969	0.007813
917	-0.052734	0.013672
918	-0.072266	0.023438
919	-0.039063	-0.003906
920	-0.011719	0.007813
921	-0.044922	0.035156
922	-0.060547	-0.033203
923	-0.070313	0.035156
924	-0.052734	0.015625
925	-0.056641	-0.001953
926	-0.066406	0.019531
927	-0.101563	-0.066406
928	-0.064453	-0.003906
929	-0.058594	0.029297
930	-0.011719	-0.033203
931	-0.083984	0.019531
932	-0.085938	0.035156
933	-0.083984	-0.001953
934	-0.042969	-0.031250
935	-0.080078	0.041016
936	-0.050781	-0.042969
937	-0.050781	0.037109
938	-0.041016	0.005859
939	-0.052734	-0.001953
940	-0.087891	-0.085938
941	-0.080078	0.025391
942	-0.072266	0.080078
943	-0.054688	-0.007813
944	-0.039063	-0.013672
945	-0.035156	-0.011719
946	-0.050781	-0.021484
947	-0.080078	-0.011719
948	-0.076172	0.001953
949	-0.076172	0.015625
950	-0.074219	0.015625
951	-0.074219	0.019531
952	-0.039063	0.037109
953	-0.056641	-0.083984
954	-0.070313	0.033203
955	-0.062500	-0.013672
956	-0.097656	0.054688
957	-0.068359	0.044922
958	-0.068359	-0.001953
959	-0.072266	0.007813
960	-0.052734	-0.068359
961	-0.085938	-0.013672
962	-0.064453	0.050781
963	-0.052734	-0.009766
964	-0.074219	-0.003906
965	-0.089844	0.041016
966	-0.082031	-0.027344
967	-0.107422	-0.027344
968	-0.078125	-0.027344
969	-0.099609	0.029297
970	-0.087891	0.019531
971	-0.076172	0.003906
972	-0.039063	0.027344
973	-0.035156	-0.042969
974	-0.025391	0.052734
975	-0.074219	0.080078
976	-0.072266	-0.042969
977	-0.048828	0.041016
978	-0.082031	-0.048828
979	-0.087891	-0.001953
980	-0.068359	-0.031250
981	-0.089844	0.037109
982	-0.039063	-0.041016
983	-0.042969	0.070313
984	-0.013672	0.044922
985	-0.056641	-0.023438
986	-0.089844	-0.035156
987	-0.080078	0.037109
988	-0.082031	-0.054688
989	-0.082031	0.007813
990	-0.083984	0.000000
991	-0.062500	-0.023438
992	-0.080078	-0.019531
993	-0.066406	0.039063
994	-0.058594	0.009766
995	-0.046875	0.031250
996	-0.072266	-0.003906
997	-0.042969	0.027344
998	-0.052734	-0.035156
999	-0.070313	0.044922
