0	-0.128906	0.000000
1	-0.125000	-0.035156
2	-0.113281	-0.035156
3	-0.132813	-0.082031
4	-0.160156	0.083984
5	-0.095703	0.005859
6	-0.179688	-0.076172
7	-0.183594	-0.005859
8	-0.132813	0.021484
9	-0.156250	0.021484
10	-0.158203	0.000000
11	-0.144531	0.085938
12	-0.197266	0.001953
13	-0.154297	-0.048828
14	-0.144531	0.031250
15	-0.183594	-0.041016
16	-0.103516	-0.048828
17	-0.105469	0.097656
18	-0.099609	-0.056641
19	-0.150391	0.003906
20	-0.166016	0.011719
21	-0.185547	0.111328
22	-0.126953	0.003906
23	-0.140625	-0.017578
24	-0.142578	0.042969
25	-0.203125	-0.003906
26	-0.171875	0.000000
27	-0.130859	-0.058594
28	-0.134766	-0.033203
29	-0.152344	0.048828
30	-0.126953	-0.037109
31	-0.119141	-0.103516
32	-0.125000	0.078125
33	-0.183594	0.060547
34	-0.167969	0.078125
35	-0.169922	0.082031
36	-0.113281	-0.025391
37	-0.148438	0.046875
38	-0.171875	-0.027344
39	-0.187500	0.037109
40	-0.158203	0.033203
41	-0.171875	0.011719
42	-0.105469	0.007813
43	-0.142578	-0.035156
44	-0.136719	0.025391
45	-0.166016	0.091797
46	-0.142578	-0.042969
47	-0.123047	-0.060547
48	-0.126953	0.039063
49	-0.167969	0.009766
50	-0.154297	0.054688
51	-0.142578	0.060547
52	-0.132813	-0.019531
53	-0.107422	-0.007813
54	-0.146484	-0.007813
55	-0.162109	0.064453
56	-0.142578	0.044922
57	-0.150391	-0.011719
58	-0.117188	-0.021484
59	-0.128906	0.037109
60	-0.105469	-0.005859
61	-0.113281	0.000000
62	-0.101563	-0.062500
63	-0.158203	0.015625
64	-0.150391	-0.058594
65	-0.142578	-0.035156
66	-0.123047	-0.005859
67	-0.142578	0.031250
68	-0.158203	0.052734
69	-0.132813	0.027344
70	-0.150391	0.056641
71	-0.128906	-0.062500
72	-0.113281	0.044922
73	-0.117188	0.009766
74	-0.101563	0.044922
75	-0.152344	0.031250
76	-0.115234	-0.003906
77	-0.089844	0.035156
78	-0.113281	0.023438
79	-0.128906	0.046875
80	-0.117188	0.029297
81	-0.154297	-0.044922
82	-0.121094	-0.001953
83	-0.158203	0.076172
84	-0.169922	-0.021484
85	-0.140625	-0.062500
86	-0.113281	0.009766
87	-0.173828	0.019531
88	-0.117188	0.064453
89	-0.181641	-0.042969
90	-0.166016	0.015625
91	-0.171875	0.023438
92	-0.142578	0.009766
93	-0.142578	0.080078
94	-0.138672	0.087891
95	-0.121094	0.021484
96	-0.173828	0.087891
97	-0.125000	-0.013672
98	-0.156250	-0.041016
99	-0.113281	-0.003906
100	-0.146484	-0.042969
101	-0.144531	0.013672
102	-0.148438	0.005859
103	-0.152344	0.042969
104	-0.132813	-0.029297
105	-0.150391	-0.042969
106	-0.181641	-0.019531
107	-0.167969	-0.056641
108	-0.150391	0.070313
109	-0.087891	0.025391
110	-0.091797	0.013672
111	-0.140625	-0.056641
112	-0.115234	0.031250
113	-0.125000	0.074219
114	-0.173828	-0.058594
115	-0.160156	0.066406
116	-0.171875	-0.037109
117	-0.119141	-0.050781
118	-0.138672	0.064453
119	-0.126953	-0.027344
120	-0.109375	0.039063
121	-0.132813	0.044922
122	-0.099609	-0.046875
123	-0.111328	0.037109
124	-0.140625	-0.015625
125	-0.144531	-0.009766
126	-0.121094	-0.039063
127	-0.160156	0.054688
128	-0.138672	-0.021484
129	-0.142578	0.074219
130	-0.130859	-0.027344
131	-0.154297	0.021484
132	-0.148438	0.005859
133	-0.138672	-0.003906
134	-0.154297	0.005859
135	-0.181641	0.031250
136	-0.134766	0.013672
137	-0.207031	-0.031250
138	-0.214844	-0.115234
139	-0.119141	-0.025391
140	-0.169922	-0.109375
141	-0.150391	-0.025391
142	-0.134766	0.041016
143	-0.130859	0.023438
144	-0.128906	0.029297
145	-0.109375	0.007813
146	-0.171875	-0.011719
147	-0.136719	0.041016
148	-0.144531	0.082031
149	-0.130859	0.013672
150	-0.126953	0.029297
151	-0.111328	0.021484
152	-0.125000	-0.033203
153	-0.083984	-0.013672
154	-0.109375	-0.064453
155	-0.070313	-0.056641
156	-0.109375	0.039063
157	-0.121094	-0.025391
158	-0.152344	-0.019531
159	-0.201172	0.031250
160	-0.125000	-0.005859
161	-0.130859	0.052734
162	-0.103516	-0.005859
163	-0.125000	-0.017578
164	-0.150391	0.011719
165	-0.144531	-0.003906
166	-0.134766	0.003906
167	-0.117188	-0.035156
168	-0.125000	0.007813
169	-0.140625	0.001953
170	-0.140625	-0.060547
171	-0.150391	-0.001953
172	-0.169922	-0.013672
173	-0.136719	0.105469
174	-0.107422	0.039063
175	-0.179688	0.027344
176	-0.126953	-0.019531
177	-0.113281	-0.027344
178	-0.111328	-0.003906
179	-0.138672	0.068359
180	-0.146484	-0.025391
181	-0.138672	0.005859
182	-0.154297	-0.005859
183	-0.156250	-0.007813
184	-0.107422	0.017578
185	-0.134766	-0.035156
186	-0.117188	-0.027344
187	-0.166016	0.005859
188	-0.162109	-0.097656
189	-0.130859	0.005859
190	-0.158203	-0.001953
191	-0.128906	0.115234
192	-0.097656	0.009766
193	-0.134766	-0.023438
194	-0.142578	-0.048828
195	-0.150391	-0.011719
196	-0.140625	-0.029297
197	-0.134766	-0.005859
198	-0.162109	-0.023438
199	-0.166016	0.029297
200	-0.125000	0.035156
201	-0.144531	0.005859
202	-0.173828	0.015625
203	-0.146484	0.035156
204	-0.169922	0.099609
205	-0.146484	0.019531
206	-0.146484	-0.041016
207	-0.132813	-0.072266
208	-0.175781	-0.041016
209	-0.132813	0.025391
210	-0.169922	-0.087891
211	-0.101563	-0.054688
212	-0.152344	-0.025391
213	-0.134766	0.033203
214	-0.138672	0.011719
215	-0.103516	0.001953
216	-0.148438	-0.011719
217	-0.119141	0.021484
218	-0.109375	-0.041016
219	-0.144531	0.025391
220	-0.138672	0.007813
221	-0.156250	0.001953
222	-0.138672	-0.011719
223	-0.154297	0.033203
224	-0.121094	-0.023438
225	-0.126953	-0.009766
226	-0.150391	-0.011719
227	-0.134766	-0.029297
228	-0.138672	-0.001953
229	-0.101563	-0.007813
230	-0.183594	0.025391
231	-0.175781	-0.072266
232	-0.099609	0.136719
233	-0.109375	0.042969
234	-0.103516	-0.031250
235	-0.154297	0.003906
236	-0.115234	-0.023438
237	-0.148438	0.023438
238	-0.175781	0.087891
239	-0.128906	-0.080078
240	-0.138672	0.050781
241	-0.134766	0.001953
242	-0.115234	0.042969
243	-0.134766	0.037109
244	-0.146484	-0.078125
245	-0.167969	0.027344
246	-0.156250	-0.035156
247	-0.111328	-0.013672
248	-0.125000	0.003906
249	-0.140625	0.041016
250	-0.140625	-0.025391
251	-0.150391	-0.001953
252	-0.189453	-0.078125
253	-0.144531	0.001953
254	-0.164063	-0.005859
255	-0.167969	0.019531
256	-0.144531	0.087891
257	-0.121094	0.042969
258	-0.107422	-0.046875
259	-0.156250	0.013672
260	-0.142578	0.037109
261	-0.105469	-0.023438
262	-0.146484	-0.009766
263	-0.177734	0.017578
264	-0.140625	0.031250
265	-0.148438	-0.037109
266	-0.138672	0.085938
267	-0.136719	-0.009766
268	-0.128906	-0.109375
269	-0.158203	0.041016
270	-0.164063	-0.083984
271	-0.146484	-0.039063
272	-0.128906	-0.068359
273	-0.201172	-0.019531
274	-0.138672	0.013672
275	-0.119141	0.009766
276	-0.144531	0.048828
277	-0.126953	-0.003906
278	-0.148438	0.035156
279	-0.109375	-0.072266
280	-0.111328	-0.017578
281	-0.123047	-0.001953
282	-0.132813	0.033203
283	-0.109375	-0.019531
284	-0.156250	-0.007813
285	-0.160156	-0.025391
286	-0.146484	0.085938
287	-0.142578	-0.083984
288	-0.162109	-0.042969
289	-0.185547	-0.003906
290	-0.113281	0.011719
291	-0.164063	-0.099609
292	-0.150391	0.056641
293	-0.158203	-0.025391
294	-0.136719	0.037109
295	-0.126953	0.044922
296	-0.183594	0.029297
297	-0.126953	0.031250
298	-0.148438	-0.017578
299	-0.117188	-0.029297
300	-0.142578	-0.039063
301	-0.130859	-0.041016
302	-0.132813	-0.009766
303	-0.144531	0.009766
304	-0.117188	-0.046875
305	-0.121094	-0.023438
306	-0.140625	-0.062500
307	-0.121094	0.050781
308	-0.175781	0.033203
309	-0.146484	-0.058594
310	-0.144531	-0.048828
311	-0.117188	-0.009766
312	-0.117188	-0.039063
313	-0.197266	-0.044922
314	-0.154297	0.009766
315	-0.138672	0.013672
316	-0.109375	-0.029297
317	-0.164063	0.015625
318	-0.119141	-0.005859
319	-0.181641	-0.023438
320	-0.085938	-0.019531
321	-0.107422	-0.060547
322	-0.125000	-0.017578
323	-0.181641	0.111328
324	-0.125000	0.001953
325	-0.121094	0.042969
326	-0.136719	-0.021484
327	-0.138672	0.025391
328	-0.150391	0.007813
329	-0.125000	-0.007813
330	-0.136719	0.080078
331	-0.164063	0.005859
332	-0.132813	-0.017578
333	-0.152344	0.017578
334	-0.181641	0.003906
335	-0.171875	0.050781
336	-0.125000	-0.011719
337	-0.134766	0.001953
338	-0.113281	0.007813
339	-0.152344	-0.017578
340	-0.121094	0.035156
341	-0.156250	-0.013672
342	-0.173828	0.062500
343	-0.140625	0.021484
344	-0.121094	-0.042969
345	-0.125000	0.058594
346	-0.148438	0.023438
347	-0.166016	-0.009766
348	-0.142578	0.019531
349	-0.167969	0.013672
350	-0.101563	0.054688
351	-0.119141	0.058594
352	-0.126953	0.021484
353	-0.119141	-0.029297
354	-0.109375	0.033203
355	-0.138672	0.015625
356	-0.158203	-0.109375
357	-0.107422	-0.025391
358	-0.117188	-0.060547
359	-0.085938	0.015625
360	-0.119141	0.070313
361	-0.099609	-0.044922
362	-0.136719	-0.027344
363	-0.130859	-0.068359
364	-0.181641	0.017578
365	-0.140625	0.048828
366	-0.123047	0.050781
367	-0.148438	0.019531
368	-0.197266	-0.007813
369	-0.197266	0.000000
370	-0.140625	-0.046875
371	-0.132813	-0.015625
372	-0.121094	0.056641
373	-0.140625	-0.011719
374	-0.121094	-0.052734
375	-0.171875	0.005859
376	-0.144531	-0.041016
377	-0.150391	-0.025391
378	-0.121094	-0.093750
379	-0.162109	-0.093750
380	-0.146484	0.044922
381	-0.152344	-0.054688
382	-0.119141	-0.009766
383	-0.144531	0.021484
384	-0.164063	0.039063
385	-0.123047	0.015625
386	-0.166016	-0.054688
387	-0.140625	0.013672
388	-0.113281	0.041016
389	-0.152344	-0.048828
390	-0.173828	0.013672
391	-0.167969	0.013672
392	-0.140625	-0.011719
393	-0.189453	0.013672
394	-0.154297	0.035156
395	-0.121094	0.093750
396	-0.130859	-0.050781
397	-0.144531	0.021484
398	-0.121094	0.009766
399	-0.117188	0.046875
400	-0.140625	0.042969
401	-0.152344	-0.019531
402	-0.138672	0.044922
403	-0.115234	-0.052734
404	-0.146484	-0.009766
405	-0.101563	-0.025391
406	-0.160156	-0.011719
407	-0.132813	0.035156
408	-0.166016	-0.080078
409	-0.134766	0.041016
410	-0.111328	0.042969
411	-0.093750	0.078125
412	-0.117188	-0.080078
413	-0.103516	-0.019531
414	-0.123047	-0.021484
415	-0.119141	-0.037109
416	-0.140625	0.001953
417	-0.121094	0.007813
418	-0.123047	0.029297
419	-0.136719	-0.052734
420	-0.123047	-0.056641
421	-0.138672	0.019531
422	-0.117188	-0.070313
423	-0.144531	0.076172
424	-0.160156	0.027344
425	-0.138672	-0.017578
426	-0.144531	0.033203
427	-0.156250	0.037109
428	-0.105469	-0.066406
429	-0.123047	-0.033203
430	-0.142578	0.041016
431	-0.134766	0.064453
432	-0.126953	0.064453
433	-0.095703	-0.025391
434	-0.115234	0.076172
435	-0.107422	0.078125
436	-0.162109	0.029297
437	-0.117188	-0.017578
438	-0.130859	0.000000
439	-0.175781	-0.031250
440	-0.146484	0.050781
441	-0.134766	-0.060547
442	-0.136719	-0.005859
443	-0.158203	-0.066406
444	-0.160156	0.042969
445	-0.142578	0.050781
446	-0.152344	0.027344
447	-0.140625	0.042969
448	-0.111328	-0.054688
449	-0.144531	-0.003906
450	-0.117188	0.042969
451	-0.136719	0.037109
452	-0.138672	0.015625
453	-0.146484	0.046875
454	-0.138672	0.048828
455	-0.115234	-0.019531
456	-0.162109	-0.070313
457	-0.148438	-0.009766
458	-0.125000	0.000000
459	-0.125000	-0.027344
460	-0.123047	0.017578
461	-0.197266	0.037109
462	-0.113281	-0.039063
463	-0.126953	0.025391
464	-0.142578	-0.035156
465	-0.162109	0.048828
466	-0.134766	0.025391
467	-0.105469	0.017578
468	-0.156250	-0.025391
469	-0.187500	0.007813
470	-0.158203	-0.003906
471	-0.160156	-0.091797
472	-0.171875	-0.039063
473	-0.142578	-0.013672
474	-0.128906	0.056641
475	-0.154297	-0.058594
476	-0.142578	-0.076172
477	-0.140625	-0.007813
478	-0.117188	0.037109
479	-0.144531	-0.007813
480	-0.125000	-0.007813
481	-0.164063	-0.091797
482	-0.136719	0.066406
483	-0.142578	0.046875
484	-0.164063	-0.056641
485	-0.185547	0.011719
486	-0.171875	0.046875
487	-0.138672	-0.041016
488	-0.134766	0.037109
489	-0.171875	0.000000
490	-0.142578	0.058594
491	-0.130859	0.054688
492	-0.121094	-0.019531
493	-0.138672	-0.064453
494	-0.080078	0.044922
495	-0.115234	0.005859
496	-0.134766	0.021484
497	-0.130859	0.046875
498	-0.144531	-0.072266
499	-0.126953	-0.015625
500	-0.142578	0.023438
501	-0.142578	0.060547
502	-0.152344	-0.003906
503	-0.162109	0.025391
504	-0.138672	-0.017578
505	-0.164063	0.007813
506	-0.169922	0.056641
507	-0.142578	0.013672
508	-0.130859	-0.003906
509	-0.111328	0.015625
510	-0.160156	-0.015625
511	-0.121094	0.007813
512	-0.171875	0.070313
513	-0.156250	0.021484
514	-0.132813	-0.093750
515	-0.140625	-0.023438
516	-0.111328	0.041016
517	-0.142578	0.060547
518	-0.148438	-0.027344
519	-0.156250	-0.054688
520	-0.142578	0.039063
521	-0.130859	0.000000
522	-0.134766	-0.031250
523	-0.175781	-0.042969
524	-0.175781	-0.001953
525	-0.160156	0.013672
526	-0.132813	-0.007813
527	-0.076172	-0.017578
528	-0.152344	-0.021484
529	-0.121094	0.019531
530	-0.208984	0.009766
531	-0.173828	-0.097656
532	-0.103516	0.011719
533	-0.156250	-0.007813
534	-0.195313	0.082031
535	-0.154297	0.037109
536	-0.158203	0.003906
537	-0.183594	0.029297
538	-0.091797	-0.007813
539	-0.158203	-0.025391
540	-0.113281	0.003906
541	-0.125000	-0.080078
542	-0.119141	-0.048828
543	-0.099609	0.003906
544	-0.105469	0.056641
545	-0.140625	-0.062500
546	-0.144531	-0.027344
547	-0.130859	-0.039063
548	-0.128906	0.035156
549	-0.154297	-0.027344
550	-0.128906	0.029297
551	-0.181641	0.052734
552	-0.132813	0.021484
553	-0.169922	-0.083984
554	-0.107422	0.011719
555	-0.113281	-0.007813
556	-0.138672	0.119141
557	-0.123047	-0.042969
558	-0.128906	-0.048828
559	-0.166016	-0.048828
560	-0.158203	-0.044922
561	-0.113281	-0.035156
562	-0.173828	-0.033203
563	-0.164063	-0.041016
564	-0.130859	0.000000
565	-0.125000	0.003906
566	-0.140625	-0.007813
567	-0.138672	-0.011719
568	-0.181641	-0.052734
569	-0.166016	0.019531
570	-0.164063	-0.072266
571	-0.128906	0.003906
572	-0.111328	0.003906
573	-0.082031	-0.027344
574	-0.138672	-0.027344
575	-0.158203	-0.107422
576	-0.146484	-0.080078
577	-0.134766	-0.046875
578	-0.156250	0.015625
579	-0.126953	-0.017578
580	-0.126953	0.033203
581	-0.117188	-0.066406
582	-0.158203	-0.068359
583	-0.123047	-0.060547
584	-0.160156	0.052734
585	-0.175781	-0.025391
586	-0.132813	-0.007813
587	-0.111328	-0.019531
588	-0.126953	0.048828
589	-0.167969	-0.039063
590	-0.158203	0.035156
591	-0.130859	-0.007813
592	-0.144531	0.035156
593	-0.164063	-0.013672
594	-0.183594	0.023438
595	-0.111328	-0.009766
596	-0.138672	0.013672
597	-0.136719	0.044922
598	-0.146484	-0.041016
599	-0.113281	0.031250
600	-0.125000	0.005859
601	-0.107422	-0.041016
602	-0.115234	-0.003906
603	-0.101563	-0.031250
604	-0.146484	-0.009766
605	-0.177734	0.005859
606	-0.136719	-0.003906
607	-0.179688	0.031250
608	-0.166016	0.039063
609	-0.171875	-0.027344
610	-0.185547	0.048828
611	-0.173828	0.015625
612	-0.134766	-0.044922
613	-0.160156	-0.068359
614	-0.126953	0.005859
615	-0.166016	0.007813
616	-0.166016	-0.035156
617	-0.187500	-0.039063
618	-0.119141	-0.048828
619	-0.138672	-0.027344
620	-0.134766	-0.031250
621	-0.125000	-0.048828
622	-0.148438	0.011719
623	-0.154297	0.039063
624	-0.148438	0.021484
625	-0.130859	-0.048828
626	-0.164063	-0.064453
627	-0.126953	-0.001953
628	-0.130859	-0.041016
629	-0.160156	-0.066406
630	-0.099609	0.019531
631	-0.087891	0.013672
632	-0.107422	-0.011719
633	-0.115234	0.062500
634	-0.140625	-0.044922
635	-0.156250	-0.048828
636	-0.140625	0.025391
637	-0.160156	-0.037109
638	-0.138672	0.023438
639	-0.103516	0.068359
640	-0.160156	0.074219
641	-0.115234	-0.025391
642	-0.126953	-0.060547
643	-0.140625	0.035156
644	-0.169922	0.060547
645	-0.119141	0.005859
646	-0.113281	0.027344
647	-0.156250	0.009766
648	-0.136719	0.001953
649	-0.144531	0.017578
650	-0.167969	0.083984
651	-0.136719	0.029297
652	-0.121094	-0.009766
653	-0.128906	-0.042969
654	-0.119141	0.042969
655	-0.152344	0.001953
656	-0.121094	-0.019531
657	-0.173828	0.085938
658	-0.130859	-0.033203
659	-0.130859	-0.054688
660	-0.162109	0.033203
661	-0.189453	-0.019531
662	-0.201172	0.078125
663	-0.138672	-0.009766
664	-0.125000	0.121094
665	-0.113281	-0.060547
666	-0.134766	0.005859
667	-0.123047	-0.005859
668	-0.136719	-0.011719
669	-0.167969	0.035156
670	-0.160156	0.005859
671	-0.119141	-0.025391
672	-0.128906	-0.046875
673	-0.111328	-0.068359
674	-0.076172	0.058594
675	-0.154297	0.099609
676	-0.148438	-0.089844
677	-0.148438	-0.007813
678	-0.140625	0.072266
679	-0.125000	-0.048828
680	-0.105469	0.046875
681	-0.171875	0.052734
682	-0.142578	-0.005859
683	-0.150391	-0.031250
684	-0.164063	-0.048828
685	-0.142578	0.115234
686	-0.169922	0.017578
687	-0.144531	0.048828
688	-0.164063	0.001953
689	-0.150391	-0.015625
690	-0.138672	0.068359
691	-0.111328	-0.021484
692	-0.148438	-0.130859
693	-0.156250	-0.001953
694	-0.130859	0.017578
695	-0.144531	-0.023438
696	-0.101563	-0.037109
697	-0.154297	0.001953
698	-0.160156	-0.082031
699	-0.144531	0.007813
700	-0.111328	0.013672
701	-0.138672	-0.046875
702	-0.146484	-0.039063
703	-0.125000	0.060547
704	-0.119141	0.031250
705	-0.167969	0.027344
706	-0.140625	-0.017578
707	-0.167969	0.003906
708	-0.113281	-0.037109
709	-0.123047	-0.001953
710	-0.095703	-0.033203
711	-0.134766	-0.037109
712	-0.117188	0.056641
713	-0.128906	-0.052734
714	-0.097656	-0.009766
715	-0.101563	0.052734
716	-0.138672	0.021484
717	-0.195313	-0.005859
718	-0.148438	-0.056641
719	-0.121094	0.023438
720	-0.160156	0.037109
721	-0.136719	0.056641
722	-0.126953	0.007813
723	-0.150391	0.011719
724	-0.136719	0.097656
725	-0.101563	-0.037109
726	-0.142578	0.101563
727	-0.113281	0.048828
728	-0.121094	0.025391
729	-0.121094	-0.042969
730	-0.128906	-0.019531
731	-0.146484	0.037109
732	-0.160156	-0.029297
733	-0.148438	-0.068359
734	-0.173828	-0.003906
735	-0.140625	0.015625
736	-0.150391	-0.029297
737	-0.148438	0.027344
738	-0.111328	-0.009766
739	-0.111328	0.064453
740	-0.126953	0.064453
741	-0.132813	-0.025391
742	-0.160156	0.029297
743	-0.121094	0.011719
744	-0.152344	-0.031250
745	-0.156250	0.048828
746	-0.177734	-0.039063
747	-0.177734	0.023438
748	-0.130859	-0.111328
749	-0.148438	-0.009766
750	-0.146484	0.101563
751	-0.171875	-0.085938
752	-0.142578	-0.083984
753	-0.146484	0.005859
754	-0.140625	-0.011719
755	-0.121094	-0.042969
756	-0.115234	-0.005859
757	-0.154297	0.013672
758	-0.117188	-0.017578
759	-0.160156	0.029297
760	-0.072266	0.000000
761	-0.150391	-0.044922
762	-0.099609	0.003906
763	-0.130859	-0.041016
764	-0.115234	-0.005859
765	-0.134766	0.019531
766	-0.115234	0.019531
767	-0.126953	0.068359
768	-0.101563	-0.033203
769	-0.144531	-0.082031
770	-0.117188	0.035156
771	-0.154297	-0.039063
772	-0.105469	-0.066406
773	-0.121094	-0.017578
774	-0.123047	0.011719
775	-0.146484	-0.031250
776	-0.169922	0.072266
777	-0.154297	-0.087891
778	-0.183594	0.099609
779	-0.126953	0.029297
780	-0.171875	-0.052734
781	-0.123047	0.050781
782	-0.138672	0.017578
783	-0.156250	-0.027344
784	-0.222656	-0.125000
785	-0.142578	-0.054688
786	-0.167969	0.070313
787	-0.125000	0.042969
788	-0.132813	-0.042969
789	-0.177734	-0.021484
790	-0.130859	-0.019531
791	-0.140625	-0.048828
792	-0.142578	0.044922
793	-0.125000	-0.083984
794	-0.121094	0.031250
795	-0.148438	-0.017578
796	-0.152344	-0.048828
797	-0.128906	-0.082031
798	-0.189453	0.033203
799	-0.162109	-0.042969
800	-0.132813	0.074219
801	-0.123047	0.054688
802	-0.091797	-0.044922
803	-0.152344	0.011719
804	-0.123047	0.023438
805	-0.150391	0.001953
806	-0.138672	-0.037109
807	-0.130859	0.035156
808	-0.175781	-0.011719
809	-0.166016	0.009766
810	-0.162109	0.076172
811	-0.148438	0.025391
812	-0.142578	0.017578
813	-0.203125	0.019531
814	-0.169922	-0.042969
815	-0.156250	0.072266
816	-0.166016	0.021484
817	-0.119141	0.021484
818	-0.142578	-0.019531
819	-0.125000	-0.033203
820	-0.162109	-0.013672
821	-0.115234	0.048828
822	-0.130859	0.031250
823	-0.197266	-0.009766
824	-0.175781	-0.019531
825	-0.152344	-0.041016
826	-0.115234	0.072266
827	-0.123047	-0.031250
828	-0.128906	-0.019531
829	-0.130859	-0.056641
830	-0.134766	-0.023438
831	-0.148438	-0.013672
832	-0.195313	0.023438
833	-0.185547	0.021484
834	-0.130859	-0.042969
835	-0.164063	0.126953
836	-0.158203	-0.011719
837	-0.144531	-0.031250
838	-0.125000	0.019531
839	-0.125000	-0.054688
840	-0.144531	-0.083984
841	-0.101563	0.062500
842	-0.130859	-0.033203
843	-0.117188	0.023438
844	-0.185547	0.101563
845	-0.169922	-0.001953
846	-0.148438	-0.060547
847	-0.117188	-0.001953
848	-0.156250	0.064453
849	-0.158203	-0.019531
850	-0.126953	-0.048828
851	-0.134766	0.113281
852	-0.105469	-0.013672
853	-0.064453	0.031250
854	-0.132813	0.076172
855	-0.144531	-0.011719
856	-0.113281	0.056641
857	-0.138672	-0.031250
858	-0.126953	0.042969
859	-0.158203	0.013672
860	-0.095703	-0.058594
861	-0.156250	0.068359
862	-0.175781	-0.029297
863	-0.140625	-0.072266
864	-0.107422	-0.023438
865	-0.138672	-0.001953
866	-0.117188	-0.056641
867	-0.140625	-0.019531
868	-0.177734	0.011719
869	-0.193359	0.060547
870	-0.126953	-0.039063
871	-0.167969	-0.064453
872	-0.162109	0.005859
873	-0.164063	-0.003906
874	-0.144531	0.056641
875	-0.167969	0.023438
876	-0.179688	-0.037109
877	-0.142578	0.037109
878	-0.148438	0.021484
879	-0.152344	0.015625
880	-0.138672	-0.025391
881	-0.169922	0.015625
882	-0.189453	-0.060547
883	-0.169922	-0.044922
884	-0.150391	0.068359
885	-0.105469	0.041016
886	-0.117188	-0.080078
887	-0.101563	-0.089844
888	-0.126953	0.031250
889	-0.136719	-0.017578
890	-0.140625	-0.005859
891	-0.158203	-0.013672
892	-0.152344	0.044922
893	-0.128906	0.037109
894	-0.152344	0.005859
895	-0.142578	-0.091797
896	-0.160156	-0.003906
897	-0.132813	0.001953
898	-0.154297	0.001953
899	-0.169922	0.015625
900	-0.203125	-0.058594
901	-0.162109	0.003906
902	-0.158203	-0.035156
903	-0.115234	-0.029297
904	-0.132813	0.011719
905	-0.148438	-0.011719
906	-0.175781	0.076172
907	-0.130859	0.019531
908	-0.146484	0.019531
909	-0.169922	-0.099609
910	-0.113281	-0.027344
911	-0.113281	0.050781
912	-0.113281	-0.027344
913	-0.126953	0.048828
914	-0.150391	-0.025391
915	-0.166016	0.037109
916	-0.099609	0.021484
917	-0.117188	-0.025391
918	-0.103516	-0.015625
919	-0.111328	0.048828
920	-0.146484	-0.021484
921	-0.175781	0.007813
922	-0.175781	0.134766
923	-0.156250	-0.023438
924	-0.119141	-0.023438
925	-0.140625	0.052734
926	-0.123047	0.037109
927	-0.144531	-0.037109
928	-0.158203	-0.041016
929	-0.166016	0.029297
930	-0.123047	-0.064453
931	-0.138672	-0.035156
932	-0.126953	-0.025391
933	-0.134766	-0.017578
934	-0.126953	0.001953
935	-0.148438	-0.005859
936	-0.171875	0.007813
937	-0.171875	-0.027344
938	-0.160156	-0.025391
939	-0.150391	-0.046875
940	-0.134766	0.019531
941	-0.105469	0.019531
942	-0.121094	0.037109
943	-0.126953	0.005859
944	-0.103516	0.041016
945	-0.123047	-0.044922
946	-0.121094	0.064453
947	-0.101563	0.013672
948	-0.158203	0.048828
949	-0.138672	0.037109
950	-0.111328	-0.019531
951	-0.134766	-0.031250
952	-0.150391	0.025391
953	-0.179688	0.011719
954	-0.156250	-0.041016
955	-0.183594	-0.041016
956	-0.128906	-0.062500
957	-0.138672	-0.021484
958	-0.134766	-0.007813
959	-0.126953	-0.029297
960	-0.128906	0.021484
961	-0.080078	0.021484
962	-0.119141	-0.003906
963	-0.144531	-0.005859
964	-0.132813	-0.003906
965	-0.140625	0.046875
966	-0.197266	-0.031250
967	-0.189453	0.035156
968	-0.115234	-0.042969
969	-0.126953	0.005859
970	-0.136719	0.042969
971	-0.142578	-0.025391
972	-0.142578	0.033203
973	-0.134766	0.074219
974	-0.125000	0.056641
975	-0.119141	0.046875
976	-0.134766	0.015625
977	-0.121094	-0.007813
978	-0.101563	0.001953
979	-0.166016	0.138672
980	-0.128906	0.021484
981	-0.166016	-0.035156
982	-0.152344	0.048828
983	-0.144531	0.013672
984	-0.162109	-0.003906
985	-0.138672	-0.066406
986	-0.142578	0.021484
987	-0.101563	-0.068359
988	-0.177734	0.031250
989	-0.136719	0.019531
990	-0.150391	-0.003906
991	-0.130859	0.021484
992	-0.128906	0.029297
993	-0.175781	0.015625
994	-0.134766	0.035156
995	-0.128906	0.070313
996	-0.187500	0.000000
997	-0.134766	-0.021484
998	-0.154297	-0.021484
999	-0.187500	-0.027344
