0	-0.095703	0.009766
1	-0.107422	-0.007813
2	-0.056641	-0.017578
3	-0.044922	-0.017578
4	-0.035156	0.044922
5	-0.048828	0.005859
6	-0.085938	0.021484
7	-0.052734	-0.042969
8	-0.080078	-0.011719
9	-0.035156	-0.003906
10	-0.037109	0.035156
11	-0.048828	-0.042969
12	-0.042969	-0.029297
13	-0.082031	0.009766
14	-0.105469	-0.003906
15	-0.066406	0.044922
16	-0.093750	-0.029297
17	-0.058594	0.019531
18	-0.060547	-0.017578
19	-0.095703	0.029297
20	-0.048828	0.027344
21	-0.072266	-0.029297
22	-0.083984	0.054688
23	-0.087891	-0.037109
24	-0.066406	0.013672
25	-0.050781	0.015625
26	-0.062500	-0.019531
27	-0.068359	0.023438
28	-0.064453	-0.060547
29	-0.082031	0.031250
30	-0.068359	0.044922
31	-0.070313	0.003906
32	-0.089844	-0.021484
33	-0.033203	0.031250
34	-0.017578	-0.005859
35	-0.007813	-0.011719
36	-0.015625	-0.046875
37	-0.033203	0.037109
38	-0.078125	0.021484
39	-0.054688	-0.023438
40	-0.060547	0.011719
41	-0.082031	-0.062500
42	-0.072266	-0.007813
43	-0.095703	-0.015625
44	-0.072266	0.015625
45	-0.025391	-0.033203
46	-0.031250	0.031250
47	-0.062500	0.013672
48	-0.041016	0.068359
49	-0.052734	-0.039063
50	-0.082031	-0.005859
51	-0.074219	0.003906
52	-0.089844	0.015625
53	-0.091797	-0.041016
54	-0.070313	0.000000
55	-0.072266	0.029297
56	-0.056641	0.003906
57	-0.025391	0.005859
58	-0.044922	0.017578
59	-0.041016	0.021484
60	-0.087891	-0.019531
61	-0.082031	-0.013672
62	-0.031250	0.001953
63	-0.058594	0.005859
64	-0.044922	-0.064453
65	-0.041016	-0.001953
66	-0.078125	0.031250
67	-0.050781	-0.021484
68	-0.074219	-0.033203
69	-0.076172	0.039063
70	-0.068359	-0.037109
71	-0.080078	0.007813
72	-0.074219	-0.042969
73	-0.050781	0.064453
74	-0.042969	-0.031250
75	-0.060547	-0.001953
76	-0.074219	-0.001953
77	-0.048828	-0.015625
78	-0.085938	0.001953
79	-0.080078	0.019531
80	-0.046875	0.052734
81	-0.109375	-0.009766
82	-0.083984	0.005859
83	-0.070313	0.027344
84	-0.095703	0.009766
85	-0.025391	0.009766
86	-0.046875	0.003906
87	-0.035156	0.023438
88	-0.019531	0.025391
89	-0.017578	-0.052734
90	-0.050781	0.039063
91	-0.058594	-0.021484
92	-0.062500	-0.013672
93	-0.056641	-0.023438
94	-0.039063	0.005859
95	-0.033203	-0.013672
96	-0.005859	0.029297
97	-0.064453	0.050781
98	-0.068359	-0.033203
99	-0.085938	0.074219
100	-0.080078	-0.027344
101	-0.041016	-0.017578
102	-0.052734	-0.029297
103	-0.068359	0.013672
104	-0.052734	0.066406
105	-0.041016	-0.054688
106	-0.033203	-0.001953
107	-0.021484	-0.001953
108	-0.056641	0.039063
109	-0.058594	-0.035156
110	-0.048828	0.025391
111	-0.044922	-0.009766
112	-0.050781	0.035156
113	-0.078125	-0.001953
114	-0.044922	-0.023438
115	-0.076172	0.000000
116	-0.099609	-0.019531
117	-0.080078	0.019531
118	-0.115234	0.011719
119	-0.089844	0.027344
120	-0.064453	0.021484
121	-0.046875	0.007813
122	-0.054688	-0.039063
123	-0.066406	0.031250
124	-0.068359	0.001953
125	-0.070313	-0.027344
126	-0.083984	0.005859
127	-0.060547	-0.001953
128	-0.048828	0.015625
129	-0.019531	-0.007813
130	-0.025391	-0.011719
131	-0.076172	0.046875
132	-0.058594	-0.013672
133	-0.064453	-0.017578
134	-0.076172	0.052734
135	-0.062500	-0.009766
136	-0.072266	0.011719
137	-0.058594	0.017578
138	-0.027344	-0.007813
139	-0.025391	0.035156
140	-0.031250	0.037109
141	-0.074219	-0.021484
142	-0.058594	0.033203
143	-0.060547	-0.007813
144	-0.039063	-0.005859
145	-0.050781	0.021484
146	-0.039063	-0.003906
147	-0.037109	-0.007813
148	-0.015625	-0.005859
149	-0.076172	0.017578
150	-0.064453	0.001953
151	-0.052734	-0.070313
152	-0.082031	0.017578
153	-0.078125	-0.060547
154	-0.072266	0.068359
155	-0.062500	0.009766
156	-0.097656	-0.072266
157	-0.054688	0.027344
158	-0.046875	0.048828
159	-0.052734	-0.052734
160	-0.060547	0.066406
161	-0.064453	0.015625
162	-0.078125	0.001953
163	-0.103516	0.003906
164	-0.078125	-0.039063
165	-0.041016	0.031250
166	-0.113281	-0.105469
167	-0.064453	0.037109
168	-0.078125	-0.027344
169	-0.029297	0.009766
170	-0.052734	0.031250
171	-0.027344	-0.050781
172	-0.027344	-0.013672
173	-0.041016	0.050781
174	-0.048828	-0.029297
175	-0.033203	0.007813
176	-0.011719	-0.011719
177	-0.031250	-0.056641
178	-0.031250	0.009766
179	-0.041016	-0.003906
180	-0.062500	0.021484
181	-0.058594	-0.037109
182	-0.078125	0.052734
183	-0.080078	-0.060547
184	-0.062500	0.013672
185	-0.066406	-0.021484
186	-0.068359	0.044922
187	-0.080078	-0.023438
188	-0.078125	0.013672
189	-0.044922	-0.009766
190	-0.062500	-0.021484
191	-0.068359	0.021484
192	-0.050781	-0.021484
193	-0.062500	-0.011719
194	-0.033203	-0.011719
195	-0.029297	-0.009766
196	-0.060547	-0.062500
197	-0.060547	-0.001953
198	-0.056641	0.001953
199	-0.064453	-0.041016
200	-0.044922	0.041016
201	-0.048828	-0.021484
202	-0.062500	0.001953
203	-0.046875	-0.033203
204	-0.037109	0.017578
205	-0.052734	-0.005859
206	-0.052734	-0.027344
207	-0.064453	-0.005859
208	-0.058594	0.029297
209	-0.072266	-0.001953
210	-0.072266	-0.011719
211	-0.052734	0.039063
212	-0.044922	0.054688
213	-0.048828	-0.101563
214	-0.048828	0.031250
215	-0.025391	-0.003906
216	-0.023438	0.029297
217	-0.029297	-0.021484
218	-0.029297	0.001953
219	-0.064453	0.000000
220	-0.044922	-0.037109
221	-0.041016	0.046875
222	-0.064453	0.042969
223	-0.072266	0.031250
224	-0.054688	-0.007813
225	-0.039063	0.027344
226	-0.039063	-0.007813
227	-0.052734	-0.031250
228	-0.060547	0.000000
229	-0.044922	-0.003906
230	-0.066406	-0.009766
231	-0.033203	0.025391
232	-0.068359	-0.021484
233	-0.052734	-0.054688
234	-0.064453	0.042969
235	-0.113281	-0.146484
236	-0.080078	0.080078
237	-0.103516	-0.023438
238	-0.085938	0.009766
239	-0.078125	-0.003906
240	-0.076172	0.035156
241	-0.085938	0.019531
242	-0.021484	0.011719
243	-0.037109	-0.017578
244	-0.001953	0.025391
245	-0.052734	0.000000
246	-0.046875	0.007813
247	-0.037109	-0.013672
248	-0.037109	-0.003906
249	-0.064453	0.000000
250	-0.093750	-0.062500
251	-0.042969	-0.013672
252	-0.025391	-0.035156
253	-0.029297	0.023438
254	-0.054688	-0.029297
255	-0.037109	-0.009766
256	-0.070313	0.025391
257	-0.099609	0.035156
258	-0.068359	-0.046875
259	-0.035156	-0.005859
260	-0.056641	-0.011719
261	-0.064453	0.015625
262	-0.070313	-0.007813
263	-0.058594	-0.033203
264	-0.041016	0.007813
265	-0.068359	0.009766
266	-0.064453	0.017578
267	-0.083984	-0.019531
268	-0.097656	0.039063
269	-0.095703	-0.054688
270	-0.080078	0.060547
271	-0.068359	-0.058594
272	-0.066406	0.025391
273	-0.089844	0.052734
274	-0.128906	-0.042969
275	-0.070313	0.068359
276	-0.050781	-0.015625
277	-0.058594	-0.007813
278	-0.041016	0.007813
279	-0.076172	0.017578
280	-0.072266	0.013672
281	-0.087891	-0.025391
282	-0.056641	-0.015625
283	-0.027344	0.007813
284	-0.033203	0.017578
285	-0.039063	0.017578
286	-0.078125	-0.035156
287	-0.064453	-0.003906
288	-0.068359	0.039063
289	-0.099609	-0.007813
290	-0.111328	0.005859
291	-0.064453	-0.017578
292	-0.044922	0.029297
293	-0.003906	0.000000
294	-0.046875	-0.070313
295	-0.076172	0.005859
296	-0.070313	-0.003906
297	-0.039063	-0.009766
298	-0.042969	0.011719
299	-0.041016	0.013672
300	-0.037109	-0.009766
301	-0.060547	-0.039063
302	-0.099609	-0.003906
303	-0.097656	0.005859
304	-0.101563	-0.033203
305	-0.093750	0.082031
306	-0.076172	-0.041016
307	-0.056641	0.019531
308	-0.021484	-0.003906
309	-0.048828	0.009766
310	-0.033203	-0.007813
311	-0.017578	-0.013672
312	-0.048828	0.025391
313	-0.083984	-0.033203
314	-0.091797	-0.070313
315	-0.052734	0.074219
316	-0.099609	-0.068359
317	-0.091797	0.046875
318	-0.056641	0.000000
319	-0.023438	-0.027344
320	-0.001953	0.041016
321	-0.044922	-0.029297
322	-0.056641	-0.007813
323	-0.085938	0.015625
324	-0.072266	0.031250
325	-0.083984	0.017578
326	-0.107422	0.048828
327	-0.052734	-0.023438
328	-0.029297	-0.052734
329	-0.044922	-0.013672
330	-0.027344	0.060547
331	-0.050781	-0.041016
332	-0.056641	0.000000
333	-0.025391	0.005859
334	-0.031250	-0.007813
335	-0.027344	-0.027344
336	-0.054688	0.001953
337	-0.076172	-0.007813
338	-0.082031	0.001953
339	-0.109375	0.027344
340	-0.070313	0.003906
341	-0.068359	-0.037109
342	-0.068359	0.029297
343	-0.029297	0.000000
344	-0.087891	0.019531
345	-0.035156	0.005859
346	-0.037109	-0.025391
347	-0.031250	0.000000
348	-0.039063	-0.011719
349	-0.037109	-0.072266
350	-0.033203	0.017578
351	-0.031250	-0.009766
352	-0.046875	0.064453
353	-0.035156	-0.064453
354	-0.083984	0.062500
355	-0.025391	-0.041016
356	-0.054688	-0.029297
357	-0.074219	-0.048828
358	-0.072266	0.019531
359	-0.101563	-0.035156
360	-0.066406	-0.005859
361	-0.087891	0.000000
362	-0.027344	0.009766
363	-0.015625	0.037109
364	-0.035156	-0.044922
365	-0.052734	0.015625
366	-0.054688	-0.035156
367	-0.074219	0.000000
368	-0.056641	0.021484
369	-0.068359	-0.058594
370	-0.056641	-0.007813
371	-0.021484	0.001953
372	-0.060547	0.009766
373	-0.037109	0.027344
374	-0.099609	0.033203
375	-0.072266	-0.011719
376	-0.054688	0.000000
377	-0.027344	0.009766
378	-0.021484	0.023438
379	-0.035156	0.031250
380	-0.058594	-0.052734
381	-0.042969	-0.029297
382	-0.027344	0.044922
383	-0.033203	-0.041016
384	-0.087891	-0.007813
385	-0.078125	0.025391
386	-0.095703	-0.015625
387	-0.072266	0.046875
388	-0.082031	0.019531
389	-0.048828	-0.060547
390	-0.060547	0.003906
391	-0.058594	-0.011719
392	-0.058594	-0.093750
393	-0.042969	0.000000
394	-0.070313	0.056641
395	-0.056641	-0.021484
396	-0.093750	0.017578
397	-0.082031	0.048828
398	-0.074219	-0.070313
399	-0.068359	0.041016
400	-0.087891	-0.117188
401	-0.054688	0.039063
402	-0.054688	0.000000
403	-0.085938	0.027344
404	-0.044922	0.000000
405	-0.054688	0.054688
406	-0.066406	0.013672
407	-0.062500	-0.015625
408	-0.041016	-0.011719
409	-0.056641	-0.011719
410	-0.085938	-0.011719
411	-0.054688	0.042969
412	-0.058594	0.015625
413	-0.062500	-0.009766
414	-0.072266	-0.021484
415	-0.050781	-0.007813
416	-0.042969	0.021484
417	-0.068359	-0.005859
418	-0.083984	0.033203
419	-0.091797	-0.042969
420	-0.054688	-0.017578
421	-0.068359	0.070313
422	-0.011719	-0.048828
423	-0.037109	0.005859
424	-0.033203	0.035156
425	-0.042969	0.019531
426	-0.039063	0.039063
427	-0.068359	-0.003906
428	-0.035156	-0.023438
429	-0.027344	0.046875
430	-0.072266	0.001953
431	-0.058594	-0.031250
432	-0.066406	0.017578
433	-0.062500	-0.037109
434	-0.074219	-0.017578
435	-0.064453	0.007813
436	-0.070313	-0.037109
437	-0.056641	-0.013672
438	-0.060547	0.050781
439	-0.048828	-0.007813
440	-0.085938	0.058594
441	-0.042969	-0.039063
442	-0.042969	-0.013672
443	-0.054688	0.031250
444	-0.048828	0.066406
445	-0.044922	0.013672
446	-0.031250	-0.031250
447	-0.031250	-0.029297
448	-0.054688	-0.013672
449	-0.039063	0.011719
450	-0.085938	-0.005859
451	-0.050781	0.044922
452	-0.050781	0.005859
453	-0.033203	-0.037109
454	-0.062500	0.001953
455	-0.017578	0.021484
456	-0.056641	-0.009766
457	-0.019531	0.011719
458	-0.035156	-0.054688
459	-0.078125	0.011719
460	-0.082031	-0.033203
461	-0.101563	0.039063
462	-0.115234	-0.041016
463	-0.066406	-0.021484
464	-0.031250	-0.005859
465	-0.017578	0.035156
466	-0.037109	0.007813
467	-0.062500	0.056641
468	-0.050781	-0.037109
469	-0.058594	-0.056641
470	-0.023438	-0.009766
471	-0.058594	0.017578
472	-0.031250	-0.015625
473	-0.050781	-0.021484
474	-0.041016	-0.025391
475	-0.078125	0.031250
476	-0.023438	-0.019531
477	-0.056641	0.044922
478	-0.042969	0.015625
479	-0.074219	-0.091797
480	-0.058594	0.125000
481	-0.048828	-0.025391
482	-0.072266	0.017578
483	-0.083984	-0.005859
484	-0.083984	-0.058594
485	-0.103516	0.005859
486	-0.097656	0.013672
487	-0.064453	-0.050781
488	-0.039063	0.009766
489	-0.033203	-0.037109
490	-0.054688	-0.029297
491	-0.037109	0.035156
492	-0.037109	-0.005859
493	-0.058594	-0.041016
494	-0.048828	0.007813
495	-0.041016	-0.029297
496	-0.109375	-0.003906
497	-0.064453	0.035156
498	-0.097656	0.003906
499	-0.052734	0.003906
500	-0.068359	0.033203
501	-0.066406	0.001953
502	-0.044922	-0.013672
503	-0.085938	0.037109
504	-0.076172	-0.025391
505	-0.082031	0.042969
506	-0.056641	0.035156
507	-0.039063	-0.011719
508	-0.050781	0.037109
509	-0.072266	-0.031250
510	-0.074219	0.058594
511	-0.066406	-0.060547
512	-0.050781	0.011719
513	-0.076172	-0.042969
514	-0.056641	-0.003906
515	-0.070313	-0.001953
516	-0.066406	-0.003906
517	-0.085938	0.013672
518	-0.109375	-0.035156
519	-0.070313	-0.041016
520	-0.048828	-0.009766
521	-0.062500	0.027344
522	-0.099609	-0.037109
523	-0.072266	-0.009766
524	-0.087891	-0.021484
525	-0.058594	0.089844
526	-0.074219	-0.060547
527	-0.105469	0.035156
528	-0.072266	-0.031250
529	-0.095703	-0.001953
530	-0.054688	0.021484
531	-0.037109	-0.003906
532	-0.041016	0.021484
533	-0.070313	0.044922
534	-0.074219	0.000000
535	-0.076172	-0.015625
536	-0.095703	0.017578
537	-0.074219	0.000000
538	-0.068359	-0.005859
539	-0.080078	-0.037109
540	-0.066406	-0.017578
541	-0.062500	-0.039063
542	-0.044922	0.000000
543	-0.066406	0.037109
544	-0.087891	-0.003906
545	-0.085938	0.023438
546	-0.058594	-0.009766
547	-0.070313	-0.007813
548	-0.060547	0.015625
549	-0.099609	0.041016
550	-0.082031	-0.039063
551	-0.062500	-0.009766
552	-0.070313	-0.048828
553	-0.076172	-0.011719
554	-0.087891	0.011719
555	-0.041016	0.021484
556	-0.033203	-0.025391
557	-0.082031	0.027344
558	-0.044922	-0.007813
559	-0.058594	0.011719
560	-0.068359	-0.044922
561	-0.060547	0.009766
562	-0.058594	-0.011719
563	-0.052734	-0.023438
564	-0.070313	-0.013672
565	-0.060547	0.007813
566	-0.068359	-0.031250
567	-0.068359	0.003906
568	-0.082031	-0.005859
569	-0.039063	-0.068359
570	-0.046875	0.066406
571	-0.078125	-0.044922
572	-0.097656	0.013672
573	-0.080078	-0.052734
574	-0.060547	-0.003906
575	-0.070313	0.058594
576	-0.044922	0.017578
577	-0.083984	-0.039063
578	-0.042969	0.003906
579	-0.054688	-0.011719
580	-0.033203	0.000000
581	-0.076172	-0.025391
582	-0.058594	0.003906
583	-0.013672	-0.015625
584	-0.072266	0.013672
585	-0.080078	-0.023438
586	-0.072266	0.000000
587	-0.046875	-0.050781
588	-0.041016	0.001953
589	-0.042969	-0.019531
590	-0.083984	0.000000
591	-0.070313	-0.007813
592	-0.029297	-0.029297
593	-0.076172	0.029297
594	-0.076172	0.037109
595	-0.054688	-0.013672
596	-0.101563	-0.039063
597	-0.054688	-0.011719
598	-0.076172	-0.019531
599	-0.060547	0.005859
600	-0.058594	0.011719
601	-0.050781	0.005859
602	-0.078125	0.015625
603	-0.015625	0.046875
604	-0.048828	-0.017578
605	-0.050781	-0.023438
606	-0.050781	0.003906
607	-0.052734	-0.027344
608	-0.103516	0.017578
609	-0.080078	0.015625
610	-0.068359	0.009766
611	-0.054688	-0.003906
612	-0.054688	0.050781
613	-0.046875	-0.029297
614	-0.050781	-0.001953
615	-0.072266	0.042969
616	-0.068359	-0.056641
617	-0.058594	0.042969
618	-0.037109	-0.015625
619	-0.054688	-0.080078
620	-0.042969	-0.005859
621	-0.058594	0.009766
622	-0.048828	-0.003906
623	-0.068359	-0.019531
624	-0.021484	-0.009766
625	-0.027344	0.035156
626	-0.027344	-0.025391
627	-0.052734	-0.001953
628	-0.058594	0.033203
629	-0.039063	-0.054688
630	-0.033203	-0.001953
631	-0.048828	-0.007813
632	-0.044922	0.003906
633	-0.037109	0.021484
634	-0.105469	-0.072266
635	-0.072266	0.050781
636	-0.037109	0.015625
637	-0.029297	0.007813
638	-0.025391	0.021484
639	-0.031250	-0.027344
640	-0.029297	-0.064453
641	-0.041016	0.033203
642	-0.025391	0.001953
643	-0.023438	0.025391
644	-0.048828	0.011719
645	-0.056641	-0.050781
646	-0.087891	0.033203
647	-0.068359	-0.035156
648	-0.070313	0.009766
649	-0.048828	-0.048828
650	-0.039063	0.041016
651	-0.029297	-0.015625
652	-0.056641	0.000000
653	-0.037109	0.019531
654	-0.056641	0.005859
655	-0.037109	-0.001953
656	-0.031250	0.009766
657	-0.058594	-0.017578
658	-0.070313	0.041016
659	-0.056641	-0.003906
660	-0.048828	-0.031250
661	-0.037109	0.035156
662	-0.056641	-0.001953
663	-0.074219	0.000000
664	-0.076172	0.003906
665	-0.085938	0.023438
666	-0.076172	-0.091797
667	-0.085938	0.017578
668	-0.060547	0.023438
669	-0.076172	0.017578
670	-0.052734	-0.015625
671	-0.015625	0.060547
672	-0.033203	-0.011719
673	-0.066406	-0.050781
674	-0.085938	-0.013672
675	-0.085938	0.005859
676	-0.046875	0.046875
677	-0.044922	0.017578
678	-0.068359	-0.029297
679	-0.054688	-0.003906
680	-0.029297	0.031250
681	-0.068359	-0.021484
682	-0.056641	-0.029297
683	-0.048828	0.039063
684	-0.056641	-0.017578
685	-0.035156	-0.031250
686	-0.029297	0.039063
687	-0.042969	0.015625
688	-0.058594	-0.027344
689	-0.050781	-0.009766
690	-0.062500	0.046875
691	-0.076172	0.035156
692	-0.066406	-0.019531
693	-0.052734	-0.027344
694	-0.046875	-0.042969
695	-0.039063	-0.035156
696	-0.062500	-0.011719
697	-0.048828	0.039063
698	-0.076172	-0.009766
699	-0.056641	0.015625
700	-0.064453	0.029297
701	-0.080078	0.017578
702	-0.050781	-0.001953
703	-0.052734	0.060547
704	-0.062500	-0.062500
705	-0.068359	0.013672
706	-0.078125	-0.058594
707	-0.044922	0.068359
708	-0.066406	-0.009766
709	-0.009766	0.001953
710	-0.052734	0.050781
711	-0.044922	-0.044922
712	-0.033203	-0.037109
713	-0.062500	0.048828
714	-0.054688	-0.042969
715	-0.007813	0.005859
716	-0.029297	-0.005859
717	-0.017578	0.015625
718	-0.060547	-0.076172
719	-0.080078	0.039063
720	-0.039063	0.005859
721	-0.041016	0.001953
722	-0.050781	0.029297
723	-0.050781	0.013672
724	-0.056641	-0.007813
725	-0.056641	0.025391
726	-0.046875	-0.001953
727	-0.039063	0.033203
728	-0.037109	-0.033203
729	-0.046875	0.011719
730	-0.052734	-0.003906
731	-0.089844	0.048828
732	-0.054688	-0.003906
733	-0.078125	-0.029297
734	-0.054688	0.068359
735	-0.070313	-0.009766
736	-0.066406	-0.048828
737	-0.033203	-0.021484
738	-0.042969	0.048828
739	-0.011719	-0.033203
740	-0.041016	0.003906
741	-0.013672	-0.013672
742	-0.042969	-0.011719
743	-0.054688	0.000000
744	-0.056641	-0.039063
745	-0.060547	0.058594
746	-0.048828	0.000000
747	-0.041016	-0.015625
748	-0.062500	-0.011719
749	-0.074219	0.035156
750	-0.052734	-0.001953
751	-0.050781	0.017578
752	-0.005859	0.000000
753	-0.039063	0.023438
754	-0.058594	0.001953
755	-0.060547	0.009766
756	-0.033203	0.027344
757	-0.035156	0.011719
758	-0.027344	0.015625
759	-0.033203	0.023438
760	-0.076172	-0.044922
761	-0.095703	0.052734
762	-0.107422	-0.062500
763	-0.060547	-0.001953
764	-0.074219	-0.007813
765	-0.076172	0.025391
766	-0.031250	0.007813
767	-0.109375	-0.017578
768	-0.093750	0.011719
769	-0.046875	-0.011719
770	-0.044922	-0.003906
771	-0.025391	0.011719
772	-0.035156	0.033203
773	-0.082031	-0.058594
774	-0.060547	0.013672
775	-0.070313	-0.027344
776	-0.064453	-0.027344
777	-0.048828	0.005859
778	-0.083984	-0.029297
779	-0.066406	0.037109
780	-0.076172	-0.029297
781	-0.044922	-0.007813
782	-0.070313	0.013672
783	-0.070313	-0.001953
784	-0.074219	-0.025391
785	-0.074219	0.037109
786	-0.087891	-0.019531
787	-0.060547	0.052734
788	-0.082031	0.007813
789	-0.111328	-0.029297
790	-0.072266	0.005859
791	-0.035156	0.023438
792	-0.050781	-0.029297
793	-0.076172	0.007813
794	-0.052734	0.027344
795	-0.050781	0.013672
796	-0.058594	0.000000
797	-0.056641	-0.001953
798	-0.039063	-0.025391
799	-0.062500	0.011719
800	-0.042969	-0.019531
801	-0.058594	-0.013672
802	-0.072266	-0.025391
803	-0.076172	-0.037109
804	-0.074219	-0.003906
805	-0.039063	0.025391
806	-0.056641	-0.072266
807	-0.089844	0.017578
808	-0.089844	-0.019531
809	-0.037109	-0.035156
810	-0.023438	0.029297
811	-0.050781	-0.021484
812	-0.056641	0.011719
813	-0.046875	0.031250
814	-0.046875	-0.037109
815	-0.066406	0.017578
816	-0.050781	-0.009766
817	-0.056641	-0.031250
818	-0.093750	0.048828
819	-0.042969	-0.066406
820	-0.097656	0.011719
821	-0.074219	-0.023438
822	-0.068359	0.033203
823	-0.052734	0.042969
824	-0.052734	0.015625
825	-0.076172	-0.033203
826	-0.058594	0.005859
827	-0.062500	-0.017578
828	-0.005859	0.031250
829	-0.042969	-0.001953
830	-0.017578	0.039063
831	-0.054688	0.005859
832	-0.072266	0.017578
833	-0.070313	-0.007813
834	-0.068359	0.029297
835	-0.068359	0.007813
836	-0.048828	-0.021484
837	-0.025391	0.007813
838	-0.019531	0.041016
839	-0.052734	-0.013672
840	-0.031250	0.005859
841	-0.060547	-0.029297
842	-0.021484	0.033203
843	-0.048828	0.005859
844	-0.089844	-0.009766
845	-0.078125	0.017578
846	-0.101563	0.007813
847	-0.072266	-0.025391
848	-0.089844	-0.005859
849	-0.072266	0.007813
850	-0.078125	-0.001953
851	-0.074219	-0.013672
852	-0.039063	-0.011719
853	-0.070313	0.015625
854	-0.070313	0.011719
855	-0.035156	-0.029297
856	-0.074219	-0.078125
857	-0.058594	0.023438
858	-0.058594	0.027344
859	-0.048828	-0.015625
860	-0.044922	0.035156
861	-0.050781	-0.023438
862	-0.019531	-0.039063
863	-0.021484	0.013672
864	-0.064453	-0.015625
865	-0.091797	0.037109
866	-0.064453	-0.011719
867	-0.046875	0.000000
868	-0.025391	-0.009766
869	-0.031250	0.021484
870	-0.048828	0.019531
871	-0.105469	0.046875
872	-0.062500	0.015625
873	-0.058594	0.048828
874	-0.050781	-0.009766
875	-0.048828	-0.015625
876	-0.046875	0.000000
877	-0.027344	-0.035156
878	-0.033203	0.060547
879	-0.066406	0.037109
880	-0.041016	-0.019531
881	-0.072266	-0.023438
882	-0.087891	0.023438
883	-0.082031	0.001953
884	-0.037109	-0.035156
885	-0.072266	0.005859
886	-0.035156	0.025391
887	-0.076172	-0.019531
888	-0.056641	-0.009766
889	-0.039063	0.015625
890	-0.054688	0.031250
891	-0.062500	-0.019531
892	-0.046875	-0.029297
893	-0.052734	-0.031250
894	-0.001953	-0.005859
895	-0.039063	0.078125
896	-0.099609	-0.017578
897	-0.085938	0.048828
898	-0.041016	-0.064453
899	-0.076172	0.041016
900	-0.078125	-0.048828
901	-0.019531	0.062500
902	-0.035156	-0.056641
903	-0.054688	0.041016
904	-0.041016	-0.037109
905	-0.021484	0.054688
906	-0.044922	-0.009766
907	-0.041016	0.019531
908	-0.044922	0.009766
909	-0.035156	-0.029297
910	-0.058594	0.011719
911	-0.058594	-0.013672
912	-0.027344	-0.041016
913	-0.019531	0.023438
914	-0.015625	0.011719
915	-0.052734	0.000000
916	-0.050781	0.029297
917	-0.044922	0.013672
918	-0.039063	0.019531
919	-0.044922	-0.029297
920	-0.027344	-0.080078
921	-0.050781	0.052734
922	-0.041016	0.027344
923	-0.078125	0.000000
924	-0.091797	0.025391
925	-0.078125	0.025391
926	-0.062500	-0.001953
927	-0.041016	-0.042969
928	-0.044922	0.011719
929	-0.031250	0.058594
930	-0.052734	-0.017578
931	-0.037109	-0.070313
932	-0.048828	0.042969
933	-0.050781	0.025391
934	-0.076172	-0.029297
935	-0.017578	0.015625
936	-0.062500	0.048828
937	-0.068359	-0.015625
938	-0.046875	0.009766
939	-0.058594	-0.033203
940	-0.052734	-0.013672
941	-0.029297	0.048828
942	-0.033203	-0.019531
943	-0.044922	0.035156
944	-0.039063	-0.005859
945	-0.044922	0.015625
946	-0.035156	-0.009766
947	-0.085938	0.029297
948	-0.068359	-0.037109
949	-0.046875	0.033203
950	-0.064453	-0.017578
951	-0.062500	-0.011719
952	-0.054688	0.025391
953	-0.064453	0.013672
954	-0.031250	0.021484
955	-0.064453	0.015625
956	-0.066406	-0.015625
957	-0.041016	-0.025391
958	-0.037109	-0.037109
959	-0.048828	0.050781
960	-0.046875	-0.048828
961	-0.060547	0.011719
962	-0.074219	0.001953
963	-0.054688	-0.052734
964	-0.042969	0.046875
965	-0.048828	0.007813
966	-0.060547	0.021484
967	-0.060547	-0.001953
968	-0.058594	-0.060547
969	-0.035156	-0.001953
970	-0.039063	0.025391
971	-0.039063	0.009766
972	-0.039063	-0.042969
973	-0.039063	0.021484
974	-0.041016	-0.031250
975	-0.048828	-0.017578
976	-0.033203	0.009766
977	-0.060547	0.023438
978	-0.058594	-0.052734
979	-0.023438	-0.015625
980	-0.062500	0.011719
981	-0.083984	0.013672
982	-0.048828	-0.007813
983	-0.070313	-0.023438
984	-0.101563	0.027344
985	-0.085938	-0.035156
986	-0.062500	0.037109
987	-0.068359	0.011719
988	-0.068359	-0.009766
989	-0.044922	-0.007813
990	-0.060547	0.029297
991	-0.060547	-0.042969
992	-0.087891	0.044922
993	-0.056641	0.033203
994	-0.093750	-0.041016
995	-0.103516	0.005859
996	-0.076172	0.029297
997	-0.048828	0.007813
998	-0.042969	0.007813
999	-0.058594	0.021484
