0	-0.953125	-0.974609
1	-0.951172	-0.966797
2	-0.970703	-0.984375
3	-0.943359	-0.968750
4	-0.953125	-0.972656
5	-0.980469	-0.990234
6	-0.976563	-0.986328
7	-0.949219	-0.972656
8	-0.937500	-0.957031
9	-0.970703	-0.984375
10	-0.945313	-0.970703
11	-0.960938	-0.978516
12	-0.951172	-0.970703
13	-0.976563	-0.988281
14	-0.957031	-0.974609
15	-0.964844	-0.980469
16	-0.955078	-0.972656
17	-0.962891	-0.974609
18	-0.966797	-0.980469
19	-0.933594	-0.964844
20	-0.941406	-0.966797
21	-0.943359	-0.968750
22	-0.958984	-0.976563
23	-0.968750	-0.980469
24	-0.941406	-0.964844
25	-0.949219	-0.970703
26	-0.949219	-0.970703
27	-0.939453	-0.966797
28	-0.943359	-0.968750
29	-0.945313	-0.968750
30	-0.962891	-0.980469
31	-0.964844	-0.980469
32	-0.964844	-0.982422
33	-0.962891	-0.980469
34	-0.970703	-0.978516
35	-0.958984	-0.966797
36	-0.980469	-0.990234
37	-0.935547	-0.962891
38	-0.968750	-0.984375
39	-0.949219	-0.970703
40	-0.945313	-0.966797
41	-0.960938	-0.980469
42	-0.957031	-0.976563
43	-0.943359	-0.964844
44	-0.935547	-0.962891
45	-0.968750	-0.984375
46	-0.937500	-0.962891
47	-0.953125	-0.970703
48	-0.960938	-0.978516
49	-0.951172	-0.974609
50	-0.953125	-0.974609
51	-0.945313	-0.968750
52	-0.958984	-0.978516
53	-0.931641	-0.960938
54	-0.966797	-0.980469
55	-0.964844	-0.982422
56	-0.945313	-0.970703
57	-0.951172	-0.970703
58	-0.941406	-0.964844
59	-0.953125	-0.972656
60	-0.955078	-0.976563
61	-0.957031	-0.976563
62	-0.955078	-0.976563
63	-0.970703	-0.984375
64	-0.958984	-0.974609
65	-0.964844	-0.978516
66	-0.958984	-0.976563
67	-0.960938	-0.978516
68	-0.958984	-0.976563
69	-0.976563	-0.986328
70	-0.960938	-0.976563
71	-0.980469	-0.990234
72	-0.943359	-0.968750
73	-0.955078	-0.976563
74	-0.974609	-0.986328
75	-0.970703	-0.984375
76	-0.966797	-0.982422
77	-0.966797	-0.982422
78	-0.939453	-0.964844
79	-0.958984	-0.978516
80	-0.947266	-0.972656
81	-0.927734	-0.958984
82	-0.945313	-0.970703
83	-0.929688	-0.957031
84	-0.957031	-0.974609
85	-0.941406	-0.966797
86	-0.957031	-0.978516
87	-0.951172	-0.974609
88	-0.964844	-0.976563
89	-0.974609	-0.984375
90	-0.951172	-0.974609
91	-0.974609	-0.986328
92	-0.953125	-0.974609
93	-0.962891	-0.976563
94	-0.951172	-0.974609
95	-0.947266	-0.972656
96	-0.937500	-0.962891
97	-0.945313	-0.958984
98	-0.972656	-0.986328
99	-0.953125	-0.970703
100	-0.951172	-0.972656
101	-0.976563	-0.986328
102	-0.943359	-0.970703
103	-0.947266	-0.970703
104	-0.962891	-0.974609
105	-0.964844	-0.980469
106	-0.945313	-0.970703
107	-0.970703	-0.984375
108	-0.945313	-0.970703
109	-0.962891	-0.976563
110	-0.951172	-0.974609
111	-0.939453	-0.962891
112	-0.978516	-0.988281
113	-0.976563	-0.986328
114	-0.935547	-0.958984
115	-0.945313	-0.966797
116	-0.943359	-0.968750
117	-0.939453	-0.964844
118	-0.970703	-0.984375
119	-0.941406	-0.964844
120	-0.972656	-0.986328
121	-0.968750	-0.982422
122	-0.968750	-0.982422
123	-0.964844	-0.980469
124	-0.962891	-0.976563
125	-0.953125	-0.974609
126	-0.960938	-0.978516
127	-0.962891	-0.966797
128	-0.980469	-0.988281
129	-0.962891	-0.978516
130	-0.919922	-0.957031
131	-0.960938	-0.976563
132	-0.982422	-0.990234
133	-0.958984	-0.976563
134	-0.939453	-0.968750
135	-0.957031	-0.978516
136	-0.951172	-0.972656
137	-0.921875	-0.951172
138	-0.939453	-0.966797
139	-0.951172	-0.974609
140	-0.962891	-0.974609
141	-0.951172	-0.974609
142	-0.939453	-0.960938
143	-0.951172	-0.974609
144	-0.941406	-0.968750
145	-0.947266	-0.972656
146	-0.957031	-0.966797
147	-0.970703	-0.984375
148	-0.951172	-0.968750
149	-0.912109	-0.941406
150	-0.958984	-0.976563
151	-0.958984	-0.976563
152	-0.957031	-0.972656
153	-0.960938	-0.980469
154	-0.949219	-0.972656
155	-0.941406	-0.962891
156	-0.962891	-0.972656
157	-0.958984	-0.978516
158	-0.941406	-0.966797
159	-0.953125	-0.974609
160	-0.960938	-0.976563
161	-0.957031	-0.974609
162	-0.960938	-0.978516
163	-0.945313	-0.970703
164	-0.960938	-0.980469
165	-0.939453	-0.962891
166	-0.960938	-0.980469
167	-0.943359	-0.968750
168	-0.958984	-0.976563
169	-0.962891	-0.978516
170	-0.949219	-0.970703
171	-0.958984	-0.976563
172	-0.976563	-0.988281
173	-0.957031	-0.962891
174	-0.957031	-0.974609
175	-0.921875	-0.957031
176	-0.970703	-0.984375
177	-0.949219	-0.970703
178	-0.949219	-0.972656
179	-0.955078	-0.974609
180	-0.951172	-0.974609
181	-0.968750	-0.982422
182	-0.962891	-0.978516
183	-0.957031	-0.972656
184	-0.957031	-0.976563
185	-0.957031	-0.974609
186	-0.951172	-0.972656
187	-0.966797	-0.982422
188	-0.955078	-0.976563
189	-0.962891	-0.976563
190	-0.955078	-0.976563
191	-0.955078	-0.974609
192	-0.937500	-0.964844
193	-0.962891	-0.980469
194	-0.972656	-0.986328
195	-0.958984	-0.978516
196	-0.951172	-0.970703
197	-0.964844	-0.982422
198	-0.949219	-0.974609
199	-0.951172	-0.972656
200	-0.978516	-0.988281
201	-0.947266	-0.970703
202	-0.951172	-0.970703
203	-0.953125	-0.970703
204	-0.919922	-0.955078
205	-0.933594	-0.962891
206	-0.929688	-0.960938
207	-0.945313	-0.968750
208	-0.923828	-0.957031
209	-0.947266	-0.972656
210	-0.945313	-0.966797
211	-0.960938	-0.976563
212	-0.962891	-0.980469
213	-0.970703	-0.984375
214	-0.941406	-0.968750
215	-0.962891	-0.978516
216	-0.960938	-0.974609
217	-0.947266	-0.968750
218	-0.925781	-0.957031
219	-0.960938	-0.976563
220	-0.943359	-0.968750
221	-0.953125	-0.974609
222	-0.957031	-0.974609
223	-0.953125	-0.972656
224	-0.953125	-0.976563
225	-0.958984	-0.976563
226	-0.943359	-0.970703
227	-0.943359	-0.966797
228	-0.972656	-0.984375
229	-0.957031	-0.964844
230	-0.976563	-0.986328
231	-0.960938	-0.980469
232	-0.957031	-0.976563
233	-0.947266	-0.968750
234	-0.958984	-0.978516
235	-0.943359	-0.966797
236	-0.964844	-0.982422
237	-0.955078	-0.974609
238	-0.941406	-0.966797
239	-0.937500	-0.968750
240	-0.960938	-0.980469
241	-0.935547	-0.960938
242	-0.976563	-0.988281
243	-0.951172	-0.972656
244	-0.974609	-0.986328
245	-0.966797	-0.980469
246	-0.949219	-0.972656
247	-0.968750	-0.982422
248	-0.968750	-0.982422
249	-0.947266	-0.968750
250	-0.962891	-0.974609
251	-0.958984	-0.978516
252	-0.966797	-0.980469
253	-0.949219	-0.970703
254	-0.941406	-0.966797
255	-0.951172	-0.970703
256	-0.935547	-0.962891
257	-0.953125	-0.974609
258	-0.953125	-0.972656
259	-0.962891	-0.980469
260	-0.968750	-0.984375
261	-0.929688	-0.958984
262	-0.970703	-0.980469
263	-0.947266	-0.970703
264	-0.960938	-0.978516
265	-0.970703	-0.984375
266	-0.960938	-0.978516
267	-0.947266	-0.970703
268	-0.943359	-0.960938
269	-0.955078	-0.974609
270	-0.943359	-0.968750
271	-0.955078	-0.972656
272	-0.953125	-0.974609
273	-0.931641	-0.960938
274	-0.951172	-0.974609
275	-0.964844	-0.980469
276	-0.945313	-0.970703
277	-0.957031	-0.976563
278	-0.962891	-0.980469
279	-0.976563	-0.988281
280	-0.921875	-0.947266
281	-0.943359	-0.968750
282	-0.972656	-0.984375
283	-0.933594	-0.962891
284	-0.966797	-0.982422
285	-0.953125	-0.974609
286	-0.941406	-0.964844
287	-0.958984	-0.974609
288	-0.964844	-0.980469
289	-0.935547	-0.964844
290	-0.943359	-0.968750
291	-0.962891	-0.980469
292	-0.957031	-0.972656
293	-0.947266	-0.966797
294	-0.955078	-0.970703
295	-0.972656	-0.982422
296	-0.980469	-0.990234
297	-0.951172	-0.972656
298	-0.945313	-0.970703
299	-0.957031	-0.976563
300	-0.947266	-0.970703
301	-0.955078	-0.972656
302	-0.933594	-0.962891
303	-0.968750	-0.982422
304	-0.960938	-0.978516
305	-0.958984	-0.978516
306	-0.957031	-0.972656
307	-0.955078	-0.976563
308	-0.929688	-0.957031
309	-0.935547	-0.960938
310	-0.974609	-0.986328
311	-0.958984	-0.968750
312	-0.933594	-0.958984
313	-0.960938	-0.978516
314	-0.945313	-0.962891
315	-0.955078	-0.962891
316	-0.970703	-0.984375
317	-0.939453	-0.964844
318	-0.976563	-0.986328
319	-0.960938	-0.978516
320	-0.949219	-0.970703
321	-0.960938	-0.976563
322	-0.945313	-0.968750
323	-0.939453	-0.962891
324	-0.925781	-0.953125
325	-0.957031	-0.974609
326	-0.955078	-0.976563
327	-0.951172	-0.974609
328	-0.970703	-0.982422
329	-0.927734	-0.955078
330	-0.964844	-0.980469
331	-0.962891	-0.980469
332	-0.937500	-0.962891
333	-0.947266	-0.968750
334	-0.939453	-0.960938
335	-0.960938	-0.980469
336	-0.966797	-0.980469
337	-0.960938	-0.978516
338	-0.960938	-0.976563
339	-0.937500	-0.966797
340	-0.951172	-0.968750
341	-0.960938	-0.978516
342	-0.955078	-0.976563
343	-0.949219	-0.972656
344	-0.933594	-0.962891
345	-0.943359	-0.970703
346	-0.964844	-0.982422
347	-0.958984	-0.978516
348	-0.951172	-0.968750
349	-0.951172	-0.970703
350	-0.957031	-0.976563
351	-0.945313	-0.970703
352	-0.978516	-0.988281
353	-0.945313	-0.968750
354	-0.945313	-0.972656
355	-0.933594	-0.958984
356	-0.966797	-0.982422
357	-0.958984	-0.974609
358	-0.943359	-0.968750
359	-0.957031	-0.976563
360	-0.958984	-0.976563
361	-0.937500	-0.960938
362	-0.972656	-0.982422
363	-0.974609	-0.986328
364	-0.957031	-0.974609
365	-0.968750	-0.980469
366	-0.945313	-0.968750
367	-0.966797	-0.978516
368	-0.960938	-0.980469
369	-0.972656	-0.984375
370	-0.947266	-0.966797
371	-0.937500	-0.962891
372	-0.976563	-0.988281
373	-0.957031	-0.976563
374	-0.974609	-0.986328
375	-0.966797	-0.982422
376	-0.910156	-0.943359
377	-0.960938	-0.980469
378	-0.957031	-0.978516
379	-0.949219	-0.970703
380	-0.943359	-0.962891
381	-0.949219	-0.972656
382	-0.955078	-0.976563
383	-0.958984	-0.978516
384	-0.929688	-0.951172
385	-0.964844	-0.982422
386	-0.939453	-0.962891
387	-0.957031	-0.974609
388	-0.943359	-0.966797
389	-0.951172	-0.970703
390	-0.947266	-0.968750
391	-0.968750	-0.982422
392	-0.960938	-0.970703
393	-0.972656	-0.984375
394	-0.970703	-0.984375
395	-0.962891	-0.980469
396	-0.949219	-0.966797
397	-0.958984	-0.976563
398	-0.953125	-0.972656
399	-0.972656	-0.984375
400	-0.953125	-0.976563
401	-0.943359	-0.964844
402	-0.957031	-0.976563
403	-0.955078	-0.972656
404	-0.957031	-0.974609
405	-0.960938	-0.976563
406	-0.935547	-0.958984
407	-0.951172	-0.974609
408	-0.953125	-0.970703
409	-0.953125	-0.970703
410	-0.935547	-0.966797
411	-0.951172	-0.974609
412	-0.964844	-0.982422
413	-0.955078	-0.970703
414	-0.943359	-0.966797
415	-0.941406	-0.964844
416	-0.976563	-0.988281
417	-0.960938	-0.978516
418	-0.974609	-0.986328
419	-0.982422	-0.990234
420	-0.941406	-0.968750
421	-0.937500	-0.955078
422	-0.978516	-0.988281
423	-0.939453	-0.962891
424	-0.957031	-0.976563
425	-0.955078	-0.976563
426	-0.923828	-0.955078
427	-0.945313	-0.970703
428	-0.966797	-0.980469
429	-0.935547	-0.964844
430	-0.958984	-0.978516
431	-0.966797	-0.980469
432	-0.935547	-0.960938
433	-0.937500	-0.962891
434	-0.988281	-0.994141
435	-0.937500	-0.962891
436	-0.955078	-0.976563
437	-0.935547	-0.960938
438	-0.968750	-0.982422
439	-0.929688	-0.958984
440	-0.947266	-0.968750
441	-0.964844	-0.976563
442	-0.951172	-0.974609
443	-0.953125	-0.966797
444	-0.976563	-0.988281
445	-0.951172	-0.972656
446	-0.953125	-0.972656
447	-0.943359	-0.968750
448	-0.962891	-0.978516
449	-0.970703	-0.984375
450	-0.953125	-0.968750
451	-0.966797	-0.980469
452	-0.968750	-0.982422
453	-0.939453	-0.966797
454	-0.949219	-0.972656
455	-0.988281	-0.994141
456	-0.982422	-0.990234
457	-0.957031	-0.978516
458	-0.951172	-0.974609
459	-0.949219	-0.970703
460	-0.962891	-0.980469
461	-0.933594	-0.962891
462	-0.949219	-0.972656
463	-0.935547	-0.953125
464	-0.957031	-0.976563
465	-0.945313	-0.968750
466	-0.941406	-0.960938
467	-0.958984	-0.978516
468	-0.960938	-0.974609
469	-0.939453	-0.964844
470	-0.945313	-0.968750
471	-0.945313	-0.964844
472	-0.958984	-0.968750
473	-0.947266	-0.968750
474	-0.951172	-0.974609
475	-0.960938	-0.978516
476	-0.962891	-0.978516
477	-0.939453	-0.966797
478	-0.962891	-0.978516
479	-0.964844	-0.978516
480	-0.957031	-0.976563
481	-0.972656	-0.986328
482	-0.964844	-0.980469
483	-0.958984	-0.978516
484	-0.958984	-0.976563
485	-0.964844	-0.982422
486	-0.951172	-0.972656
487	-0.933594	-0.962891
488	-0.953125	-0.972656
489	-0.941406	-0.968750
490	-0.962891	-0.978516
491	-0.958984	-0.978516
492	-0.962891	-0.980469
493	-0.937500	-0.964844
494	-0.935547	-0.962891
495	-0.972656	-0.986328
496	-0.943359	-0.960938
497	-0.958984	-0.978516
498	-0.941406	-0.962891
499	-0.939453	-0.968750
500	-0.976563	-0.988281
501	-0.958984	-0.976563
502	-0.929688	-0.955078
503	-0.957031	-0.976563
504	-0.937500	-0.964844
505	-0.970703	-0.982422
506	-0.968750	-0.984375
507	-0.968750	-0.982422
508	-0.986328	-0.992188
509	-0.957031	-0.978516
510	-0.980469	-0.988281
511	-0.976563	-0.986328
512	-0.949219	-0.970703
513	-0.962891	-0.980469
514	-0.931641	-0.958984
515	-0.964844	-0.982422
516	-0.929688	-0.957031
517	-0.935547	-0.955078
518	-0.943359	-0.966797
519	-0.943359	-0.966797
520	-0.927734	-0.957031
521	-0.982422	-0.990234
522	-0.968750	-0.984375
523	-0.939453	-0.955078
524	-0.974609	-0.986328
525	-0.945313	-0.970703
526	-0.935547	-0.953125
527	-0.941406	-0.966797
528	-0.951172	-0.974609
529	-0.968750	-0.984375
530	-0.941406	-0.964844
531	-0.955078	-0.972656
532	-0.941406	-0.964844
533	-0.958984	-0.976563
534	-0.960938	-0.972656
535	-0.968750	-0.982422
536	-0.966797	-0.982422
537	-0.949219	-0.972656
538	-0.923828	-0.953125
539	-0.976563	-0.988281
540	-0.980469	-0.990234
541	-0.966797	-0.982422
542	-0.947266	-0.970703
543	-0.976563	-0.986328
544	-0.923828	-0.955078
545	-0.943359	-0.968750
546	-0.931641	-0.962891
547	-0.945313	-0.972656
548	-0.955078	-0.976563
549	-0.966797	-0.982422
550	-0.945313	-0.970703
551	-0.945313	-0.966797
552	-0.955078	-0.968750
553	-0.943359	-0.966797
554	-0.943359	-0.966797
555	-0.939453	-0.964844
556	-0.957031	-0.976563
557	-0.947266	-0.972656
558	-0.931641	-0.958984
559	-0.951172	-0.970703
560	-0.982422	-0.990234
561	-0.974609	-0.984375
562	-0.970703	-0.984375
563	-0.917969	-0.949219
564	-0.949219	-0.970703
565	-0.968750	-0.984375
566	-0.955078	-0.972656
567	-0.962891	-0.980469
568	-0.941406	-0.960938
569	-0.970703	-0.982422
570	-0.957031	-0.976563
571	-0.966797	-0.978516
572	-0.939453	-0.964844
573	-0.949219	-0.968750
574	-0.955078	-0.976563
575	-0.955078	-0.976563
576	-0.917969	-0.949219
577	-0.958984	-0.976563
578	-0.958984	-0.978516
579	-0.958984	-0.976563
580	-0.943359	-0.968750
581	-0.957031	-0.976563
582	-0.953125	-0.974609
583	-0.943359	-0.968750
584	-0.976563	-0.988281
585	-0.964844	-0.976563
586	-0.962891	-0.980469
587	-0.937500	-0.962891
588	-0.917969	-0.943359
589	-0.964844	-0.980469
590	-0.947266	-0.970703
591	-0.933594	-0.960938
592	-0.949219	-0.970703
593	-0.966797	-0.978516
594	-0.943359	-0.964844
595	-0.949219	-0.972656
596	-0.964844	-0.978516
597	-0.949219	-0.970703
598	-0.941406	-0.968750
599	-0.964844	-0.980469
600	-0.943359	-0.966797
601	-0.984375	-0.992188
602	-0.978516	-0.988281
603	-0.927734	-0.955078
604	-0.953125	-0.968750
605	-0.945313	-0.966797
606	-0.960938	-0.978516
607	-0.958984	-0.976563
608	-0.955078	-0.974609
609	-0.947266	-0.966797
610	-0.978516	-0.988281
611	-0.958984	-0.976563
612	-0.947266	-0.962891
613	-0.949219	-0.972656
614	-0.939453	-0.964844
615	-0.955078	-0.970703
616	-0.957031	-0.976563
617	-0.933594	-0.957031
618	-0.945313	-0.964844
619	-0.957031	-0.974609
620	-0.949219	-0.966797
621	-0.957031	-0.974609
622	-0.945313	-0.968750
623	-0.958984	-0.976563
624	-0.947266	-0.968750
625	-0.962891	-0.980469
626	-0.953125	-0.974609
627	-0.962891	-0.980469
628	-0.955078	-0.974609
629	-0.957031	-0.974609
630	-0.960938	-0.976563
631	-0.964844	-0.980469
632	-0.951172	-0.974609
633	-0.962891	-0.980469
634	-0.984375	-0.992188
635	-0.957031	-0.974609
636	-0.974609	-0.982422
637	-0.960938	-0.980469
638	-0.957031	-0.972656
639	-0.966797	-0.982422
640	-0.955078	-0.974609
641	-0.945313	-0.964844
642	-0.962891	-0.980469
643	-0.962891	-0.978516
644	-0.931641	-0.957031
645	-0.957031	-0.974609
646	-0.968750	-0.984375
647	-0.949219	-0.972656
648	-0.962891	-0.980469
649	-0.968750	-0.980469
650	-0.966797	-0.982422
651	-0.960938	-0.980469
652	-0.957031	-0.976563
653	-0.943359	-0.970703
654	-0.958984	-0.978516
655	-0.949219	-0.970703
656	-0.941406	-0.968750
657	-0.978516	-0.988281
658	-0.960938	-0.978516
659	-0.927734	-0.958984
660	-0.929688	-0.951172
661	-0.976563	-0.988281
662	-0.958984	-0.976563
663	-0.923828	-0.958984
664	-0.947266	-0.968750
665	-0.968750	-0.984375
666	-0.960938	-0.978516
667	-0.964844	-0.980469
668	-0.945313	-0.970703
669	-0.970703	-0.978516
670	-0.972656	-0.984375
671	-0.955078	-0.976563
672	-0.927734	-0.958984
673	-0.957031	-0.976563
674	-0.962891	-0.980469
675	-0.953125	-0.974609
676	-0.964844	-0.978516
677	-0.960938	-0.976563
678	-0.966797	-0.982422
679	-0.951172	-0.972656
680	-0.962891	-0.976563
681	-0.955078	-0.976563
682	-0.964844	-0.982422
683	-0.949219	-0.970703
684	-0.957031	-0.976563
685	-0.939453	-0.962891
686	-0.970703	-0.984375
687	-0.964844	-0.980469
688	-0.955078	-0.976563
689	-0.955078	-0.968750
690	-0.957031	-0.976563
691	-0.951172	-0.970703
692	-0.939453	-0.964844
693	-0.984375	-0.992188
694	-0.976563	-0.988281
695	-0.947266	-0.970703
696	-0.958984	-0.976563
697	-0.919922	-0.951172
698	-0.958984	-0.978516
699	-0.941406	-0.968750
700	-0.945313	-0.970703
701	-0.943359	-0.968750
702	-0.957031	-0.978516
703	-0.943359	-0.964844
704	-0.955078	-0.974609
705	-0.933594	-0.960938
706	-0.947266	-0.972656
707	-0.957031	-0.974609
708	-0.968750	-0.982422
709	-0.964844	-0.980469
710	-0.921875	-0.951172
711	-0.978516	-0.988281
712	-0.953125	-0.974609
713	-0.953125	-0.974609
714	-0.960938	-0.978516
715	-0.906250	-0.945313
716	-0.951172	-0.970703
717	-0.974609	-0.984375
718	-0.949219	-0.972656
719	-0.968750	-0.984375
720	-0.951172	-0.968750
721	-0.941406	-0.964844
722	-0.933594	-0.957031
723	-0.962891	-0.978516
724	-0.939453	-0.968750
725	-0.962891	-0.980469
726	-0.964844	-0.980469
727	-0.927734	-0.960938
728	-0.953125	-0.972656
729	-0.937500	-0.960938
730	-0.970703	-0.982422
731	-0.947266	-0.970703
732	-0.972656	-0.984375
733	-0.958984	-0.976563
734	-0.937500	-0.966797
735	-0.941406	-0.964844
736	-0.951172	-0.972656
737	-0.949219	-0.968750
738	-0.966797	-0.982422
739	-0.962891	-0.980469
740	-0.978516	-0.988281
741	-0.960938	-0.978516
742	-0.962891	-0.980469
743	-0.958984	-0.976563
744	-0.929688	-0.960938
745	-0.962891	-0.980469
746	-0.941406	-0.966797
747	-0.939453	-0.964844
748	-0.949219	-0.970703
749	-0.976563	-0.988281
750	-0.933594	-0.964844
751	-0.966797	-0.982422
752	-0.968750	-0.984375
753	-0.943359	-0.960938
754	-0.978516	-0.988281
755	-0.962891	-0.978516
756	-0.953125	-0.974609
757	-0.951172	-0.968750
758	-0.951172	-0.974609
759	-0.939453	-0.962891
760	-0.951172	-0.970703
761	-0.964844	-0.982422
762	-0.949219	-0.966797
763	-0.933594	-0.960938
764	-0.968750	-0.982422
765	-0.939453	-0.968750
766	-0.958984	-0.976563
767	-0.933594	-0.953125
768	-0.964844	-0.978516
769	-0.951172	-0.972656
770	-0.990234	-0.994141
771	-0.951172	-0.972656
772	-0.988281	-0.994141
773	-0.941406	-0.968750
774	-0.966797	-0.982422
775	-0.957031	-0.972656
776	-0.984375	-0.992188
777	-0.972656	-0.984375
778	-0.960938	-0.980469
779	-0.978516	-0.988281
780	-0.968750	-0.984375
781	-0.939453	-0.964844
782	-0.955078	-0.974609
783	-0.964844	-0.980469
784	-0.960938	-0.978516
785	-0.947266	-0.972656
786	-0.933594	-0.960938
787	-0.966797	-0.982422
788	-0.966797	-0.982422
789	-0.941406	-0.962891
790	-0.968750	-0.984375
791	-0.941406	-0.966797
792	-0.935547	-0.964844
793	-0.947266	-0.970703
794	-0.966797	-0.982422
795	-0.966797	-0.982422
796	-0.980469	-0.990234
797	-0.955078	-0.976563
798	-0.958984	-0.976563
799	-0.958984	-0.976563
800	-0.962891	-0.976563
801	-0.949219	-0.972656
802	-0.962891	-0.980469
803	-0.929688	-0.957031
804	-0.955078	-0.974609
805	-0.976563	-0.988281
806	-0.947266	-0.970703
807	-0.982422	-0.990234
808	-0.962891	-0.978516
809	-0.964844	-0.980469
810	-0.972656	-0.984375
811	-0.957031	-0.976563
812	-0.929688	-0.953125
813	-0.968750	-0.980469
814	-0.980469	-0.990234
815	-0.945313	-0.964844
816	-0.945313	-0.962891
817	-0.943359	-0.966797
818	-0.958984	-0.974609
819	-0.957031	-0.974609
820	-0.955078	-0.972656
821	-0.949219	-0.972656
822	-0.943359	-0.968750
823	-0.921875	-0.951172
824	-0.966797	-0.980469
825	-0.970703	-0.982422
826	-0.947266	-0.964844
827	-0.929688	-0.955078
828	-0.949219	-0.966797
829	-0.970703	-0.984375
830	-0.958984	-0.970703
831	-0.978516	-0.988281
832	-0.955078	-0.976563
833	-0.939453	-0.964844
834	-0.970703	-0.982422
835	-0.955078	-0.976563
836	-0.955078	-0.974609
837	-0.974609	-0.986328
838	-0.945313	-0.970703
839	-0.962891	-0.978516
840	-0.970703	-0.982422
841	-0.945313	-0.970703
842	-0.962891	-0.978516
843	-0.949219	-0.964844
844	-0.933594	-0.962891
845	-0.953125	-0.974609
846	-0.947266	-0.972656
847	-0.982422	-0.990234
848	-0.951172	-0.968750
849	-0.972656	-0.986328
850	-0.955078	-0.972656
851	-0.966797	-0.980469
852	-0.957031	-0.974609
853	-0.919922	-0.958984
854	-0.964844	-0.978516
855	-0.966797	-0.982422
856	-0.941406	-0.966797
857	-0.972656	-0.986328
858	-0.941406	-0.964844
859	-0.953125	-0.974609
860	-0.957031	-0.976563
861	-0.951172	-0.972656
862	-0.958984	-0.978516
863	-0.949219	-0.968750
864	-0.957031	-0.976563
865	-0.955078	-0.976563
866	-0.953125	-0.972656
867	-0.974609	-0.986328
868	-0.933594	-0.962891
869	-0.945313	-0.970703
870	-0.953125	-0.972656
871	-0.984375	-0.992188
872	-0.960938	-0.978516
873	-0.937500	-0.960938
874	-0.953125	-0.974609
875	-0.970703	-0.984375
876	-0.937500	-0.957031
877	-0.955078	-0.976563
878	-0.951172	-0.974609
879	-0.939453	-0.964844
880	-0.937500	-0.964844
881	-0.917969	-0.953125
882	-0.925781	-0.958984
883	-0.927734	-0.951172
884	-0.953125	-0.972656
885	-0.937500	-0.968750
886	-0.951172	-0.974609
887	-0.931641	-0.962891
888	-0.955078	-0.974609
889	-0.945313	-0.968750
890	-0.945313	-0.972656
891	-0.960938	-0.978516
892	-0.953125	-0.976563
893	-0.955078	-0.968750
894	-0.966797	-0.982422
895	-0.955078	-0.976563
896	-0.957031	-0.978516
897	-0.951172	-0.968750
898	-0.972656	-0.986328
899	-0.931641	-0.960938
900	-0.951172	-0.972656
901	-0.935547	-0.960938
902	-0.939453	-0.968750
903	-0.935547	-0.964844
904	-0.925781	-0.955078
905	-0.933594	-0.964844
906	-0.970703	-0.984375
907	-0.972656	-0.986328
908	-0.976563	-0.986328
909	-0.929688	-0.958984
910	-0.955078	-0.974609
911	-0.964844	-0.982422
912	-0.939453	-0.964844
913	-0.962891	-0.980469
914	-0.945313	-0.972656
915	-0.945313	-0.968750
916	-0.937500	-0.960938
917	-0.947266	-0.970703
918	-0.947266	-0.970703
919	-0.962891	-0.980469
920	-0.984375	-0.992188
921	-0.921875	-0.957031
922	-0.974609	-0.986328
923	-0.974609	-0.986328
924	-0.972656	-0.986328
925	-0.984375	-0.992188
926	-0.955078	-0.974609
927	-0.962891	-0.980469
928	-0.955078	-0.976563
929	-0.955078	-0.974609
930	-0.943359	-0.968750
931	-0.958984	-0.976563
932	-0.974609	-0.984375
933	-0.929688	-0.953125
934	-0.947266	-0.970703
935	-0.955078	-0.974609
936	-0.939453	-0.966797
937	-0.982422	-0.990234
938	-0.945313	-0.968750
939	-0.962891	-0.980469
940	-0.949219	-0.970703
941	-0.949219	-0.968750
942	-0.941406	-0.968750
943	-0.962891	-0.972656
944	-0.957031	-0.974609
945	-0.962891	-0.980469
946	-0.917969	-0.951172
947	-0.955078	-0.958984
948	-0.968750	-0.980469
949	-0.945313	-0.953125
950	-0.962891	-0.980469
951	-0.957031	-0.976563
952	-0.962891	-0.980469
953	-0.970703	-0.984375
954	-0.960938	-0.978516
955	-0.964844	-0.982422
956	-0.958984	-0.978516
957	-0.960938	-0.978516
958	-0.964844	-0.978516
959	-0.974609	-0.986328
960	-0.939453	-0.964844
961	-0.945313	-0.970703
962	-0.933594	-0.957031
963	-0.943359	-0.970703
964	-0.955078	-0.968750
965	-0.970703	-0.984375
966	-0.968750	-0.984375
967	-0.943359	-0.970703
968	-0.939453	-0.964844
969	-0.945313	-0.968750
970	-0.974609	-0.986328
971	-0.935547	-0.951172
972	-0.955078	-0.974609
973	-0.978516	-0.988281
974	-0.955078	-0.972656
975	-0.941406	-0.966797
976	-0.964844	-0.980469
977	-0.970703	-0.982422
978	-0.978516	-0.988281
979	-0.960938	-0.976563
980	-0.958984	-0.978516
981	-0.984375	-0.992188
982	-0.953125	-0.974609
983	-0.937500	-0.966797
984	-0.972656	-0.984375
985	-0.945313	-0.972656
986	-0.931641	-0.957031
987	-0.923828	-0.957031
988	-0.978516	-0.988281
989	-0.966797	-0.980469
990	-0.958984	-0.970703
991	-0.960938	-0.978516
992	-0.933594	-0.953125
993	-0.953125	-0.972656
994	-0.968750	-0.982422
995	-0.968750	-0.984375
996	-0.949219	-0.970703
997	-0.939453	-0.960938
998	-0.949219	-0.968750
999	-0.958984	-0.974609
