0	-0.980469	-0.990234
1	-0.988281	-0.994141
2	-0.964844	-0.980469
3	-1.000000	-1.000000
4	-0.980469	-0.990234
5	-0.982422	-0.990234
6	-0.976563	-0.988281
7	-0.982422	-0.990234
8	-0.990234	-0.994141
9	-0.988281	-0.994141
10	-0.996094	-0.998047
11	-0.978516	-0.988281
12	-0.978516	-0.988281
13	-1.000000	-1.000000
14	-0.980469	-0.990234
15	-0.992188	-0.996094
16	-0.988281	-0.994141
17	-0.992188	-0.996094
18	-0.980469	-0.988281
19	-0.984375	-0.992188
20	-0.982422	-0.990234
21	-0.978516	-0.986328
22	-0.980469	-0.990234
23	-0.988281	-0.994141
24	-0.976563	-0.988281
25	-0.992188	-0.996094
26	-0.976563	-0.986328
27	-0.992188	-0.996094
28	-0.984375	-0.992188
29	-0.982422	-0.990234
30	-0.992188	-0.996094
31	-0.988281	-0.994141
32	-0.974609	-0.986328
33	-0.984375	-0.990234
34	-0.976563	-0.988281
35	-0.990234	-0.994141
36	-0.984375	-0.992188
37	-0.984375	-0.990234
38	-0.974609	-0.986328
39	-0.984375	-0.992188
40	-0.968750	-0.982422
41	-0.984375	-0.992188
42	-0.982422	-0.990234
43	-0.972656	-0.984375
44	-0.992188	-0.996094
45	-0.980469	-0.990234
46	-0.980469	-0.988281
47	-0.976563	-0.988281
48	-0.984375	-0.990234
49	-0.984375	-0.992188
50	-0.980469	-0.988281
51	-0.988281	-0.994141
52	-0.984375	-0.992188
53	-0.980469	-0.990234
54	-0.980469	-0.990234
55	-0.980469	-0.988281
56	-0.978516	-0.988281
57	-0.964844	-0.972656
58	-0.968750	-0.984375
59	-0.980469	-0.990234
60	-0.992188	-0.994141
61	-0.982422	-0.990234
62	-0.986328	-0.992188
63	-0.988281	-0.994141
64	-0.980469	-0.990234
65	-0.976563	-0.986328
66	-0.996094	-0.998047
67	-0.972656	-0.986328
68	-0.978516	-0.988281
69	-1.000000	-1.000000
70	-0.984375	-0.992188
71	-0.988281	-0.994141
72	-0.996094	-0.998047
73	-0.984375	-0.992188
74	-0.980469	-0.988281
75	-0.988281	-0.994141
76	-0.972656	-0.984375
77	-0.992188	-0.996094
78	-0.988281	-0.994141
79	-0.990234	-0.994141
80	-0.984375	-0.992188
81	-0.988281	-0.994141
82	-0.988281	-0.994141
83	-0.986328	-0.992188
84	-0.988281	-0.994141
85	-0.988281	-0.994141
86	-0.988281	-0.994141
87	-0.992188	-0.996094
88	-0.984375	-0.992188
89	-0.996094	-0.998047
90	-0.988281	-0.994141
91	-0.992188	-0.996094
92	-0.982422	-0.990234
93	-0.941406	-0.964844
94	-0.988281	-0.994141
95	-0.992188	-0.996094
96	-0.972656	-0.984375
97	-0.988281	-0.992188
98	-0.988281	-0.994141
99	-0.968750	-0.982422
100	-0.980469	-0.988281
101	-0.976563	-0.988281
102	-0.972656	-0.986328
103	-0.986328	-0.992188
104	-0.992188	-0.996094
105	-0.984375	-0.992188
106	-0.990234	-0.994141
107	-0.960938	-0.980469
108	-0.970703	-0.984375
109	-0.986328	-0.992188
110	-0.964844	-0.982422
111	-0.988281	-0.994141
112	-0.980469	-0.990234
113	-1.000000	-1.000000
114	-0.982422	-0.990234
115	-0.980469	-0.990234
116	-0.984375	-0.990234
117	-0.968750	-0.984375
118	-0.972656	-0.986328
119	-0.978516	-0.988281
120	-0.978516	-0.988281
121	-0.980469	-0.988281
122	-0.992188	-0.996094
123	-0.982422	-0.990234
124	-0.976563	-0.986328
125	-0.980469	-0.990234
126	-0.974609	-0.982422
127	-0.980469	-0.990234
128	-0.988281	-0.994141
129	-0.974609	-0.986328
130	-0.988281	-0.992188
131	-0.996094	-0.998047
132	-0.988281	-0.994141
133	-0.982422	-0.990234
134	-0.992188	-0.996094
135	-0.984375	-0.992188
136	-0.986328	-0.992188
137	-0.974609	-0.986328
138	-0.980469	-0.990234
139	-0.996094	-0.998047
140	-0.974609	-0.986328
141	-0.974609	-0.986328
142	-0.988281	-0.994141
143	-1.000000	-1.000000
144	-0.986328	-0.990234
145	-0.996094	-0.998047
146	-0.957031	-0.974609
147	-0.982422	-0.990234
148	-0.986328	-0.992188
149	-0.990234	-0.994141
150	-0.980469	-0.988281
151	-0.988281	-0.994141
152	-0.988281	-0.994141
153	-0.988281	-0.994141
154	-0.984375	-0.992188
155	-0.988281	-0.992188
156	-0.996094	-0.998047
157	-0.964844	-0.980469
158	-0.984375	-0.992188
159	-0.980469	-0.990234
160	-0.970703	-0.984375
161	-0.976563	-0.988281
162	-0.980469	-0.990234
163	-0.992188	-0.996094
164	-0.968750	-0.982422
165	-0.982422	-0.990234
166	-0.978516	-0.988281
167	-0.980469	-0.990234
168	-0.968750	-0.984375
169	-0.984375	-0.992188
170	-0.986328	-0.992188
171	-0.984375	-0.992188
172	-0.986328	-0.992188
173	-0.988281	-0.994141
174	-0.988281	-0.994141
175	-0.982422	-0.990234
176	-0.978516	-0.986328
177	-0.986328	-0.992188
178	-0.982422	-0.990234
179	-0.976563	-0.988281
180	-0.968750	-0.984375
181	-0.992188	-0.996094
182	-0.992188	-0.996094
183	-0.968750	-0.982422
184	-0.976563	-0.984375
185	-0.976563	-0.988281
186	-0.968750	-0.984375
187	-0.980469	-0.990234
188	-0.972656	-0.986328
189	-0.972656	-0.984375
190	-0.992188	-0.996094
191	-0.988281	-0.994141
192	-0.996094	-0.998047
193	-0.992188	-0.996094
194	-0.974609	-0.984375
195	-0.980469	-0.990234
196	-0.984375	-0.992188
197	-0.980469	-0.990234
198	-0.984375	-0.992188
199	-0.974609	-0.984375
200	-0.988281	-0.994141
201	-0.996094	-0.998047
202	-0.980469	-0.990234
203	-0.984375	-0.990234
204	-0.984375	-0.992188
205	-0.972656	-0.984375
206	-0.986328	-0.992188
207	-0.980469	-0.990234
208	-0.986328	-0.992188
209	-0.996094	-0.998047
210	-0.992188	-0.996094
211	-0.984375	-0.992188
212	-0.988281	-0.994141
213	-0.992188	-0.996094
214	-0.974609	-0.986328
215	-0.988281	-0.994141
216	-0.996094	-0.998047
217	-0.978516	-0.988281
218	-0.990234	-0.994141
219	-0.988281	-0.994141
220	-0.990234	-0.994141
221	-0.980469	-0.988281
222	-0.968750	-0.978516
223	-0.986328	-0.992188
224	-0.988281	-0.994141
225	-0.972656	-0.986328
226	-0.976563	-0.988281
227	-0.996094	-0.998047
228	-0.970703	-0.982422
229	-0.980469	-0.988281
230	-0.982422	-0.990234
231	-0.996094	-0.998047
232	-0.992188	-0.996094
233	-0.986328	-0.992188
234	-0.972656	-0.984375
235	-0.962891	-0.980469
236	-0.986328	-0.992188
237	-0.964844	-0.980469
238	-0.974609	-0.982422
239	-0.988281	-0.994141
240	-0.976563	-0.986328
241	-0.988281	-0.994141
242	-0.982422	-0.990234
243	-0.982422	-0.990234
244	-0.980469	-0.990234
245	-0.992188	-0.996094
246	-0.964844	-0.980469
247	-0.976563	-0.988281
248	-0.992188	-0.996094
249	-0.992188	-0.996094
250	-0.976563	-0.986328
251	-0.992188	-0.996094
252	-0.962891	-0.980469
253	-0.992188	-0.996094
254	-0.980469	-0.988281
255	-0.968750	-0.982422
256	-0.980469	-0.990234
257	-0.972656	-0.984375
258	-0.974609	-0.986328
259	-0.982422	-0.990234
260	-0.972656	-0.986328
261	-0.986328	-0.992188
262	-0.996094	-0.998047
263	-0.988281	-0.994141
264	-0.988281	-0.994141
265	-0.990234	-0.994141
266	-0.982422	-0.990234
267	-0.974609	-0.986328
268	-0.976563	-0.988281
269	-0.984375	-0.992188
270	-0.984375	-0.992188
271	-0.972656	-0.986328
272	-0.978516	-0.988281
273	-0.970703	-0.984375
274	-0.988281	-0.994141
275	-0.972656	-0.982422
276	-0.976563	-0.988281
277	-0.988281	-0.994141
278	-0.962891	-0.980469
279	-0.980469	-0.988281
280	-0.982422	-0.990234
281	-0.984375	-0.992188
282	-0.978516	-0.986328
283	-0.951172	-0.972656
284	-0.986328	-0.992188
285	-0.970703	-0.984375
286	-0.970703	-0.984375
287	-0.984375	-0.992188
288	-0.978516	-0.988281
289	-0.968750	-0.982422
290	-0.984375	-0.992188
291	-0.988281	-0.994141
292	-0.992188	-0.996094
293	-0.984375	-0.992188
294	-0.980469	-0.990234
295	-0.982422	-0.990234
296	-0.984375	-0.992188
297	-0.972656	-0.982422
298	-0.988281	-0.994141
299	-0.970703	-0.978516
300	-0.992188	-0.996094
301	-0.968750	-0.982422
302	-0.964844	-0.980469
303	-0.972656	-0.986328
304	-0.976563	-0.988281
305	-0.968750	-0.984375
306	-0.984375	-0.992188
307	-0.972656	-0.986328
308	-1.000000	-1.000000
309	-0.984375	-0.992188
310	-0.990234	-0.994141
311	-0.984375	-0.992188
312	-0.988281	-0.994141
313	-0.974609	-0.986328
314	-0.978516	-0.988281
315	-0.996094	-0.998047
316	-0.996094	-0.998047
317	-0.984375	-0.990234
318	-0.980469	-0.988281
319	-0.984375	-0.992188
320	-0.988281	-0.994141
321	-0.984375	-0.992188
322	-0.988281	-0.994141
323	-0.957031	-0.976563
324	-0.990234	-0.994141
325	-0.988281	-0.994141
326	-1.000000	-1.000000
327	-0.988281	-0.994141
328	-0.994141	-0.996094
329	-0.982422	-0.990234
330	-0.988281	-0.994141
331	-0.980469	-0.990234
332	-0.970703	-0.984375
333	-0.990234	-0.994141
334	-0.992188	-0.996094
335	-0.976563	-0.988281
336	-0.964844	-0.980469
337	-0.978516	-0.988281
338	-0.974609	-0.982422
339	-0.976563	-0.988281
340	-0.980469	-0.988281
341	-0.984375	-0.992188
342	-0.982422	-0.990234
343	-0.980469	-0.990234
344	-0.984375	-0.992188
345	-0.980469	-0.990234
346	-0.996094	-0.998047
347	-0.976563	-0.986328
348	-0.990234	-0.994141
349	-0.960938	-0.978516
350	-0.992188	-0.996094
351	-0.986328	-0.992188
352	-0.978516	-0.988281
353	-0.974609	-0.986328
354	-0.976563	-0.986328
355	-0.996094	-0.998047
356	-0.974609	-0.986328
357	-0.980469	-0.990234
358	-0.990234	-0.994141
359	-0.988281	-0.994141
360	-0.976563	-0.986328
361	-0.990234	-0.994141
362	-0.974609	-0.986328
363	-0.976563	-0.988281
364	-0.976563	-0.988281
365	-0.980469	-0.990234
366	-0.980469	-0.990234
367	-0.970703	-0.982422
368	-0.976563	-0.988281
369	-0.984375	-0.992188
370	-0.984375	-0.992188
371	-0.968750	-0.980469
372	-0.992188	-0.996094
373	-0.972656	-0.986328
374	-0.988281	-0.994141
375	-0.996094	-0.998047
376	-0.996094	-0.998047
377	-0.976563	-0.988281
378	-0.986328	-0.992188
379	-0.974609	-0.984375
380	-0.992188	-0.996094
381	-0.968750	-0.982422
382	-0.978516	-0.988281
383	-1.000000	-1.000000
384	-0.978516	-0.988281
385	-0.970703	-0.984375
386	-0.992188	-0.996094
387	-0.992188	-0.996094
388	-0.980469	-0.990234
389	-0.984375	-0.992188
390	-0.982422	-0.990234
391	-0.984375	-0.992188
392	-0.992188	-0.996094
393	-0.984375	-0.992188
394	-0.976563	-0.988281
395	-0.964844	-0.978516
396	-0.980469	-0.990234
397	-0.984375	-0.992188
398	-0.972656	-0.984375
399	-0.980469	-0.990234
400	-0.982422	-0.990234
401	-0.972656	-0.986328
402	-0.980469	-0.990234
403	-0.992188	-0.996094
404	-0.980469	-0.988281
405	-0.992188	-0.996094
406	-0.978516	-0.988281
407	-0.978516	-0.988281
408	-0.980469	-0.988281
409	-0.976563	-0.988281
410	-0.976563	-0.986328
411	-0.984375	-0.992188
412	-0.984375	-0.992188
413	-0.988281	-0.994141
414	-0.984375	-0.990234
415	-0.980469	-0.990234
416	-0.980469	-0.990234
417	-0.986328	-0.992188
418	-0.974609	-0.984375
419	-0.982422	-0.990234
420	-0.980469	-0.988281
421	-0.992188	-0.996094
422	-0.992188	-0.996094
423	-0.980469	-0.988281
424	-0.978516	-0.988281
425	-0.980469	-0.990234
426	-0.984375	-0.992188
427	-0.992188	-0.996094
428	-0.988281	-0.994141
429	-0.974609	-0.980469
430	-0.984375	-0.992188
431	-0.978516	-0.988281
432	-0.986328	-0.992188
433	-0.992188	-0.996094
434	-0.970703	-0.984375
435	-0.974609	-0.986328
436	-0.980469	-0.990234
437	-0.980469	-0.990234
438	-0.982422	-0.990234
439	-0.976563	-0.984375
440	-0.980469	-0.990234
441	-0.974609	-0.984375
442	-0.984375	-0.992188
443	-1.000000	-1.000000
444	-0.972656	-0.986328
445	-0.986328	-0.992188
446	-0.980469	-0.990234
447	-0.972656	-0.986328
448	-0.980469	-0.990234
449	-0.984375	-0.992188
450	-0.976563	-0.988281
451	-0.990234	-0.994141
452	-0.992188	-0.996094
453	-0.978516	-0.988281
454	-0.988281	-0.994141
455	-0.992188	-0.996094
456	-0.964844	-0.980469
457	-0.976563	-0.988281
458	-0.996094	-0.998047
459	-0.988281	-0.992188
460	-0.970703	-0.980469
461	-0.966797	-0.980469
462	-0.982422	-0.990234
463	-0.996094	-0.998047
464	-0.978516	-0.988281
465	-0.976563	-0.988281
466	-0.976563	-0.986328
467	-0.992188	-0.996094
468	-0.968750	-0.984375
469	-0.996094	-0.998047
470	-0.970703	-0.982422
471	-0.988281	-0.994141
472	-0.996094	-0.998047
473	-0.988281	-0.994141
474	-0.988281	-0.994141
475	-0.990234	-0.994141
476	-0.988281	-0.992188
477	-0.996094	-0.998047
478	-0.986328	-0.992188
479	-0.996094	-0.998047
480	-0.984375	-0.992188
481	-0.980469	-0.990234
482	-0.984375	-0.992188
483	-0.990234	-0.994141
484	-0.988281	-0.994141
485	-0.982422	-0.990234
486	-0.988281	-0.994141
487	-0.992188	-0.996094
488	-0.984375	-0.992188
489	-0.964844	-0.978516
490	-0.976563	-0.988281
491	-0.972656	-0.986328
492	-0.968750	-0.980469
493	-0.976563	-0.988281
494	-0.992188	-0.996094
495	-0.968750	-0.984375
496	-0.974609	-0.986328
497	-0.996094	-0.998047
498	-0.980469	-0.990234
499	-0.996094	-0.998047
500	-0.972656	-0.986328
501	-0.982422	-0.990234
502	-0.992188	-0.996094
503	-0.966797	-0.980469
504	-0.968750	-0.984375
505	-0.992188	-0.996094
506	-0.958984	-0.976563
507	-0.962891	-0.980469
508	-0.988281	-0.994141
509	-0.968750	-0.984375
510	-0.988281	-0.994141
511	-0.990234	-0.994141
512	-0.988281	-0.994141
513	-0.982422	-0.988281
514	-1.000000	-1.000000
515	-0.984375	-0.992188
516	-0.976563	-0.988281
517	-0.984375	-0.992188
518	-0.968750	-0.982422
519	-0.976563	-0.988281
520	-0.984375	-0.992188
521	-0.988281	-0.994141
522	-0.992188	-0.996094
523	-0.992188	-0.996094
524	-0.986328	-0.992188
525	-0.980469	-0.990234
526	-0.972656	-0.984375
527	-0.964844	-0.982422
528	-0.996094	-0.998047
529	-0.966797	-0.980469
530	-0.982422	-0.990234
531	-0.968750	-0.982422
532	-0.984375	-0.992188
533	-0.978516	-0.988281
534	-0.988281	-0.994141
535	-0.980469	-0.988281
536	-0.984375	-0.990234
537	-0.988281	-0.994141
538	-0.970703	-0.984375
539	-0.986328	-0.992188
540	-0.978516	-0.988281
541	-0.976563	-0.988281
542	-0.970703	-0.984375
543	-0.978516	-0.988281
544	-0.980469	-0.990234
545	-0.972656	-0.984375
546	-0.988281	-0.994141
547	-0.974609	-0.986328
548	-0.996094	-0.998047
549	-0.972656	-0.986328
550	-0.984375	-0.992188
551	-0.984375	-0.990234
552	-0.976563	-0.988281
553	-0.990234	-0.994141
554	-0.976563	-0.988281
555	-0.988281	-0.994141
556	-0.976563	-0.986328
557	-0.990234	-0.994141
558	-0.980469	-0.990234
559	-0.990234	-0.994141
560	-0.992188	-0.996094
561	-0.988281	-0.994141
562	-0.978516	-0.988281
563	-0.984375	-0.992188
564	-0.992188	-0.996094
565	-0.996094	-0.998047
566	-0.955078	-0.972656
567	-0.970703	-0.984375
568	-0.988281	-0.994141
569	-0.968750	-0.982422
570	-0.992188	-0.996094
571	-0.978516	-0.988281
572	-0.992188	-0.996094
573	-0.992188	-0.996094
574	-0.978516	-0.988281
575	-0.984375	-0.992188
576	-0.988281	-0.994141
577	-0.984375	-0.992188
578	-0.980469	-0.990234
579	-0.984375	-0.992188
580	-0.984375	-0.992188
581	-0.996094	-0.998047
582	-0.980469	-0.990234
583	-0.972656	-0.986328
584	-0.984375	-0.992188
585	-1.000000	-1.000000
586	-0.986328	-0.992188
587	-1.000000	-1.000000
588	-0.988281	-0.994141
589	-0.974609	-0.986328
590	-0.984375	-0.992188
591	-0.978516	-0.988281
592	-0.988281	-0.994141
593	-0.982422	-0.990234
594	-0.976563	-0.988281
595	-0.988281	-0.994141
596	-0.988281	-0.994141
597	-0.970703	-0.978516
598	-0.980469	-0.990234
599	-0.962891	-0.980469
600	-0.970703	-0.980469
601	-0.996094	-0.998047
602	-0.980469	-0.990234
603	-0.978516	-0.984375
604	-0.992188	-0.996094
605	-0.992188	-0.996094
606	-0.968750	-0.980469
607	-0.968750	-0.982422
608	-0.972656	-0.986328
609	-0.984375	-0.992188
610	-0.972656	-0.986328
611	-0.988281	-0.994141
612	-0.992188	-0.996094
613	-0.980469	-0.988281
614	-0.992188	-0.996094
615	-0.992188	-0.996094
616	-0.980469	-0.990234
617	-0.996094	-0.998047
618	-0.976563	-0.986328
619	-0.986328	-0.992188
620	-0.986328	-0.992188
621	-0.984375	-0.992188
622	-0.988281	-0.994141
623	-0.972656	-0.986328
624	-0.968750	-0.980469
625	-0.988281	-0.994141
626	-0.992188	-0.996094
627	-0.980469	-0.990234
628	-0.976563	-0.986328
629	-0.972656	-0.986328
630	-0.962891	-0.980469
631	-0.988281	-0.994141
632	-0.990234	-0.994141
633	-0.996094	-0.998047
634	-0.974609	-0.986328
635	-0.974609	-0.986328
636	-0.972656	-0.984375
637	-0.982422	-0.990234
638	-0.980469	-0.990234
639	-0.962891	-0.978516
640	-0.992188	-0.996094
641	-0.968750	-0.984375
642	-0.996094	-0.998047
643	-0.968750	-0.982422
644	-0.986328	-0.992188
645	-0.976563	-0.988281
646	-0.974609	-0.982422
647	-0.978516	-0.986328
648	-0.980469	-0.986328
649	-0.982422	-0.990234
650	-0.988281	-0.992188
651	-0.986328	-0.992188
652	-0.972656	-0.984375
653	-0.986328	-0.992188
654	-0.980469	-0.990234
655	-0.988281	-0.994141
656	-0.955078	-0.972656
657	-0.986328	-0.992188
658	-0.980469	-0.990234
659	-0.978516	-0.988281
660	-0.976563	-0.988281
661	-0.980469	-0.990234
662	-0.976563	-0.988281
663	-0.976563	-0.988281
664	-0.978516	-0.986328
665	-0.984375	-0.992188
666	-0.992188	-0.996094
667	-0.970703	-0.984375
668	-0.984375	-0.992188
669	-0.986328	-0.992188
670	-0.988281	-0.994141
671	-0.986328	-0.992188
672	-0.974609	-0.986328
673	-0.988281	-0.994141
674	-0.982422	-0.990234
675	-0.982422	-0.990234
676	-0.988281	-0.994141
677	-0.974609	-0.986328
678	-0.970703	-0.984375
679	-0.988281	-0.994141
680	-0.976563	-0.986328
681	-0.988281	-0.994141
682	-0.984375	-0.992188
683	-0.976563	-0.988281
684	-0.976563	-0.988281
685	-0.966797	-0.980469
686	-0.984375	-0.992188
687	-0.980469	-0.990234
688	-0.980469	-0.988281
689	-0.974609	-0.986328
690	-0.986328	-0.992188
691	-0.988281	-0.994141
692	-0.984375	-0.992188
693	-0.984375	-0.992188
694	-0.992188	-0.996094
695	-0.986328	-0.992188
696	-0.988281	-0.994141
697	-0.980469	-0.990234
698	-0.986328	-0.988281
699	-0.988281	-0.994141
700	-0.988281	-0.994141
701	-0.982422	-0.990234
702	-0.972656	-0.986328
703	-0.982422	-0.990234
704	-0.984375	-0.992188
705	-0.992188	-0.996094
706	-0.966797	-0.982422
707	-0.996094	-0.998047
708	-0.984375	-0.992188
709	-0.992188	-0.996094
710	-0.992188	-0.994141
711	-0.992188	-0.996094
712	-0.988281	-0.994141
713	-0.984375	-0.992188
714	-0.996094	-0.998047
715	-0.988281	-0.994141
716	-0.982422	-0.990234
717	-0.986328	-0.992188
718	-0.962891	-0.980469
719	-0.988281	-0.994141
720	-0.978516	-0.988281
721	-0.972656	-0.984375
722	-0.992188	-0.996094
723	-0.972656	-0.986328
724	-0.974609	-0.986328
725	-0.966797	-0.980469
726	-0.980469	-0.990234
727	-0.988281	-0.994141
728	-0.992188	-0.996094
729	-0.974609	-0.978516
730	-0.988281	-0.994141
731	-0.992188	-0.996094
732	-0.992188	-0.996094
733	-0.996094	-0.998047
734	-0.984375	-0.992188
735	-0.990234	-0.994141
736	-0.980469	-0.990234
737	-0.988281	-0.994141
738	-0.978516	-0.988281
739	-0.970703	-0.984375
740	-0.972656	-0.986328
741	-0.988281	-0.992188
742	-0.992188	-0.996094
743	-0.974609	-0.986328
744	-0.996094	-0.998047
745	-0.976563	-0.988281
746	-0.996094	-0.998047
747	-0.964844	-0.982422
748	-0.970703	-0.984375
749	-0.984375	-0.992188
750	-0.992188	-0.996094
751	-0.996094	-0.998047
752	-0.984375	-0.992188
753	-0.974609	-0.982422
754	-0.984375	-0.992188
755	-0.984375	-0.992188
756	-0.970703	-0.984375
757	-0.988281	-0.994141
758	-0.988281	-0.994141
759	-0.982422	-0.990234
760	-0.982422	-0.990234
761	-0.978516	-0.988281
762	-0.992188	-0.996094
763	-1.000000	-1.000000
764	-0.984375	-0.992188
765	-0.982422	-0.988281
766	-0.976563	-0.986328
767	-0.988281	-0.994141
768	-0.970703	-0.982422
769	-0.976563	-0.986328
770	-0.988281	-0.994141
771	-0.974609	-0.984375
772	-0.972656	-0.986328
773	-0.986328	-0.992188
774	-0.980469	-0.990234
775	-0.984375	-0.992188
776	-0.976563	-0.988281
777	-0.968750	-0.982422
778	-0.978516	-0.988281
779	-0.982422	-0.990234
780	-0.970703	-0.982422
781	-0.984375	-0.992188
782	-0.980469	-0.990234
783	-0.972656	-0.984375
784	-0.968750	-0.978516
785	-0.988281	-0.994141
786	-0.996094	-0.998047
787	-0.982422	-0.988281
788	-0.976563	-0.988281
789	-0.974609	-0.986328
790	-0.970703	-0.984375
791	-1.000000	-1.000000
792	-0.980469	-0.990234
793	-0.992188	-0.996094
794	-0.974609	-0.984375
795	-0.984375	-0.992188
796	-0.992188	-0.996094
797	-0.984375	-0.990234
798	-0.980469	-0.990234
799	-0.988281	-0.994141
800	-0.980469	-0.990234
801	-0.996094	-0.998047
802	-0.986328	-0.992188
803	-0.976563	-0.988281
804	-0.980469	-0.990234
805	-0.978516	-0.988281
806	-0.980469	-0.990234
807	-0.980469	-0.990234
808	-0.988281	-0.994141
809	-0.970703	-0.982422
810	-0.986328	-0.992188
811	-0.978516	-0.988281
812	-0.978516	-0.988281
813	-0.978516	-0.988281
814	-0.974609	-0.986328
815	-0.974609	-0.986328
816	-0.994141	-0.996094
817	-0.974609	-0.984375
818	-0.984375	-0.990234
819	-0.992188	-0.996094
820	-0.982422	-0.990234
821	-0.990234	-0.994141
822	-0.988281	-0.994141
823	-0.966797	-0.982422
824	-0.968750	-0.984375
825	-0.978516	-0.986328
826	-0.980469	-0.990234
827	-0.970703	-0.984375
828	-0.988281	-0.994141
829	-0.992188	-0.996094
830	-0.964844	-0.980469
831	-0.962891	-0.980469
832	-0.992188	-0.996094
833	-0.976563	-0.988281
834	-0.996094	-0.998047
835	-0.976563	-0.986328
836	-0.988281	-0.994141
837	-0.980469	-0.988281
838	-0.972656	-0.984375
839	-0.982422	-0.990234
840	-0.966797	-0.980469
841	-0.972656	-0.986328
842	-0.972656	-0.986328
843	-0.970703	-0.982422
844	-0.992188	-0.996094
845	-0.984375	-0.992188
846	-0.994141	-0.996094
847	-0.984375	-0.992188
848	-0.992188	-0.996094
849	-0.972656	-0.986328
850	-0.988281	-0.994141
851	-0.972656	-0.986328
852	-1.000000	-1.000000
853	-0.980469	-0.986328
854	-0.990234	-0.994141
855	-0.992188	-0.996094
856	-0.984375	-0.992188
857	-0.978516	-0.988281
858	-0.988281	-0.994141
859	-0.980469	-0.988281
860	-0.984375	-0.992188
861	-0.980469	-0.990234
862	-0.980469	-0.990234
863	-0.988281	-0.994141
864	-0.992188	-0.996094
865	-0.970703	-0.984375
866	-0.984375	-0.992188
867	-0.964844	-0.982422
868	-0.974609	-0.984375
869	-0.968750	-0.982422
870	-0.968750	-0.982422
871	-0.984375	-0.992188
872	-0.988281	-0.994141
873	-0.988281	-0.994141
874	-0.984375	-0.992188
875	-0.988281	-0.990234
876	-0.962891	-0.980469
877	-0.964844	-0.982422
878	-0.970703	-0.984375
879	-0.980469	-0.990234
880	-0.972656	-0.986328
881	-0.980469	-0.988281
882	-0.986328	-0.992188
883	-0.974609	-0.984375
884	-0.978516	-0.988281
885	-0.992188	-0.996094
886	-0.970703	-0.984375
887	-0.988281	-0.994141
888	-0.996094	-0.998047
889	-0.968750	-0.984375
890	-0.976563	-0.988281
891	-0.982422	-0.990234
892	-0.978516	-0.988281
893	-0.988281	-0.994141
894	-0.988281	-0.994141
895	-0.980469	-0.990234
896	-0.982422	-0.990234
897	-0.980469	-0.990234
898	-0.976563	-0.986328
899	-0.966797	-0.982422
900	-0.984375	-0.992188
901	-0.984375	-0.992188
902	-0.982422	-0.990234
903	-0.972656	-0.984375
904	-0.992188	-0.996094
905	-0.980469	-0.988281
906	-0.982422	-0.990234
907	-0.992188	-0.996094
908	-0.960938	-0.978516
909	-0.976563	-0.984375
910	-0.984375	-0.992188
911	-0.988281	-0.994141
912	-0.980469	-0.984375
913	-0.976563	-0.988281
914	-0.980469	-0.988281
915	-0.976563	-0.988281
916	-0.988281	-0.994141
917	-0.980469	-0.990234
918	-0.980469	-0.990234
919	-0.992188	-0.996094
920	-0.984375	-0.990234
921	-0.984375	-0.992188
922	-0.980469	-0.990234
923	-0.996094	-0.998047
924	-0.982422	-0.990234
925	-0.980469	-0.990234
926	-0.978516	-0.988281
927	-0.982422	-0.990234
928	-0.992188	-0.996094
929	-0.992188	-0.996094
930	-0.978516	-0.986328
931	-0.982422	-0.990234
932	-0.984375	-0.992188
933	-0.980469	-0.990234
934	-0.978516	-0.988281
935	-0.972656	-0.984375
936	-0.988281	-0.994141
937	-0.976563	-0.988281
938	-0.974609	-0.986328
939	-0.978516	-0.986328
940	-0.980469	-0.990234
941	-0.968750	-0.982422
942	-0.980469	-0.988281
943	-0.992188	-0.996094
944	-0.988281	-0.994141
945	-0.968750	-0.982422
946	-0.984375	-0.990234
947	-0.968750	-0.984375
948	-0.974609	-0.986328
949	-0.970703	-0.984375
950	-0.982422	-0.990234
951	-0.974609	-0.984375
952	-0.988281	-0.994141
953	-0.980469	-0.990234
954	-0.984375	-0.992188
955	-0.984375	-0.992188
956	-0.982422	-0.990234
957	-0.976563	-0.988281
958	-0.988281	-0.994141
959	-0.976563	-0.988281
960	-0.972656	-0.986328
961	-0.960938	-0.978516
962	-0.982422	-0.990234
963	-0.980469	-0.990234
964	-0.988281	-0.994141
965	-0.974609	-0.986328
966	-0.972656	-0.984375
967	-0.974609	-0.986328
968	-0.968750	-0.982422
969	-0.976563	-0.988281
970	-0.984375	-0.992188
971	-0.992188	-0.996094
972	-0.992188	-0.996094
973	-0.992188	-0.996094
974	-0.996094	-0.998047
975	-0.994141	-0.996094
976	-0.974609	-0.986328
977	-0.986328	-0.992188
978	-0.984375	-0.992188
979	-0.984375	-0.992188
980	-0.984375	-0.992188
981	-0.982422	-0.990234
982	-0.996094	-0.998047
983	-0.976563	-0.986328
984	-0.980469	-0.990234
985	-0.974609	-0.986328
986	-0.976563	-0.988281
987	-0.996094	-0.998047
988	-0.978516	-0.988281
989	-0.974609	-0.986328
990	-0.984375	-0.992188
991	-0.970703	-0.984375
992	-0.955078	-0.974609
993	-0.978516	-0.988281
994	-0.976563	-0.988281
995	-0.984375	-0.990234
996	-0.962891	-0.978516
997	-0.980469	-0.990234
998	-0.984375	-0.992188
999	-0.976563	-0.984375
