0	-0.408203	-0.091797
1	-0.396484	-0.064453
2	-0.429688	0.033203
3	-0.400391	-0.070313
4	-0.400391	0.091797
5	-0.412109	0.117188
6	-0.412109	-0.113281
7	-0.417969	-0.044922
8	-0.437500	0.150391
9	-0.443359	-0.035156
10	-0.417969	0.214844
11	-0.423828	0.044922
12	-0.402344	-0.187500
13	-0.406250	-0.089844
14	-0.416016	0.171875
15	-0.402344	0.105469
16	-0.378906	0.099609
17	-0.380859	-0.097656
18	-0.349609	-0.136719
19	-0.380859	-0.210938
20	-0.392578	-0.083984
21	-0.417969	-0.025391
22	-0.347656	0.011719
23	-0.390625	0.029297
24	-0.402344	-0.060547
25	-0.351563	-0.013672
26	-0.384766	0.003906
27	-0.427734	-0.013672
28	-0.349609	-0.060547
29	-0.439453	0.078125
30	-0.400391	-0.064453
31	-0.445313	-0.166016
32	-0.416016	0.000000
33	-0.433594	0.115234
34	-0.425781	-0.099609
35	-0.396484	-0.029297
36	-0.382813	0.009766
37	-0.433594	-0.044922
38	-0.421875	-0.074219
39	-0.392578	0.140625
40	-0.402344	-0.080078
41	-0.421875	0.060547
42	-0.335938	0.031250
43	-0.400391	-0.001953
44	-0.384766	0.033203
45	-0.410156	-0.048828
46	-0.441406	0.160156
47	-0.417969	-0.060547
48	-0.435547	0.128906
49	-0.388672	-0.078125
50	-0.333984	-0.025391
51	-0.355469	-0.164063
52	-0.355469	-0.111328
53	-0.369141	-0.052734
54	-0.449219	-0.166016
55	-0.349609	0.019531
56	-0.439453	-0.191406
57	-0.408203	-0.107422
58	-0.390625	0.101563
59	-0.412109	0.037109
60	-0.414063	-0.085938
61	-0.392578	-0.113281
62	-0.453125	-0.052734
63	-0.341797	-0.062500
64	-0.447266	-0.078125
65	-0.384766	-0.035156
66	-0.392578	-0.060547
67	-0.419922	0.101563
68	-0.392578	0.035156
69	-0.421875	0.203125
70	-0.457031	0.093750
71	-0.365234	-0.003906
72	-0.417969	0.109375
73	-0.400391	-0.017578
74	-0.402344	-0.056641
75	-0.382813	0.050781
76	-0.332031	-0.099609
77	-0.419922	0.089844
78	-0.406250	0.113281
79	-0.353516	0.107422
80	-0.388672	-0.029297
81	-0.464844	0.089844
82	-0.376953	0.001953
83	-0.449219	-0.056641
84	-0.400391	0.001953
85	-0.408203	0.025391
86	-0.408203	-0.082031
87	-0.414063	0.126953
88	-0.455078	0.210938
89	-0.398438	0.107422
90	-0.433594	-0.082031
91	-0.414063	0.085938
92	-0.363281	-0.087891
93	-0.398438	0.119141
94	-0.410156	-0.035156
95	-0.421875	0.156250
96	-0.328125	0.003906
97	-0.398438	0.144531
98	-0.435547	0.009766
99	-0.388672	0.117188
100	-0.419922	-0.072266
101	-0.417969	0.207031
102	-0.396484	0.021484
103	-0.333984	0.037109
104	-0.416016	-0.085938
105	-0.365234	0.000000
106	-0.384766	0.107422
107	-0.357422	0.005859
108	-0.408203	0.046875
109	-0.380859	0.183594
110	-0.380859	0.007813
111	-0.376953	-0.048828
112	-0.414063	-0.062500
113	-0.410156	-0.050781
114	-0.416016	0.136719
115	-0.390625	0.041016
116	-0.429688	0.166016
117	-0.367188	-0.048828
118	-0.388672	0.009766
119	-0.396484	0.144531
120	-0.390625	0.007813
121	-0.376953	0.019531
122	-0.451172	0.271484
123	-0.384766	0.070313
124	-0.427734	-0.103516
125	-0.408203	0.050781
126	-0.439453	0.183594
127	-0.431641	0.207031
128	-0.380859	0.107422
129	-0.416016	-0.025391
130	-0.419922	0.041016
131	-0.404297	-0.029297
132	-0.390625	-0.025391
133	-0.396484	-0.136719
134	-0.371094	-0.099609
135	-0.417969	0.001953
136	-0.380859	-0.021484
137	-0.443359	-0.154297
138	-0.433594	0.121094
139	-0.474609	0.251953
140	-0.402344	-0.005859
141	-0.416016	-0.150391
142	-0.382813	-0.111328
143	-0.410156	-0.023438
144	-0.363281	-0.128906
145	-0.416016	-0.025391
146	-0.375000	0.000000
147	-0.349609	-0.058594
148	-0.421875	-0.037109
149	-0.437500	-0.054688
150	-0.392578	-0.091797
151	-0.412109	0.062500
152	-0.431641	0.121094
153	-0.390625	0.080078
154	-0.451172	0.072266
155	-0.431641	0.050781
156	-0.408203	0.029297
157	-0.359375	0.066406
158	-0.376953	-0.007813
159	-0.437500	0.216797
160	-0.347656	0.062500
161	-0.435547	-0.001953
162	-0.425781	-0.062500
163	-0.382813	-0.128906
164	-0.429688	0.078125
165	-0.396484	-0.277344
166	-0.396484	0.007813
167	-0.417969	-0.146484
168	-0.439453	0.085938
169	-0.359375	0.101563
170	-0.410156	0.093750
171	-0.320313	0.027344
172	-0.408203	-0.009766
173	-0.394531	-0.009766
174	-0.388672	0.042969
175	-0.376953	0.089844
176	-0.394531	-0.121094
177	-0.433594	-0.023438
178	-0.378906	-0.001953
179	-0.414063	0.060547
180	-0.375000	0.078125
181	-0.392578	-0.011719
182	-0.406250	-0.009766
183	-0.419922	-0.060547
184	-0.369141	0.082031
185	-0.427734	0.041016
186	-0.396484	0.023438
187	-0.394531	0.072266
188	-0.408203	0.062500
189	-0.439453	-0.009766
190	-0.404297	-0.003906
191	-0.433594	-0.037109
192	-0.384766	0.021484
193	-0.388672	-0.105469
194	-0.388672	0.082031
195	-0.414063	0.195313
196	-0.421875	0.041016
197	-0.386719	0.013672
198	-0.365234	0.015625
199	-0.357422	-0.074219
200	-0.343750	-0.103516
201	-0.349609	-0.115234
202	-0.404297	0.121094
203	-0.394531	0.015625
204	-0.453125	0.035156
205	-0.398438	0.068359
206	-0.398438	0.013672
207	-0.447266	0.013672
208	-0.414063	-0.177734
209	-0.462891	0.099609
210	-0.402344	0.130859
211	-0.414063	-0.078125
212	-0.406250	-0.160156
213	-0.402344	0.074219
214	-0.367188	-0.060547
215	-0.369141	-0.005859
216	-0.359375	-0.099609
217	-0.400391	-0.087891
218	-0.398438	-0.060547
219	-0.402344	0.082031
220	-0.421875	-0.058594
221	-0.367188	0.000000
222	-0.404297	-0.042969
223	-0.404297	0.066406
224	-0.382813	-0.062500
225	-0.371094	-0.054688
226	-0.419922	-0.044922
227	-0.439453	0.046875
228	-0.416016	-0.132813
229	-0.355469	-0.037109
230	-0.347656	-0.173828
231	-0.394531	0.000000
232	-0.404297	0.001953
233	-0.376953	0.013672
234	-0.390625	-0.021484
235	-0.400391	0.142578
236	-0.386719	-0.037109
237	-0.375000	0.052734
238	-0.441406	0.074219
239	-0.402344	0.093750
240	-0.359375	0.167969
241	-0.439453	0.023438
242	-0.408203	-0.011719
243	-0.351563	0.054688
244	-0.427734	-0.105469
245	-0.402344	-0.013672
246	-0.388672	0.056641
247	-0.382813	0.103516
248	-0.421875	-0.105469
249	-0.431641	-0.013672
250	-0.357422	0.105469
251	-0.371094	0.136719
252	-0.349609	-0.037109
253	-0.369141	0.046875
254	-0.406250	0.005859
255	-0.378906	0.042969
256	-0.363281	-0.052734
257	-0.367188	0.060547
258	-0.410156	0.068359
259	-0.332031	-0.031250
260	-0.376953	0.009766
261	-0.335938	-0.046875
262	-0.396484	-0.095703
263	-0.398438	-0.085938
264	-0.460938	0.242188
265	-0.408203	-0.007813
266	-0.443359	0.070313
267	-0.363281	0.093750
268	-0.369141	0.031250
269	-0.421875	0.025391
270	-0.435547	0.068359
271	-0.392578	-0.078125
272	-0.392578	0.000000
273	-0.451172	0.064453
274	-0.333984	-0.166016
275	-0.382813	-0.027344
276	-0.431641	-0.128906
277	-0.367188	-0.097656
278	-0.382813	0.035156
279	-0.441406	0.000000
280	-0.414063	0.064453
281	-0.347656	0.082031
282	-0.394531	0.033203
283	-0.378906	0.037109
284	-0.378906	0.027344
285	-0.398438	0.207031
286	-0.398438	0.068359
287	-0.343750	-0.023438
288	-0.382813	-0.042969
289	-0.400391	-0.054688
290	-0.398438	-0.140625
291	-0.404297	-0.078125
292	-0.388672	0.037109
293	-0.394531	0.000000
294	-0.408203	0.066406
295	-0.460938	-0.160156
296	-0.386719	-0.119141
297	-0.419922	0.031250
298	-0.392578	0.093750
299	-0.419922	0.208984
300	-0.417969	0.009766
301	-0.427734	0.044922
302	-0.421875	0.054688
303	-0.419922	0.154297
304	-0.443359	-0.101563
305	-0.365234	0.011719
306	-0.435547	0.148438
307	-0.384766	0.023438
308	-0.480469	-0.162109
309	-0.404297	0.095703
310	-0.443359	0.027344
311	-0.392578	0.085938
312	-0.474609	0.044922
313	-0.402344	-0.099609
314	-0.457031	0.205078
315	-0.386719	0.101563
316	-0.406250	0.115234
317	-0.394531	0.136719
318	-0.388672	0.066406
319	-0.398438	0.082031
320	-0.390625	-0.048828
321	-0.386719	0.050781
322	-0.449219	0.044922
323	-0.378906	-0.013672
324	-0.398438	0.091797
325	-0.443359	0.072266
326	-0.433594	0.142578
327	-0.386719	0.326172
328	-0.439453	0.115234
329	-0.390625	0.058594
330	-0.470703	0.003906
331	-0.423828	0.144531
332	-0.386719	0.041016
333	-0.431641	-0.023438
334	-0.375000	-0.121094
335	-0.398438	0.031250
336	-0.402344	-0.072266
337	-0.339844	0.083984
338	-0.396484	-0.076172
339	-0.441406	-0.019531
340	-0.353516	0.035156
341	-0.439453	-0.087891
342	-0.400391	0.080078
343	-0.433594	0.017578
344	-0.425781	-0.060547
345	-0.375000	0.144531
346	-0.402344	-0.037109
347	-0.417969	0.101563
348	-0.380859	0.082031
349	-0.457031	-0.005859
350	-0.396484	0.097656
351	-0.388672	-0.095703
352	-0.433594	-0.031250
353	-0.396484	0.095703
354	-0.406250	-0.025391
355	-0.431641	0.041016
356	-0.451172	-0.078125
357	-0.417969	0.101563
358	-0.417969	-0.191406
359	-0.451172	-0.181641
360	-0.423828	0.009766
361	-0.373047	-0.111328
362	-0.447266	-0.056641
363	-0.410156	-0.142578
364	-0.416016	-0.019531
365	-0.417969	-0.013672
366	-0.462891	-0.314453
367	-0.390625	-0.156250
368	-0.361328	0.013672
369	-0.390625	-0.029297
370	-0.443359	-0.056641
371	-0.406250	-0.013672
372	-0.435547	0.062500
373	-0.345703	-0.099609
374	-0.417969	-0.087891
375	-0.421875	-0.056641
376	-0.441406	-0.111328
377	-0.384766	0.099609
378	-0.410156	0.138672
379	-0.419922	-0.078125
380	-0.392578	-0.013672
381	-0.408203	-0.074219
382	-0.435547	-0.011719
383	-0.396484	0.087891
384	-0.414063	-0.052734
385	-0.421875	0.167969
386	-0.416016	0.072266
387	-0.378906	0.058594
388	-0.423828	0.185547
389	-0.351563	0.023438
390	-0.425781	-0.025391
391	-0.371094	-0.228516
392	-0.425781	-0.130859
393	-0.427734	-0.222656
394	-0.402344	-0.078125
395	-0.384766	-0.232422
396	-0.380859	-0.140625
397	-0.376953	-0.017578
398	-0.375000	-0.019531
399	-0.417969	-0.099609
400	-0.386719	0.050781
401	-0.392578	0.056641
402	-0.464844	0.003906
403	-0.382813	0.142578
404	-0.347656	0.089844
405	-0.404297	0.041016
406	-0.361328	-0.134766
407	-0.376953	-0.082031
408	-0.351563	0.083984
409	-0.431641	-0.074219
410	-0.396484	0.046875
411	-0.373047	-0.052734
412	-0.431641	-0.027344
413	-0.400391	-0.136719
414	-0.382813	0.060547
415	-0.371094	0.066406
416	-0.445313	-0.117188
417	-0.429688	-0.078125
418	-0.382813	-0.003906
419	-0.410156	-0.224609
420	-0.359375	-0.009766
421	-0.414063	-0.193359
422	-0.347656	0.025391
423	-0.441406	0.000000
424	-0.425781	0.123047
425	-0.425781	-0.039063
426	-0.427734	-0.142578
427	-0.404297	-0.132813
428	-0.419922	-0.078125
429	-0.388672	0.087891
430	-0.376953	0.029297
431	-0.361328	-0.013672
432	-0.376953	-0.037109
433	-0.396484	-0.050781
434	-0.394531	0.095703
435	-0.341797	-0.123047
436	-0.380859	-0.076172
437	-0.376953	0.033203
438	-0.427734	0.123047
439	-0.414063	-0.037109
440	-0.382813	0.103516
441	-0.408203	0.068359
442	-0.345703	0.099609
443	-0.414063	0.072266
444	-0.384766	0.050781
445	-0.406250	0.078125
446	-0.402344	0.181641
447	-0.416016	-0.009766
448	-0.365234	-0.140625
449	-0.406250	-0.025391
450	-0.406250	-0.212891
451	-0.384766	0.011719
452	-0.404297	0.062500
453	-0.390625	-0.179688
454	-0.462891	-0.107422
455	-0.474609	0.187500
456	-0.406250	-0.054688
457	-0.423828	-0.232422
458	-0.384766	-0.058594
459	-0.433594	0.126953
460	-0.400391	-0.154297
461	-0.404297	-0.054688
462	-0.408203	0.048828
463	-0.390625	0.017578
464	-0.425781	0.134766
465	-0.361328	-0.011719
466	-0.363281	0.064453
467	-0.404297	0.142578
468	-0.425781	-0.037109
469	-0.419922	0.060547
470	-0.412109	-0.099609
471	-0.406250	-0.107422
472	-0.455078	-0.201172
473	-0.384766	0.074219
474	-0.402344	0.103516
475	-0.386719	0.210938
476	-0.408203	0.029297
477	-0.429688	0.220703
478	-0.427734	-0.128906
479	-0.431641	0.074219
480	-0.427734	-0.003906
481	-0.419922	0.066406
482	-0.392578	0.146484
483	-0.394531	-0.107422
484	-0.416016	0.023438
485	-0.408203	0.009766
486	-0.396484	-0.046875
487	-0.380859	-0.013672
488	-0.400391	0.156250
489	-0.408203	0.033203
490	-0.398438	0.091797
491	-0.451172	-0.052734
492	-0.380859	0.015625
493	-0.437500	-0.072266
494	-0.349609	-0.152344
495	-0.400391	-0.083984
496	-0.386719	-0.144531
497	-0.474609	-0.078125
498	-0.406250	-0.015625
499	-0.357422	-0.076172
500	-0.447266	0.230469
501	-0.457031	0.185547
502	-0.404297	0.062500
503	-0.492188	0.009766
504	-0.472656	-0.144531
505	-0.408203	-0.199219
506	-0.394531	-0.208984
507	-0.445313	-0.095703
508	-0.330078	0.013672
509	-0.419922	0.070313
510	-0.402344	0.103516
511	-0.445313	-0.048828
512	-0.343750	0.093750
513	-0.394531	-0.142578
514	-0.322266	0.078125
515	-0.421875	0.144531
516	-0.449219	0.404297
517	-0.386719	0.041016
518	-0.392578	0.107422
519	-0.392578	0.046875
520	-0.414063	-0.056641
521	-0.369141	-0.087891
522	-0.392578	-0.251953
523	-0.357422	-0.027344
524	-0.378906	0.160156
525	-0.378906	0.011719
526	-0.421875	0.130859
527	-0.361328	-0.105469
528	-0.406250	0.085938
529	-0.396484	0.093750
530	-0.404297	-0.044922
531	-0.414063	-0.052734
532	-0.384766	0.062500
533	-0.347656	0.121094
534	-0.361328	0.085938
535	-0.406250	0.048828
536	-0.416016	0.050781
537	-0.380859	0.105469
538	-0.443359	0.199219
539	-0.416016	0.037109
540	-0.431641	0.035156
541	-0.408203	0.097656
542	-0.394531	0.064453
543	-0.435547	-0.033203
544	-0.443359	-0.066406
545	-0.388672	-0.138672
546	-0.369141	0.119141
547	-0.382813	-0.107422
548	-0.371094	0.123047
549	-0.343750	0.003906
550	-0.402344	0.015625
551	-0.394531	0.031250
552	-0.404297	0.058594
553	-0.353516	-0.070313
554	-0.398438	-0.064453
555	-0.400391	0.066406
556	-0.398438	0.005859
557	-0.382813	0.107422
558	-0.453125	0.164063
559	-0.464844	-0.080078
560	-0.441406	0.050781
561	-0.433594	-0.039063
562	-0.412109	0.251953
563	-0.449219	0.160156
564	-0.412109	0.005859
565	-0.417969	-0.234375
566	-0.361328	-0.101563
567	-0.402344	0.029297
568	-0.423828	-0.126953
569	-0.408203	-0.117188
570	-0.373047	-0.078125
571	-0.363281	-0.060547
572	-0.396484	-0.203125
573	-0.433594	-0.181641
574	-0.400391	-0.058594
575	-0.367188	-0.109375
576	-0.476563	-0.320313
577	-0.400391	-0.117188
578	-0.417969	0.236328
579	-0.451172	0.193359
580	-0.414063	-0.119141
581	-0.410156	0.220703
582	-0.333984	-0.039063
583	-0.371094	0.031250
584	-0.435547	-0.099609
585	-0.408203	-0.089844
586	-0.437500	-0.255859
587	-0.378906	-0.042969
588	-0.433594	0.019531
589	-0.388672	0.082031
590	-0.414063	0.097656
591	-0.439453	0.070313
592	-0.390625	0.017578
593	-0.406250	-0.126953
594	-0.433594	-0.152344
595	-0.416016	-0.101563
596	-0.402344	-0.023438
597	-0.351563	-0.216797
598	-0.408203	-0.056641
599	-0.435547	-0.261719
600	-0.382813	-0.054688
601	-0.404297	-0.146484
602	-0.371094	0.060547
603	-0.382813	0.263672
604	-0.394531	0.091797
605	-0.429688	-0.033203
606	-0.353516	-0.007813
607	-0.419922	0.039063
608	-0.421875	-0.080078
609	-0.433594	0.078125
610	-0.404297	0.083984
611	-0.455078	-0.046875
612	-0.457031	0.052734
613	-0.419922	-0.033203
614	-0.455078	-0.117188
615	-0.419922	-0.076172
616	-0.412109	-0.166016
617	-0.392578	-0.001953
618	-0.408203	-0.033203
619	-0.400391	0.072266
620	-0.451172	0.064453
621	-0.400391	-0.029297
622	-0.429688	0.095703
623	-0.380859	-0.169922
624	-0.439453	-0.009766
625	-0.466797	-0.138672
626	-0.476563	0.003906
627	-0.349609	-0.013672
628	-0.441406	0.037109
629	-0.394531	-0.179688
630	-0.390625	-0.076172
631	-0.330078	-0.068359
632	-0.382813	0.119141
633	-0.361328	0.011719
634	-0.417969	-0.115234
635	-0.367188	0.072266
636	-0.388672	0.132813
637	-0.375000	-0.021484
638	-0.419922	-0.156250
639	-0.416016	-0.011719
640	-0.382813	0.134766
641	-0.361328	0.091797
642	-0.398438	-0.091797
643	-0.414063	-0.232422
644	-0.417969	-0.041016
645	-0.390625	-0.052734
646	-0.371094	0.070313
647	-0.351563	-0.070313
648	-0.398438	0.134766
649	-0.392578	0.041016
650	-0.386719	-0.066406
651	-0.458984	0.031250
652	-0.380859	-0.070313
653	-0.376953	-0.099609
654	-0.425781	-0.001953
655	-0.412109	0.015625
656	-0.373047	0.000000
657	-0.398438	-0.046875
658	-0.410156	-0.134766
659	-0.416016	-0.015625
660	-0.396484	0.003906
661	-0.343750	-0.033203
662	-0.380859	0.015625
663	-0.369141	0.064453
664	-0.412109	0.066406
665	-0.437500	-0.203125
666	-0.412109	0.011719
667	-0.406250	-0.066406
668	-0.406250	-0.021484
669	-0.423828	0.054688
670	-0.398438	-0.119141
671	-0.314453	-0.117188
672	-0.378906	0.052734
673	-0.388672	0.101563
674	-0.361328	-0.146484
675	-0.443359	-0.179688
676	-0.363281	0.103516
677	-0.386719	0.068359
678	-0.421875	-0.029297
679	-0.369141	0.056641
680	-0.439453	0.007813
681	-0.376953	0.035156
682	-0.355469	0.025391
683	-0.458984	-0.005859
684	-0.378906	-0.046875
685	-0.427734	-0.083984
686	-0.416016	-0.003906
687	-0.375000	0.111328
688	-0.371094	-0.021484
689	-0.416016	-0.156250
690	-0.382813	0.013672
691	-0.375000	0.023438
692	-0.396484	-0.033203
693	-0.365234	0.050781
694	-0.328125	-0.027344
695	-0.398438	-0.054688
696	-0.363281	-0.115234
697	-0.371094	0.111328
698	-0.400391	0.025391
699	-0.402344	0.015625
700	-0.400391	-0.085938
701	-0.402344	-0.054688
702	-0.437500	0.132813
703	-0.359375	0.039063
704	-0.406250	0.017578
705	-0.390625	0.041016
706	-0.369141	0.019531
707	-0.376953	-0.019531
708	-0.437500	-0.029297
709	-0.417969	-0.027344
710	-0.417969	-0.164063
711	-0.435547	0.140625
712	-0.408203	-0.042969
713	-0.433594	0.044922
714	-0.423828	0.189453
715	-0.439453	0.138672
716	-0.384766	-0.091797
717	-0.429688	-0.085938
718	-0.416016	0.097656
719	-0.472656	0.076172
720	-0.400391	-0.082031
721	-0.375000	0.000000
722	-0.451172	-0.015625
723	-0.390625	-0.156250
724	-0.392578	0.123047
725	-0.361328	0.111328
726	-0.365234	-0.007813
727	-0.439453	-0.136719
728	-0.355469	-0.126953
729	-0.371094	-0.117188
730	-0.447266	-0.158203
731	-0.414063	0.027344
732	-0.416016	-0.001953
733	-0.404297	-0.035156
734	-0.382813	-0.035156
735	-0.408203	0.076172
736	-0.412109	0.164063
737	-0.400391	0.132813
738	-0.369141	-0.105469
739	-0.414063	0.117188
740	-0.437500	0.140625
741	-0.439453	0.263672
742	-0.361328	0.087891
743	-0.417969	0.193359
744	-0.441406	0.240234
745	-0.423828	0.039063
746	-0.376953	-0.064453
747	-0.400391	0.005859
748	-0.416016	-0.050781
749	-0.431641	-0.011719
750	-0.376953	-0.183594
751	-0.386719	0.054688
752	-0.406250	0.066406
753	-0.378906	0.052734
754	-0.390625	0.091797
755	-0.429688	-0.097656
756	-0.375000	-0.173828
757	-0.406250	-0.056641
758	-0.339844	-0.019531
759	-0.445313	-0.220703
760	-0.414063	-0.125000
761	-0.402344	0.072266
762	-0.437500	-0.119141
763	-0.353516	-0.095703
764	-0.392578	-0.003906
765	-0.402344	-0.027344
766	-0.431641	0.144531
767	-0.375000	-0.003906
768	-0.378906	0.187500
769	-0.451172	-0.095703
770	-0.367188	-0.064453
771	-0.429688	-0.048828
772	-0.388672	-0.029297
773	-0.398438	0.125000
774	-0.390625	-0.009766
775	-0.369141	0.054688
776	-0.378906	-0.076172
777	-0.363281	-0.130859
778	-0.416016	0.103516
779	-0.414063	0.224609
780	-0.412109	0.050781
781	-0.365234	0.037109
782	-0.410156	0.238281
783	-0.357422	0.121094
784	-0.359375	-0.187500
785	-0.423828	-0.050781
786	-0.431641	-0.201172
787	-0.417969	-0.238281
788	-0.447266	0.039063
789	-0.373047	-0.068359
790	-0.451172	-0.164063
791	-0.375000	0.042969
792	-0.412109	0.214844
793	-0.455078	0.154297
794	-0.470703	-0.031250
795	-0.433594	-0.150391
796	-0.437500	-0.031250
797	-0.419922	0.027344
798	-0.419922	-0.039063
799	-0.390625	-0.017578
800	-0.388672	-0.158203
801	-0.398438	0.126953
802	-0.416016	-0.044922
803	-0.380859	0.066406
804	-0.390625	-0.148438
805	-0.431641	-0.041016
806	-0.402344	-0.109375
807	-0.345703	0.039063
808	-0.371094	-0.119141
809	-0.408203	-0.062500
810	-0.388672	0.066406
811	-0.382813	0.091797
812	-0.353516	0.126953
813	-0.380859	0.023438
814	-0.404297	0.019531
815	-0.367188	-0.093750
816	-0.423828	-0.208984
817	-0.408203	0.046875
818	-0.369141	-0.078125
819	-0.345703	-0.125000
820	-0.388672	0.009766
821	-0.408203	-0.099609
822	-0.404297	-0.138672
823	-0.478516	-0.074219
824	-0.416016	-0.064453
825	-0.392578	0.013672
826	-0.384766	-0.013672
827	-0.414063	-0.083984
828	-0.367188	-0.230469
829	-0.451172	-0.281250
830	-0.408203	-0.007813
831	-0.402344	0.001953
832	-0.392578	0.048828
833	-0.390625	-0.082031
834	-0.373047	-0.068359
835	-0.458984	-0.285156
836	-0.416016	-0.044922
837	-0.421875	-0.220703
838	-0.425781	-0.173828
839	-0.421875	-0.121094
840	-0.408203	-0.017578
841	-0.425781	0.130859
842	-0.390625	-0.177734
843	-0.369141	-0.021484
844	-0.351563	-0.011719
845	-0.427734	0.050781
846	-0.378906	0.001953
847	-0.398438	0.103516
848	-0.392578	0.044922
849	-0.369141	0.025391
850	-0.443359	0.058594
851	-0.437500	-0.005859
852	-0.402344	-0.025391
853	-0.398438	0.064453
854	-0.380859	-0.031250
855	-0.396484	-0.167969
856	-0.427734	0.107422
857	-0.429688	0.056641
858	-0.408203	0.060547
859	-0.375000	0.095703
860	-0.402344	0.039063
861	-0.425781	0.169922
862	-0.369141	0.191406
863	-0.427734	0.191406
864	-0.431641	0.214844
865	-0.427734	-0.046875
866	-0.443359	0.097656
867	-0.400391	-0.126953
868	-0.375000	-0.046875
869	-0.427734	-0.031250
870	-0.431641	0.066406
871	-0.380859	0.158203
872	-0.431641	0.044922
873	-0.443359	-0.056641
874	-0.380859	-0.052734
875	-0.464844	0.089844
876	-0.400391	0.013672
877	-0.425781	0.072266
878	-0.402344	0.031250
879	-0.414063	-0.048828
880	-0.371094	0.013672
881	-0.400391	-0.191406
882	-0.376953	-0.048828
883	-0.427734	-0.095703
884	-0.404297	-0.003906
885	-0.457031	-0.087891
886	-0.427734	-0.306641
887	-0.394531	-0.046875
888	-0.421875	-0.121094
889	-0.468750	-0.041016
890	-0.384766	0.048828
891	-0.441406	0.039063
892	-0.380859	0.230469
893	-0.373047	0.087891
894	-0.388672	0.107422
895	-0.417969	-0.136719
896	-0.412109	0.193359
897	-0.363281	0.103516
898	-0.414063	0.003906
899	-0.333984	-0.033203
900	-0.449219	-0.128906
901	-0.376953	0.064453
902	-0.431641	-0.019531
903	-0.359375	-0.078125
904	-0.404297	-0.109375
905	-0.423828	-0.031250
906	-0.404297	-0.041016
907	-0.351563	0.119141
908	-0.371094	-0.136719
909	-0.425781	0.060547
910	-0.427734	0.142578
911	-0.384766	0.050781
912	-0.390625	0.056641
913	-0.392578	-0.033203
914	-0.404297	-0.167969
915	-0.392578	-0.070313
916	-0.414063	-0.087891
917	-0.472656	0.115234
918	-0.384766	-0.011719
919	-0.429688	0.095703
920	-0.406250	-0.123047
921	-0.390625	0.064453
922	-0.396484	-0.007813
923	-0.371094	-0.035156
924	-0.361328	-0.029297
925	-0.396484	0.082031
926	-0.386719	0.107422
927	-0.369141	0.033203
928	-0.382813	-0.029297
929	-0.412109	-0.025391
930	-0.392578	0.003906
931	-0.398438	-0.212891
932	-0.425781	-0.021484
933	-0.378906	0.083984
934	-0.343750	0.082031
935	-0.410156	0.089844
936	-0.427734	0.064453
937	-0.394531	0.005859
938	-0.441406	-0.099609
939	-0.355469	0.025391
940	-0.382813	0.150391
941	-0.376953	-0.052734
942	-0.396484	0.076172
943	-0.394531	-0.152344
944	-0.425781	-0.226563
945	-0.373047	-0.085938
946	-0.396484	0.015625
947	-0.406250	-0.134766
948	-0.388672	-0.185547
949	-0.441406	0.117188
950	-0.419922	0.132813
951	-0.425781	-0.214844
952	-0.416016	0.005859
953	-0.394531	-0.210938
954	-0.367188	0.167969
955	-0.392578	0.138672
956	-0.425781	-0.056641
957	-0.363281	-0.109375
958	-0.400391	-0.058594
959	-0.353516	0.041016
960	-0.355469	0.054688
961	-0.384766	0.130859
962	-0.378906	-0.076172
963	-0.390625	-0.099609
964	-0.478516	0.021484
965	-0.363281	0.125000
966	-0.392578	-0.148438
967	-0.363281	-0.035156
968	-0.337891	0.009766
969	-0.376953	0.021484
970	-0.419922	0.238281
971	-0.443359	-0.087891
972	-0.384766	-0.003906
973	-0.419922	0.052734
974	-0.410156	-0.037109
975	-0.472656	0.046875
976	-0.388672	0.085938
977	-0.410156	0.134766
978	-0.431641	-0.093750
979	-0.458984	0.023438
980	-0.402344	-0.062500
981	-0.443359	-0.146484
982	-0.421875	0.087891
983	-0.455078	-0.236328
984	-0.367188	-0.076172
985	-0.392578	-0.041016
986	-0.433594	-0.226563
987	-0.390625	-0.080078
988	-0.365234	-0.021484
989	-0.363281	-0.119141
990	-0.429688	0.199219
991	-0.382813	0.074219
992	-0.371094	0.025391
993	-0.376953	0.074219
994	-0.406250	0.083984
995	-0.414063	0.099609
996	-0.427734	0.115234
997	-0.400391	-0.232422
998	-0.367188	-0.136719
999	-0.351563	-0.013672
