0	-0.205078	-0.068359
1	-0.183594	0.044922
2	-0.212891	-0.031250
3	-0.226563	0.027344
4	-0.230469	0.035156
5	-0.152344	-0.037109
6	-0.160156	0.011719
7	-0.175781	-0.035156
8	-0.175781	0.056641
9	-0.181641	-0.011719
10	-0.169922	0.066406
11	-0.156250	-0.041016
12	-0.195313	0.009766
13	-0.171875	-0.025391
14	-0.197266	-0.087891
15	-0.179688	0.039063
16	-0.199219	-0.054688
17	-0.175781	0.037109
18	-0.183594	0.089844
19	-0.154297	-0.001953
20	-0.185547	0.087891
21	-0.171875	-0.013672
22	-0.160156	0.025391
23	-0.171875	0.017578
24	-0.228516	0.083984
25	-0.220703	0.009766
26	-0.201172	0.015625
27	-0.162109	0.001953
28	-0.162109	0.005859
29	-0.177734	0.033203
30	-0.173828	0.000000
31	-0.214844	0.027344
32	-0.169922	0.042969
33	-0.214844	-0.083984
34	-0.164063	0.005859
35	-0.197266	0.007813
36	-0.164063	-0.019531
37	-0.201172	0.003906
38	-0.187500	-0.037109
39	-0.195313	0.029297
40	-0.150391	0.023438
41	-0.193359	-0.046875
42	-0.199219	0.011719
43	-0.191406	-0.009766
44	-0.208984	-0.048828
45	-0.191406	0.125000
46	-0.183594	0.023438
47	-0.187500	0.021484
48	-0.167969	0.093750
49	-0.205078	-0.041016
50	-0.191406	0.039063
51	-0.197266	0.050781
52	-0.167969	0.029297
53	-0.166016	0.027344
54	-0.152344	-0.074219
55	-0.166016	0.068359
56	-0.128906	0.072266
57	-0.181641	0.001953
58	-0.160156	-0.023438
59	-0.208984	0.091797
60	-0.205078	-0.001953
61	-0.197266	-0.044922
62	-0.195313	-0.054688
63	-0.191406	0.019531
64	-0.152344	-0.058594
65	-0.109375	-0.041016
66	-0.158203	0.046875
67	-0.158203	-0.099609
68	-0.177734	-0.105469
69	-0.164063	-0.064453
70	-0.167969	0.058594
71	-0.183594	-0.019531
72	-0.166016	0.039063
73	-0.158203	0.025391
74	-0.166016	0.015625
75	-0.177734	0.052734
76	-0.181641	0.000000
77	-0.177734	0.009766
78	-0.125000	0.009766
79	-0.148438	0.017578
80	-0.197266	0.015625
81	-0.183594	0.062500
82	-0.210938	-0.029297
83	-0.166016	0.007813
84	-0.195313	-0.015625
85	-0.201172	0.041016
86	-0.179688	0.048828
87	-0.187500	-0.046875
88	-0.208984	0.058594
89	-0.158203	0.076172
90	-0.138672	-0.023438
91	-0.175781	0.097656
92	-0.179688	0.054688
93	-0.162109	0.042969
94	-0.167969	-0.107422
95	-0.195313	0.058594
96	-0.167969	-0.074219
97	-0.189453	-0.017578
98	-0.169922	-0.083984
99	-0.197266	0.019531
100	-0.207031	-0.025391
101	-0.193359	-0.052734
102	-0.195313	0.007813
103	-0.166016	-0.039063
104	-0.216797	-0.011719
105	-0.162109	0.078125
106	-0.205078	-0.009766
107	-0.166016	-0.058594
108	-0.166016	-0.023438
109	-0.166016	-0.013672
110	-0.189453	0.025391
111	-0.134766	0.011719
112	-0.144531	-0.035156
113	-0.183594	-0.009766
114	-0.205078	-0.064453
115	-0.107422	0.082031
116	-0.173828	-0.066406
117	-0.216797	-0.013672
118	-0.207031	-0.029297
119	-0.189453	0.027344
120	-0.197266	0.066406
121	-0.162109	-0.039063
122	-0.212891	-0.095703
123	-0.189453	-0.041016
124	-0.185547	0.001953
125	-0.167969	0.017578
126	-0.166016	-0.025391
127	-0.205078	0.093750
128	-0.197266	-0.105469
129	-0.201172	-0.035156
130	-0.212891	-0.009766
131	-0.185547	-0.005859
132	-0.130859	0.056641
133	-0.183594	-0.023438
134	-0.175781	-0.013672
135	-0.179688	0.070313
136	-0.142578	0.089844
137	-0.169922	0.054688
138	-0.160156	0.132813
139	-0.210938	-0.007813
140	-0.173828	-0.015625
141	-0.142578	0.011719
142	-0.142578	-0.005859
143	-0.220703	0.000000
144	-0.171875	-0.025391
145	-0.199219	-0.064453
146	-0.195313	0.039063
147	-0.197266	0.052734
148	-0.148438	-0.005859
149	-0.169922	0.048828
150	-0.166016	0.025391
151	-0.171875	0.003906
152	-0.177734	-0.009766
153	-0.207031	0.070313
154	-0.179688	0.041016
155	-0.166016	-0.089844
156	-0.183594	-0.013672
157	-0.160156	0.023438
158	-0.144531	-0.042969
159	-0.167969	0.058594
160	-0.207031	0.041016
161	-0.207031	-0.029297
162	-0.193359	0.001953
163	-0.199219	0.029297
164	-0.205078	-0.035156
165	-0.142578	-0.039063
166	-0.115234	-0.007813
167	-0.146484	-0.033203
168	-0.183594	-0.025391
169	-0.162109	-0.015625
170	-0.189453	0.007813
171	-0.208984	-0.093750
172	-0.158203	0.019531
173	-0.166016	0.021484
174	-0.185547	-0.093750
175	-0.173828	-0.015625
176	-0.166016	0.011719
177	-0.212891	-0.019531
178	-0.181641	-0.029297
179	-0.173828	0.050781
180	-0.152344	0.033203
181	-0.175781	0.021484
182	-0.171875	-0.003906
183	-0.244141	-0.025391
184	-0.212891	-0.140625
185	-0.207031	0.062500
186	-0.179688	0.003906
187	-0.183594	0.050781
188	-0.220703	0.005859
189	-0.144531	0.060547
190	-0.171875	0.009766
191	-0.201172	-0.062500
192	-0.201172	0.033203
193	-0.199219	-0.035156
194	-0.216797	0.009766
195	-0.181641	0.037109
196	-0.191406	-0.062500
197	-0.148438	0.048828
198	-0.160156	-0.007813
199	-0.191406	-0.023438
200	-0.212891	0.048828
201	-0.148438	0.044922
202	-0.183594	0.125000
203	-0.195313	0.027344
204	-0.228516	-0.027344
205	-0.150391	0.011719
206	-0.169922	0.130859
207	-0.189453	-0.068359
208	-0.205078	-0.009766
209	-0.177734	-0.058594
210	-0.158203	0.017578
211	-0.197266	0.029297
212	-0.166016	0.035156
213	-0.183594	-0.033203
214	-0.214844	0.029297
215	-0.181641	0.119141
216	-0.177734	0.005859
217	-0.240234	-0.009766
218	-0.183594	-0.003906
219	-0.199219	0.019531
220	-0.218750	0.029297
221	-0.160156	-0.007813
222	-0.212891	-0.064453
223	-0.181641	-0.037109
224	-0.205078	-0.050781
225	-0.189453	-0.027344
226	-0.173828	-0.007813
227	-0.195313	0.009766
228	-0.250000	0.074219
229	-0.152344	-0.082031
230	-0.189453	-0.031250
231	-0.187500	-0.042969
232	-0.195313	-0.064453
233	-0.177734	0.021484
234	-0.183594	-0.031250
235	-0.210938	0.001953
236	-0.179688	0.015625
237	-0.175781	-0.023438
238	-0.203125	-0.091797
239	-0.177734	0.068359
240	-0.197266	0.013672
241	-0.177734	0.007813
242	-0.158203	0.017578
243	-0.130859	-0.003906
244	-0.185547	-0.001953
245	-0.181641	-0.072266
246	-0.164063	-0.025391
247	-0.232422	-0.017578
248	-0.199219	-0.019531
249	-0.195313	-0.041016
250	-0.199219	0.005859
251	-0.195313	0.027344
252	-0.187500	0.005859
253	-0.187500	0.031250
254	-0.197266	0.093750
255	-0.183594	-0.009766
256	-0.175781	-0.046875
257	-0.214844	0.068359
258	-0.201172	-0.039063
259	-0.171875	0.009766
260	-0.166016	0.025391
261	-0.197266	0.046875
262	-0.148438	-0.039063
263	-0.162109	0.072266
264	-0.171875	0.033203
265	-0.164063	0.015625
266	-0.150391	0.015625
267	-0.166016	0.095703
268	-0.193359	0.041016
269	-0.173828	-0.109375
270	-0.167969	0.037109
271	-0.205078	-0.037109
272	-0.195313	-0.021484
273	-0.201172	0.046875
274	-0.166016	-0.003906
275	-0.203125	0.009766
276	-0.195313	-0.048828
277	-0.187500	-0.025391
278	-0.197266	0.017578
279	-0.152344	0.041016
280	-0.160156	-0.025391
281	-0.183594	-0.037109
282	-0.169922	0.005859
283	-0.181641	0.046875
284	-0.142578	0.021484
285	-0.167969	0.019531
286	-0.132813	-0.039063
287	-0.195313	0.031250
288	-0.222656	0.005859
289	-0.156250	-0.015625
290	-0.183594	-0.082031
291	-0.205078	0.025391
292	-0.144531	-0.021484
293	-0.234375	0.060547
294	-0.173828	0.003906
295	-0.158203	0.060547
296	-0.169922	-0.064453
297	-0.205078	-0.044922
298	-0.146484	0.023438
299	-0.212891	0.041016
300	-0.195313	-0.072266
301	-0.193359	0.023438
302	-0.183594	-0.115234
303	-0.216797	0.041016
304	-0.208984	0.048828
305	-0.199219	0.009766
306	-0.212891	-0.019531
307	-0.199219	-0.039063
308	-0.175781	-0.029297
309	-0.175781	-0.029297
310	-0.162109	0.068359
311	-0.164063	-0.017578
312	-0.173828	0.044922
313	-0.152344	-0.068359
314	-0.185547	0.023438
315	-0.185547	-0.013672
316	-0.201172	-0.048828
317	-0.177734	0.068359
318	-0.185547	-0.046875
319	-0.173828	0.066406
320	-0.173828	0.031250
321	-0.189453	-0.005859
322	-0.193359	-0.005859
323	-0.193359	-0.101563
324	-0.185547	-0.017578
325	-0.154297	0.058594
326	-0.222656	-0.058594
327	-0.144531	-0.021484
328	-0.167969	0.003906
329	-0.171875	-0.023438
330	-0.201172	0.019531
331	-0.164063	-0.013672
332	-0.126953	-0.021484
333	-0.205078	0.013672
334	-0.193359	0.007813
335	-0.167969	-0.072266
336	-0.205078	0.025391
337	-0.199219	0.013672
338	-0.197266	0.013672
339	-0.199219	-0.029297
340	-0.156250	-0.048828
341	-0.212891	-0.033203
342	-0.160156	0.046875
343	-0.216797	0.021484
344	-0.189453	-0.042969
345	-0.158203	-0.109375
346	-0.136719	-0.023438
347	-0.191406	0.042969
348	-0.166016	-0.082031
349	-0.183594	-0.089844
350	-0.177734	-0.068359
351	-0.152344	0.005859
352	-0.177734	0.044922
353	-0.185547	-0.025391
354	-0.173828	-0.005859
355	-0.164063	-0.039063
356	-0.156250	0.074219
357	-0.185547	-0.123047
358	-0.156250	0.033203
359	-0.175781	0.009766
360	-0.224609	0.044922
361	-0.132813	0.035156
362	-0.175781	0.011719
363	-0.177734	-0.039063
364	-0.179688	-0.025391
365	-0.156250	0.048828
366	-0.216797	-0.054688
367	-0.144531	0.027344
368	-0.173828	-0.005859
369	-0.148438	-0.064453
370	-0.189453	0.048828
371	-0.187500	-0.113281
372	-0.195313	-0.048828
373	-0.119141	0.011719
374	-0.181641	0.123047
375	-0.191406	0.017578
376	-0.152344	-0.009766
377	-0.177734	0.033203
378	-0.220703	0.080078
379	-0.148438	-0.042969
380	-0.207031	0.054688
381	-0.199219	0.025391
382	-0.189453	-0.054688
383	-0.185547	0.044922
384	-0.212891	-0.058594
385	-0.146484	-0.070313
386	-0.197266	0.021484
387	-0.203125	-0.068359
388	-0.166016	-0.052734
389	-0.185547	0.037109
390	-0.199219	0.031250
391	-0.169922	-0.003906
392	-0.167969	0.007813
393	-0.193359	-0.007813
394	-0.175781	0.070313
395	-0.148438	-0.031250
396	-0.140625	0.064453
397	-0.148438	-0.039063
398	-0.199219	0.027344
399	-0.148438	-0.005859
400	-0.150391	0.046875
401	-0.156250	0.015625
402	-0.169922	0.054688
403	-0.162109	0.041016
404	-0.177734	0.035156
405	-0.189453	0.078125
406	-0.173828	0.019531
407	-0.140625	0.041016
408	-0.197266	-0.039063
409	-0.210938	0.031250
410	-0.152344	-0.103516
411	-0.193359	0.078125
412	-0.181641	0.001953
413	-0.207031	0.003906
414	-0.197266	-0.072266
415	-0.185547	0.046875
416	-0.175781	0.025391
417	-0.150391	0.025391
418	-0.195313	0.005859
419	-0.208984	-0.056641
420	-0.224609	0.023438
421	-0.166016	0.042969
422	-0.179688	0.015625
423	-0.171875	-0.025391
424	-0.179688	0.128906
425	-0.181641	0.011719
426	-0.179688	-0.023438
427	-0.197266	0.070313
428	-0.189453	0.074219
429	-0.148438	-0.009766
430	-0.246094	0.035156
431	-0.191406	0.074219
432	-0.222656	-0.015625
433	-0.158203	0.041016
434	-0.238281	-0.068359
435	-0.167969	-0.009766
436	-0.183594	0.015625
437	-0.171875	-0.095703
438	-0.185547	0.009766
439	-0.146484	-0.011719
440	-0.179688	0.013672
441	-0.201172	-0.039063
442	-0.259766	-0.142578
443	-0.162109	-0.019531
444	-0.191406	-0.033203
445	-0.179688	-0.078125
446	-0.201172	-0.087891
447	-0.195313	0.015625
448	-0.150391	0.019531
449	-0.179688	0.048828
450	-0.177734	0.011719
451	-0.171875	-0.046875
452	-0.181641	0.042969
453	-0.138672	-0.015625
454	-0.152344	0.074219
455	-0.160156	-0.029297
456	-0.183594	-0.082031
457	-0.187500	0.023438
458	-0.160156	0.019531
459	-0.203125	0.015625
460	-0.183594	-0.031250
461	-0.164063	-0.056641
462	-0.203125	0.021484
463	-0.162109	-0.089844
464	-0.205078	-0.007813
465	-0.230469	0.046875
466	-0.179688	0.005859
467	-0.150391	0.039063
468	-0.189453	0.015625
469	-0.212891	-0.046875
470	-0.191406	-0.011719
471	-0.166016	-0.031250
472	-0.175781	0.085938
473	-0.150391	0.035156
474	-0.136719	-0.062500
475	-0.203125	0.025391
476	-0.164063	0.027344
477	-0.160156	-0.019531
478	-0.199219	0.017578
479	-0.169922	0.076172
480	-0.207031	0.017578
481	-0.207031	-0.064453
482	-0.244141	-0.093750
483	-0.175781	0.044922
484	-0.175781	0.056641
485	-0.140625	-0.031250
486	-0.236328	-0.011719
487	-0.177734	-0.044922
488	-0.210938	0.066406
489	-0.164063	0.000000
490	-0.207031	-0.068359
491	-0.154297	-0.011719
492	-0.189453	-0.072266
493	-0.175781	0.015625
494	-0.208984	-0.068359
495	-0.212891	-0.019531
496	-0.167969	0.001953
497	-0.177734	-0.027344
498	-0.197266	-0.044922
499	-0.156250	-0.013672
500	-0.173828	0.052734
501	-0.187500	-0.048828
502	-0.162109	0.019531
503	-0.173828	0.007813
504	-0.183594	0.056641
505	-0.169922	0.050781
506	-0.199219	0.033203
507	-0.222656	0.107422
508	-0.181641	-0.033203
509	-0.183594	0.001953
510	-0.187500	-0.070313
511	-0.162109	0.013672
512	-0.201172	0.056641
513	-0.158203	0.058594
514	-0.148438	-0.048828
515	-0.166016	0.017578
516	-0.197266	-0.058594
517	-0.166016	0.011719
518	-0.224609	0.050781
519	-0.210938	0.041016
520	-0.162109	0.021484
521	-0.191406	-0.003906
522	-0.130859	-0.007813
523	-0.156250	0.037109
524	-0.125000	0.015625
525	-0.166016	0.015625
526	-0.181641	0.041016
527	-0.150391	-0.087891
528	-0.156250	-0.042969
529	-0.183594	0.031250
530	-0.158203	-0.031250
531	-0.166016	0.027344
532	-0.191406	0.035156
533	-0.208984	-0.017578
534	-0.214844	0.000000
535	-0.175781	-0.031250
536	-0.166016	-0.080078
537	-0.181641	-0.039063
538	-0.156250	-0.003906
539	-0.156250	0.011719
540	-0.197266	-0.056641
541	-0.210938	-0.095703
542	-0.230469	0.109375
543	-0.181641	0.042969
544	-0.193359	0.009766
545	-0.171875	0.003906
546	-0.177734	-0.076172
547	-0.197266	0.001953
548	-0.191406	0.017578
549	-0.181641	-0.082031
550	-0.193359	-0.015625
551	-0.179688	0.039063
552	-0.187500	-0.007813
553	-0.203125	0.001953
554	-0.212891	0.050781
555	-0.148438	-0.017578
556	-0.160156	0.003906
557	-0.234375	-0.017578
558	-0.214844	0.091797
559	-0.191406	-0.013672
560	-0.208984	0.048828
561	-0.148438	-0.042969
562	-0.207031	-0.066406
563	-0.167969	-0.037109
564	-0.173828	0.060547
565	-0.171875	-0.005859
566	-0.158203	-0.015625
567	-0.205078	0.021484
568	-0.115234	-0.001953
569	-0.187500	-0.121094
570	-0.162109	-0.025391
571	-0.154297	-0.072266
572	-0.191406	-0.003906
573	-0.169922	0.093750
574	-0.189453	0.009766
575	-0.181641	0.015625
576	-0.177734	0.015625
577	-0.183594	0.023438
578	-0.208984	0.078125
579	-0.175781	-0.015625
580	-0.175781	-0.048828
581	-0.173828	0.054688
582	-0.191406	0.025391
583	-0.240234	-0.072266
584	-0.173828	-0.003906
585	-0.166016	0.072266
586	-0.191406	0.054688
587	-0.191406	0.007813
588	-0.167969	0.025391
589	-0.138672	0.021484
590	-0.197266	0.025391
591	-0.183594	0.095703
592	-0.185547	0.072266
593	-0.164063	0.056641
594	-0.169922	0.025391
595	-0.181641	0.072266
596	-0.146484	0.005859
597	-0.191406	-0.052734
598	-0.167969	-0.029297
599	-0.164063	0.007813
600	-0.199219	0.023438
601	-0.197266	0.039063
602	-0.126953	0.015625
603	-0.154297	0.042969
604	-0.154297	0.009766
605	-0.154297	-0.031250
606	-0.154297	-0.013672
607	-0.197266	0.044922
608	-0.218750	0.005859
609	-0.169922	0.011719
610	-0.150391	0.072266
611	-0.199219	0.021484
612	-0.197266	0.076172
613	-0.185547	-0.019531
614	-0.175781	0.025391
615	-0.232422	0.048828
616	-0.224609	0.070313
617	-0.193359	0.005859
618	-0.164063	-0.093750
619	-0.197266	-0.042969
620	-0.189453	0.007813
621	-0.193359	0.054688
622	-0.187500	-0.056641
623	-0.152344	0.048828
624	-0.193359	-0.078125
625	-0.216797	-0.060547
626	-0.183594	0.001953
627	-0.189453	0.025391
628	-0.158203	0.005859
629	-0.169922	-0.029297
630	-0.166016	-0.027344
631	-0.144531	-0.019531
632	-0.160156	0.072266
633	-0.207031	0.070313
634	-0.154297	-0.033203
635	-0.185547	-0.060547
636	-0.156250	0.041016
637	-0.150391	0.039063
638	-0.199219	-0.027344
639	-0.144531	0.058594
640	-0.171875	-0.001953
641	-0.216797	-0.076172
642	-0.164063	-0.054688
643	-0.166016	-0.017578
644	-0.169922	0.031250
645	-0.261719	0.021484
646	-0.220703	-0.007813
647	-0.197266	0.037109
648	-0.185547	0.035156
649	-0.228516	0.093750
650	-0.185547	-0.025391
651	-0.189453	-0.083984
652	-0.169922	-0.005859
653	-0.169922	0.001953
654	-0.201172	0.015625
655	-0.220703	-0.013672
656	-0.169922	-0.087891
657	-0.181641	-0.105469
658	-0.140625	0.085938
659	-0.166016	0.074219
660	-0.189453	0.062500
661	-0.130859	-0.003906
662	-0.162109	0.021484
663	-0.205078	0.003906
664	-0.167969	-0.087891
665	-0.148438	-0.019531
666	-0.146484	-0.046875
667	-0.136719	0.087891
668	-0.189453	-0.027344
669	-0.173828	0.052734
670	-0.154297	-0.003906
671	-0.160156	-0.039063
672	-0.121094	-0.005859
673	-0.207031	0.025391
674	-0.246094	-0.048828
675	-0.210938	-0.019531
676	-0.162109	-0.007813
677	-0.162109	0.013672
678	-0.167969	0.027344
679	-0.189453	0.000000
680	-0.162109	-0.037109
681	-0.179688	0.011719
682	-0.152344	-0.052734
683	-0.148438	-0.023438
684	-0.234375	-0.044922
685	-0.218750	-0.064453
686	-0.164063	0.011719
687	-0.210938	0.050781
688	-0.150391	-0.066406
689	-0.210938	-0.029297
690	-0.128906	0.023438
691	-0.171875	0.009766
692	-0.201172	0.033203
693	-0.150391	-0.003906
694	-0.226563	0.027344
695	-0.207031	0.085938
696	-0.154297	-0.046875
697	-0.191406	0.041016
698	-0.220703	0.015625
699	-0.128906	0.001953
700	-0.171875	0.062500
701	-0.162109	-0.105469
702	-0.160156	-0.021484
703	-0.144531	-0.066406
704	-0.162109	0.046875
705	-0.169922	-0.072266
706	-0.193359	-0.089844
707	-0.162109	-0.027344
708	-0.181641	-0.054688
709	-0.199219	0.003906
710	-0.146484	-0.005859
711	-0.158203	0.041016
712	-0.181641	0.046875
713	-0.177734	-0.066406
714	-0.181641	0.011719
715	-0.138672	-0.005859
716	-0.158203	-0.037109
717	-0.193359	-0.027344
718	-0.187500	-0.001953
719	-0.208984	-0.037109
720	-0.189453	-0.080078
721	-0.187500	-0.007813
722	-0.207031	-0.021484
723	-0.234375	0.041016
724	-0.144531	0.068359
725	-0.197266	0.021484
726	-0.177734	0.015625
727	-0.207031	-0.019531
728	-0.175781	-0.044922
729	-0.138672	-0.035156
730	-0.191406	0.003906
731	-0.156250	-0.009766
732	-0.179688	-0.003906
733	-0.208984	-0.064453
734	-0.195313	0.039063
735	-0.152344	0.003906
736	-0.197266	0.011719
737	-0.212891	-0.025391
738	-0.191406	0.003906
739	-0.169922	0.089844
740	-0.177734	-0.001953
741	-0.128906	0.021484
742	-0.138672	0.027344
743	-0.193359	0.007813
744	-0.181641	-0.101563
745	-0.181641	0.070313
746	-0.207031	-0.023438
747	-0.179688	-0.015625
748	-0.193359	0.001953
749	-0.175781	0.015625
750	-0.210938	0.041016
751	-0.179688	0.066406
752	-0.181641	0.056641
753	-0.138672	-0.029297
754	-0.156250	0.001953
755	-0.150391	0.013672
756	-0.154297	-0.019531
757	-0.166016	0.001953
758	-0.156250	-0.001953
759	-0.142578	-0.019531
760	-0.166016	0.033203
761	-0.214844	-0.042969
762	-0.181641	0.013672
763	-0.164063	0.023438
764	-0.154297	-0.039063
765	-0.175781	0.007813
766	-0.195313	0.083984
767	-0.195313	0.017578
768	-0.167969	-0.121094
769	-0.207031	-0.009766
770	-0.126953	0.025391
771	-0.189453	0.060547
772	-0.181641	-0.070313
773	-0.228516	0.011719
774	-0.181641	-0.021484
775	-0.169922	-0.046875
776	-0.173828	-0.009766
777	-0.140625	0.013672
778	-0.160156	0.041016
779	-0.173828	-0.035156
780	-0.156250	-0.050781
781	-0.175781	-0.005859
782	-0.195313	0.000000
783	-0.162109	-0.027344
784	-0.175781	-0.066406
785	-0.166016	-0.070313
786	-0.214844	-0.078125
787	-0.216797	0.082031
788	-0.171875	-0.033203
789	-0.175781	0.025391
790	-0.148438	-0.001953
791	-0.187500	0.033203
792	-0.158203	-0.011719
793	-0.138672	-0.031250
794	-0.175781	0.000000
795	-0.154297	-0.031250
796	-0.183594	0.050781
797	-0.205078	-0.060547
798	-0.201172	0.095703
799	-0.201172	0.095703
800	-0.193359	0.013672
801	-0.189453	0.009766
802	-0.195313	-0.019531
803	-0.179688	-0.033203
804	-0.154297	0.003906
805	-0.246094	0.013672
806	-0.230469	-0.027344
807	-0.150391	0.011719
808	-0.171875	-0.066406
809	-0.169922	-0.019531
810	-0.189453	0.050781
811	-0.197266	-0.033203
812	-0.171875	-0.083984
813	-0.152344	0.027344
814	-0.187500	0.070313
815	-0.171875	-0.046875
816	-0.179688	0.015625
817	-0.171875	-0.093750
818	-0.179688	-0.027344
819	-0.207031	-0.074219
820	-0.189453	-0.007813
821	-0.199219	0.005859
822	-0.193359	0.023438
823	-0.171875	-0.033203
824	-0.146484	0.023438
825	-0.173828	-0.001953
826	-0.169922	-0.054688
827	-0.160156	-0.007813
828	-0.136719	-0.033203
829	-0.187500	-0.003906
830	-0.173828	-0.005859
831	-0.195313	-0.027344
832	-0.203125	0.046875
833	-0.207031	0.037109
834	-0.216797	0.054688
835	-0.175781	0.048828
836	-0.152344	-0.033203
837	-0.197266	-0.033203
838	-0.158203	0.001953
839	-0.183594	-0.023438
840	-0.158203	-0.009766
841	-0.187500	-0.025391
842	-0.164063	0.003906
843	-0.205078	0.023438
844	-0.212891	-0.033203
845	-0.169922	0.044922
846	-0.201172	0.013672
847	-0.167969	-0.042969
848	-0.160156	0.064453
849	-0.208984	-0.113281
850	-0.162109	0.087891
851	-0.173828	0.023438
852	-0.156250	-0.021484
853	-0.167969	0.042969
854	-0.183594	0.042969
855	-0.191406	0.019531
856	-0.175781	0.013672
857	-0.173828	-0.013672
858	-0.193359	0.027344
859	-0.183594	-0.013672
860	-0.218750	0.033203
861	-0.234375	-0.107422
862	-0.160156	-0.025391
863	-0.191406	0.039063
864	-0.191406	-0.011719
865	-0.144531	0.011719
866	-0.146484	-0.003906
867	-0.175781	0.015625
868	-0.185547	-0.017578
869	-0.173828	0.103516
870	-0.224609	0.031250
871	-0.191406	-0.066406
872	-0.203125	0.023438
873	-0.189453	0.117188
874	-0.169922	0.003906
875	-0.203125	-0.001953
876	-0.136719	-0.013672
877	-0.138672	-0.050781
878	-0.164063	-0.025391
879	-0.179688	0.064453
880	-0.173828	-0.074219
881	-0.162109	0.001953
882	-0.171875	-0.068359
883	-0.191406	0.048828
884	-0.154297	-0.085938
885	-0.197266	0.019531
886	-0.162109	-0.037109
887	-0.164063	0.109375
888	-0.169922	-0.013672
889	-0.208984	0.015625
890	-0.207031	0.029297
891	-0.189453	-0.054688
892	-0.173828	-0.041016
893	-0.191406	0.019531
894	-0.167969	0.039063
895	-0.169922	-0.015625
896	-0.187500	0.021484
897	-0.179688	-0.005859
898	-0.183594	0.001953
899	-0.171875	0.001953
900	-0.142578	0.033203
901	-0.175781	-0.050781
902	-0.164063	0.052734
903	-0.195313	0.062500
904	-0.191406	0.013672
905	-0.195313	-0.023438
906	-0.162109	-0.003906
907	-0.191406	0.095703
908	-0.208984	-0.029297
909	-0.199219	-0.062500
910	-0.185547	-0.005859
911	-0.162109	0.037109
912	-0.187500	-0.064453
913	-0.208984	0.042969
914	-0.222656	0.021484
915	-0.195313	0.062500
916	-0.177734	-0.085938
917	-0.181641	-0.070313
918	-0.158203	-0.046875
919	-0.183594	-0.027344
920	-0.179688	0.037109
921	-0.183594	-0.007813
922	-0.166016	0.023438
923	-0.199219	0.046875
924	-0.185547	0.035156
925	-0.191406	-0.039063
926	-0.175781	-0.001953
927	-0.222656	0.048828
928	-0.152344	0.050781
929	-0.181641	0.121094
930	-0.144531	-0.031250
931	-0.138672	0.066406
932	-0.169922	0.027344
933	-0.089844	0.000000
934	-0.226563	-0.025391
935	-0.181641	0.050781
936	-0.201172	-0.017578
937	-0.195313	0.085938
938	-0.154297	0.056641
939	-0.171875	-0.035156
940	-0.228516	-0.009766
941	-0.205078	0.025391
942	-0.226563	0.105469
943	-0.205078	0.041016
944	-0.179688	0.001953
945	-0.246094	-0.003906
946	-0.181641	-0.037109
947	-0.199219	0.044922
948	-0.199219	-0.121094
949	-0.181641	-0.041016
950	-0.181641	0.050781
951	-0.148438	-0.021484
952	-0.171875	-0.007813
953	-0.166016	0.046875
954	-0.216797	0.029297
955	-0.173828	0.046875
956	-0.210938	0.035156
957	-0.193359	0.001953
958	-0.169922	0.082031
959	-0.162109	0.039063
960	-0.144531	-0.015625
961	-0.181641	-0.021484
962	-0.189453	0.048828
963	-0.154297	0.083984
964	-0.187500	0.035156
965	-0.169922	-0.017578
966	-0.224609	-0.011719
967	-0.216797	0.041016
968	-0.140625	-0.064453
969	-0.152344	-0.103516
970	-0.169922	-0.044922
971	-0.238281	0.003906
972	-0.189453	-0.041016
973	-0.210938	0.003906
974	-0.201172	-0.041016
975	-0.169922	0.033203
976	-0.177734	0.029297
977	-0.232422	-0.033203
978	-0.203125	0.021484
979	-0.181641	-0.068359
980	-0.197266	-0.005859
981	-0.205078	-0.003906
982	-0.183594	0.062500
983	-0.185547	0.039063
984	-0.173828	-0.044922
985	-0.173828	0.078125
986	-0.164063	0.029297
987	-0.191406	0.007813
988	-0.179688	-0.062500
989	-0.179688	0.115234
990	-0.191406	0.062500
991	-0.189453	-0.011719
992	-0.191406	0.041016
993	-0.179688	-0.060547
994	-0.164063	-0.009766
995	-0.173828	0.033203
996	-0.220703	-0.015625
997	-0.154297	0.033203
998	-0.183594	0.013672
999	-0.167969	-0.064453
