0	-0.097656	0.027344
1	-0.128906	0.003906
2	-0.152344	-0.023438
3	-0.107422	-0.021484
4	-0.148438	-0.021484
5	-0.109375	-0.007813
6	-0.132813	-0.125000
7	-0.087891	-0.037109
8	-0.083984	0.037109
9	-0.152344	0.025391
10	-0.103516	-0.029297
11	-0.109375	0.007813
12	-0.103516	-0.003906
13	-0.132813	-0.005859
14	-0.175781	-0.044922
15	-0.136719	0.005859
16	-0.117188	-0.052734
17	-0.119141	-0.011719
18	-0.107422	0.005859
19	-0.101563	0.058594
20	-0.089844	-0.001953
21	-0.126953	0.042969
22	-0.140625	0.025391
23	-0.146484	0.046875
24	-0.136719	-0.080078
25	-0.117188	0.003906
26	-0.113281	-0.048828
27	-0.076172	0.005859
28	-0.123047	-0.074219
29	-0.103516	-0.033203
30	-0.105469	0.019531
31	-0.076172	0.027344
32	-0.107422	0.009766
33	-0.083984	0.000000
34	-0.119141	0.009766
35	-0.103516	0.037109
36	-0.066406	0.011719
37	-0.107422	-0.060547
38	-0.140625	-0.025391
39	-0.097656	0.037109
40	-0.128906	-0.050781
41	-0.089844	-0.064453
42	-0.136719	-0.031250
43	-0.091797	-0.019531
44	-0.099609	-0.033203
45	-0.066406	-0.021484
46	-0.101563	0.025391
47	-0.109375	0.039063
48	-0.105469	0.023438
49	-0.128906	-0.066406
50	-0.119141	-0.039063
51	-0.091797	0.064453
52	-0.105469	-0.027344
53	-0.097656	-0.029297
54	-0.082031	0.037109
55	-0.121094	0.005859
56	-0.101563	0.005859
57	-0.080078	-0.056641
58	-0.126953	0.013672
59	-0.138672	-0.046875
60	-0.095703	-0.041016
61	-0.083984	-0.015625
62	-0.087891	-0.007813
63	-0.093750	0.078125
64	-0.113281	-0.072266
65	-0.113281	-0.029297
66	-0.089844	0.007813
67	-0.140625	-0.007813
68	-0.130859	0.031250
69	-0.107422	-0.011719
70	-0.091797	-0.009766
71	-0.082031	0.007813
72	-0.115234	0.005859
73	-0.087891	-0.048828
74	-0.117188	-0.025391
75	-0.080078	0.056641
76	-0.101563	0.048828
77	-0.099609	0.017578
78	-0.089844	0.021484
79	-0.119141	0.021484
80	-0.095703	-0.017578
81	-0.107422	-0.013672
82	-0.099609	-0.025391
83	-0.080078	0.060547
84	-0.060547	0.009766
85	-0.119141	-0.074219
86	-0.087891	-0.072266
87	-0.130859	-0.019531
88	-0.099609	-0.027344
89	-0.162109	-0.095703
90	-0.103516	0.070313
91	-0.089844	0.029297
92	-0.083984	0.076172
93	-0.054688	-0.029297
94	-0.097656	0.041016
95	-0.107422	0.107422
96	-0.140625	0.042969
97	-0.103516	0.031250
98	-0.078125	0.019531
99	-0.123047	0.005859
100	-0.117188	0.000000
101	-0.089844	-0.007813
102	-0.101563	0.013672
103	-0.097656	0.068359
104	-0.093750	-0.060547
105	-0.121094	0.042969
106	-0.138672	0.009766
107	-0.105469	0.007813
108	-0.109375	0.031250
109	-0.123047	-0.044922
110	-0.111328	0.066406
111	-0.113281	0.050781
112	-0.074219	-0.001953
113	-0.107422	-0.017578
114	-0.085938	0.058594
115	-0.095703	-0.023438
116	-0.105469	0.050781
117	-0.091797	0.056641
118	-0.058594	-0.011719
119	-0.117188	-0.070313
120	-0.117188	0.050781
121	-0.117188	0.000000
122	-0.091797	0.093750
123	-0.136719	-0.050781
124	-0.101563	-0.025391
125	-0.130859	0.025391
126	-0.144531	0.029297
127	-0.126953	-0.017578
128	-0.105469	-0.007813
129	-0.121094	0.007813
130	-0.103516	-0.027344
131	-0.123047	-0.025391
132	-0.126953	0.015625
133	-0.091797	-0.033203
134	-0.099609	0.031250
135	-0.128906	-0.017578
136	-0.136719	0.033203
137	-0.089844	0.000000
138	-0.074219	0.005859
139	-0.125000	0.013672
140	-0.099609	-0.027344
141	-0.091797	0.015625
142	-0.115234	-0.013672
143	-0.105469	0.005859
144	-0.095703	-0.056641
145	-0.123047	0.058594
146	-0.111328	-0.009766
147	-0.128906	-0.013672
148	-0.109375	0.005859
149	-0.109375	0.019531
150	-0.121094	-0.052734
151	-0.083984	0.048828
152	-0.109375	0.015625
153	-0.095703	0.023438
154	-0.105469	-0.113281
155	-0.142578	-0.044922
156	-0.142578	0.031250
157	-0.105469	0.000000
158	-0.080078	-0.007813
159	-0.082031	0.007813
160	-0.101563	0.041016
161	-0.099609	-0.017578
162	-0.099609	-0.117188
163	-0.105469	0.005859
164	-0.083984	-0.058594
165	-0.058594	0.019531
166	-0.101563	-0.023438
167	-0.099609	0.070313
168	-0.128906	0.042969
169	-0.146484	0.029297
170	-0.121094	-0.009766
171	-0.128906	0.021484
172	-0.080078	-0.025391
173	-0.080078	0.023438
174	-0.113281	-0.005859
175	-0.146484	0.070313
176	-0.109375	0.021484
177	-0.103516	0.005859
178	-0.062500	0.009766
179	-0.099609	-0.046875
180	-0.099609	-0.033203
181	-0.082031	-0.013672
182	-0.091797	-0.013672
183	-0.111328	-0.013672
184	-0.091797	-0.003906
185	-0.125000	0.011719
186	-0.107422	0.042969
187	-0.101563	-0.001953
188	-0.085938	-0.042969
189	-0.125000	0.013672
190	-0.136719	-0.027344
191	-0.134766	0.019531
192	-0.097656	0.019531
193	-0.105469	-0.066406
194	-0.095703	0.076172
195	-0.119141	0.000000
196	-0.099609	0.050781
197	-0.113281	0.039063
198	-0.115234	0.007813
199	-0.121094	0.019531
200	-0.117188	-0.097656
201	-0.095703	-0.023438
202	-0.064453	0.025391
203	-0.091797	-0.035156
204	-0.093750	0.046875
205	-0.101563	-0.023438
206	-0.121094	-0.082031
207	-0.101563	-0.052734
208	-0.134766	-0.021484
209	-0.117188	0.003906
210	-0.138672	0.021484
211	-0.146484	-0.033203
212	-0.091797	-0.021484
213	-0.050781	-0.033203
214	-0.113281	0.029297
215	-0.089844	0.029297
216	-0.087891	-0.007813
217	-0.117188	-0.033203
218	-0.083984	0.052734
219	-0.095703	-0.082031
220	-0.128906	0.025391
221	-0.146484	0.005859
222	-0.125000	-0.050781
223	-0.072266	0.001953
224	-0.080078	0.056641
225	-0.125000	-0.089844
226	-0.115234	0.011719
227	-0.070313	-0.029297
228	-0.087891	0.039063
229	-0.134766	0.015625
230	-0.134766	-0.013672
231	-0.117188	0.039063
232	-0.111328	0.021484
233	-0.142578	0.003906
234	-0.119141	-0.017578
235	-0.125000	-0.029297
236	-0.126953	-0.056641
237	-0.148438	-0.005859
238	-0.142578	-0.046875
239	-0.111328	0.021484
240	-0.146484	0.023438
241	-0.087891	0.005859
242	-0.115234	-0.023438
243	-0.113281	0.015625
244	-0.099609	0.148438
245	-0.113281	-0.046875
246	-0.087891	0.089844
247	-0.080078	-0.027344
248	-0.099609	-0.025391
249	-0.089844	-0.027344
250	-0.117188	0.015625
251	-0.123047	0.035156
252	-0.050781	0.009766
253	-0.111328	0.015625
254	-0.117188	0.011719
255	-0.099609	-0.029297
256	-0.140625	-0.031250
257	-0.113281	-0.009766
258	-0.123047	0.029297
259	-0.152344	0.052734
260	-0.125000	-0.009766
261	-0.089844	0.031250
262	-0.105469	0.029297
263	-0.083984	-0.017578
264	-0.089844	0.005859
265	-0.126953	0.074219
266	-0.117188	0.044922
267	-0.062500	-0.019531
268	-0.123047	0.062500
269	-0.130859	-0.033203
270	-0.148438	0.050781
271	-0.109375	-0.023438
272	-0.121094	0.035156
273	-0.113281	-0.015625
274	-0.123047	0.046875
275	-0.117188	0.054688
276	-0.105469	-0.037109
277	-0.085938	-0.072266
278	-0.097656	-0.007813
279	-0.121094	-0.023438
280	-0.095703	0.023438
281	-0.150391	0.005859
282	-0.111328	-0.011719
283	-0.121094	0.007813
284	-0.078125	-0.009766
285	-0.113281	0.025391
286	-0.066406	0.023438
287	-0.107422	0.035156
288	-0.113281	0.005859
289	-0.138672	0.072266
290	-0.107422	0.013672
291	-0.095703	-0.007813
292	-0.091797	-0.029297
293	-0.113281	0.056641
294	-0.113281	0.021484
295	-0.080078	-0.003906
296	-0.097656	-0.048828
297	-0.107422	0.023438
298	-0.128906	0.000000
299	-0.072266	0.066406
300	-0.105469	0.052734
301	-0.117188	0.037109
302	-0.138672	0.021484
303	-0.138672	-0.031250
304	-0.113281	-0.044922
305	-0.123047	-0.046875
306	-0.132813	-0.029297
307	-0.119141	0.042969
308	-0.150391	0.013672
309	-0.126953	0.025391
310	-0.085938	0.001953
311	-0.146484	-0.074219
312	-0.173828	0.037109
313	-0.107422	-0.001953
314	-0.105469	-0.021484
315	-0.113281	-0.007813
316	-0.107422	0.015625
317	-0.128906	-0.017578
318	-0.083984	0.023438
319	-0.123047	-0.074219
320	-0.093750	-0.009766
321	-0.121094	0.000000
322	-0.142578	0.042969
323	-0.140625	0.027344
324	-0.121094	0.001953
325	-0.126953	-0.052734
326	-0.083984	0.001953
327	-0.105469	-0.021484
328	-0.123047	0.005859
329	-0.136719	-0.001953
330	-0.136719	-0.005859
331	-0.082031	-0.041016
332	-0.119141	0.009766
333	-0.091797	-0.011719
334	-0.140625	-0.009766
335	-0.119141	-0.009766
336	-0.136719	0.048828
337	-0.123047	0.041016
338	-0.117188	0.048828
339	-0.123047	-0.017578
340	-0.109375	0.001953
341	-0.080078	0.056641
342	-0.099609	0.050781
343	-0.142578	0.000000
344	-0.125000	-0.023438
345	-0.078125	-0.013672
346	-0.105469	0.015625
347	-0.107422	0.001953
348	-0.089844	-0.033203
349	-0.082031	0.025391
350	-0.080078	-0.044922
351	-0.109375	0.000000
352	-0.146484	-0.037109
353	-0.091797	0.021484
354	-0.107422	-0.017578
355	-0.089844	-0.007813
356	-0.107422	-0.041016
357	-0.115234	-0.050781
358	-0.085938	0.064453
359	-0.076172	0.001953
360	-0.109375	0.000000
361	-0.121094	-0.015625
362	-0.166016	0.064453
363	-0.117188	0.005859
364	-0.134766	-0.121094
365	-0.103516	0.039063
366	-0.132813	-0.013672
367	-0.132813	0.003906
368	-0.146484	-0.050781
369	-0.128906	-0.041016
370	-0.156250	-0.017578
371	-0.101563	-0.021484
372	-0.099609	-0.009766
373	-0.078125	0.011719
374	-0.091797	0.001953
375	-0.091797	-0.039063
376	-0.113281	0.007813
377	-0.136719	-0.023438
378	-0.136719	-0.011719
379	-0.123047	-0.023438
380	-0.123047	0.017578
381	-0.134766	-0.027344
382	-0.091797	-0.023438
383	-0.125000	-0.042969
384	-0.128906	-0.027344
385	-0.123047	0.027344
386	-0.121094	-0.017578
387	-0.097656	0.017578
388	-0.125000	0.009766
389	-0.123047	0.023438
390	-0.093750	-0.025391
391	-0.105469	0.011719
392	-0.087891	-0.046875
393	-0.117188	-0.021484
394	-0.109375	0.005859
395	-0.103516	0.029297
396	-0.105469	-0.064453
397	-0.138672	0.031250
398	-0.154297	-0.005859
399	-0.095703	-0.027344
400	-0.158203	0.054688
401	-0.093750	0.000000
402	-0.121094	0.023438
403	-0.121094	0.025391
404	-0.130859	0.009766
405	-0.119141	-0.076172
406	-0.113281	0.056641
407	-0.105469	-0.009766
408	-0.097656	0.033203
409	-0.109375	0.009766
410	-0.146484	0.001953
411	-0.113281	0.023438
412	-0.132813	-0.013672
413	-0.089844	-0.013672
414	-0.097656	-0.070313
415	-0.105469	-0.078125
416	-0.105469	0.019531
417	-0.083984	-0.005859
418	-0.056641	0.017578
419	-0.160156	0.005859
420	-0.111328	-0.027344
421	-0.103516	0.080078
422	-0.119141	0.029297
423	-0.087891	-0.041016
424	-0.099609	0.035156
425	-0.109375	-0.050781
426	-0.082031	0.015625
427	-0.126953	-0.007813
428	-0.140625	0.023438
429	-0.119141	-0.046875
430	-0.150391	-0.023438
431	-0.136719	0.044922
432	-0.148438	-0.015625
433	-0.144531	-0.031250
434	-0.109375	0.011719
435	-0.054688	0.001953
436	-0.080078	0.027344
437	-0.087891	-0.037109
438	-0.113281	-0.001953
439	-0.111328	-0.009766
440	-0.125000	0.013672
441	-0.097656	-0.011719
442	-0.156250	-0.044922
443	-0.103516	-0.058594
444	-0.080078	0.019531
445	-0.111328	-0.019531
446	-0.105469	0.023438
447	-0.083984	-0.005859
448	-0.123047	0.029297
449	-0.111328	0.062500
450	-0.115234	0.070313
451	-0.119141	0.011719
452	-0.072266	0.011719
453	-0.132813	-0.025391
454	-0.121094	-0.050781
455	-0.140625	-0.003906
456	-0.109375	0.007813
457	-0.126953	0.029297
458	-0.134766	0.001953
459	-0.082031	0.019531
460	-0.140625	0.029297
461	-0.105469	0.027344
462	-0.121094	0.042969
463	-0.154297	-0.009766
464	-0.080078	0.009766
465	-0.132813	-0.041016
466	-0.111328	0.009766
467	-0.093750	-0.058594
468	-0.113281	0.033203
469	-0.136719	-0.052734
470	-0.111328	0.041016
471	-0.150391	0.000000
472	-0.136719	0.044922
473	-0.109375	-0.037109
474	-0.117188	0.062500
475	-0.115234	0.017578
476	-0.132813	-0.044922
477	-0.105469	-0.009766
478	-0.091797	0.017578
479	-0.101563	-0.015625
480	-0.099609	-0.017578
481	-0.093750	-0.005859
482	-0.078125	-0.042969
483	-0.080078	0.054688
484	-0.095703	-0.027344
485	-0.099609	-0.029297
486	-0.164063	-0.029297
487	-0.128906	0.044922
488	-0.138672	-0.023438
489	-0.097656	0.021484
490	-0.123047	-0.015625
491	-0.128906	-0.023438
492	-0.117188	-0.042969
493	-0.087891	0.031250
494	-0.117188	-0.019531
495	-0.132813	-0.080078
496	-0.074219	-0.054688
497	-0.111328	-0.052734
498	-0.064453	-0.058594
499	-0.109375	0.009766
500	-0.109375	0.013672
501	-0.085938	-0.052734
502	-0.082031	-0.072266
503	-0.068359	-0.060547
504	-0.119141	0.021484
505	-0.095703	0.001953
506	-0.117188	0.000000
507	-0.087891	-0.025391
508	-0.083984	-0.025391
509	-0.115234	0.046875
510	-0.107422	0.015625
511	-0.068359	-0.046875
512	-0.119141	-0.025391
513	-0.146484	0.001953
514	-0.111328	0.044922
515	-0.103516	0.021484
516	-0.083984	-0.078125
517	-0.097656	0.054688
518	-0.091797	0.039063
519	-0.056641	-0.001953
520	-0.080078	0.017578
521	-0.050781	-0.005859
522	-0.126953	-0.001953
523	-0.158203	-0.023438
524	-0.115234	0.041016
525	-0.128906	0.001953
526	-0.152344	0.056641
527	-0.103516	0.005859
528	-0.128906	0.109375
529	-0.109375	-0.021484
530	-0.117188	0.009766
531	-0.103516	-0.029297
532	-0.136719	-0.009766
533	-0.169922	-0.041016
534	-0.140625	0.072266
535	-0.115234	0.046875
536	-0.103516	0.017578
537	-0.109375	-0.015625
538	-0.070313	-0.042969
539	-0.087891	-0.056641
540	-0.091797	-0.099609
541	-0.097656	0.027344
542	-0.107422	0.000000
543	-0.095703	0.019531
544	-0.103516	0.027344
545	-0.138672	-0.033203
546	-0.130859	-0.025391
547	-0.121094	-0.023438
548	-0.087891	-0.015625
549	-0.156250	-0.064453
550	-0.128906	0.017578
551	-0.095703	-0.005859
552	-0.101563	0.027344
553	-0.123047	-0.042969
554	-0.134766	0.058594
555	-0.117188	0.001953
556	-0.132813	0.001953
557	-0.128906	-0.029297
558	-0.097656	-0.060547
559	-0.107422	0.007813
560	-0.128906	-0.013672
561	-0.097656	0.019531
562	-0.138672	-0.003906
563	-0.125000	0.031250
564	-0.154297	0.054688
565	-0.091797	0.005859
566	-0.093750	-0.041016
567	-0.089844	0.013672
568	-0.136719	0.033203
569	-0.125000	-0.001953
570	-0.125000	0.083984
571	-0.119141	-0.097656
572	-0.070313	0.039063
573	-0.089844	0.060547
574	-0.101563	-0.023438
575	-0.080078	0.001953
576	-0.066406	0.003906
577	-0.089844	0.009766
578	-0.142578	0.009766
579	-0.138672	-0.007813
580	-0.142578	0.029297
581	-0.109375	-0.003906
582	-0.074219	0.017578
583	-0.105469	-0.054688
584	-0.095703	0.013672
585	-0.119141	-0.019531
586	-0.107422	-0.027344
587	-0.132813	-0.009766
588	-0.142578	-0.041016
589	-0.138672	-0.037109
590	-0.140625	-0.025391
591	-0.083984	0.083984
592	-0.083984	0.064453
593	-0.111328	0.007813
594	-0.095703	0.039063
595	-0.101563	-0.019531
596	-0.078125	-0.023438
597	-0.103516	-0.064453
598	-0.140625	-0.023438
599	-0.125000	0.054688
600	-0.142578	-0.001953
601	-0.101563	0.091797
602	-0.101563	0.044922
603	-0.091797	0.044922
604	-0.101563	-0.039063
605	-0.095703	-0.005859
606	-0.111328	-0.001953
607	-0.140625	0.003906
608	-0.099609	-0.007813
609	-0.136719	0.101563
610	-0.070313	0.025391
611	-0.119141	0.005859
612	-0.099609	0.015625
613	-0.136719	-0.048828
614	-0.091797	0.007813
615	-0.138672	-0.015625
616	-0.093750	-0.039063
617	-0.105469	-0.031250
618	-0.128906	0.000000
619	-0.130859	-0.029297
620	-0.095703	0.091797
621	-0.138672	-0.050781
622	-0.107422	-0.001953
623	-0.107422	0.078125
624	-0.121094	0.044922
625	-0.134766	-0.107422
626	-0.125000	-0.013672
627	-0.119141	0.052734
628	-0.115234	0.046875
629	-0.093750	0.011719
630	-0.144531	-0.031250
631	-0.115234	0.042969
632	-0.113281	-0.005859
633	-0.126953	0.064453
634	-0.087891	-0.041016
635	-0.085938	-0.041016
636	-0.083984	-0.023438
637	-0.082031	0.060547
638	-0.085938	-0.044922
639	-0.105469	0.027344
640	-0.089844	-0.027344
641	-0.080078	0.085938
642	-0.128906	-0.025391
643	-0.158203	0.068359
644	-0.144531	-0.121094
645	-0.121094	0.035156
646	-0.132813	-0.091797
647	-0.123047	0.023438
648	-0.171875	-0.013672
649	-0.179688	0.031250
650	-0.107422	-0.035156
651	-0.091797	-0.072266
652	-0.095703	0.031250
653	-0.083984	-0.001953
654	-0.078125	-0.023438
655	-0.103516	0.025391
656	-0.089844	0.041016
657	-0.117188	0.083984
658	-0.144531	-0.095703
659	-0.144531	0.041016
660	-0.109375	0.023438
661	-0.097656	0.021484
662	-0.125000	-0.003906
663	-0.119141	-0.001953
664	-0.128906	-0.052734
665	-0.140625	0.054688
666	-0.083984	-0.054688
667	-0.113281	0.029297
668	-0.107422	-0.015625
669	-0.121094	0.083984
670	-0.115234	0.050781
671	-0.083984	0.023438
672	-0.087891	-0.060547
673	-0.109375	0.044922
674	-0.091797	-0.007813
675	-0.113281	-0.039063
676	-0.119141	-0.003906
677	-0.123047	-0.009766
678	-0.142578	0.037109
679	-0.089844	0.039063
680	-0.105469	0.021484
681	-0.158203	-0.023438
682	-0.113281	0.080078
683	-0.132813	0.050781
684	-0.117188	0.000000
685	-0.078125	0.029297
686	-0.109375	-0.060547
687	-0.117188	0.060547
688	-0.148438	0.041016
689	-0.117188	-0.046875
690	-0.087891	0.021484
691	-0.103516	-0.001953
692	-0.099609	-0.039063
693	-0.085938	0.023438
694	-0.083984	-0.015625
695	-0.144531	0.042969
696	-0.115234	-0.005859
697	-0.083984	-0.033203
698	-0.068359	-0.031250
699	-0.107422	-0.058594
700	-0.083984	0.039063
701	-0.107422	0.035156
702	-0.134766	-0.007813
703	-0.142578	0.021484
704	-0.091797	-0.062500
705	-0.070313	0.046875
706	-0.101563	0.056641
707	-0.136719	0.046875
708	-0.085938	-0.007813
709	-0.099609	0.005859
710	-0.140625	-0.009766
711	-0.107422	0.015625
712	-0.072266	-0.015625
713	-0.099609	-0.019531
714	-0.119141	0.044922
715	-0.076172	-0.011719
716	-0.099609	0.042969
717	-0.087891	-0.103516
718	-0.095703	0.021484
719	-0.117188	0.007813
720	-0.134766	-0.025391
721	-0.074219	-0.033203
722	-0.119141	-0.035156
723	-0.105469	-0.013672
724	-0.109375	-0.095703
725	-0.097656	-0.011719
726	-0.119141	-0.003906
727	-0.111328	0.019531
728	-0.138672	0.033203
729	-0.068359	0.052734
730	-0.089844	0.005859
731	-0.099609	-0.015625
732	-0.146484	-0.001953
733	-0.125000	0.031250
734	-0.109375	-0.031250
735	-0.093750	0.037109
736	-0.099609	-0.107422
737	-0.066406	-0.019531
738	-0.097656	0.048828
739	-0.126953	0.033203
740	-0.115234	-0.019531
741	-0.105469	-0.025391
742	-0.121094	-0.009766
743	-0.132813	-0.001953
744	-0.115234	0.068359
745	-0.152344	-0.007813
746	-0.107422	0.021484
747	-0.113281	0.009766
748	-0.097656	-0.066406
749	-0.146484	-0.015625
750	-0.146484	-0.050781
751	-0.099609	0.009766
752	-0.103516	-0.033203
753	-0.091797	-0.072266
754	-0.136719	-0.009766
755	-0.097656	-0.027344
756	-0.107422	0.029297
757	-0.126953	-0.056641
758	-0.113281	-0.007813
759	-0.140625	-0.066406
760	-0.089844	0.000000
761	-0.111328	0.017578
762	-0.080078	0.013672
763	-0.103516	-0.019531
764	-0.091797	-0.033203
765	-0.105469	0.068359
766	-0.105469	0.044922
767	-0.093750	0.027344
768	-0.076172	-0.003906
769	-0.119141	0.000000
770	-0.113281	0.000000
771	-0.099609	0.042969
772	-0.105469	0.072266
773	-0.115234	-0.005859
774	-0.126953	-0.003906
775	-0.158203	-0.001953
776	-0.154297	0.044922
777	-0.132813	-0.054688
778	-0.093750	0.003906
779	-0.103516	0.078125
780	-0.117188	-0.044922
781	-0.087891	-0.017578
782	-0.126953	0.035156
783	-0.121094	0.035156
784	-0.134766	-0.033203
785	-0.126953	0.019531
786	-0.111328	-0.021484
787	-0.119141	0.029297
788	-0.089844	-0.048828
789	-0.093750	-0.041016
790	-0.099609	0.005859
791	-0.091797	0.029297
792	-0.113281	0.015625
793	-0.093750	0.019531
794	-0.099609	-0.011719
795	-0.123047	0.066406
796	-0.146484	0.035156
797	-0.121094	-0.039063
798	-0.089844	-0.041016
799	-0.128906	-0.076172
800	-0.105469	0.035156
801	-0.115234	0.007813
802	-0.074219	-0.011719
803	-0.154297	0.007813
804	-0.076172	-0.052734
805	-0.107422	-0.001953
806	-0.093750	-0.029297
807	-0.117188	0.023438
808	-0.085938	0.015625
809	-0.105469	0.009766
810	-0.087891	-0.074219
811	-0.119141	0.029297
812	-0.121094	0.080078
813	-0.095703	-0.017578
814	-0.126953	-0.027344
815	-0.085938	0.042969
816	-0.113281	0.031250
817	-0.148438	0.046875
818	-0.105469	-0.013672
819	-0.140625	-0.009766
820	-0.126953	0.062500
821	-0.119141	0.048828
822	-0.082031	0.037109
823	-0.097656	0.058594
824	-0.076172	-0.072266
825	-0.123047	-0.027344
826	-0.128906	0.021484
827	-0.140625	-0.001953
828	-0.097656	-0.058594
829	-0.103516	-0.066406
830	-0.107422	0.005859
831	-0.083984	-0.029297
832	-0.103516	-0.041016
833	-0.109375	0.019531
834	-0.128906	0.033203
835	-0.115234	-0.019531
836	-0.121094	-0.003906
837	-0.109375	0.025391
838	-0.101563	-0.054688
839	-0.125000	-0.050781
840	-0.132813	-0.005859
841	-0.132813	0.035156
842	-0.101563	0.011719
843	-0.054688	-0.031250
844	-0.093750	-0.029297
845	-0.091797	-0.017578
846	-0.109375	-0.027344
847	-0.107422	-0.023438
848	-0.121094	-0.042969
849	-0.128906	0.056641
850	-0.109375	0.025391
851	-0.125000	-0.033203
852	-0.125000	-0.003906
853	-0.150391	-0.058594
854	-0.179688	0.046875
855	-0.117188	0.041016
856	-0.113281	-0.050781
857	-0.121094	0.031250
858	-0.119141	-0.037109
859	-0.138672	-0.013672
860	-0.134766	0.015625
861	-0.093750	0.011719
862	-0.072266	-0.003906
863	-0.095703	0.017578
864	-0.119141	0.007813
865	-0.099609	0.000000
866	-0.107422	0.003906
867	-0.109375	-0.015625
868	-0.111328	0.037109
869	-0.150391	0.046875
870	-0.126953	-0.087891
871	-0.126953	-0.011719
872	-0.103516	0.128906
873	-0.162109	0.003906
874	-0.107422	-0.039063
875	-0.150391	0.003906
876	-0.138672	0.027344
877	-0.128906	-0.025391
878	-0.150391	0.001953
879	-0.105469	0.076172
880	-0.144531	-0.007813
881	-0.125000	-0.078125
882	-0.140625	-0.005859
883	-0.123047	0.005859
884	-0.101563	0.070313
885	-0.085938	-0.001953
886	-0.121094	0.027344
887	-0.089844	0.056641
888	-0.123047	0.023438
889	-0.103516	0.039063
890	-0.123047	-0.029297
891	-0.111328	0.068359
892	-0.134766	-0.044922
893	-0.167969	-0.050781
894	-0.126953	-0.042969
895	-0.107422	-0.023438
896	-0.105469	-0.050781
897	-0.148438	-0.019531
898	-0.136719	0.005859
899	-0.136719	0.041016
900	-0.152344	0.015625
901	-0.144531	0.023438
902	-0.125000	-0.027344
903	-0.101563	0.017578
904	-0.093750	0.029297
905	-0.080078	-0.007813
906	-0.123047	0.089844
907	-0.095703	-0.011719
908	-0.130859	0.019531
909	-0.089844	-0.046875
910	-0.123047	0.042969
911	-0.128906	0.029297
912	-0.105469	0.017578
913	-0.095703	0.033203
914	-0.111328	0.041016
915	-0.093750	-0.011719
916	-0.078125	-0.013672
917	-0.064453	-0.046875
918	-0.105469	0.011719
919	-0.099609	-0.001953
920	-0.105469	0.027344
921	-0.128906	-0.003906
922	-0.134766	-0.126953
923	-0.101563	0.037109
924	-0.117188	-0.005859
925	-0.128906	-0.039063
926	-0.119141	-0.013672
927	-0.097656	0.058594
928	-0.099609	-0.023438
929	-0.142578	0.033203
930	-0.138672	-0.013672
931	-0.107422	-0.015625
932	-0.080078	0.003906
933	-0.107422	0.046875
934	-0.146484	-0.064453
935	-0.091797	0.033203
936	-0.082031	-0.009766
937	-0.121094	0.048828
938	-0.126953	0.000000
939	-0.101563	0.066406
940	-0.099609	0.021484
941	-0.076172	-0.017578
942	-0.107422	0.093750
943	-0.082031	0.019531
944	-0.160156	-0.080078
945	-0.113281	0.021484
946	-0.111328	-0.083984
947	-0.148438	-0.039063
948	-0.128906	0.027344
949	-0.142578	-0.035156
950	-0.123047	-0.095703
951	-0.134766	-0.085938
952	-0.121094	-0.019531
953	-0.115234	0.001953
954	-0.117188	-0.041016
955	-0.115234	-0.054688
956	-0.121094	0.011719
957	-0.099609	0.060547
958	-0.097656	0.058594
959	-0.126953	-0.035156
960	-0.123047	-0.019531
961	-0.125000	0.027344
962	-0.111328	-0.003906
963	-0.080078	0.000000
964	-0.126953	-0.025391
965	-0.101563	-0.039063
966	-0.130859	0.007813
967	-0.125000	-0.033203
968	-0.136719	0.082031
969	-0.083984	-0.052734
970	-0.140625	0.009766
971	-0.126953	0.000000
972	-0.169922	-0.023438
973	-0.115234	-0.031250
974	-0.119141	-0.025391
975	-0.101563	0.009766
976	-0.089844	0.029297
977	-0.087891	0.001953
978	-0.093750	-0.029297
979	-0.132813	-0.052734
980	-0.126953	0.003906
981	-0.080078	0.001953
982	-0.101563	-0.042969
983	-0.109375	0.005859
984	-0.107422	-0.041016
985	-0.070313	-0.017578
986	-0.068359	-0.044922
987	-0.134766	0.033203
988	-0.107422	0.041016
989	-0.091797	-0.048828
990	-0.115234	-0.105469
991	-0.085938	0.037109
992	-0.150391	-0.085938
993	-0.126953	-0.005859
994	-0.150391	-0.078125
995	-0.144531	0.003906
996	-0.107422	-0.021484
997	-0.115234	0.066406
998	-0.148438	0.023438
999	-0.140625	0.000000
