0	-0.025391	-0.027344
1	-0.025391	0.011719
2	-0.017578	-0.011719
3	-0.013672	0.046875
4	-0.021484	-0.017578
5	-0.029297	0.003906
6	-0.021484	-0.013672
7	-0.015625	-0.003906
8	-0.019531	0.015625
9	-0.033203	-0.005859
10	-0.019531	-0.013672
11	-0.031250	0.019531
12	-0.009766	-0.041016
13	-0.017578	0.027344
14	-0.048828	-0.052734
15	-0.039063	0.054688
16	-0.042969	-0.072266
17	-0.021484	0.064453
18	-0.007813	-0.044922
19	-0.031250	0.031250
20	-0.017578	-0.023438
21	-0.019531	0.025391
22	-0.001953	-0.007813
23	-0.001953	-0.017578
24	-0.009766	0.029297
25	0.003906	-0.031250
26	-0.001953	0.037109
27	0.000000	-0.005859
28	-0.011719	0.000000
29	-0.017578	-0.009766
30	-0.025391	0.015625
31	-0.029297	-0.021484
32	-0.033203	0.027344
33	-0.056641	-0.033203
34	-0.050781	0.033203
35	-0.046875	-0.015625
36	-0.017578	-0.005859
37	-0.009766	0.015625
38	-0.017578	-0.009766
39	-0.003906	0.021484
40	-0.003906	-0.007813
41	-0.009766	0.013672
42	-0.017578	-0.021484
43	-0.013672	0.015625
44	-0.011719	-0.015625
45	-0.003906	0.025391
46	-0.013672	-0.011719
47	-0.005859	0.015625
48	-0.021484	-0.007813
49	-0.007813	-0.009766
50	-0.001953	-0.017578
51	0.029297	0.000000
52	0.023438	0.001953
53	0.021484	0.005859
54	0.011719	-0.003906
55	0.015625	-0.003906
56	0.009766	0.017578
57	0.011719	0.023438
58	0.015625	-0.044922
59	0.003906	0.044922
60	0.011719	-0.054688
61	0.027344	0.041016
62	0.021484	-0.052734
63	0.009766	0.027344
64	0.019531	-0.007813
65	0.005859	0.015625
66	0.037109	-0.001953
67	0.041016	0.025391
68	0.044922	-0.011719
69	0.033203	0.021484
70	0.025391	-0.019531
71	0.025391	0.000000
72	0.009766	-0.001953
73	0.001953	0.031250
74	-0.005859	-0.033203
75	-0.017578	0.035156
76	-0.017578	-0.019531
77	-0.009766	0.035156
78	0.000000	-0.035156
79	0.025391	0.041016
80	0.019531	-0.042969
81	0.041016	0.011719
82	0.044922	-0.023438
83	0.041016	0.023438
84	0.015625	-0.015625
85	0.005859	0.019531
86	-0.009766	-0.015625
87	-0.021484	0.003906
88	-0.009766	-0.019531
89	0.000000	0.054688
90	0.005859	-0.060547
91	0.000000	0.035156
92	-0.011719	-0.007813
93	0.009766	0.021484
94	-0.003906	-0.021484
95	-0.009766	0.027344
96	-0.013672	-0.023438
97	0.009766	0.000000
98	0.017578	-0.019531
99	0.005859	0.019531
100	0.001953	0.000000
101	0.023438	0.001953
102	0.021484	0.017578
103	0.021484	0.000000
104	0.007813	0.021484
105	0.007813	-0.011719
106	0.007813	-0.009766
107	0.013672	0.035156
108	0.007813	-0.015625
109	-0.003906	0.009766
110	0.011719	-0.023438
111	0.025391	0.050781
112	-0.007813	-0.044922
113	-0.001953	0.062500
114	0.005859	-0.068359
115	0.013672	0.041016
116	-0.013672	-0.039063
117	-0.019531	0.042969
118	-0.017578	-0.007813
119	0.013672	0.042969
120	0.007813	-0.058594
121	-0.005859	0.050781
122	0.000000	-0.033203
123	-0.017578	0.066406
124	-0.005859	-0.042969
125	0.019531	0.031250
126	0.015625	-0.050781
127	-0.001953	0.031250
128	-0.011719	-0.072266
129	-0.015625	0.093750
130	-0.005859	-0.060547
131	-0.001953	0.033203
132	-0.005859	-0.027344
133	0.003906	0.005859
134	-0.011719	0.000000
135	-0.019531	0.000000
136	-0.013672	-0.050781
137	-0.005859	0.029297
138	-0.001953	-0.009766
139	0.007813	0.015625
140	-0.009766	-0.005859
141	-0.003906	-0.011719
142	0.013672	0.009766
143	0.025391	-0.039063
144	0.041016	0.027344
145	0.039063	-0.021484
146	0.025391	0.021484
147	0.021484	-0.033203
148	0.031250	0.015625
149	0.013672	0.000000
150	0.023438	-0.019531
151	0.013672	0.009766
152	0.001953	0.035156
153	0.003906	-0.048828
154	-0.005859	0.031250
155	-0.033203	-0.029297
156	-0.039063	0.019531
157	-0.046875	-0.025391
158	-0.027344	0.019531
159	-0.023438	-0.013672
160	-0.048828	0.011719
161	-0.048828	0.009766
162	-0.054688	-0.013672
163	-0.062500	0.021484
164	-0.046875	-0.025391
165	-0.042969	0.027344
166	-0.019531	-0.033203
167	0.001953	0.033203
168	0.000000	-0.029297
169	0.015625	0.031250
170	0.021484	-0.035156
171	0.003906	0.037109
172	0.029297	0.003906
173	0.005859	-0.001953
174	0.015625	0.042969
175	0.003906	-0.019531
176	0.003906	0.015625
177	0.001953	0.013672
178	0.019531	0.001953
179	0.019531	0.029297
180	0.021484	-0.025391
181	0.041016	0.013672
182	0.025391	0.011719
183	-0.001953	-0.013672
184	0.009766	-0.007813
185	0.000000	-0.003906
186	-0.005859	0.000000
187	0.001953	-0.017578
188	0.001953	0.019531
189	0.003906	0.015625
190	-0.005859	-0.003906
191	0.003906	-0.021484
192	-0.021484	0.044922
193	-0.033203	-0.046875
194	-0.033203	0.062500
195	-0.027344	-0.050781
196	-0.035156	0.050781
197	-0.023438	-0.050781
198	-0.023438	0.031250
199	-0.019531	-0.013672
200	-0.019531	0.025391
201	-0.033203	-0.027344
202	-0.013672	0.042969
203	-0.029297	-0.021484
204	-0.011719	0.015625
205	-0.007813	-0.007813
206	-0.027344	0.033203
207	-0.031250	-0.029297
208	-0.015625	0.013672
209	-0.001953	-0.009766
210	-0.017578	0.039063
211	-0.009766	-0.068359
212	-0.015625	0.062500
213	-0.015625	-0.056641
214	-0.025391	0.044922
215	-0.013672	-0.033203
216	-0.005859	0.029297
217	0.003906	-0.039063
218	-0.023438	0.037109
219	-0.017578	-0.035156
220	0.021484	0.052734
221	0.027344	-0.044922
222	0.041016	0.052734
223	0.041016	-0.029297
224	0.041016	0.021484
225	0.021484	-0.007813
226	0.021484	0.015625
227	0.019531	-0.019531
228	0.015625	0.011719
229	0.007813	-0.005859
230	0.035156	0.011719
231	0.025391	-0.017578
232	0.023438	0.017578
233	0.025391	-0.013672
234	0.009766	-0.007813
235	0.013672	0.033203
236	0.007813	-0.015625
237	0.015625	0.015625
238	0.007813	0.000000
239	0.027344	-0.001953
240	0.013672	0.007813
241	0.027344	-0.013672
242	0.023438	0.019531
243	0.023438	0.003906
244	0.019531	0.011719
245	0.013672	-0.003906
246	0.019531	0.000000
247	0.013672	-0.011719
248	0.021484	0.000000
249	0.031250	-0.013672
250	0.031250	0.035156
251	0.027344	-0.033203
252	0.031250	0.050781
253	0.054688	-0.041016
254	0.054688	0.058594
255	0.058594	-0.058594
256	0.048828	0.021484
257	0.064453	-0.025391
258	0.060547	-0.009766
259	0.064453	0.005859
260	0.044922	-0.007813
261	0.044922	-0.001953
262	0.025391	0.019531
263	0.021484	-0.027344
264	0.019531	0.021484
265	0.021484	0.003906
266	-0.019531	-0.025391
267	-0.025391	0.003906
268	0.000000	-0.009766
269	-0.013672	0.000000
270	-0.017578	0.013672
271	-0.015625	0.009766
272	-0.011719	-0.021484
273	-0.023438	0.015625
274	-0.019531	-0.021484
275	-0.021484	0.035156
276	-0.017578	-0.017578
277	-0.011719	0.041016
278	-0.023438	-0.033203
279	-0.029297	0.000000
280	-0.029297	-0.005859
281	-0.031250	0.011719
282	-0.027344	-0.009766
283	-0.035156	0.015625
284	-0.033203	-0.015625
285	-0.054688	0.015625
286	-0.037109	-0.003906
287	-0.031250	-0.003906
288	-0.039063	-0.029297
289	-0.044922	0.000000
290	-0.031250	-0.001953
291	-0.039063	-0.017578
292	-0.044922	0.009766
293	-0.029297	0.000000
294	-0.042969	0.005859
295	-0.066406	-0.017578
296	-0.068359	0.025391
297	-0.062500	-0.007813
298	-0.041016	0.007813
299	-0.027344	0.041016
300	-0.027344	-0.021484
301	-0.009766	0.013672
302	0.003906	0.017578
303	0.025391	-0.042969
304	0.029297	0.050781
305	0.035156	-0.054688
306	0.025391	0.042969
307	0.021484	-0.042969
308	0.013672	0.001953
309	0.007813	-0.007813
310	-0.029297	0.015625
311	-0.039063	0.001953
312	-0.021484	-0.007813
313	-0.031250	0.003906
314	-0.025391	0.019531
315	-0.033203	-0.033203
316	-0.025391	0.031250
317	-0.029297	-0.017578
318	-0.037109	0.025391
319	-0.031250	-0.017578
320	-0.054688	0.039063
321	-0.060547	-0.046875
322	-0.058594	0.048828
323	-0.042969	-0.023438
324	-0.048828	0.023438
325	-0.041016	-0.035156
326	-0.019531	0.027344
327	-0.029297	-0.021484
328	-0.046875	0.025391
329	-0.050781	-0.023438
330	-0.042969	0.023438
331	-0.046875	-0.015625
332	-0.023438	-0.011719
333	-0.017578	0.013672
334	-0.009766	-0.019531
335	-0.019531	-0.001953
336	-0.029297	0.003906
337	-0.033203	0.015625
338	-0.015625	-0.041016
339	0.009766	0.033203
340	0.000000	-0.054688
341	-0.003906	0.031250
342	0.001953	-0.015625
343	-0.001953	0.046875
344	0.013672	-0.017578
345	0.015625	0.021484
346	0.007813	-0.009766
347	0.007813	-0.001953
348	0.027344	0.001953
349	0.023438	0.003906
350	0.003906	-0.025391
351	0.017578	0.013672
352	0.017578	-0.027344
353	0.029297	0.060547
354	0.017578	-0.021484
355	-0.003906	-0.027344
356	-0.009766	0.029297
357	-0.007813	-0.025391
358	-0.037109	0.005859
359	-0.025391	-0.013672
360	0.007813	-0.011719
361	-0.005859	0.039063
362	-0.005859	-0.044922
363	0.007813	0.027344
364	0.011719	-0.029297
365	0.017578	0.048828
366	0.007813	-0.041016
367	0.017578	0.078125
368	0.013672	-0.076172
369	0.001953	0.072266
370	0.011719	-0.074219
371	0.005859	0.076172
372	-0.009766	-0.056641
373	0.007813	0.041016
374	0.013672	-0.052734
375	0.005859	0.046875
376	-0.007813	-0.066406
377	-0.011719	0.085938
378	-0.017578	-0.082031
379	-0.007813	0.082031
380	-0.005859	-0.058594
381	-0.019531	0.082031
382	-0.013672	-0.074219
383	-0.025391	0.072266
384	-0.035156	-0.078125
385	-0.033203	0.085938
386	-0.015625	-0.089844
387	-0.011719	0.087891
388	-0.015625	-0.105469
389	-0.033203	0.083984
390	-0.011719	-0.103516
391	0.011719	0.095703
392	0.000000	-0.119141
393	-0.009766	0.125000
394	-0.017578	-0.093750
395	-0.013672	0.072266
396	0.007813	-0.064453
397	-0.017578	0.052734
398	-0.017578	-0.025391
399	0.001953	0.000000
400	0.011719	0.009766
401	0.007813	0.003906
402	0.003906	0.000000
403	0.013672	-0.005859
404	0.005859	0.011719
405	0.009766	-0.017578
406	0.021484	0.015625
407	0.029297	-0.044922
408	0.015625	0.041016
409	0.021484	-0.009766
410	-0.003906	0.017578
411	0.005859	-0.025391
412	-0.003906	0.013672
413	-0.003906	0.001953
414	-0.009766	-0.003906
415	-0.031250	-0.013672
416	-0.029297	0.005859
417	-0.021484	0.003906
418	-0.021484	-0.021484
419	-0.037109	0.015625
420	-0.031250	-0.005859
421	-0.025391	0.001953
422	-0.027344	-0.023438
423	-0.029297	0.005859
424	-0.023438	0.013672
425	-0.029297	-0.033203
426	-0.029297	0.041016
427	-0.037109	-0.023438
428	-0.044922	0.031250
429	-0.060547	-0.027344
430	-0.044922	0.037109
431	-0.039063	-0.033203
432	-0.009766	0.023438
433	-0.035156	-0.023438
434	-0.013672	0.033203
435	-0.031250	0.003906
436	-0.052734	0.003906
437	-0.058594	0.007813
438	-0.066406	-0.033203
439	-0.056641	0.041016
440	-0.054688	-0.027344
441	-0.041016	0.003906
442	-0.023438	-0.009766
443	-0.035156	0.001953
444	-0.035156	-0.001953
445	-0.050781	-0.009766
446	-0.046875	0.001953
447	-0.048828	-0.019531
448	-0.037109	0.009766
449	-0.015625	-0.041016
450	0.007813	0.007813
451	0.007813	-0.001953
452	-0.023438	0.035156
453	-0.037109	-0.025391
454	-0.037109	0.035156
455	-0.048828	-0.035156
456	-0.033203	0.037109
457	-0.035156	-0.044922
458	-0.046875	0.058594
459	-0.048828	-0.050781
460	-0.044922	0.023438
461	-0.021484	-0.021484
462	-0.015625	0.023438
463	-0.013672	-0.017578
464	-0.025391	0.027344
465	-0.056641	-0.023438
466	-0.052734	0.023438
467	-0.035156	-0.033203
468	-0.027344	0.023438
469	-0.007813	-0.019531
470	-0.023438	0.009766
471	-0.033203	-0.031250
472	-0.054688	0.015625
473	-0.070313	-0.039063
474	-0.078125	0.021484
475	-0.050781	0.011719
476	-0.064453	-0.011719
477	-0.056641	0.031250
478	-0.050781	-0.015625
479	-0.046875	0.007813
480	-0.048828	-0.003906
481	-0.035156	0.009766
482	-0.023438	-0.001953
483	-0.025391	-0.025391
484	-0.009766	0.000000
485	0.011719	-0.011719
486	0.017578	0.017578
487	0.003906	-0.013672
488	0.003906	0.021484
489	0.009766	-0.017578
490	0.023438	0.009766
491	-0.001953	0.007813
492	-0.007813	-0.023438
493	-0.011719	0.009766
494	-0.021484	0.013672
495	-0.017578	-0.025391
496	-0.015625	0.023438
497	-0.013672	-0.044922
498	-0.025391	0.062500
499	-0.027344	-0.037109
500	-0.039063	0.027344
501	-0.037109	-0.019531
502	-0.025391	0.009766
503	-0.017578	-0.027344
504	-0.009766	0.011719
505	-0.005859	0.005859
506	-0.031250	0.001953
507	-0.037109	0.015625
508	-0.025391	-0.015625
509	-0.035156	0.000000
510	-0.025391	0.033203
511	-0.001953	-0.011719
512	-0.001953	0.013672
513	-0.025391	-0.035156
514	-0.033203	0.033203
515	-0.029297	-0.060547
516	-0.041016	0.078125
517	-0.039063	-0.074219
518	-0.046875	0.058594
519	-0.023438	-0.048828
520	-0.019531	0.048828
521	-0.019531	-0.035156
522	-0.042969	0.031250
523	-0.046875	-0.039063
524	-0.044922	0.027344
525	-0.041016	-0.013672
526	-0.029297	0.000000
527	-0.035156	-0.015625
528	-0.044922	0.017578
529	-0.044922	-0.019531
530	-0.037109	0.015625
531	-0.054688	-0.017578
532	-0.041016	0.031250
533	-0.042969	-0.031250
534	-0.035156	0.037109
535	-0.023438	-0.046875
536	-0.052734	0.060547
537	-0.027344	-0.056641
538	-0.019531	0.058594
539	-0.005859	-0.039063
540	-0.021484	0.021484
541	-0.023438	-0.025391
542	-0.027344	0.021484
543	-0.011719	-0.035156
544	-0.027344	0.017578
545	-0.048828	-0.007813
546	-0.035156	0.029297
547	-0.031250	-0.052734
548	-0.023438	0.046875
549	-0.019531	-0.027344
550	-0.039063	0.025391
551	-0.035156	-0.031250
552	-0.029297	0.033203
553	-0.021484	-0.048828
554	-0.035156	0.054688
555	-0.031250	-0.048828
556	-0.011719	0.054688
557	-0.009766	-0.035156
558	-0.025391	0.019531
559	-0.019531	-0.042969
560	-0.009766	0.042969
561	-0.015625	-0.070313
562	-0.033203	0.078125
563	-0.021484	-0.064453
564	-0.011719	0.044922
565	0.017578	-0.046875
566	-0.001953	0.052734
567	-0.033203	-0.056641
568	-0.031250	0.033203
569	-0.021484	-0.019531
570	-0.031250	0.023438
571	-0.027344	-0.017578
572	-0.033203	0.044922
573	-0.035156	-0.060547
574	-0.017578	0.048828
575	-0.027344	-0.037109
576	-0.031250	0.033203
577	-0.027344	-0.056641
578	-0.035156	0.060547
579	-0.042969	-0.041016
580	-0.019531	0.025391
581	-0.019531	-0.054688
582	-0.033203	0.035156
583	-0.029297	-0.025391
584	-0.007813	0.025391
585	0.000000	-0.019531
586	0.007813	0.003906
587	0.001953	0.000000
588	-0.001953	0.011719
589	0.035156	-0.011719
590	0.003906	0.027344
591	-0.003906	-0.015625
592	0.017578	-0.009766
593	0.035156	0.001953
594	0.027344	0.021484
595	0.019531	-0.031250
596	0.027344	0.009766
597	0.017578	0.005859
598	0.013672	0.011719
599	0.019531	-0.037109
600	0.019531	0.041016
601	0.009766	-0.037109
602	-0.003906	0.044922
603	0.003906	-0.033203
604	0.015625	0.033203
605	0.013672	-0.050781
606	0.000000	0.042969
607	-0.001953	-0.029297
608	0.013672	0.015625
609	0.011719	-0.029297
610	0.019531	0.035156
611	-0.005859	-0.027344
612	0.000000	0.003906
613	0.021484	-0.015625
614	0.011719	0.011719
615	0.009766	-0.005859
616	0.015625	0.027344
617	0.021484	-0.021484
618	0.007813	0.021484
619	0.003906	0.011719
620	0.001953	-0.025391
621	0.019531	0.005859
622	0.019531	0.017578
623	0.005859	-0.054688
624	-0.005859	0.042969
625	0.000000	-0.052734
626	0.009766	0.035156
627	0.013672	-0.007813
628	0.011719	-0.017578
629	0.025391	0.011719
630	0.019531	0.005859
631	0.021484	-0.011719
632	0.017578	0.023438
633	0.017578	-0.029297
634	-0.001953	0.029297
635	-0.011719	-0.011719
636	-0.015625	0.019531
637	-0.015625	-0.009766
638	-0.021484	0.011719
639	-0.019531	-0.017578
640	-0.019531	0.003906
641	-0.025391	-0.003906
642	-0.023438	0.009766
643	-0.015625	-0.001953
644	-0.019531	-0.029297
645	-0.019531	0.011719
646	-0.035156	-0.035156
647	-0.041016	0.005859
648	-0.003906	-0.009766
649	-0.003906	0.025391
650	0.011719	-0.007813
651	0.025391	0.023438
652	0.005859	-0.031250
653	0.005859	0.031250
654	0.009766	-0.029297
655	0.003906	0.015625
656	0.011719	-0.027344
657	-0.003906	0.023438
658	-0.015625	-0.025391
659	-0.005859	0.029297
660	0.009766	-0.021484
661	0.009766	0.035156
662	0.001953	-0.017578
663	0.011719	0.025391
664	0.019531	-0.011719
665	0.011719	0.021484
666	0.001953	-0.039063
667	0.000000	0.027344
668	0.007813	-0.005859
669	0.019531	0.000000
670	0.000000	-0.017578
671	0.023438	0.039063
672	0.033203	0.003906
673	0.021484	-0.003906
674	0.015625	-0.011719
675	0.015625	0.048828
676	0.019531	-0.048828
677	0.009766	0.074219
678	-0.003906	-0.072266
679	-0.013672	0.037109
680	-0.005859	-0.054688
681	-0.003906	0.050781
682	0.013672	-0.039063
683	0.019531	0.027344
684	0.021484	-0.033203
685	0.015625	-0.007813
686	0.009766	0.003906
687	0.015625	0.011719
688	-0.011719	-0.001953
689	-0.009766	-0.013672
690	0.001953	0.015625
691	-0.011719	-0.031250
692	-0.005859	0.039063
693	-0.013672	-0.015625
694	-0.019531	-0.009766
695	-0.015625	0.001953
696	-0.019531	-0.005859
697	-0.029297	0.027344
698	-0.027344	-0.017578
699	-0.015625	0.013672
700	-0.025391	-0.003906
701	-0.021484	-0.015625
702	-0.031250	0.023438
703	-0.031250	-0.035156
704	-0.029297	0.031250
705	-0.021484	-0.013672
706	-0.005859	0.035156
707	-0.001953	-0.039063
708	-0.025391	0.027344
709	-0.042969	-0.046875
710	-0.039063	0.031250
711	-0.046875	-0.025391
712	-0.039063	0.021484
713	-0.029297	-0.023438
714	-0.009766	0.042969
715	0.001953	0.017578
716	0.003906	-0.005859
717	0.009766	0.013672
718	-0.007813	-0.009766
719	-0.011719	-0.011719
720	0.007813	0.023438
721	0.001953	-0.029297
722	-0.009766	0.025391
723	-0.019531	-0.031250
724	-0.005859	0.042969
725	-0.007813	-0.027344
726	0.001953	0.017578
727	0.025391	-0.009766
728	0.046875	0.025391
729	0.037109	-0.007813
730	0.033203	0.003906
731	0.017578	-0.011719
732	-0.003906	-0.005859
733	-0.007813	0.046875
734	0.000000	-0.041016
735	0.011719	0.017578
736	-0.011719	-0.048828
737	-0.005859	0.039063
738	-0.001953	-0.037109
739	0.009766	0.021484
740	-0.007813	-0.042969
741	-0.007813	0.035156
742	-0.013672	-0.027344
743	-0.031250	0.035156
744	-0.035156	-0.011719
745	-0.021484	0.003906
746	-0.001953	0.000000
747	0.007813	0.021484
748	0.005859	-0.046875
749	-0.001953	0.037109
750	0.015625	-0.035156
751	0.009766	0.041016
752	0.019531	-0.015625
753	0.031250	0.003906
754	0.009766	0.009766
755	0.017578	-0.005859
756	0.017578	0.011719
757	0.031250	-0.007813
758	0.027344	-0.017578
759	0.025391	0.009766
760	0.019531	0.009766
761	0.017578	-0.017578
762	0.052734	0.029297
763	0.048828	0.000000
764	0.066406	-0.031250
765	0.068359	0.023438
766	0.060547	0.001953
767	0.041016	-0.021484
768	0.041016	0.001953
769	0.031250	0.003906
770	0.041016	0.015625
771	0.039063	0.003906
772	0.031250	0.011719
773	0.046875	-0.007813
774	0.027344	0.005859
775	0.029297	-0.009766
776	0.019531	0.019531
777	0.025391	-0.013672
778	0.019531	0.001953
779	0.003906	-0.019531
780	0.011719	0.011719
781	0.013672	-0.005859
782	0.011719	0.005859
783	0.003906	-0.013672
784	0.000000	0.009766
785	0.003906	-0.035156
786	0.013672	0.023438
787	0.011719	-0.027344
788	0.039063	0.029297
789	0.021484	0.005859
790	0.027344	-0.007813
791	0.015625	0.003906
792	0.025391	0.031250
793	0.025391	-0.064453
794	-0.009766	0.068359
795	-0.009766	-0.082031
796	-0.001953	0.056641
797	-0.013672	-0.072266
798	-0.007813	0.072266
799	0.003906	-0.066406
800	0.001953	0.091797
801	0.011719	-0.085938
802	0.003906	0.095703
803	0.009766	-0.082031
804	0.005859	0.080078
805	0.000000	-0.078125
806	-0.015625	0.101563
807	0.003906	-0.089844
808	-0.013672	0.111328
809	-0.007813	-0.082031
810	-0.015625	0.080078
811	-0.023438	-0.083984
812	-0.015625	0.052734
813	-0.023438	-0.064453
814	-0.019531	0.056641
815	-0.017578	-0.056641
816	-0.033203	0.042969
817	-0.027344	-0.046875
818	-0.029297	0.052734
819	-0.015625	-0.033203
820	-0.023438	0.007813
821	-0.019531	-0.019531
822	-0.031250	0.035156
823	-0.017578	-0.023438
824	-0.017578	0.023438
825	0.013672	-0.025391
826	0.003906	0.011719
827	-0.021484	-0.003906
828	-0.021484	0.019531
829	-0.009766	-0.023438
830	-0.019531	0.037109
831	-0.029297	-0.056641
832	-0.027344	0.033203
833	-0.039063	-0.029297
834	-0.041016	0.013672
835	-0.031250	-0.021484
836	-0.031250	0.013672
837	-0.015625	0.007813
838	-0.001953	0.013672
839	-0.003906	-0.021484
840	-0.011719	0.015625
841	-0.013672	-0.039063
842	-0.005859	0.029297
843	0.000000	-0.029297
844	0.023438	0.029297
845	0.015625	-0.027344
846	0.005859	0.035156
847	0.003906	-0.058594
848	0.011719	0.041016
849	0.015625	-0.042969
850	0.011719	0.050781
851	0.019531	-0.046875
852	0.021484	0.039063
853	-0.001953	-0.041016
854	0.017578	0.023438
855	0.015625	-0.029297
856	0.023438	0.011719
857	0.009766	-0.017578
858	0.009766	0.003906
859	0.021484	-0.007813
860	0.003906	-0.001953
861	0.003906	-0.005859
862	-0.011719	0.001953
863	-0.007813	0.009766
864	-0.031250	-0.007813
865	-0.027344	0.025391
866	-0.029297	-0.044922
867	-0.025391	0.050781
868	-0.029297	-0.050781
869	-0.039063	0.033203
870	-0.029297	-0.005859
871	-0.046875	0.005859
872	-0.031250	0.009766
873	-0.031250	0.003906
874	-0.041016	-0.023438
875	-0.015625	0.007813
876	-0.019531	-0.019531
877	-0.031250	0.015625
878	-0.027344	-0.017578
879	-0.033203	0.007813
880	-0.039063	-0.005859
881	-0.050781	-0.005859
882	-0.027344	0.027344
883	-0.023438	-0.019531
884	-0.035156	0.044922
885	-0.031250	-0.027344
886	-0.017578	0.060547
887	-0.039063	-0.062500
888	-0.037109	0.048828
889	-0.039063	-0.052734
890	-0.023438	0.054688
891	-0.009766	-0.085938
892	-0.027344	0.085938
893	-0.021484	-0.089844
894	-0.013672	0.082031
895	-0.037109	-0.091797
896	-0.035156	0.072266
897	-0.031250	-0.070313
898	-0.023438	0.070313
899	-0.029297	-0.052734
900	-0.007813	0.039063
901	-0.011719	-0.029297
902	-0.001953	0.033203
903	-0.005859	-0.019531
904	-0.019531	0.011719
905	-0.025391	-0.011719
906	-0.003906	-0.013672
907	-0.013672	0.011719
908	-0.025391	0.001953
909	-0.029297	0.019531
910	-0.031250	-0.050781
911	-0.023438	0.039063
912	-0.019531	-0.060547
913	-0.023438	0.080078
914	-0.013672	-0.066406
915	-0.033203	0.060547
916	0.003906	-0.056641
917	-0.009766	0.074219
918	-0.009766	-0.056641
919	-0.019531	0.072266
920	-0.035156	-0.080078
921	-0.015625	0.066406
922	-0.007813	-0.060547
923	-0.001953	0.044922
924	0.003906	-0.037109
925	-0.005859	0.029297
926	-0.021484	-0.013672
927	-0.025391	0.015625
928	-0.015625	-0.007813
929	-0.011719	0.009766
930	-0.007813	0.001953
931	0.007813	-0.001953
932	-0.017578	-0.003906
933	-0.033203	-0.001953
934	-0.025391	0.001953
935	-0.054688	-0.003906
936	-0.041016	0.005859
937	-0.025391	-0.007813
938	-0.033203	-0.007813
939	-0.031250	0.001953
940	-0.035156	0.000000
941	-0.039063	0.009766
942	-0.046875	-0.005859
943	-0.046875	0.013672
944	-0.033203	-0.015625
945	-0.039063	0.031250
946	-0.031250	0.009766
947	-0.029297	0.003906
948	-0.013672	-0.029297
949	0.019531	0.023438
950	0.011719	-0.007813
951	0.021484	-0.005859
952	0.019531	0.009766
953	0.023438	-0.013672
954	-0.011719	0.021484
955	-0.001953	-0.031250
956	0.005859	0.037109
957	-0.003906	-0.019531
958	0.009766	0.021484
959	0.017578	-0.009766
960	0.027344	0.005859
961	0.021484	-0.033203
962	0.013672	0.017578
963	0.023438	-0.011719
964	0.015625	0.031250
965	0.007813	-0.044922
966	0.013672	0.044922
967	0.019531	-0.031250
968	0.011719	0.056641
969	0.000000	-0.033203
970	-0.027344	0.031250
971	-0.017578	-0.021484
972	-0.017578	0.005859
973	-0.023438	-0.011719
974	-0.027344	0.033203
975	-0.031250	-0.056641
976	-0.013672	0.037109
977	-0.005859	-0.054688
978	-0.017578	0.068359
979	-0.007813	-0.048828
980	-0.013672	0.050781
981	-0.017578	-0.048828
982	-0.021484	0.041016
983	-0.019531	-0.056641
984	-0.017578	0.056641
985	-0.025391	-0.066406
986	-0.042969	0.085938
987	-0.033203	-0.068359
988	-0.029297	0.070313
989	-0.019531	-0.083984
990	-0.021484	0.095703
991	-0.039063	-0.087891
992	-0.042969	0.101563
993	-0.015625	-0.085938
994	0.003906	0.041016
995	-0.009766	-0.011719
996	0.003906	0.029297
997	-0.027344	-0.019531
998	-0.021484	0.027344
999	-0.009766	-0.005859
