0	-0.554688	-0.310547
1	-0.601563	-0.259766
2	-0.576172	-0.416016
3	-0.650391	-0.439453
4	-0.550781	-0.320313
5	-0.541016	-0.226563
6	-0.539063	-0.324219
7	-0.562500	-0.244141
8	-0.544922	-0.220703
9	-0.537109	-0.224609
10	-0.585938	-0.296875
11	-0.556641	-0.113281
12	-0.527344	-0.212891
13	-0.537109	-0.291016
14	-0.589844	-0.197266
15	-0.490234	-0.310547
16	-0.572266	-0.095703
17	-0.621094	-0.308594
18	-0.546875	-0.185547
19	-0.589844	-0.388672
20	-0.533203	-0.242188
21	-0.523438	-0.279297
22	-0.568359	-0.185547
23	-0.531250	0.029297
24	-0.550781	0.232422
25	-0.560547	0.167969
26	-0.580078	0.234375
27	-0.544922	0.187500
28	-0.568359	0.294922
29	-0.583984	0.285156
30	-0.519531	0.068359
31	-0.595703	0.046875
32	-0.568359	-0.164063
33	-0.554688	0.042969
34	-0.509766	0.058594
35	-0.576172	-0.242188
36	-0.492188	-0.296875
37	-0.505859	-0.302734
38	-0.552734	-0.332031
39	-0.550781	-0.367188
40	-0.554688	-0.125000
41	-0.488281	-0.019531
42	-0.480469	0.064453
43	-0.505859	0.185547
44	-0.535156	-0.076172
45	-0.570313	-0.074219
46	-0.533203	-0.013672
47	-0.541016	0.150391
48	-0.607422	0.492188
49	-0.554688	0.326172
50	-0.548828	0.277344
51	-0.539063	0.396484
52	-0.578125	0.339844
53	-0.541016	0.214844
54	-0.513672	-0.048828
55	-0.531250	0.017578
56	-0.582031	0.152344
57	-0.582031	0.144531
58	-0.583984	0.146484
59	-0.535156	-0.015625
60	-0.494141	-0.134766
61	-0.576172	0.173828
62	-0.533203	0.001953
63	-0.583984	-0.029297
64	-0.509766	0.091797
65	-0.585938	0.433594
66	-0.542969	0.402344
67	-0.511719	0.380859
68	-0.583984	0.447266
69	-0.576172	0.402344
70	-0.568359	0.349609
71	-0.511719	0.330078
72	-0.572266	0.394531
73	-0.431641	0.156250
74	-0.458984	0.085938
75	-0.542969	0.322266
76	-0.542969	0.218750
77	-0.542969	0.226563
78	-0.515625	0.171875
79	-0.531250	-0.001953
80	-0.523438	0.017578
81	-0.566406	0.117188
82	-0.564453	0.326172
83	-0.539063	0.048828
84	-0.500000	-0.074219
85	-0.546875	-0.205078
86	-0.550781	-0.177734
87	-0.572266	-0.228516
88	-0.521484	-0.212891
89	-0.523438	0.128906
90	-0.533203	0.117188
91	-0.556641	0.187500
92	-0.585938	0.310547
93	-0.625000	0.320313
94	-0.529297	0.080078
95	-0.535156	0.083984
96	-0.537109	-0.105469
97	-0.564453	-0.017578
98	-0.578125	-0.058594
99	-0.558594	-0.097656
100	-0.517578	-0.115234
101	-0.513672	0.023438
102	-0.458984	0.083984
103	-0.521484	0.199219
104	-0.529297	0.220703
105	-0.525391	0.031250
106	-0.525391	0.134766
107	-0.556641	0.085938
108	-0.632813	0.111328
109	-0.589844	0.253906
110	-0.486328	0.191406
111	-0.537109	0.001953
112	-0.564453	-0.144531
113	-0.566406	-0.222656
114	-0.558594	-0.154297
115	-0.595703	0.023438
116	-0.613281	-0.277344
117	-0.576172	-0.248047
118	-0.548828	-0.203125
119	-0.570313	-0.115234
120	-0.552734	0.095703
121	-0.548828	0.119141
122	-0.562500	0.021484
123	-0.554688	0.119141
124	-0.576172	0.019531
125	-0.562500	0.205078
126	-0.593750	0.255859
127	-0.583984	0.191406
128	-0.554688	0.093750
129	-0.527344	-0.033203
130	-0.525391	0.041016
131	-0.537109	0.144531
132	-0.550781	0.244141
133	-0.531250	0.080078
134	-0.515625	0.017578
135	-0.591797	-0.171875
136	-0.570313	-0.136719
137	-0.574219	-0.138672
138	-0.582031	-0.144531
139	-0.589844	0.078125
140	-0.578125	-0.013672
141	-0.562500	-0.068359
142	-0.609375	-0.052734
143	-0.550781	-0.210938
144	-0.638672	-0.007813
145	-0.603516	-0.154297
146	-0.576172	-0.394531
147	-0.583984	-0.519531
148	-0.513672	-0.453125
149	-0.623047	-0.593750
150	-0.595703	-0.443359
151	-0.521484	-0.392578
152	-0.498047	-0.439453
153	-0.509766	-0.111328
154	-0.503906	-0.132813
155	-0.552734	-0.025391
156	-0.503906	-0.316406
157	-0.593750	-0.232422
158	-0.605469	-0.369141
159	-0.578125	-0.384766
160	-0.570313	-0.501953
161	-0.566406	-0.396484
162	-0.511719	-0.279297
163	-0.560547	-0.218750
164	-0.552734	-0.210938
165	-0.572266	-0.294922
166	-0.566406	-0.320313
167	-0.599609	-0.375000
168	-0.519531	-0.179688
169	-0.597656	-0.126953
170	-0.552734	0.005859
171	-0.583984	-0.103516
172	-0.500000	-0.078125
173	-0.582031	0.007813
174	-0.552734	-0.205078
175	-0.605469	-0.248047
176	-0.578125	-0.132813
177	-0.541016	-0.101563
178	-0.566406	-0.093750
179	-0.533203	-0.089844
180	-0.541016	-0.214844
181	-0.517578	-0.105469
182	-0.541016	-0.273438
183	-0.533203	-0.187500
184	-0.587891	-0.230469
185	-0.656250	-0.335938
186	-0.562500	-0.203125
187	-0.539063	-0.179688
188	-0.546875	0.027344
189	-0.546875	-0.154297
190	-0.548828	-0.246094
191	-0.574219	-0.472656
192	-0.505859	-0.154297
193	-0.548828	-0.033203
194	-0.560547	-0.109375
195	-0.507813	-0.031250
196	-0.531250	-0.197266
197	-0.558594	0.101563
198	-0.480469	-0.095703
199	-0.492188	0.142578
200	-0.525391	0.119141
201	-0.554688	0.113281
202	-0.572266	0.394531
203	-0.562500	0.433594
204	-0.531250	0.441406
205	-0.589844	0.410156
206	-0.560547	0.285156
207	-0.554688	0.123047
208	-0.519531	0.083984
209	-0.541016	-0.027344
210	-0.511719	-0.062500
211	-0.503906	-0.064453
212	-0.494141	0.005859
213	-0.482422	0.058594
214	-0.554688	-0.130859
215	-0.582031	-0.013672
216	-0.503906	0.011719
217	-0.552734	-0.121094
218	-0.515625	0.050781
219	-0.583984	-0.039063
220	-0.492188	-0.214844
221	-0.478516	-0.138672
222	-0.486328	-0.082031
223	-0.527344	0.013672
224	-0.529297	0.148438
225	-0.574219	0.171875
226	-0.583984	0.341797
227	-0.560547	0.226563
228	-0.570313	0.195313
229	-0.542969	-0.001953
230	-0.558594	0.052734
231	-0.513672	-0.191406
232	-0.539063	-0.074219
233	-0.595703	0.042969
234	-0.529297	-0.001953
235	-0.570313	-0.273438
236	-0.554688	-0.460938
237	-0.554688	-0.339844
238	-0.533203	-0.369141
239	-0.554688	-0.294922
240	-0.572266	-0.250000
241	-0.576172	-0.308594
242	-0.554688	-0.306641
243	-0.501953	-0.351563
244	-0.523438	-0.160156
245	-0.529297	-0.390625
246	-0.445313	-0.314453
247	-0.535156	-0.470703
248	-0.552734	-0.486328
249	-0.515625	-0.410156
250	-0.601563	-0.492188
251	-0.634766	-0.533203
252	-0.589844	-0.535156
253	-0.566406	-0.376953
254	-0.500000	-0.035156
255	-0.556641	-0.224609
256	-0.505859	-0.115234
257	-0.548828	-0.070313
258	-0.513672	-0.015625
259	-0.621094	0.224609
260	-0.568359	0.109375
261	-0.548828	0.000000
262	-0.494141	0.083984
263	-0.546875	0.167969
264	-0.544922	0.205078
265	-0.548828	0.308594
266	-0.527344	0.187500
267	-0.605469	0.117188
268	-0.607422	0.248047
269	-0.562500	0.207031
270	-0.544922	-0.130859
271	-0.515625	-0.257813
272	-0.554688	-0.039063
273	-0.498047	-0.187500
274	-0.593750	-0.316406
275	-0.542969	-0.095703
276	-0.535156	-0.099609
277	-0.488281	0.015625
278	-0.558594	0.160156
279	-0.468750	0.035156
280	-0.531250	0.068359
281	-0.509766	-0.046875
282	-0.552734	-0.005859
283	-0.474609	-0.078125
284	-0.576172	0.308594
285	-0.535156	0.281250
286	-0.556641	0.398438
287	-0.562500	0.427734
288	-0.562500	0.330078
289	-0.515625	0.109375
290	-0.486328	0.154297
291	-0.511719	0.025391
292	-0.552734	-0.173828
293	-0.513672	0.113281
294	-0.560547	0.269531
295	-0.521484	0.228516
296	-0.613281	0.070313
297	-0.570313	0.169922
298	-0.587891	-0.181641
299	-0.544922	-0.111328
300	-0.519531	-0.191406
301	-0.554688	-0.164063
302	-0.541016	-0.107422
303	-0.609375	-0.035156
304	-0.527344	-0.177734
305	-0.585938	-0.070313
306	-0.507813	-0.306641
307	-0.500000	-0.226563
308	-0.490234	-0.015625
309	-0.533203	0.095703
310	-0.546875	0.115234
311	-0.539063	0.107422
312	-0.529297	0.222656
313	-0.576172	0.109375
314	-0.503906	-0.105469
315	-0.542969	0.144531
316	-0.580078	0.169922
317	-0.537109	0.089844
318	-0.593750	0.279297
319	-0.636719	0.164063
320	-0.515625	0.197266
321	-0.550781	0.101563
322	-0.496094	-0.087891
323	-0.560547	-0.226563
324	-0.574219	-0.054688
325	-0.503906	-0.064453
326	-0.539063	-0.193359
327	-0.535156	0.044922
328	-0.564453	0.056641
329	-0.498047	0.017578
330	-0.535156	0.117188
331	-0.494141	0.009766
332	-0.537109	0.351563
333	-0.523438	0.222656
334	-0.574219	0.087891
335	-0.527344	0.119141
336	-0.599609	0.445313
337	-0.591797	0.443359
338	-0.558594	0.277344
339	-0.453125	0.044922
340	-0.578125	-0.054688
341	-0.529297	0.148438
342	-0.529297	0.115234
343	-0.576172	0.337891
344	-0.554688	0.267578
345	-0.562500	0.175781
346	-0.511719	0.115234
347	-0.585938	0.193359
348	-0.556641	0.289063
349	-0.525391	0.125000
350	-0.521484	0.248047
351	-0.638672	0.449219
352	-0.542969	0.371094
353	-0.552734	0.349609
354	-0.490234	0.074219
355	-0.572266	0.181641
356	-0.546875	0.027344
357	-0.507813	-0.011719
358	-0.548828	0.287109
359	-0.531250	0.181641
360	-0.511719	-0.126953
361	-0.542969	-0.242188
362	-0.474609	-0.224609
363	-0.556641	-0.242188
364	-0.537109	-0.312500
365	-0.539063	-0.269531
366	-0.544922	-0.281250
367	-0.507813	-0.210938
368	-0.539063	-0.357422
369	-0.500000	-0.025391
370	-0.548828	-0.181641
371	-0.542969	-0.117188
372	-0.507813	-0.169922
373	-0.597656	0.119141
374	-0.572266	0.105469
375	-0.554688	0.193359
376	-0.544922	0.218750
377	-0.464844	-0.093750
378	-0.542969	-0.343750
379	-0.591797	-0.447266
380	-0.550781	-0.486328
381	-0.517578	-0.324219
382	-0.519531	-0.246094
383	-0.589844	-0.126953
384	-0.539063	-0.082031
385	-0.537109	0.042969
386	-0.634766	0.037109
387	-0.574219	0.017578
388	-0.537109	0.236328
389	-0.498047	-0.058594
390	-0.566406	-0.138672
391	-0.513672	-0.103516
392	-0.613281	-0.394531
393	-0.587891	-0.314453
394	-0.578125	-0.398438
395	-0.558594	-0.238281
396	-0.509766	-0.199219
397	-0.498047	-0.046875
398	-0.578125	-0.148438
399	-0.517578	0.072266
400	-0.578125	0.298828
401	-0.529297	0.218750
402	-0.533203	0.173828
403	-0.542969	0.144531
404	-0.638672	0.228516
405	-0.542969	0.105469
406	-0.609375	0.033203
407	-0.531250	-0.117188
408	-0.574219	0.023438
409	-0.572266	-0.091797
410	-0.568359	0.218750
411	-0.630859	0.271484
412	-0.513672	0.285156
413	-0.550781	0.101563
414	-0.570313	0.169922
415	-0.544922	0.185547
416	-0.558594	0.439453
417	-0.593750	0.365234
418	-0.513672	0.107422
419	-0.562500	0.117188
420	-0.548828	0.214844
421	-0.542969	-0.013672
422	-0.501953	-0.156250
423	-0.548828	0.205078
424	-0.583984	0.183594
425	-0.556641	0.048828
426	-0.533203	0.039063
427	-0.525391	-0.212891
428	-0.583984	-0.263672
429	-0.494141	-0.183594
430	-0.513672	-0.199219
431	-0.552734	0.003906
432	-0.478516	0.087891
433	-0.558594	0.300781
434	-0.556641	0.244141
435	-0.613281	0.339844
436	-0.570313	0.199219
437	-0.517578	-0.001953
438	-0.572266	-0.103516
439	-0.556641	0.115234
440	-0.582031	0.013672
441	-0.501953	0.115234
442	-0.593750	0.277344
443	-0.576172	0.181641
444	-0.562500	0.146484
445	-0.564453	0.234375
446	-0.537109	0.130859
447	-0.562500	0.306641
448	-0.582031	0.398438
449	-0.542969	0.416016
450	-0.625000	0.472656
451	-0.531250	0.392578
452	-0.587891	0.447266
453	-0.541016	0.242188
454	-0.595703	0.386719
455	-0.564453	0.503906
456	-0.574219	0.519531
457	-0.496094	0.369141
458	-0.550781	0.283203
459	-0.609375	0.158203
460	-0.501953	0.117188
461	-0.535156	-0.007813
462	-0.519531	-0.269531
463	-0.517578	-0.095703
464	-0.529297	-0.103516
465	-0.509766	0.162109
466	-0.486328	0.166016
467	-0.542969	0.279297
468	-0.556641	0.326172
469	-0.525391	0.480469
470	-0.634766	0.554688
471	-0.578125	0.480469
472	-0.601563	0.345703
473	-0.539063	0.197266
474	-0.539063	-0.126953
475	-0.566406	-0.287109
476	-0.533203	-0.269531
477	-0.550781	-0.154297
478	-0.529297	-0.144531
479	-0.568359	0.013672
480	-0.455078	0.201172
481	-0.542969	0.216797
482	-0.517578	0.109375
483	-0.533203	0.080078
484	-0.501953	0.294922
485	-0.558594	0.044922
486	-0.507813	0.160156
487	-0.517578	0.019531
488	-0.572266	0.117188
489	-0.496094	-0.099609
490	-0.527344	-0.121094
491	-0.564453	-0.179688
492	-0.580078	-0.082031
493	-0.511719	0.242188
494	-0.591797	-0.011719
495	-0.556641	-0.146484
496	-0.535156	-0.056641
497	-0.564453	0.126953
498	-0.562500	-0.185547
499	-0.576172	0.138672
500	-0.558594	0.080078
501	-0.583984	-0.023438
502	-0.496094	-0.058594
503	-0.503906	0.064453
504	-0.574219	0.119141
505	-0.544922	-0.109375
506	-0.585938	-0.193359
507	-0.597656	-0.246094
508	-0.511719	0.031250
509	-0.550781	-0.013672
510	-0.552734	0.093750
511	-0.525391	0.070313
512	-0.599609	0.179688
513	-0.521484	0.183594
514	-0.494141	0.007813
515	-0.480469	-0.218750
516	-0.507813	-0.060547
517	-0.585938	0.060547
518	-0.523438	-0.001953
519	-0.509766	0.054688
520	-0.578125	0.119141
521	-0.574219	0.298828
522	-0.527344	0.105469
523	-0.533203	0.134766
524	-0.542969	0.037109
525	-0.580078	-0.189453
526	-0.529297	-0.371094
527	-0.589844	-0.468750
528	-0.597656	-0.529297
529	-0.648438	-0.654297
530	-0.607422	-0.623047
531	-0.638672	-0.605469
532	-0.544922	-0.386719
533	-0.576172	-0.160156
534	-0.492188	-0.355469
535	-0.560547	-0.445313
536	-0.560547	-0.333984
537	-0.621094	-0.433594
538	-0.601563	-0.412109
539	-0.593750	-0.550781
540	-0.623047	-0.337891
541	-0.527344	-0.357422
542	-0.509766	0.019531
543	-0.492188	0.107422
544	-0.535156	0.296875
545	-0.464844	-0.039063
546	-0.550781	-0.142578
547	-0.519531	-0.302734
548	-0.539063	-0.046875
549	-0.523438	0.025391
550	-0.498047	-0.015625
551	-0.521484	-0.138672
552	-0.623047	-0.070313
553	-0.541016	-0.074219
554	-0.568359	-0.169922
555	-0.583984	-0.324219
556	-0.591797	-0.222656
557	-0.560547	-0.187500
558	-0.560547	-0.021484
559	-0.525391	-0.064453
560	-0.513672	-0.083984
561	-0.523438	-0.062500
562	-0.582031	-0.187500
563	-0.558594	-0.152344
564	-0.560547	-0.093750
565	-0.601563	-0.119141
566	-0.560547	-0.380859
567	-0.542969	-0.326172
568	-0.542969	0.001953
569	-0.544922	0.185547
570	-0.527344	0.271484
571	-0.548828	0.419922
572	-0.478516	0.166016
573	-0.550781	0.097656
574	-0.546875	0.080078
575	-0.539063	-0.197266
576	-0.566406	-0.128906
577	-0.537109	-0.103516
578	-0.601563	-0.009766
579	-0.552734	-0.093750
580	-0.550781	-0.121094
581	-0.517578	0.029297
582	-0.587891	0.205078
583	-0.617188	0.083984
584	-0.578125	0.146484
585	-0.607422	0.283203
586	-0.562500	0.392578
587	-0.539063	0.433594
588	-0.515625	0.287109
589	-0.546875	0.386719
590	-0.541016	0.324219
591	-0.570313	0.421875
592	-0.582031	0.222656
593	-0.552734	0.242188
594	-0.578125	0.015625
595	-0.556641	-0.238281
596	-0.533203	-0.416016
597	-0.537109	-0.294922
598	-0.544922	-0.289063
599	-0.490234	-0.175781
600	-0.490234	-0.089844
601	-0.539063	-0.044922
602	-0.544922	0.050781
603	-0.517578	0.236328
604	-0.558594	0.478516
605	-0.597656	0.574219
606	-0.562500	0.564453
607	-0.611328	0.519531
608	-0.546875	0.326172
609	-0.572266	0.402344
610	-0.564453	0.455078
611	-0.613281	0.349609
612	-0.568359	0.443359
613	-0.576172	0.476563
614	-0.546875	0.136719
615	-0.546875	0.230469
616	-0.568359	-0.095703
617	-0.595703	0.048828
618	-0.550781	0.310547
619	-0.593750	0.177734
620	-0.570313	0.318359
621	-0.585938	0.326172
622	-0.529297	0.291016
623	-0.509766	0.117188
624	-0.515625	0.013672
625	-0.527344	-0.062500
626	-0.470703	-0.236328
627	-0.523438	-0.142578
628	-0.529297	-0.105469
629	-0.539063	0.158203
630	-0.531250	0.136719
631	-0.550781	0.037109
632	-0.542969	0.003906
633	-0.527344	0.222656
634	-0.537109	0.230469
635	-0.517578	0.250000
636	-0.564453	0.189453
637	-0.574219	0.345703
638	-0.582031	0.304688
639	-0.476563	0.035156
640	-0.484375	0.156250
641	-0.531250	0.173828
642	-0.537109	0.394531
643	-0.583984	0.361328
644	-0.574219	0.015625
645	-0.585938	0.275391
646	-0.570313	0.136719
647	-0.523438	0.003906
648	-0.574219	0.023438
649	-0.484375	-0.109375
650	-0.503906	-0.203125
651	-0.523438	-0.267578
652	-0.515625	-0.232422
653	-0.531250	0.041016
654	-0.546875	-0.019531
655	-0.523438	-0.007813
656	-0.566406	-0.033203
657	-0.560547	-0.052734
658	-0.556641	-0.080078
659	-0.556641	-0.066406
660	-0.539063	-0.175781
661	-0.548828	-0.238281
662	-0.593750	-0.156250
663	-0.556641	-0.095703
664	-0.533203	-0.246094
665	-0.498047	-0.396484
666	-0.587891	-0.283203
667	-0.566406	-0.304688
668	-0.455078	-0.074219
669	-0.556641	-0.083984
670	-0.570313	0.082031
671	-0.626953	-0.039063
672	-0.566406	-0.105469
673	-0.648438	-0.197266
674	-0.587891	-0.312500
675	-0.582031	-0.216797
676	-0.597656	-0.259766
677	-0.503906	0.000000
678	-0.531250	-0.060547
679	-0.548828	-0.068359
680	-0.550781	-0.291016
681	-0.611328	-0.281250
682	-0.576172	-0.130859
683	-0.623047	-0.152344
684	-0.585938	-0.132813
685	-0.619141	0.076172
686	-0.533203	0.099609
687	-0.615234	-0.279297
688	-0.546875	-0.058594
689	-0.589844	-0.078125
690	-0.560547	-0.250000
691	-0.503906	-0.083984
692	-0.605469	-0.363281
693	-0.566406	-0.265625
694	-0.515625	-0.138672
695	-0.550781	-0.294922
696	-0.523438	-0.310547
697	-0.564453	-0.347656
698	-0.587891	-0.314453
699	-0.570313	-0.033203
700	-0.578125	-0.097656
701	-0.515625	-0.144531
702	-0.568359	-0.216797
703	-0.529297	-0.236328
704	-0.558594	-0.212891
705	-0.511719	0.044922
706	-0.498047	0.134766
707	-0.478516	0.150391
708	-0.535156	0.294922
709	-0.587891	0.361328
710	-0.529297	0.117188
711	-0.625000	0.330078
712	-0.603516	0.183594
713	-0.582031	0.310547
714	-0.566406	0.298828
715	-0.519531	0.267578
716	-0.554688	0.267578
717	-0.511719	0.306641
718	-0.541016	0.373047
719	-0.519531	0.277344
720	-0.515625	-0.093750
721	-0.529297	-0.017578
722	-0.539063	-0.335938
723	-0.531250	-0.345703
724	-0.560547	-0.326172
725	-0.564453	-0.414063
726	-0.548828	-0.390625
727	-0.519531	-0.238281
728	-0.562500	-0.480469
729	-0.611328	-0.599609
730	-0.572266	-0.460938
731	-0.644531	-0.599609
732	-0.544922	-0.453125
733	-0.552734	-0.294922
734	-0.578125	-0.369141
735	-0.607422	-0.265625
736	-0.542969	-0.308594
737	-0.585938	-0.351563
738	-0.554688	-0.222656
739	-0.568359	-0.201172
740	-0.609375	-0.357422
741	-0.589844	-0.472656
742	-0.578125	-0.464844
743	-0.562500	-0.330078
744	-0.564453	-0.464844
745	-0.570313	-0.455078
746	-0.628906	-0.541016
747	-0.587891	-0.289063
748	-0.525391	-0.281250
749	-0.474609	0.013672
750	-0.498047	-0.056641
751	-0.505859	-0.105469
752	-0.490234	0.126953
753	-0.460938	0.105469
754	-0.517578	0.042969
755	-0.533203	-0.121094
756	-0.587891	-0.093750
757	-0.578125	0.216797
758	-0.552734	0.228516
759	-0.564453	0.285156
760	-0.603516	0.464844
761	-0.556641	0.289063
762	-0.572266	0.318359
763	-0.558594	0.326172
764	-0.482422	0.130859
765	-0.509766	0.041016
766	-0.531250	-0.150391
767	-0.544922	-0.384766
768	-0.556641	-0.367188
769	-0.576172	-0.490234
770	-0.632813	-0.384766
771	-0.554688	-0.173828
772	-0.550781	-0.113281
773	-0.564453	-0.275391
774	-0.544922	-0.181641
775	-0.560547	-0.164063
776	-0.455078	0.130859
777	-0.523438	-0.076172
778	-0.537109	-0.023438
779	-0.470703	-0.025391
780	-0.562500	0.158203
781	-0.591797	0.248047
782	-0.525391	0.132813
783	-0.539063	0.136719
784	-0.505859	0.337891
785	-0.593750	0.451172
786	-0.539063	0.333984
787	-0.625000	0.160156
788	-0.574219	0.335938
789	-0.562500	0.244141
790	-0.556641	0.181641
791	-0.570313	-0.095703
792	-0.570313	-0.328125
793	-0.572266	-0.232422
794	-0.546875	0.056641
795	-0.580078	0.039063
796	-0.583984	-0.058594
797	-0.548828	-0.003906
798	-0.529297	-0.132813
799	-0.527344	-0.062500
800	-0.541016	-0.113281
801	-0.513672	-0.203125
802	-0.597656	-0.429688
803	-0.539063	-0.365234
804	-0.595703	-0.144531
805	-0.539063	-0.085938
806	-0.574219	-0.353516
807	-0.593750	-0.392578
808	-0.552734	-0.197266
809	-0.570313	-0.164063
810	-0.533203	-0.119141
811	-0.560547	-0.123047
812	-0.515625	-0.181641
813	-0.566406	0.021484
814	-0.548828	-0.054688
815	-0.523438	0.019531
816	-0.533203	-0.021484
817	-0.542969	0.009766
818	-0.585938	0.140625
819	-0.566406	-0.140625
820	-0.605469	-0.072266
821	-0.539063	0.085938
822	-0.576172	0.148438
823	-0.519531	0.033203
824	-0.517578	-0.003906
825	-0.531250	-0.044922
826	-0.490234	0.169922
827	-0.539063	0.080078
828	-0.531250	0.091797
829	-0.564453	0.318359
830	-0.500000	0.138672
831	-0.556641	0.037109
832	-0.527344	0.035156
833	-0.601563	0.041016
834	-0.562500	0.060547
835	-0.507813	0.039063
836	-0.527344	0.054688
837	-0.500000	-0.119141
838	-0.515625	-0.195313
839	-0.539063	-0.226563
840	-0.560547	-0.162109
841	-0.546875	-0.175781
842	-0.517578	-0.072266
843	-0.544922	0.000000
844	-0.531250	0.308594
845	-0.568359	0.462891
846	-0.615234	0.521484
847	-0.621094	0.517578
848	-0.685547	0.576172
849	-0.572266	0.496094
850	-0.560547	0.283203
851	-0.607422	0.285156
852	-0.550781	0.371094
853	-0.546875	0.488281
854	-0.580078	0.548828
855	-0.537109	0.371094
856	-0.638672	0.609375
857	-0.576172	0.390625
858	-0.585938	0.429688
859	-0.546875	0.115234
860	-0.566406	0.117188
861	-0.531250	0.230469
862	-0.511719	0.048828
863	-0.535156	-0.005859
864	-0.533203	-0.283203
865	-0.462891	0.007813
866	-0.562500	0.087891
867	-0.515625	-0.121094
868	-0.533203	-0.048828
869	-0.482422	-0.076172
870	-0.537109	-0.152344
871	-0.542969	-0.236328
872	-0.576172	-0.220703
873	-0.517578	-0.101563
874	-0.601563	0.015625
875	-0.535156	-0.037109
876	-0.539063	0.160156
877	-0.623047	0.013672
878	-0.531250	-0.050781
879	-0.533203	0.044922
880	-0.556641	0.033203
881	-0.544922	0.058594
882	-0.572266	0.148438
883	-0.537109	0.251953
884	-0.589844	0.406250
885	-0.560547	0.384766
886	-0.519531	0.298828
887	-0.539063	0.345703
888	-0.552734	0.406250
889	-0.578125	0.242188
890	-0.515625	0.271484
891	-0.503906	0.138672
892	-0.494141	-0.001953
893	-0.550781	0.132813
894	-0.525391	-0.033203
895	-0.580078	-0.070313
896	-0.511719	-0.136719
897	-0.574219	0.107422
898	-0.509766	0.119141
899	-0.533203	0.216797
900	-0.529297	0.136719
901	-0.509766	0.046875
902	-0.523438	-0.080078
903	-0.503906	-0.158203
904	-0.501953	-0.091797
905	-0.535156	0.125000
906	-0.511719	0.158203
907	-0.568359	0.234375
908	-0.597656	0.238281
909	-0.503906	0.197266
910	-0.527344	0.203125
911	-0.519531	0.189453
912	-0.554688	0.357422
913	-0.580078	0.226563
914	-0.583984	0.162109
915	-0.519531	-0.017578
916	-0.582031	0.072266
917	-0.564453	0.183594
918	-0.580078	0.173828
919	-0.525391	0.216797
920	-0.544922	0.320313
921	-0.464844	0.167969
922	-0.531250	-0.005859
923	-0.494141	0.185547
924	-0.611328	0.349609
925	-0.570313	0.294922
926	-0.582031	0.146484
927	-0.560547	0.156250
928	-0.546875	0.353516
929	-0.535156	0.138672
930	-0.535156	0.023438
931	-0.550781	-0.125000
932	-0.519531	0.046875
933	-0.521484	0.113281
934	-0.521484	0.310547
935	-0.531250	0.138672
936	-0.466797	-0.050781
937	-0.537109	-0.035156
938	-0.531250	-0.128906
939	-0.533203	-0.171875
940	-0.556641	-0.025391
941	-0.570313	0.060547
942	-0.626953	-0.039063
943	-0.617188	0.101563
944	-0.593750	0.228516
945	-0.636719	0.228516
946	-0.574219	0.044922
947	-0.578125	0.087891
948	-0.537109	0.013672
949	-0.560547	0.021484
950	-0.554688	0.162109
951	-0.521484	0.167969
952	-0.539063	0.207031
953	-0.513672	0.287109
954	-0.568359	0.105469
955	-0.519531	0.046875
956	-0.531250	-0.064453
957	-0.531250	-0.115234
958	-0.580078	0.048828
959	-0.529297	-0.179688
960	-0.556641	-0.105469
961	-0.500000	-0.083984
962	-0.521484	0.007813
963	-0.507813	-0.150391
964	-0.578125	-0.240234
965	-0.552734	0.000000
966	-0.523438	0.025391
967	-0.535156	0.083984
968	-0.644531	0.162109
969	-0.601563	-0.048828
970	-0.593750	-0.187500
971	-0.591797	-0.416016
972	-0.546875	-0.244141
973	-0.607422	-0.437500
974	-0.566406	-0.195313
975	-0.593750	-0.136719
976	-0.603516	0.091797
977	-0.548828	0.175781
978	-0.601563	0.087891
979	-0.562500	0.107422
980	-0.548828	0.072266
981	-0.525391	0.000000
982	-0.585938	0.046875
983	-0.537109	0.082031
984	-0.509766	-0.039063
985	-0.541016	0.246094
986	-0.494141	0.148438
987	-0.517578	0.253906
988	-0.568359	0.302734
989	-0.607422	0.322266
990	-0.548828	0.039063
991	-0.513672	0.011719
992	-0.515625	-0.005859
993	-0.529297	0.152344
994	-0.585938	0.281250
995	-0.642578	0.318359
996	-0.556641	0.330078
997	-0.621094	0.330078
998	-0.621094	-0.150391
999	-0.523438	0.044922
