0	-0.996094	-0.998047
1	-1.000000	-1.000000
2	-1.000000	-1.000000
3	-0.994141	-0.996094
4	-0.996094	-0.998047
5	-0.996094	-0.998047
6	-1.000000	-1.000000
7	-1.000000	-1.000000
8	-1.000000	-1.000000
9	-1.000000	-1.000000
10	-0.992188	-0.996094
11	-0.996094	-0.998047
12	-1.000000	-1.000000
13	-0.996094	-0.998047
14	-0.990234	-0.994141
15	-1.000000	-1.000000
16	-0.996094	-0.998047
17	-0.996094	-0.998047
18	-1.000000	-1.000000
19	-0.988281	-0.994141
20	-0.992188	-0.996094
21	-0.996094	-0.998047
22	-1.000000	-1.000000
23	-1.000000	-1.000000
24	-0.996094	-0.998047
25	-1.000000	-1.000000
26	-0.996094	-0.998047
27	-0.988281	-0.994141
28	-0.992188	-0.996094
29	-1.000000	-1.000000
30	-0.996094	-0.998047
31	-1.000000	-1.000000
32	-0.996094	-0.998047
33	-0.992188	-0.996094
34	-0.992188	-0.996094
35	-0.996094	-0.998047
36	-0.996094	-0.998047
37	-0.996094	-0.998047
38	-0.996094	-0.998047
39	-0.994141	-0.996094
40	-1.000000	-1.000000
41	-0.984375	-0.992188
42	-1.000000	-1.000000
43	-0.996094	-0.998047
44	-0.996094	-0.998047
45	-0.988281	-0.994141
46	-0.996094	-0.998047
47	-1.000000	-1.000000
48	-0.996094	-0.998047
49	-1.000000	-1.000000
50	-0.996094	-0.998047
51	-1.000000	-1.000000
52	-1.000000	-1.000000
53	-1.000000	-1.000000
54	-0.992188	-0.996094
55	-0.996094	-0.998047
56	-1.000000	-1.000000
57	-1.000000	-1.000000
58	-1.000000	-1.000000
59	-1.000000	-1.000000
60	-0.996094	-0.998047
61	-0.996094	-0.998047
62	-0.996094	-0.998047
63	-1.000000	-1.000000
64	-0.996094	-0.998047
65	-1.000000	-1.000000
66	-0.988281	-0.994141
67	-1.000000	-1.000000
68	-1.000000	-1.000000
69	-0.996094	-0.998047
70	-1.000000	-1.000000
71	-0.996094	-0.998047
72	-1.000000	-1.000000
73	-1.000000	-1.000000
74	-1.000000	-1.000000
75	-0.992188	-0.996094
76	-0.996094	-0.998047
77	-1.000000	-1.000000
78	-1.000000	-1.000000
79	-1.000000	-1.000000
80	-0.988281	-0.994141
81	-0.992188	-0.996094
82	-1.000000	-1.000000
83	-0.996094	-0.998047
84	-0.996094	-0.998047
85	-1.000000	-1.000000
86	-0.988281	-0.994141
87	-1.000000	-1.000000
88	-0.996094	-0.998047
89	-0.992188	-0.996094
90	-0.996094	-0.998047
91	-1.000000	-1.000000
92	-0.988281	-0.994141
93	-1.000000	-1.000000
94	-1.000000	-1.000000
95	-0.992188	-0.996094
96	-0.992188	-0.996094
97	-1.000000	-1.000000
98	-0.996094	-0.998047
99	-0.992188	-0.996094
100	-1.000000	-1.000000
101	-1.000000	-1.000000
102	-1.000000	-1.000000
103	-1.000000	-1.000000
104	-1.000000	-1.000000
105	-0.988281	-0.994141
106	-0.996094	-0.998047
107	-0.988281	-0.994141
108	-1.000000	-1.000000
109	-0.984375	-0.992188
110	-1.000000	-1.000000
111	-0.996094	-0.998047
112	-1.000000	-1.000000
113	-0.992188	-0.996094
114	-0.988281	-0.994141
115	-0.990234	-0.994141
116	-0.996094	-0.998047
117	-1.000000	-1.000000
118	-0.996094	-0.998047
119	-1.000000	-1.000000
120	-0.992188	-0.996094
121	-1.000000	-1.000000
122	-0.992188	-0.996094
123	-0.996094	-0.998047
124	-0.992188	-0.996094
125	-1.000000	-1.000000
126	-0.992188	-0.996094
127	-0.992188	-0.996094
128	-0.996094	-0.998047
129	-1.000000	-1.000000
130	-0.992188	-0.996094
131	-0.996094	-0.998047
132	-1.000000	-1.000000
133	-1.000000	-1.000000
134	-0.996094	-0.998047
135	-0.996094	-0.998047
136	-1.000000	-1.000000
137	-0.992188	-0.996094
138	-0.996094	-0.998047
139	-1.000000	-1.000000
140	-1.000000	-1.000000
141	-1.000000	-1.000000
142	-0.996094	-0.998047
143	-1.000000	-1.000000
144	-0.996094	-0.998047
145	-1.000000	-1.000000
146	-0.996094	-0.998047
147	-1.000000	-1.000000
148	-1.000000	-1.000000
149	-0.988281	-0.994141
150	-1.000000	-1.000000
151	-1.000000	-1.000000
152	-1.000000	-1.000000
153	-1.000000	-1.000000
154	-0.992188	-0.996094
155	-1.000000	-1.000000
156	-1.000000	-1.000000
157	-0.996094	-0.998047
158	-0.992188	-0.996094
159	-0.996094	-0.998047
160	-1.000000	-1.000000
161	-0.996094	-0.998047
162	-1.000000	-1.000000
163	-0.996094	-0.998047
164	-1.000000	-1.000000
165	-1.000000	-1.000000
166	-1.000000	-1.000000
167	-1.000000	-1.000000
168	-0.992188	-0.996094
169	-0.996094	-0.998047
170	-0.992188	-0.996094
171	-0.996094	-0.998047
172	-0.996094	-0.998047
173	-0.996094	-0.998047
174	-0.988281	-0.994141
175	-0.996094	-0.998047
176	-0.996094	-0.998047
177	-1.000000	-1.000000
178	-1.000000	-1.000000
179	-1.000000	-1.000000
180	-1.000000	-1.000000
181	-0.996094	-0.998047
182	-0.996094	-0.998047
183	-0.992188	-0.996094
184	-1.000000	-1.000000
185	-1.000000	-1.000000
186	-0.996094	-0.998047
187	-0.996094	-0.998047
188	-0.988281	-0.994141
189	-0.996094	-0.998047
190	-0.992188	-0.996094
191	-0.996094	-0.998047
192	-1.000000	-1.000000
193	-0.994141	-0.996094
194	-0.996094	-0.998047
195	-1.000000	-1.000000
196	-0.996094	-0.998047
197	-1.000000	-1.000000
198	-0.996094	-0.998047
199	-0.992188	-0.996094
200	-0.996094	-0.998047
201	-0.996094	-0.998047
202	-0.996094	-0.998047
203	-0.992188	-0.996094
204	-0.996094	-0.998047
205	-0.992188	-0.996094
206	-1.000000	-1.000000
207	-1.000000	-1.000000
208	-0.986328	-0.992188
209	-1.000000	-1.000000
210	-1.000000	-1.000000
211	-0.996094	-0.998047
212	-0.996094	-0.998047
213	-1.000000	-1.000000
214	-0.992188	-0.996094
215	-0.996094	-0.998047
216	-0.996094	-0.998047
217	-1.000000	-1.000000
218	-1.000000	-1.000000
219	-0.992188	-0.996094
220	-1.000000	-1.000000
221	-0.984375	-0.992188
222	-1.000000	-1.000000
223	-0.994141	-0.996094
224	-0.996094	-0.998047
225	-0.996094	-0.998047
226	-0.996094	-0.998047
227	-1.000000	-1.000000
228	-1.000000	-1.000000
229	-0.996094	-0.998047
230	-0.996094	-0.998047
231	-1.000000	-1.000000
232	-1.000000	-1.000000
233	-0.996094	-0.998047
234	-1.000000	-1.000000
235	-0.996094	-0.998047
236	-0.992188	-0.996094
237	-0.996094	-0.998047
238	-0.996094	-0.998047
239	-0.992188	-0.996094
240	-1.000000	-1.000000
241	-1.000000	-1.000000
242	-0.988281	-0.994141
243	-0.996094	-0.998047
244	-0.996094	-0.998047
245	-0.996094	-0.998047
246	-1.000000	-1.000000
247	-1.000000	-1.000000
248	-0.992188	-0.996094
249	-0.996094	-0.998047
250	-0.996094	-0.998047
251	-0.996094	-0.998047
252	-0.988281	-0.994141
253	-0.996094	-0.998047
254	-0.996094	-0.998047
255	-1.000000	-1.000000
256	-0.992188	-0.996094
257	-0.996094	-0.998047
258	-0.996094	-0.998047
259	-1.000000	-1.000000
260	-0.996094	-0.998047
261	-1.000000	-1.000000
262	-1.000000	-1.000000
263	-0.996094	-0.998047
264	-0.996094	-0.998047
265	-0.986328	-0.992188
266	-1.000000	-1.000000
267	-1.000000	-1.000000
268	-0.992188	-0.996094
269	-0.996094	-0.998047
270	-1.000000	-1.000000
271	-1.000000	-1.000000
272	-0.996094	-0.998047
273	-0.996094	-0.998047
274	-0.996094	-0.998047
275	-0.996094	-0.998047
276	-1.000000	-1.000000
277	-1.000000	-1.000000
278	-0.996094	-0.998047
279	-1.000000	-1.000000
280	-0.996094	-0.998047
281	-1.000000	-1.000000
282	-0.996094	-0.998047
283	-0.996094	-0.998047
284	-0.996094	-0.998047
285	-0.996094	-0.998047
286	-0.996094	-0.998047
287	-0.996094	-0.998047
288	-1.000000	-1.000000
289	-0.996094	-0.998047
290	-1.000000	-1.000000
291	-1.000000	-1.000000
292	-0.996094	-0.998047
293	-0.996094	-0.998047
294	-1.000000	-1.000000
295	-1.000000	-1.000000
296	-0.996094	-0.998047
297	-0.996094	-0.998047
298	-0.988281	-0.994141
299	-1.000000	-1.000000
300	-0.988281	-0.994141
301	-0.992188	-0.996094
302	-1.000000	-1.000000
303	-1.000000	-1.000000
304	-1.000000	-1.000000
305	-0.992188	-0.996094
306	-0.996094	-0.998047
307	-1.000000	-1.000000
308	-1.000000	-1.000000
309	-1.000000	-1.000000
310	-0.996094	-0.998047
311	-1.000000	-1.000000
312	-1.000000	-1.000000
313	-1.000000	-1.000000
314	-1.000000	-1.000000
315	-0.992188	-0.996094
316	-0.992188	-0.996094
317	-0.988281	-0.994141
318	-1.000000	-1.000000
319	-0.992188	-0.996094
320	-0.996094	-0.998047
321	-1.000000	-1.000000
322	-1.000000	-1.000000
323	-1.000000	-1.000000
324	-0.996094	-0.998047
325	-0.992188	-0.996094
326	-1.000000	-1.000000
327	-0.988281	-0.994141
328	-0.996094	-0.998047
329	-1.000000	-1.000000
330	-1.000000	-1.000000
331	-0.996094	-0.998047
332	-0.996094	-0.998047
333	-0.992188	-0.996094
334	-1.000000	-1.000000
335	-0.992188	-0.996094
336	-0.996094	-0.998047
337	-1.000000	-1.000000
338	-0.996094	-0.998047
339	-0.994141	-0.996094
340	-0.996094	-0.998047
341	-1.000000	-1.000000
342	-1.000000	-1.000000
343	-1.000000	-1.000000
344	-0.996094	-0.998047
345	-0.986328	-0.990234
346	-1.000000	-1.000000
347	-0.992188	-0.996094
348	-0.988281	-0.992188
349	-0.992188	-0.996094
350	-1.000000	-1.000000
351	-0.996094	-0.998047
352	-0.996094	-0.998047
353	-1.000000	-1.000000
354	-1.000000	-1.000000
355	-1.000000	-1.000000
356	-0.988281	-0.994141
357	-0.990234	-0.994141
358	-0.988281	-0.994141
359	-0.996094	-0.998047
360	-0.996094	-0.998047
361	-0.996094	-0.998047
362	-0.996094	-0.998047
363	-0.992188	-0.996094
364	-0.992188	-0.996094
365	-0.992188	-0.996094
366	-1.000000	-1.000000
367	-0.988281	-0.992188
368	-0.996094	-0.998047
369	-0.992188	-0.996094
370	-0.996094	-0.998047
371	-1.000000	-1.000000
372	-0.992188	-0.996094
373	-1.000000	-1.000000
374	-1.000000	-1.000000
375	-1.000000	-1.000000
376	-1.000000	-1.000000
377	-1.000000	-1.000000
378	-0.996094	-0.998047
379	-0.992188	-0.996094
380	-1.000000	-1.000000
381	-0.996094	-0.998047
382	-1.000000	-1.000000
383	-0.996094	-0.998047
384	-0.996094	-0.998047
385	-0.992188	-0.996094
386	-0.996094	-0.998047
387	-1.000000	-1.000000
388	-0.996094	-0.998047
389	-1.000000	-1.000000
390	-0.992188	-0.996094
391	-0.992188	-0.996094
392	-0.992188	-0.996094
393	-0.988281	-0.994141
394	-0.996094	-0.998047
395	-1.000000	-1.000000
396	-1.000000	-1.000000
397	-1.000000	-1.000000
398	-1.000000	-1.000000
399	-1.000000	-1.000000
400	-1.000000	-1.000000
401	-0.996094	-0.998047
402	-0.992188	-0.996094
403	-1.000000	-1.000000
404	-0.996094	-0.998047
405	-1.000000	-1.000000
406	-0.988281	-0.994141
407	-1.000000	-1.000000
408	-1.000000	-1.000000
409	-1.000000	-1.000000
410	-0.996094	-0.998047
411	-0.988281	-0.994141
412	-1.000000	-1.000000
413	-0.996094	-0.998047
414	-1.000000	-1.000000
415	-1.000000	-1.000000
416	-1.000000	-1.000000
417	-0.992188	-0.996094
418	-0.996094	-0.998047
419	-1.000000	-1.000000
420	-0.996094	-0.998047
421	-1.000000	-1.000000
422	-0.996094	-0.998047
423	-0.990234	-0.994141
424	-1.000000	-1.000000
425	-0.996094	-0.998047
426	-1.000000	-1.000000
427	-0.992188	-0.996094
428	-1.000000	-1.000000
429	-0.996094	-0.998047
430	-0.996094	-0.998047
431	-0.996094	-0.998047
432	-1.000000	-1.000000
433	-0.996094	-0.998047
434	-1.000000	-1.000000
435	-0.996094	-0.998047
436	-1.000000	-1.000000
437	-0.992188	-0.996094
438	-1.000000	-1.000000
439	-0.996094	-0.998047
440	-1.000000	-1.000000
441	-1.000000	-1.000000
442	-0.992188	-0.996094
443	-1.000000	-1.000000
444	-1.000000	-1.000000
445	-0.996094	-0.998047
446	-0.992188	-0.996094
447	-0.996094	-0.998047
448	-0.996094	-0.998047
449	-0.988281	-0.994141
450	-0.996094	-0.998047
451	-1.000000	-1.000000
452	-1.000000	-1.000000
453	-1.000000	-1.000000
454	-0.996094	-0.998047
455	-0.996094	-0.998047
456	-0.996094	-0.998047
457	-0.988281	-0.994141
458	-0.996094	-0.998047
459	-0.992188	-0.996094
460	-0.996094	-0.998047
461	-0.986328	-0.992188
462	-1.000000	-1.000000
463	-0.992188	-0.996094
464	-1.000000	-1.000000
465	-1.000000	-1.000000
466	-0.996094	-0.998047
467	-0.992188	-0.996094
468	-1.000000	-1.000000
469	-0.996094	-0.998047
470	-0.996094	-0.998047
471	-0.992188	-0.996094
472	-1.000000	-1.000000
473	-1.000000	-1.000000
474	-1.000000	-1.000000
475	-0.996094	-0.998047
476	-0.996094	-0.998047
477	-0.996094	-0.998047
478	-0.992188	-0.996094
479	-0.996094	-0.998047
480	-1.000000	-1.000000
481	-1.000000	-1.000000
482	-0.996094	-0.998047
483	-0.994141	-0.996094
484	-0.996094	-0.998047
485	-1.000000	-1.000000
486	-1.000000	-1.000000
487	-1.000000	-1.000000
488	-0.988281	-0.994141
489	-0.992188	-0.996094
490	-1.000000	-1.000000
491	-0.996094	-0.998047
492	-1.000000	-1.000000
493	-1.000000	-1.000000
494	-1.000000	-1.000000
495	-0.996094	-0.998047
496	-0.996094	-0.998047
497	-0.996094	-0.998047
498	-0.996094	-0.998047
499	-1.000000	-1.000000
500	-0.996094	-0.998047
501	-0.992188	-0.996094
502	-0.988281	-0.994141
503	-1.000000	-1.000000
504	-0.988281	-0.994141
505	-0.996094	-0.998047
506	-0.996094	-0.998047
507	-0.988281	-0.994141
508	-1.000000	-1.000000
509	-1.000000	-1.000000
510	-1.000000	-1.000000
511	-1.000000	-1.000000
512	-0.996094	-0.998047
513	-0.996094	-0.998047
514	-0.992188	-0.996094
515	-1.000000	-1.000000
516	-1.000000	-1.000000
517	-0.996094	-0.998047
518	-0.988281	-0.994141
519	-1.000000	-1.000000
520	-0.996094	-0.998047
521	-0.996094	-0.998047
522	-1.000000	-1.000000
523	-0.996094	-0.998047
524	-0.996094	-0.998047
525	-1.000000	-1.000000
526	-0.996094	-0.998047
527	-0.996094	-0.998047
528	-0.996094	-0.998047
529	-0.984375	-0.992188
530	-1.000000	-1.000000
531	-0.996094	-0.998047
532	-1.000000	-1.000000
533	-0.996094	-0.998047
534	-1.000000	-1.000000
535	-0.996094	-0.998047
536	-0.992188	-0.996094
537	-0.992188	-0.996094
538	-1.000000	-1.000000
539	-0.996094	-0.998047
540	-0.992188	-0.996094
541	-0.992188	-0.996094
542	-1.000000	-1.000000
543	-0.992188	-0.996094
544	-1.000000	-1.000000
545	-0.996094	-0.998047
546	-1.000000	-1.000000
547	-0.992188	-0.996094
548	-1.000000	-1.000000
549	-0.996094	-0.998047
550	-1.000000	-1.000000
551	-0.996094	-0.998047
552	-0.992188	-0.996094
553	-1.000000	-1.000000
554	-1.000000	-1.000000
555	-1.000000	-1.000000
556	-1.000000	-1.000000
557	-1.000000	-1.000000
558	-1.000000	-1.000000
559	-0.996094	-0.998047
560	-0.992188	-0.996094
561	-1.000000	-1.000000
562	-1.000000	-1.000000
563	-0.992188	-0.996094
564	-0.996094	-0.998047
565	-0.996094	-0.998047
566	-0.996094	-0.998047
567	-1.000000	-1.000000
568	-0.978516	-0.988281
569	-0.996094	-0.998047
570	-0.992188	-0.996094
571	-0.992188	-0.996094
572	-0.996094	-0.998047
573	-1.000000	-1.000000
574	-0.996094	-0.998047
575	-0.996094	-0.998047
576	-0.992188	-0.996094
577	-0.996094	-0.998047
578	-0.996094	-0.998047
579	-0.996094	-0.998047
580	-1.000000	-1.000000
581	-0.996094	-0.998047
582	-0.996094	-0.998047
583	-0.996094	-0.998047
584	-0.996094	-0.998047
585	-0.996094	-0.998047
586	-0.996094	-0.998047
587	-0.996094	-0.998047
588	-1.000000	-1.000000
589	-1.000000	-1.000000
590	-0.996094	-0.998047
591	-0.992188	-0.996094
592	-1.000000	-1.000000
593	-0.992188	-0.996094
594	-1.000000	-1.000000
595	-1.000000	-1.000000
596	-1.000000	-1.000000
597	-1.000000	-1.000000
598	-1.000000	-1.000000
599	-0.992188	-0.996094
600	-0.996094	-0.998047
601	-1.000000	-1.000000
602	-0.996094	-0.998047
603	-0.994141	-0.996094
604	-1.000000	-1.000000
605	-0.996094	-0.998047
606	-0.992188	-0.996094
607	-1.000000	-1.000000
608	-1.000000	-1.000000
609	-1.000000	-1.000000
610	-0.996094	-0.998047
611	-0.996094	-0.998047
612	-1.000000	-1.000000
613	-1.000000	-1.000000
614	-0.988281	-0.994141
615	-0.996094	-0.998047
616	-0.992188	-0.996094
617	-1.000000	-1.000000
618	-1.000000	-1.000000
619	-0.992188	-0.996094
620	-1.000000	-1.000000
621	-1.000000	-1.000000
622	-1.000000	-1.000000
623	-1.000000	-1.000000
624	-0.992188	-0.996094
625	-0.996094	-0.998047
626	-1.000000	-1.000000
627	-0.988281	-0.994141
628	-0.992188	-0.996094
629	-0.996094	-0.998047
630	-0.988281	-0.994141
631	-0.996094	-0.998047
632	-0.996094	-0.998047
633	-1.000000	-1.000000
634	-0.992188	-0.996094
635	-0.994141	-0.996094
636	-0.996094	-0.998047
637	-0.996094	-0.998047
638	-1.000000	-1.000000
639	-1.000000	-1.000000
640	-1.000000	-1.000000
641	-1.000000	-1.000000
642	-0.994141	-0.996094
643	-1.000000	-1.000000
644	-0.988281	-0.994141
645	-0.992188	-0.996094
646	-1.000000	-1.000000
647	-0.986328	-0.992188
648	-1.000000	-1.000000
649	-1.000000	-1.000000
650	-1.000000	-1.000000
651	-1.000000	-1.000000
652	-0.996094	-0.998047
653	-0.996094	-0.998047
654	-1.000000	-1.000000
655	-1.000000	-1.000000
656	-0.996094	-0.998047
657	-0.992188	-0.996094
658	-0.988281	-0.994141
659	-1.000000	-1.000000
660	-0.992188	-0.996094
661	-0.992188	-0.996094
662	-1.000000	-1.000000
663	-0.996094	-0.998047
664	-1.000000	-1.000000
665	-0.996094	-0.998047
666	-0.990234	-0.994141
667	-1.000000	-1.000000
668	-1.000000	-1.000000
669	-0.988281	-0.994141
670	-0.996094	-0.998047
671	-0.992188	-0.996094
672	-0.996094	-0.998047
673	-1.000000	-1.000000
674	-0.996094	-0.998047
675	-1.000000	-1.000000
676	-1.000000	-1.000000
677	-1.000000	-1.000000
678	-0.996094	-0.998047
679	-0.992188	-0.996094
680	-0.992188	-0.996094
681	-0.992188	-0.996094
682	-1.000000	-1.000000
683	-1.000000	-1.000000
684	-0.996094	-0.998047
685	-0.996094	-0.998047
686	-0.992188	-0.996094
687	-0.988281	-0.994141
688	-1.000000	-1.000000
689	-0.996094	-0.998047
690	-0.996094	-0.998047
691	-1.000000	-1.000000
692	-1.000000	-1.000000
693	-0.996094	-0.998047
694	-0.996094	-0.998047
695	-0.996094	-0.998047
696	-1.000000	-1.000000
697	-1.000000	-1.000000
698	-0.996094	-0.998047
699	-0.996094	-0.998047
700	-1.000000	-1.000000
701	-0.996094	-0.998047
702	-0.996094	-0.998047
703	-1.000000	-1.000000
704	-0.996094	-0.998047
705	-0.994141	-0.996094
706	-0.992188	-0.996094
707	-0.992188	-0.996094
708	-0.996094	-0.998047
709	-1.000000	-1.000000
710	-0.996094	-0.998047
711	-1.000000	-1.000000
712	-0.996094	-0.998047
713	-0.996094	-0.998047
714	-0.996094	-0.998047
715	-1.000000	-1.000000
716	-1.000000	-1.000000
717	-1.000000	-1.000000
718	-0.996094	-0.998047
719	-0.996094	-0.998047
720	-1.000000	-1.000000
721	-0.992188	-0.996094
722	-1.000000	-1.000000
723	-0.996094	-0.998047
724	-0.984375	-0.992188
725	-0.996094	-0.998047
726	-1.000000	-1.000000
727	-0.996094	-0.998047
728	-0.996094	-0.998047
729	-1.000000	-1.000000
730	-0.996094	-0.998047
731	-1.000000	-1.000000
732	-0.996094	-0.998047
733	-1.000000	-1.000000
734	-1.000000	-1.000000
735	-1.000000	-1.000000
736	-1.000000	-1.000000
737	-1.000000	-1.000000
738	-1.000000	-1.000000
739	-0.986328	-0.992188
740	-0.984375	-0.992188
741	-1.000000	-1.000000
742	-1.000000	-1.000000
743	-0.992188	-0.996094
744	-0.996094	-0.998047
745	-1.000000	-1.000000
746	-0.992188	-0.996094
747	-0.996094	-0.998047
748	-0.988281	-0.994141
749	-0.992188	-0.996094
750	-1.000000	-1.000000
751	-1.000000	-1.000000
752	-1.000000	-1.000000
753	-1.000000	-1.000000
754	-1.000000	-1.000000
755	-1.000000	-1.000000
756	-0.996094	-0.998047
757	-0.996094	-0.998047
758	-1.000000	-1.000000
759	-0.996094	-0.998047
760	-1.000000	-1.000000
761	-0.996094	-0.998047
762	-1.000000	-1.000000
763	-1.000000	-1.000000
764	-1.000000	-1.000000
765	-1.000000	-1.000000
766	-0.996094	-0.998047
767	-0.996094	-0.998047
768	-0.996094	-0.998047
769	-0.992188	-0.996094
770	-0.984375	-0.992188
771	-0.996094	-0.998047
772	-0.992188	-0.996094
773	-1.000000	-1.000000
774	-1.000000	-1.000000
775	-0.996094	-0.998047
776	-1.000000	-1.000000
777	-0.992188	-0.996094
778	-1.000000	-1.000000
779	-1.000000	-1.000000
780	-0.988281	-0.994141
781	-0.992188	-0.996094
782	-1.000000	-1.000000
783	-1.000000	-1.000000
784	-0.996094	-0.998047
785	-1.000000	-1.000000
786	-1.000000	-1.000000
787	-0.988281	-0.994141
788	-1.000000	-1.000000
789	-0.996094	-0.998047
790	-1.000000	-1.000000
791	-1.000000	-1.000000
792	-1.000000	-1.000000
793	-0.992188	-0.996094
794	-0.996094	-0.998047
795	-0.996094	-0.998047
796	-1.000000	-1.000000
797	-0.996094	-0.998047
798	-0.996094	-0.998047
799	-1.000000	-1.000000
800	-0.982422	-0.990234
801	-0.996094	-0.998047
802	-0.992188	-0.996094
803	-0.996094	-0.998047
804	-0.988281	-0.994141
805	-0.996094	-0.998047
806	-0.992188	-0.996094
807	-1.000000	-1.000000
808	-1.000000	-1.000000
809	-0.996094	-0.998047
810	-0.996094	-0.998047
811	-0.994141	-0.996094
812	-0.994141	-0.996094
813	-0.994141	-0.996094
814	-0.996094	-0.998047
815	-1.000000	-1.000000
816	-1.000000	-1.000000
817	-0.988281	-0.994141
818	-0.996094	-0.998047
819	-1.000000	-1.000000
820	-1.000000	-1.000000
821	-0.996094	-0.998047
822	-1.000000	-1.000000
823	-0.996094	-0.998047
824	-0.992188	-0.996094
825	-0.996094	-0.998047
826	-0.996094	-0.998047
827	-0.996094	-0.998047
828	-1.000000	-1.000000
829	-1.000000	-1.000000
830	-1.000000	-1.000000
831	-0.996094	-0.998047
832	-1.000000	-1.000000
833	-0.996094	-0.998047
834	-0.996094	-0.998047
835	-0.996094	-0.998047
836	-1.000000	-1.000000
837	-1.000000	-1.000000
838	-0.996094	-0.998047
839	-0.994141	-0.996094
840	-0.996094	-0.998047
841	-0.996094	-0.998047
842	-1.000000	-1.000000
843	-1.000000	-1.000000
844	-0.996094	-0.998047
845	-0.996094	-0.998047
846	-0.992188	-0.996094
847	-1.000000	-1.000000
848	-0.996094	-0.998047
849	-0.996094	-0.998047
850	-0.992188	-0.996094
851	-1.000000	-1.000000
852	-0.996094	-0.998047
853	-0.992188	-0.996094
854	-1.000000	-1.000000
855	-0.996094	-0.998047
856	-1.000000	-1.000000
857	-1.000000	-1.000000
858	-0.996094	-0.998047
859	-0.996094	-0.998047
860	-1.000000	-1.000000
861	-1.000000	-1.000000
862	-0.992188	-0.996094
863	-1.000000	-1.000000
864	-1.000000	-1.000000
865	-0.988281	-0.994141
866	-0.996094	-0.998047
867	-1.000000	-1.000000
868	-0.996094	-0.998047
869	-1.000000	-1.000000
870	-0.996094	-0.998047
871	-0.996094	-0.998047
872	-1.000000	-1.000000
873	-0.996094	-0.998047
874	-1.000000	-1.000000
875	-0.992188	-0.996094
876	-0.996094	-0.998047
877	-0.996094	-0.998047
878	-0.988281	-0.994141
879	-0.996094	-0.998047
880	-1.000000	-1.000000
881	-1.000000	-1.000000
882	-0.992188	-0.996094
883	-1.000000	-1.000000
884	-0.996094	-0.998047
885	-1.000000	-1.000000
886	-0.994141	-0.996094
887	-0.996094	-0.998047
888	-0.988281	-0.994141
889	-0.988281	-0.994141
890	-1.000000	-1.000000
891	-0.992188	-0.996094
892	-0.996094	-0.998047
893	-1.000000	-1.000000
894	-0.992188	-0.996094
895	-0.996094	-0.998047
896	-1.000000	-1.000000
897	-1.000000	-1.000000
898	-0.996094	-0.998047
899	-0.992188	-0.996094
900	-0.996094	-0.998047
901	-0.996094	-0.998047
902	-1.000000	-1.000000
903	-0.996094	-0.998047
904	-0.996094	-0.998047
905	-0.988281	-0.994141
906	-1.000000	-1.000000
907	-1.000000	-1.000000
908	-0.996094	-0.998047
909	-0.996094	-0.998047
910	-1.000000	-1.000000
911	-0.988281	-0.994141
912	-0.992188	-0.996094
913	-0.996094	-0.998047
914	-0.992188	-0.992188
915	-1.000000	-1.000000
916	-1.000000	-1.000000
917	-0.996094	-0.998047
918	-1.000000	-1.000000
919	-0.994141	-0.996094
920	-1.000000	-1.000000
921	-0.994141	-0.996094
922	-0.996094	-0.998047
923	-0.988281	-0.994141
924	-1.000000	-1.000000
925	-0.996094	-0.998047
926	-0.996094	-0.998047
927	-0.992188	-0.996094
928	-0.996094	-0.998047
929	-1.000000	-1.000000
930	-1.000000	-1.000000
931	-0.996094	-0.998047
932	-0.996094	-0.998047
933	-0.996094	-0.998047
934	-1.000000	-1.000000
935	-1.000000	-1.000000
936	-0.996094	-0.998047
937	-1.000000	-1.000000
938	-1.000000	-1.000000
939	-0.996094	-0.998047
940	-0.984375	-0.992188
941	-0.996094	-0.998047
942	-0.996094	-0.998047
943	-1.000000	-1.000000
944	-0.996094	-0.998047
945	-1.000000	-1.000000
946	-0.990234	-0.994141
947	-0.994141	-0.996094
948	-0.992188	-0.996094
949	-0.992188	-0.996094
950	-0.996094	-0.998047
951	-1.000000	-1.000000
952	-0.994141	-0.996094
953	-1.000000	-1.000000
954	-0.996094	-0.998047
955	-0.996094	-0.998047
956	-0.992188	-0.996094
957	-0.994141	-0.996094
958	-0.996094	-0.998047
959	-1.000000	-1.000000
960	-0.996094	-0.998047
961	-0.992188	-0.996094
962	-0.992188	-0.996094
963	-0.988281	-0.994141
964	-0.992188	-0.996094
965	-0.996094	-0.998047
966	-1.000000	-1.000000
967	-0.996094	-0.998047
968	-0.996094	-0.998047
969	-0.996094	-0.998047
970	-0.992188	-0.996094
971	-0.992188	-0.996094
972	-1.000000	-1.000000
973	-0.992188	-0.996094
974	-0.996094	-0.998047
975	-0.996094	-0.998047
976	-0.992188	-0.996094
977	-1.000000	-1.000000
978	-0.992188	-0.996094
979	-1.000000	-1.000000
980	-0.996094	-0.998047
981	-0.994141	-0.996094
982	-0.996094	-0.998047
983	-0.988281	-0.994141
984	-0.992188	-0.996094
985	-1.000000	-1.000000
986	-1.000000	-1.000000
987	-0.992188	-0.996094
988	-0.992188	-0.996094
989	-0.992188	-0.996094
990	-1.000000	-1.000000
991	-0.992188	-0.996094
992	-0.996094	-0.998047
993	-0.996094	-0.998047
994	-0.992188	-0.996094
995	-1.000000	-1.000000
996	-0.996094	-0.998047
997	-1.000000	-1.000000
998	-0.992188	-0.996094
999	-0.996094	-0.998047
