0	-0.179688	-0.046875
1	-0.169922	-0.001953
2	-0.212891	0.041016
3	-0.214844	-0.068359
4	-0.179688	0.019531
5	-0.218750	0.060547
6	-0.210938	0.015625
7	-0.203125	0.083984
8	-0.216797	-0.019531
9	-0.250000	0.085938
10	-0.167969	0.082031
11	-0.191406	-0.011719
12	-0.246094	-0.033203
13	-0.224609	0.031250
14	-0.220703	-0.048828
15	-0.222656	-0.001953
16	-0.238281	-0.035156
17	-0.158203	-0.054688
18	-0.226563	0.021484
19	-0.197266	0.023438
20	-0.250000	0.021484
21	-0.173828	0.060547
22	-0.183594	-0.068359
23	-0.240234	0.001953
24	-0.177734	-0.015625
25	-0.214844	0.015625
26	-0.228516	-0.041016
27	-0.214844	0.089844
28	-0.246094	0.029297
29	-0.185547	0.046875
30	-0.212891	-0.011719
31	-0.152344	0.027344
32	-0.208984	0.019531
33	-0.154297	-0.066406
34	-0.207031	0.007813
35	-0.220703	-0.017578
36	-0.203125	0.111328
37	-0.207031	0.029297
38	-0.199219	0.031250
39	-0.218750	0.007813
40	-0.193359	-0.097656
41	-0.195313	0.080078
42	-0.251953	-0.035156
43	-0.183594	0.005859
44	-0.187500	0.023438
45	-0.201172	0.000000
46	-0.228516	-0.058594
47	-0.214844	0.056641
48	-0.224609	-0.033203
49	-0.199219	-0.029297
50	-0.183594	0.019531
51	-0.240234	-0.062500
52	-0.189453	0.025391
53	-0.253906	-0.033203
54	-0.251953	-0.050781
55	-0.224609	-0.048828
56	-0.201172	-0.009766
57	-0.222656	0.074219
58	-0.179688	-0.025391
59	-0.244141	0.017578
60	-0.173828	-0.101563
61	-0.201172	-0.011719
62	-0.195313	0.041016
63	-0.210938	0.025391
64	-0.216797	-0.007813
65	-0.199219	-0.001953
66	-0.189453	-0.070313
67	-0.177734	-0.070313
68	-0.201172	-0.027344
69	-0.193359	0.001953
70	-0.207031	-0.001953
71	-0.181641	-0.035156
72	-0.197266	-0.013672
73	-0.210938	0.037109
74	-0.242188	-0.113281
75	-0.173828	0.037109
76	-0.220703	-0.054688
77	-0.183594	0.037109
78	-0.240234	-0.101563
79	-0.216797	-0.048828
80	-0.173828	-0.011719
81	-0.210938	-0.042969
82	-0.216797	-0.068359
83	-0.216797	0.031250
84	-0.187500	0.021484
85	-0.167969	0.003906
86	-0.212891	-0.015625
87	-0.224609	-0.097656
88	-0.201172	0.007813
89	-0.203125	0.113281
90	-0.187500	-0.042969
91	-0.208984	-0.021484
92	-0.166016	0.039063
93	-0.236328	0.097656
94	-0.203125	-0.037109
95	-0.222656	0.058594
96	-0.210938	0.021484
97	-0.224609	-0.048828
98	-0.201172	-0.033203
99	-0.232422	-0.074219
100	-0.187500	0.015625
101	-0.220703	0.000000
102	-0.218750	-0.050781
103	-0.193359	0.019531
104	-0.208984	0.011719
105	-0.189453	-0.060547
106	-0.189453	-0.021484
107	-0.173828	-0.031250
108	-0.181641	-0.025391
109	-0.205078	0.025391
110	-0.244141	0.007813
111	-0.195313	-0.021484
112	-0.171875	-0.072266
113	-0.279297	0.041016
114	-0.199219	0.044922
115	-0.214844	0.078125
116	-0.218750	-0.021484
117	-0.187500	-0.048828
118	-0.205078	-0.031250
119	-0.185547	0.001953
120	-0.195313	0.005859
121	-0.210938	-0.007813
122	-0.203125	0.001953
123	-0.173828	0.007813
124	-0.226563	-0.058594
125	-0.212891	-0.011719
126	-0.205078	0.003906
127	-0.191406	-0.021484
128	-0.195313	-0.001953
129	-0.195313	-0.015625
130	-0.210938	-0.039063
131	-0.179688	-0.019531
132	-0.218750	0.039063
133	-0.224609	0.117188
134	-0.222656	-0.134766
135	-0.181641	-0.017578
136	-0.189453	0.001953
137	-0.250000	0.072266
138	-0.201172	0.029297
139	-0.271484	0.050781
140	-0.183594	0.005859
141	-0.224609	0.093750
142	-0.218750	-0.044922
143	-0.216797	-0.003906
144	-0.250000	-0.056641
145	-0.189453	-0.009766
146	-0.205078	0.066406
147	-0.189453	-0.060547
148	-0.179688	-0.031250
149	-0.238281	-0.017578
150	-0.189453	0.023438
151	-0.193359	-0.048828
152	-0.205078	-0.087891
153	-0.171875	-0.011719
154	-0.214844	0.003906
155	-0.207031	0.017578
156	-0.230469	-0.078125
157	-0.238281	-0.058594
158	-0.193359	0.070313
159	-0.224609	0.033203
160	-0.187500	-0.011719
161	-0.226563	-0.035156
162	-0.218750	-0.060547
163	-0.218750	-0.019531
164	-0.214844	0.054688
165	-0.207031	0.064453
166	-0.214844	-0.007813
167	-0.203125	-0.054688
168	-0.197266	0.107422
169	-0.203125	0.148438
170	-0.253906	0.060547
171	-0.199219	0.080078
172	-0.212891	0.033203
173	-0.214844	0.013672
174	-0.193359	-0.007813
175	-0.218750	-0.089844
176	-0.214844	-0.070313
177	-0.166016	0.027344
178	-0.218750	0.054688
179	-0.183594	0.042969
180	-0.226563	-0.021484
181	-0.250000	-0.003906
182	-0.185547	-0.027344
183	-0.197266	-0.005859
184	-0.201172	0.001953
185	-0.224609	0.027344
186	-0.197266	-0.044922
187	-0.187500	-0.003906
188	-0.187500	-0.056641
189	-0.218750	-0.013672
190	-0.169922	-0.085938
191	-0.169922	0.048828
192	-0.201172	0.000000
193	-0.183594	0.015625
194	-0.236328	0.039063
195	-0.195313	0.019531
196	-0.185547	-0.023438
197	-0.199219	-0.027344
198	-0.224609	0.064453
199	-0.208984	0.048828
200	-0.210938	0.007813
201	-0.224609	-0.011719
202	-0.212891	0.060547
203	-0.189453	0.042969
204	-0.191406	-0.064453
205	-0.195313	0.005859
206	-0.177734	0.021484
207	-0.228516	0.023438
208	-0.232422	-0.005859
209	-0.207031	-0.064453
210	-0.257813	-0.095703
211	-0.177734	-0.039063
212	-0.218750	-0.009766
213	-0.230469	-0.085938
214	-0.275391	0.111328
215	-0.242188	0.037109
216	-0.210938	-0.064453
217	-0.183594	-0.068359
218	-0.205078	0.000000
219	-0.199219	0.000000
220	-0.203125	-0.015625
221	-0.228516	0.046875
222	-0.220703	-0.023438
223	-0.207031	0.082031
224	-0.197266	-0.013672
225	-0.232422	0.013672
226	-0.234375	0.042969
227	-0.201172	-0.009766
228	-0.166016	-0.095703
229	-0.189453	-0.041016
230	-0.197266	-0.060547
231	-0.181641	-0.009766
232	-0.218750	0.033203
233	-0.199219	-0.111328
234	-0.222656	-0.029297
235	-0.210938	-0.007813
236	-0.197266	0.039063
237	-0.216797	-0.066406
238	-0.283203	0.019531
239	-0.240234	0.031250
240	-0.164063	0.037109
241	-0.232422	0.083984
242	-0.175781	-0.085938
243	-0.173828	-0.007813
244	-0.216797	-0.117188
245	-0.244141	0.042969
246	-0.214844	-0.083984
247	-0.238281	-0.064453
248	-0.189453	0.083984
249	-0.220703	-0.005859
250	-0.253906	-0.005859
251	-0.234375	-0.025391
252	-0.234375	0.082031
253	-0.205078	-0.021484
254	-0.246094	-0.048828
255	-0.201172	-0.011719
256	-0.210938	-0.029297
257	-0.228516	0.074219
258	-0.228516	-0.017578
259	-0.173828	-0.011719
260	-0.197266	-0.019531
261	-0.203125	-0.109375
262	-0.251953	-0.050781
263	-0.208984	0.041016
264	-0.189453	0.025391
265	-0.250000	0.070313
266	-0.162109	-0.037109
267	-0.267578	-0.015625
268	-0.220703	0.064453
269	-0.228516	0.039063
270	-0.171875	0.085938
271	-0.218750	-0.011719
272	-0.210938	-0.066406
273	-0.187500	-0.074219
274	-0.214844	0.017578
275	-0.185547	0.005859
276	-0.224609	-0.041016
277	-0.179688	0.027344
278	-0.232422	-0.125000
279	-0.181641	-0.037109
280	-0.181641	0.001953
281	-0.195313	-0.050781
282	-0.212891	-0.025391
283	-0.210938	-0.039063
284	-0.197266	0.005859
285	-0.224609	0.011719
286	-0.210938	-0.066406
287	-0.236328	-0.003906
288	-0.226563	0.066406
289	-0.253906	0.009766
290	-0.269531	-0.037109
291	-0.207031	-0.042969
292	-0.191406	-0.054688
293	-0.201172	-0.031250
294	-0.201172	-0.064453
295	-0.222656	-0.054688
296	-0.224609	-0.089844
297	-0.210938	0.019531
298	-0.173828	0.007813
299	-0.216797	0.052734
300	-0.162109	-0.015625
301	-0.179688	-0.046875
302	-0.189453	0.109375
303	-0.193359	-0.050781
304	-0.179688	-0.056641
305	-0.216797	0.005859
306	-0.230469	-0.068359
307	-0.242188	0.025391
308	-0.222656	-0.041016
309	-0.220703	0.005859
310	-0.212891	-0.021484
311	-0.216797	0.056641
312	-0.173828	0.017578
313	-0.201172	-0.042969
314	-0.171875	-0.078125
315	-0.195313	-0.001953
316	-0.171875	0.082031
317	-0.193359	-0.068359
318	-0.189453	-0.105469
319	-0.212891	-0.021484
320	-0.205078	-0.033203
321	-0.199219	0.011719
322	-0.181641	-0.021484
323	-0.187500	0.054688
324	-0.214844	0.031250
325	-0.207031	0.000000
326	-0.189453	0.007813
327	-0.193359	0.041016
328	-0.214844	-0.027344
329	-0.191406	-0.054688
330	-0.236328	-0.066406
331	-0.203125	0.037109
332	-0.179688	-0.064453
333	-0.169922	-0.074219
334	-0.177734	-0.011719
335	-0.216797	-0.009766
336	-0.203125	-0.050781
337	-0.220703	-0.080078
338	-0.218750	-0.119141
339	-0.232422	0.078125
340	-0.203125	0.066406
341	-0.248047	0.113281
342	-0.193359	0.000000
343	-0.210938	0.017578
344	-0.208984	0.054688
345	-0.240234	0.083984
346	-0.189453	0.019531
347	-0.205078	-0.076172
348	-0.183594	-0.033203
349	-0.193359	0.039063
350	-0.160156	-0.066406
351	-0.226563	0.019531
352	-0.167969	0.023438
353	-0.253906	0.056641
354	-0.154297	-0.058594
355	-0.148438	0.037109
356	-0.179688	0.011719
357	-0.259766	-0.060547
358	-0.191406	0.013672
359	-0.214844	-0.044922
360	-0.232422	-0.027344
361	-0.201172	0.021484
362	-0.179688	0.044922
363	-0.185547	0.000000
364	-0.197266	-0.033203
365	-0.224609	0.039063
366	-0.201172	0.080078
367	-0.185547	0.095703
368	-0.183594	-0.007813
369	-0.224609	-0.019531
370	-0.179688	0.078125
371	-0.214844	-0.105469
372	-0.220703	0.015625
373	-0.162109	-0.027344
374	-0.185547	0.052734
375	-0.218750	-0.011719
376	-0.224609	-0.039063
377	-0.193359	-0.023438
378	-0.205078	0.060547
379	-0.228516	0.062500
380	-0.212891	0.046875
381	-0.195313	0.083984
382	-0.183594	0.001953
383	-0.177734	0.044922
384	-0.222656	0.019531
385	-0.197266	-0.041016
386	-0.181641	-0.025391
387	-0.181641	-0.027344
388	-0.208984	-0.132813
389	-0.189453	0.031250
390	-0.216797	0.048828
391	-0.205078	-0.042969
392	-0.220703	-0.052734
393	-0.220703	-0.052734
394	-0.218750	0.042969
395	-0.203125	-0.087891
396	-0.228516	0.000000
397	-0.189453	-0.011719
398	-0.207031	-0.042969
399	-0.232422	-0.062500
400	-0.195313	-0.003906
401	-0.201172	0.060547
402	-0.214844	-0.093750
403	-0.251953	-0.082031
404	-0.253906	-0.021484
405	-0.244141	0.103516
406	-0.179688	0.027344
407	-0.226563	-0.037109
408	-0.197266	-0.015625
409	-0.195313	-0.019531
410	-0.199219	0.078125
411	-0.193359	-0.044922
412	-0.199219	-0.052734
413	-0.218750	-0.027344
414	-0.220703	-0.007813
415	-0.197266	-0.023438
416	-0.230469	0.037109
417	-0.230469	-0.027344
418	-0.236328	-0.023438
419	-0.224609	-0.048828
420	-0.218750	0.015625
421	-0.205078	0.042969
422	-0.238281	0.058594
423	-0.169922	-0.072266
424	-0.207031	-0.052734
425	-0.218750	-0.062500
426	-0.197266	-0.005859
427	-0.253906	0.093750
428	-0.236328	0.001953
429	-0.216797	0.015625
430	-0.203125	-0.035156
431	-0.197266	-0.060547
432	-0.214844	-0.115234
433	-0.195313	-0.134766
434	-0.187500	0.013672
435	-0.191406	0.068359
436	-0.214844	0.039063
437	-0.199219	0.009766
438	-0.185547	0.015625
439	-0.197266	-0.029297
440	-0.228516	0.033203
441	-0.179688	0.039063
442	-0.230469	0.005859
443	-0.199219	-0.039063
444	-0.218750	-0.082031
445	-0.271484	0.138672
446	-0.179688	0.048828
447	-0.199219	0.031250
448	-0.234375	0.011719
449	-0.234375	-0.062500
450	-0.175781	-0.058594
451	-0.197266	0.076172
452	-0.193359	0.097656
453	-0.199219	0.089844
454	-0.166016	0.029297
455	-0.205078	0.080078
456	-0.189453	0.037109
457	-0.242188	0.126953
458	-0.226563	0.056641
459	-0.152344	0.054688
460	-0.166016	0.046875
461	-0.187500	-0.037109
462	-0.208984	0.035156
463	-0.183594	0.001953
464	-0.181641	-0.042969
465	-0.179688	0.085938
466	-0.203125	-0.013672
467	-0.222656	0.029297
468	-0.205078	0.001953
469	-0.240234	0.025391
470	-0.191406	-0.132813
471	-0.236328	-0.119141
472	-0.177734	-0.056641
473	-0.210938	-0.033203
474	-0.216797	0.027344
475	-0.220703	0.041016
476	-0.238281	0.031250
477	-0.166016	0.041016
478	-0.228516	-0.015625
479	-0.160156	0.050781
480	-0.195313	0.011719
481	-0.232422	0.025391
482	-0.218750	-0.011719
483	-0.195313	-0.056641
484	-0.208984	0.056641
485	-0.218750	0.001953
486	-0.214844	0.044922
487	-0.167969	-0.039063
488	-0.191406	0.037109
489	-0.191406	0.068359
490	-0.193359	-0.003906
491	-0.146484	0.056641
492	-0.226563	0.058594
493	-0.205078	0.007813
494	-0.250000	0.042969
495	-0.224609	-0.078125
496	-0.246094	0.013672
497	-0.226563	0.017578
498	-0.253906	0.121094
499	-0.160156	-0.058594
500	-0.187500	-0.001953
501	-0.226563	-0.033203
502	-0.197266	0.037109
503	-0.191406	-0.070313
504	-0.226563	0.025391
505	-0.191406	-0.130859
506	-0.193359	0.078125
507	-0.222656	0.056641
508	-0.212891	-0.042969
509	-0.195313	0.015625
510	-0.250000	-0.001953
511	-0.203125	-0.003906
512	-0.232422	-0.007813
513	-0.199219	0.042969
514	-0.218750	0.005859
515	-0.195313	-0.056641
516	-0.187500	0.007813
517	-0.214844	-0.044922
518	-0.179688	-0.037109
519	-0.224609	0.050781
520	-0.226563	-0.048828
521	-0.175781	-0.089844
522	-0.195313	0.033203
523	-0.189453	-0.044922
524	-0.208984	0.031250
525	-0.226563	0.003906
526	-0.205078	-0.023438
527	-0.162109	-0.093750
528	-0.230469	-0.007813
529	-0.230469	0.076172
530	-0.218750	0.089844
531	-0.218750	-0.009766
532	-0.240234	-0.007813
533	-0.212891	-0.046875
534	-0.207031	-0.029297
535	-0.179688	0.062500
536	-0.181641	-0.015625
537	-0.179688	-0.011719
538	-0.187500	-0.042969
539	-0.183594	0.027344
540	-0.185547	0.039063
541	-0.179688	-0.064453
542	-0.181641	0.041016
543	-0.207031	-0.003906
544	-0.197266	0.074219
545	-0.212891	-0.005859
546	-0.177734	0.080078
547	-0.203125	0.025391
548	-0.205078	0.046875
549	-0.242188	0.175781
550	-0.199219	-0.015625
551	-0.195313	0.015625
552	-0.248047	-0.089844
553	-0.181641	0.031250
554	-0.214844	0.003906
555	-0.205078	-0.001953
556	-0.216797	0.103516
557	-0.193359	0.007813
558	-0.210938	-0.050781
559	-0.203125	-0.064453
560	-0.185547	-0.041016
561	-0.164063	0.078125
562	-0.208984	0.003906
563	-0.181641	-0.023438
564	-0.205078	-0.064453
565	-0.228516	-0.068359
566	-0.287109	0.013672
567	-0.212891	-0.027344
568	-0.251953	-0.082031
569	-0.191406	0.044922
570	-0.185547	0.082031
571	-0.208984	-0.078125
572	-0.195313	-0.082031
573	-0.177734	-0.025391
574	-0.177734	-0.013672
575	-0.187500	-0.050781
576	-0.248047	0.070313
577	-0.250000	0.037109
578	-0.173828	0.046875
579	-0.205078	0.064453
580	-0.207031	0.042969
581	-0.156250	-0.027344
582	-0.234375	-0.033203
583	-0.259766	0.066406
584	-0.197266	-0.048828
585	-0.222656	-0.009766
586	-0.197266	0.023438
587	-0.173828	-0.054688
588	-0.220703	0.039063
589	-0.160156	-0.007813
590	-0.212891	-0.072266
591	-0.158203	0.039063
592	-0.232422	0.054688
593	-0.212891	0.021484
594	-0.193359	0.019531
595	-0.138672	-0.025391
596	-0.199219	-0.023438
597	-0.222656	-0.052734
598	-0.199219	-0.062500
599	-0.199219	0.052734
600	-0.214844	-0.044922
601	-0.238281	0.080078
602	-0.242188	-0.074219
603	-0.203125	0.050781
604	-0.166016	0.091797
605	-0.246094	-0.013672
606	-0.191406	-0.078125
607	-0.242188	0.037109
608	-0.226563	-0.117188
609	-0.214844	0.011719
610	-0.189453	-0.015625
611	-0.228516	-0.115234
612	-0.210938	-0.025391
613	-0.181641	-0.068359
614	-0.216797	0.080078
615	-0.214844	0.107422
616	-0.208984	-0.009766
617	-0.173828	0.029297
618	-0.238281	-0.011719
619	-0.195313	0.003906
620	-0.224609	-0.003906
621	-0.222656	-0.013672
622	-0.236328	-0.078125
623	-0.207031	-0.005859
624	-0.207031	0.003906
625	-0.201172	-0.039063
626	-0.208984	0.050781
627	-0.250000	-0.097656
628	-0.257813	0.027344
629	-0.164063	0.003906
630	-0.201172	0.126953
631	-0.240234	-0.060547
632	-0.234375	-0.001953
633	-0.193359	0.001953
634	-0.201172	0.027344
635	-0.197266	-0.054688
636	-0.207031	0.019531
637	-0.191406	-0.064453
638	-0.185547	0.054688
639	-0.191406	-0.003906
640	-0.214844	-0.089844
641	-0.214844	-0.068359
642	-0.210938	-0.119141
643	-0.191406	-0.042969
644	-0.210938	-0.007813
645	-0.197266	0.003906
646	-0.242188	-0.013672
647	-0.201172	-0.064453
648	-0.162109	-0.035156
649	-0.220703	0.089844
650	-0.218750	-0.048828
651	-0.203125	-0.013672
652	-0.251953	0.011719
653	-0.166016	-0.095703
654	-0.205078	-0.035156
655	-0.181641	-0.101563
656	-0.183594	-0.044922
657	-0.253906	0.056641
658	-0.224609	0.060547
659	-0.253906	-0.052734
660	-0.193359	-0.035156
661	-0.210938	0.021484
662	-0.207031	0.066406
663	-0.218750	-0.048828
664	-0.257813	-0.037109
665	-0.199219	-0.021484
666	-0.214844	0.066406
667	-0.166016	-0.015625
668	-0.205078	0.035156
669	-0.212891	0.013672
670	-0.208984	0.035156
671	-0.212891	-0.033203
672	-0.210938	-0.031250
673	-0.218750	0.041016
674	-0.216797	0.054688
675	-0.207031	-0.041016
676	-0.234375	0.017578
677	-0.228516	-0.037109
678	-0.257813	0.009766
679	-0.179688	-0.007813
680	-0.226563	0.105469
681	-0.179688	0.062500
682	-0.224609	0.126953
683	-0.212891	-0.054688
684	-0.230469	0.037109
685	-0.210938	-0.023438
686	-0.185547	-0.070313
687	-0.220703	0.033203
688	-0.224609	-0.017578
689	-0.224609	-0.046875
690	-0.210938	0.025391
691	-0.226563	0.087891
692	-0.216797	0.082031
693	-0.207031	0.011719
694	-0.201172	0.044922
695	-0.187500	0.017578
696	-0.201172	0.054688
697	-0.218750	-0.033203
698	-0.193359	0.033203
699	-0.222656	0.003906
700	-0.244141	-0.011719
701	-0.205078	0.000000
702	-0.201172	-0.035156
703	-0.203125	-0.037109
704	-0.232422	0.029297
705	-0.189453	-0.027344
706	-0.208984	0.050781
707	-0.224609	0.017578
708	-0.242188	-0.003906
709	-0.275391	-0.166016
710	-0.218750	-0.015625
711	-0.226563	0.091797
712	-0.222656	0.064453
713	-0.244141	0.048828
714	-0.230469	-0.009766
715	-0.199219	0.070313
716	-0.210938	-0.046875
717	-0.199219	-0.037109
718	-0.199219	0.039063
719	-0.179688	-0.025391
720	-0.197266	0.029297
721	-0.216797	-0.003906
722	-0.181641	-0.019531
723	-0.220703	0.111328
724	-0.187500	0.091797
725	-0.224609	-0.056641
726	-0.181641	-0.083984
727	-0.205078	-0.052734
728	-0.171875	-0.033203
729	-0.187500	0.074219
730	-0.230469	0.066406
731	-0.205078	0.052734
732	-0.203125	0.064453
733	-0.207031	0.054688
734	-0.230469	-0.001953
735	-0.185547	-0.031250
736	-0.246094	0.019531
737	-0.232422	-0.066406
738	-0.201172	0.005859
739	-0.257813	0.076172
740	-0.207031	-0.078125
741	-0.210938	0.041016
742	-0.210938	-0.048828
743	-0.210938	0.035156
744	-0.210938	-0.058594
745	-0.167969	-0.072266
746	-0.185547	0.066406
747	-0.156250	0.009766
748	-0.224609	-0.048828
749	-0.279297	-0.091797
750	-0.224609	-0.056641
751	-0.205078	-0.083984
752	-0.201172	-0.031250
753	-0.177734	0.052734
754	-0.218750	-0.007813
755	-0.146484	0.044922
756	-0.177734	-0.044922
757	-0.195313	0.066406
758	-0.236328	0.113281
759	-0.214844	-0.113281
760	-0.218750	-0.056641
761	-0.197266	0.009766
762	-0.195313	0.019531
763	-0.175781	0.037109
764	-0.197266	-0.042969
765	-0.208984	-0.052734
766	-0.232422	0.011719
767	-0.220703	0.068359
768	-0.197266	0.058594
769	-0.201172	0.011719
770	-0.189453	-0.070313
771	-0.216797	0.011719
772	-0.216797	-0.013672
773	-0.199219	0.070313
774	-0.251953	-0.076172
775	-0.228516	-0.048828
776	-0.226563	0.078125
777	-0.208984	-0.039063
778	-0.179688	-0.007813
779	-0.208984	-0.070313
780	-0.179688	0.011719
781	-0.212891	0.011719
782	-0.154297	-0.033203
783	-0.201172	0.041016
784	-0.238281	0.171875
785	-0.173828	-0.087891
786	-0.226563	-0.107422
787	-0.214844	-0.033203
788	-0.210938	0.041016
789	-0.216797	0.037109
790	-0.181641	0.000000
791	-0.195313	0.023438
792	-0.248047	0.007813
793	-0.166016	-0.048828
794	-0.181641	0.066406
795	-0.175781	0.037109
796	-0.218750	-0.058594
797	-0.207031	0.009766
798	-0.242188	0.064453
799	-0.214844	0.050781
800	-0.214844	0.068359
801	-0.191406	-0.064453
802	-0.191406	-0.042969
803	-0.179688	-0.031250
804	-0.203125	-0.068359
805	-0.226563	0.017578
806	-0.218750	-0.035156
807	-0.226563	-0.001953
808	-0.240234	-0.039063
809	-0.210938	-0.095703
810	-0.201172	-0.052734
811	-0.199219	0.046875
812	-0.212891	-0.058594
813	-0.250000	-0.015625
814	-0.232422	-0.001953
815	-0.193359	-0.082031
816	-0.197266	0.017578
817	-0.208984	0.015625
818	-0.177734	-0.076172
819	-0.191406	-0.044922
820	-0.210938	-0.001953
821	-0.197266	-0.042969
822	-0.236328	0.046875
823	-0.218750	0.109375
824	-0.201172	0.015625
825	-0.179688	0.007813
826	-0.195313	0.064453
827	-0.179688	0.019531
828	-0.234375	0.021484
829	-0.146484	0.015625
830	-0.214844	0.023438
831	-0.222656	0.035156
832	-0.207031	-0.064453
833	-0.201172	0.000000
834	-0.154297	-0.001953
835	-0.175781	0.019531
836	-0.214844	0.011719
837	-0.216797	-0.009766
838	-0.173828	-0.048828
839	-0.179688	-0.003906
840	-0.166016	-0.013672
841	-0.201172	0.052734
842	-0.203125	0.029297
843	-0.166016	0.039063
844	-0.197266	0.027344
845	-0.177734	-0.001953
846	-0.191406	0.027344
847	-0.175781	-0.025391
848	-0.195313	0.054688
849	-0.160156	0.078125
850	-0.195313	-0.056641
851	-0.189453	0.017578
852	-0.183594	-0.046875
853	-0.167969	-0.037109
854	-0.181641	0.023438
855	-0.189453	-0.105469
856	-0.232422	0.021484
857	-0.250000	-0.031250
858	-0.207031	0.042969
859	-0.210938	0.009766
860	-0.222656	0.017578
861	-0.189453	-0.048828
862	-0.191406	0.000000
863	-0.185547	-0.042969
864	-0.197266	-0.082031
865	-0.205078	0.066406
866	-0.218750	-0.035156
867	-0.193359	-0.021484
868	-0.208984	0.044922
869	-0.230469	0.037109
870	-0.224609	0.023438
871	-0.195313	0.029297
872	-0.185547	-0.035156
873	-0.164063	0.042969
874	-0.199219	0.083984
875	-0.203125	0.000000
876	-0.208984	0.007813
877	-0.214844	-0.078125
878	-0.240234	0.046875
879	-0.166016	-0.001953
880	-0.197266	0.054688
881	-0.193359	-0.035156
882	-0.208984	0.017578
883	-0.265625	-0.058594
884	-0.201172	-0.101563
885	-0.173828	0.015625
886	-0.187500	0.031250
887	-0.167969	-0.001953
888	-0.199219	-0.003906
889	-0.195313	-0.048828
890	-0.216797	0.048828
891	-0.166016	0.019531
892	-0.175781	-0.003906
893	-0.195313	-0.058594
894	-0.191406	0.001953
895	-0.197266	0.107422
896	-0.228516	-0.066406
897	-0.232422	-0.046875
898	-0.177734	-0.003906
899	-0.183594	0.027344
900	-0.152344	0.015625
901	-0.228516	0.017578
902	-0.169922	0.027344
903	-0.205078	0.019531
904	-0.195313	0.064453
905	-0.216797	-0.058594
906	-0.222656	-0.027344
907	-0.185547	0.066406
908	-0.166016	0.056641
909	-0.171875	0.019531
910	-0.214844	-0.041016
911	-0.205078	-0.052734
912	-0.240234	-0.005859
913	-0.226563	-0.017578
914	-0.242188	-0.068359
915	-0.214844	0.033203
916	-0.205078	-0.058594
917	-0.210938	-0.025391
918	-0.220703	-0.052734
919	-0.230469	-0.041016
920	-0.214844	0.009766
921	-0.244141	0.082031
922	-0.193359	-0.003906
923	-0.169922	0.048828
924	-0.250000	0.027344
925	-0.230469	0.007813
926	-0.181641	0.007813
927	-0.199219	-0.025391
928	-0.179688	-0.009766
929	-0.230469	-0.052734
930	-0.185547	0.066406
931	-0.226563	0.050781
932	-0.152344	0.015625
933	-0.222656	-0.154297
934	-0.214844	-0.041016
935	-0.171875	-0.039063
936	-0.197266	0.013672
937	-0.203125	0.001953
938	-0.177734	-0.039063
939	-0.197266	-0.025391
940	-0.228516	-0.001953
941	-0.224609	-0.070313
942	-0.218750	-0.033203
943	-0.238281	0.076172
944	-0.199219	-0.025391
945	-0.171875	0.017578
946	-0.214844	0.011719
947	-0.189453	0.007813
948	-0.197266	0.005859
949	-0.207031	0.042969
950	-0.208984	0.000000
951	-0.193359	0.021484
952	-0.201172	0.019531
953	-0.199219	-0.013672
954	-0.230469	0.060547
955	-0.189453	0.011719
956	-0.193359	-0.056641
957	-0.175781	-0.044922
958	-0.216797	-0.123047
959	-0.214844	0.048828
960	-0.216797	0.029297
961	-0.253906	0.054688
962	-0.253906	0.027344
963	-0.201172	-0.072266
964	-0.189453	-0.035156
965	-0.166016	0.017578
966	-0.169922	0.009766
967	-0.189453	0.000000
968	-0.207031	0.078125
969	-0.195313	-0.001953
970	-0.248047	-0.027344
971	-0.166016	-0.021484
972	-0.191406	0.009766
973	-0.228516	-0.042969
974	-0.162109	0.037109
975	-0.199219	-0.027344
976	-0.226563	0.023438
977	-0.195313	0.041016
978	-0.234375	0.037109
979	-0.199219	0.009766
980	-0.208984	0.031250
981	-0.228516	-0.009766
982	-0.210938	-0.099609
983	-0.203125	0.017578
984	-0.193359	0.033203
985	-0.214844	0.019531
986	-0.218750	0.074219
987	-0.183594	0.062500
988	-0.173828	0.000000
989	-0.248047	0.042969
990	-0.166016	0.011719
991	-0.199219	-0.009766
992	-0.230469	0.035156
993	-0.187500	0.083984
994	-0.177734	0.001953
995	-0.208984	-0.041016
996	-0.226563	0.087891
997	-0.201172	-0.025391
998	-0.201172	-0.134766
999	-0.193359	-0.054688
