0	0.007324	0.019043
0	-0.270508	0.044434
1	-0.376953	0.096680
2	-0.455078	0.031738
3	-0.496582	0.065918
4	-0.534180	0.063477
5	-0.542969	0.039551
6	-0.532227	0.049316
7	-0.548340	0.019043
8	-0.547852	0.042480
9	-0.539063	0.032227
10	-0.537598	0.063965
11	-0.554199	0.076660
12	-0.558105	0.077637
13	-0.573730	0.118652
14	-0.577637	0.141602
15	-0.574707	0.128906
16	-0.558594	0.110840
17	-0.534180	0.057129
18	-0.561035	0.161133
19	-0.578125	0.173340
20	-0.576660	0.133789
21	-0.587891	0.192383
22	-0.553711	0.220215
23	-0.563477	0.214355
24	-0.559570	0.261719
25	-0.545410	0.239746
26	-0.561035	0.270996
27	-0.563477	0.299316
28	-0.547852	0.298340
29	-0.562988	0.313477
30	-0.559082	0.296387
31	-0.560059	0.302246
32	-0.578613	0.276855
33	-0.585938	0.299316
34	-0.586914	0.266602
35	-0.591797	0.287109
36	-0.597168	0.287598
37	-0.597168	0.262207
38	-0.590332	0.288574
39	-0.613770	0.335938
40	-0.600098	0.318848
41	-0.597656	0.306152
42	-0.600098	0.312988
43	-0.592285	0.335938
44	-0.558594	0.353516
45	-0.577148	0.382813
46	-0.589844	0.379395
47	-0.587402	0.351074
48	-0.608398	0.325195
49	-0.599609	0.282227
50	-0.565918	0.197266
51	-0.560059	0.187012
52	-0.571777	0.188477
53	-0.563965	0.211426
54	-0.550781	0.200684
55	-0.558594	0.175781
56	-0.569824	0.154785
57	-0.569824	0.207520
58	-0.570313	0.201172
59	-0.580078	0.205078
60	-0.557129	0.260254
61	-0.559570	0.261230
62	-0.548828	0.237793
63	-0.564453	0.216309
64	-0.544922	0.180664
65	-0.572266	0.168945
66	-0.568848	0.138672
67	-0.586426	0.161133
68	-0.573242	0.127930
69	-0.569336	0.117188
70	-0.576172	0.069336
71	-0.552734	0.072266
72	-0.559570	0.081543
73	-0.557129	0.118652
74	-0.535156	0.064941
75	-0.541016	0.036621
76	-0.559570	0.001465
77	-0.555176	0.056641
78	-0.557617	0.013672
79	-0.565918	0.004883
80	-0.581055	0.046875
81	-0.559570	0.104492
82	-0.557129	0.012207
83	-0.556152	0.024902
84	-0.536133	0.041992
85	-0.527344	0.031250
86	-0.570801	0.036621
87	-0.545410	0.074219
88	-0.527344	0.089355
89	-0.545410	0.114746
90	-0.545898	0.136230
91	-0.549805	0.163574
92	-0.560059	0.208008
93	-0.548828	0.207031
94	-0.564453	0.222656
95	-0.536133	0.275391
96	-0.542969	0.303223
97	-0.586426	0.306641
98	-0.570801	0.281250
99	-0.560059	0.236816
100	-0.543945	0.223633
101	-0.543457	0.215332
102	-0.558594	0.180176
103	-0.580566	0.066895
104	-0.563477	0.119629
105	-0.574707	0.109863
106	-0.568359	0.135254
107	-0.577637	0.208984
108	-0.584961	0.239746
109	-0.567383	0.277344
110	-0.573242	0.270996
111	-0.551270	0.216797
112	-0.568359	0.235840
113	-0.572266	0.252441
114	-0.579102	0.273926
115	-0.549805	0.291504
116	-0.553711	0.236328
117	-0.576660	0.229980
118	-0.562012	0.201172
119	-0.564453	0.189941
120	-0.561523	0.151367
121	-0.572266	0.181152
122	-0.561035	0.195801
123	-0.562500	0.188477
124	-0.573242	0.152832
125	-0.582031	0.148438
126	-0.575684	0.174805
127	-0.563965	0.148438
128	-0.573730	0.135742
129	-0.584473	0.138672
130	-0.579590	0.152832
131	-0.561035	0.136230
132	-0.544434	0.123535
133	-0.571289	0.115723
134	-0.615723	0.119141
135	-0.581055	0.073242
136	-0.589355	0.065430
137	-0.583008	0.009766
138	-0.580566	0.041016
139	-0.561523	0.010742
140	-0.570801	0.015137
141	-0.574707	0.032715
142	-0.583984	0.017578
143	-0.568848	0.004395
144	-0.557617	0.020508
145	-0.579102	0.046387
146	-0.575195	0.049316
147	-0.540527	0.016602
148	-0.546875	0.041016
149	-0.561035	0.021973
150	-0.566406	0.016113
151	-0.570313	0.016602
152	-0.561035	0.009766
153	-0.566895	0.029297
154	-0.540527	0.013184
155	-0.564453	0.002441
156	-0.560547	0.027344
157	-0.565918	0.043457
158	-0.561523	0.077148
159	-0.565918	0.059082
160	-0.578125	0.084961
161	-0.565918	0.061523
162	-0.561523	0.038574
163	-0.558594	0.069336
164	-0.551758	0.061035
165	-0.570313	0.065430
166	-0.600098	0.100586
167	-0.592285	0.018066
168	-0.592773	0.084961
169	-0.566406	0.136230
170	-0.608887	0.108398
171	-0.607422	0.083008
172	-0.622070	0.116699
173	-0.601074	0.078125
174	-0.606934	0.054688
175	-0.601074	0.031250
176	-0.583984	0.036621
177	-0.583984	0.044434
178	-0.590820	0.076660
179	-0.596191	0.059082
180	-0.579102	0.062012
181	-0.580078	0.028809
182	-0.569824	0.013184
183	-0.562988	0.012695
184	-0.563477	0.027344
185	-0.539063	0.003906
186	-0.553711	0.037109
187	-0.563477	0.010254
188	-0.569824	0.024414
189	-0.556152	0.039063
190	-0.563477	0.049805
191	-0.548828	0.026855
192	-0.567383	0.045898
193	-0.554199	0.079590
194	-0.563965	0.059570
195	-0.548340	0.087891
196	-0.564941	0.064941
197	-0.577637	0.040039
198	-0.551270	0.036133
199	-0.569824	0.002930
200	-0.584473	0.005859
201	-0.589355	0.014160
202	-0.574707	0.021484
203	-0.591797	0.056152
204	-0.584473	0.113770
205	-0.582031	0.102539
206	-0.580078	0.083496
207	-0.595215	0.101074
208	-0.585449	0.155762
209	-0.590332	0.137695
210	-0.607422	0.172363
211	-0.597656	0.187988
212	-0.592773	0.204590
213	-0.586426	0.249023
214	-0.568848	0.246094
215	-0.560547	0.184570
216	-0.564941	0.157715
217	-0.596680	0.146484
218	-0.563965	0.130859
219	-0.560059	0.131348
220	-0.579102	0.075195
221	-0.580566	0.073242
222	-0.600586	0.103516
223	-0.576660	0.089355
224	-0.606934	0.131348
225	-0.568359	0.079590
226	-0.585449	0.106445
227	-0.580566	0.035645
228	-0.591309	0.020020
229	-0.556152	0.043945
230	-0.581055	0.082031
231	-0.558105	0.083008
232	-0.551270	0.010742
233	-0.564453	0.002930
234	-0.566895	0.037598
235	-0.587402	0.051270
236	-0.568848	0.072754
237	-0.567871	0.029297
238	-0.587402	0.000977
239	-0.585449	0.037109
240	-0.585938	0.045898
241	-0.609863	0.037109
242	-0.601563	0.083984
243	-0.575195	0.019531
244	-0.575684	0.028320
245	-0.578613	0.024902
246	-0.574219	0.041504
247	-0.580078	0.007324
248	-0.578125	0.021973
249	-0.598145	0.000488
250	-0.582031	0.025879
251	-0.586426	0.003906
252	-0.546875	0.023438
253	-0.569824	0.011230
254	-0.565430	0.038086
255	-0.599609	0.016602
256	-0.580566	0.017090
257	-0.568359	0.035645
258	-0.580078	0.007813
259	-0.574707	0.016602
260	-0.567871	0.010254
261	-0.557617	0.062500
262	-0.572266	0.040039
263	-0.594238	0.064453
264	-0.583008	0.060059
265	-0.556152	0.043945
266	-0.569336	0.034668
267	-0.583984	0.011230
268	-0.595703	0.051758
269	-0.601563	0.032715
270	-0.589844	0.004395
271	-0.585449	0.025391
272	-0.585938	0.030762
273	-0.590332	0.019531
274	-0.594727	0.029297
275	-0.577148	0.033691
276	-0.575684	0.015137
277	-0.569336	0.063477
278	-0.578125	0.029785
279	-0.574219	0.034180
280	-0.606445	0.033691
281	-0.591797	0.017090
282	-0.579102	0.036133
283	-0.592285	0.098145
284	-0.623535	0.066406
285	-0.583496	0.051270
286	-0.588867	0.003906
287	-0.613770	0.068359
288	-0.591309	0.056641
289	-0.581055	0.085449
290	-0.561523	0.081055
291	-0.566406	0.092773
292	-0.586914	0.125000
293	-0.596680	0.127930
294	-0.582031	0.149902
295	-0.578613	0.168945
296	-0.558105	0.094727
297	-0.575684	0.099609
298	-0.579102	0.085449
299	-0.588867	0.111328
300	-0.595703	0.082031
301	-0.588379	0.102051
302	-0.576660	0.074707
303	-0.580566	0.070313
304	-0.582520	0.088867
305	-0.587402	0.092285
306	-0.580566	0.094727
307	-0.579590	0.087891
308	-0.593750	0.079102
309	-0.594727	0.120117
310	-0.555176	0.129883
311	-0.591797	0.187012
312	-0.602051	0.204590
313	-0.583984	0.172363
314	-0.574219	0.163574
315	-0.587402	0.181641
316	-0.592285	0.158203
317	-0.599609	0.191406
318	-0.611328	0.178223
319	-0.589844	0.168457
320	-0.599121	0.142090
321	-0.582031	0.136719
322	-0.567871	0.173828
323	-0.587891	0.201660
324	-0.593750	0.215820
325	-0.607422	0.198730
326	-0.594727	0.243652
327	-0.585938	0.245117
328	-0.589355	0.247559
329	-0.576172	0.269043
330	-0.571777	0.272949
331	-0.568359	0.285645
332	-0.589844	0.286621
333	-0.591797	0.291016
334	-0.593262	0.277344
335	-0.595215	0.251953
336	-0.586914	0.234863
337	-0.587402	0.218262
338	-0.593750	0.283203
339	-0.607422	0.229980
340	-0.597656	0.211426
341	-0.591797	0.204102
342	-0.580078	0.182129
343	-0.585938	0.199219
344	-0.597656	0.200195
345	-0.601074	0.169434
346	-0.602051	0.125000
347	-0.592285	0.119629
348	-0.573242	0.100586
349	-0.586426	0.061523
350	-0.610352	0.085449
351	-0.589844	0.025879
352	-0.555664	0.003418
353	-0.557617	0.000977
354	-0.591309	0.020020
355	-0.565918	0.006348
356	-0.580078	0.030762
357	-0.580566	0.050781
358	-0.608398	0.040039
359	-0.590332	0.049805
360	-0.595215	0.066406
361	-0.593262	0.096680
362	-0.575684	0.137695
363	-0.579102	0.130859
364	-0.593750	0.098633
365	-0.565918	0.048828
366	-0.597168	0.018066
367	-0.584473	0.007813
368	-0.579590	0.014160
369	-0.581055	0.041016
370	-0.575195	0.078125
371	-0.586914	0.069336
372	-0.563477	0.045410
373	-0.579590	0.073730
374	-0.584961	0.096191
375	-0.558105	0.135742
376	-0.540039	0.147949
377	-0.565430	0.183105
378	-0.548340	0.181152
379	-0.554688	0.135742
380	-0.558105	0.132324
381	-0.539063	0.108887
382	-0.579102	0.101074
383	-0.560547	0.175293
384	-0.578613	0.200195
385	-0.606445	0.222168
386	-0.567383	0.231934
387	-0.590820	0.166992
388	-0.567383	0.149414
389	-0.578125	0.116699
390	-0.575195	0.093262
391	-0.566895	0.074219
392	-0.565918	0.088379
393	-0.589355	0.076172
394	-0.592285	0.061523
395	-0.559082	0.061523
396	-0.587891	0.085938
397	-0.572754	0.047363
398	-0.560059	0.017090
399	-0.589355	0.027344
400	-0.575684	0.044434
401	-0.574219	0.081543
402	-0.580566	0.113281
403	-0.555664	0.106934
404	-0.576660	0.086914
405	-0.573730	0.100586
406	-0.569336	0.083496
407	-0.575195	0.100098
408	-0.598145	0.105469
409	-0.575195	0.094238
410	-0.580566	0.103516
411	-0.557617	0.111816
412	-0.535645	0.074707
413	-0.527832	0.056152
414	-0.559082	0.033691
415	-0.530273	0.051270
416	-0.560059	0.024902
417	-0.562988	0.017090
418	-0.570313	0.008789
419	-0.567871	0.025879
420	-0.577637	0.021973
421	-0.567871	0.023438
422	-0.563965	0.006836
423	-0.563965	0.020508
424	-0.565918	0.010254
425	-0.575195	0.062988
426	-0.575684	0.098145
427	-0.594238	0.121094
428	-0.579102	0.120605
429	-0.581055	0.061035
430	-0.565918	0.027832
431	-0.598633	0.044922
432	-0.588867	0.062012
433	-0.579102	0.070313
434	-0.587891	0.040527
435	-0.551758	0.055176
436	-0.589355	0.073730
437	-0.599609	0.088379
438	-0.584473	0.075195
439	-0.602051	0.094238
440	-0.589844	0.072754
441	-0.583496	0.112793
442	-0.582031	0.121094
443	-0.574219	0.116699
444	-0.591797	0.112793
445	-0.598145	0.130859
446	-0.557617	0.114746
447	-0.578125	0.066406
448	-0.594238	0.122070
449	-0.574707	0.124023
450	-0.576172	0.100586
451	-0.553711	0.097656
452	-0.560059	0.105469
453	-0.592773	0.102051
454	-0.583984	0.098633
455	-0.603027	0.089844
456	-0.599121	0.090332
457	-0.579590	0.119141
458	-0.570801	0.098633
459	-0.569336	0.111816
460	-0.569824	0.083496
461	-0.568359	0.120605
462	-0.582520	0.074707
463	-0.623047	0.035156
464	-0.626465	0.035645
465	-0.630371	0.029785
466	-0.607422	0.041016
467	-0.590332	0.091309
468	-0.584473	0.072754
469	-0.590820	0.114746
470	-0.577637	0.118652
471	-0.581055	0.093750
472	-0.592285	0.104980
473	-0.586914	0.103027
474	-0.548340	0.150879
475	-0.573730	0.145996
476	-0.562012	0.102051
477	-0.570313	0.097168
478	-0.546387	0.107910
479	-0.566895	0.095215
480	-0.575684	0.101074
481	-0.599609	0.125000
482	-0.574707	0.120117
483	-0.565918	0.126953
484	-0.544922	0.094238
485	-0.556152	0.151855
486	-0.588379	0.139160
487	-0.584473	0.102051
488	-0.582520	0.090820
489	-0.541992	0.069336
490	-0.590820	0.106445
491	-0.554199	0.064941
492	-0.547852	0.114258
493	-0.571777	0.060059
494	-0.577148	0.082031
495	-0.557617	0.104980
496	-0.595215	0.121094
497	-0.594727	0.129395
498	-0.606934	0.157227
499	-0.606934	0.170898
500	-0.601074	0.196777
501	-0.637207	0.206055
502	-0.608398	0.214355
503	-0.625000	0.249512
504	-0.595215	0.230957
505	-0.610352	0.195801
506	-0.612305	0.196777
507	-0.612793	0.224121
508	-0.625977	0.243164
509	-0.617676	0.282715
510	-0.605469	0.270996
511	-0.595215	0.286621
512	-0.566895	0.234863
513	-0.565430	0.223145
514	-0.563477	0.178223
515	-0.562012	0.148926
516	-0.520020	0.117676
517	-0.546875	0.070313
518	-0.554199	0.123535
519	-0.572754	0.105469
520	-0.565430	0.054688
521	-0.578613	0.122559
522	-0.593750	0.145508
523	-0.594238	0.122559
524	-0.565430	0.144043
525	-0.583984	0.125977
526	-0.582520	0.099121
527	-0.555176	0.075195
528	-0.579590	0.026855
529	-0.558594	0.038574
530	-0.581055	0.027832
531	-0.562988	0.041992
532	-0.574219	0.017090
533	-0.564453	0.062012
534	-0.562988	0.041504
535	-0.550293	0.078125
536	-0.565918	0.071289
537	-0.551270	0.065918
538	-0.579590	0.073730
539	-0.566895	0.099121
540	-0.556641	0.172363
541	-0.553223	0.139648
542	-0.562012	0.150391
543	-0.582031	0.121094
544	-0.554199	0.150391
545	-0.545410	0.151855
546	-0.566406	0.162598
547	-0.585938	0.139160
548	-0.600586	0.171387
549	-0.559570	0.145508
550	-0.559082	0.174805
551	-0.546875	0.220215
552	-0.561035	0.220703
553	-0.592285	0.255371
554	-0.559570	0.241211
555	-0.571289	0.253418
556	-0.556152	0.213379
557	-0.570313	0.186523
558	-0.567383	0.197266
559	-0.568359	0.203125
560	-0.561035	0.102051
561	-0.580566	0.117676
562	-0.568848	0.115723
563	-0.587891	0.124023
564	-0.571777	0.092773
565	-0.546875	0.103027
566	-0.547852	0.113770
567	-0.532715	0.103027
568	-0.559082	0.084961
569	-0.549805	0.132813
570	-0.571289	0.143066
571	-0.574707	0.214844
572	-0.581543	0.241211
573	-0.576172	0.220215
574	-0.580566	0.255859
575	-0.558594	0.255371
576	-0.566406	0.240234
577	-0.551270	0.203613
578	-0.552734	0.203613
579	-0.556152	0.171875
580	-0.553711	0.119141
581	-0.586914	0.082031
582	-0.558594	0.105957
583	-0.587891	0.144043
584	-0.572266	0.125488
585	-0.585938	0.151367
586	-0.577148	0.189941
587	-0.567871	0.210938
588	-0.564453	0.206055
589	-0.580078	0.187012
590	-0.588379	0.190430
591	-0.580078	0.231934
592	-0.578613	0.225098
593	-0.583008	0.170898
594	-0.581055	0.222656
595	-0.583496	0.199707
596	-0.594238	0.197754
597	-0.594238	0.163574
598	-0.597656	0.106445
599	-0.583984	0.078125
600	-0.567383	0.037598
601	-0.582031	0.081543
602	-0.582031	0.050293
603	-0.567871	0.046387
604	-0.560059	0.000000
605	-0.560059	0.016602
606	-0.586426	0.012695
607	-0.611328	0.036133
608	-0.606934	0.032227
609	-0.611816	0.032227
610	-0.606445	0.091797
611	-0.606934	0.081055
612	-0.607422	0.125000
613	-0.585938	0.103516
614	-0.578125	0.111328
615	-0.575684	0.116699
616	-0.591309	0.097168
617	-0.590820	0.105957
618	-0.589355	0.097168
619	-0.606445	0.057129
620	-0.596191	0.080566
621	-0.608398	0.069824
622	-0.600098	0.047852
623	-0.607910	0.026855
624	-0.597656	0.003418
625	-0.578125	0.031738
626	-0.571289	0.038574
627	-0.568359	0.058594
628	-0.583984	0.005859
629	-0.569824	0.072266
630	-0.557129	0.070313
631	-0.576172	0.055664
632	-0.562988	0.030273
633	-0.594238	0.029297
634	-0.585449	0.021484
635	-0.564941	0.078125
636	-0.564453	0.045410
637	-0.562500	0.046875
638	-0.558105	0.047363
639	-0.561523	0.027832
640	-0.525879	0.036621
641	-0.520508	0.030762
642	-0.525391	0.016113
643	-0.550293	0.026855
644	-0.544922	0.037109
645	-0.545410	0.069336
646	-0.542480	0.094727
647	-0.541504	0.111816
648	-0.543457	0.074219
649	-0.523438	0.056641
650	-0.546875	0.053223
651	-0.556152	0.114746
652	-0.557129	0.200684
653	-0.569336	0.207031
654	-0.569336	0.218750
655	-0.576660	0.251465
656	-0.568359	0.285156
657	-0.570801	0.250977
658	-0.551270	0.271484
659	-0.555176	0.302246
660	-0.551758	0.278809
661	-0.566895	0.200195
662	-0.577637	0.213867
663	-0.586426	0.233398
664	-0.595703	0.212402
665	-0.583496	0.148438
666	-0.582031	0.147949
667	-0.552246	0.184570
668	-0.548340	0.176270
669	-0.551270	0.169434
670	-0.600586	0.206543
671	-0.563477	0.181641
672	-0.573730	0.147949
673	-0.562500	0.076660
674	-0.562500	0.056641
675	-0.565918	0.093750
676	-0.549316	0.061035
677	-0.570313	0.029297
678	-0.529297	0.013672
679	-0.563965	0.029785
680	-0.557617	0.001465
681	-0.566895	0.028809
682	-0.575195	0.045410
683	-0.578125	0.032227
684	-0.578613	0.005859
685	-0.562500	0.022949
686	-0.577148	0.030762
687	-0.563965	0.015625
688	-0.543457	0.036133
689	-0.581055	0.105957
690	-0.556641	0.118652
691	-0.560547	0.097168
692	-0.569824	0.109863
693	-0.588379	0.109863
694	-0.583984	0.062012
695	-0.577148	0.033691
696	-0.552246	0.000977
697	-0.565918	0.029785
698	-0.568359	0.040527
699	-0.559570	0.061523
700	-0.575684	0.101074
701	-0.552734	0.072754
702	-0.574707	0.128418
703	-0.597168	0.171387
704	-0.580566	0.211914
705	-0.566406	0.252441
706	-0.584473	0.249023
707	-0.570801	0.248535
708	-0.563965	0.261230
709	-0.534180	0.239746
710	-0.563477	0.233887
711	-0.554688	0.220703
712	-0.544434	0.219238
713	-0.537109	0.153809
714	-0.541504	0.180664
715	-0.546387	0.175781
716	-0.556641	0.144043
717	-0.546875	0.126465
718	-0.557129	0.087891
719	-0.571289	0.055664
720	-0.551758	0.079102
721	-0.542480	0.070801
722	-0.572754	0.063965
723	-0.566406	0.044434
724	-0.543457	0.082031
725	-0.535645	0.091797
726	-0.533691	0.117188
727	-0.562988	0.179199
728	-0.578125	0.213867
729	-0.590820	0.248535
730	-0.602051	0.267578
731	-0.593750	0.248047
732	-0.588867	0.256836
733	-0.573242	0.230469
734	-0.562500	0.250977
735	-0.552734	0.197754
736	-0.558594	0.192383
737	-0.550293	0.191406
738	-0.554688	0.170410
739	-0.559570	0.149902
740	-0.547363	0.164063
741	-0.545898	0.211914
742	-0.570313	0.238281
743	-0.549805	0.146973
744	-0.534180	0.116699
745	-0.565918	0.107910
746	-0.567383	0.102051
747	-0.575684	0.136230
748	-0.571777	0.129395
749	-0.574707	0.135742
750	-0.541992	0.161133
751	-0.542969	0.184082
752	-0.542480	0.159668
753	-0.556152	0.174805
754	-0.570801	0.161621
755	-0.572266	0.184570
756	-0.559082	0.206055
757	-0.548828	0.235352
758	-0.546387	0.202148
759	-0.553223	0.205566
760	-0.565430	0.176758
761	-0.580566	0.228027
762	-0.571289	0.221191
763	-0.559570	0.196289
764	-0.560547	0.192383
765	-0.560059	0.215332
766	-0.556641	0.231934
767	-0.577637	0.259766
768	-0.581055	0.260742
769	-0.587402	0.275391
770	-0.583008	0.327637
771	-0.599609	0.327637
772	-0.576660	0.298828
773	-0.573730	0.327637
774	-0.578125	0.290527
775	-0.564453	0.253418
776	-0.550781	0.278320
777	-0.572266	0.270508
778	-0.570313	0.291016
779	-0.580078	0.241211
780	-0.579102	0.277832
781	-0.583008	0.291504
782	-0.591797	0.283203
783	-0.571289	0.306152
784	-0.583984	0.303223
785	-0.606934	0.341309
786	-0.598633	0.334473
787	-0.611328	0.368164
788	-0.591797	0.329102
789	-0.572754	0.360352
790	-0.579590	0.354492
791	-0.568359	0.343750
792	-0.569824	0.369629
793	-0.573730	0.338379
794	-0.581543	0.359863
795	-0.584961	0.321289
796	-0.583008	0.338379
797	-0.568848	0.333496
798	-0.587891	0.351074
799	-0.577637	0.390625
800	-0.562988	0.381348
801	-0.577637	0.413574
802	-0.581055	0.384277
803	-0.554199	0.331543
804	-0.567871	0.354492
805	-0.596191	0.350098
806	-0.590332	0.357910
807	-0.580566	0.332520
808	-0.584473	0.366211
809	-0.574219	0.324219
810	-0.568359	0.242676
811	-0.589844	0.269531
812	-0.583984	0.281738
813	-0.595215	0.282715
814	-0.586914	0.347168
815	-0.585449	0.328613
816	-0.593750	0.357422
817	-0.575195	0.336426
818	-0.568359	0.311523
819	-0.576172	0.289551
820	-0.553711	0.234375
821	-0.562988	0.236328
822	-0.567871	0.202148
823	-0.562500	0.266602
824	-0.560059	0.247070
825	-0.567871	0.192871
826	-0.570313	0.176270
827	-0.593750	0.144043
828	-0.599609	0.131348
829	-0.608398	0.157227
830	-0.580078	0.165527
831	-0.569336	0.117188
832	-0.564453	0.077148
833	-0.562988	0.113770
834	-0.578613	0.129883
835	-0.537598	0.103516
836	-0.552246	0.045410
837	-0.557617	0.041016
838	-0.539551	0.011230
839	-0.548340	0.042480
840	-0.531250	0.015137
841	-0.542969	0.039063
842	-0.540527	0.082520
843	-0.537109	0.083008
844	-0.565430	0.053711
845	-0.564941	0.014160
846	-0.537109	0.021484
847	-0.571777	0.031738
848	-0.558594	0.002441
849	-0.584961	0.004883
850	-0.589355	0.058594
851	-0.591797	0.104980
852	-0.603516	0.078125
853	-0.595703	0.038574
854	-0.583496	0.060059
855	-0.597656	0.010254
856	-0.570313	0.057617
857	-0.583984	0.075684
858	-0.572266	0.105957
859	-0.582520	0.074219
860	-0.570801	0.104492
861	-0.580566	0.103027
862	-0.554688	0.097656
863	-0.546875	0.071777
864	-0.575195	0.086426
865	-0.603027	0.120117
866	-0.580078	0.108887
867	-0.591309	0.122559
868	-0.589844	0.089355
869	-0.606934	0.127930
870	-0.595703	0.130371
871	-0.576660	0.034668
872	-0.557617	0.041504
873	-0.554688	0.033203
874	-0.548340	0.060547
875	-0.552246	0.106934
876	-0.569336	0.100098
877	-0.583984	0.113281
878	-0.565430	0.089355
879	-0.574219	0.027344
880	-0.558105	0.045898
881	-0.563477	0.011230
882	-0.555176	0.054199
883	-0.567871	0.053223
884	-0.564941	0.040527
885	-0.560547	0.031250
886	-0.565918	0.065430
887	-0.575684	0.057129
888	-0.590332	0.080566
889	-0.587402	0.057129
890	-0.582031	0.061523
891	-0.572266	0.115723
892	-0.586914	0.125977
893	-0.595215	0.121094
894	-0.585449	0.165039
895	-0.608398	0.195801
896	-0.562988	0.206055
897	-0.576172	0.192871
898	-0.584473	0.200195
899	-0.594238	0.168457
900	-0.589844	0.172363
901	-0.565918	0.113281
902	-0.582520	0.129395
903	-0.553711	0.137207
904	-0.565430	0.165527
905	-0.550293	0.139160
906	-0.537109	0.154297
907	-0.540527	0.172363
908	-0.565918	0.207031
909	-0.568848	0.224121
910	-0.566406	0.229004
911	-0.573242	0.201172
912	-0.546387	0.224609
913	-0.554688	0.213867
914	-0.556152	0.165527
915	-0.563477	0.218750
916	-0.548340	0.212891
917	-0.568848	0.251953
918	-0.588867	0.313477
919	-0.567383	0.227051
920	-0.583496	0.241211
921	-0.589844	0.263184
922	-0.584961	0.263672
923	-0.586426	0.222168
924	-0.588867	0.186523
925	-0.579590	0.187012
926	-0.586426	0.148926
927	-0.602539	0.138184
928	-0.598633	0.126953
929	-0.583496	0.129883
930	-0.595703	0.090332
931	-0.583496	0.051270
932	-0.598633	0.055664
933	-0.579102	0.091309
934	-0.578613	0.022461
935	-0.580078	0.063965
936	-0.572266	0.016602
937	-0.546875	0.019043
938	-0.544434	0.016113
939	-0.538086	0.007324
940	-0.556641	0.038086
941	-0.575195	0.012207
942	-0.565430	0.067383
943	-0.568359	0.115723
944	-0.556641	0.093750
945	-0.553711	0.088379
946	-0.541992	0.052734
947	-0.537598	0.026367
948	-0.560547	0.036621
949	-0.550781	0.017090
950	-0.558594	0.006348
951	-0.565430	0.050293
952	-0.565918	0.050293
953	-0.562012	0.012695
954	-0.541992	0.057617
955	-0.535645	0.060059
956	-0.543945	0.018066
957	-0.551270	0.014648
958	-0.584473	0.004883
959	-0.584961	0.003418
960	-0.585938	0.056641
961	-0.603516	0.057129
962	-0.594238	0.081055
963	-0.604980	0.110352
964	-0.604004	0.130371
965	-0.564941	0.094727
966	-0.570313	0.135742
967	-0.569336	0.193359
968	-0.611328	0.222168
969	-0.581055	0.178711
970	-0.585449	0.194336
971	-0.583496	0.216309
972	-0.581543	0.194336
973	-0.570313	0.206543
974	-0.561035	0.221680
975	-0.583496	0.228027
976	-0.566406	0.209961
977	-0.543945	0.182617
978	-0.588379	0.159180
979	-0.568848	0.159668
980	-0.579590	0.171875
981	-0.588867	0.165527
982	-0.575195	0.201172
983	-0.564453	0.145020
984	-0.567871	0.143555
985	-0.584473	0.141113
986	-0.574219	0.124512
987	-0.581543	0.161133
988	-0.580566	0.217773
989	-0.584961	0.222168
990	-0.581055	0.277832
991	-0.578125	0.266602
992	-0.577148	0.264160
993	-0.593750	0.272949
994	-0.608887	0.232910
995	-0.600586	0.196777
996	-0.579102	0.167480
997	-0.594238	0.145996
998	-0.568359	0.161133
999	-0.574707	0.173340
