0	-0.654663	0.135132
1	-0.635742	0.143188
2	-0.644165	0.135620
3	-0.653809	0.192627
4	-0.648560	0.229126
5	-0.673096	0.284424
6	-0.662842	0.268188
7	-0.643555	0.258545
8	-0.658813	0.280396
9	-0.652832	0.229858
10	-0.644287	0.213013
11	-0.632446	0.183960
12	-0.638794	0.186523
13	-0.643433	0.169189
14	-0.639038	0.130981
15	-0.641968	0.143188
16	-0.632568	0.069702
17	-0.645264	0.060669
18	-0.653442	0.055542
19	-0.630249	0.088623
20	-0.622803	0.148438
21	-0.631958	0.102417
22	-0.632690	0.108765
23	-0.618042	0.066772
24	-0.630127	0.069946
25	-0.637451	0.076904
26	-0.644653	0.092407
27	-0.640015	0.058228
28	-0.643799	0.075684
29	-0.647339	0.085815
30	-0.620483	0.115845
31	-0.614624	0.137695
32	-0.644775	0.197144
33	-0.647339	0.182983
34	-0.638672	0.137085
35	-0.642944	0.152710
36	-0.638428	0.120117
37	-0.634277	0.122437
38	-0.623291	0.091064
39	-0.627441	0.135254
40	-0.625732	0.171021
41	-0.639526	0.172974
42	-0.650757	0.198242
43	-0.658203	0.153320
44	-0.646606	0.145996
45	-0.654907	0.114380
46	-0.648438	0.108765
47	-0.664063	0.098755
48	-0.664795	0.133789
49	-0.651733	0.113892
50	-0.654663	0.063354
51	-0.642456	0.083984
52	-0.645386	0.112061
53	-0.654419	0.124268
54	-0.658203	0.116211
55	-0.639160	0.118530
56	-0.638306	0.089722
57	-0.634521	0.110352
58	-0.646851	0.129517
59	-0.645874	0.160645
60	-0.640381	0.160156
61	-0.647583	0.167603
62	-0.652222	0.167480
63	-0.650269	0.153076
64	-0.653564	0.187866
65	-0.650757	0.186401
66	-0.654297	0.171753
67	-0.640869	0.153198
68	-0.650391	0.186523
69	-0.662476	0.181641
70	-0.661133	0.177979
71	-0.664185	0.133911
72	-0.664551	0.124756
73	-0.659424	0.105713
74	-0.657593	0.140381
75	-0.652100	0.105225
76	-0.649048	0.118164
77	-0.644653	0.102051
78	-0.646851	0.070557
79	-0.636475	0.061523
80	-0.638672	0.033813
81	-0.658447	0.031006
82	-0.648315	0.002319
83	-0.643799	-0.022461
84	-0.642822	-0.027344
85	-0.626099	-0.036133
86	-0.633667	-0.026123
87	-0.634644	-0.029297
88	-0.633301	0.034668
89	-0.634033	0.062134
90	-0.626953	0.041016
91	-0.627686	0.052002
92	-0.616821	0.003052
93	-0.622925	-0.048584
94	-0.629395	-0.024536
95	-0.640503	-0.034058
96	-0.624023	-0.048340
97	-0.630615	-0.054199
98	-0.640747	-0.026611
99	-0.614502	-0.019287
100	-0.643555	-0.009155
101	-0.659668	-0.009033
102	-0.636475	-0.009399
103	-0.651123	0.030762
104	-0.657959	0.039185
105	-0.648071	0.048218
106	-0.633789	0.031860
107	-0.654175	0.039673
108	-0.639282	0.092773
109	-0.645508	0.073608
110	-0.646118	0.104614
111	-0.660034	0.058716
112	-0.644531	0.028931
113	-0.654053	-0.015259
114	-0.647461	0.040771
115	-0.641357	0.073364
116	-0.648315	0.043579
117	-0.656006	0.068726
118	-0.644287	0.084717
119	-0.650024	0.120605
120	-0.653076	0.109863
121	-0.630615	0.053101
122	-0.659790	0.050293
123	-0.651123	0.118774
124	-0.655640	0.120605
125	-0.648438	0.096802
126	-0.656616	0.066772
127	-0.657715	0.093872
128	-0.650635	0.072021
129	-0.629272	0.085205
130	-0.633667	0.049438
131	-0.616699	-0.007202
132	-0.642090	-0.065063
133	-0.636108	-0.071655
134	-0.634888	-0.035522
135	-0.637573	-0.027466
136	-0.625000	-0.045166
137	-0.627441	-0.117432
138	-0.643799	-0.104614
139	-0.631226	-0.083008
140	-0.637817	-0.083618
141	-0.636719	-0.052246
142	-0.637573	-0.015381
143	-0.624512	-0.054443
144	-0.637329	-0.077148
145	-0.618896	0.005005
146	-0.635864	0.017334
147	-0.645874	0.015137
148	-0.653931	0.039429
149	-0.650269	0.021362
150	-0.627930	0.122681
151	-0.663940	0.198242
152	-0.643555	0.166138
153	-0.628418	0.175171
154	-0.655396	0.185181
155	-0.654907	0.127075
156	-0.641357	0.109131
157	-0.641846	0.089844
158	-0.638306	0.082153
159	-0.648560	0.069336
160	-0.639038	0.015015
161	-0.651001	-0.008911
162	-0.648071	-0.057373
163	-0.648071	-0.084473
164	-0.623169	-0.076050
165	-0.633057	-0.065918
166	-0.630371	-0.054688
167	-0.634399	-0.033447
168	-0.637573	-0.077637
169	-0.628296	-0.080322
170	-0.630005	-0.109009
171	-0.642456	-0.087402
172	-0.622681	-0.058472
173	-0.637451	-0.011108
174	-0.635254	0.050171
175	-0.655762	0.056885
176	-0.646240	-0.012085
177	-0.638916	-0.017578
178	-0.650391	-0.010986
179	-0.644531	-0.046997
180	-0.629272	-0.035767
181	-0.613281	-0.027710
182	-0.627319	0.004883
183	-0.626099	0.027222
184	-0.637329	0.008179
185	-0.640991	0.029541
186	-0.643799	0.017822
187	-0.642090	-0.031616
188	-0.629761	-0.023193
189	-0.629150	-0.051636
190	-0.638306	-0.011963
191	-0.614380	0.006592
192	-0.626587	-0.013428
193	-0.644409	0.013062
194	-0.630005	0.075439
195	-0.640869	0.085327
196	-0.630249	0.088379
197	-0.617188	0.075439
198	-0.630981	0.044067
199	-0.637085	0.002197
200	-0.634277	0.037109
201	-0.628296	0.013916
202	-0.637207	-0.053101
203	-0.640625	-0.028198
204	-0.636108	-0.029297
205	-0.652466	0.020752
206	-0.644531	-0.067383
207	-0.665894	-0.036377
208	-0.648682	-0.064087
209	-0.659668	-0.084351
210	-0.664063	-0.084473
211	-0.657959	-0.122803
212	-0.647217	-0.115479
213	-0.654053	-0.117798
214	-0.645386	-0.035400
215	-0.636230	-0.057251
216	-0.638306	-0.030884
217	-0.647949	-0.067871
218	-0.629272	-0.051880
219	-0.627563	0.049194
220	-0.640625	0.070190
221	-0.648804	0.059082
222	-0.651611	0.023804
223	-0.629272	0.024048
224	-0.652832	0.034058
225	-0.647339	0.057861
226	-0.661255	0.081787
227	-0.665771	0.071533
228	-0.646362	0.083740
229	-0.653809	0.071411
230	-0.666016	0.042969
231	-0.663208	0.024170
232	-0.643188	-0.019653
233	-0.643677	-0.021362
234	-0.655029	-0.074219
235	-0.644775	-0.014648
236	-0.637451	-0.068237
237	-0.648071	-0.097656
238	-0.642212	-0.145630
239	-0.623047	-0.149536
240	-0.641235	-0.146118
241	-0.635254	-0.098145
242	-0.617432	-0.125732
243	-0.617310	-0.088257
244	-0.633667	-0.062744
245	-0.626709	-0.048828
246	-0.629150	-0.039307
247	-0.627686	-0.040405
248	-0.636963	-0.071167
249	-0.650391	-0.071411
250	-0.636597	-0.114990
251	-0.645874	-0.098877
252	-0.643555	-0.106201
253	-0.659302	-0.066284
254	-0.643799	-0.081055
255	-0.656128	-0.094971
256	-0.645020	-0.145752
257	-0.635742	-0.170532
258	-0.655151	-0.201538
259	-0.647949	-0.143921
260	-0.640015	-0.207764
261	-0.657227	-0.183228
262	-0.650146	-0.237183
263	-0.642578	-0.239014
264	-0.651123	-0.237915
265	-0.645874	-0.213623
266	-0.646484	-0.224731
267	-0.658691	-0.190552
268	-0.643677	-0.131714
269	-0.641724	-0.121704
270	-0.632813	-0.143555
271	-0.642334	-0.145264
272	-0.638306	-0.129517
273	-0.650269	-0.118774
274	-0.639893	-0.092285
275	-0.651245	-0.145752
276	-0.634644	-0.160034
277	-0.651123	-0.132202
278	-0.638550	-0.069336
279	-0.640259	-0.099609
280	-0.643066	-0.083374
281	-0.651245	-0.068726
282	-0.636597	-0.080688
283	-0.635986	-0.103516
284	-0.638306	-0.209106
285	-0.661377	-0.214966
286	-0.636841	-0.221436
287	-0.631470	-0.260376
288	-0.654907	-0.196533
289	-0.651245	-0.189209
290	-0.634155	-0.142944
291	-0.639526	-0.164185
292	-0.651611	-0.173584
293	-0.639526	-0.150635
294	-0.632202	-0.131958
295	-0.631592	-0.192993
296	-0.639893	-0.194336
297	-0.623047	-0.181885
298	-0.633667	-0.146729
299	-0.643799	-0.145508
300	-0.649658	-0.133911
301	-0.645264	-0.149292
302	-0.644531	-0.142456
303	-0.653198	-0.097656
304	-0.652710	-0.130005
305	-0.646606	-0.127686
306	-0.653320	-0.113037
307	-0.646118	-0.134766
308	-0.651123	-0.131592
309	-0.655396	-0.126221
310	-0.668213	-0.152588
311	-0.646606	-0.144409
312	-0.649170	-0.167480
313	-0.647949	-0.170288
314	-0.656250	-0.187378
315	-0.653198	-0.176025
316	-0.639404	-0.151733
317	-0.656616	-0.183228
318	-0.641968	-0.119385
319	-0.641846	-0.100342
320	-0.652710	-0.074829
321	-0.652954	-0.095825
322	-0.655762	-0.057861
323	-0.643433	-0.020874
324	-0.651855	-0.013672
325	-0.661255	-0.015137
326	-0.660278	0.038940
327	-0.646240	0.018311
328	-0.645386	-0.002808
329	-0.664673	-0.008301
330	-0.640015	0.045044
331	-0.637939	0.075439
332	-0.654297	0.119629
333	-0.641602	0.086060
334	-0.639282	0.073120
335	-0.637451	0.043335
336	-0.636353	0.022949
337	-0.640137	-0.039307
338	-0.647339	-0.086914
339	-0.647827	-0.079102
340	-0.645386	-0.048218
341	-0.638184	-0.042969
342	-0.620850	-0.085571
343	-0.623047	-0.080688
344	-0.639893	-0.092773
345	-0.642456	0.006836
346	-0.628052	0.056763
347	-0.634766	0.082153
348	-0.629761	0.065308
349	-0.637573	0.128174
350	-0.648193	0.115234
351	-0.632813	0.106445
352	-0.632446	0.066040
353	-0.631348	0.101318
354	-0.639038	0.048950
355	-0.631592	0.049683
356	-0.637329	0.065674
357	-0.664307	0.064697
358	-0.637207	0.067505
359	-0.640137	0.090820
360	-0.652588	0.093994
361	-0.639771	0.066895
362	-0.635742	0.092285
363	-0.643188	0.081787
364	-0.642090	0.045532
365	-0.641724	0.029053
366	-0.654175	0.102173
367	-0.652344	0.134399
368	-0.627075	0.123657
369	-0.635986	0.139038
370	-0.635010	0.108521
371	-0.631836	0.136841
372	-0.632813	0.165405
373	-0.631226	0.130615
374	-0.632080	0.177246
375	-0.649902	0.228149
376	-0.651855	0.261108
377	-0.634277	0.255127
378	-0.659058	0.257324
379	-0.657837	0.288452
380	-0.651001	0.283447
381	-0.641479	0.285889
382	-0.645996	0.240967
383	-0.662842	0.261230
384	-0.650269	0.255249
385	-0.633789	0.266846
386	-0.648193	0.256836
387	-0.625122	0.231323
388	-0.637573	0.220825
389	-0.631470	0.207397
390	-0.638550	0.218140
391	-0.662231	0.288452
392	-0.635986	0.272827
393	-0.632446	0.262817
394	-0.637207	0.259888
395	-0.619873	0.197266
396	-0.625122	0.197021
397	-0.632080	0.230591
398	-0.627197	0.156250
399	-0.622070	0.146973
400	-0.640869	0.151001
401	-0.627930	0.151855
402	-0.638672	0.137207
403	-0.634033	0.144653
404	-0.640991	0.134766
405	-0.640625	0.141968
406	-0.634033	0.126587
407	-0.661255	0.181030
408	-0.654297	0.182739
409	-0.646362	0.182861
410	-0.658691	0.162354
411	-0.645142	0.177368
412	-0.641968	0.166504
413	-0.654541	0.156006
414	-0.645874	0.145142
415	-0.652588	0.207031
416	-0.633423	0.214478
417	-0.648560	0.208374
418	-0.656006	0.200439
419	-0.648193	0.212769
420	-0.644775	0.176270
421	-0.653564	0.197632
422	-0.642090	0.161377
423	-0.645142	0.131470
424	-0.650269	0.151733
425	-0.636963	0.122925
426	-0.643066	0.100342
427	-0.651123	0.150269
428	-0.640137	0.138672
429	-0.639526	0.091309
430	-0.643921	0.108276
431	-0.653809	0.055176
432	-0.647217	0.017578
433	-0.635132	-0.003906
434	-0.646362	0.016113
435	-0.645386	0.049316
436	-0.638794	0.072754
437	-0.640991	0.047119
438	-0.651367	0.044312
439	-0.644531	0.052979
440	-0.648071	0.024414
441	-0.652466	0.047119
442	-0.669922	0.089111
443	-0.665283	0.036987
444	-0.640625	0.047241
445	-0.654785	0.004517
446	-0.652100	-0.023193
447	-0.630615	0.003052
448	-0.643555	-0.004639
449	-0.654297	0.014038
450	-0.635864	0.026123
451	-0.646973	0.083984
452	-0.644775	0.054199
453	-0.641479	0.040649
454	-0.650391	0.006104
455	-0.647705	0.018921
456	-0.647095	0.002075
457	-0.634521	0.003906
458	-0.635132	0.029053
459	-0.636108	0.118896
460	-0.640259	0.113892
461	-0.636475	0.124023
462	-0.637085	0.143677
463	-0.645996	0.079712
464	-0.637207	0.086548
465	-0.635620	0.004028
466	-0.644409	0.006592
467	-0.649170	0.003662
468	-0.652466	0.005249
469	-0.654175	-0.058472
470	-0.643188	-0.046753
471	-0.638916	-0.012451
472	-0.639526	0.037842
473	-0.649170	0.007568
474	-0.651123	-0.012085
475	-0.659180	-0.059937
476	-0.650757	-0.040649
477	-0.649292	-0.096069
478	-0.654419	-0.089478
479	-0.628296	-0.025513
480	-0.646729	-0.040771
481	-0.637695	-0.030640
482	-0.649902	-0.022705
483	-0.658325	-0.005371
484	-0.633179	0.022095
485	-0.636597	-0.015869
486	-0.643555	-0.038086
487	-0.637207	0.034424
488	-0.629639	0.006958
489	-0.644775	-0.007568
490	-0.656006	0.013306
491	-0.646729	0.052368
492	-0.649048	0.067871
493	-0.655518	0.037109
494	-0.651367	0.104736
495	-0.617310	0.164673
496	-0.636597	0.112671
497	-0.638794	0.131958
498	-0.625488	0.098267
499	-0.627075	0.076660
500	-0.633423	0.044434
501	-0.625366	0.007935
502	-0.632324	-0.018799
503	-0.649170	0.000000
504	-0.640381	-0.040405
505	-0.647339	-0.073608
506	-0.637573	-0.063477
507	-0.629150	-0.049316
508	-0.637451	-0.080078
509	-0.653809	-0.127930
510	-0.645630	-0.086670
511	-0.662109	-0.056885
512	-0.659302	-0.073608
513	-0.655640	-0.067871
514	-0.659424	-0.090820
515	-0.657227	-0.083862
516	-0.646240	-0.057983
517	-0.662354	-0.063232
518	-0.651123	-0.063721
519	-0.645264	-0.070923
520	-0.659790	-0.099365
521	-0.651001	-0.056396
522	-0.643677	-0.051758
523	-0.628296	-0.062256
524	-0.643066	-0.045288
525	-0.640381	-0.070679
526	-0.630493	-0.018066
527	-0.634155	0.000610
528	-0.641479	-0.049561
529	-0.645264	-0.065674
530	-0.649658	-0.021362
531	-0.651245	-0.038452
532	-0.629150	-0.027832
533	-0.645630	0.000610
534	-0.646240	0.024170
535	-0.638306	-0.016724
536	-0.628906	-0.041992
537	-0.634766	-0.028320
538	-0.641846	-0.076050
539	-0.635376	-0.042969
540	-0.633911	-0.056030
541	-0.649536	-0.051880
542	-0.632813	-0.023071
543	-0.624146	0.047607
544	-0.624756	0.054443
545	-0.637817	0.075684
546	-0.626953	0.118408
547	-0.641479	0.039429
548	-0.633789	0.072388
549	-0.638794	0.056152
550	-0.635864	0.057373
551	-0.641602	0.033691
552	-0.641602	0.016113
553	-0.635620	-0.024414
554	-0.649780	0.004639
555	-0.660034	0.040894
556	-0.652466	0.028687
557	-0.660034	0.036011
558	-0.638428	0.069702
559	-0.641113	0.071167
560	-0.651855	0.037109
561	-0.650635	0.029907
562	-0.649536	0.005981
563	-0.644409	0.076050
564	-0.632324	0.112915
565	-0.645996	0.088745
566	-0.650513	0.141113
567	-0.644043	0.144775
568	-0.659302	0.118652
569	-0.650513	0.133789
570	-0.659058	0.137939
571	-0.651367	0.138428
572	-0.639893	0.193359
573	-0.638550	0.215332
574	-0.635498	0.183594
575	-0.641235	0.223145
576	-0.661133	0.194824
577	-0.645142	0.138550
578	-0.653687	0.133179
579	-0.643799	0.149902
580	-0.641479	0.166626
581	-0.650391	0.123657
582	-0.658813	0.163574
583	-0.654785	0.180786
584	-0.652344	0.211548
585	-0.659058	0.235229
586	-0.644409	0.260376
587	-0.647217	0.227905
588	-0.657837	0.274536
589	-0.648926	0.204712
590	-0.647827	0.182739
591	-0.655151	0.157959
592	-0.645020	0.158936
593	-0.649536	0.193115
594	-0.652100	0.212769
595	-0.661621	0.166748
596	-0.646606	0.092896
597	-0.631226	0.020142
598	-0.624268	0.056396
599	-0.625610	0.041016
600	-0.638306	0.041626
601	-0.646851	0.091553
602	-0.641113	0.045776
603	-0.638794	-0.065430
604	-0.638794	-0.087646
605	-0.641235	-0.046509
606	-0.618774	-0.057007
607	-0.635864	-0.072510
608	-0.620605	-0.128784
609	-0.617310	-0.130737
610	-0.634888	-0.158325
611	-0.635620	-0.154175
612	-0.650024	-0.111206
613	-0.665039	-0.114380
614	-0.632324	-0.098877
615	-0.642334	-0.188843
616	-0.659546	-0.154785
617	-0.642944	-0.094604
618	-0.637451	-0.062988
619	-0.640991	-0.056274
620	-0.644897	-0.004883
621	-0.641235	-0.024048
622	-0.651489	-0.016846
623	-0.640381	-0.025024
624	-0.642090	-0.032471
625	-0.640991	-0.072510
626	-0.629883	-0.062744
627	-0.648315	-0.039917
628	-0.649292	-0.058594
629	-0.647827	-0.057251
630	-0.638550	-0.037598
631	-0.659790	-0.032837
632	-0.651855	-0.031372
633	-0.647095	-0.001709
634	-0.656616	0.062134
635	-0.659424	0.083252
636	-0.653809	0.039795
637	-0.636963	0.025024
638	-0.648804	0.000488
639	-0.638916	0.017090
640	-0.645264	0.049683
641	-0.631836	0.061401
642	-0.633911	0.112305
643	-0.626221	0.129517
644	-0.645874	0.114868
645	-0.643921	0.120850
646	-0.644165	0.084106
647	-0.644043	0.196899
648	-0.643433	0.190674
649	-0.627197	0.197632
650	-0.632324	0.146362
651	-0.630005	0.121704
652	-0.624023	0.100708
653	-0.644531	0.145874
654	-0.647217	0.116089
655	-0.639038	0.087158
656	-0.649780	0.065063
657	-0.642822	0.058105
658	-0.642578	0.074463
659	-0.643188	0.048340
660	-0.658325	0.027466
661	-0.651123	0.038940
662	-0.641846	0.034180
663	-0.654297	0.027710
664	-0.642456	-0.025879
665	-0.628052	-0.044312
666	-0.648682	-0.011841
667	-0.640259	0.040527
668	-0.643188	0.079102
669	-0.636230	0.090698
670	-0.642090	0.100952
671	-0.648560	0.152222
672	-0.638184	0.125122
673	-0.654907	0.138428
674	-0.641235	0.151733
675	-0.636108	0.100342
676	-0.619995	0.146729
677	-0.633545	0.155396
678	-0.631714	0.077026
679	-0.626587	0.064453
680	-0.634155	0.073730
681	-0.620483	0.068726
682	-0.645142	0.078979
683	-0.653931	0.063843
684	-0.630859	0.101196
685	-0.647339	0.140747
686	-0.642822	0.122070
687	-0.649414	0.144409
688	-0.647095	0.140259
689	-0.645020	0.116943
690	-0.648682	0.112305
691	-0.643677	0.094238
692	-0.653687	0.102051
693	-0.654053	0.048218
694	-0.628174	0.031006
695	-0.636353	-0.003906
696	-0.632935	-0.020020
697	-0.645752	-0.028809
698	-0.656494	-0.051392
699	-0.658447	-0.091553
700	-0.632568	-0.102295
701	-0.640503	-0.143066
702	-0.633179	-0.095825
703	-0.627319	-0.021973
704	-0.653442	0.022339
705	-0.644653	-0.017578
706	-0.623535	0.026855
707	-0.637451	0.003784
708	-0.635376	0.003540
709	-0.640503	-0.015015
710	-0.634521	0.012939
711	-0.644775	0.017700
712	-0.630981	0.025513
713	-0.622559	0.065430
714	-0.635986	0.066162
715	-0.642700	-0.000977
716	-0.635254	-0.018311
717	-0.635254	-0.011719
718	-0.630249	-0.029175
719	-0.659912	-0.046509
720	-0.650879	-0.025391
721	-0.645508	-0.019897
722	-0.662231	-0.087036
723	-0.653320	-0.113892
724	-0.651978	-0.126221
725	-0.649902	-0.064087
726	-0.641846	-0.071655
727	-0.656250	-0.155884
728	-0.652100	-0.127441
729	-0.661255	-0.099243
730	-0.657471	-0.107544
731	-0.661865	-0.084595
732	-0.649658	-0.103271
733	-0.653564	-0.096802
734	-0.657471	-0.068237
735	-0.637695	-0.123657
736	-0.663574	-0.137695
737	-0.651001	-0.044922
738	-0.653442	-0.013062
739	-0.646240	-0.065674
740	-0.630249	-0.058960
741	-0.632813	0.028198
742	-0.644165	0.027954
743	-0.659668	-0.013306
744	-0.625854	0.027832
745	-0.639893	0.004761
746	-0.648193	0.077759
747	-0.632080	0.064209
748	-0.626709	0.039673
749	-0.641602	0.074219
750	-0.630371	0.044189
751	-0.608398	0.046631
752	-0.632202	0.039429
753	-0.632446	-0.005859
754	-0.628784	-0.011230
755	-0.632324	-0.034668
756	-0.640137	0.005615
757	-0.637573	0.054199
758	-0.635986	0.082764
759	-0.638306	0.057739
760	-0.639648	0.110229
761	-0.660522	0.076416
762	-0.657715	0.117798
763	-0.659546	0.139282
764	-0.650146	0.145142
765	-0.663330	0.146240
766	-0.653076	0.181763
767	-0.659912	0.171509
768	-0.667847	0.174438
769	-0.658325	0.216064
770	-0.654297	0.224609
771	-0.660522	0.217651
772	-0.645020	0.181763
773	-0.669067	0.196167
774	-0.674316	0.187866
775	-0.666504	0.195557
776	-0.675537	0.194702
777	-0.669678	0.217041
778	-0.656372	0.234619
779	-0.658447	0.204102
780	-0.659912	0.227051
781	-0.655151	0.191650
782	-0.632813	0.213501
783	-0.645264	0.252197
784	-0.631958	0.223633
785	-0.664551	0.267578
786	-0.660278	0.264038
787	-0.654785	0.258667
788	-0.651611	0.240112
789	-0.661011	0.226440
790	-0.664917	0.257080
791	-0.645264	0.243652
792	-0.642700	0.270630
793	-0.649780	0.235229
794	-0.643433	0.174805
795	-0.632568	0.175903
796	-0.637329	0.157104
797	-0.650269	0.176636
798	-0.628784	0.162476
799	-0.645386	0.139771
800	-0.646484	0.145020
801	-0.641357	0.121460
802	-0.632446	0.144165
803	-0.654053	0.139282
804	-0.650024	0.133667
805	-0.635864	0.129761
806	-0.624756	0.138794
807	-0.648682	0.138428
808	-0.646484	0.101196
809	-0.633911	0.103760
810	-0.646240	0.171631
811	-0.644165	0.127686
812	-0.634888	0.146362
813	-0.651123	0.202637
814	-0.651123	0.129395
815	-0.645630	0.167725
816	-0.647095	0.192139
817	-0.646484	0.190918
818	-0.655029	0.199219
819	-0.654419	0.154053
820	-0.652832	0.158081
821	-0.639404	0.171631
822	-0.643188	0.166382
823	-0.646606	0.161743
824	-0.652100	0.151123
825	-0.654541	0.133057
826	-0.659668	0.079224
827	-0.653442	0.102539
828	-0.644897	0.065308
829	-0.633301	0.093750
830	-0.648438	0.068237
831	-0.630981	0.050049
832	-0.641357	0.048218
833	-0.643433	0.003418
834	-0.654053	-0.043457
835	-0.640747	-0.041382
836	-0.643433	-0.046875
837	-0.652100	-0.025757
838	-0.652466	-0.006226
839	-0.644531	-0.025391
840	-0.641968	-0.044922
841	-0.665527	-0.067139
842	-0.653198	-0.098389
843	-0.636963	-0.113159
844	-0.651733	-0.174683
845	-0.651367	-0.226929
846	-0.643433	-0.196655
847	-0.645996	-0.088257
848	-0.636230	-0.089722
849	-0.640381	-0.092773
850	-0.631470	-0.114502
851	-0.646240	-0.088501
852	-0.639648	-0.102905
853	-0.632690	-0.083618
854	-0.625610	-0.093262
855	-0.629639	-0.072876
856	-0.628540	-0.060181
857	-0.620728	-0.036011
858	-0.632202	-0.066650
859	-0.632813	-0.089844
860	-0.627686	-0.039917
861	-0.636475	0.035645
862	-0.641235	0.011475
863	-0.655151	0.014526
864	-0.635376	0.024536
865	-0.645508	0.074219
866	-0.644531	0.113525
867	-0.629517	0.099243
868	-0.635376	0.067627
869	-0.656372	0.055298
870	-0.631592	0.047974
871	-0.642334	0.015381
872	-0.651245	-0.001099
873	-0.643433	-0.024414
874	-0.648804	-0.009766
875	-0.657104	0.064697
876	-0.655396	0.087158
877	-0.649170	0.132935
878	-0.648315	0.131348
879	-0.642456	0.163818
880	-0.645630	0.128052
881	-0.645020	0.156982
882	-0.658813	0.150391
883	-0.638184	0.141479
884	-0.639893	0.145996
885	-0.656494	0.149902
886	-0.641846	0.133179
887	-0.655396	0.172607
888	-0.656006	0.178833
889	-0.640991	0.143555
890	-0.658447	0.167847
891	-0.654663	0.182129
892	-0.642944	0.228638
893	-0.633911	0.294678
894	-0.645386	0.281006
895	-0.653320	0.282593
896	-0.642334	0.301147
897	-0.639160	0.274292
898	-0.649536	0.250732
899	-0.626709	0.225708
900	-0.639893	0.194458
901	-0.642822	0.133789
902	-0.634277	0.110107
903	-0.646240	0.089111
904	-0.629761	0.125854
905	-0.640625	0.177002
906	-0.650269	0.158691
907	-0.625488	0.184937
908	-0.634277	0.146362
909	-0.643677	0.149780
910	-0.623413	0.144775
911	-0.630371	0.117554
912	-0.633057	0.136108
913	-0.639160	0.094971
914	-0.652344	0.108765
915	-0.639282	0.120850
916	-0.653809	0.093384
917	-0.641357	0.125854
918	-0.640137	0.065918
919	-0.658691	0.081421
920	-0.656372	0.083618
921	-0.620483	0.066528
922	-0.645142	0.056030
923	-0.645996	0.116455
924	-0.647949	0.079468
925	-0.639648	0.051147
926	-0.655884	0.013672
927	-0.653687	-0.004639
928	-0.639038	-0.042603
929	-0.652466	0.008179
930	-0.654053	-0.010620
931	-0.631104	0.033203
932	-0.646729	0.040894
933	-0.638184	0.003662
934	-0.648926	-0.000122
935	-0.658081	0.000854
936	-0.654907	0.085938
937	-0.640869	0.088379
938	-0.643311	0.100830
939	-0.662720	0.118774
940	-0.643311	0.147583
941	-0.659058	0.155640
942	-0.640869	0.123779
943	-0.657104	0.140503
944	-0.644165	0.133545
945	-0.640625	0.067505
946	-0.647827	0.051758
947	-0.646118	0.115356
948	-0.652222	0.168945
949	-0.667480	0.183105
950	-0.657349	0.181641
951	-0.651855	0.182373
952	-0.643066	0.182373
953	-0.658203	0.144531
954	-0.654419	0.152954
955	-0.636597	0.152710
956	-0.636597	0.132446
957	-0.640015	0.144897
958	-0.640747	0.124512
959	-0.624146	0.144165
960	-0.649292	0.091797
961	-0.640137	0.143921
962	-0.632690	0.162598
963	-0.644043	0.238037
964	-0.637329	0.236328
965	-0.640869	0.253662
966	-0.657837	0.260864
967	-0.653809	0.272705
968	-0.651978	0.210815
969	-0.652100	0.195068
970	-0.657959	0.123901
971	-0.655029	0.130371
972	-0.640381	0.089722
973	-0.654541	0.134521
974	-0.649170	0.152954
975	-0.659302	0.136597
976	-0.659790	0.132935
977	-0.648682	0.171997
978	-0.649902	0.170410
979	-0.651733	0.093628
980	-0.649170	0.051514
981	-0.653076	0.053833
982	-0.643188	0.069336
983	-0.648315	0.039307
984	-0.648926	0.078857
985	-0.640991	0.078247
986	-0.649292	0.103516
987	-0.644409	0.113037
988	-0.641602	0.115112
989	-0.654541	0.115845
990	-0.661255	0.070679
991	-0.631714	0.132935
992	-0.660767	0.178467
993	-0.650269	0.150635
994	-0.661743	0.163452
995	-0.661743	0.146606
996	-0.640869	0.133057
997	-0.648804	0.162842
998	-0.658203	0.146851
999	-0.647339	0.146118
