0	-0.103516	-0.011597
1	-0.107422	0.004150
2	-0.099609	-0.014648
3	-0.110962	0.001343
4	-0.099365	0.002808
5	-0.108398	-0.016113
6	-0.106445	-0.008179
7	-0.109741	0.005127
8	-0.110107	0.010132
9	-0.110840	-0.017822
10	-0.094238	0.003418
11	-0.103882	-0.001831
12	-0.113770	-0.015259
13	-0.106934	-0.011719
14	-0.101563	-0.001709
15	-0.108032	0.015869
16	-0.107910	0.004150
17	-0.110596	0.003540
18	-0.111328	0.001465
19	-0.102905	0.020020
20	-0.105103	0.014282
21	-0.103638	0.007324
22	-0.093140	-0.011353
23	-0.105835	0.008057
24	-0.097412	-0.012573
25	-0.104614	0.007568
26	-0.105713	-0.000488
27	-0.115601	-0.000854
28	-0.102661	-0.021484
29	-0.101440	0.010010
30	-0.096802	0.008057
31	-0.098755	-0.001099
32	-0.113037	-0.010254
33	-0.104126	-0.008301
34	-0.112061	0.005615
35	-0.111450	-0.009399
36	-0.108276	0.003540
37	-0.104126	0.026733
38	-0.095337	-0.007446
39	-0.108398	0.011353
40	-0.106201	0.018311
41	-0.117310	-0.004761
42	-0.104004	0.001831
43	-0.111938	-0.011353
44	-0.110352	-0.005859
45	-0.106079	0.004639
46	-0.099731	-0.012207
47	-0.112915	0.015137
48	-0.112061	-0.004639
49	-0.108887	-0.013672
50	-0.116211	0.006714
51	-0.104370	-0.022095
52	-0.113525	0.023071
53	-0.106567	-0.007324
54	-0.103271	0.026978
55	-0.098022	-0.006836
56	-0.110107	-0.012939
57	-0.106201	-0.013794
58	-0.100952	-0.002930
59	-0.101807	0.023682
60	-0.099121	-0.021240
61	-0.105347	-0.012085
62	-0.109863	-0.003296
63	-0.109497	-0.008179
64	-0.107788	-0.003052
65	-0.105713	0.008179
66	-0.099976	0.006592
67	-0.099243	-0.000244
68	-0.099976	-0.008057
69	-0.103638	-0.000854
70	-0.098267	-0.012817
71	-0.100708	-0.003784
72	-0.098633	-0.017212
73	-0.097900	-0.008545
74	-0.101807	0.005127
75	-0.110229	-0.002563
76	-0.103760	-0.001587
77	-0.098389	0.005005
78	-0.098145	-0.001831
79	-0.096558	-0.009399
80	-0.099487	-0.006470
81	-0.096802	0.020264
82	-0.098511	0.015381
83	-0.088989	-0.013306
84	-0.098389	0.004272
85	-0.108521	0.000122
86	-0.099854	0.009033
87	-0.106934	0.016479
88	-0.102417	-0.015503
89	-0.106445	0.010864
90	-0.105225	-0.008545
91	-0.106812	-0.009155
92	-0.107178	0.015381
93	-0.104858	-0.024780
94	-0.104736	-0.010010
95	-0.106812	-0.011230
96	-0.110229	0.004395
97	-0.107178	0.021118
98	-0.102905	-0.014648
99	-0.107300	0.010498
100	-0.104980	0.007935
101	-0.101929	-0.000244
102	-0.100952	-0.007324
103	-0.112671	0.010498
104	-0.109985	-0.001709
105	-0.109741	-0.000732
106	-0.095825	0.001587
107	-0.099731	0.010620
108	-0.107056	0.009644
109	-0.100586	0.000488
110	-0.104126	0.000488
111	-0.107788	0.003296
112	-0.110352	-0.001587
113	-0.105835	-0.003906
114	-0.095337	-0.000977
115	-0.104248	-0.012207
116	-0.101440	0.010376
117	-0.104736	-0.005493
118	-0.099976	0.007202
119	-0.097656	0.009277
120	-0.106201	-0.006592
121	-0.097778	-0.002808
122	-0.098633	0.008667
123	-0.105713	0.005249
124	-0.101563	0.008911
125	-0.109497	-0.002808
126	-0.102539	-0.008911
127	-0.110718	-0.009277
128	-0.103516	0.005005
129	-0.097412	0.008667
130	-0.104004	-0.005493
131	-0.098633	-0.019409
132	-0.109253	0.004517
133	-0.112915	-0.023682
134	-0.098877	0.006836
135	-0.099487	-0.009644
136	-0.101318	0.009521
137	-0.095337	-0.000854
138	-0.109741	-0.004395
139	-0.102173	-0.000366
140	-0.096069	-0.013672
141	-0.105835	0.000732
142	-0.108154	-0.002319
143	-0.098145	-0.015625
144	-0.109375	-0.000122
145	-0.096680	-0.010498
146	-0.108887	-0.007324
147	-0.100464	-0.010254
148	-0.110352	-0.020996
149	-0.107422	0.001953
150	-0.104248	-0.013916
151	-0.109497	0.021118
152	-0.089111	0.018066
153	-0.101318	-0.000610
154	-0.099243	-0.000977
155	-0.104614	-0.000488
156	-0.104858	-0.011963
157	-0.102905	0.009033
158	-0.098267	0.007080
159	-0.091064	0.000488
160	-0.105713	0.005859
161	-0.115845	-0.006958
162	-0.109985	0.003784
163	-0.101807	0.004028
164	-0.102661	0.000366
165	-0.100952	-0.008911
166	-0.098633	0.009644
167	-0.102539	0.009399
168	-0.104492	0.002930
169	-0.104736	-0.007080
170	-0.100342	-0.016479
171	-0.106567	-0.010864
172	-0.104004	0.012085
173	-0.104980	-0.020996
174	-0.098267	-0.003784
175	-0.104370	0.005493
176	-0.102417	-0.002075
177	-0.100708	-0.011475
178	-0.104736	-0.005249
179	-0.106201	0.005249
180	-0.108765	0.011353
181	-0.106323	0.004883
182	-0.095459	0.011963
183	-0.100708	0.007568
184	-0.099976	0.013794
185	-0.096924	0.000244
186	-0.100220	-0.008789
187	-0.104736	-0.007935
188	-0.101318	0.005127
189	-0.110107	0.002441
190	-0.107910	0.004761
191	-0.104736	-0.010986
192	-0.107056	0.005615
193	-0.111084	-0.009521
194	-0.103882	-0.004639
195	-0.111572	0.009766
196	-0.114746	-0.005127
197	-0.103271	-0.001587
198	-0.107178	0.010132
199	-0.108276	0.000610
200	-0.104614	-0.002930
201	-0.099121	0.008545
202	-0.103882	-0.011475
203	-0.102783	0.013428
204	-0.105835	0.005615
205	-0.101929	-0.007446
206	-0.097290	-0.001099
207	-0.102417	-0.006958
208	-0.104980	0.018555
209	-0.104858	0.000244
210	-0.105591	-0.019165
211	-0.098511	-0.010010
212	-0.098755	-0.012573
213	-0.113281	0.005371
214	-0.104370	0.009888
215	-0.102417	0.007690
216	-0.104736	0.005127
217	-0.104370	0.010376
218	-0.106323	0.013550
219	-0.095459	0.012329
220	-0.101807	0.001831
221	-0.115112	-0.006592
222	-0.101929	0.015991
223	-0.108032	0.008301
224	-0.110352	-0.014648
225	-0.099609	-0.011963
226	-0.099609	0.008301
227	-0.101685	-0.014893
228	-0.100342	0.007202
229	-0.100342	-0.002197
230	-0.112549	-0.012085
231	-0.110474	0.004639
232	-0.105225	-0.018677
233	-0.103760	0.001465
234	-0.104370	0.012573
235	-0.095459	-0.003662
236	-0.103516	-0.005371
237	-0.103882	-0.001221
238	-0.104980	0.003052
239	-0.111450	-0.004395
240	-0.106323	0.010376
241	-0.110840	0.001953
242	-0.107910	0.028564
243	-0.115234	0.005737
244	-0.100708	-0.023804
245	-0.105225	0.006104
246	-0.105713	-0.001831
247	-0.103516	0.010132
248	-0.109497	0.008911
249	-0.107910	-0.010864
250	-0.104126	-0.010376
251	-0.096558	0.001099
252	-0.106323	0.002930
253	-0.095581	-0.008789
254	-0.106689	0.012085
255	-0.101440	0.007446
256	-0.108276	-0.011475
257	-0.108765	-0.027344
258	-0.100708	0.005127
259	-0.097046	-0.001953
260	-0.100586	-0.002930
261	-0.098633	-0.000610
262	-0.092285	0.011841
263	-0.098267	-0.010620
264	-0.094971	0.003418
265	-0.107300	-0.003052
266	-0.108887	0.007690
267	-0.105713	-0.007324
268	-0.098511	0.000854
269	-0.097534	-0.014038
270	-0.110962	0.003418
271	-0.106567	0.003906
272	-0.110718	0.015625
273	-0.097656	-0.003296
274	-0.110474	-0.005127
275	-0.096558	0.002686
276	-0.104126	-0.004395
277	-0.106445	0.002930
278	-0.097900	0.002441
279	-0.107788	0.014038
280	-0.113037	0.015503
281	-0.103760	-0.000854
282	-0.114136	-0.010742
283	-0.104126	0.004761
284	-0.094482	0.014038
285	-0.102905	0.005615
286	-0.097168	-0.002319
287	-0.104004	-0.005371
288	-0.112915	-0.010010
289	-0.108643	0.008179
290	-0.109253	-0.006592
291	-0.105835	0.001831
292	-0.107056	0.013306
293	-0.105469	-0.007568
294	-0.110718	0.011963
295	-0.114380	-0.002808
296	-0.114746	0.013062
297	-0.114258	-0.008301
298	-0.109253	-0.004761
299	-0.105835	-0.005005
300	-0.108032	-0.000366
301	-0.102539	0.016724
302	-0.092896	0.003662
303	-0.109741	0.015503
304	-0.101929	0.009033
305	-0.098633	-0.005371
306	-0.108521	0.007324
307	-0.106201	0.003174
308	-0.111206	-0.007324
309	-0.120605	-0.003296
310	-0.107178	0.001953
311	-0.100342	-0.021851
312	-0.103760	0.001343
313	-0.100464	-0.003540
314	-0.101685	-0.006348
315	-0.103027	-0.013062
316	-0.096191	0.013062
317	-0.098999	0.002319
318	-0.100098	-0.010620
319	-0.102539	-0.020142
320	-0.096924	0.019531
321	-0.098755	-0.010620
322	-0.102051	-0.000977
323	-0.114380	-0.000732
324	-0.098145	0.016113
325	-0.094238	-0.001343
326	-0.103394	-0.016724
327	-0.105713	0.011108
328	-0.107910	-0.004272
329	-0.098145	-0.011841
330	-0.103760	-0.016357
331	-0.102051	0.002686
332	-0.108521	-0.006592
333	-0.099609	-0.006226
334	-0.106079	0.001221
335	-0.107300	-0.004517
336	-0.102661	0.000000
337	-0.106079	0.008911
338	-0.098267	0.005127
339	-0.102539	-0.016235
340	-0.104126	-0.006836
341	-0.110840	-0.002686
342	-0.106445	-0.003296
343	-0.102661	0.016357
344	-0.106812	-0.000854
345	-0.099243	0.004272
346	-0.108032	-0.006836
347	-0.107056	0.001099
348	-0.101196	-0.011353
349	-0.095337	0.020020
350	-0.113647	0.016113
351	-0.103516	-0.009766
352	-0.107300	0.001831
353	-0.100464	-0.007935
354	-0.111572	0.000000
355	-0.110352	0.000000
356	-0.101807	0.014038
357	-0.110107	-0.007324
358	-0.107056	0.006104
359	-0.104248	0.004395
360	-0.102295	-0.009277
361	-0.101929	-0.009033
362	-0.104248	0.006104
363	-0.103394	-0.000488
364	-0.088135	0.000610
365	-0.097778	0.018188
366	-0.102539	0.002441
367	-0.109741	-0.003784
368	-0.106445	-0.017700
369	-0.107422	-0.008179
370	-0.102295	0.005127
371	-0.108154	-0.003784
372	-0.099487	0.004150
373	-0.098145	0.002930
374	-0.099854	0.002075
375	-0.099854	0.005615
376	-0.107300	0.005859
377	-0.103149	0.001343
378	-0.106201	0.007202
379	-0.101318	-0.011230
380	-0.108276	-0.012939
381	-0.103149	-0.007813
382	-0.097290	0.011963
383	-0.105591	-0.000610
384	-0.104248	-0.018555
385	-0.105469	0.004150
386	-0.105713	0.006348
387	-0.101807	-0.008667
388	-0.102905	0.006958
389	-0.104004	-0.003662
390	-0.104614	0.015991
391	-0.101196	0.000732
392	-0.101685	0.006592
393	-0.106812	-0.016113
394	-0.107300	0.003052
395	-0.104126	-0.000244
396	-0.100708	-0.002075
397	-0.099976	0.012573
398	-0.103882	-0.014038
399	-0.099487	-0.005127
400	-0.112549	0.021118
401	-0.103516	-0.014526
402	-0.106323	0.012329
403	-0.103271	-0.002319
404	-0.104614	0.000732
405	-0.104614	0.006104
406	-0.100586	-0.004639
407	-0.102295	0.005127
408	-0.107056	0.014282
409	-0.108765	0.016113
410	-0.110107	-0.008057
411	-0.106323	0.011475
412	-0.099121	0.005249
413	-0.106079	0.003540
414	-0.097412	-0.000732
415	-0.109131	-0.007813
416	-0.110962	0.024292
417	-0.113403	-0.010498
418	-0.103882	-0.010254
419	-0.101807	0.015991
420	-0.108643	-0.001343
421	-0.102051	0.008179
422	-0.099487	-0.010254
423	-0.110474	0.006470
424	-0.105103	-0.003052
425	-0.107788	0.007080
426	-0.103516	0.009521
427	-0.100098	-0.006470
428	-0.090576	-0.001953
429	-0.103271	0.007935
430	-0.103882	0.004761
431	-0.106812	0.012939
432	-0.100586	0.020386
433	-0.103638	-0.009277
434	-0.107422	-0.004272
435	-0.111328	0.004639
436	-0.103394	-0.005859
437	-0.099854	-0.000854
438	-0.103760	-0.005005
439	-0.108887	0.008545
440	-0.102661	0.002319
441	-0.099365	0.004028
442	-0.104248	-0.006836
443	-0.105103	0.006958
444	-0.106445	-0.000244
445	-0.104492	0.000488
446	-0.109253	0.006470
447	-0.105225	-0.011108
448	-0.112305	-0.001709
449	-0.102905	0.004272
450	-0.108276	0.000610
451	-0.098755	0.004150
452	-0.107910	0.009766
453	-0.103027	-0.012329
454	-0.103516	0.010742
455	-0.102539	0.012695
456	-0.101074	-0.011841
457	-0.103149	0.012817
458	-0.109863	0.005127
459	-0.101318	-0.001953
460	-0.112549	0.006348
461	-0.109375	-0.001587
462	-0.105591	0.005981
463	-0.103271	-0.006714
464	-0.110352	-0.009888
465	-0.098511	0.015137
466	-0.094971	-0.003418
467	-0.105225	-0.003540
468	-0.113159	0.009155
469	-0.107422	0.000977
470	-0.110474	-0.016357
471	-0.109375	0.008057
472	-0.110107	-0.011475
473	-0.104614	0.001953
474	-0.104370	0.000977
475	-0.105835	0.007690
476	-0.102661	0.011963
477	-0.104370	-0.027588
478	-0.108887	0.015747
479	-0.106567	-0.007202
480	-0.099854	0.001709
481	-0.089844	0.000610
482	-0.099854	-0.003296
483	-0.104126	-0.007935
484	-0.099731	-0.000977
485	-0.100952	0.022095
486	-0.100586	-0.004028
487	-0.102417	0.008545
488	-0.113159	-0.000366
489	-0.105225	-0.008911
490	-0.101318	0.005493
491	-0.101807	0.001831
492	-0.095703	-0.004395
493	-0.112427	-0.007446
494	-0.106445	-0.004761
495	-0.098389	-0.001953
496	-0.097168	-0.003906
497	-0.104492	-0.006714
498	-0.106079	0.016846
499	-0.112915	-0.016357
500	-0.109985	-0.005493
501	-0.105225	0.002441
502	-0.103516	0.001709
503	-0.104614	0.009399
504	-0.110596	-0.009644
505	-0.100220	0.000488
506	-0.100708	-0.007935
507	-0.099976	0.003906
508	-0.103516	-0.002319
509	-0.107300	-0.004639
510	-0.102539	0.002930
511	-0.100220	0.017334
512	-0.106567	0.019653
513	-0.086548	-0.002197
514	-0.096436	0.000366
515	-0.100952	-0.001953
516	-0.102051	-0.001343
517	-0.106079	-0.005005
518	-0.101318	-0.018066
519	-0.103027	0.005981
520	-0.103516	-0.001831
521	-0.110962	0.010986
522	-0.095825	-0.010376
523	-0.093384	-0.011353
524	-0.112427	0.000610
525	-0.100586	-0.000854
526	-0.101685	0.004395
527	-0.110596	0.002075
528	-0.103516	0.000122
529	-0.098755	-0.009644
530	-0.104858	0.008301
531	-0.105835	-0.016235
532	-0.105103	0.001343
533	-0.101929	0.008179
534	-0.107300	-0.005737
535	-0.109131	0.001465
536	-0.106323	-0.018066
537	-0.108521	0.004272
538	-0.099854	0.009521
539	-0.101563	0.002930
540	-0.093872	-0.006226
541	-0.106323	0.014526
542	-0.119019	-0.003662
543	-0.108765	0.003906
544	-0.097290	0.001099
545	-0.090820	-0.018677
546	-0.113647	-0.010498
547	-0.106934	0.011719
548	-0.115234	-0.005493
549	-0.103638	-0.001465
550	-0.101318	0.016235
551	-0.107544	-0.004150
552	-0.104370	-0.014038
553	-0.112427	-0.001099
554	-0.096924	0.000488
555	-0.092407	-0.010376
556	-0.100708	-0.002930
557	-0.101440	0.017944
558	-0.099609	-0.005737
559	-0.103638	0.005371
560	-0.105713	0.002808
561	-0.107666	-0.010254
562	-0.113281	-0.003906
563	-0.104370	-0.002930
564	-0.105713	0.003418
565	-0.105347	-0.006104
566	-0.094482	-0.001953
567	-0.098755	0.009399
568	-0.104126	0.015381
569	-0.099487	0.002075
570	-0.108032	0.002197
571	-0.103882	0.005615
572	-0.111450	-0.005493
573	-0.096924	-0.010132
574	-0.094238	0.005371
575	-0.105957	0.004517
576	-0.102051	-0.004639
577	-0.106812	0.002441
578	-0.107300	-0.006470
579	-0.116089	0.008057
580	-0.109375	0.000122
581	-0.099976	0.000366
582	-0.111816	0.010010
583	-0.103027	-0.001709
584	-0.105103	-0.015259
585	-0.094360	-0.010864
586	-0.100586	0.003418
587	-0.100586	0.016113
588	-0.103516	0.003296
589	-0.103516	0.007935
590	-0.099731	-0.011230
591	-0.094116	0.005737
592	-0.090698	0.003906
593	-0.095947	-0.014404
594	-0.109009	0.015625
595	-0.096436	-0.000122
596	-0.106445	0.028564
597	-0.112183	-0.006714
598	-0.105469	0.009277
599	-0.101318	0.001587
600	-0.111450	0.008911
601	-0.101807	-0.002930
602	-0.111328	0.004150
603	-0.105957	0.021484
604	-0.112915	-0.001587
605	-0.093994	0.006104
606	-0.099365	-0.014893
607	-0.101074	0.006714
608	-0.104736	0.003174
609	-0.100830	-0.003296
610	-0.110596	-0.004517
611	-0.111328	-0.013550
612	-0.104614	0.008667
613	-0.112427	-0.015503
614	-0.101196	0.001099
615	-0.104126	-0.008789
616	-0.107300	0.016113
617	-0.103882	-0.004517
618	-0.113281	0.012939
619	-0.102173	0.004028
620	-0.098877	0.009766
621	-0.103394	0.009521
622	-0.108276	0.010498
623	-0.104980	-0.023071
624	-0.108887	0.002075
625	-0.105225	0.004395
626	-0.108398	-0.001953
627	-0.099731	-0.019043
628	-0.094971	-0.000122
629	-0.104370	-0.005737
630	-0.108032	-0.002686
631	-0.109131	0.008911
632	-0.105591	-0.008911
633	-0.102417	0.005127
634	-0.096924	0.006470
635	-0.103027	-0.003052
636	-0.113525	0.003296
637	-0.093384	-0.002930
638	-0.101074	0.015137
639	-0.096802	-0.001831
640	-0.109985	0.005127
641	-0.111938	-0.003174
642	-0.101929	0.000000
643	-0.106079	-0.002808
644	-0.109009	0.016357
645	-0.104858	0.003418
646	-0.094116	-0.011475
647	-0.105835	0.001099
648	-0.097168	0.003052
649	-0.104980	0.004150
650	-0.100220	-0.009033
651	-0.103027	-0.006836
652	-0.097534	0.001953
653	-0.101929	0.005737
654	-0.101318	0.002441
655	-0.097412	0.001953
656	-0.111694	-0.005981
657	-0.108398	-0.007080
658	-0.115479	-0.010376
659	-0.101563	0.008179
660	-0.111084	-0.020874
661	-0.110596	-0.006836
662	-0.109375	-0.008057
663	-0.103149	-0.009521
664	-0.110840	0.007935
665	-0.107422	0.002319
666	-0.105591	0.015015
667	-0.105835	-0.014038
668	-0.107910	-0.032227
669	-0.107788	-0.000366
670	-0.103027	-0.005371
671	-0.108643	-0.013184
672	-0.109741	-0.020264
673	-0.109863	0.008057
674	-0.103027	-0.009155
675	-0.094360	-0.013062
676	-0.110107	-0.011841
677	-0.102173	-0.011963
678	-0.094727	0.006104
679	-0.109009	0.018311
680	-0.101929	0.004150
681	-0.101807	-0.001465
682	-0.102783	-0.018311
683	-0.102417	-0.001343
684	-0.104370	0.000366
685	-0.098389	-0.008545
686	-0.089111	0.004883
687	-0.104370	0.008301
688	-0.109619	-0.013184
689	-0.105957	0.000854
690	-0.109253	-0.003174
691	-0.110596	0.001587
692	-0.102661	0.004395
693	-0.103760	-0.009033
694	-0.100830	-0.003296
695	-0.104858	0.000000
696	-0.100342	0.003296
697	-0.094116	0.006714
698	-0.098999	-0.010010
699	-0.103149	-0.002808
700	-0.108398	-0.008911
701	-0.106079	0.007202
702	-0.104370	-0.002319
703	-0.103027	0.002441
704	-0.105957	-0.017700
705	-0.103394	0.005981
706	-0.098755	0.002441
707	-0.110596	0.006348
708	-0.098389	0.006592
709	-0.100952	-0.007568
710	-0.096558	0.001953
711	-0.099243	0.009033
712	-0.104492	0.001465
713	-0.109375	0.011353
714	-0.098267	0.012085
715	-0.094238	0.004395
716	-0.102905	0.000244
717	-0.103027	0.000732
718	-0.101929	0.004639
719	-0.098877	0.014404
720	-0.111450	-0.004517
721	-0.108521	-0.008545
722	-0.104370	-0.001099
723	-0.102539	-0.003906
724	-0.107300	0.003052
725	-0.104736	-0.014648
726	-0.104980	0.006104
727	-0.097778	-0.005005
728	-0.103027	-0.014648
729	-0.098267	-0.005615
730	-0.109985	0.013062
731	-0.103027	0.000977
732	-0.098389	-0.002930
733	-0.104248	0.005981
734	-0.108643	0.000488
735	-0.103027	-0.014893
736	-0.102539	0.009033
737	-0.095825	0.002686
738	-0.100708	0.011108
739	-0.103271	-0.003784
740	-0.098877	-0.004883
741	-0.108643	-0.004150
742	-0.102539	-0.013306
743	-0.096802	0.016602
744	-0.097168	-0.001709
745	-0.095703	0.007568
746	-0.102539	-0.005249
747	-0.099731	0.000366
748	-0.101196	0.016479
749	-0.104614	-0.009399
750	-0.108032	0.025024
751	-0.107544	0.001221
752	-0.110718	0.003174
753	-0.101440	0.021240
754	-0.094727	0.005859
755	-0.094971	-0.001221
756	-0.088013	0.010864
757	-0.090820	-0.008789
758	-0.108032	0.001953
759	-0.103516	0.011597
760	-0.108765	-0.004395
761	-0.097900	0.000732
762	-0.107056	0.011841
763	-0.098633	-0.006958
764	-0.098145	-0.002686
765	-0.100830	0.006592
766	-0.107300	0.010498
767	-0.103027	-0.010132
768	-0.108276	0.015015
769	-0.105225	0.001831
770	-0.102051	0.011963
771	-0.109741	-0.009644
772	-0.112427	0.020996
773	-0.107666	-0.003174
774	-0.103882	-0.002319
775	-0.106323	-0.001831
776	-0.103149	0.008789
777	-0.095825	-0.009399
778	-0.098267	-0.009888
779	-0.103149	0.018311
780	-0.108276	0.009521
781	-0.111694	0.005249
782	-0.103760	0.014526
783	-0.109497	-0.003540
784	-0.093750	-0.002563
785	-0.102295	0.001831
786	-0.105713	0.014160
787	-0.102661	0.000244
788	-0.089478	-0.010986
789	-0.097900	0.004150
790	-0.103882	0.018921
791	-0.101074	-0.003662
792	-0.089355	0.000854
793	-0.093628	-0.000122
794	-0.102539	-0.005493
795	-0.105103	0.003906
796	-0.102783	-0.011475
797	-0.101318	0.006958
798	-0.100342	0.005493
799	-0.094116	-0.010620
800	-0.104370	0.006958
801	-0.098389	-0.007080
802	-0.106567	0.000488
803	-0.103394	-0.002930
804	-0.112915	0.000732
805	-0.110596	-0.010254
806	-0.108398	0.002319
807	-0.106934	-0.007813
808	-0.106201	-0.002686
809	-0.102539	0.008423
810	-0.095825	0.003784
811	-0.095947	-0.000366
812	-0.109375	-0.010498
813	-0.105835	-0.001831
814	-0.100220	-0.010620
815	-0.108521	0.003296
816	-0.107788	0.001343
817	-0.098877	-0.004272
818	-0.108276	-0.010254
819	-0.099487	0.011963
820	-0.108398	-0.012085
821	-0.107056	-0.005371
822	-0.099365	0.009399
823	-0.101563	0.009521
824	-0.096802	-0.003174
825	-0.096680	0.004150
826	-0.112915	0.011841
827	-0.105469	-0.004395
828	-0.115723	-0.002808
829	-0.109009	-0.007446
830	-0.104736	-0.012329
831	-0.102783	0.003174
832	-0.100098	0.015259
833	-0.098267	-0.008423
834	-0.101440	-0.002319
835	-0.100464	0.003052
836	-0.099976	0.000732
837	-0.104126	-0.007446
838	-0.104614	0.012939
839	-0.094604	-0.016602
840	-0.106934	-0.000977
841	-0.098633	0.012329
842	-0.104248	0.000732
843	-0.104004	0.002075
844	-0.103271	-0.014404
845	-0.104370	0.001709
846	-0.107300	0.002686
847	-0.108154	-0.013184
848	-0.107178	0.002930
849	-0.101563	-0.002319
850	-0.108398	0.002197
851	-0.103516	0.010376
852	-0.104126	0.013794
853	-0.107788	0.001221
854	-0.104736	-0.010254
855	-0.105835	0.010864
856	-0.101196	-0.009399
857	-0.101074	-0.006104
858	-0.102173	0.018799
859	-0.099243	0.003906
860	-0.107544	-0.006348
861	-0.109497	0.016968
862	-0.110352	0.000977
863	-0.101929	-0.012207
864	-0.108154	0.015747
865	-0.112549	-0.001831
866	-0.112305	0.021484
867	-0.104858	0.003052
868	-0.103394	0.010498
869	-0.102295	-0.013428
870	-0.111206	-0.005249
871	-0.104004	0.002197
872	-0.098633	0.001099
873	-0.107666	-0.002563
874	-0.110962	-0.010864
875	-0.107544	0.009766
876	-0.111938	-0.003296
877	-0.112427	0.010864
878	-0.110840	0.004395
879	-0.101074	0.014526
880	-0.099976	-0.017212
881	-0.108887	0.007324
882	-0.095825	-0.000366
883	-0.100220	0.008423
884	-0.102173	-0.004272
885	-0.106934	-0.003052
886	-0.100098	0.000366
887	-0.104980	0.015625
888	-0.107422	-0.010132
889	-0.108398	0.008423
890	-0.093262	-0.014160
891	-0.107422	0.002319
892	-0.096802	0.001221
893	-0.102539	-0.001343
894	-0.100464	0.012207
895	-0.101318	0.012817
896	-0.106567	-0.013428
897	-0.097534	0.003906
898	-0.104980	-0.010986
899	-0.096802	-0.005737
900	-0.096924	-0.001221
901	-0.103882	-0.001709
902	-0.096924	-0.006104
903	-0.101440	0.002563
904	-0.095337	0.008667
905	-0.110474	0.000977
906	-0.101074	-0.011475
907	-0.101685	-0.011353
908	-0.105835	-0.009521
909	-0.111572	-0.006592
910	-0.104736	-0.002930
911	-0.106567	0.000366
912	-0.112427	-0.011353
913	-0.106934	-0.013794
914	-0.100830	-0.004395
915	-0.106812	0.011230
916	-0.115112	0.018799
917	-0.104492	-0.005005
918	-0.101563	0.001953
919	-0.108276	0.010132
920	-0.099609	-0.002319
921	-0.106567	0.002808
922	-0.107544	0.008545
923	-0.106689	0.023682
924	-0.104126	0.007202
925	-0.102417	0.008789
926	-0.099365	-0.004883
927	-0.101807	0.021484
928	-0.112915	-0.017944
929	-0.098022	0.008667
930	-0.103271	-0.003784
931	-0.103271	-0.005127
932	-0.097900	-0.005249
933	-0.094116	-0.004517
934	-0.103149	0.018555
935	-0.099365	-0.011597
936	-0.105835	-0.019409
937	-0.097900	0.000122
938	-0.103882	0.012817
939	-0.104492	0.002197
940	-0.109131	-0.013428
941	-0.101318	-0.004272
942	-0.103149	0.006592
943	-0.100586	-0.011963
944	-0.098633	-0.003784
945	-0.103394	0.005615
946	-0.108276	-0.000732
947	-0.108032	-0.000122
948	-0.111084	0.013672
949	-0.107056	-0.019775
950	-0.102051	0.024658
951	-0.104370	-0.015625
952	-0.102417	0.004883
953	-0.095337	0.000000
954	-0.111938	0.002441
955	-0.114258	0.003296
956	-0.105103	-0.005371
957	-0.108398	-0.010864
958	-0.103027	-0.001465
959	-0.093750	-0.010010
960	-0.105225	0.005249
961	-0.098633	-0.002197
962	-0.108521	-0.010010
963	-0.104492	-0.001099
964	-0.110718	0.000977
965	-0.106689	-0.024780
966	-0.104370	0.001831
967	-0.099365	0.001953
968	-0.098511	0.019653
969	-0.092773	-0.002197
970	-0.107300	0.004150
971	-0.104004	-0.010864
972	-0.100464	-0.015503
973	-0.109375	-0.007324
974	-0.093872	-0.012207
975	-0.108276	-0.005859
976	-0.110718	0.010132
977	-0.109619	-0.023438
978	-0.114258	0.017212
979	-0.100098	0.007568
980	-0.113892	0.015625
981	-0.105713	-0.003784
982	-0.106689	0.030151
983	-0.105225	-0.007813
984	-0.102051	-0.002441
985	-0.107422	-0.001587
986	-0.099976	0.010742
987	-0.102661	-0.001831
988	-0.110352	0.010376
989	-0.108154	0.008301
990	-0.106445	-0.004150
991	-0.096802	0.003296
992	-0.107788	-0.005127
993	-0.103882	0.005371
994	-0.113892	-0.005371
995	-0.111816	-0.004272
996	-0.103394	-0.000366
997	-0.106934	0.011841
998	-0.102783	0.001831
999	-0.100952	0.013794
