0	-0.995361	-0.997559
1	-0.997314	-0.998657
2	-0.995850	-0.997925
3	-0.995850	-0.997925
4	-0.995728	-0.997803
5	-0.996338	-0.998047
6	-0.995239	-0.997559
7	-0.994385	-0.997192
8	-0.995361	-0.997559
9	-0.995361	-0.997559
10	-0.995483	-0.997681
11	-0.993408	-0.996460
12	-0.995483	-0.997681
13	-0.993286	-0.996460
14	-0.996460	-0.998169
15	-0.994873	-0.997314
16	-0.994629	-0.997192
17	-0.996582	-0.998291
18	-0.995361	-0.997559
19	-0.993896	-0.996704
20	-0.994629	-0.997314
21	-0.995117	-0.997437
22	-0.996338	-0.998169
23	-0.997314	-0.998657
24	-0.995972	-0.997925
25	-0.995483	-0.997681
26	-0.995483	-0.997681
27	-0.995850	-0.997925
28	-0.994629	-0.997314
29	-0.994263	-0.997070
30	-0.996460	-0.998169
31	-0.994873	-0.997437
32	-0.994507	-0.997070
33	-0.995361	-0.997559
34	-0.996216	-0.997925
35	-0.997437	-0.998657
36	-0.993530	-0.996704
37	-0.995117	-0.997192
38	-0.994263	-0.997070
39	-0.996216	-0.998047
40	-0.994995	-0.997437
41	-0.996338	-0.998047
42	-0.995605	-0.997803
43	-0.995239	-0.997559
44	-0.996826	-0.998413
45	-0.995117	-0.997559
46	-0.994385	-0.997192
47	-0.993530	-0.996582
48	-0.995850	-0.997925
49	-0.997314	-0.998657
50	-0.996094	-0.998047
51	-0.996338	-0.998169
52	-0.995972	-0.997925
53	-0.996826	-0.998413
54	-0.994629	-0.997192
55	-0.995728	-0.997559
56	-0.996826	-0.998291
57	-0.995239	-0.997559
58	-0.994263	-0.996948
59	-0.996582	-0.998291
60	-0.995972	-0.997925
61	-0.994385	-0.997070
62	-0.995850	-0.997925
63	-0.996704	-0.998291
64	-0.993530	-0.996704
65	-0.994263	-0.996826
66	-0.995728	-0.997803
67	-0.994873	-0.997437
68	-0.996338	-0.998169
69	-0.996582	-0.998169
70	-0.994995	-0.996948
71	-0.995850	-0.997681
72	-0.995850	-0.997925
73	-0.996704	-0.998291
74	-0.994019	-0.996948
75	-0.995972	-0.997925
76	-0.994995	-0.997437
77	-0.995728	-0.997803
78	-0.996460	-0.998047
79	-0.994263	-0.996948
80	-0.995850	-0.997925
81	-0.995483	-0.997681
82	-0.996216	-0.997925
83	-0.994873	-0.997314
84	-0.993774	-0.996704
85	-0.996094	-0.997925
86	-0.995483	-0.997559
87	-0.995605	-0.997681
88	-0.998047	-0.999023
89	-0.994141	-0.996948
90	-0.996948	-0.998291
91	-0.995239	-0.997437
92	-0.995361	-0.997681
93	-0.996338	-0.998169
94	-0.996216	-0.998047
95	-0.996582	-0.998291
96	-0.996338	-0.998047
97	-0.996094	-0.998047
98	-0.994873	-0.997437
99	-0.996094	-0.998047
100	-0.995239	-0.997559
101	-0.993774	-0.996704
102	-0.995483	-0.997681
103	-0.995239	-0.997559
104	-0.994873	-0.997314
105	-0.993530	-0.996582
106	-0.995117	-0.997437
107	-0.995728	-0.997803
108	-0.993286	-0.996460
109	-0.994629	-0.997314
110	-0.994995	-0.997437
111	-0.994751	-0.997314
112	-0.994507	-0.997070
113	-0.996216	-0.998047
114	-0.996948	-0.998413
115	-0.995728	-0.997803
116	-0.996704	-0.998291
117	-0.995361	-0.997681
118	-0.995728	-0.997803
119	-0.992188	-0.995972
120	-0.995850	-0.997925
121	-0.994995	-0.996948
122	-0.995728	-0.997803
123	-0.996094	-0.998047
124	-0.994507	-0.997192
125	-0.994873	-0.997314
126	-0.995117	-0.997437
127	-0.998047	-0.999023
128	-0.996704	-0.998169
129	-0.994629	-0.996948
130	-0.996094	-0.998047
131	-0.997437	-0.998657
132	-0.996826	-0.998291
133	-0.994873	-0.997437
134	-0.995117	-0.997559
135	-0.993652	-0.996338
136	-0.994751	-0.997314
137	-0.994629	-0.997070
138	-0.995361	-0.997681
139	-0.995239	-0.997559
140	-0.993530	-0.996582
141	-0.995117	-0.997559
142	-0.994751	-0.997314
143	-0.995239	-0.997559
144	-0.996094	-0.998047
145	-0.996094	-0.998047
146	-0.996826	-0.998291
147	-0.996094	-0.998047
148	-0.994995	-0.997437
149	-0.994995	-0.997437
150	-0.992432	-0.995972
151	-0.994995	-0.997437
152	-0.995728	-0.997803
153	-0.995850	-0.997803
154	-0.995483	-0.997681
155	-0.996216	-0.998047
156	-0.995972	-0.997925
157	-0.993286	-0.996460
158	-0.995239	-0.997559
159	-0.994751	-0.997314
160	-0.994873	-0.997437
161	-0.994019	-0.996826
162	-0.997070	-0.998535
163	-0.994873	-0.997314
164	-0.996582	-0.998291
165	-0.995239	-0.997559
166	-0.997681	-0.998779
167	-0.995361	-0.997681
168	-0.996216	-0.998047
169	-0.995117	-0.997559
170	-0.994995	-0.997437
171	-0.994263	-0.997070
172	-0.995605	-0.997803
173	-0.995972	-0.997803
174	-0.995850	-0.997681
175	-0.996094	-0.998047
176	-0.996948	-0.998413
177	-0.994629	-0.997192
178	-0.995972	-0.997925
179	-0.996094	-0.997925
180	-0.994385	-0.997070
181	-0.997070	-0.998535
182	-0.995117	-0.997314
183	-0.994019	-0.996826
184	-0.994995	-0.997437
185	-0.996460	-0.998169
186	-0.995972	-0.997925
187	-0.995728	-0.997559
188	-0.995605	-0.997803
189	-0.996460	-0.998169
190	-0.994751	-0.997070
191	-0.996338	-0.998169
192	-0.994751	-0.997314
193	-0.994995	-0.997437
194	-0.995117	-0.997437
195	-0.993530	-0.996704
196	-0.996094	-0.998047
197	-0.995239	-0.997559
198	-0.996460	-0.998169
199	-0.996338	-0.998169
200	-0.996094	-0.998047
201	-0.994385	-0.997192
202	-0.995117	-0.997437
203	-0.994751	-0.997192
204	-0.996338	-0.998169
205	-0.995972	-0.997803
206	-0.995117	-0.997314
207	-0.995850	-0.997925
208	-0.996460	-0.998169
209	-0.996704	-0.998291
210	-0.994629	-0.997192
211	-0.995972	-0.997803
212	-0.997070	-0.998535
213	-0.996704	-0.998169
214	-0.996338	-0.998169
215	-0.994507	-0.997070
216	-0.994995	-0.997437
217	-0.996338	-0.998169
218	-0.994629	-0.997314
219	-0.995483	-0.997681
220	-0.995361	-0.997681
221	-0.996094	-0.997925
222	-0.996338	-0.997925
223	-0.994141	-0.996948
224	-0.997314	-0.998657
225	-0.995117	-0.997559
226	-0.994507	-0.997192
227	-0.995117	-0.997437
228	-0.996704	-0.998291
229	-0.996948	-0.998413
230	-0.995972	-0.997925
231	-0.994507	-0.997192
232	-0.994141	-0.996826
233	-0.995239	-0.997559
234	-0.996460	-0.998169
235	-0.996826	-0.998413
236	-0.997070	-0.998413
237	-0.997314	-0.998657
238	-0.995850	-0.997925
239	-0.993652	-0.996704
240	-0.993164	-0.996216
241	-0.994629	-0.997070
242	-0.995483	-0.997681
243	-0.995850	-0.997803
244	-0.995972	-0.997925
245	-0.995361	-0.997559
246	-0.995483	-0.997681
247	-0.995483	-0.997681
248	-0.993774	-0.996704
249	-0.995483	-0.997681
250	-0.994507	-0.997070
251	-0.993652	-0.996704
252	-0.996216	-0.998047
253	-0.995972	-0.997925
254	-0.996582	-0.998291
255	-0.994751	-0.997314
256	-0.995361	-0.997559
257	-0.997314	-0.998657
258	-0.995850	-0.997925
259	-0.995850	-0.997925
260	-0.995728	-0.997803
261	-0.996338	-0.998047
262	-0.995239	-0.997559
263	-0.994385	-0.997192
264	-0.995361	-0.997559
265	-0.995361	-0.997559
266	-0.995483	-0.997681
267	-0.993408	-0.996460
268	-0.995483	-0.997681
269	-0.993286	-0.996460
270	-0.996460	-0.998169
271	-0.994873	-0.997314
272	-0.994629	-0.997192
273	-0.996582	-0.998291
274	-0.995361	-0.997559
275	-0.993896	-0.996704
276	-0.994629	-0.997314
277	-0.995117	-0.997437
278	-0.996338	-0.998169
279	-0.997314	-0.998657
280	-0.995972	-0.997925
281	-0.995483	-0.997681
282	-0.995483	-0.997681
283	-0.995850	-0.997925
284	-0.994629	-0.997314
285	-0.994263	-0.997070
286	-0.996460	-0.998169
287	-0.994873	-0.997437
288	-0.994507	-0.997070
289	-0.995361	-0.997559
290	-0.996216	-0.997925
291	-0.997437	-0.998657
292	-0.993530	-0.996704
293	-0.995117	-0.997192
294	-0.994263	-0.997070
295	-0.996216	-0.998047
296	-0.994995	-0.997437
297	-0.996338	-0.998047
298	-0.995605	-0.997803
299	-0.995239	-0.997559
300	-0.996826	-0.998413
301	-0.995117	-0.997559
302	-0.994385	-0.997192
303	-0.993530	-0.996582
304	-0.995850	-0.997925
305	-0.997314	-0.998657
306	-0.996094	-0.998047
307	-0.996338	-0.998169
308	-0.995972	-0.997925
309	-0.996826	-0.998413
310	-0.994629	-0.997192
311	-0.995728	-0.997559
312	-0.996826	-0.998291
313	-0.995239	-0.997559
314	-0.994263	-0.996948
315	-0.996582	-0.998291
316	-0.995972	-0.997925
317	-0.994385	-0.997070
318	-0.995850	-0.997925
319	-0.996704	-0.998291
320	-0.993530	-0.996704
321	-0.994263	-0.996826
322	-0.995728	-0.997803
323	-0.994873	-0.997437
324	-0.996338	-0.998169
325	-0.996582	-0.998169
326	-0.994995	-0.996948
327	-0.995850	-0.997681
328	-0.995850	-0.997925
329	-0.996704	-0.998291
330	-0.994019	-0.996948
331	-0.995972	-0.997925
332	-0.994995	-0.997437
333	-0.995728	-0.997803
334	-0.996460	-0.998047
335	-0.994263	-0.996948
336	-0.995850	-0.997925
337	-0.995483	-0.997681
338	-0.996216	-0.997925
339	-0.994873	-0.997314
340	-0.993774	-0.996704
341	-0.996094	-0.997925
342	-0.995483	-0.997559
343	-0.995605	-0.997681
344	-0.998047	-0.999023
345	-0.994141	-0.996948
346	-0.996948	-0.998291
347	-0.995239	-0.997437
348	-0.995361	-0.997681
349	-0.996338	-0.998169
350	-0.996216	-0.998047
351	-0.996582	-0.998291
352	-0.996338	-0.998047
353	-0.996094	-0.998047
354	-0.994873	-0.997437
355	-0.996094	-0.998047
356	-0.995239	-0.997559
357	-0.993774	-0.996704
358	-0.995483	-0.997681
359	-0.995239	-0.997559
360	-0.994873	-0.997314
361	-0.993530	-0.996582
362	-0.995117	-0.997437
363	-0.995728	-0.997803
364	-0.993286	-0.996460
365	-0.994629	-0.997314
366	-0.994995	-0.997437
367	-0.994751	-0.997314
368	-0.994507	-0.997070
369	-0.996216	-0.998047
370	-0.996948	-0.998413
371	-0.995728	-0.997803
372	-0.996704	-0.998291
373	-0.995361	-0.997681
374	-0.995728	-0.997803
375	-0.992188	-0.995972
376	-0.995850	-0.997925
377	-0.994995	-0.996948
378	-0.995728	-0.997803
379	-0.996094	-0.998047
380	-0.994507	-0.997192
381	-0.994873	-0.997314
382	-0.995117	-0.997437
383	-0.998047	-0.999023
384	-0.996704	-0.998169
385	-0.994629	-0.996948
386	-0.996094	-0.998047
387	-0.997437	-0.998657
388	-0.996826	-0.998291
389	-0.994873	-0.997437
390	-0.995117	-0.997559
391	-0.993652	-0.996338
392	-0.994751	-0.997314
393	-0.994629	-0.997070
394	-0.995361	-0.997681
395	-0.995239	-0.997559
396	-0.993530	-0.996582
397	-0.995117	-0.997559
398	-0.994751	-0.997314
399	-0.995239	-0.997559
400	-0.996094	-0.998047
401	-0.996094	-0.998047
402	-0.996826	-0.998291
403	-0.996094	-0.998047
404	-0.994995	-0.997437
405	-0.994995	-0.997437
406	-0.992432	-0.995972
407	-0.994995	-0.997437
408	-0.995728	-0.997803
409	-0.995850	-0.997803
410	-0.995483	-0.997681
411	-0.996216	-0.998047
412	-0.995972	-0.997925
413	-0.993286	-0.996460
414	-0.995239	-0.997559
415	-0.994751	-0.997314
416	-0.994873	-0.997437
417	-0.994019	-0.996826
418	-0.997070	-0.998535
419	-0.994873	-0.997314
420	-0.996582	-0.998291
421	-0.995239	-0.997559
422	-0.997681	-0.998779
423	-0.995361	-0.997681
424	-0.996216	-0.998047
425	-0.995117	-0.997559
426	-0.994995	-0.997437
427	-0.994263	-0.997070
428	-0.995605	-0.997803
429	-0.995972	-0.997803
430	-0.995850	-0.997681
431	-0.996094	-0.998047
432	-0.996948	-0.998413
433	-0.994629	-0.997192
434	-0.995972	-0.997925
435	-0.996094	-0.997925
436	-0.994385	-0.997070
437	-0.997070	-0.998535
438	-0.995117	-0.997314
439	-0.994019	-0.996826
440	-0.994995	-0.997437
441	-0.996460	-0.998169
442	-0.995972	-0.997925
443	-0.995728	-0.997559
444	-0.995605	-0.997803
445	-0.996460	-0.998169
446	-0.994751	-0.997070
447	-0.996338	-0.998169
448	-0.994751	-0.997314
449	-0.994995	-0.997437
450	-0.995117	-0.997437
451	-0.993530	-0.996704
452	-0.996094	-0.998047
453	-0.995239	-0.997559
454	-0.996460	-0.998169
455	-0.996338	-0.998169
456	-0.996094	-0.998047
457	-0.994385	-0.997192
458	-0.995117	-0.997437
459	-0.994751	-0.997192
460	-0.996338	-0.998169
461	-0.995972	-0.997803
462	-0.995117	-0.997314
463	-0.995850	-0.997925
464	-0.996460	-0.998169
465	-0.996704	-0.998291
466	-0.994629	-0.997192
467	-0.995972	-0.997803
468	-0.997070	-0.998535
469	-0.996704	-0.998169
470	-0.996338	-0.998169
471	-0.994507	-0.997070
472	-0.994995	-0.997437
473	-0.996338	-0.998169
474	-0.994629	-0.997314
475	-0.995483	-0.997681
476	-0.995361	-0.997681
477	-0.996094	-0.997925
478	-0.996338	-0.997925
479	-0.994141	-0.996948
480	-0.997314	-0.998657
481	-0.995117	-0.997559
482	-0.994507	-0.997192
483	-0.995117	-0.997437
484	-0.996704	-0.998291
485	-0.996948	-0.998413
486	-0.995972	-0.997925
487	-0.994507	-0.997192
488	-0.994141	-0.996826
489	-0.995239	-0.997559
490	-0.996460	-0.998169
491	-0.996826	-0.998413
492	-0.997070	-0.998413
493	-0.997314	-0.998657
494	-0.995850	-0.997925
495	-0.993652	-0.996704
496	-0.993164	-0.996216
497	-0.994629	-0.997070
498	-0.995483	-0.997681
499	-0.995850	-0.997803
500	-0.995972	-0.997925
501	-0.995361	-0.997559
502	-0.995483	-0.997681
503	-0.995483	-0.997681
504	-0.993774	-0.996704
505	-0.995483	-0.997681
506	-0.994507	-0.997070
507	-0.993652	-0.996704
508	-0.996216	-0.998047
509	-0.995972	-0.997925
510	-0.996582	-0.998291
511	-0.994751	-0.997314
512	-0.995361	-0.997559
513	-0.997314	-0.998657
514	-0.995850	-0.997925
515	-0.995850	-0.997925
516	-0.995728	-0.997803
517	-0.996338	-0.998047
518	-0.995239	-0.997559
519	-0.994385	-0.997192
520	-0.995361	-0.997559
521	-0.995361	-0.997559
522	-0.995483	-0.997681
523	-0.993408	-0.996460
524	-0.995483	-0.997681
525	-0.993286	-0.996460
526	-0.996460	-0.998169
527	-0.994873	-0.997314
528	-0.994629	-0.997192
529	-0.996582	-0.998291
530	-0.995361	-0.997559
531	-0.993896	-0.996704
532	-0.994629	-0.997314
533	-0.995117	-0.997437
534	-0.996338	-0.998169
535	-0.997314	-0.998657
536	-0.995972	-0.997925
537	-0.995483	-0.997681
538	-0.995483	-0.997681
539	-0.995850	-0.997925
540	-0.994629	-0.997314
541	-0.994263	-0.997070
542	-0.996460	-0.998169
543	-0.994873	-0.997437
544	-0.994507	-0.997070
545	-0.995361	-0.997559
546	-0.996216	-0.997925
547	-0.997437	-0.998657
548	-0.993530	-0.996704
549	-0.995117	-0.997192
550	-0.994263	-0.997070
551	-0.996216	-0.998047
552	-0.994995	-0.997437
553	-0.996338	-0.998047
554	-0.995605	-0.997803
555	-0.995239	-0.997559
556	-0.996826	-0.998413
557	-0.995117	-0.997559
558	-0.994385	-0.997192
559	-0.993530	-0.996582
560	-0.995850	-0.997925
561	-0.997314	-0.998657
562	-0.996094	-0.998047
563	-0.996338	-0.998169
564	-0.995972	-0.997925
565	-0.996826	-0.998413
566	-0.994629	-0.997192
567	-0.995728	-0.997559
568	-0.996826	-0.998291
569	-0.995239	-0.997559
570	-0.994263	-0.996948
571	-0.996582	-0.998291
572	-0.995972	-0.997925
573	-0.994385	-0.997070
574	-0.995850	-0.997925
575	-0.996704	-0.998291
576	-0.993530	-0.996704
577	-0.994263	-0.996826
578	-0.995728	-0.997803
579	-0.994873	-0.997437
580	-0.996338	-0.998169
581	-0.996582	-0.998169
582	-0.994995	-0.996948
583	-0.995850	-0.997681
584	-0.995850	-0.997925
585	-0.996704	-0.998291
586	-0.994019	-0.996948
587	-0.995972	-0.997925
588	-0.994995	-0.997437
589	-0.995728	-0.997803
590	-0.996460	-0.998047
591	-0.994263	-0.996948
592	-0.995850	-0.997925
593	-0.995483	-0.997681
594	-0.996216	-0.997925
595	-0.994873	-0.997314
596	-0.993774	-0.996704
597	-0.996094	-0.997925
598	-0.995483	-0.997559
599	-0.995605	-0.997681
600	-0.998047	-0.999023
601	-0.994141	-0.996948
602	-0.996948	-0.998291
603	-0.995239	-0.997437
604	-0.995361	-0.997681
605	-0.996338	-0.998169
606	-0.996216	-0.998047
607	-0.996582	-0.998291
608	-0.996338	-0.998047
609	-0.996094	-0.998047
610	-0.994873	-0.997437
611	-0.996094	-0.998047
612	-0.995239	-0.997559
613	-0.993774	-0.996704
614	-0.995483	-0.997681
615	-0.995239	-0.997559
616	-0.994873	-0.997314
617	-0.993530	-0.996582
618	-0.995117	-0.997437
619	-0.995728	-0.997803
620	-0.993286	-0.996460
621	-0.994629	-0.997314
622	-0.994995	-0.997437
623	-0.994751	-0.997314
624	-0.994507	-0.997070
625	-0.996216	-0.998047
626	-0.996948	-0.998413
627	-0.995728	-0.997803
628	-0.996704	-0.998291
629	-0.995361	-0.997681
630	-0.995728	-0.997803
631	-0.992188	-0.995972
632	-0.995850	-0.997925
633	-0.994995	-0.996948
634	-0.995728	-0.997803
635	-0.996094	-0.998047
636	-0.994507	-0.997192
637	-0.994873	-0.997314
638	-0.995117	-0.997437
639	-0.998047	-0.999023
640	-0.996704	-0.998169
641	-0.994629	-0.996948
642	-0.996094	-0.998047
643	-0.997437	-0.998657
644	-0.996826	-0.998291
645	-0.994873	-0.997437
646	-0.995117	-0.997559
647	-0.993652	-0.996338
648	-0.994751	-0.997314
649	-0.994629	-0.997070
650	-0.995361	-0.997681
651	-0.995239	-0.997559
652	-0.993530	-0.996582
653	-0.995117	-0.997559
654	-0.994751	-0.997314
655	-0.995239	-0.997559
656	-0.996094	-0.998047
657	-0.996094	-0.998047
658	-0.996826	-0.998291
659	-0.996094	-0.998047
660	-0.994995	-0.997437
661	-0.994995	-0.997437
662	-0.992432	-0.995972
663	-0.994995	-0.997437
664	-0.995728	-0.997803
665	-0.995850	-0.997803
666	-0.995483	-0.997681
667	-0.996216	-0.998047
668	-0.995972	-0.997925
669	-0.993286	-0.996460
670	-0.995239	-0.997559
671	-0.994751	-0.997314
672	-0.994873	-0.997437
673	-0.994019	-0.996826
674	-0.997070	-0.998535
675	-0.994873	-0.997314
676	-0.996582	-0.998291
677	-0.995239	-0.997559
678	-0.997681	-0.998779
679	-0.995361	-0.997681
680	-0.996216	-0.998047
681	-0.995117	-0.997559
682	-0.994995	-0.997437
683	-0.994263	-0.997070
684	-0.995605	-0.997803
685	-0.995972	-0.997803
686	-0.995850	-0.997681
687	-0.996094	-0.998047
688	-0.996948	-0.998413
689	-0.994629	-0.997192
690	-0.995972	-0.997925
691	-0.996094	-0.997925
692	-0.994385	-0.997070
693	-0.997070	-0.998535
694	-0.995117	-0.997314
695	-0.994019	-0.996826
696	-0.994995	-0.997437
697	-0.996460	-0.998169
698	-0.995972	-0.997925
699	-0.995728	-0.997559
700	-0.995605	-0.997803
701	-0.996460	-0.998169
702	-0.994751	-0.997070
703	-0.996338	-0.998169
704	-0.994751	-0.997314
705	-0.994995	-0.997437
706	-0.995117	-0.997437
707	-0.993530	-0.996704
708	-0.996094	-0.998047
709	-0.995239	-0.997559
710	-0.996460	-0.998169
711	-0.996338	-0.998169
712	-0.996094	-0.998047
713	-0.994385	-0.997192
714	-0.995117	-0.997437
715	-0.994751	-0.997192
716	-0.996338	-0.998169
717	-0.995972	-0.997803
718	-0.995117	-0.997314
719	-0.995850	-0.997925
720	-0.996460	-0.998169
721	-0.996704	-0.998291
722	-0.994629	-0.997192
723	-0.995972	-0.997803
724	-0.997070	-0.998535
725	-0.996704	-0.998169
726	-0.996338	-0.998169
727	-0.994507	-0.997070
728	-0.994995	-0.997437
729	-0.996338	-0.998169
730	-0.994629	-0.997314
731	-0.995483	-0.997681
732	-0.995361	-0.997681
733	-0.996094	-0.997925
734	-0.996338	-0.997925
735	-0.994141	-0.996948
736	-0.997314	-0.998657
737	-0.995117	-0.997559
738	-0.994507	-0.997192
739	-0.995117	-0.997437
740	-0.996704	-0.998291
741	-0.996948	-0.998413
742	-0.995972	-0.997925
743	-0.994507	-0.997192
744	-0.994141	-0.996826
745	-0.995239	-0.997559
746	-0.996460	-0.998169
747	-0.996826	-0.998413
748	-0.997070	-0.998413
749	-0.997314	-0.998657
750	-0.995850	-0.997925
751	-0.993652	-0.996704
752	-0.993164	-0.996216
753	-0.994629	-0.997070
754	-0.995483	-0.997681
755	-0.995850	-0.997803
756	-0.995972	-0.997925
757	-0.995361	-0.997559
758	-0.995483	-0.997681
759	-0.995483	-0.997681
760	-0.993774	-0.996704
761	-0.995483	-0.997681
762	-0.994507	-0.997070
763	-0.993652	-0.996704
764	-0.996216	-0.998047
765	-0.995972	-0.997925
766	-0.996582	-0.998291
767	-0.994751	-0.997314
768	-0.995361	-0.997559
769	-0.997314	-0.998657
770	-0.995850	-0.997925
771	-0.995850	-0.997925
772	-0.995728	-0.997803
773	-0.996338	-0.998047
774	-0.995239	-0.997559
775	-0.994385	-0.997192
776	-0.995361	-0.997559
777	-0.995361	-0.997559
778	-0.995483	-0.997681
779	-0.993408	-0.996460
780	-0.995483	-0.997681
781	-0.993286	-0.996460
782	-0.996460	-0.998169
783	-0.994873	-0.997314
784	-0.994629	-0.997192
785	-0.996582	-0.998291
786	-0.995361	-0.997559
787	-0.993896	-0.996704
788	-0.994629	-0.997314
789	-0.995117	-0.997437
790	-0.996338	-0.998169
791	-0.997314	-0.998657
792	-0.995972	-0.997925
793	-0.995483	-0.997681
794	-0.995483	-0.997681
795	-0.995850	-0.997925
796	-0.994629	-0.997314
797	-0.994263	-0.997070
798	-0.996460	-0.998169
799	-0.994873	-0.997437
800	-0.994507	-0.997070
801	-0.995361	-0.997559
802	-0.996216	-0.997925
803	-0.997437	-0.998657
804	-0.993530	-0.996704
805	-0.995117	-0.997192
806	-0.994263	-0.997070
807	-0.996216	-0.998047
808	-0.994995	-0.997437
809	-0.996338	-0.998047
810	-0.995605	-0.997803
811	-0.995239	-0.997559
812	-0.996826	-0.998413
813	-0.995117	-0.997559
814	-0.994385	-0.997192
815	-0.993530	-0.996582
816	-0.995850	-0.997925
817	-0.997314	-0.998657
818	-0.996094	-0.998047
819	-0.996338	-0.998169
820	-0.995972	-0.997925
821	-0.996826	-0.998413
822	-0.994629	-0.997192
823	-0.995728	-0.997559
824	-0.996826	-0.998291
825	-0.995239	-0.997559
826	-0.994263	-0.996948
827	-0.996582	-0.998291
828	-0.995972	-0.997925
829	-0.994385	-0.997070
830	-0.995850	-0.997925
831	-0.996704	-0.998291
832	-0.993530	-0.996704
833	-0.994263	-0.996826
834	-0.995728	-0.997803
835	-0.994873	-0.997437
836	-0.996338	-0.998169
837	-0.996582	-0.998169
838	-0.994995	-0.996948
839	-0.995850	-0.997681
840	-0.995850	-0.997925
841	-0.996704	-0.998291
842	-0.994019	-0.996948
843	-0.995972	-0.997925
844	-0.994995	-0.997437
845	-0.995728	-0.997803
846	-0.996460	-0.998047
847	-0.994263	-0.996948
848	-0.995850	-0.997925
849	-0.995483	-0.997681
850	-0.996216	-0.997925
851	-0.994873	-0.997314
852	-0.993774	-0.996704
853	-0.996094	-0.997925
854	-0.995483	-0.997559
855	-0.995605	-0.997681
856	-0.998047	-0.999023
857	-0.994141	-0.996948
858	-0.996948	-0.998291
859	-0.995239	-0.997437
860	-0.995361	-0.997681
861	-0.996338	-0.998169
862	-0.996216	-0.998047
863	-0.996582	-0.998291
864	-0.996338	-0.998047
865	-0.996094	-0.998047
866	-0.994873	-0.997437
867	-0.996094	-0.998047
868	-0.995239	-0.997559
869	-0.993774	-0.996704
870	-0.995483	-0.997681
871	-0.995239	-0.997559
872	-0.994873	-0.997314
873	-0.993530	-0.996582
874	-0.995117	-0.997437
875	-0.995728	-0.997803
876	-0.993286	-0.996460
877	-0.994629	-0.997314
878	-0.994995	-0.997437
879	-0.994751	-0.997314
880	-0.994507	-0.997070
881	-0.996216	-0.998047
882	-0.996948	-0.998413
883	-0.995728	-0.997803
884	-0.996704	-0.998291
885	-0.995361	-0.997681
886	-0.995728	-0.997803
887	-0.992188	-0.995972
888	-0.995850	-0.997925
889	-0.994995	-0.996948
890	-0.995728	-0.997803
891	-0.996094	-0.998047
892	-0.994507	-0.997192
893	-0.994873	-0.997314
894	-0.995117	-0.997437
895	-0.998047	-0.999023
896	-0.996704	-0.998169
897	-0.994629	-0.996948
898	-0.996094	-0.998047
899	-0.997437	-0.998657
900	-0.996826	-0.998291
901	-0.994873	-0.997437
902	-0.995117	-0.997559
903	-0.993652	-0.996338
904	-0.994751	-0.997314
905	-0.994629	-0.997070
906	-0.995361	-0.997681
907	-0.995239	-0.997559
908	-0.993530	-0.996582
909	-0.995117	-0.997559
910	-0.994751	-0.997314
911	-0.995239	-0.997559
912	-0.996094	-0.998047
913	-0.996094	-0.998047
914	-0.996826	-0.998291
915	-0.996094	-0.998047
916	-0.994995	-0.997437
917	-0.994995	-0.997437
918	-0.992432	-0.995972
919	-0.994995	-0.997437
920	-0.995728	-0.997803
921	-0.995850	-0.997803
922	-0.995483	-0.997681
923	-0.996216	-0.998047
924	-0.995972	-0.997925
925	-0.993286	-0.996460
926	-0.995239	-0.997559
927	-0.994751	-0.997314
928	-0.994873	-0.997437
929	-0.994019	-0.996826
930	-0.997070	-0.998535
931	-0.994873	-0.997314
932	-0.996582	-0.998291
933	-0.995239	-0.997559
934	-0.997681	-0.998779
935	-0.995361	-0.997681
936	-0.996216	-0.998047
937	-0.995117	-0.997559
938	-0.994995	-0.997437
939	-0.994263	-0.997070
940	-0.995605	-0.997803
941	-0.995972	-0.997803
942	-0.995850	-0.997681
943	-0.996094	-0.998047
944	-0.996948	-0.998413
945	-0.994629	-0.997192
946	-0.995972	-0.997925
947	-0.996094	-0.997925
948	-0.994385	-0.997070
949	-0.997070	-0.998535
950	-0.995117	-0.997314
951	-0.994019	-0.996826
952	-0.994995	-0.997437
953	-0.996460	-0.998169
954	-0.995972	-0.997925
955	-0.995728	-0.997559
956	-0.995605	-0.997803
957	-0.996460	-0.998169
958	-0.994751	-0.997070
959	-0.996338	-0.998169
960	-0.994751	-0.997314
961	-0.994995	-0.997437
962	-0.995117	-0.997437
963	-0.993530	-0.996704
964	-0.996094	-0.998047
965	-0.995239	-0.997559
966	-0.996460	-0.998169
967	-0.996338	-0.998169
968	-0.996094	-0.998047
969	-0.994385	-0.997192
970	-0.995117	-0.997437
971	-0.994751	-0.997192
972	-0.996338	-0.998169
973	-0.995972	-0.997803
974	-0.995117	-0.997314
975	-0.995850	-0.997925
976	-0.996460	-0.998169
977	-0.996704	-0.998291
978	-0.994629	-0.997192
979	-0.995972	-0.997803
980	-0.997070	-0.998535
981	-0.996704	-0.998169
982	-0.996338	-0.998169
983	-0.994507	-0.997070
984	-0.994995	-0.997437
985	-0.996338	-0.998169
986	-0.994629	-0.997314
987	-0.995483	-0.997681
988	-0.995361	-0.997681
989	-0.996094	-0.997925
990	-0.996338	-0.997925
991	-0.994141	-0.996948
992	-0.997314	-0.998657
993	-0.995117	-0.997559
994	-0.994507	-0.997192
995	-0.995117	-0.997437
996	-0.996704	-0.998291
997	-0.996948	-0.998413
998	-0.995972	-0.997925
999	-0.994507	-0.997192
