0	-0.968018	-0.980347
1	-0.970093	-0.983398
2	-0.963379	-0.978760
3	-0.964844	-0.978271
4	-0.970215	-0.982300
5	-0.968994	-0.979980
6	-0.965820	-0.975220
7	-0.966064	-0.975830
8	-0.959595	-0.974243
9	-0.968872	-0.982056
10	-0.973145	-0.983765
11	-0.968140	-0.980713
12	-0.966431	-0.980103
13	-0.970703	-0.983154
14	-0.966431	-0.980591
15	-0.964722	-0.977539
16	-0.970703	-0.980957
17	-0.971802	-0.983398
18	-0.965576	-0.979736
19	-0.965576	-0.979980
20	-0.965210	-0.978516
21	-0.966675	-0.978149
22	-0.964111	-0.978760
23	-0.970215	-0.981079
24	-0.969971	-0.982422
25	-0.967163	-0.981079
26	-0.971924	-0.981201
27	-0.972778	-0.982300
28	-0.966797	-0.979492
29	-0.965088	-0.979614
30	-0.966187	-0.980225
31	-0.967773	-0.978882
32	-0.969849	-0.980225
33	-0.966797	-0.977173
34	-0.967773	-0.980225
35	-0.964600	-0.979248
36	-0.968506	-0.977783
37	-0.960327	-0.973999
38	-0.969360	-0.981323
39	-0.967529	-0.979858
40	-0.966553	-0.977417
41	-0.962524	-0.976074
42	-0.968262	-0.979004
43	-0.966919	-0.980103
44	-0.964966	-0.979004
45	-0.968750	-0.981689
46	-0.970337	-0.982788
47	-0.965332	-0.979736
48	-0.967163	-0.978638
49	-0.967651	-0.981079
50	-0.970703	-0.983276
51	-0.963501	-0.974854
52	-0.967163	-0.980225
53	-0.966431	-0.980469
54	-0.966797	-0.978760
55	-0.967773	-0.978271
56	-0.971191	-0.984253
57	-0.960571	-0.973145
58	-0.964722	-0.976196
59	-0.960449	-0.977295
60	-0.964722	-0.978638
61	-0.971069	-0.983765
62	-0.964966	-0.977661
63	-0.969238	-0.982666
64	-0.967285	-0.980713
65	-0.966553	-0.981079
66	-0.962891	-0.978882
67	-0.966064	-0.979492
68	-0.968872	-0.981079
69	-0.964355	-0.978394
70	-0.966553	-0.979248
71	-0.966919	-0.979858
72	-0.968384	-0.979980
73	-0.960815	-0.977417
74	-0.966919	-0.980225
75	-0.971802	-0.983032
76	-0.971924	-0.983887
77	-0.971558	-0.984131
78	-0.964844	-0.977051
79	-0.966064	-0.978760
80	-0.967285	-0.980469
81	-0.962891	-0.976440
82	-0.958618	-0.972534
83	-0.966675	-0.978149
84	-0.967163	-0.980835
85	-0.966797	-0.979614
86	-0.961792	-0.977783
87	-0.967163	-0.978271
88	-0.955811	-0.972290
89	-0.968506	-0.979004
90	-0.967773	-0.980835
91	-0.968140	-0.976685
92	-0.965820	-0.979614
93	-0.970337	-0.983276
94	-0.965576	-0.979492
95	-0.967651	-0.981201
96	-0.967407	-0.979248
97	-0.967285	-0.980591
98	-0.965576	-0.978027
99	-0.962891	-0.976929
100	-0.963623	-0.977417
101	-0.972290	-0.983643
102	-0.964966	-0.977783
103	-0.966553	-0.978271
104	-0.964722	-0.976685
105	-0.969727	-0.982788
106	-0.972656	-0.983154
107	-0.968628	-0.981201
108	-0.963379	-0.976685
109	-0.972412	-0.982788
110	-0.962402	-0.978027
111	-0.965576	-0.977295
112	-0.964478	-0.977417
113	-0.971191	-0.982788
114	-0.961426	-0.976929
115	-0.963379	-0.977417
116	-0.963623	-0.975830
117	-0.967163	-0.979492
118	-0.968018	-0.981689
119	-0.974243	-0.984741
120	-0.972412	-0.982666
121	-0.967407	-0.980347
122	-0.969482	-0.983154
123	-0.966187	-0.981201
124	-0.960205	-0.973389
125	-0.966919	-0.980713
126	-0.967285	-0.980103
127	-0.965332	-0.977905
128	-0.967285	-0.977051
129	-0.966309	-0.977417
130	-0.965088	-0.978027
131	-0.963379	-0.977295
132	-0.969727	-0.982300
133	-0.964111	-0.976563
134	-0.970581	-0.979370
135	-0.967896	-0.980591
136	-0.963989	-0.977051
137	-0.962402	-0.976074
138	-0.970337	-0.982056
139	-0.964355	-0.976929
140	-0.963135	-0.976929
141	-0.967041	-0.980347
142	-0.966919	-0.975952
143	-0.960205	-0.973999
144	-0.963379	-0.978516
145	-0.969971	-0.982788
146	-0.966187	-0.980103
147	-0.963257	-0.978638
148	-0.970459	-0.982178
149	-0.968140	-0.979858
150	-0.964478	-0.978760
151	-0.970825	-0.982788
152	-0.976929	-0.986572
153	-0.964966	-0.976196
154	-0.967651	-0.977783
155	-0.966919	-0.980103
156	-0.972656	-0.984497
157	-0.969849	-0.981323
158	-0.961060	-0.972412
159	-0.970093	-0.982666
160	-0.969116	-0.979126
161	-0.962280	-0.976440
162	-0.966919	-0.980103
163	-0.966797	-0.977783
164	-0.968994	-0.980103
165	-0.967651	-0.980957
166	-0.962891	-0.977905
167	-0.970215	-0.979736
168	-0.967896	-0.981934
169	-0.962036	-0.979004
170	-0.967651	-0.979492
171	-0.970825	-0.982422
172	-0.967163	-0.980591
173	-0.964478	-0.979492
174	-0.964233	-0.979126
175	-0.968994	-0.979980
176	-0.965088	-0.979004
177	-0.970581	-0.982666
178	-0.960693	-0.975220
179	-0.963623	-0.976563
180	-0.971802	-0.983887
181	-0.965210	-0.978027
182	-0.963867	-0.976929
183	-0.972046	-0.982544
184	-0.962891	-0.977539
185	-0.969849	-0.982300
186	-0.972412	-0.982178
187	-0.963379	-0.976440
188	-0.962524	-0.975098
189	-0.966187	-0.979858
190	-0.965454	-0.978760
191	-0.962280	-0.977783
192	-0.965698	-0.979736
193	-0.969604	-0.982422
194	-0.964111	-0.977539
195	-0.965576	-0.977173
196	-0.968506	-0.980835
197	-0.972534	-0.984497
198	-0.967285	-0.981445
199	-0.972046	-0.984741
200	-0.966431	-0.980713
201	-0.966064	-0.979126
202	-0.965942	-0.978760
203	-0.968750	-0.982544
204	-0.964111	-0.976074
205	-0.963135	-0.975586
206	-0.963013	-0.976440
207	-0.971680	-0.983643
208	-0.969604	-0.981201
209	-0.959351	-0.973633
210	-0.966309	-0.978760
211	-0.963623	-0.977539
212	-0.968384	-0.981323
213	-0.969849	-0.981445
214	-0.972046	-0.984253
215	-0.974243	-0.984863
216	-0.970703	-0.982544
217	-0.966187	-0.978638
218	-0.968262	-0.978882
219	-0.963257	-0.977173
220	-0.960571	-0.973755
221	-0.968628	-0.977905
222	-0.971191	-0.983154
223	-0.962158	-0.975952
224	-0.965820	-0.978882
225	-0.968140	-0.981934
226	-0.969971	-0.981201
227	-0.965332	-0.979980
228	-0.970459	-0.982544
229	-0.966675	-0.978882
230	-0.969360	-0.982544
231	-0.972412	-0.982666
232	-0.964966	-0.976685
233	-0.963623	-0.976807
234	-0.968384	-0.980469
235	-0.965332	-0.978394
236	-0.966553	-0.978760
237	-0.966309	-0.979614
238	-0.965820	-0.978516
239	-0.969727	-0.980835
240	-0.973999	-0.985718
241	-0.964722	-0.978760
242	-0.961792	-0.977417
243	-0.969238	-0.981323
244	-0.970459	-0.983643
245	-0.967041	-0.979492
246	-0.960938	-0.972778
247	-0.966431	-0.978027
248	-0.970947	-0.982666
249	-0.961914	-0.976929
250	-0.969238	-0.981689
251	-0.969727	-0.983154
252	-0.967285	-0.981201
253	-0.964233	-0.979004
254	-0.967285	-0.981445
255	-0.969482	-0.980347
256	-0.968018	-0.980347
257	-0.970093	-0.983398
258	-0.963379	-0.978760
259	-0.964844	-0.978271
260	-0.970215	-0.982300
261	-0.968994	-0.979980
262	-0.965820	-0.975220
263	-0.966064	-0.975830
264	-0.959595	-0.974243
265	-0.968872	-0.982056
266	-0.973145	-0.983765
267	-0.968140	-0.980713
268	-0.966431	-0.980103
269	-0.970703	-0.983154
270	-0.966431	-0.980591
271	-0.964722	-0.977539
272	-0.970703	-0.980957
273	-0.971802	-0.983398
274	-0.965576	-0.979736
275	-0.965576	-0.979980
276	-0.965210	-0.978516
277	-0.966675	-0.978149
278	-0.964111	-0.978760
279	-0.970215	-0.981079
280	-0.969971	-0.982422
281	-0.967163	-0.981079
282	-0.971924	-0.981201
283	-0.972778	-0.982300
284	-0.966797	-0.979492
285	-0.965088	-0.979614
286	-0.966187	-0.980225
287	-0.967773	-0.978882
288	-0.969849	-0.980225
289	-0.966797	-0.977173
290	-0.967773	-0.980225
291	-0.964600	-0.979248
292	-0.968506	-0.977783
293	-0.960327	-0.973999
294	-0.969360	-0.981323
295	-0.967529	-0.979858
296	-0.966553	-0.977417
297	-0.962524	-0.976074
298	-0.968262	-0.979004
299	-0.966919	-0.980103
300	-0.964966	-0.979004
301	-0.968750	-0.981689
302	-0.970337	-0.982788
303	-0.965332	-0.979736
304	-0.967163	-0.978638
305	-0.967651	-0.981079
306	-0.970703	-0.983276
307	-0.963501	-0.974854
308	-0.967163	-0.980225
309	-0.966431	-0.980469
310	-0.966797	-0.978760
311	-0.967773	-0.978271
312	-0.971191	-0.984253
313	-0.960571	-0.973145
314	-0.964722	-0.976196
315	-0.960449	-0.977295
316	-0.964722	-0.978638
317	-0.971069	-0.983765
318	-0.964966	-0.977661
319	-0.969238	-0.982666
320	-0.967285	-0.980713
321	-0.966553	-0.981079
322	-0.962891	-0.978882
323	-0.966064	-0.979492
324	-0.968872	-0.981079
325	-0.964355	-0.978394
326	-0.966553	-0.979248
327	-0.966919	-0.979858
328	-0.968384	-0.979980
329	-0.960815	-0.977417
330	-0.966919	-0.980225
331	-0.971802	-0.983032
332	-0.971924	-0.983887
333	-0.971558	-0.984131
334	-0.964844	-0.977051
335	-0.966064	-0.978760
336	-0.967285	-0.980469
337	-0.962891	-0.976440
338	-0.958618	-0.972534
339	-0.966675	-0.978149
340	-0.967163	-0.980835
341	-0.966797	-0.979614
342	-0.961792	-0.977783
343	-0.967163	-0.978271
344	-0.955811	-0.972290
345	-0.968506	-0.979004
346	-0.967773	-0.980835
347	-0.968140	-0.976685
348	-0.965820	-0.979614
349	-0.970337	-0.983276
350	-0.965576	-0.979492
351	-0.967651	-0.981201
352	-0.967407	-0.979248
353	-0.967285	-0.980591
354	-0.965576	-0.978027
355	-0.962891	-0.976929
356	-0.963623	-0.977417
357	-0.972290	-0.983643
358	-0.964966	-0.977783
359	-0.966553	-0.978271
360	-0.964722	-0.976685
361	-0.969727	-0.982788
362	-0.972656	-0.983154
363	-0.968628	-0.981201
364	-0.963379	-0.976685
365	-0.972412	-0.982788
366	-0.962402	-0.978027
367	-0.965576	-0.977295
368	-0.964478	-0.977417
369	-0.971191	-0.982788
370	-0.961426	-0.976929
371	-0.963379	-0.977417
372	-0.963623	-0.975830
373	-0.967163	-0.979492
374	-0.968018	-0.981689
375	-0.974243	-0.984741
376	-0.972412	-0.982666
377	-0.967407	-0.980347
378	-0.969482	-0.983154
379	-0.966187	-0.981201
380	-0.960205	-0.973389
381	-0.966919	-0.980713
382	-0.967285	-0.980103
383	-0.965332	-0.977905
384	-0.967285	-0.977051
385	-0.966309	-0.977417
386	-0.965088	-0.978027
387	-0.963379	-0.977295
388	-0.969727	-0.982300
389	-0.964111	-0.976563
390	-0.970581	-0.979370
391	-0.967896	-0.980591
392	-0.963989	-0.977051
393	-0.962402	-0.976074
394	-0.970337	-0.982056
395	-0.964355	-0.976929
396	-0.963135	-0.976929
397	-0.967041	-0.980347
398	-0.966919	-0.975952
399	-0.960205	-0.973999
400	-0.963379	-0.978516
401	-0.969971	-0.982788
402	-0.966187	-0.980103
403	-0.963257	-0.978638
404	-0.970459	-0.982178
405	-0.968140	-0.979858
406	-0.964478	-0.978760
407	-0.970825	-0.982788
408	-0.976929	-0.986572
409	-0.964966	-0.976196
410	-0.967651	-0.977783
411	-0.966919	-0.980103
412	-0.972656	-0.984497
413	-0.969849	-0.981323
414	-0.961060	-0.972412
415	-0.970093	-0.982666
416	-0.969116	-0.979126
417	-0.962280	-0.976440
418	-0.966919	-0.980103
419	-0.966797	-0.977783
420	-0.968994	-0.980103
421	-0.967651	-0.980957
422	-0.962891	-0.977905
423	-0.970215	-0.979736
424	-0.967896	-0.981934
425	-0.962036	-0.979004
426	-0.967651	-0.979492
427	-0.970825	-0.982422
428	-0.967163	-0.980591
429	-0.964478	-0.979492
430	-0.964233	-0.979126
431	-0.968994	-0.979980
432	-0.965088	-0.979004
433	-0.970581	-0.982666
434	-0.960693	-0.975220
435	-0.963623	-0.976563
436	-0.971802	-0.983887
437	-0.965210	-0.978027
438	-0.963867	-0.976929
439	-0.972046	-0.982544
440	-0.962891	-0.977539
441	-0.969849	-0.982300
442	-0.972412	-0.982178
443	-0.963379	-0.976440
444	-0.962524	-0.975098
445	-0.966187	-0.979858
446	-0.965454	-0.978760
447	-0.962280	-0.977783
448	-0.965698	-0.979736
449	-0.969604	-0.982422
450	-0.964111	-0.977539
451	-0.965576	-0.977173
452	-0.968506	-0.980835
453	-0.972534	-0.984497
454	-0.967285	-0.981445
455	-0.972046	-0.984741
456	-0.966431	-0.980713
457	-0.966064	-0.979126
458	-0.965942	-0.978760
459	-0.968750	-0.982544
460	-0.964111	-0.976074
461	-0.963135	-0.975586
462	-0.963013	-0.976440
463	-0.971680	-0.983643
464	-0.969604	-0.981201
465	-0.959351	-0.973633
466	-0.966309	-0.978760
467	-0.963623	-0.977539
468	-0.968384	-0.981323
469	-0.969849	-0.981445
470	-0.972046	-0.984253
471	-0.974243	-0.984863
472	-0.970703	-0.982544
473	-0.966187	-0.978638
474	-0.968262	-0.978882
475	-0.963257	-0.977173
476	-0.960571	-0.973755
477	-0.968628	-0.977905
478	-0.971191	-0.983154
479	-0.962158	-0.975952
480	-0.965820	-0.978882
481	-0.968140	-0.981934
482	-0.969971	-0.981201
483	-0.965332	-0.979980
484	-0.970459	-0.982544
485	-0.966675	-0.978882
486	-0.969360	-0.982544
487	-0.972412	-0.982666
488	-0.964966	-0.976685
489	-0.963623	-0.976807
490	-0.968384	-0.980469
491	-0.965332	-0.978394
492	-0.966553	-0.978760
493	-0.966309	-0.979614
494	-0.965820	-0.978516
495	-0.969727	-0.980835
496	-0.973999	-0.985718
497	-0.964722	-0.978760
498	-0.961792	-0.977417
499	-0.969238	-0.981323
500	-0.970459	-0.983643
501	-0.967041	-0.979492
502	-0.960938	-0.972778
503	-0.966431	-0.978027
504	-0.970947	-0.982666
505	-0.961914	-0.976929
506	-0.969238	-0.981689
507	-0.969727	-0.983154
508	-0.967285	-0.981201
509	-0.964233	-0.979004
510	-0.967285	-0.981445
511	-0.969482	-0.980347
512	-0.968018	-0.980347
513	-0.970093	-0.983398
514	-0.963379	-0.978760
515	-0.964844	-0.978271
516	-0.970215	-0.982300
517	-0.968994	-0.979980
518	-0.965820	-0.975220
519	-0.966064	-0.975830
520	-0.959595	-0.974243
521	-0.968872	-0.982056
522	-0.973145	-0.983765
523	-0.968140	-0.980713
524	-0.966431	-0.980103
525	-0.970703	-0.983154
526	-0.966431	-0.980591
527	-0.964722	-0.977539
528	-0.970703	-0.980957
529	-0.971802	-0.983398
530	-0.965576	-0.979736
531	-0.965576	-0.979980
532	-0.965210	-0.978516
533	-0.966675	-0.978149
534	-0.964111	-0.978760
535	-0.970215	-0.981079
536	-0.969971	-0.982422
537	-0.967163	-0.981079
538	-0.971924	-0.981201
539	-0.972778	-0.982300
540	-0.966797	-0.979492
541	-0.965088	-0.979614
542	-0.966187	-0.980225
543	-0.967773	-0.978882
544	-0.969849	-0.980225
545	-0.966797	-0.977173
546	-0.967773	-0.980225
547	-0.964600	-0.979248
548	-0.968506	-0.977783
549	-0.960327	-0.973999
550	-0.969360	-0.981323
551	-0.967529	-0.979858
552	-0.966553	-0.977417
553	-0.962524	-0.976074
554	-0.968262	-0.979004
555	-0.966919	-0.980103
556	-0.964966	-0.979004
557	-0.968750	-0.981689
558	-0.970337	-0.982788
559	-0.965332	-0.979736
560	-0.967163	-0.978638
561	-0.967651	-0.981079
562	-0.970703	-0.983276
563	-0.963501	-0.974854
564	-0.967163	-0.980225
565	-0.966431	-0.980469
566	-0.966797	-0.978760
567	-0.967773	-0.978271
568	-0.971191	-0.984253
569	-0.960571	-0.973145
570	-0.964722	-0.976196
571	-0.960449	-0.977295
572	-0.964722	-0.978638
573	-0.971069	-0.983765
574	-0.964966	-0.977661
575	-0.969238	-0.982666
576	-0.967285	-0.980713
577	-0.966553	-0.981079
578	-0.962891	-0.978882
579	-0.966064	-0.979492
580	-0.968872	-0.981079
581	-0.964355	-0.978394
582	-0.966553	-0.979248
583	-0.966919	-0.979858
584	-0.968384	-0.979980
585	-0.960815	-0.977417
586	-0.966919	-0.980225
587	-0.971802	-0.983032
588	-0.971924	-0.983887
589	-0.971558	-0.984131
590	-0.964844	-0.977051
591	-0.966064	-0.978760
592	-0.967285	-0.980469
593	-0.962891	-0.976440
594	-0.958618	-0.972534
595	-0.966675	-0.978149
596	-0.967163	-0.980835
597	-0.966797	-0.979614
598	-0.961792	-0.977783
599	-0.967163	-0.978271
600	-0.955811	-0.972290
601	-0.968506	-0.979004
602	-0.967773	-0.980835
603	-0.968140	-0.976685
604	-0.965820	-0.979614
605	-0.970337	-0.983276
606	-0.965576	-0.979492
607	-0.967651	-0.981201
608	-0.967407	-0.979248
609	-0.967285	-0.980591
610	-0.965576	-0.978027
611	-0.962891	-0.976929
612	-0.963623	-0.977417
613	-0.972290	-0.983643
614	-0.964966	-0.977783
615	-0.966553	-0.978271
616	-0.964722	-0.976685
617	-0.969727	-0.982788
618	-0.972656	-0.983154
619	-0.968628	-0.981201
620	-0.963379	-0.976685
621	-0.972412	-0.982788
622	-0.962402	-0.978027
623	-0.965576	-0.977295
624	-0.964478	-0.977417
625	-0.971191	-0.982788
626	-0.961426	-0.976929
627	-0.963379	-0.977417
628	-0.963623	-0.975830
629	-0.967163	-0.979492
630	-0.968018	-0.981689
631	-0.974243	-0.984741
632	-0.972412	-0.982666
633	-0.967407	-0.980347
634	-0.969482	-0.983154
635	-0.966187	-0.981201
636	-0.960205	-0.973389
637	-0.966919	-0.980713
638	-0.967285	-0.980103
639	-0.965332	-0.977905
640	-0.967285	-0.977051
641	-0.966309	-0.977417
642	-0.965088	-0.978027
643	-0.963379	-0.977295
644	-0.969727	-0.982300
645	-0.964111	-0.976563
646	-0.970581	-0.979370
647	-0.967896	-0.980591
648	-0.963989	-0.977051
649	-0.962402	-0.976074
650	-0.970337	-0.982056
651	-0.964355	-0.976929
652	-0.963135	-0.976929
653	-0.967041	-0.980347
654	-0.966919	-0.975952
655	-0.960205	-0.973999
656	-0.963379	-0.978516
657	-0.969971	-0.982788
658	-0.966187	-0.980103
659	-0.963257	-0.978638
660	-0.970459	-0.982178
661	-0.968140	-0.979858
662	-0.964478	-0.978760
663	-0.970825	-0.982788
664	-0.976929	-0.986572
665	-0.964966	-0.976196
666	-0.967651	-0.977783
667	-0.966919	-0.980103
668	-0.972656	-0.984497
669	-0.969849	-0.981323
670	-0.961060	-0.972412
671	-0.970093	-0.982666
672	-0.969116	-0.979126
673	-0.962280	-0.976440
674	-0.966919	-0.980103
675	-0.966797	-0.977783
676	-0.968994	-0.980103
677	-0.967651	-0.980957
678	-0.962891	-0.977905
679	-0.970215	-0.979736
680	-0.967896	-0.981934
681	-0.962036	-0.979004
682	-0.967651	-0.979492
683	-0.970825	-0.982422
684	-0.967163	-0.980591
685	-0.964478	-0.979492
686	-0.964233	-0.979126
687	-0.968994	-0.979980
688	-0.965088	-0.979004
689	-0.970581	-0.982666
690	-0.960693	-0.975220
691	-0.963623	-0.976563
692	-0.971802	-0.983887
693	-0.965210	-0.978027
694	-0.963867	-0.976929
695	-0.972046	-0.982544
696	-0.962891	-0.977539
697	-0.969849	-0.982300
698	-0.972412	-0.982178
699	-0.963379	-0.976440
700	-0.962524	-0.975098
701	-0.966187	-0.979858
702	-0.965454	-0.978760
703	-0.962280	-0.977783
704	-0.965698	-0.979736
705	-0.969604	-0.982422
706	-0.964111	-0.977539
707	-0.965576	-0.977173
708	-0.968506	-0.980835
709	-0.972534	-0.984497
710	-0.967285	-0.981445
711	-0.972046	-0.984741
712	-0.966431	-0.980713
713	-0.966064	-0.979126
714	-0.965942	-0.978760
715	-0.968750	-0.982544
716	-0.964111	-0.976074
717	-0.963135	-0.975586
718	-0.963013	-0.976440
719	-0.971680	-0.983643
720	-0.969604	-0.981201
721	-0.959351	-0.973633
722	-0.966309	-0.978760
723	-0.963623	-0.977539
724	-0.968384	-0.981323
725	-0.969849	-0.981445
726	-0.972046	-0.984253
727	-0.974243	-0.984863
728	-0.970703	-0.982544
729	-0.966187	-0.978638
730	-0.968262	-0.978882
731	-0.963257	-0.977173
732	-0.960571	-0.973755
733	-0.968628	-0.977905
734	-0.971191	-0.983154
735	-0.962158	-0.975952
736	-0.965820	-0.978882
737	-0.968140	-0.981934
738	-0.969971	-0.981201
739	-0.965332	-0.979980
740	-0.970459	-0.982544
741	-0.966675	-0.978882
742	-0.969360	-0.982544
743	-0.972412	-0.982666
744	-0.964966	-0.976685
745	-0.963623	-0.976807
746	-0.968384	-0.980469
747	-0.965332	-0.978394
748	-0.966553	-0.978760
749	-0.966309	-0.979614
750	-0.965820	-0.978516
751	-0.969727	-0.980835
752	-0.973999	-0.985718
753	-0.964722	-0.978760
754	-0.961792	-0.977417
755	-0.969238	-0.981323
756	-0.970459	-0.983643
757	-0.967041	-0.979492
758	-0.960938	-0.972778
759	-0.966431	-0.978027
760	-0.970947	-0.982666
761	-0.961914	-0.976929
762	-0.969238	-0.981689
763	-0.969727	-0.983154
764	-0.967285	-0.981201
765	-0.964233	-0.979004
766	-0.967285	-0.981445
767	-0.969482	-0.980347
768	-0.968018	-0.980347
769	-0.970093	-0.983398
770	-0.963379	-0.978760
771	-0.964844	-0.978271
772	-0.970215	-0.982300
773	-0.968994	-0.979980
774	-0.965820	-0.975220
775	-0.966064	-0.975830
776	-0.959595	-0.974243
777	-0.968872	-0.982056
778	-0.973145	-0.983765
779	-0.968140	-0.980713
780	-0.966431	-0.980103
781	-0.970703	-0.983154
782	-0.966431	-0.980591
783	-0.964722	-0.977539
784	-0.970703	-0.980957
785	-0.971802	-0.983398
786	-0.965576	-0.979736
787	-0.965576	-0.979980
788	-0.965210	-0.978516
789	-0.966675	-0.978149
790	-0.964111	-0.978760
791	-0.970215	-0.981079
792	-0.969971	-0.982422
793	-0.967163	-0.981079
794	-0.971924	-0.981201
795	-0.972778	-0.982300
796	-0.966797	-0.979492
797	-0.965088	-0.979614
798	-0.966187	-0.980225
799	-0.967773	-0.978882
800	-0.969849	-0.980225
801	-0.966797	-0.977173
802	-0.967773	-0.980225
803	-0.964600	-0.979248
804	-0.968506	-0.977783
805	-0.960327	-0.973999
806	-0.969360	-0.981323
807	-0.967529	-0.979858
808	-0.966553	-0.977417
809	-0.962524	-0.976074
810	-0.968262	-0.979004
811	-0.966919	-0.980103
812	-0.964966	-0.979004
813	-0.968750	-0.981689
814	-0.970337	-0.982788
815	-0.965332	-0.979736
816	-0.967163	-0.978638
817	-0.967651	-0.981079
818	-0.970703	-0.983276
819	-0.963501	-0.974854
820	-0.967163	-0.980225
821	-0.966431	-0.980469
822	-0.966797	-0.978760
823	-0.967773	-0.978271
824	-0.971191	-0.984253
825	-0.960571	-0.973145
826	-0.964722	-0.976196
827	-0.960449	-0.977295
828	-0.964722	-0.978638
829	-0.971069	-0.983765
830	-0.964966	-0.977661
831	-0.969238	-0.982666
832	-0.967285	-0.980713
833	-0.966553	-0.981079
834	-0.962891	-0.978882
835	-0.966064	-0.979492
836	-0.968872	-0.981079
837	-0.964355	-0.978394
838	-0.966553	-0.979248
839	-0.966919	-0.979858
840	-0.968384	-0.979980
841	-0.960815	-0.977417
842	-0.966919	-0.980225
843	-0.971802	-0.983032
844	-0.971924	-0.983887
845	-0.971558	-0.984131
846	-0.964844	-0.977051
847	-0.966064	-0.978760
848	-0.967285	-0.980469
849	-0.962891	-0.976440
850	-0.958618	-0.972534
851	-0.966675	-0.978149
852	-0.967163	-0.980835
853	-0.966797	-0.979614
854	-0.961792	-0.977783
855	-0.967163	-0.978271
856	-0.955811	-0.972290
857	-0.968506	-0.979004
858	-0.967773	-0.980835
859	-0.968140	-0.976685
860	-0.965820	-0.979614
861	-0.970337	-0.983276
862	-0.965576	-0.979492
863	-0.967651	-0.981201
864	-0.967407	-0.979248
865	-0.967285	-0.980591
866	-0.965576	-0.978027
867	-0.962891	-0.976929
868	-0.963623	-0.977417
869	-0.972290	-0.983643
870	-0.964966	-0.977783
871	-0.966553	-0.978271
872	-0.964722	-0.976685
873	-0.969727	-0.982788
874	-0.972656	-0.983154
875	-0.968628	-0.981201
876	-0.963379	-0.976685
877	-0.972412	-0.982788
878	-0.962402	-0.978027
879	-0.965576	-0.977295
880	-0.964478	-0.977417
881	-0.971191	-0.982788
882	-0.961426	-0.976929
883	-0.963379	-0.977417
884	-0.963623	-0.975830
885	-0.967163	-0.979492
886	-0.968018	-0.981689
887	-0.974243	-0.984741
888	-0.972412	-0.982666
889	-0.967407	-0.980347
890	-0.969482	-0.983154
891	-0.966187	-0.981201
892	-0.960205	-0.973389
893	-0.966919	-0.980713
894	-0.967285	-0.980103
895	-0.965332	-0.977905
896	-0.967285	-0.977051
897	-0.966309	-0.977417
898	-0.965088	-0.978027
899	-0.963379	-0.977295
900	-0.969727	-0.982300
901	-0.964111	-0.976563
902	-0.970581	-0.979370
903	-0.967896	-0.980591
904	-0.963989	-0.977051
905	-0.962402	-0.976074
906	-0.970337	-0.982056
907	-0.964355	-0.976929
908	-0.963135	-0.976929
909	-0.967041	-0.980347
910	-0.966919	-0.975952
911	-0.960205	-0.973999
912	-0.963379	-0.978516
913	-0.969971	-0.982788
914	-0.966187	-0.980103
915	-0.963257	-0.978638
916	-0.970459	-0.982178
917	-0.968140	-0.979858
918	-0.964478	-0.978760
919	-0.970825	-0.982788
920	-0.976929	-0.986572
921	-0.964966	-0.976196
922	-0.967651	-0.977783
923	-0.966919	-0.980103
924	-0.972656	-0.984497
925	-0.969849	-0.981323
926	-0.961060	-0.972412
927	-0.970093	-0.982666
928	-0.969116	-0.979126
929	-0.962280	-0.976440
930	-0.966919	-0.980103
931	-0.966797	-0.977783
932	-0.968994	-0.980103
933	-0.967651	-0.980957
934	-0.962891	-0.977905
935	-0.970215	-0.979736
936	-0.967896	-0.981934
937	-0.962036	-0.979004
938	-0.967651	-0.979492
939	-0.970825	-0.982422
940	-0.967163	-0.980591
941	-0.964478	-0.979492
942	-0.964233	-0.979126
943	-0.968994	-0.979980
944	-0.965088	-0.979004
945	-0.970581	-0.982666
946	-0.960693	-0.975220
947	-0.963623	-0.976563
948	-0.971802	-0.983887
949	-0.965210	-0.978027
950	-0.963867	-0.976929
951	-0.972046	-0.982544
952	-0.962891	-0.977539
953	-0.969849	-0.982300
954	-0.972412	-0.982178
955	-0.963379	-0.976440
956	-0.962524	-0.975098
957	-0.966187	-0.979858
958	-0.965454	-0.978760
959	-0.962280	-0.977783
960	-0.965698	-0.979736
961	-0.969604	-0.982422
962	-0.964111	-0.977539
963	-0.965576	-0.977173
964	-0.968506	-0.980835
965	-0.972534	-0.984497
966	-0.967285	-0.981445
967	-0.972046	-0.984741
968	-0.966431	-0.980713
969	-0.966064	-0.979126
970	-0.965942	-0.978760
971	-0.968750	-0.982544
972	-0.964111	-0.976074
973	-0.963135	-0.975586
974	-0.963013	-0.976440
975	-0.971680	-0.983643
976	-0.969604	-0.981201
977	-0.959351	-0.973633
978	-0.966309	-0.978760
979	-0.963623	-0.977539
980	-0.968384	-0.981323
981	-0.969849	-0.981445
982	-0.972046	-0.984253
983	-0.974243	-0.984863
984	-0.970703	-0.982544
985	-0.966187	-0.978638
986	-0.968262	-0.978882
987	-0.963257	-0.977173
988	-0.960571	-0.973755
989	-0.968628	-0.977905
990	-0.971191	-0.983154
991	-0.962158	-0.975952
992	-0.965820	-0.978882
993	-0.968140	-0.981934
994	-0.969971	-0.981201
995	-0.965332	-0.979980
996	-0.970459	-0.982544
997	-0.966675	-0.978882
998	-0.969360	-0.982544
999	-0.972412	-0.982666
