0	-0.384766	0.023682
1	-0.385620	0.001831
2	-0.383545	0.022949
3	-0.388428	-0.010986
4	-0.393921	-0.011597
5	-0.386475	0.016846
6	-0.378174	-0.001953
7	-0.379272	0.009766
8	-0.391846	0.010620
9	-0.398071	-0.019897
10	-0.369751	0.024048
11	-0.379517	0.018433
12	-0.398193	0.033081
13	-0.379272	0.020264
14	-0.378662	-0.002686
15	-0.388428	-0.017944
16	-0.383545	0.018433
17	-0.380859	-0.002686
18	-0.389038	-0.022461
19	-0.372803	-0.016846
20	-0.379150	-0.008545
21	-0.390381	0.024170
22	-0.374023	0.000366
23	-0.387573	0.035889
24	-0.380981	-0.007080
25	-0.382446	-0.004883
26	-0.363892	-0.019775
27	-0.384766	0.020630
28	-0.386353	-0.040527
29	-0.389526	-0.020142
30	-0.386597	0.009521
31	-0.374634	-0.014282
32	-0.376465	-0.022827
33	-0.379517	-0.000244
34	-0.382324	-0.002808
35	-0.372314	0.001465
36	-0.387817	-0.007813
37	-0.380005	0.025757
38	-0.384155	-0.052246
39	-0.380615	0.057007
40	-0.378296	-0.006714
41	-0.384888	0.014648
42	-0.384399	-0.010498
43	-0.394287	-0.040649
44	-0.384277	0.000610
45	-0.382935	-0.018921
46	-0.369263	-0.012085
47	-0.375977	-0.027100
48	-0.379272	0.008423
49	-0.384399	0.020752
50	-0.372192	0.006592
51	-0.378540	0.011230
52	-0.375854	-0.014038
53	-0.380981	0.017212
54	-0.380981	-0.026733
55	-0.384277	-0.019653
56	-0.388794	-0.083618
57	-0.381470	0.018066
58	-0.386719	0.014160
59	-0.387329	-0.042114
60	-0.369385	-0.029541
61	-0.388794	-0.007324
62	-0.384888	-0.004883
63	-0.383423	-0.011963
64	-0.391479	-0.001343
65	-0.382446	-0.011719
66	-0.367554	-0.000854
67	-0.382568	0.014648
68	-0.389282	-0.043213
69	-0.394775	-0.019043
70	-0.385742	-0.019653
71	-0.391602	-0.009155
72	-0.386108	-0.020752
73	-0.372925	0.030884
74	-0.375244	0.012451
75	-0.380981	-0.013794
76	-0.385498	0.000610
77	-0.388428	-0.027344
78	-0.381592	0.009644
79	-0.385498	0.036377
80	-0.383423	0.004883
81	-0.389648	-0.005005
82	-0.386353	0.012085
83	-0.376953	0.007813
84	-0.375488	-0.009644
85	-0.382324	0.008789
86	-0.374023	-0.002197
87	-0.386108	0.003052
88	-0.392334	0.016846
89	-0.375366	0.032104
90	-0.392334	-0.034424
91	-0.385498	-0.026855
92	-0.390137	-0.031982
93	-0.373779	0.046997
94	-0.388062	0.023560
95	-0.386719	0.024780
96	-0.388550	-0.016846
97	-0.381226	-0.023926
98	-0.368652	-0.007202
99	-0.392456	-0.016602
100	-0.385010	0.023193
101	-0.387573	-0.006104
102	-0.390869	0.007568
103	-0.387695	0.027100
104	-0.388916	0.006226
105	-0.381104	-0.008911
106	-0.387939	0.005127
107	-0.389648	0.007080
108	-0.392212	0.020752
109	-0.389771	-0.025146
110	-0.377686	0.027466
111	-0.368408	0.031616
112	-0.386475	-0.014038
113	-0.390747	0.016602
114	-0.394775	-0.014526
115	-0.384033	-0.004761
116	-0.385254	-0.000610
117	-0.368408	0.008179
118	-0.383667	0.011475
119	-0.386841	0.008301
120	-0.378540	-0.005615
121	-0.391602	-0.005737
122	-0.382202	-0.036743
123	-0.389282	0.015503
124	-0.381592	0.015869
125	-0.387573	0.029297
126	-0.380371	-0.000488
127	-0.380859	0.010620
128	-0.377441	0.025391
129	-0.371582	-0.019287
130	-0.379639	-0.001587
131	-0.369263	-0.039795
132	-0.379272	0.005859
133	-0.375732	0.005371
134	-0.378906	-0.018677
135	-0.384399	-0.008545
136	-0.376831	-0.005127
137	-0.373291	-0.022705
138	-0.396729	-0.018433
139	-0.383301	0.017456
140	-0.380493	0.028198
141	-0.408813	0.033203
142	-0.384521	0.017700
143	-0.374023	-0.005127
144	-0.400391	0.002075
145	-0.375244	0.008789
146	-0.380005	0.016846
147	-0.382568	-0.000854
148	-0.379028	0.019165
149	-0.386353	0.020752
150	-0.370239	0.015869
151	-0.381470	0.027100
152	-0.378296	-0.017456
153	-0.387817	0.009888
154	-0.389526	0.000488
155	-0.369629	-0.010986
156	-0.387939	-0.031128
157	-0.389771	-0.040649
158	-0.369629	-0.037720
159	-0.375122	-0.039673
160	-0.379517	-0.057129
161	-0.372681	0.007324
162	-0.396851	-0.067871
163	-0.396729	-0.005859
164	-0.374512	-0.002075
165	-0.394287	0.009277
166	-0.386230	-0.017212
167	-0.380127	0.033203
168	-0.381836	0.015991
169	-0.370850	0.003418
170	-0.386108	-0.007324
171	-0.376709	-0.000977
172	-0.388550	-0.006714
173	-0.379761	0.001343
174	-0.375854	0.017700
175	-0.375122	-0.018677
176	-0.395996	-0.016357
177	-0.379272	-0.002075
178	-0.380615	0.045044
179	-0.379883	0.005737
180	-0.380249	-0.002319
181	-0.382935	-0.036011
182	-0.388306	0.039673
183	-0.378418	-0.014404
184	-0.381836	-0.018921
185	-0.381226	-0.030151
186	-0.392212	0.047119
187	-0.382813	-0.020020
188	-0.382813	-0.013184
189	-0.376099	-0.014648
190	-0.379517	0.024536
191	-0.388550	-0.018921
192	-0.380981	0.022949
193	-0.381104	0.010986
194	-0.378906	0.018799
195	-0.389038	-0.010010
196	-0.375977	-0.007690
197	-0.378418	-0.046021
198	-0.374756	-0.075073
199	-0.371948	-0.017212
200	-0.387695	0.035156
201	-0.372803	0.058716
202	-0.387573	0.027588
203	-0.381592	0.038086
204	-0.382446	0.032715
205	-0.387451	-0.024536
206	-0.384766	-0.001465
207	-0.401123	-0.030640
208	-0.395386	0.001221
209	-0.383545	-0.007324
210	-0.387329	-0.008667
211	-0.381104	0.012573
212	-0.378296	-0.000977
213	-0.388428	0.031982
214	-0.391113	0.011108
215	-0.375366	0.008301
216	-0.382935	0.030762
217	-0.396851	-0.005981
218	-0.389404	0.004150
219	-0.382690	0.018311
220	-0.377930	-0.023193
221	-0.378906	-0.004150
222	-0.391724	-0.038208
223	-0.381958	0.011475
224	-0.407227	0.029907
225	-0.384033	-0.026855
226	-0.380493	0.014282
227	-0.394531	-0.013184
228	-0.382813	-0.028564
229	-0.380493	0.024658
230	-0.385010	0.004517
231	-0.386475	-0.032715
232	-0.393433	-0.014648
233	-0.385986	-0.014038
234	-0.384155	-0.012573
235	-0.382813	-0.001465
236	-0.388672	0.026245
237	-0.384277	-0.018677
238	-0.376587	0.007935
239	-0.385864	-0.051758
240	-0.390625	-0.016357
241	-0.381592	-0.043701
242	-0.389160	-0.015747
243	-0.388062	0.008301
244	-0.384277	0.018677
245	-0.394531	-0.043823
246	-0.390503	0.030884
247	-0.371704	0.053833
248	-0.385498	-0.010620
249	-0.398315	0.004150
250	-0.378906	0.030640
251	-0.380371	0.064819
252	-0.381836	0.047485
253	-0.373779	0.010376
254	-0.375366	0.019043
255	-0.398438	-0.023926
256	-0.379395	-0.018799
257	-0.381592	0.015137
258	-0.398926	-0.061279
259	-0.382446	0.003418
260	-0.385376	-0.031982
261	-0.392334	0.034912
262	-0.382080	0.001221
263	-0.383667	0.002930
264	-0.379883	0.038818
265	-0.390869	0.004883
266	-0.392822	-0.024048
267	-0.386108	0.010254
268	-0.376587	-0.044312
269	-0.379639	-0.041138
270	-0.389404	-0.018555
271	-0.375488	-0.023682
272	-0.371094	-0.008667
273	-0.374878	-0.030029
274	-0.384888	0.015869
275	-0.372681	0.047485
276	-0.380249	0.043701
277	-0.378418	0.005859
278	-0.361572	0.025757
279	-0.386108	-0.035522
280	-0.379028	-0.022339
281	-0.383545	-0.002563
282	-0.379761	0.009399
283	-0.399170	0.013062
284	-0.373535	-0.015015
285	-0.380005	0.017944
286	-0.380859	0.004639
287	-0.377563	-0.010498
288	-0.392822	0.011230
289	-0.389404	0.019531
290	-0.380615	0.014404
291	-0.369385	0.008667
292	-0.380249	0.009888
293	-0.384521	0.001587
294	-0.361572	0.006714
295	-0.384521	-0.013306
296	-0.387817	-0.030151
297	-0.390747	0.004639
298	-0.387207	-0.023315
299	-0.379028	0.020386
300	-0.375610	-0.010254
301	-0.383057	0.021240
302	-0.385620	-0.014404
303	-0.386963	-0.016724
304	-0.390015	-0.045044
305	-0.388306	0.005737
306	-0.381348	-0.027710
307	-0.393555	-0.002563
308	-0.380737	0.004150
309	-0.384033	0.023315
310	-0.360107	0.028809
311	-0.383545	-0.026855
312	-0.379028	-0.006714
313	-0.389160	-0.009888
314	-0.389771	-0.003662
315	-0.389648	-0.022705
316	-0.388062	0.002319
317	-0.380371	0.017334
318	-0.389648	-0.014282
319	-0.385742	0.035034
320	-0.385254	-0.006714
321	-0.382202	-0.002930
322	-0.379639	0.011108
323	-0.386719	0.031006
324	-0.386963	0.010742
325	-0.388062	-0.034424
326	-0.384399	0.001343
327	-0.376587	-0.012085
328	-0.384766	0.023804
329	-0.371826	0.013184
330	-0.377808	-0.000854
331	-0.394531	0.036621
332	-0.378174	0.003540
333	-0.388550	-0.010742
334	-0.372803	-0.009399
335	-0.400635	-0.047119
336	-0.384766	0.014648
337	-0.395508	0.046753
338	-0.387695	-0.037720
339	-0.388672	0.002319
340	-0.385620	-0.041748
341	-0.387817	0.030640
342	-0.378906	-0.007324
343	-0.382568	-0.007202
344	-0.390625	0.018555
345	-0.371948	0.033325
346	-0.379639	0.033447
347	-0.378418	-0.003540
348	-0.382080	0.006714
349	-0.392944	0.019043
350	-0.369629	-0.028687
351	-0.378906	-0.032349
352	-0.384888	0.010132
353	-0.375488	-0.021606
354	-0.388672	-0.017944
355	-0.383667	-0.019409
356	-0.390747	-0.000488
357	-0.373901	-0.000977
358	-0.396240	0.033203
359	-0.388184	0.002686
360	-0.385254	-0.016602
361	-0.369141	0.027344
362	-0.382202	0.022583
363	-0.396973	-0.065063
364	-0.376953	0.002441
365	-0.389282	0.004395
366	-0.382690	-0.025146
367	-0.382935	-0.009521
368	-0.391846	0.014282
369	-0.391357	0.042114
370	-0.379639	0.015137
371	-0.376465	-0.000366
372	-0.384277	0.013550
373	-0.386230	0.029297
374	-0.384644	0.051758
375	-0.382080	-0.002441
376	-0.380981	0.012085
377	-0.385132	-0.000854
378	-0.392212	0.046021
379	-0.389160	0.025024
380	-0.375122	-0.032471
381	-0.383545	0.036865
382	-0.382690	0.006348
383	-0.378052	0.009155
384	-0.382813	0.009766
385	-0.374146	-0.001587
386	-0.370361	0.020630
387	-0.380493	-0.030884
388	-0.375122	0.010620
389	-0.381104	0.030518
390	-0.377441	-0.012451
391	-0.383911	0.000488
392	-0.382813	0.033936
393	-0.375122	-0.028931
394	-0.386108	0.007690
395	-0.391357	0.031982
396	-0.376465	-0.029663
397	-0.387939	-0.044800
398	-0.388550	0.030396
399	-0.375122	0.009644
400	-0.381470	0.005615
401	-0.384888	-0.006714
402	-0.388794	-0.039673
403	-0.378418	-0.032471
404	-0.376465	-0.008057
405	-0.387695	0.036499
406	-0.370972	0.026611
407	-0.392090	-0.000488
408	-0.368896	-0.025635
409	-0.391357	-0.026978
410	-0.390503	0.013306
411	-0.374023	-0.026978
412	-0.377563	0.007690
413	-0.390625	-0.051270
414	-0.364746	-0.014526
415	-0.380737	0.022217
416	-0.380493	-0.033691
417	-0.377441	-0.024170
418	-0.390625	-0.009644
419	-0.383789	-0.010620
420	-0.365479	0.004150
421	-0.391846	-0.009521
422	-0.386230	-0.022461
423	-0.380127	0.010742
424	-0.368408	-0.018188
425	-0.373413	0.016846
426	-0.386597	-0.006714
427	-0.380737	0.016968
428	-0.387207	-0.048828
429	-0.393677	-0.023560
430	-0.380127	-0.022217
431	-0.388306	-0.032715
432	-0.376831	-0.022583
433	-0.362183	0.011719
434	-0.385010	0.057861
435	-0.380493	0.007324
436	-0.377441	-0.000488
437	-0.382813	-0.015259
438	-0.391113	0.029419
439	-0.374756	0.018921
440	-0.386841	-0.000732
441	-0.379028	-0.039185
442	-0.387817	-0.048218
443	-0.377441	0.015625
444	-0.380371	0.001953
445	-0.387329	-0.006226
446	-0.378052	-0.020630
447	-0.393799	0.001587
448	-0.392456	-0.002808
449	-0.378174	-0.038696
450	-0.388672	-0.036377
451	-0.390503	0.026611
452	-0.375977	-0.005249
453	-0.397217	0.024414
454	-0.390259	0.071289
455	-0.372192	0.020264
456	-0.392700	0.030884
457	-0.380615	0.029053
458	-0.375366	-0.003784
459	-0.372192	-0.014526
460	-0.384766	-0.002441
461	-0.382690	-0.003784
462	-0.374023	0.013184
463	-0.376099	0.008179
464	-0.383545	-0.017456
465	-0.380493	0.038330
466	-0.385498	0.029785
467	-0.381226	-0.020752
468	-0.375122	0.000122
469	-0.376465	-0.002686
470	-0.392700	-0.031738
471	-0.369385	0.056030
472	-0.394531	0.042114
473	-0.393677	-0.039307
474	-0.388062	-0.023438
475	-0.379272	-0.022461
476	-0.378296	0.029053
477	-0.379150	-0.000366
478	-0.387573	-0.022461
479	-0.389160	-0.000610
480	-0.387207	-0.028931
481	-0.388672	0.028198
482	-0.392090	0.010498
483	-0.388428	0.030762
484	-0.371826	0.017944
485	-0.399780	0.009033
486	-0.390137	-0.028442
487	-0.389526	0.033081
488	-0.383911	-0.014893
489	-0.391968	0.002319
490	-0.372925	-0.011475
491	-0.383545	-0.019531
492	-0.381470	0.028687
493	-0.388672	0.035889
494	-0.391113	0.015381
495	-0.383423	0.048462
496	-0.384155	-0.091675
497	-0.382446	-0.045166
498	-0.388062	-0.018433
499	-0.384766	0.001587
500	-0.385986	-0.022949
501	-0.385986	-0.010010
502	-0.385864	0.035522
503	-0.379639	-0.042725
504	-0.383301	-0.031982
505	-0.392090	-0.015259
506	-0.373779	0.016113
507	-0.380493	-0.022461
508	-0.385498	0.007690
509	-0.380005	0.061646
510	-0.380127	0.005981
511	-0.385986	0.010986
512	-0.372925	0.004150
513	-0.376709	-0.005859
514	-0.395996	-0.001709
515	-0.389893	-0.005005
516	-0.388916	0.030029
517	-0.388916	-0.029297
518	-0.381226	0.022217
519	-0.387817	0.009033
520	-0.394653	0.008301
521	-0.383789	0.030640
522	-0.373291	-0.020142
523	-0.380859	0.031494
524	-0.375854	-0.027100
525	-0.374756	0.002441
526	-0.380249	-0.037231
527	-0.380859	-0.025024
528	-0.374023	-0.019531
529	-0.379517	-0.019409
530	-0.377563	0.029419
531	-0.385254	-0.029541
532	-0.386475	-0.013916
533	-0.385620	0.031616
534	-0.358276	-0.021606
535	-0.373779	0.034912
536	-0.375122	-0.010498
537	-0.383423	-0.005371
538	-0.387573	-0.007813
539	-0.398682	0.015869
540	-0.381226	0.012329
541	-0.378418	-0.002197
542	-0.377075	0.016479
543	-0.380127	-0.000244
544	-0.386841	-0.004761
545	-0.392212	0.019531
546	-0.378296	-0.009277
547	-0.377686	0.024170
548	-0.388184	-0.024536
549	-0.377441	-0.021851
550	-0.381836	-0.045044
551	-0.385620	-0.005005
552	-0.381714	-0.038086
553	-0.386353	-0.036133
554	-0.389038	-0.036865
555	-0.391357	-0.019409
556	-0.387085	0.031006
557	-0.388062	0.013062
558	-0.373657	-0.004883
559	-0.387817	-0.035400
560	-0.390015	-0.022461
561	-0.381104	0.023804
562	-0.383179	-0.017822
563	-0.380493	0.041626
564	-0.377441	0.015137
565	-0.383179	-0.010132
566	-0.385010	0.008545
567	-0.381714	-0.027832
568	-0.390015	-0.010132
569	-0.379028	0.032104
570	-0.393677	-0.005737
571	-0.391235	0.054077
572	-0.381470	0.025024
573	-0.379761	0.020630
574	-0.395142	0.022339
575	-0.371338	0.049805
576	-0.390747	-0.002686
577	-0.395508	-0.020752
578	-0.377075	-0.019775
579	-0.377441	0.009033
580	-0.384644	-0.021851
581	-0.389526	0.001709
582	-0.381104	-0.003296
583	-0.375488	-0.027832
584	-0.383301	-0.038940
585	-0.377319	-0.002808
586	-0.379150	0.019897
587	-0.391113	-0.009521
588	-0.380493	0.034302
589	-0.374023	0.039917
590	-0.384155	0.039307
591	-0.371216	-0.026733
592	-0.383301	0.006348
593	-0.390137	0.025513
594	-0.396362	0.001221
595	-0.385864	-0.042969
596	-0.372681	-0.003052
597	-0.379517	-0.034058
598	-0.381958	-0.020264
599	-0.367676	-0.005371
600	-0.392334	-0.020630
601	-0.370605	-0.016602
602	-0.381226	0.031250
603	-0.383789	-0.020264
604	-0.363403	0.014893
605	-0.384888	-0.003662
606	-0.380859	-0.036011
607	-0.377319	-0.018311
608	-0.392212	-0.005737
609	-0.369873	-0.026611
610	-0.383179	0.006470
611	-0.392944	0.061035
612	-0.383423	0.025635
613	-0.377319	-0.020508
614	-0.386108	0.010132
615	-0.376709	0.049927
616	-0.382935	0.000977
617	-0.386963	0.033813
618	-0.376587	0.020142
619	-0.383667	0.029541
620	-0.390137	-0.015259
621	-0.380371	0.011963
622	-0.392090	0.015503
623	-0.370605	0.002075
624	-0.384521	-0.027466
625	-0.375366	0.051514
626	-0.386719	-0.017212
627	-0.379761	0.021606
628	-0.381470	0.031250
629	-0.377563	-0.014282
630	-0.379639	-0.010498
631	-0.390991	-0.042236
632	-0.382568	0.008911
633	-0.389893	0.015015
634	-0.381836	-0.011475
635	-0.388672	-0.002441
636	-0.369507	0.011597
637	-0.384888	0.021484
638	-0.395508	0.032227
639	-0.381104	-0.000854
640	-0.374756	0.017822
641	-0.374512	0.009155
642	-0.384521	0.064331
643	-0.379883	0.009399
644	-0.384766	0.009521
645	-0.364624	0.036987
646	-0.374268	-0.012085
647	-0.381836	-0.016357
648	-0.385620	0.001587
649	-0.389648	-0.041748
650	-0.386353	0.011719
651	-0.390625	-0.007813
652	-0.389526	-0.013428
653	-0.399780	-0.011108
654	-0.386475	0.026978
655	-0.379639	0.010498
656	-0.398682	-0.035767
657	-0.382568	0.010254
658	-0.382690	0.005737
659	-0.393555	-0.031982
660	-0.378662	0.008301
661	-0.388794	-0.008911
662	-0.380981	-0.024414
663	-0.382813	-0.003662
664	-0.376831	0.017822
665	-0.395874	-0.037109
666	-0.384399	-0.024170
667	-0.381714	0.003662
668	-0.377808	-0.011963
669	-0.387207	-0.002197
670	-0.378540	-0.010864
671	-0.375488	0.002319
672	-0.391479	0.031982
673	-0.371582	0.012573
674	-0.393066	0.032349
675	-0.386230	0.011841
676	-0.373657	-0.012939
677	-0.398193	-0.041016
678	-0.371216	0.019775
679	-0.377197	-0.011963
680	-0.371826	-0.009155
681	-0.377930	-0.004272
682	-0.374390	-0.005371
683	-0.372925	-0.020874
684	-0.386963	0.009399
685	-0.386719	0.012207
686	-0.377075	-0.016724
687	-0.379028	0.006958
688	-0.377686	-0.002930
689	-0.377686	-0.025757
690	-0.379761	-0.046509
691	-0.388672	0.014771
692	-0.376587	0.020630
693	-0.387207	-0.006226
694	-0.388550	0.024048
695	-0.383789	-0.003784
696	-0.375000	-0.008667
697	-0.376587	0.044067
698	-0.381470	0.011108
699	-0.369263	-0.001587
700	-0.375122	0.026001
701	-0.395630	0.016357
702	-0.381592	0.020874
703	-0.378296	-0.018555
704	-0.390503	0.054199
705	-0.380981	0.029175
706	-0.391235	0.045654
707	-0.385010	0.024292
708	-0.385010	0.030396
709	-0.383057	0.012329
710	-0.384766	-0.015137
711	-0.372925	0.041748
712	-0.395996	-0.034546
713	-0.372559	-0.012817
714	-0.380249	0.006104
715	-0.370972	0.000732
716	-0.378174	-0.022461
717	-0.387085	0.012573
718	-0.378540	0.034058
719	-0.386353	0.018433
720	-0.380981	-0.005493
721	-0.379517	-0.010864
722	-0.382935	0.031616
723	-0.378174	0.020630
724	-0.386108	-0.009766
725	-0.372803	0.003052
726	-0.391968	0.018188
727	-0.370483	-0.000122
728	-0.381348	-0.036011
729	-0.401001	0.028564
730	-0.375977	0.004272
731	-0.391479	0.025879
732	-0.378784	-0.007202
733	-0.377441	-0.025024
734	-0.377075	-0.000854
735	-0.382324	0.016602
736	-0.373169	0.039063
737	-0.378662	-0.017822
738	-0.386597	-0.008057
739	-0.380127	-0.023926
740	-0.375244	0.014160
741	-0.376343	-0.015503
742	-0.397461	-0.004028
743	-0.380981	0.037964
744	-0.362671	-0.005249
745	-0.382935	-0.005127
746	-0.377319	0.015625
747	-0.375854	-0.011230
748	-0.385254	0.024780
749	-0.374878	0.030640
750	-0.382080	0.012817
751	-0.389404	0.013672
752	-0.373047	-0.005249
753	-0.388794	0.038818
754	-0.387085	-0.013184
755	-0.392456	-0.021851
756	-0.394531	-0.044067
757	-0.384888	-0.008057
758	-0.377075	-0.001831
759	-0.386475	-0.027832
760	-0.387695	0.007690
761	-0.382324	0.044922
762	-0.394897	0.040649
763	-0.385620	0.000000
764	-0.382446	-0.003662
765	-0.393311	-0.012939
766	-0.383057	-0.025269
767	-0.396606	-0.002686
768	-0.381104	0.016113
769	-0.385742	0.015747
770	-0.392944	0.017334
771	-0.386108	0.027466
772	-0.391846	0.014771
773	-0.377441	-0.012207
774	-0.389160	0.037109
775	-0.375854	-0.012207
776	-0.385010	-0.018066
777	-0.388672	-0.033691
778	-0.377441	0.012939
779	-0.390625	0.045654
780	-0.376465	-0.035278
781	-0.367065	0.037842
782	-0.380371	0.055420
783	-0.386475	0.014160
784	-0.381714	0.006470
785	-0.387573	0.030762
786	-0.379272	-0.008179
787	-0.374878	0.017944
788	-0.384277	0.016235
789	-0.384888	0.025513
790	-0.374512	0.009521
791	-0.386108	0.018555
792	-0.380737	0.025513
793	-0.381348	0.011963
794	-0.377319	0.012329
795	-0.387817	0.011597
796	-0.379639	0.001221
797	-0.375977	-0.012329
798	-0.382446	-0.021973
799	-0.384277	-0.010864
800	-0.392700	-0.023926
801	-0.381958	0.016968
802	-0.381470	0.001221
803	-0.374878	-0.055420
804	-0.378418	-0.000977
805	-0.388550	-0.035156
806	-0.375854	0.012207
807	-0.381104	0.031128
808	-0.386963	0.007568
809	-0.389526	0.037109
810	-0.389160	-0.008911
811	-0.381958	0.004883
812	-0.378052	0.009888
813	-0.389648	-0.033203
814	-0.397705	0.010620
815	-0.376953	-0.010010
816	-0.374878	0.028320
817	-0.386597	0.037720
818	-0.383423	0.000610
819	-0.375488	-0.011841
820	-0.364624	0.011719
821	-0.373291	0.016724
822	-0.367676	0.000610
823	-0.382813	0.077393
824	-0.382446	0.043701
825	-0.378906	0.024536
826	-0.384644	0.000977
827	-0.389648	-0.007690
828	-0.380371	0.006836
829	-0.386475	-0.024292
830	-0.385254	0.010376
831	-0.367188	-0.054443
832	-0.388916	-0.011841
833	-0.384888	-0.047852
834	-0.385376	0.005859
835	-0.376465	0.028931
836	-0.380737	-0.006592
837	-0.372803	0.006714
838	-0.382813	-0.010864
839	-0.379395	-0.034424
840	-0.383911	-0.002441
841	-0.376587	0.030762
842	-0.377563	0.024902
843	-0.396851	0.022705
844	-0.376709	0.017944
845	-0.386475	0.014526
846	-0.371948	0.021729
847	-0.371704	0.009033
848	-0.389771	0.025269
849	-0.393677	-0.013550
850	-0.376221	-0.023071
851	-0.384277	-0.003174
852	-0.375122	-0.034668
853	-0.375854	-0.022949
854	-0.372192	0.007324
855	-0.392212	0.026733
856	-0.404175	-0.058350
857	-0.376221	-0.067383
858	-0.384399	0.020264
859	-0.382324	-0.027222
860	-0.364624	0.005371
861	-0.390015	-0.000122
862	-0.383667	-0.013062
863	-0.377197	-0.013916
864	-0.394287	0.003174
865	-0.366455	-0.036865
866	-0.381592	-0.013916
867	-0.378296	-0.078979
868	-0.374634	-0.001099
869	-0.388062	0.016968
870	-0.386841	0.028198
871	-0.373657	-0.007446
872	-0.379517	0.028687
873	-0.382568	0.033081
874	-0.382690	-0.006714
875	-0.393311	0.013428
876	-0.380005	0.019287
877	-0.399780	-0.033936
878	-0.378662	0.007568
879	-0.389038	0.012329
880	-0.402344	-0.005249
881	-0.396118	0.027222
882	-0.398315	-0.004761
883	-0.394287	-0.006958
884	-0.391113	0.006226
885	-0.380127	0.001465
886	-0.389771	-0.021362
887	-0.385254	-0.008179
888	-0.390015	-0.029297
889	-0.381104	0.031250
890	-0.381714	-0.021606
891	-0.381958	0.013428
892	-0.375244	0.034790
893	-0.392700	0.000122
894	-0.373413	-0.002441
895	-0.376587	-0.033447
896	-0.373413	-0.031860
897	-0.374390	-0.005615
898	-0.359009	0.000977
899	-0.391968	-0.016479
900	-0.370483	-0.015625
901	-0.379272	-0.014404
902	-0.368530	-0.008911
903	-0.382690	0.031128
904	-0.380371	0.056763
905	-0.375854	0.027832
906	-0.382202	-0.040771
907	-0.379883	0.000244
908	-0.377563	0.022705
909	-0.397095	-0.033813
910	-0.390015	-0.041382
911	-0.392822	0.060303
912	-0.399292	0.017578
913	-0.388428	-0.048828
914	-0.385010	0.015869
915	-0.383301	0.025513
916	-0.374512	0.013550
917	-0.387451	-0.024658
918	-0.369873	-0.008423
919	-0.385986	0.007935
920	-0.386353	-0.008179
921	-0.380005	-0.054321
922	-0.390503	-0.060181
923	-0.376953	-0.032715
924	-0.375610	-0.006348
925	-0.384033	-0.020508
926	-0.384155	-0.020630
927	-0.371826	-0.020142
928	-0.383301	-0.003906
929	-0.364868	0.006104
930	-0.384033	-0.010010
931	-0.379395	-0.042358
932	-0.376587	0.024902
933	-0.392456	0.003662
934	-0.371338	-0.005859
935	-0.371826	-0.015259
936	-0.384033	-0.006592
937	-0.374878	0.036377
938	-0.380859	-0.002441
939	-0.367920	0.005127
940	-0.376221	0.013062
941	-0.390137	0.049561
942	-0.386108	-0.015503
943	-0.380859	0.002075
944	-0.390503	0.007813
945	-0.372803	-0.024536
946	-0.381836	0.024414
947	-0.381348	-0.032837
948	-0.372070	-0.000610
949	-0.388428	0.002808
950	-0.400879	0.092041
951	-0.381836	-0.035889
952	-0.380249	-0.020752
953	-0.372437	0.004761
954	-0.392456	0.008301
955	-0.382080	-0.026978
956	-0.368164	-0.008301
957	-0.376709	0.015137
958	-0.378784	-0.008423
959	-0.393921	0.022583
960	-0.379272	-0.004883
961	-0.372803	0.002319
962	-0.390625	-0.007202
963	-0.390503	0.075195
964	-0.376709	0.015259
965	-0.377930	0.002319
966	-0.383179	-0.007080
967	-0.384155	0.020264
968	-0.388428	0.013306
969	-0.372070	0.003540
970	-0.372681	-0.013672
971	-0.377197	-0.011963
972	-0.391724	0.020264
973	-0.387451	-0.039063
974	-0.385498	-0.025513
975	-0.383301	0.004883
976	-0.381104	0.071655
977	-0.389038	0.014160
978	-0.389771	0.020630
979	-0.386108	0.011963
980	-0.383179	0.003784
981	-0.390625	-0.037354
982	-0.384277	-0.002930
983	-0.363037	-0.012207
984	-0.392578	0.008179
985	-0.389038	0.060303
986	-0.381958	-0.004028
987	-0.386475	-0.009399
988	-0.384399	-0.044189
989	-0.392700	-0.037231
990	-0.375610	0.023682
991	-0.388672	0.015747
992	-0.377563	0.043091
993	-0.388672	0.000488
994	-0.382202	-0.015503
995	-0.383545	0.034912
996	-0.395142	-0.010986
997	-0.387085	-0.014282
998	-0.370972	0.002563
999	-0.378418	0.068359
