0	-0.157593	-0.004150
1	-0.163086	-0.001587
2	-0.156616	-0.010986
3	-0.141479	0.018799
4	-0.160400	0.015869
5	-0.162720	-0.002197
6	-0.146851	-0.033081
7	-0.164063	0.015747
8	-0.153687	0.005127
9	-0.147949	0.001099
10	-0.166016	-0.000610
11	-0.152222	-0.005737
12	-0.153931	-0.019897
13	-0.158691	-0.000977
14	-0.161499	-0.002197
15	-0.163086	-0.005371
16	-0.159668	-0.002441
17	-0.158325	-0.012817
18	-0.152466	-0.032104
19	-0.155762	0.004272
20	-0.159912	-0.012085
21	-0.153931	0.016846
22	-0.156982	-0.009644
23	-0.159302	0.012085
24	-0.167603	-0.015381
25	-0.156128	0.008789
26	-0.158447	-0.010010
27	-0.160278	0.006836
28	-0.158325	-0.028687
29	-0.153931	0.002441
30	-0.167236	-0.012573
31	-0.163696	0.003296
32	-0.161621	-0.012329
33	-0.158325	-0.000122
34	-0.157471	-0.003418
35	-0.160645	-0.015869
36	-0.164917	0.014038
37	-0.160889	-0.001587
38	-0.162842	0.009888
39	-0.160645	-0.006104
40	-0.160156	0.014404
41	-0.162476	-0.008911
42	-0.154175	-0.014160
43	-0.167480	-0.003296
44	-0.165894	0.021973
45	-0.154907	-0.010132
46	-0.164429	0.010254
47	-0.153442	-0.003540
48	-0.163696	0.017578
49	-0.160400	0.034424
50	-0.149780	0.007202
51	-0.146973	0.018311
52	-0.168335	-0.005981
53	-0.161865	0.007690
54	-0.163696	0.009888
55	-0.160278	0.006470
56	-0.159058	0.015625
57	-0.156616	-0.022339
58	-0.159668	-0.004150
59	-0.150146	-0.008301
60	-0.166260	-0.004639
61	-0.155640	-0.005493
62	-0.161743	0.000366
63	-0.151367	0.005249
64	-0.150635	-0.037476
65	-0.161133	0.019409
66	-0.161621	-0.008057
67	-0.161255	0.008911
68	-0.164063	-0.020996
69	-0.151855	0.002319
70	-0.155640	-0.012695
71	-0.155029	-0.007690
72	-0.143188	-0.000854
73	-0.154419	0.000244
74	-0.152832	0.001343
75	-0.148315	0.011475
76	-0.163940	0.012451
77	-0.156250	-0.001831
78	-0.156006	0.005249
79	-0.150269	0.007813
80	-0.166626	0.014648
81	-0.160645	0.016357
82	-0.158325	-0.003540
83	-0.161499	-0.006958
84	-0.156616	-0.018677
85	-0.161499	-0.011963
86	-0.157837	-0.005859
87	-0.158447	0.009644
88	-0.152954	0.005859
89	-0.166504	0.004883
90	-0.166870	-0.011475
91	-0.161133	-0.009033
92	-0.161377	-0.011719
93	-0.148560	-0.000977
94	-0.155640	0.002563
95	-0.159546	-0.012451
96	-0.172974	-0.018311
97	-0.164063	-0.013306
98	-0.153564	0.005859
99	-0.160278	0.004272
100	-0.147705	0.003784
101	-0.161011	-0.004150
102	-0.150879	0.020874
103	-0.163574	0.011230
104	-0.160522	0.000977
105	-0.152100	-0.002686
106	-0.162231	-0.015747
107	-0.154053	-0.005127
108	-0.147095	-0.004028
109	-0.153809	0.005859
110	-0.154419	-0.002441
111	-0.154907	-0.006958
112	-0.154297	0.019165
113	-0.153809	-0.000854
114	-0.166382	-0.019165
115	-0.164551	0.014282
116	-0.165283	-0.005371
117	-0.158325	0.017456
118	-0.163452	0.015137
119	-0.162109	0.007324
120	-0.149658	-0.008911
121	-0.167969	0.004883
122	-0.168091	0.024170
123	-0.158936	0.005371
124	-0.149536	0.003418
125	-0.159180	-0.004395
126	-0.158569	-0.002319
127	-0.165039	0.010376
128	-0.159790	-0.009399
129	-0.146851	0.006592
130	-0.161621	-0.009521
131	-0.160400	0.011230
132	-0.157227	-0.006348
133	-0.160889	-0.002075
134	-0.159546	-0.011230
135	-0.151611	0.002563
136	-0.143188	-0.006348
137	-0.160400	-0.009521
138	-0.153687	0.003296
139	-0.150757	0.008301
140	-0.152222	0.003540
141	-0.166992	-0.001587
142	-0.152710	0.012573
143	-0.159790	-0.007935
144	-0.157715	-0.004028
145	-0.139648	-0.000610
146	-0.163696	0.013794
147	-0.163086	0.001221
148	-0.150635	-0.015259
149	-0.158081	-0.005859
150	-0.156372	0.026978
151	-0.160278	0.001099
152	-0.158936	0.005371
153	-0.160767	-0.010010
154	-0.158325	-0.001099
155	-0.162476	-0.016724
156	-0.166016	-0.028442
157	-0.156250	0.001953
158	-0.159912	-0.001709
159	-0.145020	0.013672
160	-0.157349	-0.009521
161	-0.149292	0.018066
162	-0.161499	0.014282
163	-0.163574	0.001099
164	-0.154541	0.001221
165	-0.148193	-0.000977
166	-0.159912	0.008057
167	-0.149170	-0.001587
168	-0.170898	-0.044434
169	-0.162231	-0.011597
170	-0.156982	-0.000732
171	-0.147705	0.010986
172	-0.164917	-0.012207
173	-0.163696	-0.012817
174	-0.154175	0.015503
175	-0.163330	-0.020386
176	-0.156006	0.006592
177	-0.154541	0.003296
178	-0.161133	-0.007813
179	-0.170410	-0.003662
180	-0.162720	0.003662
181	-0.148071	0.001831
182	-0.163086	0.014404
183	-0.160767	-0.022217
184	-0.151733	-0.000977
185	-0.156616	0.017578
186	-0.145264	-0.000977
187	-0.151733	0.006348
188	-0.164917	0.007935
189	-0.157593	0.005981
190	-0.165649	0.004150
191	-0.161011	-0.005249
192	-0.151855	-0.006104
193	-0.147461	0.006470
194	-0.157349	-0.000244
195	-0.152710	-0.004761
196	-0.141968	-0.000732
197	-0.148926	0.003052
198	-0.151489	-0.010254
199	-0.147827	0.001343
200	-0.161011	0.017944
201	-0.163818	-0.003174
202	-0.153687	-0.008911
203	-0.155273	-0.002930
204	-0.161987	-0.012451
205	-0.151855	0.018433
206	-0.154907	0.012085
207	-0.167847	-0.021606
208	-0.159790	-0.003784
209	-0.151001	-0.018677
210	-0.155884	0.014404
211	-0.152954	-0.005859
212	-0.160156	-0.005615
213	-0.151001	-0.000244
214	-0.155151	0.008057
215	-0.154541	-0.009155
216	-0.166138	-0.002075
217	-0.152344	-0.018555
218	-0.158447	-0.006470
219	-0.158813	-0.009521
220	-0.162109	0.002563
221	-0.159912	0.022217
222	-0.158081	0.022949
223	-0.150146	0.002441
224	-0.146729	-0.001831
225	-0.158569	-0.002563
226	-0.161255	-0.000244
227	-0.162231	0.000000
228	-0.152222	-0.000244
229	-0.152100	-0.008667
230	-0.153687	-0.015747
231	-0.162231	-0.018555
232	-0.158325	0.011719
233	-0.148193	0.003784
234	-0.149536	-0.002197
235	-0.159180	-0.015137
236	-0.152954	-0.002563
237	-0.155029	-0.022339
238	-0.153564	-0.022217
239	-0.156616	0.007446
240	-0.153809	0.008423
241	-0.151245	0.011963
242	-0.161865	-0.007446
243	-0.159790	0.006836
244	-0.165649	-0.000977
245	-0.155762	-0.013306
246	-0.154297	0.018188
247	-0.148438	0.011230
248	-0.162964	-0.029419
249	-0.150391	0.006470
250	-0.151611	0.015625
251	-0.162476	-0.003174
252	-0.153809	-0.003296
253	-0.148682	-0.008301
254	-0.154907	0.003540
255	-0.161499	0.003662
256	-0.151367	0.009277
257	-0.154297	-0.005493
258	-0.161743	0.006836
259	-0.163574	0.006714
260	-0.162598	-0.005371
261	-0.166382	0.024048
262	-0.157959	-0.005737
263	-0.160889	0.011230
264	-0.162842	0.010864
265	-0.151733	-0.002686
266	-0.161987	0.016846
267	-0.157349	-0.012939
268	-0.156372	0.003662
269	-0.152100	0.004761
270	-0.164551	0.003540
271	-0.153442	-0.003296
272	-0.146729	-0.007080
273	-0.166748	0.007935
274	-0.172485	-0.005371
275	-0.150635	-0.009888
276	-0.141113	0.012451
277	-0.154907	0.005005
278	-0.154297	0.006470
279	-0.145996	-0.023193
280	-0.152100	0.005127
281	-0.148438	-0.017456
282	-0.146240	0.005615
283	-0.156616	0.007568
284	-0.154663	-0.008545
285	-0.156250	0.006348
286	-0.153320	0.009521
287	-0.165405	0.006470
288	-0.151245	-0.020386
289	-0.167114	-0.022461
290	-0.147217	-0.000610
291	-0.159668	0.001587
292	-0.160522	0.003906
293	-0.144897	-0.002197
294	-0.152954	-0.002808
295	-0.151367	-0.004761
296	-0.148438	-0.005859
297	-0.158325	0.003052
298	-0.155396	0.001221
299	-0.171265	-0.019531
300	-0.164795	-0.000244
301	-0.152222	-0.016235
302	-0.161621	0.004883
303	-0.157593	-0.012573
304	-0.163574	-0.004883
305	-0.158691	0.010742
306	-0.151855	-0.016724
307	-0.156372	-0.004883
308	-0.164307	0.002319
309	-0.151245	-0.006714
310	-0.154785	-0.015137
311	-0.168213	-0.018188
312	-0.149292	-0.018555
313	-0.147827	0.001953
314	-0.148438	0.003052
315	-0.154419	0.008179
316	-0.146606	-0.010620
317	-0.158203	0.000977
318	-0.168823	0.017944
319	-0.158447	0.004395
320	-0.152466	0.011230
321	-0.162964	-0.007690
322	-0.158936	0.018677
323	-0.167725	0.015137
324	-0.170288	-0.001953
325	-0.160400	-0.001587
326	-0.171265	-0.009644
327	-0.164551	-0.000977
328	-0.147339	-0.001587
329	-0.151489	0.000000
330	-0.159912	0.021240
331	-0.150757	0.019531
332	-0.160767	-0.022339
333	-0.165161	0.003662
334	-0.161377	-0.010864
335	-0.153442	0.002441
336	-0.155273	0.001709
337	-0.152222	0.011597
338	-0.162354	0.011475
339	-0.151123	0.002319
340	-0.159302	0.019409
341	-0.155029	0.017700
342	-0.159302	-0.015991
343	-0.157104	-0.000610
344	-0.158203	-0.002930
345	-0.151855	-0.016602
346	-0.164551	-0.001221
347	-0.156006	-0.000488
348	-0.158081	0.002319
349	-0.155396	-0.008057
350	-0.148560	0.000366
351	-0.164917	-0.026001
352	-0.160278	0.014160
353	-0.164673	-0.009277
354	-0.165039	0.006104
355	-0.166016	-0.012695
356	-0.158203	-0.004883
357	-0.162476	0.001587
358	-0.160889	-0.000732
359	-0.157349	-0.005615
360	-0.159912	-0.007813
361	-0.160278	-0.027588
362	-0.162964	-0.012695
363	-0.151123	0.010254
364	-0.163086	-0.003052
365	-0.151733	-0.008911
366	-0.154053	0.003296
367	-0.151611	0.004883
368	-0.155884	-0.020874
369	-0.160278	0.011475
370	-0.158325	0.008301
371	-0.157959	-0.002686
372	-0.161987	-0.001831
373	-0.156616	0.001953
374	-0.157104	-0.005371
375	-0.159790	-0.006592
376	-0.157837	0.003052
377	-0.153320	-0.004028
378	-0.151733	-0.013306
379	-0.154175	-0.004395
380	-0.151978	0.006104
381	-0.162109	-0.004639
382	-0.153564	0.017212
383	-0.157104	0.017456
384	-0.156494	0.009644
385	-0.149170	-0.020996
386	-0.145508	0.015015
387	-0.153320	-0.001953
388	-0.155396	0.000000
389	-0.163940	-0.010010
390	-0.169067	0.017212
391	-0.158936	0.007690
392	-0.149780	0.001099
393	-0.167969	0.007568
394	-0.152832	-0.020142
395	-0.153564	-0.008423
396	-0.167969	-0.004272
397	-0.169067	0.000000
398	-0.151489	-0.004272
399	-0.150269	-0.004150
400	-0.140869	0.001465
401	-0.163452	0.015015
402	-0.148804	0.007568
403	-0.154175	-0.009888
404	-0.144897	0.004883
405	-0.154785	-0.015015
406	-0.151489	0.005371
407	-0.154297	-0.010254
408	-0.165161	-0.012939
409	-0.162964	-0.012451
410	-0.160889	-0.005127
411	-0.157227	0.004028
412	-0.161011	-0.002197
413	-0.155518	-0.022217
414	-0.153198	0.008911
415	-0.162109	0.005005
416	-0.165649	-0.001465
417	-0.162720	0.007202
418	-0.158936	0.023682
419	-0.156982	0.013428
420	-0.156372	-0.001587
421	-0.165649	-0.013306
422	-0.157715	0.002197
423	-0.153931	0.003662
424	-0.157959	0.009399
425	-0.149780	0.002563
426	-0.154907	0.008423
427	-0.146729	0.002319
428	-0.161499	-0.019409
429	-0.163818	0.011597
430	-0.155640	-0.019653
431	-0.160522	0.000732
432	-0.161255	0.001221
433	-0.156982	-0.006226
434	-0.169189	-0.002563
435	-0.160156	-0.009033
436	-0.151855	0.004150
437	-0.145142	0.003540
438	-0.152100	0.004272
439	-0.153931	0.007202
440	-0.166504	0.023682
441	-0.159424	0.009766
442	-0.159912	0.010498
443	-0.156372	0.028320
444	-0.160767	0.024414
445	-0.157715	-0.000977
446	-0.160400	-0.014526
447	-0.164185	-0.001343
448	-0.153076	-0.017090
449	-0.153931	-0.000732
450	-0.158936	0.024658
451	-0.162964	-0.025879
452	-0.155640	-0.003052
453	-0.159668	0.006226
454	-0.161743	-0.005371
455	-0.152100	0.015625
456	-0.156250	-0.010986
457	-0.158081	-0.022827
458	-0.151001	-0.001587
459	-0.155273	0.001343
460	-0.155640	0.005615
461	-0.157471	-0.018066
462	-0.159546	-0.009644
463	-0.157959	0.005249
464	-0.152832	0.005859
465	-0.157959	-0.021729
466	-0.158936	-0.010742
467	-0.157959	-0.014648
468	-0.157715	0.025146
469	-0.151001	0.005249
470	-0.152588	-0.038818
471	-0.158569	-0.018799
472	-0.159790	0.008179
473	-0.163818	0.002075
474	-0.152466	-0.016724
475	-0.155029	0.000610
476	-0.148438	0.014038
477	-0.149658	-0.001587
478	-0.152588	0.004272
479	-0.155884	0.009888
480	-0.160645	0.003906
481	-0.148804	0.003784
482	-0.160278	-0.010742
483	-0.151489	-0.000732
484	-0.160889	0.032104
485	-0.172607	-0.018066
486	-0.157715	-0.017578
487	-0.159790	0.001221
488	-0.173706	0.015381
489	-0.162598	-0.003296
490	-0.158813	-0.009888
491	-0.169922	0.022217
492	-0.155151	-0.003784
493	-0.161743	0.016968
494	-0.162598	0.010132
495	-0.165405	-0.018188
496	-0.156006	-0.002930
497	-0.151489	-0.005859
498	-0.156250	0.002441
499	-0.152466	0.024292
500	-0.154175	-0.004883
501	-0.162476	0.005371
502	-0.145752	0.007324
503	-0.151611	0.021362
504	-0.161133	-0.008179
505	-0.152466	-0.017334
506	-0.153809	-0.021973
507	-0.166016	-0.016113
508	-0.156372	-0.004761
509	-0.159912	0.000000
510	-0.162476	-0.006592
511	-0.152222	0.012573
512	-0.159546	-0.001587
513	-0.160400	-0.000488
514	-0.161743	-0.004639
515	-0.152954	-0.006958
516	-0.158203	0.000732
517	-0.159302	0.003296
518	-0.154785	0.018311
519	-0.154785	-0.018921
520	-0.153564	-0.010498
521	-0.149780	-0.003296
522	-0.150757	0.009155
523	-0.170044	0.010864
524	-0.159302	-0.016235
525	-0.161377	-0.003784
526	-0.159180	0.001953
527	-0.147461	0.011475
528	-0.161621	-0.010498
529	-0.154419	-0.020752
530	-0.161499	-0.008179
531	-0.160156	-0.004150
532	-0.160034	-0.018188
533	-0.143311	0.019775
534	-0.150879	0.021729
535	-0.157471	-0.006226
536	-0.156494	-0.000610
537	-0.148926	0.008179
538	-0.151855	-0.012573
539	-0.150391	-0.017944
540	-0.140869	0.000366
541	-0.151367	0.001953
542	-0.150269	-0.005127
543	-0.155029	0.005615
544	-0.148071	-0.034180
545	-0.165405	-0.018921
546	-0.165894	-0.005859
547	-0.149658	-0.011719
548	-0.158203	0.000610
549	-0.152344	-0.020508
550	-0.156006	-0.003052
551	-0.153198	0.008789
552	-0.153320	-0.002319
553	-0.154419	0.014282
554	-0.161987	0.004272
555	-0.160645	-0.006714
556	-0.154663	0.005859
557	-0.152222	-0.032227
558	-0.167603	0.003052
559	-0.163086	0.017700
560	-0.156860	-0.012085
561	-0.161011	0.001831
562	-0.150024	0.010376
563	-0.148804	0.006226
564	-0.155273	-0.004395
565	-0.149048	-0.000854
566	-0.156494	0.009644
567	-0.165527	0.009766
568	-0.159790	0.013550
569	-0.154297	-0.005127
570	-0.156738	-0.002319
571	-0.156616	0.016235
572	-0.156738	-0.007446
573	-0.162354	-0.032227
574	-0.160156	-0.004761
575	-0.157104	-0.003174
576	-0.164795	-0.020508
577	-0.153198	-0.003174
578	-0.149048	-0.008789
579	-0.149536	0.003540
580	-0.163086	-0.007446
581	-0.161499	0.001099
582	-0.161377	0.006592
583	-0.158569	0.015991
584	-0.155396	-0.000366
585	-0.145752	-0.016602
586	-0.148682	-0.003296
587	-0.153809	-0.001587
588	-0.157227	0.004883
589	-0.172119	0.017822
590	-0.152588	-0.003540
591	-0.163818	0.006714
592	-0.160522	-0.010864
593	-0.175171	0.016357
594	-0.155029	0.007324
595	-0.157227	0.008057
596	-0.154419	-0.000366
597	-0.152710	-0.021973
598	-0.160889	0.003906
599	-0.167236	0.014038
600	-0.157715	-0.012695
601	-0.167236	0.009766
602	-0.158936	-0.003418
603	-0.156250	-0.004639
604	-0.159668	0.030884
605	-0.171021	0.003662
606	-0.153198	-0.010132
607	-0.154541	-0.018921
608	-0.167358	-0.002563
609	-0.160645	-0.011230
610	-0.156128	0.005493
611	-0.161621	0.003174
612	-0.157593	-0.001709
613	-0.149780	-0.016479
614	-0.161865	-0.018555
615	-0.158203	0.007813
616	-0.158569	0.005127
617	-0.152710	0.010986
618	-0.159546	-0.005127
619	-0.166748	-0.003906
620	-0.151123	0.002930
621	-0.167603	-0.000732
622	-0.158203	0.003784
623	-0.159180	-0.010742
624	-0.167847	0.012451
625	-0.155273	0.003906
626	-0.158203	-0.002197
627	-0.150391	-0.003418
628	-0.155273	0.003662
629	-0.158203	-0.002441
630	-0.171143	0.012451
631	-0.153564	0.001831
632	-0.151855	-0.008057
633	-0.162598	0.014771
634	-0.160034	0.021973
635	-0.153687	-0.007813
636	-0.158813	0.018066
637	-0.155029	-0.021362
638	-0.155273	-0.009033
639	-0.166260	0.005371
640	-0.161499	-0.013306
641	-0.150757	-0.011719
642	-0.159302	0.010376
643	-0.168457	-0.001953
644	-0.164185	0.012085
645	-0.157349	-0.026123
646	-0.157715	0.015137
647	-0.160889	0.001343
648	-0.151367	-0.006714
649	-0.168335	-0.006104
650	-0.160522	-0.020630
651	-0.153198	-0.010620
652	-0.148560	-0.005127
653	-0.159546	0.004639
654	-0.149536	0.006470
655	-0.154175	0.001343
656	-0.155029	0.005493
657	-0.156860	-0.026855
658	-0.150635	-0.007568
659	-0.162720	0.010620
660	-0.151001	-0.000244
661	-0.160278	0.016113
662	-0.165527	0.006958
663	-0.144287	0.009277
664	-0.161133	0.002563
665	-0.163208	-0.014038
666	-0.162231	0.007202
667	-0.155884	-0.011230
668	-0.152466	0.011475
669	-0.155273	0.016479
670	-0.154785	0.022339
671	-0.157104	-0.007080
672	-0.152466	-0.003662
673	-0.159058	-0.001221
674	-0.148682	-0.003540
675	-0.161865	0.004517
676	-0.159424	-0.013550
677	-0.167236	-0.014038
678	-0.156128	0.006592
679	-0.152222	0.006226
680	-0.156982	0.003662
681	-0.143066	0.002197
682	-0.153809	-0.006958
683	-0.151855	0.012207
684	-0.169800	0.010742
685	-0.160278	0.001343
686	-0.156372	0.012573
687	-0.147583	-0.004395
688	-0.162109	-0.018311
689	-0.145020	-0.007690
690	-0.168457	-0.000854
691	-0.156860	-0.020386
692	-0.159912	0.008301
693	-0.160034	-0.003418
694	-0.155151	-0.000366
695	-0.161255	0.013550
696	-0.152222	-0.019653
697	-0.162598	-0.015991
698	-0.156738	0.012817
699	-0.162476	-0.000854
700	-0.163696	-0.004761
701	-0.154907	-0.008301
702	-0.163452	-0.019531
703	-0.162842	0.004883
704	-0.155273	0.012939
705	-0.176758	0.002319
706	-0.157471	-0.002930
707	-0.164673	-0.012939
708	-0.162842	-0.003174
709	-0.151367	0.008057
710	-0.167114	0.008423
711	-0.158447	0.005005
712	-0.163574	-0.000977
713	-0.150269	-0.003784
714	-0.147583	-0.026123
715	-0.148926	0.006104
716	-0.163818	-0.012207
717	-0.154053	0.008301
718	-0.146606	0.013306
719	-0.158813	0.002930
720	-0.152954	0.003052
721	-0.154419	0.000488
722	-0.159424	0.000244
723	-0.155273	-0.003784
724	-0.160522	-0.001587
725	-0.161743	-0.014160
726	-0.155518	0.000244
727	-0.160278	0.005493
728	-0.160767	-0.001099
729	-0.153809	-0.000732
730	-0.163818	0.005615
731	-0.159424	-0.002197
732	-0.167847	0.010986
733	-0.171021	0.000366
734	-0.153687	-0.007324
735	-0.163086	0.014648
736	-0.165405	-0.041870
737	-0.145020	0.015625
738	-0.152954	0.020508
739	-0.155762	0.010254
740	-0.151611	-0.010010
741	-0.155273	0.000122
742	-0.167847	-0.001587
743	-0.155273	-0.010986
744	-0.156372	-0.005493
745	-0.166260	-0.003052
746	-0.161621	0.010742
747	-0.155762	0.006104
748	-0.156250	-0.000732
749	-0.152222	0.006592
750	-0.152100	-0.015381
751	-0.163574	-0.001831
752	-0.151733	-0.000366
753	-0.166382	0.006348
754	-0.162354	-0.006958
755	-0.153320	-0.005127
756	-0.147095	0.000732
757	-0.158691	-0.009521
758	-0.147095	0.011108
759	-0.168579	-0.035034
760	-0.157959	0.007690
761	-0.154053	-0.005493
762	-0.151489	-0.014648
763	-0.163696	0.021118
764	-0.153320	0.013794
765	-0.156860	0.016479
766	-0.174316	-0.001343
767	-0.158569	-0.008179
768	-0.154419	-0.002441
769	-0.164795	0.003784
770	-0.158325	-0.010010
771	-0.162842	0.012207
772	-0.167725	-0.020630
773	-0.171021	0.005737
774	-0.154907	0.000244
775	-0.157593	-0.000244
776	-0.156616	0.019287
777	-0.158203	-0.021118
778	-0.158447	-0.007690
779	-0.160522	0.008667
780	-0.154175	-0.018677
781	-0.150879	-0.002197
782	-0.163086	0.017578
783	-0.159790	-0.010254
784	-0.160522	-0.001099
785	-0.150635	-0.019287
786	-0.151245	0.002808
787	-0.157837	0.022705
788	-0.161621	0.014038
789	-0.155029	0.008423
790	-0.163208	0.000488
791	-0.152832	-0.007446
792	-0.166382	0.005005
793	-0.156616	-0.005493
794	-0.152344	0.017212
795	-0.160400	0.020996
796	-0.158936	-0.009277
797	-0.146973	-0.001465
798	-0.158813	0.016479
799	-0.157959	0.001465
800	-0.157593	-0.003662
801	-0.156860	0.018921
802	-0.159912	0.023071
803	-0.164917	0.003784
804	-0.170532	-0.026489
805	-0.171265	0.017212
806	-0.151855	-0.004150
807	-0.144409	0.006226
808	-0.144653	-0.001831
809	-0.150391	-0.007935
810	-0.157715	-0.007935
811	-0.165283	-0.015381
812	-0.161621	0.014648
813	-0.160767	0.006104
814	-0.162842	-0.001343
815	-0.155029	-0.020874
816	-0.153931	0.013672
817	-0.167114	0.001831
818	-0.156006	-0.009277
819	-0.151733	0.001221
820	-0.162476	0.004883
821	-0.151001	-0.009155
822	-0.162231	-0.007935
823	-0.157959	-0.011230
824	-0.156982	0.016846
825	-0.148315	0.000610
826	-0.158691	-0.009155
827	-0.160156	-0.024414
828	-0.151611	0.003784
829	-0.149170	-0.004395
830	-0.152466	0.012939
831	-0.158569	-0.011353
832	-0.160767	0.021851
833	-0.158813	-0.000244
834	-0.164795	0.001953
835	-0.155029	0.005127
836	-0.170410	0.004395
837	-0.158081	-0.006714
838	-0.165649	0.005127
839	-0.157227	0.011963
840	-0.158081	0.010620
841	-0.175903	-0.019409
842	-0.164307	0.016724
843	-0.158691	0.010986
844	-0.149780	-0.009033
845	-0.163330	-0.015991
846	-0.161499	0.018188
847	-0.163696	-0.006592
848	-0.154297	-0.004883
849	-0.171997	0.022217
850	-0.162231	-0.000854
851	-0.157837	0.016479
852	-0.163208	-0.007935
853	-0.155762	0.007568
854	-0.145752	-0.001099
855	-0.165405	0.019775
856	-0.168457	-0.032104
857	-0.156738	0.019043
858	-0.166382	0.018677
859	-0.149414	-0.015625
860	-0.153687	0.013184
861	-0.160156	-0.017090
862	-0.148682	-0.005737
863	-0.146606	-0.007935
864	-0.155640	0.003174
865	-0.165161	0.004028
866	-0.168213	0.001465
867	-0.155396	0.002686
868	-0.162231	0.012451
869	-0.165649	0.005249
870	-0.157715	-0.006958
871	-0.157227	-0.011841
872	-0.158203	0.015137
873	-0.164551	-0.018921
874	-0.161499	-0.006104
875	-0.163818	-0.000244
876	-0.155273	0.006592
877	-0.156250	-0.005859
878	-0.145386	0.014160
879	-0.159302	0.017822
880	-0.159912	-0.024048
881	-0.159790	0.000000
882	-0.151733	0.000977
883	-0.159058	-0.001831
884	-0.167603	0.024170
885	-0.151123	0.008057
886	-0.157959	0.002808
887	-0.156006	-0.009277
888	-0.160767	-0.004883
889	-0.165771	-0.016235
890	-0.150879	0.009521
891	-0.156372	-0.008911
892	-0.158813	0.004028
893	-0.154785	0.002197
894	-0.148560	-0.015991
895	-0.151489	-0.014526
896	-0.151855	0.011353
897	-0.149536	-0.007813
898	-0.156738	-0.012695
899	-0.153442	-0.008911
900	-0.157471	0.011475
901	-0.154175	0.016357
902	-0.162354	0.012207
903	-0.159180	-0.004639
904	-0.158447	0.006836
905	-0.159302	-0.000732
906	-0.141602	-0.014404
907	-0.151001	0.003540
908	-0.153320	-0.001465
909	-0.173096	0.000488
910	-0.157959	-0.007568
911	-0.151367	-0.011963
912	-0.168823	0.006714
913	-0.148560	0.014160
914	-0.154663	-0.000732
915	-0.157349	0.000000
916	-0.150391	-0.006348
917	-0.152832	-0.003296
918	-0.161133	-0.003784
919	-0.154907	-0.003540
920	-0.156982	0.008423
921	-0.160278	0.020752
922	-0.160767	-0.018433
923	-0.166870	-0.004150
924	-0.171021	0.007080
925	-0.158325	-0.020508
926	-0.154785	-0.007324
927	-0.171509	-0.004517
928	-0.164795	0.003540
929	-0.159790	-0.006104
930	-0.158936	0.004150
931	-0.164795	-0.018555
932	-0.155640	-0.000488
933	-0.158936	0.013916
934	-0.158936	-0.025146
935	-0.141846	-0.000244
936	-0.157593	-0.016846
937	-0.149170	-0.003906
938	-0.162476	-0.008911
939	-0.151001	-0.006958
940	-0.146362	-0.003784
941	-0.156372	0.027100
942	-0.155640	0.020386
943	-0.162720	-0.006226
944	-0.160522	0.008667
945	-0.167725	-0.019165
946	-0.171265	-0.014526
947	-0.152222	0.002563
948	-0.149292	-0.004639
949	-0.158569	0.019165
950	-0.152344	0.010254
951	-0.156616	-0.010986
952	-0.157715	-0.008423
953	-0.157837	-0.004517
954	-0.159058	0.000366
955	-0.156372	-0.006836
956	-0.154785	0.000854
957	-0.150879	0.019531
958	-0.146851	0.000977
959	-0.154907	0.009644
960	-0.147339	-0.021606
961	-0.161011	0.008301
962	-0.161743	0.009644
963	-0.149902	0.024414
964	-0.160645	-0.019043
965	-0.157104	0.008667
966	-0.157227	0.026001
967	-0.144897	0.002441
968	-0.163574	0.021240
969	-0.162720	-0.006714
970	-0.144043	0.001465
971	-0.160156	-0.006836
972	-0.163452	0.000122
973	-0.152832	-0.009399
974	-0.141968	-0.020142
975	-0.157593	-0.001465
976	-0.151001	0.009766
977	-0.150269	-0.011353
978	-0.168091	0.012085
979	-0.152832	-0.005615
980	-0.144897	-0.006348
981	-0.153809	0.006348
982	-0.159546	-0.010620
983	-0.156494	-0.009888
984	-0.156006	-0.014771
985	-0.163452	-0.026611
986	-0.170410	0.026367
987	-0.162354	0.003296
988	-0.169312	0.026367
989	-0.160645	-0.012329
990	-0.161255	-0.003174
991	-0.157349	0.008667
992	-0.156982	0.012939
993	-0.157715	-0.015625
994	-0.166870	-0.009766
995	-0.157837	0.008057
996	-0.156860	0.005615
997	-0.157593	-0.005737
998	-0.155029	-0.012207
999	-0.156860	-0.010132
