0	-0.254028	0.003540
1	-0.255615	0.003784
2	-0.263672	-0.012207
3	-0.264282	-0.020874
4	-0.255249	0.000488
5	-0.254639	0.012939
6	-0.262207	-0.022583
7	-0.253052	-0.002930
8	-0.251831	0.005005
9	-0.249756	-0.014893
10	-0.258057	-0.016846
11	-0.263306	0.002930
12	-0.256348	0.004395
13	-0.265381	-0.009888
14	-0.250244	-0.010498
15	-0.260254	-0.039185
16	-0.259033	-0.014282
17	-0.256836	0.003296
18	-0.260620	-0.005127
19	-0.260864	-0.005859
20	-0.256470	0.014771
21	-0.252197	-0.011230
22	-0.252563	0.006470
23	-0.271606	-0.011475
24	-0.259644	0.013550
25	-0.250488	-0.000366
26	-0.265869	0.003174
27	-0.265869	-0.013306
28	-0.249023	-0.004272
29	-0.257568	-0.014893
30	-0.259033	-0.016113
31	-0.250244	0.001587
32	-0.246582	-0.018188
33	-0.252686	-0.014893
34	-0.272583	0.028809
35	-0.268066	0.026733
36	-0.250854	0.015991
37	-0.267700	-0.000977
38	-0.250488	0.005249
39	-0.256958	0.033813
40	-0.258545	-0.006958
41	-0.259888	-0.003784
42	-0.261353	-0.008301
43	-0.251831	0.039673
44	-0.257080	-0.015015
45	-0.254883	0.003906
46	-0.269409	-0.027100
47	-0.250000	-0.002197
48	-0.262695	-0.020142
49	-0.264282	-0.000610
50	-0.268066	0.006226
51	-0.252808	0.005615
52	-0.255981	-0.009155
53	-0.273682	0.036133
54	-0.252563	-0.000854
55	-0.250977	0.016357
56	-0.260742	-0.002319
57	-0.258789	0.005249
58	-0.260376	-0.002563
59	-0.253906	0.018677
60	-0.254395	0.017578
61	-0.266235	-0.015625
62	-0.253784	0.032593
63	-0.256714	0.029053
64	-0.258911	-0.000610
65	-0.263672	0.014893
66	-0.264038	0.000732
67	-0.257935	-0.014526
68	-0.256348	0.023071
69	-0.268555	-0.002686
70	-0.255737	-0.014038
71	-0.255737	0.001099
72	-0.260742	0.007568
73	-0.250977	-0.011597
74	-0.252319	0.015381
75	-0.264282	-0.004883
76	-0.261475	0.022949
77	-0.255005	0.018311
78	-0.255249	0.018066
79	-0.265991	-0.002686
80	-0.251343	-0.034912
81	-0.272217	0.005981
82	-0.257080	0.040405
83	-0.264771	0.013184
84	-0.255615	-0.000610
85	-0.263916	-0.003418
86	-0.263062	-0.020386
87	-0.266602	0.030151
88	-0.256226	0.001465
89	-0.256226	0.003784
90	-0.255371	-0.019775
91	-0.265015	-0.019287
92	-0.264282	-0.032959
93	-0.262085	0.016846
94	-0.255249	-0.015991
95	-0.260132	-0.006226
96	-0.257813	0.008057
97	-0.256714	-0.024414
98	-0.263306	-0.001953
99	-0.259155	-0.010498
100	-0.259277	-0.008667
101	-0.267578	0.006958
102	-0.256104	-0.011719
103	-0.258667	-0.004639
104	-0.258179	-0.000610
105	-0.255859	0.009521
106	-0.256226	-0.010620
107	-0.254395	-0.019531
108	-0.257690	0.001221
109	-0.246582	-0.008179
110	-0.259888	0.020386
111	-0.253052	-0.008057
112	-0.259399	-0.005249
113	-0.261597	-0.040649
114	-0.262939	-0.059448
115	-0.244385	-0.006714
116	-0.245239	-0.008789
117	-0.258667	0.010010
118	-0.244995	-0.001099
119	-0.252319	-0.033447
120	-0.266357	-0.019531
121	-0.260864	0.029419
122	-0.262451	-0.004639
123	-0.254395	0.023804
124	-0.252808	-0.006592
125	-0.260986	-0.011963
126	-0.256226	-0.002686
127	-0.264648	0.020264
128	-0.259033	0.010132
129	-0.257568	0.031738
130	-0.265991	0.025513
131	-0.264648	0.012085
132	-0.253662	0.011597
133	-0.259399	0.017334
134	-0.254761	0.026001
135	-0.252563	0.019775
136	-0.254639	0.026245
137	-0.256348	-0.019531
138	-0.244873	0.014893
139	-0.260498	-0.025513
140	-0.256348	0.010864
141	-0.266846	0.004761
142	-0.258911	-0.009888
143	-0.253418	-0.032837
144	-0.250732	-0.002441
145	-0.245850	-0.001343
146	-0.255005	-0.000122
147	-0.255371	0.002075
148	-0.258789	-0.006348
149	-0.254883	-0.001709
150	-0.255127	-0.020874
151	-0.267212	0.002197
152	-0.256226	-0.005737
153	-0.255859	0.008057
154	-0.257202	0.016846
155	-0.274170	-0.026367
156	-0.255249	0.005737
157	-0.253296	-0.007202
158	-0.270752	0.003906
159	-0.264771	0.003662
160	-0.253296	0.027222
161	-0.259644	-0.013794
162	-0.282227	-0.004272
163	-0.254395	-0.000977
164	-0.254517	0.041626
165	-0.264893	-0.014648
166	-0.260864	0.018433
167	-0.240112	-0.012817
168	-0.255737	0.006592
169	-0.243042	-0.008789
170	-0.257324	-0.006592
171	-0.270752	0.003906
172	-0.254883	0.011841
173	-0.257935	0.002319
174	-0.272949	-0.034790
175	-0.253418	-0.034790
176	-0.264526	-0.025513
177	-0.267456	0.045044
178	-0.262207	-0.007568
179	-0.253662	0.010254
180	-0.256348	-0.004395
181	-0.266479	0.023315
182	-0.253540	0.006714
183	-0.257690	-0.008057
184	-0.263062	-0.018799
185	-0.254883	0.000122
186	-0.256470	0.022949
187	-0.260376	-0.018433
188	-0.262573	-0.003296
189	-0.253540	0.012695
190	-0.262207	0.004517
191	-0.255127	-0.004639
192	-0.261108	0.006714
193	-0.258423	-0.011719
194	-0.259888	0.003418
195	-0.257935	0.002686
196	-0.270508	0.009277
197	-0.257080	-0.001099
198	-0.258057	-0.005737
199	-0.253052	-0.024414
200	-0.262695	0.029541
201	-0.265137	-0.023071
202	-0.259521	-0.010864
203	-0.272217	0.045898
204	-0.264526	0.010742
205	-0.261963	-0.002197
206	-0.250366	0.010986
207	-0.249634	-0.004150
208	-0.258789	0.008911
209	-0.254395	0.019287
210	-0.260010	-0.004395
211	-0.252441	-0.030273
212	-0.266357	0.020996
213	-0.252686	-0.032959
214	-0.256104	0.008179
215	-0.266846	-0.000977
216	-0.264160	0.019775
217	-0.256714	0.007080
218	-0.259521	0.003662
219	-0.254883	-0.023926
220	-0.252197	-0.009888
221	-0.259033	-0.009521
222	-0.247925	0.001831
223	-0.259277	0.017456
224	-0.260864	-0.015503
225	-0.258667	0.012817
226	-0.250244	-0.012451
227	-0.252197	0.006958
228	-0.258057	0.013184
229	-0.260498	-0.022461
230	-0.243530	0.017456
231	-0.243286	-0.005493
232	-0.257202	0.048706
233	-0.258423	0.005127
234	-0.254761	0.006104
235	-0.248779	0.016724
236	-0.255615	-0.030029
237	-0.266602	-0.001465
238	-0.257690	0.007813
239	-0.259521	0.017822
240	-0.271484	-0.015747
241	-0.252197	-0.006592
242	-0.249023	0.018066
243	-0.267700	0.001953
244	-0.258179	0.023438
245	-0.251099	-0.017944
246	-0.258057	-0.028931
247	-0.260010	-0.003174
248	-0.251221	0.006348
249	-0.267822	0.006592
250	-0.259766	0.017700
251	-0.256592	-0.015869
252	-0.253662	0.039551
253	-0.266235	0.012695
254	-0.249756	0.009033
255	-0.252075	0.008301
256	-0.259766	0.005249
257	-0.264648	0.008301
258	-0.239868	0.012939
259	-0.255127	0.010620
260	-0.243286	-0.008179
261	-0.260132	0.015015
262	-0.247681	0.025146
263	-0.245483	0.002441
264	-0.244263	-0.005615
265	-0.243042	0.018677
266	-0.261841	0.018066
267	-0.246948	-0.003296
268	-0.255249	-0.005127
269	-0.269775	-0.014526
270	-0.246948	0.008179
271	-0.262695	-0.022583
272	-0.249878	0.010010
273	-0.251709	-0.004395
274	-0.261108	-0.010132
275	-0.259033	0.002563
276	-0.257813	-0.006226
277	-0.263550	-0.011108
278	-0.258179	0.006714
279	-0.252441	-0.019043
280	-0.266479	0.025513
281	-0.255737	-0.010254
282	-0.260864	0.008057
283	-0.254883	-0.013794
284	-0.240845	-0.027344
285	-0.258179	0.004639
286	-0.252075	-0.014893
287	-0.262817	-0.024536
288	-0.264893	-0.000732
289	-0.245239	0.007935
290	-0.261108	0.011841
291	-0.271729	0.000366
292	-0.253174	-0.008789
293	-0.258423	0.004883
294	-0.245361	0.007202
295	-0.255249	0.017456
296	-0.253174	-0.017212
297	-0.250854	0.011230
298	-0.260742	0.030029
299	-0.259766	-0.002686
300	-0.244385	-0.022583
301	-0.258179	-0.012207
302	-0.254395	-0.003662
303	-0.245728	0.022705
304	-0.262451	0.019653
305	-0.250854	-0.016602
306	-0.266724	0.005127
307	-0.262207	0.007690
308	-0.257690	0.010742
309	-0.254517	-0.003052
310	-0.265625	-0.011719
311	-0.263306	-0.015991
312	-0.258179	-0.011719
313	-0.269165	0.002686
314	-0.254272	0.008057
315	-0.258911	0.004883
316	-0.249268	-0.020386
317	-0.257446	0.013306
318	-0.261963	-0.019043
319	-0.259888	0.003662
320	-0.260254	0.004395
321	-0.261230	0.000732
322	-0.258667	0.009644
323	-0.259521	0.004395
324	-0.256348	0.015625
325	-0.252441	0.033569
326	-0.264526	0.001099
327	-0.264160	-0.021851
328	-0.257813	-0.017090
329	-0.243774	0.004028
330	-0.242310	0.000610
331	-0.259766	-0.008545
332	-0.260376	0.040405
333	-0.261230	0.017456
334	-0.265259	-0.009033
335	-0.257690	0.009033
336	-0.260742	0.018311
337	-0.261841	-0.015015
338	-0.251099	-0.038330
339	-0.259399	-0.003662
340	-0.253906	0.001099
341	-0.262695	-0.004028
342	-0.264526	-0.018311
343	-0.256714	-0.011353
344	-0.258667	-0.021729
345	-0.258667	-0.013794
346	-0.262451	-0.012085
347	-0.255859	0.008301
348	-0.251953	-0.038086
349	-0.249146	-0.009766
350	-0.262207	0.012817
351	-0.263794	-0.031860
352	-0.251953	-0.027222
353	-0.256958	-0.005127
354	-0.262817	-0.016357
355	-0.264038	-0.022827
356	-0.254883	0.032959
357	-0.259155	0.025269
358	-0.270996	0.001465
359	-0.249878	-0.015625
360	-0.246704	0.022949
361	-0.250244	0.002808
362	-0.259766	0.019043
363	-0.258301	-0.047852
364	-0.260620	0.015625
365	-0.255859	-0.023071
366	-0.253418	-0.000244
367	-0.250000	-0.011963
368	-0.250854	-0.015015
369	-0.253418	-0.017822
370	-0.252075	0.022583
371	-0.260376	0.015625
372	-0.253662	-0.026978
373	-0.256714	0.004395
374	-0.253662	0.018311
375	-0.262817	0.001587
376	-0.262451	-0.022827
377	-0.252319	0.004150
378	-0.249390	-0.015503
379	-0.257935	0.007446
380	-0.264526	-0.006470
381	-0.254517	-0.007324
382	-0.266235	-0.000244
383	-0.248779	-0.016724
384	-0.260376	-0.006470
385	-0.271118	0.002686
386	-0.268188	-0.025635
387	-0.253418	-0.017578
388	-0.268188	0.009277
389	-0.258301	0.002197
390	-0.242920	-0.037109
391	-0.263672	-0.010742
392	-0.262939	-0.010254
393	-0.272705	-0.003784
394	-0.272949	-0.002686
395	-0.258057	0.009277
396	-0.250977	-0.027100
397	-0.268677	0.017334
398	-0.259644	-0.003662
399	-0.259399	-0.006592
400	-0.254395	-0.003296
401	-0.250244	-0.003906
402	-0.248535	0.000000
403	-0.245972	-0.004517
404	-0.260620	-0.000244
405	-0.263794	0.023926
406	-0.257935	-0.013672
407	-0.263794	0.030396
408	-0.265137	0.004517
409	-0.247559	0.013672
410	-0.256714	-0.016602
411	-0.266357	0.018066
412	-0.257324	-0.027954
413	-0.256348	0.028931
414	-0.251099	-0.028320
415	-0.249878	0.034424
416	-0.266479	-0.014893
417	-0.254150	-0.003296
418	-0.256836	-0.013062
419	-0.253296	0.000000
420	-0.255493	-0.008667
421	-0.252441	0.005615
422	-0.253296	-0.002319
423	-0.261475	0.030762
424	-0.262329	-0.009766
425	-0.249146	-0.040283
426	-0.258545	-0.002197
427	-0.252319	-0.020264
428	-0.246216	0.003174
429	-0.255371	0.033447
430	-0.258667	0.005249
431	-0.246216	0.012695
432	-0.252197	-0.013306
433	-0.261841	-0.004639
434	-0.253906	0.011108
435	-0.251831	-0.011963
436	-0.256348	-0.036499
437	-0.264282	0.003052
438	-0.248657	-0.013550
439	-0.249878	-0.030151
440	-0.259155	-0.014160
441	-0.250732	0.038086
442	-0.257324	-0.016357
443	-0.264404	-0.012207
444	-0.262939	-0.024048
445	-0.258301	-0.000122
446	-0.266113	-0.021729
447	-0.263306	0.005737
448	-0.270386	0.019775
449	-0.254761	0.015137
450	-0.258911	-0.008179
451	-0.268677	-0.008911
452	-0.261841	-0.003540
453	-0.249268	-0.002808
454	-0.255981	0.003784
455	-0.250854	0.004639
456	-0.254028	-0.008789
457	-0.265503	-0.002686
458	-0.256836	-0.035889
459	-0.272339	-0.017578
460	-0.250732	-0.014282
461	-0.258911	-0.029907
462	-0.260132	-0.019043
463	-0.259033	0.013184
464	-0.255981	-0.000854
465	-0.264404	-0.005005
466	-0.260986	-0.012573
467	-0.254761	0.015869
468	-0.266846	-0.030396
469	-0.253906	-0.012817
470	-0.262207	0.005737
471	-0.260620	-0.012817
472	-0.250366	-0.000854
473	-0.258423	0.020142
474	-0.247681	-0.005249
475	-0.255981	-0.010864
476	-0.246582	-0.025024
477	-0.256348	-0.017456
478	-0.262085	0.022827
479	-0.244751	0.004150
480	-0.256104	0.023804
481	-0.255493	0.008545
482	-0.250244	0.020264
483	-0.249146	0.010376
484	-0.261841	0.006592
485	-0.261719	0.012451
486	-0.252319	-0.025146
487	-0.247070	0.021118
488	-0.249512	-0.001099
489	-0.255737	0.028442
490	-0.258057	-0.002197
491	-0.261108	0.029297
492	-0.253540	0.020752
493	-0.262695	0.005981
494	-0.267212	0.020386
495	-0.259888	0.021606
496	-0.266357	0.026611
497	-0.260376	-0.017212
498	-0.259766	-0.025635
499	-0.271362	0.003540
500	-0.245728	-0.004150
501	-0.260010	0.011597
502	-0.256836	0.038696
503	-0.255371	-0.007690
504	-0.258301	-0.008911
505	-0.256348	0.012939
506	-0.259399	-0.006226
507	-0.260132	0.006348
508	-0.244263	-0.018066
509	-0.269287	0.008423
510	-0.243774	-0.029907
511	-0.251831	-0.014526
512	-0.245117	-0.017944
513	-0.260010	-0.026978
514	-0.256958	-0.020142
515	-0.255493	0.025391
516	-0.243408	0.006592
517	-0.260742	-0.012085
518	-0.248901	0.016479
519	-0.261719	0.004028
520	-0.257568	-0.005859
521	-0.244019	-0.010254
522	-0.265625	-0.024780
523	-0.250122	-0.006714
524	-0.250977	-0.027466
525	-0.257690	0.003540
526	-0.260498	0.003296
527	-0.248413	-0.000122
528	-0.266846	0.001343
529	-0.255493	-0.011841
530	-0.251953	-0.006836
531	-0.263428	0.007202
532	-0.255981	0.009644
533	-0.268311	-0.001099
534	-0.253174	-0.018921
535	-0.269409	-0.015259
536	-0.259399	-0.006470
537	-0.256470	-0.006348
538	-0.255127	0.005981
539	-0.247070	0.012085
540	-0.269653	-0.013794
541	-0.259766	0.010132
542	-0.252319	0.022339
543	-0.255493	0.015259
544	-0.263184	0.010010
545	-0.259521	0.010986
546	-0.252319	0.002319
547	-0.258057	0.024048
548	-0.252930	0.022217
549	-0.269775	-0.000366
550	-0.255127	0.007935
551	-0.252319	0.010254
552	-0.260376	-0.005615
553	-0.262085	-0.020386
554	-0.261108	-0.009766
555	-0.260254	-0.008545
556	-0.251099	0.000488
557	-0.266724	-0.000488
558	-0.258423	0.008057
559	-0.251831	0.008179
560	-0.264771	0.005249
561	-0.257935	0.021362
562	-0.268677	0.015869
563	-0.255737	-0.006348
564	-0.258545	-0.011841
565	-0.260864	0.036621
566	-0.258667	0.003296
567	-0.255981	0.014648
568	-0.255127	-0.014038
569	-0.255005	0.007935
570	-0.251221	-0.038086
571	-0.265137	-0.016724
572	-0.249512	0.013550
573	-0.263550	0.004150
574	-0.254395	-0.015015
575	-0.262329	0.022949
576	-0.254517	0.022949
577	-0.267822	0.002808
578	-0.266479	0.012207
579	-0.279907	0.005737
580	-0.260010	0.002441
581	-0.254883	0.002808
582	-0.259521	-0.026611
583	-0.263306	0.005737
584	-0.262817	0.008423
585	-0.258179	0.031250
586	-0.250732	0.015625
587	-0.256470	-0.015381
588	-0.264771	0.001221
589	-0.261597	0.020630
590	-0.258179	0.002197
591	-0.261353	-0.002930
592	-0.261353	0.037231
593	-0.261841	0.021118
594	-0.255981	0.016357
595	-0.259033	-0.008545
596	-0.258789	0.011475
597	-0.271118	0.017090
598	-0.260986	-0.023315
599	-0.262939	0.005371
600	-0.262573	0.012451
601	-0.249756	0.020630
602	-0.263550	0.017578
603	-0.254150	-0.005981
604	-0.256592	0.003296
605	-0.243896	-0.010620
606	-0.265259	0.006958
607	-0.268555	0.009766
608	-0.260376	-0.026978
609	-0.255005	-0.019165
610	-0.251709	-0.019165
611	-0.259521	-0.016479
612	-0.261230	0.003906
613	-0.273071	-0.005005
614	-0.255737	0.015015
615	-0.261475	-0.001587
616	-0.256836	0.016846
617	-0.253784	-0.012939
618	-0.260254	0.008667
619	-0.260010	-0.039551
620	-0.265747	0.002930
621	-0.253174	0.006592
622	-0.255371	-0.006592
623	-0.258423	-0.032349
624	-0.255249	0.000610
625	-0.258911	0.031006
626	-0.262451	0.000488
627	-0.256714	0.024536
628	-0.241089	-0.006714
629	-0.261475	0.004395
630	-0.266479	0.006226
631	-0.256470	0.013062
632	-0.252197	-0.012085
633	-0.264648	0.005981
634	-0.247070	0.000488
635	-0.247559	-0.021484
636	-0.259155	0.001099
637	-0.265625	-0.030762
638	-0.248413	0.030518
639	-0.255371	0.021973
640	-0.252319	-0.003174
641	-0.250122	0.001343
642	-0.255859	0.004272
643	-0.242554	-0.027954
644	-0.260376	-0.020752
645	-0.257690	0.015747
646	-0.256958	0.003540
647	-0.248901	-0.003052
648	-0.259766	-0.026978
649	-0.251953	-0.007080
650	-0.259033	0.001099
651	-0.261353	-0.010376
652	-0.253174	0.007813
653	-0.264648	-0.010742
654	-0.255371	-0.020752
655	-0.262817	0.010010
656	-0.260132	-0.006470
657	-0.242065	0.011353
658	-0.258911	-0.024170
659	-0.248779	0.023560
660	-0.260010	-0.028442
661	-0.264160	-0.008911
662	-0.263184	0.000000
663	-0.252563	-0.014404
664	-0.268677	0.017090
665	-0.248047	0.015381
666	-0.264893	0.001709
667	-0.262451	0.051758
668	-0.255005	0.005859
669	-0.258301	-0.014893
670	-0.271240	0.027344
671	-0.252197	-0.023071
672	-0.259644	0.007446
673	-0.267700	-0.016846
674	-0.259033	0.024658
675	-0.259033	-0.021240
676	-0.259888	0.021851
677	-0.267090	-0.005249
678	-0.258667	0.001831
679	-0.257324	0.026855
680	-0.266724	0.028809
681	-0.249268	-0.017456
682	-0.249268	-0.002441
683	-0.259033	0.010132
684	-0.256958	0.000000
685	-0.256592	0.011353
686	-0.274414	-0.013184
687	-0.257324	0.011841
688	-0.251465	-0.008911
689	-0.269165	-0.006348
690	-0.252563	-0.022461
691	-0.254272	0.007202
692	-0.272217	0.002808
693	-0.258667	0.005737
694	-0.251099	-0.020508
695	-0.253906	0.009033
696	-0.267700	0.033691
697	-0.256592	0.023682
698	-0.255127	-0.016724
699	-0.266724	-0.014038
700	-0.262573	-0.030762
701	-0.257813	-0.041138
702	-0.270386	-0.015747
703	-0.244385	0.024048
704	-0.258911	-0.010986
705	-0.252075	0.015625
706	-0.258545	0.000366
707	-0.267822	-0.014893
708	-0.260620	0.014526
709	-0.260620	-0.021851
710	-0.258423	0.007935
711	-0.261475	-0.014404
712	-0.272705	0.002319
713	-0.264771	-0.013062
714	-0.253174	0.000244
715	-0.262085	-0.003174
716	-0.253174	0.010864
717	-0.257080	0.001587
718	-0.272461	-0.011475
719	-0.245605	0.000854
720	-0.250977	0.013062
721	-0.259033	-0.026001
722	-0.258545	-0.008545
723	-0.253418	-0.011475
724	-0.267334	0.014282
725	-0.244995	0.005005
726	-0.263794	0.015869
727	-0.267456	-0.011475
728	-0.262085	0.005981
729	-0.260376	0.006348
730	-0.262085	-0.036255
731	-0.261963	0.014648
732	-0.255127	0.002686
733	-0.274780	0.023560
734	-0.265869	0.020874
735	-0.251587	0.033447
736	-0.262695	-0.002075
737	-0.272583	0.030640
738	-0.262817	-0.013672
739	-0.259155	0.034058
740	-0.261353	0.001221
741	-0.245728	-0.027222
742	-0.253296	0.020996
743	-0.241943	-0.018066
744	-0.251831	0.001709
745	-0.250977	0.015259
746	-0.256836	-0.004761
747	-0.253540	-0.014526
748	-0.243164	-0.025146
749	-0.255859	-0.015869
750	-0.261475	-0.017578
751	-0.252930	-0.019653
752	-0.266113	0.021851
753	-0.269165	-0.028809
754	-0.261597	0.022461
755	-0.260132	0.013428
756	-0.258545	-0.000366
757	-0.254028	-0.028687
758	-0.257446	0.006104
759	-0.253662	-0.007935
760	-0.251953	0.012329
761	-0.254639	0.006714
762	-0.268555	-0.013184
763	-0.242065	-0.000732
764	-0.245117	-0.023438
765	-0.267212	0.010254
766	-0.244995	0.020508
767	-0.260864	0.011108
768	-0.267334	0.027344
769	-0.254761	-0.007690
770	-0.254761	0.037720
771	-0.255981	-0.022095
772	-0.252686	-0.027710
773	-0.255615	0.002930
774	-0.259888	-0.022095
775	-0.245728	-0.015747
776	-0.252930	0.012329
777	-0.264160	0.017334
778	-0.260864	0.025757
779	-0.251953	-0.010376
780	-0.262085	0.005859
781	-0.264038	0.008057
782	-0.255859	0.006470
783	-0.259155	0.007568
784	-0.265869	-0.036865
785	-0.253418	-0.005249
786	-0.258179	0.013062
787	-0.258057	-0.001831
788	-0.262573	-0.005127
789	-0.271606	-0.027832
790	-0.264038	-0.028198
791	-0.268433	0.008545
792	-0.247314	-0.019897
793	-0.250122	0.017822
794	-0.258179	-0.008301
795	-0.248047	0.007202
796	-0.246704	-0.002075
797	-0.262695	-0.016724
798	-0.249023	0.005493
799	-0.253662	0.003418
800	-0.252563	-0.008301
801	-0.247681	0.014282
802	-0.265137	0.024414
803	-0.271484	0.008911
804	-0.258667	0.000977
805	-0.258545	0.019531
806	-0.256714	-0.013184
807	-0.256470	0.010254
808	-0.270020	-0.001465
809	-0.257568	0.008423
810	-0.260864	0.023315
811	-0.264282	-0.001587
812	-0.244873	0.012939
813	-0.250732	-0.003540
814	-0.254517	-0.002197
815	-0.262817	0.006348
816	-0.269165	-0.025024
817	-0.249756	-0.015137
818	-0.254272	0.010986
819	-0.264526	0.023071
820	-0.254517	0.022583
821	-0.269775	0.000610
822	-0.253174	-0.007446
823	-0.254639	0.030396
824	-0.251709	0.004883
825	-0.257202	-0.009766
826	-0.250610	-0.009399
827	-0.257446	0.029541
828	-0.260986	-0.021606
829	-0.256104	0.005859
830	-0.260254	-0.005371
831	-0.260986	0.011475
832	-0.254517	-0.006958
833	-0.260742	-0.026367
834	-0.269531	0.003296
835	-0.245728	-0.012451
836	-0.262207	0.021484
837	-0.253906	0.000732
838	-0.271118	-0.033813
839	-0.266479	-0.009033
840	-0.253174	-0.030518
841	-0.254272	0.000854
842	-0.258301	0.005737
843	-0.249878	0.019653
844	-0.259644	0.007080
845	-0.258667	-0.011108
846	-0.259399	0.018188
847	-0.247314	0.014282
848	-0.257080	0.007324
849	-0.268311	0.013550
850	-0.259399	0.014526
851	-0.263672	0.022095
852	-0.261963	-0.019775
853	-0.267334	0.008057
854	-0.261230	-0.038940
855	-0.248413	-0.030273
856	-0.273315	-0.019531
857	-0.262695	-0.003784
858	-0.260864	0.008057
859	-0.256104	-0.016479
860	-0.258057	0.021973
861	-0.249268	-0.006714
862	-0.245117	-0.001953
863	-0.262817	-0.022705
864	-0.258667	-0.010254
865	-0.261719	0.001831
866	-0.261108	0.025269
867	-0.247070	-0.008179
868	-0.255493	-0.002075
869	-0.259888	-0.004150
870	-0.249146	0.001343
871	-0.260132	-0.022705
872	-0.262817	0.032959
873	-0.271484	-0.029419
874	-0.269409	-0.007813
875	-0.257813	0.021118
876	-0.250488	-0.004150
877	-0.257935	0.005127
878	-0.250488	-0.030762
879	-0.257690	-0.005249
880	-0.253662	0.013794
881	-0.259521	-0.007324
882	-0.261597	-0.019409
883	-0.252441	-0.004761
884	-0.255737	0.031982
885	-0.258423	-0.029175
886	-0.251465	-0.024658
887	-0.265015	-0.005981
888	-0.249146	-0.000732
889	-0.260010	-0.007446
890	-0.257935	-0.009399
891	-0.258423	-0.007324
892	-0.255859	-0.005981
893	-0.258545	-0.024292
894	-0.254395	0.020020
895	-0.256226	0.030762
896	-0.252808	0.001831
897	-0.260498	-0.003662
898	-0.254150	0.004883
899	-0.253662	0.003174
900	-0.252930	0.013306
901	-0.264038	-0.002319
902	-0.257568	-0.009399
903	-0.261841	-0.032104
904	-0.265259	-0.031372
905	-0.255615	-0.009155
906	-0.263184	-0.007446
907	-0.260620	-0.010986
908	-0.255249	0.025146
909	-0.263428	0.015625
910	-0.253662	0.006348
911	-0.251831	0.005371
912	-0.245850	0.000000
913	-0.251221	-0.011719
914	-0.261475	-0.008179
915	-0.249023	0.010254
916	-0.260010	-0.014648
917	-0.254761	0.012451
918	-0.264404	-0.004150
919	-0.259766	-0.007813
920	-0.266602	0.002319
921	-0.252319	-0.027710
922	-0.257080	-0.028687
923	-0.269531	0.007690
924	-0.251587	0.020020
925	-0.253662	0.011353
926	-0.272095	-0.035522
927	-0.254272	0.004395
928	-0.257202	0.005493
929	-0.255859	0.005859
930	-0.258911	-0.005371
931	-0.264648	0.000488
932	-0.252197	-0.016479
933	-0.250732	0.028198
934	-0.253174	0.011353
935	-0.256836	0.031250
936	-0.265869	-0.000244
937	-0.257202	0.007813
938	-0.266602	-0.014648
939	-0.244141	-0.013794
940	-0.261108	0.027344
941	-0.258057	0.033691
942	-0.262329	0.005737
943	-0.255493	0.011597
944	-0.246826	-0.010864
945	-0.268311	-0.027832
946	-0.255859	-0.021606
947	-0.260376	-0.014771
948	-0.269531	0.002686
949	-0.262451	-0.006226
950	-0.254761	0.033691
951	-0.249634	-0.007568
952	-0.253174	-0.007690
953	-0.257813	0.008545
954	-0.262085	-0.013062
955	-0.267212	0.001465
956	-0.253662	-0.037842
957	-0.249756	0.000244
958	-0.264648	-0.014648
959	-0.249146	-0.007446
960	-0.254761	0.008179
961	-0.253906	-0.006592
962	-0.252441	0.019775
963	-0.257813	0.034180
964	-0.254395	-0.007568
965	-0.258789	0.003174
966	-0.262573	0.011841
967	-0.250488	0.005737
968	-0.253540	0.044067
969	-0.243408	0.000488
970	-0.265991	0.003662
971	-0.261597	-0.005127
972	-0.250854	0.008545
973	-0.266357	-0.035278
974	-0.255737	-0.021729
975	-0.256592	-0.007446
976	-0.260254	-0.003784
977	-0.257324	-0.002197
978	-0.260010	-0.003662
979	-0.252563	0.004028
980	-0.265381	0.009644
981	-0.250000	-0.000366
982	-0.264648	0.021118
983	-0.265259	-0.000488
984	-0.255859	0.004639
985	-0.265625	-0.008911
986	-0.261841	-0.006714
987	-0.258423	-0.011597
988	-0.248291	0.003906
989	-0.267090	0.013550
990	-0.258423	0.011230
991	-0.248901	-0.007080
992	-0.252686	0.017822
993	-0.252686	-0.003052
994	-0.247314	0.005859
995	-0.246338	-0.012817
996	-0.249146	0.009399
997	-0.245850	-0.005981
998	-0.243042	0.006958
999	-0.265869	-0.004028
