0	-0.534546	0.078979
1	-0.536499	0.070313
2	-0.530640	0.062622
3	-0.534058	0.046875
4	-0.548950	-0.038818
5	-0.543945	0.031006
6	-0.546753	0.005371
7	-0.541138	-0.038940
8	-0.546387	-0.030518
9	-0.539795	-0.009766
10	-0.538574	-0.024780
11	-0.551025	-0.059082
12	-0.541748	-0.000366
13	-0.539551	-0.012085
14	-0.546997	-0.002930
15	-0.540283	0.019653
16	-0.536865	0.031250
17	-0.526245	0.013184
18	-0.542358	0.077148
19	-0.545044	0.083496
20	-0.539917	0.093262
21	-0.530518	0.088257
22	-0.538452	0.069336
23	-0.539307	0.089478
24	-0.538086	0.103516
25	-0.548950	0.064453
26	-0.549316	0.040039
27	-0.536865	-0.008789
28	-0.528076	0.013916
29	-0.535767	0.037476
30	-0.531494	0.007935
31	-0.525391	-0.043335
32	-0.528320	-0.042236
33	-0.529663	-0.054199
34	-0.528442	-0.016846
35	-0.519409	-0.082397
36	-0.534912	-0.013062
37	-0.527954	-0.024902
38	-0.522705	0.007446
39	-0.517700	-0.006714
40	-0.526978	-0.073853
41	-0.537842	-0.076538
42	-0.541870	-0.006714
43	-0.529175	0.057007
44	-0.534424	0.073608
45	-0.560181	0.054565
46	-0.527588	0.022095
47	-0.536377	-0.018921
48	-0.554688	-0.058105
49	-0.538940	-0.061157
50	-0.533813	-0.039795
51	-0.537964	-0.008423
52	-0.533203	-0.015015
53	-0.544189	-0.015015
54	-0.532593	0.023682
55	-0.528809	0.014648
56	-0.546265	-0.018311
57	-0.546997	-0.027100
58	-0.543457	0.022949
59	-0.541870	0.001099
60	-0.527588	-0.025146
61	-0.530029	-0.055786
62	-0.537964	-0.041748
63	-0.547974	-0.035645
64	-0.535278	0.038940
65	-0.541382	0.051880
66	-0.551025	0.046143
67	-0.555054	0.058960
68	-0.526001	0.081299
69	-0.546143	0.100708
70	-0.535156	0.116943
71	-0.533691	0.052368
72	-0.534180	0.076416
73	-0.540527	0.036621
74	-0.545166	0.028931
75	-0.525269	-0.002197
76	-0.530518	-0.020874
77	-0.560425	-0.030640
78	-0.537842	-0.010376
79	-0.533936	-0.046143
80	-0.542480	-0.018066
81	-0.526733	-0.084229
82	-0.515625	-0.053467
83	-0.538940	-0.046387
84	-0.533325	0.023804
85	-0.534912	0.042847
86	-0.542480	0.052490
87	-0.530518	0.069092
88	-0.525024	0.015259
89	-0.524536	0.085327
90	-0.534546	0.025635
91	-0.552002	0.034058
92	-0.535767	-0.010010
93	-0.540649	-0.058228
94	-0.536255	-0.073730
95	-0.545288	-0.056396
96	-0.544800	-0.092773
97	-0.536621	-0.060425
98	-0.533447	0.021729
99	-0.527466	0.076172
100	-0.526733	0.112427
101	-0.536499	0.014526
102	-0.535278	-0.071167
103	-0.530640	-0.074829
104	-0.556885	-0.026367
105	-0.538208	-0.067749
106	-0.543701	-0.071289
107	-0.535156	-0.072266
108	-0.535400	-0.053589
109	-0.538940	0.001221
110	-0.530273	0.006836
111	-0.553589	-0.042480
112	-0.554932	-0.014526
113	-0.535889	-0.011230
114	-0.542236	-0.050659
115	-0.552734	-0.005127
116	-0.539551	-0.004883
117	-0.544067	0.009399
118	-0.544556	-0.012817
119	-0.534790	-0.012573
120	-0.550293	-0.059692
121	-0.566162	-0.047119
122	-0.545410	-0.071045
123	-0.548096	-0.063354
124	-0.548828	-0.020142
125	-0.551270	-0.030762
126	-0.535400	-0.023682
127	-0.538940	-0.043091
128	-0.537354	0.044434
129	-0.544678	-0.056519
130	-0.536865	-0.026855
131	-0.536255	-0.057495
132	-0.527954	-0.056519
133	-0.540161	-0.021973
134	-0.539917	-0.018677
135	-0.525635	0.009399
136	-0.535767	0.024170
137	-0.544434	-0.000732
138	-0.520874	0.011230
139	-0.531738	0.039795
140	-0.530029	-0.015381
141	-0.532837	0.045166
142	-0.543579	-0.000244
143	-0.533203	0.012329
144	-0.531128	0.020996
145	-0.521484	0.043579
146	-0.542725	-0.004883
147	-0.544312	-0.027344
148	-0.541382	0.016602
149	-0.538330	0.031494
150	-0.535034	0.071411
151	-0.537231	0.019531
152	-0.537354	0.032837
153	-0.529419	0.036133
154	-0.519287	0.043213
155	-0.541138	0.044312
156	-0.546387	0.002441
157	-0.533691	-0.004395
158	-0.533569	-0.000122
159	-0.548950	0.026367
160	-0.525635	0.001099
161	-0.528442	0.023926
162	-0.552734	0.037109
163	-0.548218	-0.043091
164	-0.538330	0.036011
165	-0.541992	0.013428
166	-0.541138	-0.017822
167	-0.533325	-0.002441
168	-0.544434	0.050171
169	-0.538574	0.016357
170	-0.542236	0.024780
171	-0.543091	-0.029419
172	-0.530396	-0.006836
173	-0.531860	0.051880
174	-0.546753	0.072754
175	-0.540283	0.068604
176	-0.532837	0.093750
177	-0.520508	-0.013916
178	-0.546509	-0.043213
179	-0.534180	-0.000610
180	-0.528809	0.025269
181	-0.526611	0.011108
182	-0.520630	-0.016479
183	-0.533325	-0.003784
184	-0.540283	-0.019287
185	-0.533936	-0.030884
186	-0.538452	-0.049683
187	-0.532471	-0.004761
188	-0.543945	-0.022339
189	-0.537231	0.022461
190	-0.530029	0.030884
191	-0.537354	-0.064453
192	-0.542114	-0.024170
193	-0.527954	-0.042480
194	-0.538574	-0.084473
195	-0.535767	-0.079468
196	-0.542480	-0.091431
197	-0.551758	-0.119873
198	-0.524902	-0.029175
199	-0.555420	-0.049194
200	-0.540283	0.044312
201	-0.534424	0.060547
202	-0.538574	0.072144
203	-0.535156	-0.017334
204	-0.525269	-0.020264
205	-0.523438	0.003418
206	-0.526123	0.024292
207	-0.545044	0.000000
208	-0.529541	0.032104
209	-0.533447	-0.023438
210	-0.538330	0.014282
211	-0.546265	0.066162
212	-0.538818	0.068726
213	-0.529297	0.089111
214	-0.538452	0.044800
215	-0.522461	0.055054
216	-0.529053	0.015625
217	-0.520874	0.015991
218	-0.541382	0.034912
219	-0.541992	0.102539
220	-0.541626	0.050537
221	-0.531616	0.046875
222	-0.534668	0.059570
223	-0.542236	0.051514
224	-0.539307	-0.010376
225	-0.528442	0.035156
226	-0.532715	0.064209
227	-0.537476	0.058472
228	-0.533691	0.078247
229	-0.530151	0.110352
230	-0.539795	0.087402
231	-0.552246	0.109985
232	-0.543091	0.102539
233	-0.541260	0.031616
234	-0.543701	-0.010742
235	-0.545410	0.023438
236	-0.534180	0.018921
237	-0.541748	-0.025391
238	-0.542847	0.049194
239	-0.529541	0.065308
240	-0.529297	0.049561
241	-0.543213	0.057251
242	-0.536987	0.020874
243	-0.544067	0.060791
244	-0.530518	0.072144
245	-0.532837	0.116211
246	-0.541260	0.109009
247	-0.531494	0.105469
248	-0.527588	0.120239
249	-0.535889	0.117554
250	-0.548950	0.035156
251	-0.531250	-0.019043
252	-0.534302	-0.031860
253	-0.542847	-0.031494
254	-0.536133	-0.024780
255	-0.521851	0.006226
256	-0.542480	0.063965
257	-0.529785	0.037598
258	-0.514771	0.027588
259	-0.528931	-0.042969
260	-0.543335	0.035400
261	-0.545532	0.039063
262	-0.547607	-0.011230
263	-0.539673	0.040527
264	-0.543579	-0.019287
265	-0.537842	0.041260
266	-0.527588	0.040161
267	-0.546021	0.084717
268	-0.536499	0.099854
269	-0.531982	-0.001099
270	-0.548462	-0.037720
271	-0.528198	-0.002808
272	-0.550537	0.010132
273	-0.543579	0.022705
274	-0.538086	0.012207
275	-0.547363	-0.009399
276	-0.535767	0.019531
277	-0.525757	0.039063
278	-0.533813	0.012207
279	-0.539917	0.037964
280	-0.530518	-0.002075
281	-0.540771	-0.020630
282	-0.546387	0.034668
283	-0.527222	0.009277
284	-0.534058	-0.014893
285	-0.546997	-0.072388
286	-0.536987	-0.044556
287	-0.515991	-0.044922
288	-0.538574	-0.018311
289	-0.535278	-0.041016
290	-0.518555	-0.076416
291	-0.528320	0.002319
292	-0.529907	0.052002
293	-0.529541	0.092896
294	-0.523560	0.054077
295	-0.529297	0.010986
296	-0.528687	0.015137
297	-0.543945	-0.043457
298	-0.548340	-0.064941
299	-0.530029	-0.091064
300	-0.516968	-0.082764
301	-0.548096	-0.073975
302	-0.541870	-0.070068
303	-0.542725	-0.079346
304	-0.548828	-0.092896
305	-0.527466	-0.094482
306	-0.540161	-0.061523
307	-0.544067	-0.038452
308	-0.536743	-0.041138
309	-0.551392	-0.040283
310	-0.530762	0.018066
311	-0.529297	-0.006470
312	-0.555664	-0.040771
313	-0.542603	0.000732
314	-0.537964	0.033081
315	-0.527466	0.059448
316	-0.540894	0.076050
317	-0.536377	0.088745
318	-0.519043	0.094971
319	-0.527832	0.082153
320	-0.536987	0.102661
321	-0.532471	0.034668
322	-0.528809	-0.031128
323	-0.539307	0.011719
324	-0.523804	0.011230
325	-0.547363	-0.052124
326	-0.526733	-0.067505
327	-0.529541	-0.001099
328	-0.524536	0.029175
329	-0.541138	0.009766
330	-0.528076	0.014771
331	-0.534790	-0.007813
332	-0.536133	-0.008423
333	-0.546753	-0.039673
334	-0.526733	0.002930
335	-0.539917	-0.015991
336	-0.542725	-0.038208
337	-0.544312	-0.068115
338	-0.536011	-0.085938
339	-0.548950	-0.040771
340	-0.536499	-0.109253
341	-0.543823	-0.144897
342	-0.547852	-0.156128
343	-0.529907	-0.174438
344	-0.545166	-0.146484
345	-0.521729	-0.073364
346	-0.541504	-0.013428
347	-0.547729	-0.004883
348	-0.529785	-0.027710
349	-0.540039	-0.042847
350	-0.515137	-0.012817
351	-0.542847	0.030518
352	-0.535278	0.112061
353	-0.530884	0.003052
354	-0.539551	-0.024902
355	-0.540649	0.036499
356	-0.536621	0.016968
357	-0.528198	-0.011963
358	-0.530640	-0.045288
359	-0.532959	-0.075806
360	-0.547974	0.005859
361	-0.538696	0.007935
362	-0.549927	0.038940
363	-0.536377	0.075684
364	-0.545532	0.062744
365	-0.533081	0.021729
366	-0.527710	0.046387
367	-0.542236	0.044678
368	-0.543457	0.032471
369	-0.533447	0.086304
370	-0.544067	0.117432
371	-0.539917	0.116821
372	-0.545044	0.171509
373	-0.551147	0.145874
374	-0.551392	0.090088
375	-0.541382	0.071045
376	-0.535400	0.006714
377	-0.556152	0.000366
378	-0.544067	-0.006958
379	-0.554077	0.039063
380	-0.545288	0.095703
381	-0.547363	0.006714
382	-0.535767	0.020630
383	-0.533569	0.034790
384	-0.544556	0.074951
385	-0.538818	0.065186
386	-0.540039	0.051514
387	-0.546753	0.017090
388	-0.536377	0.017578
389	-0.536011	0.012329
390	-0.546265	0.031982
391	-0.531494	0.062622
392	-0.546509	0.059326
393	-0.531738	0.068359
394	-0.528687	0.058960
395	-0.532227	0.125244
396	-0.542114	0.111816
397	-0.537476	0.022339
398	-0.531128	-0.014893
399	-0.526978	-0.026489
400	-0.519287	-0.056519
401	-0.521851	-0.014893
402	-0.526733	0.025513
403	-0.526611	0.016846
404	-0.539917	0.040405
405	-0.546509	0.033691
406	-0.549683	0.048462
407	-0.530640	0.061646
408	-0.530029	0.019287
409	-0.526978	-0.048584
410	-0.543945	-0.038696
411	-0.538330	-0.014404
412	-0.546387	-0.111694
413	-0.537109	-0.097412
414	-0.539429	-0.061646
415	-0.547241	-0.052246
416	-0.538452	-0.036377
417	-0.545166	-0.076294
418	-0.553101	-0.049683
419	-0.540161	-0.026245
420	-0.547852	0.017334
421	-0.543335	0.009033
422	-0.536377	0.068237
423	-0.554565	0.027588
424	-0.546509	0.051880
425	-0.530884	0.043823
426	-0.526001	0.036987
427	-0.536377	0.020386
428	-0.547485	0.032837
429	-0.517822	0.003052
430	-0.529297	-0.006958
431	-0.557007	-0.004150
432	-0.532227	0.025635
433	-0.526367	-0.067139
434	-0.522217	-0.011963
435	-0.529785	0.000488
436	-0.541260	-0.039673
437	-0.534790	-0.030518
438	-0.521240	-0.076782
439	-0.536987	-0.073975
440	-0.525024	-0.031372
441	-0.534912	-0.014160
442	-0.550781	0.005981
443	-0.526489	0.000122
444	-0.529297	-0.034180
445	-0.533936	-0.063354
446	-0.540649	0.000610
447	-0.535645	0.023560
448	-0.524536	0.025146
449	-0.536133	-0.003052
450	-0.519165	-0.009521
451	-0.519775	-0.040527
452	-0.535278	-0.066406
453	-0.549927	-0.044189
454	-0.532471	-0.051758
455	-0.544922	-0.047852
456	-0.543335	0.006714
457	-0.537964	-0.021118
458	-0.540161	-0.018555
459	-0.545410	-0.033447
460	-0.535889	-0.069214
461	-0.530151	-0.120605
462	-0.533936	-0.097168
463	-0.542236	-0.100342
464	-0.532104	-0.067993
465	-0.537598	-0.098145
466	-0.542847	-0.055542
467	-0.543213	-0.067017
468	-0.545654	-0.051636
469	-0.532593	-0.115967
470	-0.535400	-0.037109
471	-0.541260	-0.052979
472	-0.526123	-0.015747
473	-0.527954	-0.015869
474	-0.545776	-0.033569
475	-0.542358	-0.032715
476	-0.541870	0.002075
477	-0.536987	0.024658
478	-0.542603	0.042847
479	-0.546753	0.137573
480	-0.530884	0.116699
481	-0.533203	0.076416
482	-0.553345	0.020996
483	-0.535522	-0.011719
484	-0.540527	-0.007324
485	-0.544189	-0.043457
486	-0.551514	-0.007446
487	-0.531494	-0.014404
488	-0.532959	-0.042480
489	-0.532349	-0.065674
490	-0.524170	-0.078491
491	-0.539429	-0.019287
492	-0.533936	-0.005493
493	-0.538452	-0.019897
494	-0.536621	0.023560
495	-0.518677	-0.057617
496	-0.549072	-0.072876
497	-0.548584	-0.041992
498	-0.532593	-0.077515
499	-0.542603	0.047852
500	-0.527344	0.065063
501	-0.534546	0.083130
502	-0.543335	0.059814
503	-0.533447	0.102295
504	-0.541870	0.135376
505	-0.530762	0.094604
506	-0.540161	0.122070
507	-0.522339	0.082397
508	-0.516602	0.077637
509	-0.535522	-0.004761
510	-0.540771	-0.053467
511	-0.530029	-0.023315
512	-0.541504	-0.071167
513	-0.521851	-0.001831
514	-0.538696	0.009277
515	-0.534058	-0.057617
516	-0.539673	-0.004639
517	-0.543457	0.006958
518	-0.543335	-0.015991
519	-0.540161	0.010010
520	-0.536133	0.024292
521	-0.530762	0.034424
522	-0.545776	0.051147
523	-0.547119	0.075928
524	-0.532715	0.036987
525	-0.534668	0.003906
526	-0.536865	-0.002075
527	-0.533447	-0.012695
528	-0.542480	0.056641
529	-0.541382	0.056641
530	-0.547119	0.003662
531	-0.549805	0.026489
532	-0.534424	0.004395
533	-0.528564	-0.043701
534	-0.548340	0.031860
535	-0.545044	0.055908
536	-0.523438	0.025024
537	-0.535889	0.040161
538	-0.545288	-0.022583
539	-0.520142	-0.103149
540	-0.531372	-0.083130
541	-0.533447	-0.103760
542	-0.543945	-0.124878
543	-0.524048	-0.062988
544	-0.541504	-0.097534
545	-0.529175	-0.094971
546	-0.525513	-0.055054
547	-0.529297	-0.062500
548	-0.525513	-0.110229
549	-0.520264	-0.033081
550	-0.522339	-0.044067
551	-0.534546	-0.043823
552	-0.539185	-0.071411
553	-0.538086	-0.061890
554	-0.543823	-0.032227
555	-0.522095	-0.001953
556	-0.523193	-0.029663
557	-0.539429	-0.018188
558	-0.541504	-0.029053
559	-0.540894	-0.076660
560	-0.545898	-0.122192
561	-0.535156	-0.078491
562	-0.528320	-0.004761
563	-0.544189	0.012573
564	-0.528076	0.031128
565	-0.551636	-0.000854
566	-0.526978	-0.089966
567	-0.539063	-0.107056
568	-0.546265	-0.130249
569	-0.553833	-0.079590
570	-0.531860	-0.027832
571	-0.518433	0.053101
572	-0.533691	0.051270
573	-0.539551	0.113892
574	-0.529297	0.061157
575	-0.529663	0.050171
576	-0.537720	-0.022705
577	-0.538086	-0.052368
578	-0.549561	-0.038940
579	-0.544800	-0.040161
580	-0.536865	-0.005249
581	-0.559448	-0.013184
582	-0.542358	0.008545
583	-0.531616	0.030151
584	-0.510010	-0.011108
585	-0.542236	0.049438
586	-0.536987	0.014160
587	-0.527710	-0.001343
588	-0.533203	0.001465
589	-0.548096	-0.015747
590	-0.531982	0.006470
591	-0.533203	-0.009033
592	-0.549438	-0.039673
593	-0.524292	0.043213
594	-0.526123	0.033936
595	-0.537354	0.074829
596	-0.535156	0.083130
597	-0.543823	0.019043
598	-0.549683	-0.028198
599	-0.528320	0.005249
600	-0.536499	0.003296
601	-0.517456	0.050781
602	-0.529175	0.023438
603	-0.534424	0.052368
604	-0.535889	0.038818
605	-0.536011	0.084229
606	-0.521484	0.049316
607	-0.547241	0.004517
608	-0.549683	-0.042847
609	-0.538818	-0.110596
610	-0.548584	-0.079102
611	-0.537598	-0.086670
612	-0.539795	-0.058228
613	-0.537109	-0.055908
614	-0.521118	-0.066772
615	-0.538086	-0.035645
616	-0.551025	-0.065918
617	-0.541626	-0.004883
618	-0.539917	-0.044556
619	-0.548218	-0.021851
620	-0.539795	-0.070313
621	-0.536865	-0.075317
622	-0.532227	-0.035522
623	-0.544067	-0.007568
624	-0.545898	-0.035156
625	-0.539917	0.017090
626	-0.537109	-0.029785
627	-0.532349	-0.021729
628	-0.543091	0.032593
629	-0.549561	0.068115
630	-0.548950	0.021362
631	-0.541016	-0.014526
632	-0.539307	0.004639
633	-0.571045	0.043091
634	-0.541260	0.054321
635	-0.528687	0.054932
636	-0.545654	0.096191
637	-0.539917	0.039551
638	-0.541138	-0.000366
639	-0.534912	0.033813
640	-0.542847	-0.005249
641	-0.543945	0.002075
642	-0.523193	0.012939
643	-0.540283	-0.019165
644	-0.531128	-0.057739
645	-0.533691	-0.031982
646	-0.535767	0.010620
647	-0.528198	-0.040039
648	-0.531372	-0.016602
649	-0.543091	0.011230
650	-0.522827	0.038818
651	-0.532227	-0.014282
652	-0.530640	-0.012817
653	-0.536743	-0.018066
654	-0.539429	0.006470
655	-0.541138	0.002197
656	-0.526978	-0.009155
657	-0.527100	0.001953
658	-0.533691	-0.061035
659	-0.525269	-0.070923
660	-0.548828	-0.018921
661	-0.538940	-0.063354
662	-0.543457	-0.037354
663	-0.539551	-0.115112
664	-0.548584	-0.039063
665	-0.534424	0.018311
666	-0.536133	0.014526
667	-0.541382	-0.024536
668	-0.538330	-0.036743
669	-0.520874	-0.027344
670	-0.546143	0.017578
671	-0.543579	-0.037720
672	-0.531616	0.067139
673	-0.529541	0.084473
674	-0.543213	0.108643
675	-0.532349	0.058472
676	-0.549194	0.028931
677	-0.542603	0.001831
678	-0.528320	0.108032
679	-0.546997	0.092041
680	-0.544922	0.102417
681	-0.539917	0.128174
682	-0.541138	0.167114
683	-0.548096	0.176514
684	-0.542603	0.132813
685	-0.532959	0.082886
686	-0.527344	0.073730
687	-0.536499	0.082520
688	-0.532104	0.064575
689	-0.519043	0.042725
690	-0.523193	0.019531
691	-0.537109	0.001953
692	-0.536133	0.068359
693	-0.536255	-0.020142
694	-0.519531	-0.002808
695	-0.529053	0.028564
696	-0.537964	0.008179
697	-0.537476	-0.045654
698	-0.546021	-0.026733
699	-0.541016	-0.007935
700	-0.533325	0.040039
701	-0.536499	-0.024780
702	-0.528687	0.007202
703	-0.526733	0.023193
704	-0.538086	-0.070557
705	-0.536255	-0.038452
706	-0.528320	-0.030884
707	-0.517944	-0.047852
708	-0.523438	-0.089600
709	-0.536133	-0.079102
710	-0.523315	-0.063965
711	-0.556519	-0.074463
712	-0.529541	-0.076050
713	-0.535889	-0.056885
714	-0.539063	-0.008667
715	-0.535156	0.018921
716	-0.538940	0.002197
717	-0.539795	-0.021606
718	-0.530396	0.000366
719	-0.536499	0.006348
720	-0.538330	0.004028
721	-0.542236	0.063965
722	-0.528809	0.047485
723	-0.547852	-0.003662
724	-0.547852	-0.039185
725	-0.537231	-0.031128
726	-0.539917	-0.002686
727	-0.527832	0.016357
728	-0.531250	0.012451
729	-0.531982	0.033813
730	-0.541748	0.069458
731	-0.554443	0.094360
732	-0.537964	0.081543
733	-0.535522	0.036011
734	-0.535645	0.044800
735	-0.532349	-0.015137
736	-0.534790	0.015625
737	-0.531494	-0.041992
738	-0.543457	-0.029541
739	-0.538452	-0.017090
740	-0.541992	0.032959
741	-0.534424	0.024170
742	-0.532227	0.064819
743	-0.543457	0.014282
744	-0.540894	-0.026855
745	-0.549194	-0.028687
746	-0.522583	-0.038330
747	-0.541748	-0.060181
748	-0.534058	-0.030640
749	-0.539307	-0.027954
750	-0.531250	0.007446
751	-0.531860	0.053223
752	-0.534790	0.030396
753	-0.533203	-0.005859
754	-0.514648	0.012329
755	-0.534668	-0.029297
756	-0.534912	-0.034058
757	-0.521240	-0.058228
758	-0.538208	-0.008545
759	-0.543213	-0.069458
760	-0.550293	-0.076782
761	-0.535889	-0.020264
762	-0.538940	-0.008179
763	-0.529541	0.022583
764	-0.530029	0.004761
765	-0.529297	0.017456
766	-0.524658	0.012695
767	-0.538330	-0.024414
768	-0.539673	-0.036133
769	-0.526001	0.020142
770	-0.531738	0.020630
771	-0.542114	0.061646
772	-0.542114	0.035645
773	-0.551636	0.064941
774	-0.537476	-0.008179
775	-0.537354	-0.010254
776	-0.533813	-0.022827
777	-0.536377	-0.012695
778	-0.536255	0.036987
779	-0.534790	0.055542
780	-0.545532	0.078979
781	-0.544067	0.054077
782	-0.551147	0.080688
783	-0.540894	0.059448
784	-0.546021	0.030640
785	-0.542358	0.006348
786	-0.551514	0.056274
787	-0.528687	0.034180
788	-0.532837	-0.005859
789	-0.526733	-0.052856
790	-0.530884	0.023315
791	-0.542358	0.018311
792	-0.521484	0.046753
793	-0.540161	0.081543
794	-0.540527	0.144531
795	-0.525024	0.021484
796	-0.517944	-0.002808
797	-0.535522	-0.020752
798	-0.530273	0.016479
799	-0.526611	0.001953
800	-0.516602	-0.007813
801	-0.526978	-0.009277
802	-0.524048	0.043945
803	-0.525024	0.026733
804	-0.522949	-0.021729
805	-0.525635	0.013184
806	-0.534668	-0.066040
807	-0.535889	-0.052124
808	-0.540894	0.006226
809	-0.546143	-0.012817
810	-0.533936	0.011597
811	-0.533813	-0.006470
812	-0.526611	-0.049194
813	-0.557617	-0.032715
814	-0.543091	-0.071899
815	-0.533813	-0.037720
816	-0.542358	-0.046509
817	-0.536133	-0.005005
818	-0.535889	0.073120
819	-0.537720	0.008667
820	-0.526733	-0.004395
821	-0.532593	0.030151
822	-0.529297	0.029419
823	-0.525513	0.058472
824	-0.542236	0.025635
825	-0.534912	-0.042725
826	-0.540039	-0.001221
827	-0.534546	-0.005737
828	-0.533081	-0.015259
829	-0.524658	-0.003540
830	-0.527954	-0.012207
831	-0.532471	0.025879
832	-0.536865	0.005127
833	-0.542480	-0.031860
834	-0.531616	-0.036133
835	-0.529541	-0.007813
836	-0.518311	0.013428
837	-0.556274	-0.076538
838	-0.537598	-0.078491
839	-0.523438	-0.036255
840	-0.536499	-0.037720
841	-0.541870	-0.051270
842	-0.530029	-0.074097
843	-0.530029	-0.030762
844	-0.534058	-0.024048
845	-0.542847	0.036377
846	-0.536011	-0.015503
847	-0.531860	-0.013916
848	-0.534180	-0.039795
849	-0.530640	-0.004395
850	-0.539795	-0.019409
851	-0.537964	-0.036499
852	-0.528809	-0.025513
853	-0.532471	-0.027588
854	-0.539551	-0.020996
855	-0.543457	-0.044189
856	-0.535889	0.002930
857	-0.523926	-0.066650
858	-0.539917	0.005249
859	-0.529663	0.017456
860	-0.532959	-0.034546
861	-0.538208	0.046875
862	-0.528564	0.028076
863	-0.536621	-0.005737
864	-0.533081	-0.000122
865	-0.540894	-0.014038
866	-0.532593	-0.000977
867	-0.541626	-0.000977
868	-0.529297	-0.013306
869	-0.533691	0.075439
870	-0.534546	0.055664
871	-0.548828	0.131836
872	-0.552368	0.117676
873	-0.544312	0.057739
874	-0.529907	0.086914
875	-0.543945	0.106323
876	-0.539185	0.065918
877	-0.525879	0.097778
878	-0.537476	0.121582
879	-0.547852	0.125488
880	-0.546265	0.108276
881	-0.523438	0.070557
882	-0.554688	0.042969
883	-0.546509	-0.017822
884	-0.536499	-0.018921
885	-0.546509	-0.016479
886	-0.556519	-0.036133
887	-0.543701	-0.035889
888	-0.533447	-0.051392
889	-0.562012	-0.113281
890	-0.538818	-0.155518
891	-0.530396	-0.098267
892	-0.547852	-0.113281
893	-0.541504	-0.070190
894	-0.526123	-0.045410
895	-0.527832	0.018311
896	-0.534058	-0.026123
897	-0.540527	-0.056885
898	-0.534180	-0.094238
899	-0.549194	-0.088989
900	-0.535156	-0.068115
901	-0.532837	-0.016113
902	-0.546021	-0.000732
903	-0.529419	-0.003174
904	-0.531372	0.031372
905	-0.548340	0.063721
906	-0.534546	0.095459
907	-0.531494	0.060425
908	-0.515503	0.042236
909	-0.528931	0.029175
910	-0.536255	0.083862
911	-0.527832	0.054810
912	-0.522217	0.003052
913	-0.524780	0.027344
914	-0.540527	0.012207
915	-0.543579	0.014648
916	-0.557983	-0.043213
917	-0.541626	-0.045654
918	-0.539551	-0.033447
919	-0.528442	-0.002319
920	-0.543213	0.018066
921	-0.531738	-0.045166
922	-0.539673	0.027954
923	-0.555786	-0.060181
924	-0.551392	0.005371
925	-0.533203	-0.007324
926	-0.542358	0.050903
927	-0.549805	0.047363
928	-0.545532	0.001099
929	-0.537231	0.022095
930	-0.542358	0.009399
931	-0.536255	-0.028809
932	-0.561646	-0.019043
933	-0.543457	-0.021362
934	-0.541870	-0.050537
935	-0.535522	-0.044067
936	-0.532104	-0.005249
937	-0.533936	0.013306
938	-0.527710	-0.008301
939	-0.534058	-0.064453
940	-0.537964	-0.081543
941	-0.519897	-0.050049
942	-0.536743	-0.052124
943	-0.541992	-0.090210
944	-0.536377	-0.106689
945	-0.524658	-0.119629
946	-0.531860	-0.033569
947	-0.538574	0.012817
948	-0.541870	0.038452
949	-0.532104	0.043579
950	-0.520752	0.067383
951	-0.539551	0.074829
952	-0.538696	0.059692
953	-0.530762	0.074707
954	-0.525879	0.078613
955	-0.534424	0.039917
956	-0.534302	0.048340
957	-0.538452	-0.004639
958	-0.549072	0.001831
959	-0.542725	-0.024048
960	-0.529297	-0.083374
961	-0.544189	-0.058105
962	-0.528442	0.003052
963	-0.539673	-0.019287
964	-0.528076	0.001831
965	-0.543945	-0.018677
966	-0.532959	-0.039307
967	-0.540894	0.003784
968	-0.537476	-0.011230
969	-0.529541	0.022095
970	-0.533813	0.051147
971	-0.536865	0.033203
972	-0.523315	-0.015991
973	-0.534180	-0.015991
974	-0.543335	-0.040405
975	-0.536255	-0.055542
976	-0.526489	-0.029541
977	-0.538818	-0.036011
978	-0.545044	-0.051758
979	-0.527954	-0.015137
980	-0.528076	-0.035156
981	-0.538574	-0.009888
982	-0.533691	-0.028687
983	-0.529541	-0.047485
984	-0.536255	-0.016357
985	-0.519775	0.053711
986	-0.546509	0.081299
987	-0.538818	0.061401
988	-0.520386	0.046387
989	-0.525513	0.002075
990	-0.540771	-0.016846
991	-0.532471	0.005005
992	-0.530884	0.038330
993	-0.528442	0.018799
994	-0.541016	0.018188
995	-0.532104	-0.000610
996	-0.535645	0.012817
997	-0.531128	0.009277
998	-0.539185	-0.018311
999	-0.529053	0.076660
