0	-0.445679	-0.011597
1	-0.445923	-0.001343
2	-0.452393	-0.001221
3	-0.453857	0.036133
4	-0.458008	-0.001709
5	-0.447632	0.001709
6	-0.452759	-0.024292
7	-0.452026	-0.047852
8	-0.454956	-0.040771
9	-0.447754	-0.054443
10	-0.465942	-0.008179
11	-0.454346	0.042969
12	-0.454468	-0.043823
13	-0.456055	0.008057
14	-0.461548	-0.030151
15	-0.455688	0.029175
16	-0.450806	-0.004639
17	-0.450439	-0.039795
18	-0.466919	0.026001
19	-0.448486	-0.003052
20	-0.450928	-0.033081
21	-0.452148	-0.055542
22	-0.461060	0.038330
23	-0.444946	0.037720
24	-0.453857	0.031616
25	-0.449707	-0.036255
26	-0.443481	-0.018677
27	-0.444092	-0.017090
28	-0.453857	-0.031982
29	-0.446045	0.006836
30	-0.447754	0.024170
31	-0.441772	-0.022827
32	-0.452148	0.009766
33	-0.467773	0.013428
34	-0.444458	0.024902
35	-0.465698	0.015869
36	-0.453735	0.026733
37	-0.451416	-0.007202
38	-0.439575	0.020142
39	-0.452026	-0.019287
40	-0.471802	0.023804
41	-0.439087	0.018188
42	-0.453979	-0.003662
43	-0.457031	0.026855
44	-0.450073	-0.020264
45	-0.456177	-0.084351
46	-0.449097	-0.020752
47	-0.457031	-0.052246
48	-0.453369	0.009521
49	-0.446289	-0.062622
50	-0.443726	-0.016846
51	-0.452515	-0.012573
52	-0.454224	0.029663
53	-0.460083	0.010010
54	-0.451782	-0.031738
55	-0.455200	-0.026978
56	-0.445557	-0.022095
57	-0.455200	-0.001343
58	-0.458740	0.062744
59	-0.451782	0.029541
60	-0.452515	0.010376
61	-0.456909	0.003174
62	-0.453003	-0.028687
63	-0.461548	-0.009033
64	-0.465698	0.047852
65	-0.450439	0.071533
66	-0.449951	0.039551
67	-0.448364	-0.057007
68	-0.453857	-0.004883
69	-0.452026	0.005615
70	-0.454712	-0.040894
71	-0.464355	-0.035645
72	-0.449707	-0.038940
73	-0.455444	-0.004639
74	-0.471313	-0.031006
75	-0.449707	-0.033081
76	-0.443848	0.021362
77	-0.463379	-0.025024
78	-0.446777	0.005615
79	-0.448853	-0.009033
80	-0.441406	0.049316
81	-0.452148	-0.044312
82	-0.443848	0.067871
83	-0.441772	0.004883
84	-0.447388	0.013062
85	-0.458862	0.072144
86	-0.440674	0.008423
87	-0.454468	0.002686
88	-0.451172	0.013550
89	-0.459229	-0.028198
90	-0.456909	-0.021606
91	-0.455200	-0.010620
92	-0.446045	-0.052368
93	-0.466675	0.027344
94	-0.449341	0.010132
95	-0.467041	0.007568
96	-0.460449	0.005493
97	-0.452515	-0.046021
98	-0.456177	-0.013306
99	-0.458496	-0.015503
100	-0.449585	-0.000366
101	-0.454102	-0.031494
102	-0.460083	-0.061523
103	-0.447632	-0.015991
104	-0.448975	-0.041748
105	-0.448486	-0.003296
106	-0.455688	-0.018066
107	-0.445313	-0.020508
108	-0.461060	-0.046143
109	-0.453003	-0.058472
110	-0.435913	-0.011841
111	-0.447998	0.001709
112	-0.442627	-0.010620
113	-0.444702	-0.006470
114	-0.455200	0.030640
115	-0.466187	0.028809
116	-0.436157	0.031494
117	-0.450195	-0.052124
118	-0.436523	0.013672
119	-0.441528	-0.007202
120	-0.435303	-0.027344
121	-0.446289	-0.059937
122	-0.451904	-0.029175
123	-0.439331	0.046753
124	-0.449341	0.045044
125	-0.459351	0.019531
126	-0.446899	0.022827
127	-0.444824	-0.027100
128	-0.458618	-0.003906
129	-0.445557	-0.016968
130	-0.446167	-0.014526
131	-0.455688	-0.001587
132	-0.444336	0.002563
133	-0.457031	0.050049
134	-0.459473	0.070801
135	-0.455933	0.029175
136	-0.464844	0.058105
137	-0.454102	0.035645
138	-0.453125	0.064575
139	-0.451538	0.027100
140	-0.451294	0.042480
141	-0.454712	-0.021484
142	-0.459595	0.009277
143	-0.450806	-0.019409
144	-0.458374	0.035767
145	-0.454712	0.006348
146	-0.460571	0.031494
147	-0.454102	0.040039
148	-0.444824	-0.028564
149	-0.468018	0.009644
150	-0.444824	-0.048950
151	-0.437622	-0.045532
152	-0.454224	-0.027466
153	-0.453369	0.000122
154	-0.469482	-0.015381
155	-0.463379	-0.020386
156	-0.457153	-0.024780
157	-0.458496	-0.018433
158	-0.454102	0.006226
159	-0.465820	0.026123
160	-0.458984	-0.011963
161	-0.454590	0.026001
162	-0.452515	-0.027588
163	-0.461182	0.000977
164	-0.443359	-0.048218
165	-0.464844	-0.020264
166	-0.459229	0.005737
167	-0.439087	0.012817
168	-0.456909	-0.001099
169	-0.466675	0.003662
170	-0.446411	0.008667
171	-0.457520	0.020142
172	-0.452881	0.054932
173	-0.464111	0.013184
174	-0.450073	0.006592
175	-0.446411	-0.056274
176	-0.447632	-0.037842
177	-0.449829	0.014404
178	-0.445679	0.019897
179	-0.443604	0.030029
180	-0.445435	0.031250
181	-0.454590	-0.049072
182	-0.457031	0.025757
183	-0.460571	0.004761
184	-0.456543	-0.071045
185	-0.453857	-0.062744
186	-0.447021	-0.056885
187	-0.447388	-0.031494
188	-0.460327	-0.019897
189	-0.450684	0.029785
190	-0.449219	0.021973
191	-0.449585	0.041870
192	-0.447388	-0.020508
193	-0.454712	0.003174
194	-0.452759	-0.010620
195	-0.458618	-0.013916
196	-0.459717	0.006958
197	-0.466553	-0.014526
198	-0.462769	0.070557
199	-0.444458	0.065552
200	-0.445435	0.023438
201	-0.462280	0.002563
202	-0.458496	0.034424
203	-0.458130	0.004028
204	-0.459229	0.020752
205	-0.458130	0.033936
206	-0.468384	0.066650
207	-0.465576	0.091064
208	-0.460083	-0.001831
209	-0.450562	-0.035645
210	-0.464233	-0.007202
211	-0.457153	0.017456
212	-0.461914	-0.010986
213	-0.464844	-0.001587
214	-0.450317	-0.027832
215	-0.457764	0.003296
216	-0.458862	-0.000366
217	-0.451050	0.009766
218	-0.454346	-0.017090
219	-0.447998	-0.013672
220	-0.454956	-0.004761
221	-0.428955	-0.019165
222	-0.455688	-0.007813
223	-0.458740	-0.046631
224	-0.451660	-0.067993
225	-0.437012	-0.029785
226	-0.448120	0.005005
227	-0.442505	0.025024
228	-0.448242	0.055908
229	-0.453857	0.039795
230	-0.450928	0.011719
231	-0.453369	-0.025757
232	-0.451660	-0.016113
233	-0.453491	-0.030640
234	-0.457642	0.025879
235	-0.460327	0.004150
236	-0.444580	0.004395
237	-0.458374	0.041748
238	-0.450073	0.045288
239	-0.443726	0.000977
240	-0.446289	-0.032471
241	-0.455688	-0.042236
242	-0.458252	-0.020264
243	-0.450195	-0.012817
244	-0.446777	0.018066
245	-0.462402	0.048218
246	-0.440918	0.027222
247	-0.451172	0.004517
248	-0.449829	0.025757
249	-0.454590	-0.000244
250	-0.459351	0.022339
251	-0.444946	-0.017822
252	-0.457764	-0.022705
253	-0.440308	-0.018921
254	-0.459961	-0.003784
255	-0.451782	-0.012451
256	-0.459229	0.003418
257	-0.473633	0.049438
258	-0.461182	-0.005981
259	-0.451050	0.012695
260	-0.447021	0.030273
261	-0.453003	0.015503
262	-0.433594	0.026733
263	-0.465088	0.034912
264	-0.447876	0.041260
265	-0.450928	-0.035645
266	-0.444702	0.016479
267	-0.455200	0.056641
268	-0.453979	0.003540
269	-0.463379	-0.057373
270	-0.461670	-0.026855
271	-0.451782	-0.026855
272	-0.453735	0.041260
273	-0.453247	0.031616
274	-0.460083	-0.002686
275	-0.463379	0.011597
276	-0.447266	-0.025879
277	-0.451782	-0.029175
278	-0.448486	-0.060303
279	-0.438599	0.009766
280	-0.445190	0.004639
281	-0.442505	-0.006836
282	-0.448853	-0.011475
283	-0.452637	0.020752
284	-0.442993	0.007568
285	-0.466309	-0.007690
286	-0.451904	-0.007690
287	-0.453857	0.026611
288	-0.460938	0.044434
289	-0.469849	0.019897
290	-0.441895	0.074219
291	-0.449097	0.010986
292	-0.455322	0.031494
293	-0.463867	0.043823
294	-0.455811	-0.001587
295	-0.439941	0.000366
296	-0.463257	-0.020508
297	-0.458496	-0.048950
298	-0.462524	-0.033081
299	-0.463257	0.036133
300	-0.446533	0.033203
301	-0.464478	-0.060913
302	-0.447632	-0.036987
303	-0.447144	0.034058
304	-0.453003	0.015137
305	-0.449219	0.011475
306	-0.452881	0.048340
307	-0.482300	0.047607
308	-0.446289	-0.012329
309	-0.461304	0.036377
310	-0.463501	0.009155
311	-0.436768	0.031616
312	-0.452515	0.008667
313	-0.447876	0.016113
314	-0.449707	-0.001831
315	-0.454346	0.029297
316	-0.442139	0.027466
317	-0.452759	-0.020386
318	-0.456299	-0.071777
319	-0.451660	-0.046021
320	-0.461426	-0.064331
321	-0.459351	-0.055664
322	-0.456299	-0.056152
323	-0.464355	0.010376
324	-0.453247	0.019897
325	-0.458862	-0.016602
326	-0.453857	-0.029785
327	-0.445068	0.074585
328	-0.450562	0.028687
329	-0.456909	0.011841
330	-0.449585	-0.000244
331	-0.447388	0.003784
332	-0.433716	0.017578
333	-0.465454	0.039551
334	-0.435547	-0.029053
335	-0.449341	-0.056396
336	-0.456909	-0.016479
337	-0.446899	-0.054810
338	-0.436401	-0.015747
339	-0.438354	0.055420
340	-0.445435	0.021729
341	-0.440063	0.006958
342	-0.454346	0.022217
343	-0.455322	0.005493
344	-0.453979	0.014160
345	-0.445068	-0.034180
346	-0.465332	0.035400
347	-0.462402	0.077026
348	-0.440186	0.007935
349	-0.468506	0.026855
350	-0.450928	-0.004639
351	-0.457153	0.023682
352	-0.466797	-0.007813
353	-0.449219	-0.006226
354	-0.457764	0.013916
355	-0.445190	-0.024902
356	-0.446289	0.020752
357	-0.461792	0.030640
358	-0.456177	0.001343
359	-0.447876	-0.053345
360	-0.462158	0.011108
361	-0.443970	0.032471
362	-0.470703	-0.018555
363	-0.452393	0.003662
364	-0.455566	0.037109
365	-0.461914	-0.016357
366	-0.451416	-0.049561
367	-0.447266	-0.015015
368	-0.449097	0.012451
369	-0.447266	-0.014282
370	-0.457397	-0.022705
371	-0.461182	-0.017212
372	-0.437256	0.066528
373	-0.447510	0.023315
374	-0.442993	0.015137
375	-0.439209	-0.004272
376	-0.447021	-0.019287
377	-0.444946	0.008301
378	-0.444458	0.047974
379	-0.439697	-0.058960
380	-0.442993	-0.026733
381	-0.465942	-0.032715
382	-0.448242	-0.023315
383	-0.460938	-0.026855
384	-0.465332	-0.003296
385	-0.446167	-0.009399
386	-0.444458	-0.015625
387	-0.459473	-0.045532
388	-0.442627	-0.015991
389	-0.459229	-0.031250
390	-0.461792	-0.045166
391	-0.460693	-0.017334
392	-0.441772	0.019653
393	-0.448364	-0.022339
394	-0.456177	-0.010254
395	-0.461182	0.014893
396	-0.449219	0.085693
397	-0.463379	-0.008667
398	-0.450317	-0.022461
399	-0.454956	0.028564
400	-0.456787	0.071411
401	-0.452759	0.032715
402	-0.456787	0.042358
403	-0.455933	0.005371
404	-0.444336	-0.019043
405	-0.463745	-0.014648
406	-0.458130	-0.036987
407	-0.443970	-0.032959
408	-0.460938	0.020996
409	-0.451904	-0.001831
410	-0.473389	-0.033936
411	-0.456665	-0.041992
412	-0.454102	-0.006714
413	-0.453369	-0.020630
414	-0.451538	0.032227
415	-0.459106	-0.012573
416	-0.444702	0.000977
417	-0.452026	0.008667
418	-0.448364	0.033936
419	-0.459229	0.016724
420	-0.453125	-0.010010
421	-0.464966	0.040527
422	-0.458618	-0.008301
423	-0.442383	0.022339
424	-0.461182	-0.021240
425	-0.460083	-0.062988
426	-0.456177	0.000488
427	-0.457397	-0.030884
428	-0.455688	-0.049194
429	-0.452026	-0.075806
430	-0.465576	-0.040527
431	-0.466919	-0.021973
432	-0.465210	-0.070190
433	-0.449951	-0.078613
434	-0.450317	0.013184
435	-0.454712	0.024902
436	-0.442017	0.017822
437	-0.454468	0.004395
438	-0.454102	0.004761
439	-0.440918	-0.048950
440	-0.464233	0.018311
441	-0.450195	0.004272
442	-0.443359	0.013184
443	-0.440796	-0.012695
444	-0.454712	-0.011597
445	-0.445190	-0.041992
446	-0.452515	0.008179
447	-0.461548	-0.018799
448	-0.451294	-0.020630
449	-0.444702	-0.015259
450	-0.458374	0.031738
451	-0.449097	-0.036743
452	-0.457886	-0.017334
453	-0.458740	-0.015747
454	-0.465576	0.030396
455	-0.461914	0.036621
456	-0.462646	0.017578
457	-0.446045	-0.018799
458	-0.452026	-0.041870
459	-0.458130	-0.011597
460	-0.454468	-0.032715
461	-0.451050	0.033203
462	-0.470825	0.008667
463	-0.463623	-0.039551
464	-0.452759	-0.013184
465	-0.445313	0.059692
466	-0.476318	0.023804
467	-0.446533	0.038940
468	-0.459961	-0.017456
469	-0.465820	-0.025269
470	-0.453003	0.020264
471	-0.459229	0.028198
472	-0.455444	0.001709
473	-0.452148	-0.003296
474	-0.452759	0.013184
475	-0.457642	-0.006714
476	-0.449829	0.006348
477	-0.439575	-0.004639
478	-0.458374	-0.028687
479	-0.458130	0.017456
480	-0.453247	0.001465
481	-0.444946	-0.024048
482	-0.453979	-0.018311
483	-0.460205	-0.014771
484	-0.454834	0.049561
485	-0.462280	0.036133
486	-0.440308	0.015625
487	-0.445923	0.019531
488	-0.442383	0.016846
489	-0.444336	0.003906
490	-0.464355	0.014893
491	-0.452393	0.026611
492	-0.447144	0.007324
493	-0.453735	0.014160
494	-0.449097	0.026978
495	-0.450439	-0.001831
496	-0.450684	0.014648
497	-0.462158	0.048950
498	-0.467041	0.038574
499	-0.444214	-0.022949
500	-0.455444	-0.094604
501	-0.469116	-0.037598
502	-0.453613	0.014282
503	-0.455811	0.057251
504	-0.461548	0.080933
505	-0.446411	0.012817
506	-0.447266	-0.009766
507	-0.443726	-0.002686
508	-0.451782	0.012573
509	-0.451416	-0.012939
510	-0.463135	-0.033081
511	-0.456299	-0.011597
512	-0.449585	-0.056519
513	-0.461060	-0.031982
514	-0.448242	-0.029663
515	-0.460205	-0.007446
516	-0.452759	0.045532
517	-0.447266	0.031738
518	-0.447998	0.014160
519	-0.448364	0.002319
520	-0.455566	0.058228
521	-0.437256	0.011353
522	-0.454346	-0.030518
523	-0.458984	-0.022339
524	-0.455200	-0.023804
525	-0.440308	-0.035034
526	-0.454712	0.020020
527	-0.441650	-0.017090
528	-0.462158	0.047485
529	-0.450317	0.041260
530	-0.448120	-0.004883
531	-0.451538	0.011230
532	-0.448486	-0.020386
533	-0.456177	0.046753
534	-0.462524	0.035034
535	-0.457275	0.006592
536	-0.456177	-0.020996
537	-0.450562	-0.023438
538	-0.455200	-0.015503
539	-0.460693	-0.032227
540	-0.441162	-0.039551
541	-0.465210	-0.014282
542	-0.451416	0.029297
543	-0.444702	-0.008545
544	-0.454224	0.012451
545	-0.458984	-0.033081
546	-0.452026	-0.055420
547	-0.456421	-0.036865
548	-0.450562	-0.099487
549	-0.453857	-0.059326
550	-0.463379	-0.064575
551	-0.457520	-0.046387
552	-0.447998	0.045654
553	-0.444824	0.012939
554	-0.447021	0.083130
555	-0.443359	0.073120
556	-0.458008	0.083496
557	-0.453369	-0.014893
558	-0.463623	-0.014404
559	-0.451660	-0.009766
560	-0.461304	-0.004028
561	-0.454224	-0.053955
562	-0.461426	0.022827
563	-0.455933	-0.027466
564	-0.458252	-0.013428
565	-0.460938	-0.034668
566	-0.458862	0.015381
567	-0.454956	0.007202
568	-0.449829	-0.031128
569	-0.453125	-0.028564
570	-0.455078	0.031494
571	-0.456055	0.050659
572	-0.463257	0.058594
573	-0.460327	-0.004272
574	-0.458862	0.007446
575	-0.457764	0.003540
576	-0.451904	0.061890
577	-0.446045	0.041992
578	-0.463867	-0.007935
579	-0.455078	0.004517
580	-0.459717	0.038086
581	-0.445557	0.038208
582	-0.459106	0.029907
583	-0.453979	0.028076
584	-0.464600	-0.008667
585	-0.450806	0.013550
586	-0.463379	-0.029297
587	-0.453247	-0.029907
588	-0.446411	0.027466
589	-0.456299	-0.011353
590	-0.436279	0.000732
591	-0.436523	-0.020874
592	-0.456055	-0.051147
593	-0.441772	-0.033936
594	-0.441406	-0.039551
595	-0.463745	0.012451
596	-0.453613	0.009277
597	-0.442627	-0.064453
598	-0.444702	-0.046509
599	-0.443115	-0.014404
600	-0.441162	-0.005981
601	-0.448364	0.033447
602	-0.460205	-0.005371
603	-0.446411	-0.019409
604	-0.443237	-0.048462
605	-0.465210	0.006714
606	-0.445313	0.062134
607	-0.445679	0.071411
608	-0.462402	-0.034180
609	-0.447876	-0.000732
610	-0.469482	-0.001343
611	-0.462158	0.023926
612	-0.451538	0.004028
613	-0.457520	-0.038818
614	-0.452271	-0.047729
615	-0.456177	-0.007568
616	-0.456299	-0.016235
617	-0.468750	-0.008545
618	-0.446289	0.038696
619	-0.448730	0.019165
620	-0.468994	-0.024292
621	-0.453735	0.046265
622	-0.448486	0.083862
623	-0.461670	0.037476
624	-0.444092	0.049805
625	-0.442749	-0.008789
626	-0.452881	0.018921
627	-0.455933	0.004639
628	-0.444214	-0.056519
629	-0.457886	-0.081543
630	-0.448242	-0.069092
631	-0.457520	-0.048584
632	-0.450073	-0.029785
633	-0.449707	0.006348
634	-0.458252	0.014160
635	-0.452515	0.054077
636	-0.456543	0.015991
637	-0.449219	-0.000488
638	-0.448730	0.002441
639	-0.449951	-0.018066
640	-0.462402	0.028931
641	-0.440186	-0.012329
642	-0.457764	-0.033569
643	-0.466919	-0.014893
644	-0.453857	0.009766
645	-0.463379	-0.049072
646	-0.450073	-0.026367
647	-0.461670	0.033203
648	-0.458008	0.045898
649	-0.448242	0.010498
650	-0.456055	0.041138
651	-0.442993	-0.010986
652	-0.457642	0.001587
653	-0.456177	0.023560
654	-0.460571	0.013916
655	-0.463989	-0.028809
656	-0.461548	-0.058594
657	-0.443848	0.023071
658	-0.463135	-0.024902
659	-0.456177	-0.007690
660	-0.443115	-0.054565
661	-0.454102	-0.010742
662	-0.460205	0.030396
663	-0.459961	-0.018799
664	-0.455322	0.020386
665	-0.444824	0.067993
666	-0.464478	0.033691
667	-0.458984	0.066650
668	-0.456055	0.038696
669	-0.458008	0.025757
670	-0.439331	0.009155
671	-0.464844	0.004272
672	-0.448242	-0.010254
673	-0.455933	-0.021240
674	-0.464966	-0.028320
675	-0.457275	-0.034546
676	-0.453125	-0.009277
677	-0.470703	-0.007446
678	-0.465454	-0.021729
679	-0.447388	-0.015137
680	-0.451294	-0.020508
681	-0.465088	0.004150
682	-0.434692	-0.023560
683	-0.460327	-0.005249
684	-0.456177	0.043823
685	-0.451416	0.008545
686	-0.455444	-0.023804
687	-0.455933	0.007446
688	-0.455444	0.005127
689	-0.451538	0.025024
690	-0.444336	0.018188
691	-0.454590	0.047485
692	-0.446289	-0.008667
693	-0.453369	0.003174
694	-0.453979	0.009033
695	-0.450806	0.012939
696	-0.464478	0.023560
697	-0.465820	0.027588
698	-0.450439	0.000610
699	-0.454834	0.010498
700	-0.465454	-0.063477
701	-0.454224	0.016479
702	-0.466064	-0.037964
703	-0.460083	-0.032959
704	-0.450195	0.034058
705	-0.451904	0.028198
706	-0.451294	0.018311
707	-0.451050	0.047485
708	-0.450073	0.008179
709	-0.464966	-0.007935
710	-0.468506	-0.036133
711	-0.455811	-0.006348
712	-0.460449	0.037598
713	-0.438477	0.010742
714	-0.456909	-0.021851
715	-0.464478	-0.010498
716	-0.450806	0.072021
717	-0.457153	0.009766
718	-0.456909	0.015137
719	-0.466064	-0.036255
720	-0.458618	-0.005005
721	-0.453247	-0.013794
722	-0.466919	-0.017212
723	-0.446777	-0.026123
724	-0.455811	-0.020386
725	-0.468628	0.006836
726	-0.456177	0.037231
727	-0.458618	0.000610
728	-0.450562	0.013306
729	-0.452759	0.016357
730	-0.452759	-0.018311
731	-0.457642	-0.020264
732	-0.447998	-0.022705
733	-0.452637	-0.063354
734	-0.455933	-0.041260
735	-0.453491	0.018921
736	-0.440063	-0.027710
737	-0.441895	-0.011963
738	-0.458618	0.052490
739	-0.435425	-0.014893
740	-0.461182	0.019409
741	-0.452148	-0.011230
742	-0.436279	-0.073975
743	-0.449707	-0.034546
744	-0.451416	-0.018433
745	-0.455444	-0.001831
746	-0.450317	0.069092
747	-0.436523	0.019531
748	-0.437134	-0.015259
749	-0.459595	-0.029907
750	-0.448242	-0.039307
751	-0.453491	-0.035278
752	-0.445923	-0.040771
753	-0.453613	-0.001221
754	-0.456909	0.012329
755	-0.450195	0.004395
756	-0.446533	-0.011841
757	-0.454956	0.008057
758	-0.443604	0.041016
759	-0.463745	0.012451
760	-0.445435	0.020752
761	-0.444580	0.017944
762	-0.449097	-0.025391
763	-0.466675	-0.017334
764	-0.446655	0.039917
765	-0.459961	-0.019287
766	-0.465698	0.003906
767	-0.468384	-0.028687
768	-0.448975	-0.012573
769	-0.461304	0.040771
770	-0.444092	0.029053
771	-0.458374	-0.014038
772	-0.440674	-0.021118
773	-0.451050	0.055176
774	-0.443481	0.007935
775	-0.442871	-0.012207
776	-0.444336	0.008911
777	-0.449219	-0.000854
778	-0.464111	0.095947
779	-0.453125	0.049927
780	-0.447021	0.027344
781	-0.449829	0.015259
782	-0.457153	-0.023071
783	-0.450073	0.019897
784	-0.445679	-0.012939
785	-0.456421	0.007568
786	-0.446533	-0.000488
787	-0.451172	-0.016846
788	-0.456421	0.031616
789	-0.455078	-0.011719
790	-0.454712	-0.056152
791	-0.456177	-0.020996
792	-0.458130	0.017578
793	-0.446899	-0.008301
794	-0.453979	-0.077393
795	-0.453979	-0.022827
796	-0.436523	-0.036011
797	-0.446289	0.018799
798	-0.451172	0.000366
799	-0.444092	-0.022217
800	-0.460571	-0.004150
801	-0.456055	-0.057251
802	-0.439331	0.000122
803	-0.459839	0.034058
804	-0.457153	0.010132
805	-0.454834	-0.021851
806	-0.445313	-0.019775
807	-0.455811	-0.011353
808	-0.461182	-0.019653
809	-0.447876	-0.039795
810	-0.451538	-0.057861
811	-0.448486	-0.048706
812	-0.461670	-0.019409
813	-0.450195	-0.031616
814	-0.445068	0.003906
815	-0.452881	0.009155
816	-0.460449	-0.039551
817	-0.449585	-0.002075
818	-0.460205	-0.008667
819	-0.453369	-0.002686
820	-0.471069	0.008423
821	-0.456299	0.086426
822	-0.445068	0.047974
823	-0.450928	0.073120
824	-0.454590	0.013794
825	-0.444458	0.001587
826	-0.449829	-0.020752
827	-0.459961	-0.005859
828	-0.453003	0.017212
829	-0.449341	0.022827
830	-0.459961	0.048340
831	-0.461548	0.035156
832	-0.459717	0.040527
833	-0.453857	-0.001099
834	-0.464355	-0.036255
835	-0.462036	-0.015503
836	-0.453003	0.031006
837	-0.453247	-0.035645
838	-0.452271	-0.003540
839	-0.460449	0.000000
840	-0.461060	-0.044067
841	-0.454102	0.035522
842	-0.452148	-0.003174
843	-0.461548	-0.018188
844	-0.438477	-0.000610
845	-0.459351	-0.005737
846	-0.448608	-0.052734
847	-0.434448	-0.038818
848	-0.443481	-0.045044
849	-0.457031	-0.035034
850	-0.463257	-0.025391
851	-0.451782	-0.026367
852	-0.452271	-0.003052
853	-0.430176	-0.008057
854	-0.453613	0.001587
855	-0.445068	-0.011597
856	-0.459717	-0.057251
857	-0.455322	-0.031372
858	-0.456665	0.020386
859	-0.458618	0.007813
860	-0.448608	0.025391
861	-0.441895	0.031250
862	-0.439941	-0.016968
863	-0.453369	0.043457
864	-0.465454	0.051758
865	-0.449463	-0.026855
866	-0.459717	-0.025391
867	-0.456665	-0.036377
868	-0.462402	-0.019775
869	-0.455811	-0.060547
870	-0.438599	-0.005005
871	-0.463623	-0.029297
872	-0.450806	0.008423
873	-0.459229	-0.023926
874	-0.459473	0.017944
875	-0.439819	0.037354
876	-0.445923	0.009521
877	-0.446655	-0.029907
878	-0.445557	0.002930
879	-0.442139	-0.057617
880	-0.468262	-0.031738
881	-0.441040	-0.043213
882	-0.446289	-0.062378
883	-0.461914	-0.033691
884	-0.436523	-0.046143
885	-0.447632	-0.000977
886	-0.436157	-0.007690
887	-0.448608	0.040283
888	-0.442627	0.036743
889	-0.451050	-0.008667
890	-0.459229	-0.026001
891	-0.450562	-0.022949
892	-0.449463	0.041504
893	-0.452148	0.035645
894	-0.460327	-0.008911
895	-0.438354	-0.011963
896	-0.451294	0.013428
897	-0.435059	0.023071
898	-0.448120	0.044922
899	-0.461670	-0.011108
900	-0.450439	-0.010864
901	-0.461914	0.036255
902	-0.451904	0.026001
903	-0.455200	-0.004883
904	-0.441772	-0.021118
905	-0.444702	-0.048462
906	-0.454346	-0.019531
907	-0.444458	-0.033447
908	-0.454712	-0.048706
909	-0.466797	-0.039551
910	-0.453125	-0.039795
911	-0.450928	0.020386
912	-0.448120	-0.003906
913	-0.446167	-0.012207
914	-0.462891	0.041748
915	-0.458374	0.036499
916	-0.452759	-0.028931
917	-0.456421	-0.008789
918	-0.440186	0.024048
919	-0.460693	0.004761
920	-0.459717	-0.023682
921	-0.453735	0.010376
922	-0.455566	-0.008667
923	-0.456909	-0.040161
924	-0.440308	-0.073853
925	-0.463013	-0.015015
926	-0.446899	-0.007202
927	-0.466675	0.050293
928	-0.450317	-0.039063
929	-0.455933	-0.008911
930	-0.458374	-0.012207
931	-0.464111	-0.030640
932	-0.471558	-0.054688
933	-0.459961	-0.004395
934	-0.465210	0.017944
935	-0.443359	0.028442
936	-0.459961	0.009155
937	-0.457031	0.014526
938	-0.444580	0.004150
939	-0.466064	-0.009521
940	-0.457153	0.022827
941	-0.452515	0.022705
942	-0.453369	-0.003052
943	-0.451660	-0.000732
944	-0.448853	0.009521
945	-0.454346	0.023804
946	-0.466187	0.009155
947	-0.458008	-0.017578
948	-0.442871	-0.036987
949	-0.452637	-0.000122
950	-0.446289	0.011841
951	-0.446533	-0.041748
952	-0.462036	0.038452
953	-0.452515	0.004639
954	-0.447998	-0.019653
955	-0.458252	0.020386
956	-0.449097	0.026855
957	-0.460205	0.006958
958	-0.452271	0.062988
959	-0.448120	-0.009888
960	-0.442749	0.055664
961	-0.452026	0.018921
962	-0.451294	0.003784
963	-0.454102	-0.018188
964	-0.447021	-0.002075
965	-0.457397	0.006836
966	-0.460327	0.004639
967	-0.437256	0.003052
968	-0.461182	-0.021240
969	-0.450317	0.007690
970	-0.457153	-0.054321
971	-0.464111	0.015869
972	-0.456543	0.002808
973	-0.455200	0.006470
974	-0.460083	-0.008179
975	-0.455078	-0.041260
976	-0.462402	-0.025879
977	-0.448730	0.002075
978	-0.456909	0.007935
979	-0.444946	-0.047241
980	-0.459717	0.024414
981	-0.464478	0.006592
982	-0.454346	-0.020020
983	-0.460083	0.005615
984	-0.451660	0.022949
985	-0.460327	0.019775
986	-0.445068	0.044189
987	-0.449951	-0.004883
988	-0.446899	0.039307
989	-0.445435	0.008789
990	-0.447876	-0.032837
991	-0.455933	-0.010132
992	-0.451050	-0.001953
993	-0.446045	-0.034058
994	-0.460938	0.009155
995	-0.428833	0.024780
996	-0.460693	0.015991
997	-0.455078	-0.029419
998	-0.444702	-0.031006
999	-0.449463	-0.038086
