0	-0.929443	-0.949829
1	-0.937256	-0.952515
2	-0.934814	-0.955566
3	-0.936523	-0.958008
4	-0.935059	-0.957397
5	-0.930908	-0.949463
6	-0.931152	-0.953369
7	-0.936401	-0.956421
8	-0.941406	-0.963257
9	-0.933228	-0.957886
10	-0.928345	-0.950928
11	-0.937744	-0.956299
12	-0.945435	-0.965332
13	-0.933838	-0.956177
14	-0.937744	-0.961548
15	-0.932495	-0.955200
16	-0.936035	-0.957642
17	-0.935425	-0.959595
18	-0.938721	-0.961548
19	-0.934570	-0.957153
20	-0.935669	-0.957031
21	-0.937500	-0.959106
22	-0.928589	-0.954346
23	-0.932373	-0.953491
24	-0.937622	-0.957275
25	-0.937378	-0.960449
26	-0.930298	-0.945557
27	-0.934937	-0.951294
28	-0.925049	-0.946655
29	-0.940430	-0.964478
30	-0.942627	-0.961670
31	-0.940430	-0.958130
32	-0.936401	-0.959839
33	-0.940796	-0.959473
34	-0.931030	-0.954590
35	-0.926025	-0.950562
36	-0.941528	-0.957520
37	-0.944336	-0.964966
38	-0.931641	-0.951416
39	-0.933716	-0.950562
40	-0.933105	-0.956543
41	-0.932739	-0.952393
42	-0.932983	-0.955200
43	-0.941162	-0.961792
44	-0.934448	-0.956421
45	-0.935669	-0.960083
46	-0.940796	-0.954102
47	-0.938477	-0.958862
48	-0.932129	-0.954102
49	-0.936279	-0.956665
50	-0.933472	-0.951538
51	-0.932617	-0.952393
52	-0.940063	-0.956177
53	-0.935303	-0.954224
54	-0.936768	-0.959351
55	-0.926758	-0.948486
56	-0.933472	-0.949829
57	-0.926880	-0.946655
58	-0.940430	-0.962280
59	-0.939087	-0.960083
60	-0.933228	-0.955200
61	-0.927856	-0.946655
62	-0.942383	-0.958374
63	-0.942261	-0.964722
64	-0.934448	-0.956665
65	-0.939087	-0.961914
66	-0.941406	-0.961426
67	-0.937744	-0.958252
68	-0.937256	-0.959595
69	-0.934326	-0.956543
70	-0.938721	-0.962280
71	-0.931396	-0.951538
72	-0.937378	-0.959106
73	-0.935425	-0.957397
74	-0.937744	-0.957886
75	-0.939087	-0.957520
76	-0.940796	-0.963989
77	-0.928467	-0.945923
78	-0.932251	-0.948120
79	-0.927368	-0.952759
80	-0.935425	-0.959595
81	-0.938721	-0.959839
82	-0.936890	-0.956299
83	-0.933472	-0.955322
84	-0.938354	-0.960205
85	-0.933716	-0.956177
86	-0.925049	-0.952393
87	-0.932739	-0.957153
88	-0.937378	-0.957275
89	-0.932251	-0.952637
90	-0.931152	-0.947144
91	-0.939941	-0.962158
92	-0.934448	-0.956177
93	-0.930420	-0.956299
94	-0.942627	-0.961792
95	-0.937378	-0.960083
96	-0.940674	-0.965210
97	-0.942871	-0.965088
98	-0.934448	-0.953369
99	-0.937256	-0.960327
100	-0.930542	-0.952637
101	-0.934326	-0.954468
102	-0.923706	-0.946167
103	-0.938477	-0.956787
104	-0.934570	-0.958984
105	-0.929932	-0.953247
106	-0.919678	-0.940430
107	-0.938965	-0.954102
108	-0.922241	-0.944580
109	-0.938477	-0.959351
110	-0.944336	-0.963501
111	-0.937744	-0.955688
112	-0.936279	-0.959839
113	-0.938599	-0.958618
114	-0.938965	-0.962769
115	-0.932983	-0.954590
116	-0.935059	-0.955322
117	-0.941406	-0.960938
118	-0.930786	-0.953491
119	-0.929932	-0.954468
120	-0.933472	-0.954834
121	-0.942749	-0.964355
122	-0.927368	-0.952271
123	-0.937134	-0.956055
124	-0.932251	-0.955688
125	-0.935791	-0.959473
126	-0.939453	-0.960327
127	-0.935791	-0.954224
128	-0.926025	-0.945923
129	-0.942383	-0.960205
130	-0.930786	-0.954590
131	-0.935913	-0.957397
132	-0.930420	-0.953857
133	-0.940308	-0.961304
134	-0.931030	-0.953247
135	-0.935547	-0.958374
136	-0.931519	-0.952026
137	-0.929932	-0.954468
138	-0.935059	-0.960205
139	-0.943604	-0.962891
140	-0.937378	-0.958618
141	-0.935181	-0.958130
142	-0.939453	-0.961548
143	-0.937622	-0.963013
144	-0.928589	-0.950073
145	-0.938599	-0.957642
146	-0.936157	-0.956177
147	-0.932373	-0.957153
148	-0.935181	-0.954346
149	-0.936523	-0.956421
150	-0.933228	-0.956665
151	-0.926636	-0.946045
152	-0.937256	-0.957153
153	-0.926514	-0.946533
154	-0.940552	-0.958618
155	-0.941040	-0.960938
156	-0.934326	-0.956543
157	-0.924927	-0.945923
158	-0.939209	-0.960083
159	-0.928345	-0.946289
160	-0.935913	-0.958740
161	-0.944702	-0.964111
162	-0.937012	-0.953125
163	-0.927368	-0.952026
164	-0.931885	-0.954224
165	-0.944824	-0.967163
166	-0.936523	-0.958618
167	-0.933960	-0.958618
168	-0.941162	-0.961426
169	-0.932983	-0.954956
170	-0.932495	-0.955444
171	-0.946655	-0.966919
172	-0.945190	-0.968628
173	-0.930420	-0.951050
174	-0.938232	-0.957397
175	-0.935425	-0.957886
176	-0.939087	-0.960327
177	-0.938965	-0.958740
178	-0.927979	-0.944580
179	-0.935181	-0.960205
180	-0.936890	-0.956177
181	-0.929199	-0.951294
182	-0.932739	-0.955322
183	-0.931519	-0.952393
184	-0.943115	-0.961426
185	-0.935791	-0.955078
186	-0.933838	-0.956543
187	-0.940063	-0.957153
188	-0.936157	-0.958862
189	-0.931274	-0.958008
190	-0.940186	-0.959229
191	-0.938477	-0.956177
192	-0.934204	-0.959106
193	-0.933594	-0.956055
194	-0.934326	-0.960205
195	-0.932007	-0.952026
196	-0.935913	-0.958252
197	-0.944824	-0.965942
198	-0.927246	-0.952637
199	-0.934448	-0.955566
200	-0.940674	-0.962036
201	-0.932251	-0.953369
202	-0.923584	-0.943237
203	-0.938599	-0.955688
204	-0.927246	-0.949097
205	-0.935059	-0.955566
206	-0.938843	-0.954224
207	-0.930542	-0.951660
208	-0.924805	-0.943604
209	-0.932983	-0.952148
210	-0.935791	-0.951172
211	-0.933228	-0.958130
212	-0.937378	-0.960571
213	-0.935913	-0.959717
214	-0.934082	-0.954834
215	-0.932129	-0.956421
216	-0.939087	-0.959961
217	-0.942749	-0.965942
218	-0.935181	-0.957764
219	-0.943970	-0.966797
220	-0.931152	-0.953003
221	-0.933716	-0.955322
222	-0.937744	-0.957031
223	-0.940186	-0.965088
224	-0.933594	-0.953003
225	-0.931519	-0.950562
226	-0.927002	-0.949951
227	-0.938354	-0.960327
228	-0.937622	-0.955078
229	-0.929321	-0.947876
230	-0.936035	-0.959717
231	-0.926514	-0.950073
232	-0.936523	-0.956055
233	-0.933228	-0.953857
234	-0.936279	-0.959473
235	-0.948730	-0.967041
236	-0.940674	-0.958130
237	-0.934326	-0.958984
238	-0.935059	-0.956177
239	-0.928345	-0.949829
240	-0.931274	-0.951050
241	-0.937500	-0.955566
242	-0.942383	-0.961670
243	-0.924805	-0.948853
244	-0.936035	-0.958374
245	-0.939697	-0.960815
246	-0.936279	-0.956421
247	-0.936523	-0.961548
248	-0.944580	-0.965698
249	-0.936401	-0.955933
250	-0.938110	-0.961060
251	-0.943481	-0.963257
252	-0.929688	-0.952393
253	-0.925415	-0.944336
254	-0.935791	-0.950562
255	-0.932007	-0.950684
256	-0.929443	-0.949829
257	-0.937256	-0.952515
258	-0.934814	-0.955566
259	-0.936523	-0.958008
260	-0.935059	-0.957397
261	-0.930908	-0.949463
262	-0.931152	-0.953369
263	-0.936401	-0.956421
264	-0.941406	-0.963257
265	-0.933228	-0.957886
266	-0.928345	-0.950928
267	-0.937744	-0.956299
268	-0.945435	-0.965332
269	-0.933838	-0.956177
270	-0.937744	-0.961548
271	-0.932495	-0.955200
272	-0.936035	-0.957642
273	-0.935425	-0.959595
274	-0.938721	-0.961548
275	-0.934570	-0.957153
276	-0.935669	-0.957031
277	-0.937500	-0.959106
278	-0.928589	-0.954346
279	-0.932373	-0.953491
280	-0.937622	-0.957275
281	-0.937378	-0.960449
282	-0.930298	-0.945557
283	-0.934937	-0.951294
284	-0.925049	-0.946655
285	-0.940430	-0.964478
286	-0.942627	-0.961670
287	-0.940430	-0.958130
288	-0.936401	-0.959839
289	-0.940796	-0.959473
290	-0.931030	-0.954590
291	-0.926025	-0.950562
292	-0.941528	-0.957520
293	-0.944336	-0.964966
294	-0.931641	-0.951416
295	-0.933716	-0.950562
296	-0.933105	-0.956543
297	-0.932739	-0.952393
298	-0.932983	-0.955200
299	-0.941162	-0.961792
300	-0.934448	-0.956421
301	-0.935669	-0.960083
302	-0.940796	-0.954102
303	-0.938477	-0.958862
304	-0.932129	-0.954102
305	-0.936279	-0.956665
306	-0.933472	-0.951538
307	-0.932617	-0.952393
308	-0.940063	-0.956177
309	-0.935303	-0.954224
310	-0.936768	-0.959351
311	-0.926758	-0.948486
312	-0.933472	-0.949829
313	-0.926880	-0.946655
314	-0.940430	-0.962280
315	-0.939087	-0.960083
316	-0.933228	-0.955200
317	-0.927856	-0.946655
318	-0.942383	-0.958374
319	-0.942261	-0.964722
320	-0.934448	-0.956665
321	-0.939087	-0.961914
322	-0.941406	-0.961426
323	-0.937744	-0.958252
324	-0.937256	-0.959595
325	-0.934326	-0.956543
326	-0.938721	-0.962280
327	-0.931396	-0.951538
328	-0.937378	-0.959106
329	-0.935425	-0.957397
330	-0.937744	-0.957886
331	-0.939087	-0.957520
332	-0.940796	-0.963989
333	-0.928467	-0.945923
334	-0.932251	-0.948120
335	-0.927368	-0.952759
336	-0.935425	-0.959595
337	-0.938721	-0.959839
338	-0.936890	-0.956299
339	-0.933472	-0.955322
340	-0.938354	-0.960205
341	-0.933716	-0.956177
342	-0.925049	-0.952393
343	-0.932739	-0.957153
344	-0.937378	-0.957275
345	-0.932251	-0.952637
346	-0.931152	-0.947144
347	-0.939941	-0.962158
348	-0.934448	-0.956177
349	-0.930420	-0.956299
350	-0.942627	-0.961792
351	-0.937378	-0.960083
352	-0.940674	-0.965210
353	-0.942871	-0.965088
354	-0.934448	-0.953369
355	-0.937256	-0.960327
356	-0.930542	-0.952637
357	-0.934326	-0.954468
358	-0.923706	-0.946167
359	-0.938477	-0.956787
360	-0.934570	-0.958984
361	-0.929932	-0.953247
362	-0.919678	-0.940430
363	-0.938965	-0.954102
364	-0.922241	-0.944580
365	-0.938477	-0.959351
366	-0.944336	-0.963501
367	-0.937744	-0.955688
368	-0.936279	-0.959839
369	-0.938599	-0.958618
370	-0.938965	-0.962769
371	-0.932983	-0.954590
372	-0.935059	-0.955322
373	-0.941406	-0.960938
374	-0.930786	-0.953491
375	-0.929932	-0.954468
376	-0.933472	-0.954834
377	-0.942749	-0.964355
378	-0.927368	-0.952271
379	-0.937134	-0.956055
380	-0.932251	-0.955688
381	-0.935791	-0.959473
382	-0.939453	-0.960327
383	-0.935791	-0.954224
384	-0.926025	-0.945923
385	-0.942383	-0.960205
386	-0.930786	-0.954590
387	-0.935913	-0.957397
388	-0.930420	-0.953857
389	-0.940308	-0.961304
390	-0.931030	-0.953247
391	-0.935547	-0.958374
392	-0.931519	-0.952026
393	-0.929932	-0.954468
394	-0.935059	-0.960205
395	-0.943604	-0.962891
396	-0.937378	-0.958618
397	-0.935181	-0.958130
398	-0.939453	-0.961548
399	-0.937622	-0.963013
400	-0.928589	-0.950073
401	-0.938599	-0.957642
402	-0.936157	-0.956177
403	-0.932373	-0.957153
404	-0.935181	-0.954346
405	-0.936523	-0.956421
406	-0.933228	-0.956665
407	-0.926636	-0.946045
408	-0.937256	-0.957153
409	-0.926514	-0.946533
410	-0.940552	-0.958618
411	-0.941040	-0.960938
412	-0.934326	-0.956543
413	-0.924927	-0.945923
414	-0.939209	-0.960083
415	-0.928345	-0.946289
416	-0.935913	-0.958740
417	-0.944702	-0.964111
418	-0.937012	-0.953125
419	-0.927368	-0.952026
420	-0.931885	-0.954224
421	-0.944824	-0.967163
422	-0.936523	-0.958618
423	-0.933960	-0.958618
424	-0.941162	-0.961426
425	-0.932983	-0.954956
426	-0.932495	-0.955444
427	-0.946655	-0.966919
428	-0.945190	-0.968628
429	-0.930420	-0.951050
430	-0.938232	-0.957397
431	-0.935425	-0.957886
432	-0.939087	-0.960327
433	-0.938965	-0.958740
434	-0.927979	-0.944580
435	-0.935181	-0.960205
436	-0.936890	-0.956177
437	-0.929199	-0.951294
438	-0.932739	-0.955322
439	-0.931519	-0.952393
440	-0.943115	-0.961426
441	-0.935791	-0.955078
442	-0.933838	-0.956543
443	-0.940063	-0.957153
444	-0.936157	-0.958862
445	-0.931274	-0.958008
446	-0.940186	-0.959229
447	-0.938477	-0.956177
448	-0.934204	-0.959106
449	-0.933594	-0.956055
450	-0.934326	-0.960205
451	-0.932007	-0.952026
452	-0.935913	-0.958252
453	-0.944824	-0.965942
454	-0.927246	-0.952637
455	-0.934448	-0.955566
456	-0.940674	-0.962036
457	-0.932251	-0.953369
458	-0.923584	-0.943237
459	-0.938599	-0.955688
460	-0.927246	-0.949097
461	-0.935059	-0.955566
462	-0.938843	-0.954224
463	-0.930542	-0.951660
464	-0.924805	-0.943604
465	-0.932983	-0.952148
466	-0.935791	-0.951172
467	-0.933228	-0.958130
468	-0.937378	-0.960571
469	-0.935913	-0.959717
470	-0.934082	-0.954834
471	-0.932129	-0.956421
472	-0.939087	-0.959961
473	-0.942749	-0.965942
474	-0.935181	-0.957764
475	-0.943970	-0.966797
476	-0.931152	-0.953003
477	-0.933716	-0.955322
478	-0.937744	-0.957031
479	-0.940186	-0.965088
480	-0.933594	-0.953003
481	-0.931519	-0.950562
482	-0.927002	-0.949951
483	-0.938354	-0.960327
484	-0.937622	-0.955078
485	-0.929321	-0.947876
486	-0.936035	-0.959717
487	-0.926514	-0.950073
488	-0.936523	-0.956055
489	-0.933228	-0.953857
490	-0.936279	-0.959473
491	-0.948730	-0.967041
492	-0.940674	-0.958130
493	-0.934326	-0.958984
494	-0.935059	-0.956177
495	-0.928345	-0.949829
496	-0.931274	-0.951050
497	-0.937500	-0.955566
498	-0.942383	-0.961670
499	-0.924805	-0.948853
500	-0.936035	-0.958374
501	-0.939697	-0.960815
502	-0.936279	-0.956421
503	-0.936523	-0.961548
504	-0.944580	-0.965698
505	-0.936401	-0.955933
506	-0.938110	-0.961060
507	-0.943481	-0.963257
508	-0.929688	-0.952393
509	-0.925415	-0.944336
510	-0.935791	-0.950562
511	-0.932007	-0.950684
512	-0.929443	-0.949829
513	-0.937256	-0.952515
514	-0.934814	-0.955566
515	-0.936523	-0.958008
516	-0.935059	-0.957397
517	-0.930908	-0.949463
518	-0.931152	-0.953369
519	-0.936401	-0.956421
520	-0.941406	-0.963257
521	-0.933228	-0.957886
522	-0.928345	-0.950928
523	-0.937744	-0.956299
524	-0.945435	-0.965332
525	-0.933838	-0.956177
526	-0.937744	-0.961548
527	-0.932495	-0.955200
528	-0.936035	-0.957642
529	-0.935425	-0.959595
530	-0.938721	-0.961548
531	-0.934570	-0.957153
532	-0.935669	-0.957031
533	-0.937500	-0.959106
534	-0.928589	-0.954346
535	-0.932373	-0.953491
536	-0.937622	-0.957275
537	-0.937378	-0.960449
538	-0.930298	-0.945557
539	-0.934937	-0.951294
540	-0.925049	-0.946655
541	-0.940430	-0.964478
542	-0.942627	-0.961670
543	-0.940430	-0.958130
544	-0.936401	-0.959839
545	-0.940796	-0.959473
546	-0.931030	-0.954590
547	-0.926025	-0.950562
548	-0.941528	-0.957520
549	-0.944336	-0.964966
550	-0.931641	-0.951416
551	-0.933716	-0.950562
552	-0.933105	-0.956543
553	-0.932739	-0.952393
554	-0.932983	-0.955200
555	-0.941162	-0.961792
556	-0.934448	-0.956421
557	-0.935669	-0.960083
558	-0.940796	-0.954102
559	-0.938477	-0.958862
560	-0.932129	-0.954102
561	-0.936279	-0.956665
562	-0.933472	-0.951538
563	-0.932617	-0.952393
564	-0.940063	-0.956177
565	-0.935303	-0.954224
566	-0.936768	-0.959351
567	-0.926758	-0.948486
568	-0.933472	-0.949829
569	-0.926880	-0.946655
570	-0.940430	-0.962280
571	-0.939087	-0.960083
572	-0.933228	-0.955200
573	-0.927856	-0.946655
574	-0.942383	-0.958374
575	-0.942261	-0.964722
576	-0.934448	-0.956665
577	-0.939087	-0.961914
578	-0.941406	-0.961426
579	-0.937744	-0.958252
580	-0.937256	-0.959595
581	-0.934326	-0.956543
582	-0.938721	-0.962280
583	-0.931396	-0.951538
584	-0.937378	-0.959106
585	-0.935425	-0.957397
586	-0.937744	-0.957886
587	-0.939087	-0.957520
588	-0.940796	-0.963989
589	-0.928467	-0.945923
590	-0.932251	-0.948120
591	-0.927368	-0.952759
592	-0.935425	-0.959595
593	-0.938721	-0.959839
594	-0.936890	-0.956299
595	-0.933472	-0.955322
596	-0.938354	-0.960205
597	-0.933716	-0.956177
598	-0.925049	-0.952393
599	-0.932739	-0.957153
600	-0.937378	-0.957275
601	-0.932251	-0.952637
602	-0.931152	-0.947144
603	-0.939941	-0.962158
604	-0.934448	-0.956177
605	-0.930420	-0.956299
606	-0.942627	-0.961792
607	-0.937378	-0.960083
608	-0.940674	-0.965210
609	-0.942871	-0.965088
610	-0.934448	-0.953369
611	-0.937256	-0.960327
612	-0.930542	-0.952637
613	-0.934326	-0.954468
614	-0.923706	-0.946167
615	-0.938477	-0.956787
616	-0.934570	-0.958984
617	-0.929932	-0.953247
618	-0.919678	-0.940430
619	-0.938965	-0.954102
620	-0.922241	-0.944580
621	-0.938477	-0.959351
622	-0.944336	-0.963501
623	-0.937744	-0.955688
624	-0.936279	-0.959839
625	-0.938599	-0.958618
626	-0.938965	-0.962769
627	-0.932983	-0.954590
628	-0.935059	-0.955322
629	-0.941406	-0.960938
630	-0.930786	-0.953491
631	-0.929932	-0.954468
632	-0.933472	-0.954834
633	-0.942749	-0.964355
634	-0.927368	-0.952271
635	-0.937134	-0.956055
636	-0.932251	-0.955688
637	-0.935791	-0.959473
638	-0.939453	-0.960327
639	-0.935791	-0.954224
640	-0.926025	-0.945923
641	-0.942383	-0.960205
642	-0.930786	-0.954590
643	-0.935913	-0.957397
644	-0.930420	-0.953857
645	-0.940308	-0.961304
646	-0.931030	-0.953247
647	-0.935547	-0.958374
648	-0.931519	-0.952026
649	-0.929932	-0.954468
650	-0.935059	-0.960205
651	-0.943604	-0.962891
652	-0.937378	-0.958618
653	-0.935181	-0.958130
654	-0.939453	-0.961548
655	-0.937622	-0.963013
656	-0.928589	-0.950073
657	-0.938599	-0.957642
658	-0.936157	-0.956177
659	-0.932373	-0.957153
660	-0.935181	-0.954346
661	-0.936523	-0.956421
662	-0.933228	-0.956665
663	-0.926636	-0.946045
664	-0.937256	-0.957153
665	-0.926514	-0.946533
666	-0.940552	-0.958618
667	-0.941040	-0.960938
668	-0.934326	-0.956543
669	-0.924927	-0.945923
670	-0.939209	-0.960083
671	-0.928345	-0.946289
672	-0.935913	-0.958740
673	-0.944702	-0.964111
674	-0.937012	-0.953125
675	-0.927368	-0.952026
676	-0.931885	-0.954224
677	-0.944824	-0.967163
678	-0.936523	-0.958618
679	-0.933960	-0.958618
680	-0.941162	-0.961426
681	-0.932983	-0.954956
682	-0.932495	-0.955444
683	-0.946655	-0.966919
684	-0.945190	-0.968628
685	-0.930420	-0.951050
686	-0.938232	-0.957397
687	-0.935425	-0.957886
688	-0.939087	-0.960327
689	-0.938965	-0.958740
690	-0.927979	-0.944580
691	-0.935181	-0.960205
692	-0.936890	-0.956177
693	-0.929199	-0.951294
694	-0.932739	-0.955322
695	-0.931519	-0.952393
696	-0.943115	-0.961426
697	-0.935791	-0.955078
698	-0.933838	-0.956543
699	-0.940063	-0.957153
700	-0.936157	-0.958862
701	-0.931274	-0.958008
702	-0.940186	-0.959229
703	-0.938477	-0.956177
704	-0.934204	-0.959106
705	-0.933594	-0.956055
706	-0.934326	-0.960205
707	-0.932007	-0.952026
708	-0.935913	-0.958252
709	-0.944824	-0.965942
710	-0.927246	-0.952637
711	-0.934448	-0.955566
712	-0.940674	-0.962036
713	-0.932251	-0.953369
714	-0.923584	-0.943237
715	-0.938599	-0.955688
716	-0.927246	-0.949097
717	-0.935059	-0.955566
718	-0.938843	-0.954224
719	-0.930542	-0.951660
720	-0.924805	-0.943604
721	-0.932983	-0.952148
722	-0.935791	-0.951172
723	-0.933228	-0.958130
724	-0.937378	-0.960571
725	-0.935913	-0.959717
726	-0.934082	-0.954834
727	-0.932129	-0.956421
728	-0.939087	-0.959961
729	-0.942749	-0.965942
730	-0.935181	-0.957764
731	-0.943970	-0.966797
732	-0.931152	-0.953003
733	-0.933716	-0.955322
734	-0.937744	-0.957031
735	-0.940186	-0.965088
736	-0.933594	-0.953003
737	-0.931519	-0.950562
738	-0.927002	-0.949951
739	-0.938354	-0.960327
740	-0.937622	-0.955078
741	-0.929321	-0.947876
742	-0.936035	-0.959717
743	-0.926514	-0.950073
744	-0.936523	-0.956055
745	-0.933228	-0.953857
746	-0.936279	-0.959473
747	-0.948730	-0.967041
748	-0.940674	-0.958130
749	-0.934326	-0.958984
750	-0.935059	-0.956177
751	-0.928345	-0.949829
752	-0.931274	-0.951050
753	-0.937500	-0.955566
754	-0.942383	-0.961670
755	-0.924805	-0.948853
756	-0.936035	-0.958374
757	-0.939697	-0.960815
758	-0.936279	-0.956421
759	-0.936523	-0.961548
760	-0.944580	-0.965698
761	-0.936401	-0.955933
762	-0.938110	-0.961060
763	-0.943481	-0.963257
764	-0.929688	-0.952393
765	-0.925415	-0.944336
766	-0.935791	-0.950562
767	-0.932007	-0.950684
768	-0.929443	-0.949829
769	-0.937256	-0.952515
770	-0.934814	-0.955566
771	-0.936523	-0.958008
772	-0.935059	-0.957397
773	-0.930908	-0.949463
774	-0.931152	-0.953369
775	-0.936401	-0.956421
776	-0.941406	-0.963257
777	-0.933228	-0.957886
778	-0.928345	-0.950928
779	-0.937744	-0.956299
780	-0.945435	-0.965332
781	-0.933838	-0.956177
782	-0.937744	-0.961548
783	-0.932495	-0.955200
784	-0.936035	-0.957642
785	-0.935425	-0.959595
786	-0.938721	-0.961548
787	-0.934570	-0.957153
788	-0.935669	-0.957031
789	-0.937500	-0.959106
790	-0.928589	-0.954346
791	-0.932373	-0.953491
792	-0.937622	-0.957275
793	-0.937378	-0.960449
794	-0.930298	-0.945557
795	-0.934937	-0.951294
796	-0.925049	-0.946655
797	-0.940430	-0.964478
798	-0.942627	-0.961670
799	-0.940430	-0.958130
800	-0.936401	-0.959839
801	-0.940796	-0.959473
802	-0.931030	-0.954590
803	-0.926025	-0.950562
804	-0.941528	-0.957520
805	-0.944336	-0.964966
806	-0.931641	-0.951416
807	-0.933716	-0.950562
808	-0.933105	-0.956543
809	-0.932739	-0.952393
810	-0.932983	-0.955200
811	-0.941162	-0.961792
812	-0.934448	-0.956421
813	-0.935669	-0.960083
814	-0.940796	-0.954102
815	-0.938477	-0.958862
816	-0.932129	-0.954102
817	-0.936279	-0.956665
818	-0.933472	-0.951538
819	-0.932617	-0.952393
820	-0.940063	-0.956177
821	-0.935303	-0.954224
822	-0.936768	-0.959351
823	-0.926758	-0.948486
824	-0.933472	-0.949829
825	-0.926880	-0.946655
826	-0.940430	-0.962280
827	-0.939087	-0.960083
828	-0.933228	-0.955200
829	-0.927856	-0.946655
830	-0.942383	-0.958374
831	-0.942261	-0.964722
832	-0.934448	-0.956665
833	-0.939087	-0.961914
834	-0.941406	-0.961426
835	-0.937744	-0.958252
836	-0.937256	-0.959595
837	-0.934326	-0.956543
838	-0.938721	-0.962280
839	-0.931396	-0.951538
840	-0.937378	-0.959106
841	-0.935425	-0.957397
842	-0.937744	-0.957886
843	-0.939087	-0.957520
844	-0.940796	-0.963989
845	-0.928467	-0.945923
846	-0.932251	-0.948120
847	-0.927368	-0.952759
848	-0.935425	-0.959595
849	-0.938721	-0.959839
850	-0.936890	-0.956299
851	-0.933472	-0.955322
852	-0.938354	-0.960205
853	-0.933716	-0.956177
854	-0.925049	-0.952393
855	-0.932739	-0.957153
856	-0.937378	-0.957275
857	-0.932251	-0.952637
858	-0.931152	-0.947144
859	-0.939941	-0.962158
860	-0.934448	-0.956177
861	-0.930420	-0.956299
862	-0.942627	-0.961792
863	-0.937378	-0.960083
864	-0.940674	-0.965210
865	-0.942871	-0.965088
866	-0.934448	-0.953369
867	-0.937256	-0.960327
868	-0.930542	-0.952637
869	-0.934326	-0.954468
870	-0.923706	-0.946167
871	-0.938477	-0.956787
872	-0.934570	-0.958984
873	-0.929932	-0.953247
874	-0.919678	-0.940430
875	-0.938965	-0.954102
876	-0.922241	-0.944580
877	-0.938477	-0.959351
878	-0.944336	-0.963501
879	-0.937744	-0.955688
880	-0.936279	-0.959839
881	-0.938599	-0.958618
882	-0.938965	-0.962769
883	-0.932983	-0.954590
884	-0.935059	-0.955322
885	-0.941406	-0.960938
886	-0.930786	-0.953491
887	-0.929932	-0.954468
888	-0.933472	-0.954834
889	-0.942749	-0.964355
890	-0.927368	-0.952271
891	-0.937134	-0.956055
892	-0.932251	-0.955688
893	-0.935791	-0.959473
894	-0.939453	-0.960327
895	-0.935791	-0.954224
896	-0.926025	-0.945923
897	-0.942383	-0.960205
898	-0.930786	-0.954590
899	-0.935913	-0.957397
900	-0.930420	-0.953857
901	-0.940308	-0.961304
902	-0.931030	-0.953247
903	-0.935547	-0.958374
904	-0.931519	-0.952026
905	-0.929932	-0.954468
906	-0.935059	-0.960205
907	-0.943604	-0.962891
908	-0.937378	-0.958618
909	-0.935181	-0.958130
910	-0.939453	-0.961548
911	-0.937622	-0.963013
912	-0.928589	-0.950073
913	-0.938599	-0.957642
914	-0.936157	-0.956177
915	-0.932373	-0.957153
916	-0.935181	-0.954346
917	-0.936523	-0.956421
918	-0.933228	-0.956665
919	-0.926636	-0.946045
920	-0.937256	-0.957153
921	-0.926514	-0.946533
922	-0.940552	-0.958618
923	-0.941040	-0.960938
924	-0.934326	-0.956543
925	-0.924927	-0.945923
926	-0.939209	-0.960083
927	-0.928345	-0.946289
928	-0.935913	-0.958740
929	-0.944702	-0.964111
930	-0.937012	-0.953125
931	-0.927368	-0.952026
932	-0.931885	-0.954224
933	-0.944824	-0.967163
934	-0.936523	-0.958618
935	-0.933960	-0.958618
936	-0.941162	-0.961426
937	-0.932983	-0.954956
938	-0.932495	-0.955444
939	-0.946655	-0.966919
940	-0.945190	-0.968628
941	-0.930420	-0.951050
942	-0.938232	-0.957397
943	-0.935425	-0.957886
944	-0.939087	-0.960327
945	-0.938965	-0.958740
946	-0.927979	-0.944580
947	-0.935181	-0.960205
948	-0.936890	-0.956177
949	-0.929199	-0.951294
950	-0.932739	-0.955322
951	-0.931519	-0.952393
952	-0.943115	-0.961426
953	-0.935791	-0.955078
954	-0.933838	-0.956543
955	-0.940063	-0.957153
956	-0.936157	-0.958862
957	-0.931274	-0.958008
958	-0.940186	-0.959229
959	-0.938477	-0.956177
960	-0.934204	-0.959106
961	-0.933594	-0.956055
962	-0.934326	-0.960205
963	-0.932007	-0.952026
964	-0.935913	-0.958252
965	-0.944824	-0.965942
966	-0.927246	-0.952637
967	-0.934448	-0.955566
968	-0.940674	-0.962036
969	-0.932251	-0.953369
970	-0.923584	-0.943237
971	-0.938599	-0.955688
972	-0.927246	-0.949097
973	-0.935059	-0.955566
974	-0.938843	-0.954224
975	-0.930542	-0.951660
976	-0.924805	-0.943604
977	-0.932983	-0.952148
978	-0.935791	-0.951172
979	-0.933228	-0.958130
980	-0.937378	-0.960571
981	-0.935913	-0.959717
982	-0.934082	-0.954834
983	-0.932129	-0.956421
984	-0.939087	-0.959961
985	-0.942749	-0.965942
986	-0.935181	-0.957764
987	-0.943970	-0.966797
988	-0.931152	-0.953003
989	-0.933716	-0.955322
990	-0.937744	-0.957031
991	-0.940186	-0.965088
992	-0.933594	-0.953003
993	-0.931519	-0.950562
994	-0.927002	-0.949951
995	-0.938354	-0.960327
996	-0.937622	-0.955078
997	-0.929321	-0.947876
998	-0.936035	-0.959717
999	-0.926514	-0.950073
