0	-0.250854	0.012451
1	-0.243530	0.002686
2	-0.236816	0.000000
3	-0.246338	0.013306
4	-0.241333	0.006226
5	-0.238281	-0.017944
6	-0.242554	0.005615
7	-0.243042	0.006104
8	-0.239014	-0.005615
9	-0.234497	-0.016113
10	-0.253662	-0.003296
11	-0.239502	0.026367
12	-0.233032	0.022583
13	-0.239014	0.010986
14	-0.235352	-0.004150
15	-0.246826	0.001587
16	-0.251465	0.016235
17	-0.256348	-0.022827
18	-0.245361	0.014771
19	-0.243286	0.022461
20	-0.233032	-0.008789
21	-0.239380	0.014648
22	-0.243774	-0.014282
23	-0.239868	-0.008545
24	-0.237671	0.003662
25	-0.246704	0.002930
26	-0.246338	0.024780
27	-0.237305	0.008667
28	-0.242920	-0.005005
29	-0.241089	-0.003906
30	-0.249268	0.002686
31	-0.245605	0.004028
32	-0.246216	0.013672
33	-0.231934	0.020874
34	-0.250610	-0.023926
35	-0.245850	0.018066
36	-0.239136	0.003784
37	-0.231201	-0.008667
38	-0.236816	-0.056030
39	-0.236572	-0.011108
40	-0.239502	0.006226
41	-0.248657	-0.004639
42	-0.255127	0.020752
43	-0.242676	0.003906
44	-0.239624	0.009766
45	-0.242676	0.020386
46	-0.239868	0.035278
47	-0.242798	-0.011108
48	-0.249756	-0.000488
49	-0.246460	-0.026245
50	-0.245972	-0.031250
51	-0.246948	0.024170
52	-0.235229	0.027832
53	-0.238159	-0.018433
54	-0.252197	0.007568
55	-0.244507	-0.013428
56	-0.245972	-0.002319
57	-0.250977	-0.022583
58	-0.250488	-0.004517
59	-0.244873	0.008423
60	-0.238159	0.007690
61	-0.243408	0.010254
62	-0.244263	-0.005737
63	-0.254395	0.026367
64	-0.235596	0.006348
65	-0.234497	0.025269
66	-0.234985	-0.011230
67	-0.242676	-0.012817
68	-0.232056	0.010254
69	-0.240967	-0.003540
70	-0.252563	0.013062
71	-0.240112	-0.009644
72	-0.243408	-0.013916
73	-0.242310	0.003296
74	-0.244507	-0.016602
75	-0.252075	-0.014282
76	-0.235962	0.015259
77	-0.242310	0.010376
78	-0.243164	-0.015503
79	-0.242065	-0.020142
80	-0.236938	0.004028
81	-0.242065	-0.004028
82	-0.241455	-0.002441
83	-0.256714	-0.007813
84	-0.234863	0.015869
85	-0.242310	0.001343
86	-0.239014	0.007935
87	-0.236816	-0.026611
88	-0.234253	0.015137
89	-0.246460	0.014771
90	-0.242310	0.012207
91	-0.239014	0.025635
92	-0.242432	0.046387
93	-0.233521	0.014282
94	-0.243896	-0.011230
95	-0.243652	-0.034546
96	-0.249268	0.007080
97	-0.234985	0.018677
98	-0.247681	-0.013428
99	-0.244995	-0.035889
100	-0.243286	-0.021729
101	-0.253296	-0.012573
102	-0.251221	0.015259
103	-0.240479	0.011597
104	-0.249512	0.005859
105	-0.239868	-0.032349
106	-0.246338	-0.022217
107	-0.246094	0.004272
108	-0.244141	-0.015503
109	-0.238037	0.003662
110	-0.252808	0.010620
111	-0.248901	0.016968
112	-0.237183	0.009155
113	-0.242310	0.010742
114	-0.246460	0.012207
115	-0.243042	0.005493
116	-0.232422	-0.020264
117	-0.250122	0.011841
118	-0.239990	-0.009155
119	-0.235107	0.005127
120	-0.243164	-0.002197
121	-0.249512	0.013184
122	-0.241455	0.026978
123	-0.240723	-0.035645
124	-0.259399	0.004517
125	-0.258301	-0.005127
126	-0.249146	0.025146
127	-0.237549	0.009888
128	-0.236206	-0.019043
129	-0.243896	0.011230
130	-0.252686	-0.024780
131	-0.237915	-0.005249
132	-0.237549	0.022095
133	-0.237183	0.002441
134	-0.235229	-0.023438
135	-0.243164	0.014893
136	-0.239136	-0.010498
137	-0.250610	-0.011108
138	-0.247803	-0.004150
139	-0.245605	-0.017578
140	-0.237305	0.015747
141	-0.235107	0.017334
142	-0.250732	0.019897
143	-0.246704	0.004883
144	-0.241333	0.010864
145	-0.242676	0.027954
146	-0.248657	-0.008667
147	-0.237427	-0.020630
148	-0.251221	0.007202
149	-0.239258	-0.001709
150	-0.237061	0.010620
151	-0.243408	0.007080
152	-0.252197	0.019653
153	-0.248657	0.006470
154	-0.246826	0.012207
155	-0.250610	-0.017822
156	-0.237549	0.023315
157	-0.260010	0.014404
158	-0.220337	-0.007813
159	-0.238159	0.000610
160	-0.251587	0.003784
161	-0.245850	0.014282
162	-0.242798	-0.008789
163	-0.239136	0.032837
164	-0.237061	-0.015503
165	-0.247437	-0.002930
166	-0.252563	0.021606
167	-0.237915	0.000732
168	-0.240112	0.014404
169	-0.236938	0.010376
170	-0.248779	0.004150
171	-0.248169	0.011597
172	-0.242554	-0.017944
173	-0.245483	-0.008911
174	-0.256348	0.003052
175	-0.242798	0.016724
176	-0.245728	0.001099
177	-0.247070	0.012329
178	-0.238647	-0.020996
179	-0.237793	0.009888
180	-0.244141	-0.005005
181	-0.244263	-0.053345
182	-0.239014	-0.022217
183	-0.254150	-0.015015
184	-0.244873	-0.014160
185	-0.242432	-0.019409
186	-0.245605	-0.016602
187	-0.236938	-0.020508
188	-0.246338	0.000732
189	-0.246704	0.009644
190	-0.247070	0.001343
191	-0.233765	0.008301
192	-0.240234	0.010132
193	-0.241333	0.030884
194	-0.253418	0.004028
195	-0.245850	-0.006104
196	-0.236572	-0.019897
197	-0.253052	-0.000244
198	-0.248779	0.024902
199	-0.237793	-0.014893
200	-0.237183	0.004883
201	-0.233398	-0.006958
202	-0.247681	0.019165
203	-0.242676	-0.000732
204	-0.243286	-0.001709
205	-0.247314	0.005737
206	-0.244263	-0.012695
207	-0.232544	0.000244
208	-0.245605	-0.006592
209	-0.242554	0.006714
210	-0.247559	-0.000854
211	-0.247925	0.009155
212	-0.244263	-0.005981
213	-0.243774	-0.004761
214	-0.245117	-0.002930
215	-0.241943	-0.015259
216	-0.249634	-0.006470
217	-0.246094	0.035522
218	-0.237305	0.010254
219	-0.244507	-0.014771
220	-0.246460	-0.017700
221	-0.234009	-0.014282
222	-0.246704	0.012939
223	-0.240601	0.013672
224	-0.247925	0.009277
225	-0.244995	-0.015381
226	-0.230957	0.020874
227	-0.254272	0.000366
228	-0.243408	-0.011475
229	-0.238159	0.018555
230	-0.250854	-0.000366
231	-0.255981	-0.027588
232	-0.243408	0.016602
233	-0.235718	-0.004883
234	-0.240479	0.032471
235	-0.238525	-0.002075
236	-0.233032	0.002075
237	-0.251221	0.005981
238	-0.236694	-0.006592
239	-0.245972	0.028198
240	-0.234619	0.008423
241	-0.252808	0.008057
242	-0.223755	0.018311
243	-0.238525	0.015381
244	-0.249023	-0.028931
245	-0.234375	0.004150
246	-0.242188	0.008423
247	-0.244385	0.003662
248	-0.231689	0.015381
249	-0.236938	0.001587
250	-0.245483	-0.026855
251	-0.233398	-0.017944
252	-0.249878	-0.006958
253	-0.247314	-0.027588
254	-0.245972	0.023193
255	-0.239380	-0.018677
256	-0.247314	-0.014771
257	-0.251709	0.004272
258	-0.235840	0.000122
259	-0.250610	-0.001343
260	-0.246094	-0.016357
261	-0.245361	-0.013306
262	-0.240967	-0.004883
263	-0.239868	-0.000854
264	-0.232300	0.029663
265	-0.247070	-0.007324
266	-0.239990	0.017212
267	-0.240723	-0.005005
268	-0.235596	0.002075
269	-0.238403	0.008179
270	-0.242920	-0.004517
271	-0.247070	-0.019043
272	-0.233765	-0.020020
273	-0.227417	-0.007202
274	-0.242065	-0.005005
275	-0.239746	-0.004883
276	-0.253174	-0.001709
277	-0.244507	0.010620
278	-0.244995	-0.019043
279	-0.256104	0.017456
280	-0.231812	0.005005
281	-0.237427	-0.006470
282	-0.244629	-0.022461
283	-0.238647	0.008911
284	-0.234985	-0.005737
285	-0.252319	-0.023560
286	-0.244629	-0.002563
287	-0.248413	-0.004028
288	-0.245972	0.011597
289	-0.243774	-0.036011
290	-0.245728	0.024414
291	-0.237793	0.007446
292	-0.242310	-0.015747
293	-0.249512	0.001099
294	-0.245239	-0.010132
295	-0.240845	-0.002930
296	-0.238037	-0.000732
297	-0.244263	-0.002563
298	-0.235596	0.006104
299	-0.236450	0.031982
300	-0.243408	-0.007202
301	-0.244507	0.010498
302	-0.241699	0.012573
303	-0.234741	-0.014893
304	-0.250000	0.000244
305	-0.247925	-0.010986
306	-0.235474	-0.028564
307	-0.240967	0.022827
308	-0.234009	-0.016479
309	-0.236328	-0.015991
310	-0.246338	-0.010376
311	-0.248291	0.014160
312	-0.241333	-0.016235
313	-0.245605	0.024414
314	-0.241455	0.023926
315	-0.247437	-0.007202
316	-0.251343	-0.023926
317	-0.249512	0.030396
318	-0.240112	-0.007202
319	-0.245850	-0.002808
320	-0.244995	-0.044800
321	-0.235718	0.005005
322	-0.236450	-0.007935
323	-0.235596	-0.013550
324	-0.241577	0.003174
325	-0.236084	-0.029541
326	-0.250854	0.018188
327	-0.234741	0.027832
328	-0.241089	-0.004028
329	-0.263550	-0.000122
330	-0.233765	0.021118
331	-0.244995	-0.024292
332	-0.250122	0.031250
333	-0.226196	0.030273
334	-0.233521	0.015015
335	-0.234375	-0.002808
336	-0.239136	-0.000732
337	-0.244385	-0.011597
338	-0.252197	-0.006470
339	-0.245483	-0.039917
340	-0.239502	-0.005737
341	-0.239746	-0.017090
342	-0.250000	-0.002686
343	-0.231323	-0.008423
344	-0.236938	-0.007568
345	-0.241089	0.029785
346	-0.233643	-0.002686
347	-0.245850	-0.009399
348	-0.233643	-0.010864
349	-0.231323	0.003296
350	-0.239624	-0.014038
351	-0.236328	0.010986
352	-0.236938	-0.012939
353	-0.251709	-0.004150
354	-0.246704	-0.006958
355	-0.260254	0.002930
356	-0.227905	-0.019043
357	-0.235229	-0.023560
358	-0.258911	0.013794
359	-0.239624	0.015747
360	-0.243896	0.002686
361	-0.239136	0.000854
362	-0.249878	0.007080
363	-0.236206	-0.020874
364	-0.243652	-0.007446
365	-0.239502	-0.023804
366	-0.252319	-0.038818
367	-0.245361	-0.025879
368	-0.251221	0.008667
369	-0.235840	0.000366
370	-0.239990	-0.012573
371	-0.250366	0.011108
372	-0.235107	-0.006592
373	-0.233643	0.006348
374	-0.247925	0.023926
375	-0.243164	0.004639
376	-0.249512	0.005371
377	-0.246704	0.033447
378	-0.229980	0.016113
379	-0.237305	-0.020874
380	-0.250854	0.030396
381	-0.245239	0.017456
382	-0.236572	0.046387
383	-0.241333	0.028198
384	-0.239380	-0.018799
385	-0.243164	-0.007568
386	-0.239868	0.052490
387	-0.244263	0.018921
388	-0.242798	-0.003296
389	-0.251709	0.022461
390	-0.242798	-0.017578
391	-0.231079	-0.017578
392	-0.250000	-0.011353
393	-0.237305	0.000122
394	-0.248047	-0.022705
395	-0.249756	-0.017090
396	-0.252808	0.005005
397	-0.245483	-0.011841
398	-0.254883	-0.011108
399	-0.230469	-0.004028
400	-0.260010	-0.022705
401	-0.245117	0.020996
402	-0.252075	-0.007813
403	-0.238770	-0.000488
404	-0.252441	0.005981
405	-0.248291	0.013916
406	-0.241333	-0.000244
407	-0.241333	0.007324
408	-0.253174	0.015015
409	-0.239624	-0.014771
410	-0.255005	-0.000244
411	-0.238525	0.013184
412	-0.236694	-0.025757
413	-0.231079	-0.013672
414	-0.234009	-0.006958
415	-0.244263	-0.000854
416	-0.247070	0.019287
417	-0.244385	-0.013184
418	-0.249878	-0.013916
419	-0.228760	-0.003174
420	-0.244263	-0.045288
421	-0.245850	-0.012573
422	-0.240601	-0.011230
423	-0.238647	0.008911
424	-0.247803	-0.002441
425	-0.247437	-0.018188
426	-0.241211	-0.001831
427	-0.248901	-0.030151
428	-0.243530	-0.013550
429	-0.243286	-0.019043
430	-0.249023	0.025024
431	-0.249023	0.002563
432	-0.249756	-0.000366
433	-0.247559	-0.010864
434	-0.250977	-0.028076
435	-0.237915	0.028809
436	-0.242554	0.002808
437	-0.236572	0.003906
438	-0.241211	0.001953
439	-0.248657	-0.011475
440	-0.240112	0.001465
441	-0.231689	-0.023071
442	-0.238037	-0.003784
443	-0.249756	-0.020386
444	-0.237671	0.008911
445	-0.250122	-0.004761
446	-0.258057	-0.011597
447	-0.234863	0.031860
448	-0.237427	0.003784
449	-0.234497	-0.006226
450	-0.234985	0.012817
451	-0.249390	0.024658
452	-0.242432	0.018799
453	-0.242432	0.015381
454	-0.244751	-0.033569
455	-0.241333	0.002563
456	-0.251587	-0.008911
457	-0.249878	0.001099
458	-0.250854	0.029053
459	-0.242676	0.007935
460	-0.239868	0.019531
461	-0.239502	0.006592
462	-0.246948	0.026733
463	-0.238403	-0.046021
464	-0.246460	-0.008911
465	-0.245728	0.010010
466	-0.239258	0.007080
467	-0.248291	-0.008179
468	-0.246826	-0.025635
469	-0.246216	-0.011108
470	-0.244629	0.000366
471	-0.238770	0.005859
472	-0.237549	-0.027588
473	-0.241699	-0.003174
474	-0.243774	-0.006348
475	-0.237427	-0.008301
476	-0.241455	-0.010864
477	-0.242432	0.009644
478	-0.242188	0.018921
479	-0.244385	0.014160
480	-0.248413	-0.025391
481	-0.258301	0.034302
482	-0.247070	0.020508
483	-0.247070	0.003174
484	-0.244873	0.011230
485	-0.234375	0.020142
486	-0.243164	0.027832
487	-0.248901	0.001465
488	-0.237549	0.006958
489	-0.252319	0.009033
490	-0.250610	-0.010132
491	-0.235107	0.026367
492	-0.248779	0.005737
493	-0.239380	-0.011719
494	-0.244995	0.017212
495	-0.245239	0.023071
496	-0.244141	-0.031616
497	-0.256226	0.007324
498	-0.231445	-0.007202
499	-0.231323	-0.018066
500	-0.242310	-0.008789
501	-0.237061	0.005127
502	-0.244019	0.024902
503	-0.242065	-0.000366
504	-0.223999	-0.012573
505	-0.237549	0.002075
506	-0.245605	0.010864
507	-0.242188	0.018188
508	-0.240479	0.006104
509	-0.236206	0.001709
510	-0.249146	-0.001465
511	-0.240356	0.027100
512	-0.247559	-0.004639
513	-0.237183	0.003784
514	-0.235962	-0.008179
515	-0.242554	0.000854
516	-0.246094	-0.027222
517	-0.247681	-0.007690
518	-0.236328	0.000610
519	-0.249023	0.001831
520	-0.251587	0.001953
521	-0.254517	-0.014526
522	-0.233398	0.016357
523	-0.236450	0.010864
524	-0.252441	-0.000244
525	-0.237183	0.006348
526	-0.226318	0.013916
527	-0.243652	-0.017822
528	-0.242920	-0.015991
529	-0.249756	0.006348
530	-0.248169	-0.002808
531	-0.255249	-0.017700
532	-0.245728	-0.012329
533	-0.236938	0.005371
534	-0.235840	0.012207
535	-0.250122	-0.002441
536	-0.235107	-0.010254
537	-0.241333	-0.004150
538	-0.232666	0.001709
539	-0.237915	0.008911
540	-0.246948	-0.020020
541	-0.239868	0.014648
542	-0.243774	-0.030762
543	-0.248779	-0.009521
544	-0.251587	-0.020630
545	-0.233887	-0.006470
546	-0.241211	0.016602
547	-0.252075	0.015991
548	-0.236938	0.012085
549	-0.248779	0.012695
550	-0.253784	0.002197
551	-0.236206	-0.000854
552	-0.235474	0.034790
553	-0.248535	0.010132
554	-0.235840	0.015381
555	-0.237549	-0.014160
556	-0.238037	0.005859
557	-0.253052	0.005005
558	-0.236938	0.004517
559	-0.248047	0.005371
560	-0.241333	-0.022339
561	-0.238647	0.002686
562	-0.240845	0.012939
563	-0.247314	0.010498
564	-0.240112	0.015991
565	-0.232544	0.016846
566	-0.241455	0.013184
567	-0.248169	0.029297
568	-0.247803	0.051636
569	-0.257324	0.005737
570	-0.244629	0.025513
571	-0.238403	-0.008911
572	-0.238281	0.000488
573	-0.247437	-0.017700
574	-0.233521	-0.001221
575	-0.239624	0.005005
576	-0.231934	-0.036743
577	-0.244019	-0.009155
578	-0.253296	0.019043
579	-0.249390	0.018555
580	-0.247314	0.002563
581	-0.250732	-0.002563
582	-0.251709	-0.004028
583	-0.225830	-0.016846
584	-0.242676	0.019775
585	-0.255249	0.013306
586	-0.222168	-0.011475
587	-0.244385	0.008057
588	-0.246216	0.005737
589	-0.245728	0.000610
590	-0.240356	0.001709
591	-0.237305	-0.008179
592	-0.233887	0.012939
593	-0.243896	-0.018066
594	-0.243164	0.032471
595	-0.251343	-0.018799
596	-0.243164	-0.002319
597	-0.243774	-0.008301
598	-0.245361	-0.006836
599	-0.232300	0.002075
600	-0.245117	-0.005249
601	-0.249512	-0.005127
602	-0.235718	-0.001831
603	-0.242065	-0.028442
604	-0.234131	-0.007568
605	-0.242188	0.017944
606	-0.252075	-0.006104
607	-0.250122	0.020386
608	-0.242676	-0.017456
609	-0.251099	0.016479
610	-0.248779	0.021118
611	-0.248413	0.011719
612	-0.246094	-0.022217
613	-0.243530	-0.027588
614	-0.243530	0.002930
615	-0.249634	0.012817
616	-0.245850	-0.003052
617	-0.255493	0.007324
618	-0.244629	-0.012207
619	-0.247559	0.030518
620	-0.251587	0.008179
621	-0.220215	-0.006714
622	-0.243652	-0.012817
623	-0.242554	-0.017700
624	-0.234985	-0.013306
625	-0.239746	0.003662
626	-0.230835	-0.009521
627	-0.240845	-0.012817
628	-0.237915	-0.014771
629	-0.245117	-0.011719
630	-0.241455	0.009766
631	-0.234863	-0.006226
632	-0.237549	0.008057
633	-0.240356	-0.002075
634	-0.244019	0.003906
635	-0.244263	0.008545
636	-0.262451	0.014893
637	-0.246216	0.008057
638	-0.251343	0.014160
639	-0.252563	-0.009277
640	-0.234985	0.000977
641	-0.241455	-0.015137
642	-0.240356	0.017212
643	-0.231323	-0.010864
644	-0.234497	0.005859
645	-0.238281	-0.005127
646	-0.233032	0.016479
647	-0.250732	-0.003052
648	-0.245850	-0.016846
649	-0.241943	0.012695
650	-0.229614	0.016724
651	-0.242310	-0.010864
652	-0.248779	0.011475
653	-0.248047	0.004272
654	-0.241943	-0.015503
655	-0.243530	0.017334
656	-0.249268	-0.001343
657	-0.235352	0.003662
658	-0.254883	-0.005493
659	-0.245972	0.002197
660	-0.239258	-0.005615
661	-0.235474	-0.035034
662	-0.241211	-0.019409
663	-0.239624	-0.004395
664	-0.245239	0.004517
665	-0.243530	-0.012817
666	-0.242920	-0.031860
667	-0.235352	0.023682
668	-0.244873	0.012207
669	-0.257568	0.007202
670	-0.239136	-0.004639
671	-0.252075	0.001831
672	-0.231934	-0.007935
673	-0.253174	0.007690
674	-0.242676	0.006226
675	-0.243408	-0.001953
676	-0.242676	0.009399
677	-0.239502	0.013062
678	-0.240356	0.005249
679	-0.247681	0.015137
680	-0.236572	-0.035278
681	-0.226563	0.004272
682	-0.244751	-0.010620
683	-0.241089	0.018311
684	-0.239136	-0.001343
685	-0.232666	0.024536
686	-0.252075	-0.018555
687	-0.246338	0.016602
688	-0.249268	-0.002686
689	-0.249390	0.013306
690	-0.241943	-0.008789
691	-0.235840	-0.009033
692	-0.239380	0.010864
693	-0.251221	0.002197
694	-0.238770	0.010742
695	-0.228638	0.010864
696	-0.236206	0.021240
697	-0.248169	-0.019287
698	-0.245117	0.013306
699	-0.247559	0.020874
700	-0.233398	0.012207
701	-0.232300	0.038452
702	-0.255127	-0.000366
703	-0.245605	0.001831
704	-0.231323	0.019165
705	-0.250610	0.035645
706	-0.236206	-0.000122
707	-0.241211	0.021851
708	-0.239624	-0.007324
709	-0.239868	-0.010376
710	-0.242310	0.021851
711	-0.247681	-0.023071
712	-0.245850	0.022583
713	-0.242798	-0.021362
714	-0.251587	-0.006470
715	-0.237793	-0.003662
716	-0.251221	-0.003174
717	-0.251831	0.011230
718	-0.243896	-0.013550
719	-0.234375	0.002930
720	-0.240479	-0.017700
721	-0.242554	0.007690
722	-0.237061	-0.017212
723	-0.251099	0.001587
724	-0.246094	0.024414
725	-0.240601	-0.018188
726	-0.237427	0.011353
727	-0.239380	-0.023926
728	-0.245239	0.010010
729	-0.248291	0.005493
730	-0.243408	0.002930
731	-0.243286	-0.005859
732	-0.245605	-0.024170
733	-0.241211	0.011230
734	-0.238525	0.013306
735	-0.227295	-0.030640
736	-0.240601	-0.010132
737	-0.245117	-0.020264
738	-0.233643	-0.002197
739	-0.230957	0.014526
740	-0.250366	0.008179
741	-0.225708	0.007935
742	-0.241211	-0.017456
743	-0.243530	-0.024658
744	-0.240234	0.002075
745	-0.231201	-0.009766
746	-0.239502	0.017212
747	-0.235596	-0.008545
748	-0.236572	0.000000
749	-0.247803	-0.010864
750	-0.242188	-0.000854
751	-0.246582	-0.000854
752	-0.248901	-0.012939
753	-0.239746	0.005249
754	-0.242554	-0.016846
755	-0.239746	-0.015015
756	-0.244873	0.002075
757	-0.245361	-0.011841
758	-0.248291	-0.028076
759	-0.245483	0.019287
760	-0.237915	-0.033081
761	-0.232056	-0.006470
762	-0.246582	0.014404
763	-0.230713	-0.004028
764	-0.228394	0.002441
765	-0.241211	0.008423
766	-0.254395	-0.007324
767	-0.239868	0.017334
768	-0.240112	-0.007935
769	-0.245728	-0.004028
770	-0.234497	-0.005249
771	-0.238037	-0.017456
772	-0.242920	-0.010376
773	-0.237915	0.001831
774	-0.244507	0.035889
775	-0.251221	0.019531
776	-0.238525	-0.013550
777	-0.237793	-0.036621
778	-0.245972	-0.014893
779	-0.237793	0.002319
780	-0.250122	-0.001831
781	-0.239136	0.010498
782	-0.230957	0.005981
783	-0.237915	-0.001099
784	-0.250366	0.004395
785	-0.244507	0.015137
786	-0.251587	-0.030518
787	-0.240112	0.031006
788	-0.245605	0.042480
789	-0.248047	0.007813
790	-0.239868	-0.023071
791	-0.256226	0.023071
792	-0.243652	-0.012939
793	-0.247314	-0.007446
794	-0.242554	-0.008667
795	-0.241333	0.007324
796	-0.239990	0.002686
797	-0.240234	0.010498
798	-0.246338	-0.007324
799	-0.238892	0.014526
800	-0.244263	-0.029419
801	-0.242310	-0.000977
802	-0.239990	-0.014648
803	-0.242554	-0.005249
804	-0.243530	0.007568
805	-0.238525	0.011597
806	-0.237671	-0.019897
807	-0.240234	-0.017212
808	-0.229126	-0.019531
809	-0.243896	0.032837
810	-0.248047	-0.022461
811	-0.244141	0.010620
812	-0.232056	0.010864
813	-0.239990	-0.010498
814	-0.231812	0.015625
815	-0.250122	0.020020
816	-0.249390	0.026611
817	-0.237671	0.039429
818	-0.228638	-0.000854
819	-0.239990	0.023560
820	-0.224976	-0.031860
821	-0.233032	0.010498
822	-0.249878	-0.015381
823	-0.244385	-0.018066
824	-0.241699	-0.029175
825	-0.241089	-0.012207
826	-0.252197	-0.003052
827	-0.243408	-0.000366
828	-0.251099	0.015137
829	-0.243652	-0.011475
830	-0.245483	0.015625
831	-0.250366	-0.002319
832	-0.241821	-0.015137
833	-0.235596	-0.028931
834	-0.245605	-0.009399
835	-0.241455	-0.013306
836	-0.253052	0.002808
837	-0.246826	-0.002930
838	-0.239746	0.011108
839	-0.241455	0.004517
840	-0.247559	0.007324
841	-0.251221	0.003052
842	-0.242798	-0.012573
843	-0.240234	-0.003174
844	-0.234863	0.007813
845	-0.240479	-0.011841
846	-0.245850	-0.000610
847	-0.244141	-0.016113
848	-0.244019	-0.002563
849	-0.239990	0.002075
850	-0.243896	0.034058
851	-0.249268	0.006104
852	-0.239014	-0.004639
853	-0.242554	0.000732
854	-0.256958	0.014160
855	-0.232666	-0.007935
856	-0.239258	-0.030518
857	-0.240479	-0.009033
858	-0.226074	0.011841
859	-0.243042	0.004639
860	-0.237671	0.001831
861	-0.235718	-0.000854
862	-0.234863	0.003540
863	-0.249023	0.019409
864	-0.238037	0.010376
865	-0.245972	0.003174
866	-0.237061	-0.009644
867	-0.250854	-0.007080
868	-0.253906	-0.002319
869	-0.237427	0.011719
870	-0.253296	0.012695
871	-0.237671	-0.011108
872	-0.240723	0.024536
873	-0.245117	0.001831
874	-0.248657	-0.000122
875	-0.248901	-0.006836
876	-0.257202	-0.031738
877	-0.232422	0.007568
878	-0.244873	-0.025635
879	-0.245850	-0.009277
880	-0.231567	-0.008667
881	-0.245117	-0.013184
882	-0.236694	0.004639
883	-0.237061	-0.000854
884	-0.246948	-0.003662
885	-0.243652	-0.000977
886	-0.242554	0.002319
887	-0.249878	0.015137
888	-0.248901	-0.003052
889	-0.245850	-0.007080
890	-0.241699	0.005859
891	-0.242310	-0.001465
892	-0.235474	-0.009277
893	-0.241821	-0.010376
894	-0.244019	-0.015991
895	-0.240967	-0.005615
896	-0.244385	0.011353
897	-0.246826	0.021362
898	-0.252075	0.052979
899	-0.242188	0.012695
900	-0.243774	0.000122
901	-0.246704	-0.021973
902	-0.233887	-0.025024
903	-0.233398	0.010010
904	-0.236206	-0.001465
905	-0.251343	0.007935
906	-0.245239	0.009399
907	-0.245117	0.006958
908	-0.253662	-0.003418
909	-0.249146	0.025269
910	-0.249023	0.001343
911	-0.236084	-0.018066
912	-0.233154	0.007080
913	-0.240479	-0.022827
914	-0.251221	0.005859
915	-0.242554	0.009888
916	-0.230225	-0.005859
917	-0.243286	-0.016724
918	-0.241455	-0.021851
919	-0.237793	0.003296
920	-0.246216	0.019043
921	-0.236694	-0.028931
922	-0.251953	0.015869
923	-0.248413	-0.015503
924	-0.236816	-0.001953
925	-0.248779	0.019287
926	-0.244995	-0.028809
927	-0.239502	0.005005
928	-0.240601	0.002197
929	-0.233887	-0.023071
930	-0.244019	-0.002686
931	-0.258057	-0.012207
932	-0.252197	0.010254
933	-0.245850	-0.024170
934	-0.241333	0.013306
935	-0.252686	0.009399
936	-0.237793	0.011841
937	-0.238159	-0.008911
938	-0.241089	-0.010376
939	-0.242432	0.007813
940	-0.232056	0.018555
941	-0.242188	-0.029541
942	-0.235352	-0.010132
943	-0.246216	0.020264
944	-0.246460	0.037964
945	-0.240845	0.003296
946	-0.245605	0.006714
947	-0.242554	-0.013062
948	-0.251221	-0.028442
949	-0.235596	-0.001831
950	-0.249023	-0.009155
951	-0.246216	0.011230
952	-0.234985	0.010742
953	-0.233643	-0.003418
954	-0.245117	-0.002075
955	-0.245483	-0.001709
956	-0.243286	-0.010132
957	-0.230225	-0.000610
958	-0.248901	-0.001099
959	-0.233276	0.008911
960	-0.240723	0.010254
961	-0.242798	-0.010376
962	-0.243164	-0.004883
963	-0.238647	-0.014282
964	-0.239258	-0.007935
965	-0.241333	-0.008789
966	-0.242310	-0.002930
967	-0.244019	0.013672
968	-0.257690	-0.005981
969	-0.238525	-0.005859
970	-0.234985	-0.015869
971	-0.240234	0.006104
972	-0.244629	0.000732
973	-0.229858	0.005859
974	-0.238770	-0.011963
975	-0.245483	0.036987
976	-0.255493	0.014771
977	-0.235474	0.016602
978	-0.236206	0.009644
979	-0.248413	0.012817
980	-0.241089	0.019165
981	-0.252563	-0.015747
982	-0.241089	0.005737
983	-0.237427	0.028931
984	-0.242188	-0.005737
985	-0.248657	-0.008911
986	-0.244507	0.018066
987	-0.239136	0.005371
988	-0.236572	-0.008789
989	-0.244995	0.011963
990	-0.239746	-0.016846
991	-0.240723	-0.010010
992	-0.250000	0.001343
993	-0.243530	-0.000732
994	-0.240112	0.022705
995	-0.255615	0.028198
996	-0.253784	0.006958
997	-0.235962	0.003174
998	-0.244507	-0.000732
999	-0.254272	0.002441
