0	-0.871460	-0.889526
1	-0.866333	-0.891602
2	-0.865479	-0.893921
3	-0.875244	-0.899414
4	-0.872192	-0.903809
5	-0.864258	-0.886597
6	-0.868530	-0.865967
7	-0.868042	-0.864502
8	-0.865356	-0.874023
9	-0.871460	-0.896973
10	-0.884155	-0.911377
11	-0.866211	-0.884521
12	-0.876099	-0.880615
13	-0.854980	-0.858887
14	-0.876099	-0.894287
15	-0.861694	-0.869141
16	-0.873901	-0.878662
17	-0.866211	-0.884521
18	-0.866699	-0.886475
19	-0.881470	-0.908203
20	-0.869995	-0.888184
21	-0.850952	-0.850708
22	-0.874390	-0.887695
23	-0.866943	-0.889282
24	-0.872559	-0.901123
25	-0.872803	-0.891479
26	-0.877319	-0.894897
27	-0.864136	-0.887817
28	-0.869629	-0.889282
29	-0.866333	-0.890381
30	-0.856567	-0.868042
31	-0.859863	-0.888062
32	-0.873657	-0.889526
33	-0.864990	-0.885986
34	-0.869141	-0.888428
35	-0.885498	-0.913330
36	-0.871948	-0.896729
37	-0.857666	-0.868042
38	-0.866821	-0.881470
39	-0.864380	-0.873291
40	-0.860352	-0.876831
41	-0.886597	-0.910156
42	-0.863770	-0.877563
43	-0.867554	-0.885742
44	-0.862061	-0.885620
45	-0.873169	-0.890137
46	-0.847778	-0.860474
47	-0.862671	-0.867676
48	-0.859619	-0.868164
49	-0.857056	-0.873901
50	-0.857666	-0.876831
51	-0.879883	-0.896606
52	-0.862427	-0.891113
53	-0.874512	-0.895142
54	-0.886719	-0.908447
55	-0.885376	-0.913574
56	-0.880859	-0.907593
57	-0.867432	-0.870850
58	-0.859863	-0.855469
59	-0.858521	-0.869019
60	-0.869629	-0.887817
61	-0.883667	-0.909790
62	-0.869629	-0.880371
63	-0.869141	-0.876831
64	-0.859253	-0.864624
65	-0.880859	-0.899170
66	-0.848633	-0.862061
67	-0.862793	-0.868530
68	-0.855469	-0.873901
69	-0.864258	-0.885498
70	-0.880127	-0.912231
71	-0.867798	-0.883667
72	-0.851196	-0.857788
73	-0.878296	-0.895752
74	-0.874512	-0.890747
75	-0.862061	-0.887573
76	-0.865112	-0.887207
77	-0.872681	-0.894653
78	-0.862915	-0.882324
79	-0.855347	-0.880615
80	-0.872681	-0.890991
81	-0.862427	-0.876709
82	-0.867310	-0.894287
83	-0.875488	-0.890137
84	-0.866211	-0.891968
85	-0.872192	-0.906006
86	-0.886108	-0.917480
87	-0.876587	-0.909668
88	-0.852661	-0.870361
89	-0.875122	-0.888916
90	-0.861572	-0.869751
91	-0.859497	-0.873779
92	-0.876465	-0.896484
93	-0.872192	-0.884644
94	-0.866577	-0.882202
95	-0.855713	-0.871338
96	-0.878540	-0.892212
97	-0.855713	-0.866699
98	-0.869995	-0.864868
99	-0.873535	-0.875854
100	-0.856812	-0.870361
101	-0.859497	-0.886475
102	-0.879639	-0.904053
103	-0.878296	-0.898926
104	-0.874023	-0.896484
105	-0.877319	-0.901367
106	-0.875366	-0.899536
107	-0.865845	-0.888062
108	-0.863281	-0.861938
109	-0.867432	-0.855835
110	-0.859497	-0.875732
111	-0.862671	-0.886108
112	-0.884277	-0.906128
113	-0.871460	-0.887085
114	-0.868530	-0.880127
115	-0.874878	-0.885986
116	-0.866333	-0.884399
117	-0.860107	-0.874268
118	-0.862915	-0.861450
119	-0.861816	-0.874512
120	-0.861694	-0.885132
121	-0.876099	-0.903442
122	-0.862793	-0.880371
123	-0.857544	-0.875000
124	-0.857178	-0.875366
125	-0.864990	-0.883789
126	-0.870850	-0.896118
127	-0.866455	-0.888550
128	-0.872559	-0.890747
129	-0.870117	-0.886108
130	-0.858521	-0.877930
131	-0.881348	-0.894653
132	-0.865112	-0.875977
133	-0.861206	-0.877808
134	-0.871094	-0.886597
135	-0.882080	-0.900757
136	-0.870361	-0.904175
137	-0.870972	-0.894775
138	-0.866699	-0.898804
139	-0.867920	-0.882202
140	-0.865356	-0.883423
141	-0.868042	-0.874634
142	-0.853149	-0.859375
143	-0.864502	-0.886597
144	-0.875000	-0.894409
145	-0.857788	-0.874634
146	-0.859375	-0.872925
147	-0.882568	-0.892334
148	-0.854980	-0.872681
149	-0.860107	-0.855103
150	-0.865601	-0.868774
151	-0.854126	-0.859375
152	-0.857788	-0.882690
153	-0.868286	-0.888428
154	-0.869873	-0.892578
155	-0.874390	-0.904785
156	-0.868408	-0.893188
157	-0.875244	-0.902832
158	-0.874023	-0.897949
159	-0.861328	-0.864502
160	-0.867432	-0.858398
161	-0.867310	-0.886475
162	-0.864868	-0.882813
163	-0.878296	-0.901855
164	-0.870605	-0.892334
165	-0.860474	-0.883301
166	-0.864380	-0.872559
167	-0.865479	-0.875732
168	-0.864868	-0.877197
169	-0.859497	-0.855225
170	-0.852173	-0.871460
171	-0.856323	-0.879883
172	-0.872925	-0.895020
173	-0.868286	-0.890137
174	-0.871216	-0.883789
175	-0.855469	-0.866455
176	-0.870361	-0.876709
177	-0.870239	-0.886353
178	-0.875122	-0.903198
179	-0.884399	-0.896118
180	-0.871460	-0.885742
181	-0.858521	-0.890747
182	-0.871338	-0.884888
183	-0.865601	-0.878174
184	-0.853760	-0.853882
185	-0.873047	-0.880127
186	-0.892944	-0.909180
187	-0.861328	-0.895264
188	-0.877319	-0.900635
189	-0.875610	-0.897949
190	-0.874268	-0.896484
191	-0.864746	-0.884521
192	-0.872437	-0.882080
193	-0.859619	-0.868164
194	-0.866943	-0.887451
195	-0.881714	-0.898682
196	-0.859131	-0.866455
197	-0.851440	-0.863770
198	-0.879639	-0.891479
199	-0.866577	-0.884644
200	-0.852173	-0.854736
201	-0.859497	-0.867676
202	-0.853638	-0.861328
203	-0.861816	-0.890625
204	-0.869263	-0.891479
205	-0.871948	-0.891235
206	-0.873535	-0.903564
207	-0.864136	-0.891235
208	-0.885254	-0.910522
209	-0.868652	-0.898682
210	-0.862793	-0.877808
211	-0.869751	-0.863770
212	-0.864136	-0.870728
213	-0.858521	-0.877563
214	-0.872559	-0.895752
215	-0.872192	-0.896118
216	-0.866089	-0.892822
217	-0.863770	-0.875854
218	-0.866089	-0.873413
219	-0.864746	-0.883057
220	-0.866821	-0.874512
221	-0.865601	-0.882568
222	-0.859131	-0.880005
223	-0.865234	-0.884888
224	-0.880615	-0.907837
225	-0.866699	-0.880005
226	-0.855469	-0.855713
227	-0.876587	-0.879028
228	-0.860107	-0.876099
229	-0.868530	-0.897949
230	-0.879883	-0.893433
231	-0.876709	-0.892334
232	-0.861816	-0.896973
233	-0.876953	-0.890503
234	-0.864624	-0.891846
235	-0.856812	-0.863525
236	-0.877563	-0.889282
237	-0.885620	-0.902954
238	-0.862183	-0.892456
239	-0.869629	-0.887085
240	-0.874146	-0.902710
241	-0.873047	-0.893555
242	-0.859741	-0.872803
243	-0.873657	-0.884155
244	-0.863159	-0.872803
245	-0.858032	-0.876587
246	-0.878540	-0.895508
247	-0.867432	-0.880249
248	-0.861938	-0.882080
249	-0.872437	-0.892212
250	-0.876221	-0.894531
251	-0.856201	-0.861816
252	-0.862427	-0.862671
253	-0.858032	-0.860474
254	-0.861450	-0.887329
255	-0.861206	-0.881104
256	-0.871460	-0.889526
257	-0.866333	-0.891602
258	-0.865479	-0.893921
259	-0.875244	-0.899414
260	-0.872192	-0.903809
261	-0.864258	-0.886597
262	-0.868530	-0.865967
263	-0.868042	-0.864502
264	-0.865356	-0.874023
265	-0.871460	-0.896973
266	-0.884155	-0.911377
267	-0.866211	-0.884521
268	-0.876099	-0.880615
269	-0.854980	-0.858887
270	-0.876099	-0.894287
271	-0.861694	-0.869141
272	-0.873901	-0.878662
273	-0.866211	-0.884521
274	-0.866699	-0.886475
275	-0.881470	-0.908203
276	-0.869995	-0.888184
277	-0.850952	-0.850708
278	-0.874390	-0.887695
279	-0.866943	-0.889282
280	-0.872559	-0.901123
281	-0.872803	-0.891479
282	-0.877319	-0.894897
283	-0.864136	-0.887817
284	-0.869629	-0.889282
285	-0.866333	-0.890381
286	-0.856567	-0.868042
287	-0.859863	-0.888062
288	-0.873657	-0.889526
289	-0.864990	-0.885986
290	-0.869141	-0.888428
291	-0.885498	-0.913330
292	-0.871948	-0.896729
293	-0.857666	-0.868042
294	-0.866821	-0.881470
295	-0.864380	-0.873291
296	-0.860352	-0.876831
297	-0.886597	-0.910156
298	-0.863770	-0.877563
299	-0.867554	-0.885742
300	-0.862061	-0.885620
301	-0.873169	-0.890137
302	-0.847778	-0.860474
303	-0.862671	-0.867676
304	-0.859619	-0.868164
305	-0.857056	-0.873901
306	-0.857666	-0.876831
307	-0.879883	-0.896606
308	-0.862427	-0.891113
309	-0.874512	-0.895142
310	-0.886719	-0.908447
311	-0.885376	-0.913574
312	-0.880859	-0.907593
313	-0.867432	-0.870850
314	-0.859863	-0.855469
315	-0.858521	-0.869019
316	-0.869629	-0.887817
317	-0.883667	-0.909790
318	-0.869629	-0.880371
319	-0.869141	-0.876831
320	-0.859253	-0.864624
321	-0.880859	-0.899170
322	-0.848633	-0.862061
323	-0.862793	-0.868530
324	-0.855469	-0.873901
325	-0.864258	-0.885498
326	-0.880127	-0.912231
327	-0.867798	-0.883667
328	-0.851196	-0.857788
329	-0.878296	-0.895752
330	-0.874512	-0.890747
331	-0.862061	-0.887573
332	-0.865112	-0.887207
333	-0.872681	-0.894653
334	-0.862915	-0.882324
335	-0.855347	-0.880615
336	-0.872681	-0.890991
337	-0.862427	-0.876709
338	-0.867310	-0.894287
339	-0.875488	-0.890137
340	-0.866211	-0.891968
341	-0.872192	-0.906006
342	-0.886108	-0.917480
343	-0.876587	-0.909668
344	-0.852661	-0.870361
345	-0.875122	-0.888916
346	-0.861572	-0.869751
347	-0.859497	-0.873779
348	-0.876465	-0.896484
349	-0.872192	-0.884644
350	-0.866577	-0.882202
351	-0.855713	-0.871338
352	-0.878540	-0.892212
353	-0.855713	-0.866699
354	-0.869995	-0.864868
355	-0.873535	-0.875854
356	-0.856812	-0.870361
357	-0.859497	-0.886475
358	-0.879639	-0.904053
359	-0.878296	-0.898926
360	-0.874023	-0.896484
361	-0.877319	-0.901367
362	-0.875366	-0.899536
363	-0.865845	-0.888062
364	-0.863281	-0.861938
365	-0.867432	-0.855835
366	-0.859497	-0.875732
367	-0.862671	-0.886108
368	-0.884277	-0.906128
369	-0.871460	-0.887085
370	-0.868530	-0.880127
371	-0.874878	-0.885986
372	-0.866333	-0.884399
373	-0.860107	-0.874268
374	-0.862915	-0.861450
375	-0.861816	-0.874512
376	-0.861694	-0.885132
377	-0.876099	-0.903442
378	-0.862793	-0.880371
379	-0.857544	-0.875000
380	-0.857178	-0.875366
381	-0.864990	-0.883789
382	-0.870850	-0.896118
383	-0.866455	-0.888550
384	-0.872559	-0.890747
385	-0.870117	-0.886108
386	-0.858521	-0.877930
387	-0.881348	-0.894653
388	-0.865112	-0.875977
389	-0.861206	-0.877808
390	-0.871094	-0.886597
391	-0.882080	-0.900757
392	-0.870361	-0.904175
393	-0.870972	-0.894775
394	-0.866699	-0.898804
395	-0.867920	-0.882202
396	-0.865356	-0.883423
397	-0.868042	-0.874634
398	-0.853149	-0.859375
399	-0.864502	-0.886597
400	-0.875000	-0.894409
401	-0.857788	-0.874634
402	-0.859375	-0.872925
403	-0.882568	-0.892334
404	-0.854980	-0.872681
405	-0.860107	-0.855103
406	-0.865601	-0.868774
407	-0.854126	-0.859375
408	-0.857788	-0.882690
409	-0.868286	-0.888428
410	-0.869873	-0.892578
411	-0.874390	-0.904785
412	-0.868408	-0.893188
413	-0.875244	-0.902832
414	-0.874023	-0.897949
415	-0.861328	-0.864502
416	-0.867432	-0.858398
417	-0.867310	-0.886475
418	-0.864868	-0.882813
419	-0.878296	-0.901855
420	-0.870605	-0.892334
421	-0.860474	-0.883301
422	-0.864380	-0.872559
423	-0.865479	-0.875732
424	-0.864868	-0.877197
425	-0.859497	-0.855225
426	-0.852173	-0.871460
427	-0.856323	-0.879883
428	-0.872925	-0.895020
429	-0.868286	-0.890137
430	-0.871216	-0.883789
431	-0.855469	-0.866455
432	-0.870361	-0.876709
433	-0.870239	-0.886353
434	-0.875122	-0.903198
435	-0.884399	-0.896118
436	-0.871460	-0.885742
437	-0.858521	-0.890747
438	-0.871338	-0.884888
439	-0.865601	-0.878174
440	-0.853760	-0.853882
441	-0.873047	-0.880127
442	-0.892944	-0.909180
443	-0.861328	-0.895264
444	-0.877319	-0.900635
445	-0.875610	-0.897949
446	-0.874268	-0.896484
447	-0.864746	-0.884521
448	-0.872437	-0.882080
449	-0.859619	-0.868164
450	-0.866943	-0.887451
451	-0.881714	-0.898682
452	-0.859131	-0.866455
453	-0.851440	-0.863770
454	-0.879639	-0.891479
455	-0.866577	-0.884644
456	-0.852173	-0.854736
457	-0.859497	-0.867676
458	-0.853638	-0.861328
459	-0.861816	-0.890625
460	-0.869263	-0.891479
461	-0.871948	-0.891235
462	-0.873535	-0.903564
463	-0.864136	-0.891235
464	-0.885254	-0.910522
465	-0.868652	-0.898682
466	-0.862793	-0.877808
467	-0.869751	-0.863770
468	-0.864136	-0.870728
469	-0.858521	-0.877563
470	-0.872559	-0.895752
471	-0.872192	-0.896118
472	-0.866089	-0.892822
473	-0.863770	-0.875854
474	-0.866089	-0.873413
475	-0.864746	-0.883057
476	-0.866821	-0.874512
477	-0.865601	-0.882568
478	-0.859131	-0.880005
479	-0.865234	-0.884888
480	-0.880615	-0.907837
481	-0.866699	-0.880005
482	-0.855469	-0.855713
483	-0.876587	-0.879028
484	-0.860107	-0.876099
485	-0.868530	-0.897949
486	-0.879883	-0.893433
487	-0.876709	-0.892334
488	-0.861816	-0.896973
489	-0.876953	-0.890503
490	-0.864624	-0.891846
491	-0.856812	-0.863525
492	-0.877563	-0.889282
493	-0.885620	-0.902954
494	-0.862183	-0.892456
495	-0.869629	-0.887085
496	-0.874146	-0.902710
497	-0.873047	-0.893555
498	-0.859741	-0.872803
499	-0.873657	-0.884155
500	-0.863159	-0.872803
501	-0.858032	-0.876587
502	-0.878540	-0.895508
503	-0.867432	-0.880249
504	-0.861938	-0.882080
505	-0.872437	-0.892212
506	-0.876221	-0.894531
507	-0.856201	-0.861816
508	-0.862427	-0.862671
509	-0.858032	-0.860474
510	-0.861450	-0.887329
511	-0.861206	-0.881104
512	-0.871460	-0.889526
513	-0.866333	-0.891602
514	-0.865479	-0.893921
515	-0.875244	-0.899414
516	-0.872192	-0.903809
517	-0.864258	-0.886597
518	-0.868530	-0.865967
519	-0.868042	-0.864502
520	-0.865356	-0.874023
521	-0.871460	-0.896973
522	-0.884155	-0.911377
523	-0.866211	-0.884521
524	-0.876099	-0.880615
525	-0.854980	-0.858887
526	-0.876099	-0.894287
527	-0.861694	-0.869141
528	-0.873901	-0.878662
529	-0.866211	-0.884521
530	-0.866699	-0.886475
531	-0.881470	-0.908203
532	-0.869995	-0.888184
533	-0.850952	-0.850708
534	-0.874390	-0.887695
535	-0.866943	-0.889282
536	-0.872559	-0.901123
537	-0.872803	-0.891479
538	-0.877319	-0.894897
539	-0.864136	-0.887817
540	-0.869629	-0.889282
541	-0.866333	-0.890381
542	-0.856567	-0.868042
543	-0.859863	-0.888062
544	-0.873657	-0.889526
545	-0.864990	-0.885986
546	-0.869141	-0.888428
547	-0.885498	-0.913330
548	-0.871948	-0.896729
549	-0.857666	-0.868042
550	-0.866821	-0.881470
551	-0.864380	-0.873291
552	-0.860352	-0.876831
553	-0.886597	-0.910156
554	-0.863770	-0.877563
555	-0.867554	-0.885742
556	-0.862061	-0.885620
557	-0.873169	-0.890137
558	-0.847778	-0.860474
559	-0.862671	-0.867676
560	-0.859619	-0.868164
561	-0.857056	-0.873901
562	-0.857666	-0.876831
563	-0.879883	-0.896606
564	-0.862427	-0.891113
565	-0.874512	-0.895142
566	-0.886719	-0.908447
567	-0.885376	-0.913574
568	-0.880859	-0.907593
569	-0.867432	-0.870850
570	-0.859863	-0.855469
571	-0.858521	-0.869019
572	-0.869629	-0.887817
573	-0.883667	-0.909790
574	-0.869629	-0.880371
575	-0.869141	-0.876831
576	-0.859253	-0.864624
577	-0.880859	-0.899170
578	-0.848633	-0.862061
579	-0.862793	-0.868530
580	-0.855469	-0.873901
581	-0.864258	-0.885498
582	-0.880127	-0.912231
583	-0.867798	-0.883667
584	-0.851196	-0.857788
585	-0.878296	-0.895752
586	-0.874512	-0.890747
587	-0.862061	-0.887573
588	-0.865112	-0.887207
589	-0.872681	-0.894653
590	-0.862915	-0.882324
591	-0.855347	-0.880615
592	-0.872681	-0.890991
593	-0.862427	-0.876709
594	-0.867310	-0.894287
595	-0.875488	-0.890137
596	-0.866211	-0.891968
597	-0.872192	-0.906006
598	-0.886108	-0.917480
599	-0.876587	-0.909668
600	-0.852661	-0.870361
601	-0.875122	-0.888916
602	-0.861572	-0.869751
603	-0.859497	-0.873779
604	-0.876465	-0.896484
605	-0.872192	-0.884644
606	-0.866577	-0.882202
607	-0.855713	-0.871338
608	-0.878540	-0.892212
609	-0.855713	-0.866699
610	-0.869995	-0.864868
611	-0.873535	-0.875854
612	-0.856812	-0.870361
613	-0.859497	-0.886475
614	-0.879639	-0.904053
615	-0.878296	-0.898926
616	-0.874023	-0.896484
617	-0.877319	-0.901367
618	-0.875366	-0.899536
619	-0.865845	-0.888062
620	-0.863281	-0.861938
621	-0.867432	-0.855835
622	-0.859497	-0.875732
623	-0.862671	-0.886108
624	-0.884277	-0.906128
625	-0.871460	-0.887085
626	-0.868530	-0.880127
627	-0.874878	-0.885986
628	-0.866333	-0.884399
629	-0.860107	-0.874268
630	-0.862915	-0.861450
631	-0.861816	-0.874512
632	-0.861694	-0.885132
633	-0.876099	-0.903442
634	-0.862793	-0.880371
635	-0.857544	-0.875000
636	-0.857178	-0.875366
637	-0.864990	-0.883789
638	-0.870850	-0.896118
639	-0.866455	-0.888550
640	-0.872559	-0.890747
641	-0.870117	-0.886108
642	-0.858521	-0.877930
643	-0.881348	-0.894653
644	-0.865112	-0.875977
645	-0.861206	-0.877808
646	-0.871094	-0.886597
647	-0.882080	-0.900757
648	-0.870361	-0.904175
649	-0.870972	-0.894775
650	-0.866699	-0.898804
651	-0.867920	-0.882202
652	-0.865356	-0.883423
653	-0.868042	-0.874634
654	-0.853149	-0.859375
655	-0.864502	-0.886597
656	-0.875000	-0.894409
657	-0.857788	-0.874634
658	-0.859375	-0.872925
659	-0.882568	-0.892334
660	-0.854980	-0.872681
661	-0.860107	-0.855103
662	-0.865601	-0.868774
663	-0.854126	-0.859375
664	-0.857788	-0.882690
665	-0.868286	-0.888428
666	-0.869873	-0.892578
667	-0.874390	-0.904785
668	-0.868408	-0.893188
669	-0.875244	-0.902832
670	-0.874023	-0.897949
671	-0.861328	-0.864502
672	-0.867432	-0.858398
673	-0.867310	-0.886475
674	-0.864868	-0.882813
675	-0.878296	-0.901855
676	-0.870605	-0.892334
677	-0.860474	-0.883301
678	-0.864380	-0.872559
679	-0.865479	-0.875732
680	-0.864868	-0.877197
681	-0.859497	-0.855225
682	-0.852173	-0.871460
683	-0.856323	-0.879883
684	-0.872925	-0.895020
685	-0.868286	-0.890137
686	-0.871216	-0.883789
687	-0.855469	-0.866455
688	-0.870361	-0.876709
689	-0.870239	-0.886353
690	-0.875122	-0.903198
691	-0.884399	-0.896118
692	-0.871460	-0.885742
693	-0.858521	-0.890747
694	-0.871338	-0.884888
695	-0.865601	-0.878174
696	-0.853760	-0.853882
697	-0.873047	-0.880127
698	-0.892944	-0.909180
699	-0.861328	-0.895264
700	-0.877319	-0.900635
701	-0.875610	-0.897949
702	-0.874268	-0.896484
703	-0.864746	-0.884521
704	-0.872437	-0.882080
705	-0.859619	-0.868164
706	-0.866943	-0.887451
707	-0.881714	-0.898682
708	-0.859131	-0.866455
709	-0.851440	-0.863770
710	-0.879639	-0.891479
711	-0.866577	-0.884644
712	-0.852173	-0.854736
713	-0.859497	-0.867676
714	-0.853638	-0.861328
715	-0.861816	-0.890625
716	-0.869263	-0.891479
717	-0.871948	-0.891235
718	-0.873535	-0.903564
719	-0.864136	-0.891235
720	-0.885254	-0.910522
721	-0.868652	-0.898682
722	-0.862793	-0.877808
723	-0.869751	-0.863770
724	-0.864136	-0.870728
725	-0.858521	-0.877563
726	-0.872559	-0.895752
727	-0.872192	-0.896118
728	-0.866089	-0.892822
729	-0.863770	-0.875854
730	-0.866089	-0.873413
731	-0.864746	-0.883057
732	-0.866821	-0.874512
733	-0.865601	-0.882568
734	-0.859131	-0.880005
735	-0.865234	-0.884888
736	-0.880615	-0.907837
737	-0.866699	-0.880005
738	-0.855469	-0.855713
739	-0.876587	-0.879028
740	-0.860107	-0.876099
741	-0.868530	-0.897949
742	-0.879883	-0.893433
743	-0.876709	-0.892334
744	-0.861816	-0.896973
745	-0.876953	-0.890503
746	-0.864624	-0.891846
747	-0.856812	-0.863525
748	-0.877563	-0.889282
749	-0.885620	-0.902954
750	-0.862183	-0.892456
751	-0.869629	-0.887085
752	-0.874146	-0.902710
753	-0.873047	-0.893555
754	-0.859741	-0.872803
755	-0.873657	-0.884155
756	-0.863159	-0.872803
757	-0.858032	-0.876587
758	-0.878540	-0.895508
759	-0.867432	-0.880249
760	-0.861938	-0.882080
761	-0.872437	-0.892212
762	-0.876221	-0.894531
763	-0.856201	-0.861816
764	-0.862427	-0.862671
765	-0.858032	-0.860474
766	-0.861450	-0.887329
767	-0.861206	-0.881104
768	-0.871460	-0.889526
769	-0.866333	-0.891602
770	-0.865479	-0.893921
771	-0.875244	-0.899414
772	-0.872192	-0.903809
773	-0.864258	-0.886597
774	-0.868530	-0.865967
775	-0.868042	-0.864502
776	-0.865356	-0.874023
777	-0.871460	-0.896973
778	-0.884155	-0.911377
779	-0.866211	-0.884521
780	-0.876099	-0.880615
781	-0.854980	-0.858887
782	-0.876099	-0.894287
783	-0.861694	-0.869141
784	-0.873901	-0.878662
785	-0.866211	-0.884521
786	-0.866699	-0.886475
787	-0.881470	-0.908203
788	-0.869995	-0.888184
789	-0.850952	-0.850708
790	-0.874390	-0.887695
791	-0.866943	-0.889282
792	-0.872559	-0.901123
793	-0.872803	-0.891479
794	-0.877319	-0.894897
795	-0.864136	-0.887817
796	-0.869629	-0.889282
797	-0.866333	-0.890381
798	-0.856567	-0.868042
799	-0.859863	-0.888062
800	-0.873657	-0.889526
801	-0.864990	-0.885986
802	-0.869141	-0.888428
803	-0.885498	-0.913330
804	-0.871948	-0.896729
805	-0.857666	-0.868042
806	-0.866821	-0.881470
807	-0.864380	-0.873291
808	-0.860352	-0.876831
809	-0.886597	-0.910156
810	-0.863770	-0.877563
811	-0.867554	-0.885742
812	-0.862061	-0.885620
813	-0.873169	-0.890137
814	-0.847778	-0.860474
815	-0.862671	-0.867676
816	-0.859619	-0.868164
817	-0.857056	-0.873901
818	-0.857666	-0.876831
819	-0.879883	-0.896606
820	-0.862427	-0.891113
821	-0.874512	-0.895142
822	-0.886719	-0.908447
823	-0.885376	-0.913574
824	-0.880859	-0.907593
825	-0.867432	-0.870850
826	-0.859863	-0.855469
827	-0.858521	-0.869019
828	-0.869629	-0.887817
829	-0.883667	-0.909790
830	-0.869629	-0.880371
831	-0.869141	-0.876831
832	-0.859253	-0.864624
833	-0.880859	-0.899170
834	-0.848633	-0.862061
835	-0.862793	-0.868530
836	-0.855469	-0.873901
837	-0.864258	-0.885498
838	-0.880127	-0.912231
839	-0.867798	-0.883667
840	-0.851196	-0.857788
841	-0.878296	-0.895752
842	-0.874512	-0.890747
843	-0.862061	-0.887573
844	-0.865112	-0.887207
845	-0.872681	-0.894653
846	-0.862915	-0.882324
847	-0.855347	-0.880615
848	-0.872681	-0.890991
849	-0.862427	-0.876709
850	-0.867310	-0.894287
851	-0.875488	-0.890137
852	-0.866211	-0.891968
853	-0.872192	-0.906006
854	-0.886108	-0.917480
855	-0.876587	-0.909668
856	-0.852661	-0.870361
857	-0.875122	-0.888916
858	-0.861572	-0.869751
859	-0.859497	-0.873779
860	-0.876465	-0.896484
861	-0.872192	-0.884644
862	-0.866577	-0.882202
863	-0.855713	-0.871338
864	-0.878540	-0.892212
865	-0.855713	-0.866699
866	-0.869995	-0.864868
867	-0.873535	-0.875854
868	-0.856812	-0.870361
869	-0.859497	-0.886475
870	-0.879639	-0.904053
871	-0.878296	-0.898926
872	-0.874023	-0.896484
873	-0.877319	-0.901367
874	-0.875366	-0.899536
875	-0.865845	-0.888062
876	-0.863281	-0.861938
877	-0.867432	-0.855835
878	-0.859497	-0.875732
879	-0.862671	-0.886108
880	-0.884277	-0.906128
881	-0.871460	-0.887085
882	-0.868530	-0.880127
883	-0.874878	-0.885986
884	-0.866333	-0.884399
885	-0.860107	-0.874268
886	-0.862915	-0.861450
887	-0.861816	-0.874512
888	-0.861694	-0.885132
889	-0.876099	-0.903442
890	-0.862793	-0.880371
891	-0.857544	-0.875000
892	-0.857178	-0.875366
893	-0.864990	-0.883789
894	-0.870850	-0.896118
895	-0.866455	-0.888550
896	-0.872559	-0.890747
897	-0.870117	-0.886108
898	-0.858521	-0.877930
899	-0.881348	-0.894653
900	-0.865112	-0.875977
901	-0.861206	-0.877808
902	-0.871094	-0.886597
903	-0.882080	-0.900757
904	-0.870361	-0.904175
905	-0.870972	-0.894775
906	-0.866699	-0.898804
907	-0.867920	-0.882202
908	-0.865356	-0.883423
909	-0.868042	-0.874634
910	-0.853149	-0.859375
911	-0.864502	-0.886597
912	-0.875000	-0.894409
913	-0.857788	-0.874634
914	-0.859375	-0.872925
915	-0.882568	-0.892334
916	-0.854980	-0.872681
917	-0.860107	-0.855103
918	-0.865601	-0.868774
919	-0.854126	-0.859375
920	-0.857788	-0.882690
921	-0.868286	-0.888428
922	-0.869873	-0.892578
923	-0.874390	-0.904785
924	-0.868408	-0.893188
925	-0.875244	-0.902832
926	-0.874023	-0.897949
927	-0.861328	-0.864502
928	-0.867432	-0.858398
929	-0.867310	-0.886475
930	-0.864868	-0.882813
931	-0.878296	-0.901855
932	-0.870605	-0.892334
933	-0.860474	-0.883301
934	-0.864380	-0.872559
935	-0.865479	-0.875732
936	-0.864868	-0.877197
937	-0.859497	-0.855225
938	-0.852173	-0.871460
939	-0.856323	-0.879883
940	-0.872925	-0.895020
941	-0.868286	-0.890137
942	-0.871216	-0.883789
943	-0.855469	-0.866455
944	-0.870361	-0.876709
945	-0.870239	-0.886353
946	-0.875122	-0.903198
947	-0.884399	-0.896118
948	-0.871460	-0.885742
949	-0.858521	-0.890747
950	-0.871338	-0.884888
951	-0.865601	-0.878174
952	-0.853760	-0.853882
953	-0.873047	-0.880127
954	-0.892944	-0.909180
955	-0.861328	-0.895264
956	-0.877319	-0.900635
957	-0.875610	-0.897949
958	-0.874268	-0.896484
959	-0.864746	-0.884521
960	-0.872437	-0.882080
961	-0.859619	-0.868164
962	-0.866943	-0.887451
963	-0.881714	-0.898682
964	-0.859131	-0.866455
965	-0.851440	-0.863770
966	-0.879639	-0.891479
967	-0.866577	-0.884644
968	-0.852173	-0.854736
969	-0.859497	-0.867676
970	-0.853638	-0.861328
971	-0.861816	-0.890625
972	-0.869263	-0.891479
973	-0.871948	-0.891235
974	-0.873535	-0.903564
975	-0.864136	-0.891235
976	-0.885254	-0.910522
977	-0.868652	-0.898682
978	-0.862793	-0.877808
979	-0.869751	-0.863770
980	-0.864136	-0.870728
981	-0.858521	-0.877563
982	-0.872559	-0.895752
983	-0.872192	-0.896118
984	-0.866089	-0.892822
985	-0.863770	-0.875854
986	-0.866089	-0.873413
987	-0.864746	-0.883057
988	-0.866821	-0.874512
989	-0.865601	-0.882568
990	-0.859131	-0.880005
991	-0.865234	-0.884888
992	-0.880615	-0.907837
993	-0.866699	-0.880005
994	-0.855469	-0.855713
995	-0.876587	-0.879028
996	-0.860107	-0.876099
997	-0.868530	-0.897949
998	-0.879883	-0.893433
999	-0.876709	-0.892334
