0	-0.996216	-0.998047
1	-0.996338	-0.998047
2	-0.995728	-0.997803
3	-0.996460	-0.998169
4	-0.996216	-0.998047
5	-0.994019	-0.996826
6	-0.995972	-0.997925
7	-0.995728	-0.997803
8	-0.996338	-0.998169
9	-0.995117	-0.997437
10	-0.997803	-0.998901
11	-0.995361	-0.997559
12	-0.997070	-0.998535
13	-0.995972	-0.997925
14	-0.997681	-0.998779
15	-0.995850	-0.997925
16	-0.996704	-0.998291
17	-0.995605	-0.997803
18	-0.995483	-0.997681
19	-0.994873	-0.997437
20	-0.997070	-0.998535
21	-0.996948	-0.998291
22	-0.996216	-0.997925
23	-0.996338	-0.998169
24	-0.997192	-0.998535
25	-0.996094	-0.997925
26	-0.997803	-0.998901
27	-0.997192	-0.998535
28	-0.994629	-0.997192
29	-0.997559	-0.998779
30	-0.996094	-0.997925
31	-0.994629	-0.997192
32	-0.995728	-0.997803
33	-0.997314	-0.998657
34	-0.996582	-0.998291
35	-0.995728	-0.997559
36	-0.996094	-0.998047
37	-0.996704	-0.998291
38	-0.996216	-0.997803
39	-0.997070	-0.998535
40	-0.996216	-0.998047
41	-0.996094	-0.998047
42	-0.995605	-0.997681
43	-0.994751	-0.997314
44	-0.996338	-0.998169
45	-0.996460	-0.998169
46	-0.996460	-0.998169
47	-0.997803	-0.998901
48	-0.996582	-0.998291
49	-0.994873	-0.997437
50	-0.995605	-0.997681
51	-0.995239	-0.997437
52	-0.996582	-0.998291
53	-0.996216	-0.997925
54	-0.995483	-0.997559
55	-0.996094	-0.998047
56	-0.997681	-0.998779
57	-0.997314	-0.998657
58	-0.995117	-0.997437
59	-0.995972	-0.997803
60	-0.997559	-0.998779
61	-0.997681	-0.998657
62	-0.997070	-0.998535
63	-0.995728	-0.997803
64	-0.996460	-0.998169
65	-0.996826	-0.998413
66	-0.995605	-0.997803
67	-0.995728	-0.997803
68	-0.996338	-0.998169
69	-0.996338	-0.998047
70	-0.997070	-0.998413
71	-0.994873	-0.997314
72	-0.998291	-0.999146
73	-0.995605	-0.997803
74	-0.995483	-0.997681
75	-0.995361	-0.997559
76	-0.996948	-0.998413
77	-0.998047	-0.999023
78	-0.996216	-0.998047
79	-0.995239	-0.997559
80	-0.994629	-0.997070
81	-0.995483	-0.997681
82	-0.996826	-0.998413
83	-0.997314	-0.998657
84	-0.998291	-0.999023
85	-0.997559	-0.998779
86	-0.996338	-0.998169
87	-0.995239	-0.997559
88	-0.993530	-0.996460
89	-0.995361	-0.997437
90	-0.996216	-0.998047
91	-0.996338	-0.998047
92	-0.996216	-0.998047
93	-0.995728	-0.997803
94	-0.996094	-0.998047
95	-0.996094	-0.998047
96	-0.994751	-0.997192
97	-0.995972	-0.997925
98	-0.995605	-0.997681
99	-0.994263	-0.997070
100	-0.996704	-0.998291
101	-0.996826	-0.998413
102	-0.996826	-0.998413
103	-0.995483	-0.997681
104	-0.996338	-0.998047
105	-0.997559	-0.998779
106	-0.996582	-0.998291
107	-0.996826	-0.998413
108	-0.996216	-0.998047
109	-0.997070	-0.998413
110	-0.996216	-0.998047
111	-0.995361	-0.997681
112	-0.996704	-0.998291
113	-0.996094	-0.997925
114	-0.995972	-0.997925
115	-0.994141	-0.996826
116	-0.995483	-0.997681
117	-0.994263	-0.997070
118	-0.997070	-0.998535
119	-0.994873	-0.997314
120	-0.995117	-0.997437
121	-0.997314	-0.998657
122	-0.996704	-0.998291
123	-0.995483	-0.997559
124	-0.995361	-0.997681
125	-0.995361	-0.997559
126	-0.996826	-0.998413
127	-0.998047	-0.999023
128	-0.995972	-0.997925
129	-0.996216	-0.998047
130	-0.995972	-0.997925
131	-0.996094	-0.998047
132	-0.996338	-0.998169
133	-0.994873	-0.997437
134	-0.997437	-0.998657
135	-0.996094	-0.998047
136	-0.994995	-0.997314
137	-0.996582	-0.998169
138	-0.996948	-0.998291
139	-0.997437	-0.998657
140	-0.994629	-0.997314
141	-0.996582	-0.998047
142	-0.995239	-0.997559
143	-0.996460	-0.998169
144	-0.995728	-0.997803
145	-0.997559	-0.998779
146	-0.996094	-0.998047
147	-0.995728	-0.997803
148	-0.997559	-0.998779
149	-0.996582	-0.998291
150	-0.994873	-0.997437
151	-0.994751	-0.997192
152	-0.996582	-0.998291
153	-0.997559	-0.998779
154	-0.996338	-0.998169
155	-0.997314	-0.998657
156	-0.996460	-0.998169
157	-0.997070	-0.998535
158	-0.996094	-0.998047
159	-0.995972	-0.997681
160	-0.996826	-0.998291
161	-0.996216	-0.998047
162	-0.995728	-0.997681
163	-0.997070	-0.998535
164	-0.996216	-0.998047
165	-0.995605	-0.997681
166	-0.996582	-0.998291
167	-0.997681	-0.998779
168	-0.994385	-0.997192
169	-0.994263	-0.996826
170	-0.995972	-0.997925
171	-0.995605	-0.997803
172	-0.996826	-0.998413
173	-0.997070	-0.998413
174	-0.995728	-0.997314
175	-0.996704	-0.998169
176	-0.996094	-0.998047
177	-0.997314	-0.998657
178	-0.994507	-0.997192
179	-0.995972	-0.997925
180	-0.995728	-0.997803
181	-0.995728	-0.997803
182	-0.997070	-0.998413
183	-0.995117	-0.997437
184	-0.996338	-0.998169
185	-0.996216	-0.998047
186	-0.996704	-0.998169
187	-0.995605	-0.997681
188	-0.994873	-0.997437
189	-0.996582	-0.998169
190	-0.995972	-0.997803
191	-0.996826	-0.998291
192	-0.998291	-0.999146
193	-0.995605	-0.997803
194	-0.997437	-0.998535
195	-0.995728	-0.997681
196	-0.996826	-0.998413
197	-0.997314	-0.998657
198	-0.996460	-0.998169
199	-0.997314	-0.998657
200	-0.996338	-0.998047
201	-0.996582	-0.998291
202	-0.995605	-0.997803
203	-0.996582	-0.998291
204	-0.995850	-0.997925
205	-0.994507	-0.997070
206	-0.995728	-0.997803
207	-0.995728	-0.997803
208	-0.995728	-0.997803
209	-0.995361	-0.997681
210	-0.996094	-0.998047
211	-0.996460	-0.998169
212	-0.994507	-0.997070
213	-0.995605	-0.997803
214	-0.996216	-0.998047
215	-0.996460	-0.998169
216	-0.995239	-0.997437
217	-0.996460	-0.998169
218	-0.996948	-0.998413
219	-0.996216	-0.998047
220	-0.997559	-0.998779
221	-0.996826	-0.998413
222	-0.995972	-0.997925
223	-0.993652	-0.996704
224	-0.996338	-0.998169
225	-0.996216	-0.997559
226	-0.996826	-0.998413
227	-0.996582	-0.998291
228	-0.994995	-0.997437
229	-0.995239	-0.997559
230	-0.996338	-0.998047
231	-0.998535	-0.999268
232	-0.997437	-0.998657
233	-0.995605	-0.997437
234	-0.996582	-0.998291
235	-0.998047	-0.999023
236	-0.997559	-0.998657
237	-0.995850	-0.997925
238	-0.995850	-0.997925
239	-0.994141	-0.996582
240	-0.995728	-0.997803
241	-0.994995	-0.997314
242	-0.995361	-0.997681
243	-0.996216	-0.998047
244	-0.994751	-0.997314
245	-0.995605	-0.997803
246	-0.995605	-0.997803
247	-0.995972	-0.997925
248	-0.996826	-0.998413
249	-0.996826	-0.998413
250	-0.997070	-0.998413
251	-0.996338	-0.998169
252	-0.995239	-0.997559
253	-0.995728	-0.997803
254	-0.993408	-0.996460
255	-0.995972	-0.997925
256	-0.996216	-0.998047
257	-0.996338	-0.998047
258	-0.995728	-0.997803
259	-0.996460	-0.998169
260	-0.996216	-0.998047
261	-0.994019	-0.996826
262	-0.995972	-0.997925
263	-0.995728	-0.997803
264	-0.996338	-0.998169
265	-0.995117	-0.997437
266	-0.997803	-0.998901
267	-0.995361	-0.997559
268	-0.997070	-0.998535
269	-0.995972	-0.997925
270	-0.997681	-0.998779
271	-0.995850	-0.997925
272	-0.996704	-0.998291
273	-0.995605	-0.997803
274	-0.995483	-0.997681
275	-0.994873	-0.997437
276	-0.997070	-0.998535
277	-0.996948	-0.998291
278	-0.996216	-0.997925
279	-0.996338	-0.998169
280	-0.997192	-0.998535
281	-0.996094	-0.997925
282	-0.997803	-0.998901
283	-0.997192	-0.998535
284	-0.994629	-0.997192
285	-0.997559	-0.998779
286	-0.996094	-0.997925
287	-0.994629	-0.997192
288	-0.995728	-0.997803
289	-0.997314	-0.998657
290	-0.996582	-0.998291
291	-0.995728	-0.997559
292	-0.996094	-0.998047
293	-0.996704	-0.998291
294	-0.996216	-0.997803
295	-0.997070	-0.998535
296	-0.996216	-0.998047
297	-0.996094	-0.998047
298	-0.995605	-0.997681
299	-0.994751	-0.997314
300	-0.996338	-0.998169
301	-0.996460	-0.998169
302	-0.996460	-0.998169
303	-0.997803	-0.998901
304	-0.996582	-0.998291
305	-0.994873	-0.997437
306	-0.995605	-0.997681
307	-0.995239	-0.997437
308	-0.996582	-0.998291
309	-0.996216	-0.997925
310	-0.995483	-0.997559
311	-0.996094	-0.998047
312	-0.997681	-0.998779
313	-0.997314	-0.998657
314	-0.995117	-0.997437
315	-0.995972	-0.997803
316	-0.997559	-0.998779
317	-0.997681	-0.998657
318	-0.997070	-0.998535
319	-0.995728	-0.997803
320	-0.996460	-0.998169
321	-0.996826	-0.998413
322	-0.995605	-0.997803
323	-0.995728	-0.997803
324	-0.996338	-0.998169
325	-0.996338	-0.998047
326	-0.997070	-0.998413
327	-0.994873	-0.997314
328	-0.998291	-0.999146
329	-0.995605	-0.997803
330	-0.995483	-0.997681
331	-0.995361	-0.997559
332	-0.996948	-0.998413
333	-0.998047	-0.999023
334	-0.996216	-0.998047
335	-0.995239	-0.997559
336	-0.994629	-0.997070
337	-0.995483	-0.997681
338	-0.996826	-0.998413
339	-0.997314	-0.998657
340	-0.998291	-0.999023
341	-0.997559	-0.998779
342	-0.996338	-0.998169
343	-0.995239	-0.997559
344	-0.993530	-0.996460
345	-0.995361	-0.997437
346	-0.996216	-0.998047
347	-0.996338	-0.998047
348	-0.996216	-0.998047
349	-0.995728	-0.997803
350	-0.996094	-0.998047
351	-0.996094	-0.998047
352	-0.994751	-0.997192
353	-0.995972	-0.997925
354	-0.995605	-0.997681
355	-0.994263	-0.997070
356	-0.996704	-0.998291
357	-0.996826	-0.998413
358	-0.996826	-0.998413
359	-0.995483	-0.997681
360	-0.996338	-0.998047
361	-0.997559	-0.998779
362	-0.996582	-0.998291
363	-0.996826	-0.998413
364	-0.996216	-0.998047
365	-0.997070	-0.998413
366	-0.996216	-0.998047
367	-0.995361	-0.997681
368	-0.996704	-0.998291
369	-0.996094	-0.997925
370	-0.995972	-0.997925
371	-0.994141	-0.996826
372	-0.995483	-0.997681
373	-0.994263	-0.997070
374	-0.997070	-0.998535
375	-0.994873	-0.997314
376	-0.995117	-0.997437
377	-0.997314	-0.998657
378	-0.996704	-0.998291
379	-0.995483	-0.997559
380	-0.995361	-0.997681
381	-0.995361	-0.997559
382	-0.996826	-0.998413
383	-0.998047	-0.999023
384	-0.995972	-0.997925
385	-0.996216	-0.998047
386	-0.995972	-0.997925
387	-0.996094	-0.998047
388	-0.996338	-0.998169
389	-0.994873	-0.997437
390	-0.997437	-0.998657
391	-0.996094	-0.998047
392	-0.994995	-0.997314
393	-0.996582	-0.998169
394	-0.996948	-0.998291
395	-0.997437	-0.998657
396	-0.994629	-0.997314
397	-0.996582	-0.998047
398	-0.995239	-0.997559
399	-0.996460	-0.998169
400	-0.995728	-0.997803
401	-0.997559	-0.998779
402	-0.996094	-0.998047
403	-0.995728	-0.997803
404	-0.997559	-0.998779
405	-0.996582	-0.998291
406	-0.994873	-0.997437
407	-0.994751	-0.997192
408	-0.996582	-0.998291
409	-0.997559	-0.998779
410	-0.996338	-0.998169
411	-0.997314	-0.998657
412	-0.996460	-0.998169
413	-0.997070	-0.998535
414	-0.996094	-0.998047
415	-0.995972	-0.997681
416	-0.996826	-0.998291
417	-0.996216	-0.998047
418	-0.995728	-0.997681
419	-0.997070	-0.998535
420	-0.996216	-0.998047
421	-0.995605	-0.997681
422	-0.996582	-0.998291
423	-0.997681	-0.998779
424	-0.994385	-0.997192
425	-0.994263	-0.996826
426	-0.995972	-0.997925
427	-0.995605	-0.997803
428	-0.996826	-0.998413
429	-0.997070	-0.998413
430	-0.995728	-0.997314
431	-0.996704	-0.998169
432	-0.996094	-0.998047
433	-0.997314	-0.998657
434	-0.994507	-0.997192
435	-0.995972	-0.997925
436	-0.995728	-0.997803
437	-0.995728	-0.997803
438	-0.997070	-0.998413
439	-0.995117	-0.997437
440	-0.996338	-0.998169
441	-0.996216	-0.998047
442	-0.996704	-0.998169
443	-0.995605	-0.997681
444	-0.994873	-0.997437
445	-0.996582	-0.998169
446	-0.995972	-0.997803
447	-0.996826	-0.998291
448	-0.998291	-0.999146
449	-0.995605	-0.997803
450	-0.997437	-0.998535
451	-0.995728	-0.997681
452	-0.996826	-0.998413
453	-0.997314	-0.998657
454	-0.996460	-0.998169
455	-0.997314	-0.998657
456	-0.996338	-0.998047
457	-0.996582	-0.998291
458	-0.995605	-0.997803
459	-0.996582	-0.998291
460	-0.995850	-0.997925
461	-0.994507	-0.997070
462	-0.995728	-0.997803
463	-0.995728	-0.997803
464	-0.995728	-0.997803
465	-0.995361	-0.997681
466	-0.996094	-0.998047
467	-0.996460	-0.998169
468	-0.994507	-0.997070
469	-0.995605	-0.997803
470	-0.996216	-0.998047
471	-0.996460	-0.998169
472	-0.995239	-0.997437
473	-0.996460	-0.998169
474	-0.996948	-0.998413
475	-0.996216	-0.998047
476	-0.997559	-0.998779
477	-0.996826	-0.998413
478	-0.995972	-0.997925
479	-0.993652	-0.996704
480	-0.996338	-0.998169
481	-0.996216	-0.997559
482	-0.996826	-0.998413
483	-0.996582	-0.998291
484	-0.994995	-0.997437
485	-0.995239	-0.997559
486	-0.996338	-0.998047
487	-0.998535	-0.999268
488	-0.997437	-0.998657
489	-0.995605	-0.997437
490	-0.996582	-0.998291
491	-0.998047	-0.999023
492	-0.997559	-0.998657
493	-0.995850	-0.997925
494	-0.995850	-0.997925
495	-0.994141	-0.996582
496	-0.995728	-0.997803
497	-0.994995	-0.997314
498	-0.995361	-0.997681
499	-0.996216	-0.998047
500	-0.994751	-0.997314
501	-0.995605	-0.997803
502	-0.995605	-0.997803
503	-0.995972	-0.997925
504	-0.996826	-0.998413
505	-0.996826	-0.998413
506	-0.997070	-0.998413
507	-0.996338	-0.998169
508	-0.995239	-0.997559
509	-0.995728	-0.997803
510	-0.993408	-0.996460
511	-0.995972	-0.997925
512	-0.996216	-0.998047
513	-0.996338	-0.998047
514	-0.995728	-0.997803
515	-0.996460	-0.998169
516	-0.996216	-0.998047
517	-0.994019	-0.996826
518	-0.995972	-0.997925
519	-0.995728	-0.997803
520	-0.996338	-0.998169
521	-0.995117	-0.997437
522	-0.997803	-0.998901
523	-0.995361	-0.997559
524	-0.997070	-0.998535
525	-0.995972	-0.997925
526	-0.997681	-0.998779
527	-0.995850	-0.997925
528	-0.996704	-0.998291
529	-0.995605	-0.997803
530	-0.995483	-0.997681
531	-0.994873	-0.997437
532	-0.997070	-0.998535
533	-0.996948	-0.998291
534	-0.996216	-0.997925
535	-0.996338	-0.998169
536	-0.997192	-0.998535
537	-0.996094	-0.997925
538	-0.997803	-0.998901
539	-0.997192	-0.998535
540	-0.994629	-0.997192
541	-0.997559	-0.998779
542	-0.996094	-0.997925
543	-0.994629	-0.997192
544	-0.995728	-0.997803
545	-0.997314	-0.998657
546	-0.996582	-0.998291
547	-0.995728	-0.997559
548	-0.996094	-0.998047
549	-0.996704	-0.998291
550	-0.996216	-0.997803
551	-0.997070	-0.998535
552	-0.996216	-0.998047
553	-0.996094	-0.998047
554	-0.995605	-0.997681
555	-0.994751	-0.997314
556	-0.996338	-0.998169
557	-0.996460	-0.998169
558	-0.996460	-0.998169
559	-0.997803	-0.998901
560	-0.996582	-0.998291
561	-0.994873	-0.997437
562	-0.995605	-0.997681
563	-0.995239	-0.997437
564	-0.996582	-0.998291
565	-0.996216	-0.997925
566	-0.995483	-0.997559
567	-0.996094	-0.998047
568	-0.997681	-0.998779
569	-0.997314	-0.998657
570	-0.995117	-0.997437
571	-0.995972	-0.997803
572	-0.997559	-0.998779
573	-0.997681	-0.998657
574	-0.997070	-0.998535
575	-0.995728	-0.997803
576	-0.996460	-0.998169
577	-0.996826	-0.998413
578	-0.995605	-0.997803
579	-0.995728	-0.997803
580	-0.996338	-0.998169
581	-0.996338	-0.998047
582	-0.997070	-0.998413
583	-0.994873	-0.997314
584	-0.998291	-0.999146
585	-0.995605	-0.997803
586	-0.995483	-0.997681
587	-0.995361	-0.997559
588	-0.996948	-0.998413
589	-0.998047	-0.999023
590	-0.996216	-0.998047
591	-0.995239	-0.997559
592	-0.994629	-0.997070
593	-0.995483	-0.997681
594	-0.996826	-0.998413
595	-0.997314	-0.998657
596	-0.998291	-0.999023
597	-0.997559	-0.998779
598	-0.996338	-0.998169
599	-0.995239	-0.997559
600	-0.993530	-0.996460
601	-0.995361	-0.997437
602	-0.996216	-0.998047
603	-0.996338	-0.998047
604	-0.996216	-0.998047
605	-0.995728	-0.997803
606	-0.996094	-0.998047
607	-0.996094	-0.998047
608	-0.994751	-0.997192
609	-0.995972	-0.997925
610	-0.995605	-0.997681
611	-0.994263	-0.997070
612	-0.996704	-0.998291
613	-0.996826	-0.998413
614	-0.996826	-0.998413
615	-0.995483	-0.997681
616	-0.996338	-0.998047
617	-0.997559	-0.998779
618	-0.996582	-0.998291
619	-0.996826	-0.998413
620	-0.996216	-0.998047
621	-0.997070	-0.998413
622	-0.996216	-0.998047
623	-0.995361	-0.997681
624	-0.996704	-0.998291
625	-0.996094	-0.997925
626	-0.995972	-0.997925
627	-0.994141	-0.996826
628	-0.995483	-0.997681
629	-0.994263	-0.997070
630	-0.997070	-0.998535
631	-0.994873	-0.997314
632	-0.995117	-0.997437
633	-0.997314	-0.998657
634	-0.996704	-0.998291
635	-0.995483	-0.997559
636	-0.995361	-0.997681
637	-0.995361	-0.997559
638	-0.996826	-0.998413
639	-0.998047	-0.999023
640	-0.995972	-0.997925
641	-0.996216	-0.998047
642	-0.995972	-0.997925
643	-0.996094	-0.998047
644	-0.996338	-0.998169
645	-0.994873	-0.997437
646	-0.997437	-0.998657
647	-0.996094	-0.998047
648	-0.994995	-0.997314
649	-0.996582	-0.998169
650	-0.996948	-0.998291
651	-0.997437	-0.998657
652	-0.994629	-0.997314
653	-0.996582	-0.998047
654	-0.995239	-0.997559
655	-0.996460	-0.998169
656	-0.995728	-0.997803
657	-0.997559	-0.998779
658	-0.996094	-0.998047
659	-0.995728	-0.997803
660	-0.997559	-0.998779
661	-0.996582	-0.998291
662	-0.994873	-0.997437
663	-0.994751	-0.997192
664	-0.996582	-0.998291
665	-0.997559	-0.998779
666	-0.996338	-0.998169
667	-0.997314	-0.998657
668	-0.996460	-0.998169
669	-0.997070	-0.998535
670	-0.996094	-0.998047
671	-0.995972	-0.997681
672	-0.996826	-0.998291
673	-0.996216	-0.998047
674	-0.995728	-0.997681
675	-0.997070	-0.998535
676	-0.996216	-0.998047
677	-0.995605	-0.997681
678	-0.996582	-0.998291
679	-0.997681	-0.998779
680	-0.994385	-0.997192
681	-0.994263	-0.996826
682	-0.995972	-0.997925
683	-0.995605	-0.997803
684	-0.996826	-0.998413
685	-0.997070	-0.998413
686	-0.995728	-0.997314
687	-0.996704	-0.998169
688	-0.996094	-0.998047
689	-0.997314	-0.998657
690	-0.994507	-0.997192
691	-0.995972	-0.997925
692	-0.995728	-0.997803
693	-0.995728	-0.997803
694	-0.997070	-0.998413
695	-0.995117	-0.997437
696	-0.996338	-0.998169
697	-0.996216	-0.998047
698	-0.996704	-0.998169
699	-0.995605	-0.997681
700	-0.994873	-0.997437
701	-0.996582	-0.998169
702	-0.995972	-0.997803
703	-0.996826	-0.998291
704	-0.998291	-0.999146
705	-0.995605	-0.997803
706	-0.997437	-0.998535
707	-0.995728	-0.997681
708	-0.996826	-0.998413
709	-0.997314	-0.998657
710	-0.996460	-0.998169
711	-0.997314	-0.998657
712	-0.996338	-0.998047
713	-0.996582	-0.998291
714	-0.995605	-0.997803
715	-0.996582	-0.998291
716	-0.995850	-0.997925
717	-0.994507	-0.997070
718	-0.995728	-0.997803
719	-0.995728	-0.997803
720	-0.995728	-0.997803
721	-0.995361	-0.997681
722	-0.996094	-0.998047
723	-0.996460	-0.998169
724	-0.994507	-0.997070
725	-0.995605	-0.997803
726	-0.996216	-0.998047
727	-0.996460	-0.998169
728	-0.995239	-0.997437
729	-0.996460	-0.998169
730	-0.996948	-0.998413
731	-0.996216	-0.998047
732	-0.997559	-0.998779
733	-0.996826	-0.998413
734	-0.995972	-0.997925
735	-0.993652	-0.996704
736	-0.996338	-0.998169
737	-0.996216	-0.997559
738	-0.996826	-0.998413
739	-0.996582	-0.998291
740	-0.994995	-0.997437
741	-0.995239	-0.997559
742	-0.996338	-0.998047
743	-0.998535	-0.999268
744	-0.997437	-0.998657
745	-0.995605	-0.997437
746	-0.996582	-0.998291
747	-0.998047	-0.999023
748	-0.997559	-0.998657
749	-0.995850	-0.997925
750	-0.995850	-0.997925
751	-0.994141	-0.996582
752	-0.995728	-0.997803
753	-0.994995	-0.997314
754	-0.995361	-0.997681
755	-0.996216	-0.998047
756	-0.994751	-0.997314
757	-0.995605	-0.997803
758	-0.995605	-0.997803
759	-0.995972	-0.997925
760	-0.996826	-0.998413
761	-0.996826	-0.998413
762	-0.997070	-0.998413
763	-0.996338	-0.998169
764	-0.995239	-0.997559
765	-0.995728	-0.997803
766	-0.993408	-0.996460
767	-0.995972	-0.997925
768	-0.996216	-0.998047
769	-0.996338	-0.998047
770	-0.995728	-0.997803
771	-0.996460	-0.998169
772	-0.996216	-0.998047
773	-0.994019	-0.996826
774	-0.995972	-0.997925
775	-0.995728	-0.997803
776	-0.996338	-0.998169
777	-0.995117	-0.997437
778	-0.997803	-0.998901
779	-0.995361	-0.997559
780	-0.997070	-0.998535
781	-0.995972	-0.997925
782	-0.997681	-0.998779
783	-0.995850	-0.997925
784	-0.996704	-0.998291
785	-0.995605	-0.997803
786	-0.995483	-0.997681
787	-0.994873	-0.997437
788	-0.997070	-0.998535
789	-0.996948	-0.998291
790	-0.996216	-0.997925
791	-0.996338	-0.998169
792	-0.997192	-0.998535
793	-0.996094	-0.997925
794	-0.997803	-0.998901
795	-0.997192	-0.998535
796	-0.994629	-0.997192
797	-0.997559	-0.998779
798	-0.996094	-0.997925
799	-0.994629	-0.997192
800	-0.995728	-0.997803
801	-0.997314	-0.998657
802	-0.996582	-0.998291
803	-0.995728	-0.997559
804	-0.996094	-0.998047
805	-0.996704	-0.998291
806	-0.996216	-0.997803
807	-0.997070	-0.998535
808	-0.996216	-0.998047
809	-0.996094	-0.998047
810	-0.995605	-0.997681
811	-0.994751	-0.997314
812	-0.996338	-0.998169
813	-0.996460	-0.998169
814	-0.996460	-0.998169
815	-0.997803	-0.998901
816	-0.996582	-0.998291
817	-0.994873	-0.997437
818	-0.995605	-0.997681
819	-0.995239	-0.997437
820	-0.996582	-0.998291
821	-0.996216	-0.997925
822	-0.995483	-0.997559
823	-0.996094	-0.998047
824	-0.997681	-0.998779
825	-0.997314	-0.998657
826	-0.995117	-0.997437
827	-0.995972	-0.997803
828	-0.997559	-0.998779
829	-0.997681	-0.998657
830	-0.997070	-0.998535
831	-0.995728	-0.997803
832	-0.996460	-0.998169
833	-0.996826	-0.998413
834	-0.995605	-0.997803
835	-0.995728	-0.997803
836	-0.996338	-0.998169
837	-0.996338	-0.998047
838	-0.997070	-0.998413
839	-0.994873	-0.997314
840	-0.998291	-0.999146
841	-0.995605	-0.997803
842	-0.995483	-0.997681
843	-0.995361	-0.997559
844	-0.996948	-0.998413
845	-0.998047	-0.999023
846	-0.996216	-0.998047
847	-0.995239	-0.997559
848	-0.994629	-0.997070
849	-0.995483	-0.997681
850	-0.996826	-0.998413
851	-0.997314	-0.998657
852	-0.998291	-0.999023
853	-0.997559	-0.998779
854	-0.996338	-0.998169
855	-0.995239	-0.997559
856	-0.993530	-0.996460
857	-0.995361	-0.997437
858	-0.996216	-0.998047
859	-0.996338	-0.998047
860	-0.996216	-0.998047
861	-0.995728	-0.997803
862	-0.996094	-0.998047
863	-0.996094	-0.998047
864	-0.994751	-0.997192
865	-0.995972	-0.997925
866	-0.995605	-0.997681
867	-0.994263	-0.997070
868	-0.996704	-0.998291
869	-0.996826	-0.998413
870	-0.996826	-0.998413
871	-0.995483	-0.997681
872	-0.996338	-0.998047
873	-0.997559	-0.998779
874	-0.996582	-0.998291
875	-0.996826	-0.998413
876	-0.996216	-0.998047
877	-0.997070	-0.998413
878	-0.996216	-0.998047
879	-0.995361	-0.997681
880	-0.996704	-0.998291
881	-0.996094	-0.997925
882	-0.995972	-0.997925
883	-0.994141	-0.996826
884	-0.995483	-0.997681
885	-0.994263	-0.997070
886	-0.997070	-0.998535
887	-0.994873	-0.997314
888	-0.995117	-0.997437
889	-0.997314	-0.998657
890	-0.996704	-0.998291
891	-0.995483	-0.997559
892	-0.995361	-0.997681
893	-0.995361	-0.997559
894	-0.996826	-0.998413
895	-0.998047	-0.999023
896	-0.995972	-0.997925
897	-0.996216	-0.998047
898	-0.995972	-0.997925
899	-0.996094	-0.998047
900	-0.996338	-0.998169
901	-0.994873	-0.997437
902	-0.997437	-0.998657
903	-0.996094	-0.998047
904	-0.994995	-0.997314
905	-0.996582	-0.998169
906	-0.996948	-0.998291
907	-0.997437	-0.998657
908	-0.994629	-0.997314
909	-0.996582	-0.998047
910	-0.995239	-0.997559
911	-0.996460	-0.998169
912	-0.995728	-0.997803
913	-0.997559	-0.998779
914	-0.996094	-0.998047
915	-0.995728	-0.997803
916	-0.997559	-0.998779
917	-0.996582	-0.998291
918	-0.994873	-0.997437
919	-0.994751	-0.997192
920	-0.996582	-0.998291
921	-0.997559	-0.998779
922	-0.996338	-0.998169
923	-0.997314	-0.998657
924	-0.996460	-0.998169
925	-0.997070	-0.998535
926	-0.996094	-0.998047
927	-0.995972	-0.997681
928	-0.996826	-0.998291
929	-0.996216	-0.998047
930	-0.995728	-0.997681
931	-0.997070	-0.998535
932	-0.996216	-0.998047
933	-0.995605	-0.997681
934	-0.996582	-0.998291
935	-0.997681	-0.998779
936	-0.994385	-0.997192
937	-0.994263	-0.996826
938	-0.995972	-0.997925
939	-0.995605	-0.997803
940	-0.996826	-0.998413
941	-0.997070	-0.998413
942	-0.995728	-0.997314
943	-0.996704	-0.998169
944	-0.996094	-0.998047
945	-0.997314	-0.998657
946	-0.994507	-0.997192
947	-0.995972	-0.997925
948	-0.995728	-0.997803
949	-0.995728	-0.997803
950	-0.997070	-0.998413
951	-0.995117	-0.997437
952	-0.996338	-0.998169
953	-0.996216	-0.998047
954	-0.996704	-0.998169
955	-0.995605	-0.997681
956	-0.994873	-0.997437
957	-0.996582	-0.998169
958	-0.995972	-0.997803
959	-0.996826	-0.998291
960	-0.998291	-0.999146
961	-0.995605	-0.997803
962	-0.997437	-0.998535
963	-0.995728	-0.997681
964	-0.996826	-0.998413
965	-0.997314	-0.998657
966	-0.996460	-0.998169
967	-0.997314	-0.998657
968	-0.996338	-0.998047
969	-0.996582	-0.998291
970	-0.995605	-0.997803
971	-0.996582	-0.998291
972	-0.995850	-0.997925
973	-0.994507	-0.997070
974	-0.995728	-0.997803
975	-0.995728	-0.997803
976	-0.995728	-0.997803
977	-0.995361	-0.997681
978	-0.996094	-0.998047
979	-0.996460	-0.998169
980	-0.994507	-0.997070
981	-0.995605	-0.997803
982	-0.996216	-0.998047
983	-0.996460	-0.998169
984	-0.995239	-0.997437
985	-0.996460	-0.998169
986	-0.996948	-0.998413
987	-0.996216	-0.998047
988	-0.997559	-0.998779
989	-0.996826	-0.998413
990	-0.995972	-0.997925
991	-0.993652	-0.996704
992	-0.996338	-0.998169
993	-0.996216	-0.997559
994	-0.996826	-0.998413
995	-0.996582	-0.998291
996	-0.994995	-0.997437
997	-0.995239	-0.997559
998	-0.996338	-0.998047
999	-0.998535	-0.999268
