0	-0.367310	0.008911
1	-0.371338	0.025269
2	-0.372559	0.014038
3	-0.377563	-0.017578
4	-0.361206	-0.019531
5	-0.362915	-0.007324
6	-0.372681	-0.025635
7	-0.360352	-0.002563
8	-0.361816	-0.011841
9	-0.376099	0.033691
10	-0.357910	0.019165
11	-0.367188	-0.026123
12	-0.381714	0.005127
13	-0.364380	-0.008789
14	-0.363281	-0.009399
15	-0.368286	-0.056274
16	-0.370117	0.006714
17	-0.364014	0.012085
18	-0.362305	-0.017944
19	-0.351440	-0.018677
20	-0.363281	0.024658
21	-0.363892	-0.013062
22	-0.358765	-0.037354
23	-0.367065	-0.015137
24	-0.354248	-0.025513
25	-0.363037	0.010498
26	-0.366577	-0.011230
27	-0.367310	-0.019409
28	-0.369263	-0.014893
29	-0.349731	0.020630
30	-0.364014	0.027588
31	-0.365234	0.030151
32	-0.357422	-0.002686
33	-0.376099	0.015625
34	-0.379883	0.053711
35	-0.367676	0.003662
36	-0.369019	-0.003784
37	-0.370605	0.020142
38	-0.356445	-0.020874
39	-0.364014	-0.004761
40	-0.362793	0.006958
41	-0.358765	-0.031128
42	-0.374390	0.020996
43	-0.366455	0.000000
44	-0.365601	-0.001587
45	-0.362793	0.064819
46	-0.372437	-0.029907
47	-0.365601	-0.019043
48	-0.361816	-0.029297
49	-0.371826	0.018921
50	-0.368408	-0.019653
51	-0.354492	0.005981
52	-0.370728	-0.009644
53	-0.379883	0.006592
54	-0.355713	0.000732
55	-0.361084	0.042847
56	-0.371826	0.061523
57	-0.365479	-0.006592
58	-0.364014	0.022827
59	-0.363647	-0.016602
60	-0.357178	0.004761
61	-0.366333	0.000488
62	-0.361572	0.019165
63	-0.369629	0.028076
64	-0.373169	-0.026245
65	-0.365356	0.014893
66	-0.366211	-0.017334
67	-0.368530	0.005981
68	-0.365479	-0.043945
69	-0.366455	0.009399
70	-0.357666	-0.001831
71	-0.364990	-0.026855
72	-0.364014	-0.018921
73	-0.359375	-0.050537
74	-0.367676	-0.011353
75	-0.371216	-0.019043
76	-0.358643	0.031860
77	-0.372070	0.001343
78	-0.376831	-0.042603
79	-0.366455	-0.010498
80	-0.365356	0.025024
81	-0.371216	0.007690
82	-0.361816	-0.046509
83	-0.364990	-0.000610
84	-0.370728	0.011719
85	-0.359863	-0.006714
86	-0.369263	-0.021851
87	-0.356812	0.010742
88	-0.366821	-0.018311
89	-0.362305	-0.012451
90	-0.359863	0.047974
91	-0.364868	-0.015259
92	-0.362915	-0.020752
93	-0.374023	-0.027100
94	-0.366699	0.011597
95	-0.354858	0.013550
96	-0.360107	0.027344
97	-0.367432	0.029785
98	-0.364990	0.005005
99	-0.362427	-0.014038
100	-0.373901	-0.006714
101	-0.374634	0.021729
102	-0.364624	0.010254
103	-0.380005	0.014526
104	-0.362183	-0.011719
105	-0.372070	0.004639
106	-0.372559	0.029663
107	-0.363159	0.004883
108	-0.371216	-0.004639
109	-0.368408	-0.016968
110	-0.349365	-0.039185
111	-0.358276	-0.015869
112	-0.365112	-0.008545
113	-0.369141	-0.004761
114	-0.352173	-0.001953
115	-0.368164	0.060547
116	-0.374634	-0.006104
117	-0.359253	0.036133
118	-0.360962	0.041138
119	-0.363525	-0.034302
120	-0.367554	-0.003052
121	-0.364014	-0.016235
122	-0.362061	-0.017822
123	-0.362305	-0.008789
124	-0.362183	-0.018066
125	-0.366821	0.027466
126	-0.370850	0.022949
127	-0.369873	-0.011597
128	-0.367065	0.020508
129	-0.363770	0.009399
130	-0.363281	0.013062
131	-0.371948	-0.002930
132	-0.369995	-0.005371
133	-0.358887	0.051025
134	-0.385864	0.031860
135	-0.368774	0.031250
136	-0.363403	-0.004761
137	-0.365723	-0.007446
138	-0.376099	0.007202
139	-0.362793	0.020020
140	-0.371094	0.017944
141	-0.376709	-0.010742
142	-0.366089	-0.040161
143	-0.367432	-0.036011
144	-0.364258	-0.035645
145	-0.370728	0.000610
146	-0.371460	0.033569
147	-0.349854	-0.001343
148	-0.373657	-0.004761
149	-0.362671	0.041504
150	-0.374390	-0.032837
151	-0.362427	0.021118
152	-0.363525	0.027222
153	-0.369995	-0.032227
154	-0.378784	-0.011963
155	-0.352783	-0.003540
156	-0.364624	0.003418
157	-0.368774	-0.009766
158	-0.365967	-0.012695
159	-0.361816	-0.020020
160	-0.374023	-0.027466
161	-0.362671	0.000000
162	-0.352295	0.015747
163	-0.358398	0.028076
164	-0.383911	-0.004150
165	-0.372559	0.005249
166	-0.364502	0.008667
167	-0.359009	0.006836
168	-0.351318	-0.006470
169	-0.369141	-0.024780
170	-0.362793	-0.039185
171	-0.366455	-0.013794
172	-0.364502	-0.027466
173	-0.369141	0.006836
174	-0.357910	-0.007568
175	-0.361816	0.020508
176	-0.366943	0.002930
177	-0.375122	-0.003784
178	-0.374268	-0.038940
179	-0.359009	-0.031982
180	-0.364746	0.036377
181	-0.364990	0.002319
182	-0.353149	-0.001709
183	-0.358154	0.009399
184	-0.371094	-0.053223
185	-0.356689	0.001343
186	-0.353149	0.005371
187	-0.370605	0.002075
188	-0.367676	0.000244
189	-0.369019	0.008911
190	-0.366455	-0.023560
191	-0.367920	-0.000122
192	-0.359863	-0.008789
193	-0.368896	-0.031982
194	-0.363403	0.038086
195	-0.368286	0.035889
196	-0.361206	-0.005005
197	-0.360352	-0.020996
198	-0.361694	-0.025513
199	-0.364746	-0.002563
200	-0.365967	-0.001831
201	-0.379517	-0.029785
202	-0.365845	-0.013794
203	-0.360107	-0.000732
204	-0.366089	0.003784
205	-0.357910	-0.055420
206	-0.346802	-0.025757
207	-0.359375	0.014404
208	-0.354492	-0.001465
209	-0.353271	-0.007202
210	-0.372437	0.002563
211	-0.361938	0.022461
212	-0.370605	-0.008789
213	-0.358032	-0.012207
214	-0.374756	-0.003906
215	-0.371216	0.020264
216	-0.370850	-0.039185
217	-0.376465	0.013916
218	-0.352783	-0.007446
219	-0.355469	0.031616
220	-0.379028	-0.012817
221	-0.375732	0.027588
222	-0.375122	-0.029297
223	-0.367676	-0.025757
224	-0.366333	-0.025024
225	-0.375488	0.031982
226	-0.348267	0.005737
227	-0.360962	0.007202
228	-0.366333	-0.029907
229	-0.364258	0.062378
230	-0.368652	0.016235
231	-0.352295	0.005249
232	-0.371582	-0.044067
233	-0.362793	0.019409
234	-0.350586	-0.011230
235	-0.369507	-0.030884
236	-0.362549	0.050537
237	-0.365234	-0.003418
238	-0.359741	0.004150
239	-0.382080	-0.003174
240	-0.361938	0.000366
241	-0.366455	-0.058472
242	-0.357178	0.011963
243	-0.365967	0.020996
244	-0.373779	0.012939
245	-0.350098	0.007568
246	-0.369873	-0.007446
247	-0.361084	-0.020996
248	-0.373779	0.011963
249	-0.360107	0.032227
250	-0.354614	-0.005615
251	-0.373901	0.006714
252	-0.374512	-0.036133
253	-0.370972	-0.053223
254	-0.360229	-0.000854
255	-0.369507	0.030640
256	-0.364136	0.023438
257	-0.365112	-0.023071
258	-0.375122	0.027222
259	-0.363281	0.027710
260	-0.358521	0.030640
261	-0.361694	0.031616
262	-0.358276	-0.061768
263	-0.366699	-0.004517
264	-0.373779	-0.022705
265	-0.370117	0.057983
266	-0.363037	-0.017090
267	-0.378662	0.024902
268	-0.363037	-0.023804
269	-0.358398	0.015259
270	-0.365479	0.027832
271	-0.365356	-0.001465
272	-0.355103	-0.008789
273	-0.360107	-0.030151
274	-0.366089	-0.038330
275	-0.352539	-0.037720
276	-0.361084	0.009033
277	-0.366455	0.009399
278	-0.369385	-0.030518
279	-0.366821	-0.030640
280	-0.374023	-0.002441
281	-0.361816	0.042603
282	-0.355957	0.025146
283	-0.371338	0.015503
284	-0.363281	-0.022339
285	-0.370239	-0.063110
286	-0.365723	0.013550
287	-0.370239	-0.033813
288	-0.368774	0.041016
289	-0.364502	-0.012695
290	-0.359985	-0.005249
291	-0.360718	-0.027100
292	-0.371094	-0.024536
293	-0.378784	0.016113
294	-0.374023	-0.012695
295	-0.362793	-0.016479
296	-0.374146	-0.020386
297	-0.364380	0.001465
298	-0.374634	0.013428
299	-0.368408	0.014771
300	-0.371216	0.030396
301	-0.361572	-0.005371
302	-0.369141	-0.047241
303	-0.380371	0.007568
304	-0.370850	0.008789
305	-0.374268	0.013184
306	-0.365601	0.013184
307	-0.361328	-0.003540
308	-0.364014	0.002930
309	-0.363770	-0.019653
310	-0.360229	0.003784
311	-0.364624	0.008423
312	-0.366943	-0.014282
313	-0.356445	0.000244
314	-0.359253	-0.028076
315	-0.367310	0.000610
316	-0.364136	-0.023560
317	-0.376221	-0.029785
318	-0.380249	-0.006836
319	-0.360840	-0.061279
320	-0.364990	-0.037231
321	-0.383301	0.006958
322	-0.372681	-0.019775
323	-0.365845	-0.036987
324	-0.368164	0.028198
325	-0.372559	-0.050415
326	-0.360229	-0.012329
327	-0.368896	0.010742
328	-0.365845	0.000244
329	-0.363159	0.006958
330	-0.374878	-0.000488
331	-0.371338	-0.009521
332	-0.360107	0.022461
333	-0.361450	-0.032227
334	-0.372559	-0.017212
335	-0.362427	0.003418
336	-0.366333	-0.059570
337	-0.369995	-0.016724
338	-0.353760	-0.036011
339	-0.371460	-0.023438
340	-0.360840	0.013062
341	-0.373047	-0.000244
342	-0.353638	-0.024658
343	-0.369995	0.031494
344	-0.362915	-0.017700
345	-0.359741	-0.016968
346	-0.373047	-0.009521
347	-0.370361	-0.046143
348	-0.363037	-0.006836
349	-0.357666	0.003052
350	-0.363281	0.032593
351	-0.349731	-0.003296
352	-0.363403	-0.045898
353	-0.371826	-0.005493
354	-0.356812	0.002075
355	-0.364624	0.051636
356	-0.351929	0.010132
357	-0.362183	-0.001221
358	-0.365601	0.013794
359	-0.364746	-0.001831
360	-0.351563	0.040649
361	-0.368530	-0.000122
362	-0.372192	0.005615
363	-0.363525	-0.008179
364	-0.369629	0.027588
365	-0.363403	0.026123
366	-0.363892	0.033813
367	-0.356201	0.026611
368	-0.368652	-0.006714
369	-0.368408	-0.056152
370	-0.354492	-0.025513
371	-0.364136	-0.036621
372	-0.360962	-0.006226
373	-0.364136	-0.013916
374	-0.369629	-0.007813
375	-0.375977	-0.018555
376	-0.363525	-0.002686
377	-0.368652	-0.000854
378	-0.367920	-0.024902
379	-0.365601	0.014404
380	-0.369873	-0.011963
381	-0.367554	-0.001099
382	-0.354858	0.011597
383	-0.370850	-0.017700
384	-0.367188	-0.002930
385	-0.357056	-0.014404
386	-0.353760	0.038940
387	-0.362061	-0.020020
388	-0.369385	-0.040161
389	-0.362915	-0.004883
390	-0.380737	0.023804
391	-0.370117	-0.004761
392	-0.367188	-0.033203
393	-0.369141	-0.012817
394	-0.357910	-0.031616
395	-0.356812	-0.012207
396	-0.375488	-0.012085
397	-0.370605	0.005005
398	-0.367065	-0.033447
399	-0.377563	0.005127
400	-0.355225	-0.016479
401	-0.380615	-0.036499
402	-0.372803	0.034790
403	-0.371704	0.018311
404	-0.375854	-0.013672
405	-0.360596	0.036499
406	-0.368896	0.023804
407	-0.375488	0.032349
408	-0.358276	0.009399
409	-0.364868	-0.036133
410	-0.372925	0.007446
411	-0.371216	0.016602
412	-0.377686	0.030884
413	-0.370361	0.011230
414	-0.367554	-0.017456
415	-0.381226	-0.037354
416	-0.366211	0.001831
417	-0.373169	0.021362
418	-0.361084	0.007446
419	-0.360840	0.021118
420	-0.372070	0.002319
421	-0.357910	-0.052490
422	-0.364136	0.003784
423	-0.362183	0.025024
424	-0.357544	0.017700
425	-0.364014	0.028076
426	-0.369019	0.021240
427	-0.362549	-0.009033
428	-0.376465	-0.014771
429	-0.368042	-0.021484
430	-0.372803	0.013062
431	-0.369019	0.003662
432	-0.366455	0.001709
433	-0.360962	-0.008423
434	-0.370972	0.062012
435	-0.373657	-0.025146
436	-0.372437	-0.036621
437	-0.355957	0.021484
438	-0.366699	0.019165
439	-0.365112	0.018188
440	-0.379639	0.006104
441	-0.374023	-0.046509
442	-0.366333	0.010254
443	-0.367554	0.011230
444	-0.362061	0.067017
445	-0.368774	-0.010742
446	-0.364502	-0.005493
447	-0.363525	0.022095
448	-0.373169	-0.015381
449	-0.355469	0.012817
450	-0.377808	-0.005249
451	-0.370850	-0.015015
452	-0.363037	-0.008911
453	-0.360962	0.016968
454	-0.368286	-0.007446
455	-0.368652	-0.022705
456	-0.353149	-0.015381
457	-0.365723	0.040161
458	-0.359009	0.015015
459	-0.357666	0.036987
460	-0.374512	0.014038
461	-0.365601	0.018921
462	-0.358521	-0.006714
463	-0.366333	0.022949
464	-0.350708	-0.020630
465	-0.373413	0.036499
466	-0.373169	0.011353
467	-0.371582	-0.029907
468	-0.367798	-0.028320
469	-0.359619	0.047607
470	-0.379150	0.047607
471	-0.367188	-0.006226
472	-0.357910	0.004395
473	-0.372314	-0.000610
474	-0.364990	0.036987
475	-0.357544	-0.008667
476	-0.364746	0.022339
477	-0.363647	0.000488
478	-0.365112	-0.025269
479	-0.360962	-0.015991
480	-0.369995	0.009644
481	-0.375122	0.043701
482	-0.356201	0.028687
483	-0.367798	0.027588
484	-0.363647	-0.017090
485	-0.360840	-0.026245
486	-0.373047	-0.031128
487	-0.357178	-0.002808
488	-0.366211	0.004272
489	-0.357910	0.009521
490	-0.359497	-0.039307
491	-0.364990	-0.041504
492	-0.374268	-0.052979
493	-0.357178	-0.016235
494	-0.364258	-0.013672
495	-0.376587	-0.003906
496	-0.360229	-0.006348
497	-0.359985	0.003296
498	-0.357544	0.010864
499	-0.362427	0.036377
500	-0.354370	-0.001343
501	-0.355957	0.046997
502	-0.365723	0.011108
503	-0.360229	-0.011963
504	-0.362427	-0.015259
505	-0.377930	-0.015015
506	-0.356445	-0.023193
507	-0.373291	-0.042603
508	-0.372681	0.006836
509	-0.366089	-0.007813
510	-0.364990	0.015381
511	-0.366211	0.008911
512	-0.348877	0.029297
513	-0.361328	0.003906
514	-0.374878	0.021729
515	-0.366943	0.025635
516	-0.371460	0.031372
517	-0.350952	-0.012817
518	-0.369507	0.027588
519	-0.362061	-0.011963
520	-0.354980	-0.008545
521	-0.361694	0.022949
522	-0.370361	-0.012329
523	-0.362915	0.017334
524	-0.364136	0.010132
525	-0.364502	0.006348
526	-0.380249	0.018921
527	-0.375000	-0.004639
528	-0.355591	-0.028442
529	-0.365723	-0.001465
530	-0.375610	-0.006104
531	-0.357056	0.000610
532	-0.372192	-0.003296
533	-0.360352	0.030273
534	-0.362427	0.023071
535	-0.364624	0.069824
536	-0.359497	-0.003662
537	-0.367065	-0.016602
538	-0.362427	0.009155
539	-0.370972	-0.002197
540	-0.367310	-0.034058
541	-0.364380	-0.017944
542	-0.362793	-0.041992
543	-0.367432	-0.049927
544	-0.362305	0.054199
545	-0.359009	-0.000488
546	-0.370239	0.016724
547	-0.375854	0.004272
548	-0.364990	-0.019775
549	-0.377686	-0.003906
550	-0.376953	0.001709
551	-0.369629	0.023560
552	-0.376221	0.002075
553	-0.366577	0.015015
554	-0.378296	-0.020996
555	-0.365112	0.040405
556	-0.374878	-0.022827
557	-0.355103	-0.052002
558	-0.370605	0.012085
559	-0.363159	0.016724
560	-0.369019	0.010498
561	-0.365601	-0.029175
562	-0.370361	-0.000854
563	-0.365234	0.037231
564	-0.358887	0.045044
565	-0.379272	0.018433
566	-0.351685	-0.001709
567	-0.357666	-0.021362
568	-0.360840	0.040161
569	-0.374390	0.004639
570	-0.364502	0.016724
571	-0.360962	-0.001343
572	-0.362793	0.007935
573	-0.352905	0.000977
574	-0.362183	0.030518
575	-0.370361	0.018677
576	-0.355591	0.004883
577	-0.374023	-0.013550
578	-0.371826	-0.001221
579	-0.371826	0.013062
580	-0.365967	0.020020
581	-0.359131	0.026245
582	-0.363525	-0.006104
583	-0.365601	-0.012207
584	-0.360474	-0.028198
585	-0.355957	-0.017944
586	-0.372192	-0.027832
587	-0.380981	-0.004639
588	-0.354858	0.010498
589	-0.350464	-0.005005
590	-0.376953	-0.037231
591	-0.355591	-0.013184
592	-0.357666	0.003540
593	-0.363281	0.004272
594	-0.366943	-0.023315
595	-0.364380	0.003296
596	-0.368042	-0.043579
597	-0.365601	-0.054443
598	-0.366089	0.024780
599	-0.369263	0.010620
600	-0.360107	-0.018311
601	-0.353027	0.005737
602	-0.377686	-0.003784
603	-0.368652	0.042114
604	-0.364014	0.012085
605	-0.352783	0.011719
606	-0.369995	-0.042358
607	-0.352051	0.012207
608	-0.360229	0.015381
609	-0.377808	0.021362
610	-0.361328	0.013428
611	-0.364502	-0.028198
612	-0.359253	-0.021362
613	-0.373291	0.038818
614	-0.355103	-0.006836
615	-0.363159	-0.010498
616	-0.384277	-0.018188
617	-0.354370	-0.014282
618	-0.364258	-0.017456
619	-0.363403	0.012817
620	-0.369263	0.040039
621	-0.363281	0.018311
622	-0.373779	0.033447
623	-0.366089	0.004883
624	-0.363037	-0.039551
625	-0.372559	-0.009644
626	-0.349854	0.014282
627	-0.370483	0.023071
628	-0.382568	-0.012573
629	-0.365723	-0.011475
630	-0.360107	-0.013794
631	-0.384277	-0.020142
632	-0.369751	0.012573
633	-0.363647	0.031616
634	-0.350708	-0.044678
635	-0.369019	-0.001221
636	-0.360474	-0.012207
637	-0.366943	-0.039917
638	-0.371094	0.005615
639	-0.371948	-0.018555
640	-0.369873	0.040649
641	-0.361816	-0.006714
642	-0.360107	0.013428
643	-0.367188	-0.025757
644	-0.367676	0.041626
645	-0.360474	0.003906
646	-0.374634	-0.050781
647	-0.368408	0.023560
648	-0.364258	0.007690
649	-0.374756	-0.028564
650	-0.371460	-0.023926
651	-0.374634	-0.029907
652	-0.370239	-0.022705
653	-0.370361	0.034912
654	-0.368652	0.019653
655	-0.371826	-0.017944
656	-0.369995	-0.020264
657	-0.372925	0.027222
658	-0.366455	-0.010986
659	-0.374146	0.018799
660	-0.380127	-0.014404
661	-0.360718	0.010132
662	-0.363892	-0.000854
663	-0.368286	0.007813
664	-0.350464	0.009888
665	-0.366455	-0.015381
666	-0.364014	-0.002808
667	-0.360718	-0.000732
668	-0.372803	-0.032227
669	-0.372437	-0.002075
670	-0.359985	0.016846
671	-0.359375	-0.006958
672	-0.357300	0.019165
673	-0.365356	0.018555
674	-0.362915	-0.008667
675	-0.372681	0.014282
676	-0.380493	-0.012085
677	-0.355103	0.003418
678	-0.357788	-0.009033
679	-0.369995	0.003662
680	-0.361450	-0.024902
681	-0.361084	-0.046753
682	-0.362671	-0.012451
683	-0.370117	-0.008789
684	-0.373657	-0.012573
685	-0.363647	0.000366
686	-0.374146	0.011108
687	-0.372192	0.030273
688	-0.372437	-0.011230
689	-0.368286	-0.035400
690	-0.367798	0.018188
691	-0.375122	-0.015625
692	-0.371948	0.020996
693	-0.371704	0.002197
694	-0.367798	0.000244
695	-0.361694	0.007813
696	-0.371460	-0.017700
697	-0.381104	0.001953
698	-0.374268	0.015991
699	-0.363770	0.013916
700	-0.379517	-0.015991
701	-0.348267	-0.024414
702	-0.383179	-0.064575
703	-0.375977	-0.049927
704	-0.360718	-0.015747
705	-0.352783	-0.000122
706	-0.355225	0.008301
707	-0.373779	0.027466
708	-0.365845	-0.012451
709	-0.376465	0.006592
710	-0.359497	-0.028931
711	-0.365234	0.028320
712	-0.362915	0.012451
713	-0.370605	-0.008057
714	-0.371704	0.048218
715	-0.351929	-0.013428
716	-0.358765	-0.017334
717	-0.360840	-0.004517
718	-0.361450	-0.003784
719	-0.361572	0.043213
720	-0.359253	-0.009399
721	-0.364502	0.013184
722	-0.362183	0.037476
723	-0.362793	-0.066772
724	-0.359741	0.004639
725	-0.370483	0.032471
726	-0.369995	0.028564
727	-0.368530	0.022583
728	-0.361328	0.003296
729	-0.379883	-0.019531
730	-0.366821	-0.003784
731	-0.359497	0.013550
732	-0.387451	-0.008667
733	-0.360718	0.029297
734	-0.355225	-0.015869
735	-0.373047	-0.029175
736	-0.360229	-0.023926
737	-0.374390	0.027710
738	-0.359009	0.023682
739	-0.375000	0.008667
740	-0.362305	-0.002563
741	-0.357422	-0.015137
742	-0.368286	0.006104
743	-0.354614	0.009399
744	-0.374146	0.006836
745	-0.369629	-0.031494
746	-0.352051	0.025635
747	-0.369751	0.011108
748	-0.370239	0.005615
749	-0.350830	-0.026001
750	-0.365112	0.012451
751	-0.354248	0.025757
752	-0.359009	-0.008057
753	-0.370972	0.009277
754	-0.359497	0.017700
755	-0.362915	-0.012329
756	-0.354370	-0.009888
757	-0.349976	0.010742
758	-0.375122	0.004272
759	-0.356201	0.027222
760	-0.354492	0.047119
761	-0.372437	0.020020
762	-0.364868	0.004517
763	-0.368896	-0.008179
764	-0.379028	0.003906
765	-0.372803	0.023560
766	-0.363159	0.012329
767	-0.369995	-0.003052
768	-0.365234	0.016479
769	-0.361328	0.015625
770	-0.379395	-0.005005
771	-0.362061	0.031494
772	-0.363647	0.015015
773	-0.359863	-0.045654
774	-0.374512	-0.012695
775	-0.369263	-0.018433
776	-0.375488	-0.021729
777	-0.368652	-0.008179
778	-0.365479	-0.063965
779	-0.362915	-0.027588
780	-0.359497	-0.010254
781	-0.361694	0.023438
782	-0.374878	0.009155
783	-0.369995	0.037720
784	-0.352783	-0.000854
785	-0.376221	-0.009277
786	-0.358765	-0.005127
787	-0.354736	-0.018066
788	-0.370972	0.010254
789	-0.357788	0.006836
790	-0.354370	-0.023193
791	-0.353394	0.001709
792	-0.365967	-0.025146
793	-0.362183	-0.000854
794	-0.366455	-0.033569
795	-0.372192	0.011963
796	-0.369995	-0.023682
797	-0.369507	0.023926
798	-0.375610	0.009277
799	-0.368408	0.021362
800	-0.370605	0.009644
801	-0.363281	0.032715
802	-0.365112	0.001465
803	-0.360962	-0.036377
804	-0.370728	-0.020752
805	-0.364136	0.039429
806	-0.362183	-0.044556
807	-0.376953	0.038330
808	-0.366699	0.008667
809	-0.361938	-0.004639
810	-0.364380	0.003418
811	-0.368530	-0.012695
812	-0.362793	-0.004272
813	-0.363281	-0.004028
814	-0.376343	0.000000
815	-0.369751	-0.018433
816	-0.355591	-0.006348
817	-0.366699	0.012329
818	-0.372925	-0.016602
819	-0.364746	-0.009766
820	-0.374268	0.047241
821	-0.372925	0.011230
822	-0.352051	0.013062
823	-0.356445	-0.019897
824	-0.361694	-0.018433
825	-0.356079	0.003784
826	-0.364258	0.003784
827	-0.364624	0.018311
828	-0.365479	-0.020752
829	-0.368286	-0.005127
830	-0.377930	-0.016357
831	-0.371094	0.013184
832	-0.365234	-0.004883
833	-0.372681	0.004150
834	-0.384521	-0.003296
835	-0.356934	-0.025146
836	-0.367920	0.019165
837	-0.369019	-0.020752
838	-0.365234	-0.010132
839	-0.362427	-0.005737
840	-0.362671	-0.007813
841	-0.355225	-0.028320
842	-0.367432	-0.030518
843	-0.374146	0.042969
844	-0.362671	0.012085
845	-0.363525	0.022705
846	-0.380127	0.042725
847	-0.364380	-0.015991
848	-0.363647	0.006836
849	-0.377319	0.002930
850	-0.367310	-0.012817
851	-0.365601	0.040039
852	-0.376343	-0.020752
853	-0.370605	-0.007202
854	-0.365967	-0.022583
855	-0.379639	0.003052
856	-0.363525	-0.008667
857	-0.350342	-0.005493
858	-0.369263	-0.012817
859	-0.363525	-0.006836
860	-0.361084	0.042358
861	-0.363037	-0.008545
862	-0.366577	-0.002808
863	-0.365356	0.014526
864	-0.367432	-0.032471
865	-0.369873	0.048950
866	-0.360596	-0.031982
867	-0.349365	0.010742
868	-0.369751	0.006348
869	-0.351807	0.009033
870	-0.353271	-0.007935
871	-0.360962	-0.017700
872	-0.362671	-0.005493
873	-0.381470	-0.001831
874	-0.364502	0.025879
875	-0.368774	0.000977
876	-0.369751	-0.004272
877	-0.369507	-0.027344
878	-0.363525	0.015503
879	-0.348755	-0.018433
880	-0.369873	-0.024414
881	-0.367920	0.009033
882	-0.356689	0.002197
883	-0.365356	-0.049316
884	-0.373779	0.024170
885	-0.361694	0.001099
886	-0.375122	0.020996
887	-0.369263	0.020142
888	-0.363403	0.010498
889	-0.367310	0.029419
890	-0.367676	0.012329
891	-0.358398	-0.001953
892	-0.351440	-0.015381
893	-0.368286	0.022095
894	-0.357544	-0.011963
895	-0.364868	-0.011597
896	-0.361206	-0.046021
897	-0.359253	-0.029053
898	-0.353760	-0.011108
899	-0.360962	0.021851
900	-0.371704	-0.046875
901	-0.358032	-0.002441
902	-0.386963	0.037964
903	-0.366455	0.009888
904	-0.356812	-0.001709
905	-0.370728	-0.013062
906	-0.371338	0.005981
907	-0.356445	0.018555
908	-0.357178	0.031982
909	-0.365845	0.003418
910	-0.370483	0.035156
911	-0.369995	0.020020
912	-0.366699	-0.040649
913	-0.373047	-0.028564
914	-0.364136	-0.012329
915	-0.360718	0.009277
916	-0.372925	-0.012939
917	-0.361572	0.002930
918	-0.369263	-0.008179
919	-0.372314	-0.000610
920	-0.357422	0.013062
921	-0.361694	0.031372
922	-0.367920	-0.012451
923	-0.355347	-0.029053
924	-0.365723	0.020630
925	-0.372437	-0.002441
926	-0.372559	-0.020508
927	-0.366211	-0.018677
928	-0.363770	-0.001831
929	-0.368408	0.016968
930	-0.364624	0.012695
931	-0.358398	-0.005371
932	-0.364258	0.012695
933	-0.369751	-0.007813
934	-0.360474	0.024658
935	-0.367432	-0.013062
936	-0.358521	-0.048340
937	-0.374268	0.004150
938	-0.360596	0.021484
939	-0.377075	0.000732
940	-0.376953	-0.002563
941	-0.359375	0.004272
942	-0.359253	0.018555
943	-0.367065	-0.002319
944	-0.360718	-0.012329
945	-0.366455	-0.035645
946	-0.377563	-0.021973
947	-0.363647	0.024536
948	-0.382813	0.023926
949	-0.357056	0.001587
950	-0.371216	-0.008911
951	-0.366333	0.016357
952	-0.370239	-0.013062
953	-0.372070	-0.035522
954	-0.369263	-0.038696
955	-0.364624	-0.050537
956	-0.364746	-0.005493
957	-0.372803	0.014771
958	-0.352661	0.002563
959	-0.370239	-0.000854
960	-0.368652	-0.030762
961	-0.365112	0.029541
962	-0.369507	0.033081
963	-0.374146	-0.045532
964	-0.372925	-0.004639
965	-0.366699	-0.019043
966	-0.373047	-0.004883
967	-0.354492	0.012695
968	-0.359985	-0.010620
969	-0.373901	-0.025635
970	-0.366577	-0.033203
971	-0.352783	-0.016846
972	-0.366333	-0.008789
973	-0.364136	-0.009521
974	-0.357422	-0.009277
975	-0.360352	-0.002686
976	-0.364380	-0.008179
977	-0.355469	-0.002563
978	-0.365601	-0.013062
979	-0.365601	0.003052
980	-0.364746	-0.033936
981	-0.370239	0.001709
982	-0.373657	0.016479
983	-0.375732	-0.029541
984	-0.357544	-0.043701
985	-0.368164	-0.022827
986	-0.354126	-0.031494
987	-0.371216	0.019653
988	-0.364014	-0.003540
989	-0.359131	-0.001465
990	-0.381592	0.028320
991	-0.359009	0.009888
992	-0.367310	0.028931
993	-0.383179	0.017212
994	-0.357544	0.023682
995	-0.367188	-0.015747
996	-0.369141	-0.016602
997	-0.373901	-0.018066
998	-0.370117	-0.034790
999	-0.367676	-0.028687
