0	-0.186157	0.000977
1	-0.180664	-0.017090
2	-0.164917	0.011963
3	-0.185913	0.023071
4	-0.184326	-0.004028
5	-0.182983	-0.007202
6	-0.179810	-0.002808
7	-0.189697	0.002808
8	-0.187134	-0.014771
9	-0.181519	-0.002808
10	-0.184326	-0.022095
11	-0.201904	-0.011108
12	-0.186401	-0.000854
13	-0.187256	0.002319
14	-0.190918	-0.014648
15	-0.174438	0.008667
16	-0.180420	0.003418
17	-0.184692	-0.008179
18	-0.172852	-0.016113
19	-0.180176	-0.024658
20	-0.187012	0.005127
21	-0.179810	-0.002441
22	-0.176025	-0.013672
23	-0.194580	0.002441
24	-0.185425	-0.018677
25	-0.189941	-0.018799
26	-0.180298	0.010498
27	-0.185181	-0.010254
28	-0.178345	-0.012695
29	-0.182861	0.000488
30	-0.186768	-0.003296
31	-0.198364	-0.002075
32	-0.170654	0.016113
33	-0.188477	0.000366
34	-0.177734	-0.016968
35	-0.189819	-0.005005
36	-0.195190	-0.009277
37	-0.175537	0.013794
38	-0.178711	-0.027588
39	-0.184448	-0.019409
40	-0.167603	0.003418
41	-0.183838	-0.016235
42	-0.196289	0.000977
43	-0.175537	0.003540
44	-0.175415	-0.000732
45	-0.176758	0.003174
46	-0.177979	0.012451
47	-0.187256	-0.004272
48	-0.179688	0.010742
49	-0.180176	0.010254
50	-0.178833	0.010742
51	-0.183838	0.019775
52	-0.183105	0.000977
53	-0.172852	-0.015137
54	-0.180542	-0.005371
55	-0.184937	0.006836
56	-0.181030	0.010376
57	-0.187012	0.010498
58	-0.195679	-0.002197
59	-0.197021	-0.002197
60	-0.178589	0.019775
61	-0.178955	-0.004272
62	-0.181885	0.020874
63	-0.178345	0.005249
64	-0.177368	0.015015
65	-0.175049	0.005493
66	-0.184082	-0.004517
67	-0.182617	0.002075
68	-0.181274	-0.002441
69	-0.174683	-0.016479
70	-0.179199	-0.016846
71	-0.180664	-0.005005
72	-0.170288	-0.012695
73	-0.177246	-0.010010
74	-0.187378	-0.003662
75	-0.183472	-0.004517
76	-0.179688	0.010742
77	-0.187378	0.012695
78	-0.173706	-0.022339
79	-0.179443	-0.023804
80	-0.189819	-0.007446
81	-0.187012	-0.013306
82	-0.176392	0.023804
83	-0.180298	-0.002197
84	-0.187012	0.003296
85	-0.178345	-0.003784
86	-0.185425	-0.004517
87	-0.185425	0.016113
88	-0.182983	0.008179
89	-0.189209	-0.004761
90	-0.192383	-0.005005
91	-0.176392	-0.004395
92	-0.177368	0.004761
93	-0.180176	0.004883
94	-0.184082	-0.021851
95	-0.187256	-0.003906
96	-0.192139	0.004395
97	-0.178833	-0.011230
98	-0.174927	-0.012329
99	-0.183716	0.000610
100	-0.171143	-0.013550
101	-0.186157	0.029785
102	-0.198120	0.025513
103	-0.193726	-0.017944
104	-0.172974	0.012695
105	-0.190186	0.013428
106	-0.194580	0.002075
107	-0.171387	0.010254
108	-0.194336	0.017334
109	-0.186401	-0.009888
110	-0.170288	0.003662
111	-0.173462	-0.017456
112	-0.196533	0.000000
113	-0.177368	0.000732
114	-0.182495	-0.004639
115	-0.180420	0.007446
116	-0.178223	-0.003540
117	-0.184448	-0.006592
118	-0.180298	0.032471
119	-0.177002	-0.013916
120	-0.178711	-0.005981
121	-0.179199	-0.001831
122	-0.187012	0.011719
123	-0.180176	0.008301
124	-0.174072	-0.009521
125	-0.163086	-0.009033
126	-0.176025	0.013550
127	-0.175171	-0.018066
128	-0.172485	-0.014404
129	-0.179077	-0.007568
130	-0.181152	0.011963
131	-0.190552	-0.001221
132	-0.179443	0.021729
133	-0.174927	0.017090
134	-0.189331	0.019775
135	-0.175293	0.000610
136	-0.175781	-0.017822
137	-0.178955	-0.003296
138	-0.181030	0.007690
139	-0.176514	-0.000244
140	-0.191895	0.009277
141	-0.180664	0.017456
142	-0.184082	-0.003052
143	-0.181885	0.017700
144	-0.179077	-0.011841
145	-0.179443	0.002563
146	-0.175781	-0.015015
147	-0.193481	0.016846
148	-0.179443	0.010864
149	-0.191162	0.018799
150	-0.191040	0.002808
151	-0.192139	0.025269
152	-0.170776	-0.011353
153	-0.184570	-0.007446
154	-0.172729	-0.010498
155	-0.183716	0.001831
156	-0.182007	-0.029907
157	-0.171265	0.018799
158	-0.182373	-0.009277
159	-0.184082	-0.001587
160	-0.178345	-0.012817
161	-0.185669	-0.004272
162	-0.191895	-0.003296
163	-0.171753	-0.007690
164	-0.174683	-0.002930
165	-0.185303	0.006470
166	-0.188477	0.008545
167	-0.177612	0.019043
168	-0.181030	0.013794
169	-0.178467	-0.003662
170	-0.177612	0.002563
171	-0.196411	-0.016113
172	-0.180054	-0.021362
173	-0.187378	0.015015
174	-0.183228	0.001099
175	-0.188599	-0.002686
176	-0.177979	0.012451
177	-0.190308	-0.003540
178	-0.189453	0.013184
179	-0.179321	0.016113
180	-0.169434	-0.016479
181	-0.174805	-0.012695
182	-0.179199	0.001099
183	-0.182617	-0.002075
184	-0.173218	0.007202
185	-0.179932	-0.004639
186	-0.177734	0.005493
187	-0.180664	-0.014526
188	-0.178101	-0.012085
189	-0.170776	-0.006226
190	-0.187866	-0.022217
191	-0.195190	0.025513
192	-0.172729	0.007080
193	-0.177734	-0.000977
194	-0.197754	0.003296
195	-0.178345	0.007080
196	-0.186279	-0.017944
197	-0.173218	0.005737
198	-0.179565	0.005371
199	-0.177856	0.009033
200	-0.188599	-0.001343
201	-0.189575	-0.009888
202	-0.173828	-0.001709
203	-0.186523	0.002075
204	-0.182617	-0.000610
205	-0.184937	0.012329
206	-0.185425	-0.019897
207	-0.184937	0.004150
208	-0.188965	0.008057
209	-0.187500	-0.004395
210	-0.182739	0.032471
211	-0.179688	-0.003174
212	-0.171021	-0.011475
213	-0.188477	0.007446
214	-0.180420	0.000244
215	-0.171143	-0.010132
216	-0.194702	-0.014282
217	-0.182129	-0.014526
218	-0.178711	-0.010010
219	-0.198608	-0.006104
220	-0.182251	0.001465
221	-0.185791	-0.005615
222	-0.183960	-0.012329
223	-0.179565	-0.002197
224	-0.179810	-0.005737
225	-0.190674	-0.006836
226	-0.193481	-0.028320
227	-0.179810	-0.003906
228	-0.184814	0.004517
229	-0.189575	-0.000244
230	-0.184814	-0.021484
231	-0.181519	0.001343
232	-0.183105	0.008057
233	-0.178101	0.004395
234	-0.185181	-0.015259
235	-0.197632	0.005127
236	-0.175903	-0.001465
237	-0.186523	-0.004883
238	-0.188599	-0.024170
239	-0.183716	-0.004883
240	-0.178589	0.019287
241	-0.182129	0.010986
242	-0.182129	0.002686
243	-0.184570	0.015137
244	-0.189941	0.004028
245	-0.195679	-0.006836
246	-0.184937	0.001831
247	-0.172852	-0.001709
248	-0.189941	0.026611
249	-0.182251	0.008545
250	-0.188965	-0.020630
251	-0.184448	0.001465
252	-0.176514	0.011475
253	-0.176636	-0.010254
254	-0.193359	0.001587
255	-0.188477	0.008179
256	-0.185547	0.007446
257	-0.179810	-0.009644
258	-0.184570	0.008179
259	-0.173828	0.008545
260	-0.189697	-0.008423
261	-0.175659	-0.002808
262	-0.179443	0.000244
263	-0.181641	-0.000488
264	-0.179810	-0.001587
265	-0.183594	0.014771
266	-0.172729	0.016479
267	-0.181641	0.005371
268	-0.180786	0.006348
269	-0.177856	0.008301
270	-0.185425	-0.009399
271	-0.171875	-0.002319
272	-0.179443	-0.003174
273	-0.183350	0.002441
274	-0.183594	-0.007690
275	-0.178711	0.014038
276	-0.191528	0.010742
277	-0.182495	0.003784
278	-0.185425	-0.021851
279	-0.191040	0.003052
280	-0.186768	-0.030029
281	-0.192139	-0.002930
282	-0.182251	0.004639
283	-0.172974	-0.024536
284	-0.181885	-0.016357
285	-0.182007	0.021729
286	-0.181763	0.012085
287	-0.196411	-0.009766
288	-0.179810	-0.003418
289	-0.191406	0.016968
290	-0.181274	-0.007324
291	-0.189453	0.004517
292	-0.195435	-0.000854
293	-0.176025	0.009399
294	-0.174438	0.001831
295	-0.188232	-0.019897
296	-0.182495	-0.003174
297	-0.180786	-0.022461
298	-0.182129	-0.000488
299	-0.183838	0.007080
300	-0.173584	-0.018921
301	-0.178101	0.012329
302	-0.176025	-0.000610
303	-0.181396	-0.010376
304	-0.177612	-0.013428
305	-0.185913	-0.010498
306	-0.191650	-0.003662
307	-0.178101	-0.025269
308	-0.186035	0.013428
309	-0.172607	-0.027344
310	-0.177124	-0.004761
311	-0.182129	-0.022217
312	-0.189331	-0.002319
313	-0.189087	-0.004883
314	-0.197754	-0.014771
315	-0.182983	-0.003174
316	-0.187988	0.005249
317	-0.179688	-0.014526
318	-0.182373	-0.007202
319	-0.189087	-0.002441
320	-0.183105	0.015503
321	-0.183838	-0.014038
322	-0.190674	-0.006104
323	-0.185547	0.001343
324	-0.185547	0.001587
325	-0.178467	-0.010010
326	-0.177612	0.011353
327	-0.192871	0.009521
328	-0.187500	-0.015015
329	-0.180786	-0.002441
330	-0.187500	-0.002686
331	-0.173340	-0.016235
332	-0.182617	0.007690
333	-0.190796	-0.003540
334	-0.182617	0.002319
335	-0.186401	-0.003906
336	-0.183838	0.020752
337	-0.187500	0.004028
338	-0.183716	-0.013428
339	-0.192139	0.006958
340	-0.195557	0.012573
341	-0.186401	0.003174
342	-0.185303	-0.006592
343	-0.184326	-0.001099
344	-0.177979	0.000122
345	-0.190552	-0.005737
346	-0.185669	-0.003052
347	-0.176636	-0.006226
348	-0.174561	0.035767
349	-0.182129	0.039551
350	-0.179443	-0.004639
351	-0.166748	0.011353
352	-0.187988	-0.014160
353	-0.180054	-0.000610
354	-0.175049	0.001953
355	-0.178223	0.005249
356	-0.177002	-0.010010
357	-0.190552	-0.022339
358	-0.180786	0.008667
359	-0.182861	0.005737
360	-0.180420	0.007813
361	-0.184814	0.009521
362	-0.174561	-0.019653
363	-0.186401	-0.006348
364	-0.192749	-0.014526
365	-0.183472	-0.009521
366	-0.181885	-0.006470
367	-0.188965	-0.017700
368	-0.185059	-0.007202
369	-0.182495	-0.003296
370	-0.182373	0.010742
371	-0.180786	-0.007690
372	-0.173584	-0.022217
373	-0.178955	0.003052
374	-0.185913	0.002075
375	-0.182617	0.009033
376	-0.180420	0.021118
377	-0.182861	0.010498
378	-0.187378	0.001343
379	-0.190430	-0.007568
380	-0.180786	0.018066
381	-0.187256	0.002441
382	-0.173340	0.000000
383	-0.193726	-0.016113
384	-0.187134	0.002808
385	-0.186523	-0.004395
386	-0.170776	0.018311
387	-0.190430	0.007690
388	-0.182983	-0.002075
389	-0.176758	0.011597
390	-0.184326	-0.016846
391	-0.181030	-0.006104
392	-0.177368	-0.009521
393	-0.189087	-0.008789
394	-0.184082	0.012939
395	-0.171631	0.001831
396	-0.180786	0.014404
397	-0.188477	-0.015625
398	-0.186035	0.003174
399	-0.195679	0.006958
400	-0.185181	0.007202
401	-0.182251	-0.018433
402	-0.182373	0.025757
403	-0.189941	-0.009277
404	-0.175781	-0.002930
405	-0.175171	0.020142
406	-0.180176	0.001099
407	-0.192383	-0.015991
408	-0.187744	0.005493
409	-0.183105	-0.001465
410	-0.182495	-0.004272
411	-0.183838	-0.007690
412	-0.176270	0.025513
413	-0.175781	-0.020020
414	-0.182983	0.011841
415	-0.191772	-0.013062
416	-0.184814	-0.000977
417	-0.176392	0.002930
418	-0.188843	0.006348
419	-0.182007	0.011230
420	-0.169189	0.016479
421	-0.188110	-0.018921
422	-0.185059	0.011597
423	-0.175659	0.001831
424	-0.186157	0.004761
425	-0.187988	0.008057
426	-0.173584	-0.010254
427	-0.178101	0.003174
428	-0.188965	-0.014404
429	-0.180786	0.000732
430	-0.197266	0.005615
431	-0.188354	0.011230
432	-0.179321	0.005493
433	-0.181519	0.006226
434	-0.189331	-0.001099
435	-0.179565	0.002441
436	-0.178589	-0.000732
437	-0.184570	0.001099
438	-0.186157	-0.005981
439	-0.189697	0.006104
440	-0.182007	0.001465
441	-0.180176	-0.013672
442	-0.182251	-0.001831
443	-0.195801	-0.013184
444	-0.184082	-0.008301
445	-0.175903	0.011108
446	-0.171509	-0.020874
447	-0.181641	-0.016846
448	-0.171753	0.005737
449	-0.182007	-0.008423
450	-0.182739	0.013062
451	-0.181885	0.001831
452	-0.189087	0.014038
453	-0.175781	0.010254
454	-0.178589	-0.000732
455	-0.187134	0.015503
456	-0.188477	-0.020264
457	-0.180542	0.001221
458	-0.178589	0.006592
459	-0.183228	0.009399
460	-0.177124	-0.002075
461	-0.176392	0.005737
462	-0.176147	0.019653
463	-0.183472	0.000366
464	-0.190308	0.008423
465	-0.175781	-0.016113
466	-0.190674	-0.014282
467	-0.175659	-0.002197
468	-0.177734	0.017944
469	-0.181152	0.014648
470	-0.184692	-0.005127
471	-0.181274	0.015259
472	-0.181396	0.015137
473	-0.174316	0.007324
474	-0.180664	-0.009888
475	-0.187744	0.023438
476	-0.187744	0.027588
477	-0.171631	0.005127
478	-0.183472	-0.010864
479	-0.190430	-0.023682
480	-0.176636	-0.002930
481	-0.193481	0.010986
482	-0.187012	0.002686
483	-0.167114	0.016846
484	-0.179321	-0.014160
485	-0.192383	-0.022095
486	-0.181641	0.012207
487	-0.184204	-0.011353
488	-0.174194	-0.000732
489	-0.179932	-0.002563
490	-0.176514	-0.005005
491	-0.166260	0.010132
492	-0.172729	0.002319
493	-0.176392	-0.010376
494	-0.179810	-0.005615
495	-0.181152	0.035767
496	-0.184570	0.005859
497	-0.182007	0.003174
498	-0.183960	0.009521
499	-0.185669	0.010132
500	-0.184448	-0.008179
501	-0.182983	0.008545
502	-0.180542	0.019653
503	-0.185059	-0.009155
504	-0.185547	-0.011597
505	-0.179932	-0.021729
506	-0.171997	0.011475
507	-0.183350	0.012817
508	-0.174683	-0.003662
509	-0.182495	-0.005005
510	-0.175293	-0.012085
511	-0.182251	-0.011230
512	-0.177490	0.010498
513	-0.182861	0.023193
514	-0.182129	-0.002686
515	-0.192993	-0.017456
516	-0.188721	-0.016357
517	-0.183350	0.006836
518	-0.199341	0.007324
519	-0.186157	-0.007202
520	-0.185303	0.006592
521	-0.190674	0.007935
522	-0.177246	0.007813
523	-0.192261	0.002319
524	-0.184204	-0.031738
525	-0.178223	-0.010986
526	-0.182861	0.005981
527	-0.178467	0.003418
528	-0.180176	0.000000
529	-0.181519	-0.022827
530	-0.184937	0.018921
531	-0.180664	0.007324
532	-0.179077	0.017944
533	-0.176025	0.019897
534	-0.198608	0.003174
535	-0.184326	0.012451
536	-0.192505	0.012085
537	-0.182495	0.007446
538	-0.190308	-0.019775
539	-0.186401	-0.015381
540	-0.180786	0.006714
541	-0.184204	0.007568
542	-0.177246	-0.036011
543	-0.177002	-0.000732
544	-0.175415	-0.017212
545	-0.187866	-0.002563
546	-0.182251	-0.012573
547	-0.186768	0.000977
548	-0.188232	0.005615
549	-0.167847	-0.005615
550	-0.180054	0.008301
551	-0.174683	-0.011841
552	-0.175293	0.018188
553	-0.174072	-0.010498
554	-0.196655	0.016357
555	-0.175781	0.013184
556	-0.174683	0.006958
557	-0.185913	-0.024414
558	-0.181763	-0.002563
559	-0.187012	0.005371
560	-0.187134	0.001221
561	-0.182983	-0.017944
562	-0.182007	-0.001587
563	-0.179932	-0.010132
564	-0.187866	-0.015259
565	-0.187744	-0.003784
566	-0.180664	0.006958
567	-0.176514	-0.009644
568	-0.184692	0.014160
569	-0.191895	-0.005249
570	-0.203979	-0.001465
571	-0.185303	0.001831
572	-0.188843	0.002075
573	-0.180298	-0.002319
574	-0.177490	-0.005981
575	-0.164307	0.007813
576	-0.183716	-0.006958
577	-0.180786	0.012207
578	-0.184326	0.001099
579	-0.185669	0.000244
580	-0.181396	-0.005981
581	-0.177124	0.014648
582	-0.181519	0.008911
583	-0.186157	0.015137
584	-0.184204	-0.001099
585	-0.188354	0.032349
586	-0.191406	-0.009644
587	-0.182739	0.001709
588	-0.187378	-0.018921
589	-0.187622	0.007568
590	-0.181396	0.004272
591	-0.175537	-0.020508
592	-0.189941	0.005981
593	-0.176025	-0.004028
594	-0.179810	0.000244
595	-0.174805	0.025146
596	-0.191895	-0.024780
597	-0.177368	-0.015747
598	-0.169556	0.003906
599	-0.173584	-0.005737
600	-0.182495	0.015991
601	-0.186157	0.001343
602	-0.180298	-0.007813
603	-0.178345	0.002808
604	-0.178589	-0.000488
605	-0.185791	0.018311
606	-0.177368	0.002808
607	-0.172119	0.013794
608	-0.195923	0.026733
609	-0.178223	-0.004883
610	-0.180298	-0.030029
611	-0.169189	-0.008179
612	-0.178345	-0.019531
613	-0.174805	0.004028
614	-0.193604	0.011230
615	-0.177979	-0.010620
616	-0.175537	-0.000610
617	-0.195435	-0.003052
618	-0.184814	0.013550
619	-0.176636	-0.009033
620	-0.188843	-0.003296
621	-0.187256	-0.017822
622	-0.176514	-0.007080
623	-0.188843	-0.003540
624	-0.177979	0.010864
625	-0.168457	0.015381
626	-0.182251	-0.003174
627	-0.191284	-0.000854
628	-0.182983	-0.009888
629	-0.184326	0.010254
630	-0.189087	-0.004517
631	-0.184326	-0.000366
632	-0.186768	-0.008179
633	-0.185425	0.004761
634	-0.178955	-0.015503
635	-0.176880	-0.007080
636	-0.188477	-0.006592
637	-0.175415	0.005249
638	-0.176880	-0.017822
639	-0.176758	-0.012939
640	-0.190308	-0.016357
641	-0.172607	-0.005371
642	-0.175415	0.019531
643	-0.173462	0.031250
644	-0.176758	0.008301
645	-0.177246	-0.021484
646	-0.181396	0.002197
647	-0.173828	0.015381
648	-0.176514	-0.008789
649	-0.187988	-0.002075
650	-0.182739	-0.008911
651	-0.179932	0.006958
652	-0.187744	0.012939
653	-0.185669	0.005859
654	-0.187012	-0.001953
655	-0.184448	-0.006958
656	-0.193848	-0.004395
657	-0.194580	-0.006592
658	-0.189087	0.006958
659	-0.186279	0.001587
660	-0.188110	0.001831
661	-0.179321	-0.020752
662	-0.190186	-0.017090
663	-0.189941	0.001953
664	-0.173462	-0.003052
665	-0.179077	0.007446
666	-0.179199	-0.003540
667	-0.177490	-0.005371
668	-0.185425	-0.021729
669	-0.177124	0.010376
670	-0.177979	-0.011108
671	-0.192139	0.031250
672	-0.179321	0.002686
673	-0.179565	0.015381
674	-0.179932	-0.002319
675	-0.182739	0.014526
676	-0.178589	-0.009033
677	-0.188110	-0.002075
678	-0.187744	0.005127
679	-0.182495	-0.039551
680	-0.181152	0.000122
681	-0.187622	0.000122
682	-0.181641	0.003784
683	-0.175781	-0.020630
684	-0.181519	0.014404
685	-0.186768	-0.024292
686	-0.197388	-0.016113
687	-0.189575	-0.005249
688	-0.177490	-0.011719
689	-0.175537	0.009277
690	-0.180908	0.022461
691	-0.177856	-0.010254
692	-0.178833	-0.002808
693	-0.177612	0.010376
694	-0.182007	-0.000244
695	-0.173950	0.004639
696	-0.177002	-0.011719
697	-0.182861	-0.009277
698	-0.179688	0.003784
699	-0.185425	-0.001587
700	-0.189453	0.016846
701	-0.182495	-0.004761
702	-0.180298	-0.000977
703	-0.179565	0.002808
704	-0.174561	-0.002319
705	-0.181030	-0.014893
706	-0.173828	-0.001221
707	-0.188965	0.005737
708	-0.179077	-0.015137
709	-0.182373	0.009155
710	-0.183594	-0.008423
711	-0.182251	-0.001831
712	-0.187378	-0.030640
713	-0.182007	-0.004639
714	-0.187012	0.025269
715	-0.185059	0.015137
716	-0.186401	-0.020874
717	-0.183838	-0.008179
718	-0.182617	0.036987
719	-0.181152	-0.019531
720	-0.185425	0.019287
721	-0.172119	-0.003784
722	-0.191528	-0.023804
723	-0.177734	-0.018921
724	-0.184814	0.027466
725	-0.184448	0.000854
726	-0.182495	-0.003418
727	-0.180542	0.006836
728	-0.183716	-0.002441
729	-0.190186	-0.007690
730	-0.187500	-0.005127
731	-0.186035	0.005737
732	-0.184814	-0.011230
733	-0.187256	-0.012939
734	-0.197021	0.003540
735	-0.184814	0.025879
736	-0.197021	0.017334
737	-0.187256	-0.000488
738	-0.182251	0.013550
739	-0.176270	-0.001099
740	-0.181641	0.004272
741	-0.188477	0.012939
742	-0.186768	0.010620
743	-0.176880	0.010254
744	-0.185547	-0.005371
745	-0.183472	-0.008545
746	-0.180664	-0.022583
747	-0.182739	0.008301
748	-0.175049	0.003784
749	-0.169800	-0.011108
750	-0.178467	0.002930
751	-0.168091	-0.003418
752	-0.182251	0.004028
753	-0.195068	0.003540
754	-0.182373	-0.012817
755	-0.172852	-0.018066
756	-0.186401	0.003784
757	-0.194336	0.002686
758	-0.170776	-0.018433
759	-0.183716	0.010986
760	-0.183472	-0.001099
761	-0.180176	-0.008057
762	-0.182129	-0.007568
763	-0.174561	0.001343
764	-0.182373	0.007690
765	-0.183350	0.012085
766	-0.190552	-0.014648
767	-0.184204	0.002563
768	-0.190308	0.010376
769	-0.187622	0.025146
770	-0.177246	0.000732
771	-0.185181	-0.008057
772	-0.185791	0.028687
773	-0.182861	0.015747
774	-0.179443	-0.006348
775	-0.181641	0.011719
776	-0.182129	-0.009033
777	-0.182373	-0.005615
778	-0.188843	-0.001221
779	-0.178955	-0.009155
780	-0.185059	-0.006226
781	-0.185059	-0.009399
782	-0.185303	0.016846
783	-0.181152	-0.022095
784	-0.177856	-0.006470
785	-0.187866	-0.004150
786	-0.184448	0.007446
787	-0.189697	-0.014893
788	-0.189087	0.008545
789	-0.172241	0.011108
790	-0.180420	-0.023682
791	-0.189087	0.010132
792	-0.190796	0.003784
793	-0.176514	0.008667
794	-0.192505	-0.005859
795	-0.179810	0.012451
796	-0.182129	0.015991
797	-0.191528	-0.001709
798	-0.189697	0.002319
799	-0.191528	-0.003296
800	-0.179443	0.018799
801	-0.186768	0.002808
802	-0.172852	0.003906
803	-0.191040	-0.004761
804	-0.183716	-0.026245
805	-0.184570	0.010010
806	-0.179565	-0.023682
807	-0.187500	-0.003540
808	-0.172729	0.007935
809	-0.190552	0.008667
810	-0.195190	-0.030029
811	-0.181030	-0.002319
812	-0.180542	0.005615
813	-0.187500	-0.010498
814	-0.184937	-0.000244
815	-0.180908	0.019165
816	-0.188965	-0.003784
817	-0.183594	-0.029053
818	-0.181519	-0.014038
819	-0.186401	-0.009033
820	-0.196045	-0.014893
821	-0.173950	-0.019775
822	-0.178955	-0.004028
823	-0.183716	0.006836
824	-0.187500	0.002686
825	-0.182861	0.008423
826	-0.183228	0.002563
827	-0.180298	0.028687
828	-0.185059	0.006958
829	-0.179932	0.010498
830	-0.184692	0.003418
831	-0.178101	-0.023438
832	-0.176025	-0.016113
833	-0.187378	0.006836
834	-0.192383	0.010132
835	-0.183472	0.021240
836	-0.189575	0.022705
837	-0.180176	0.002075
838	-0.179810	0.006836
839	-0.191895	0.006958
840	-0.185303	0.004150
841	-0.182861	0.011963
842	-0.179443	0.000122
843	-0.174072	-0.014160
844	-0.189087	-0.009521
845	-0.186401	0.006104
846	-0.178345	0.024414
847	-0.179565	0.010010
848	-0.181396	-0.007324
849	-0.173706	0.015869
850	-0.180908	-0.026123
851	-0.191895	-0.004883
852	-0.171265	0.005127
853	-0.172363	0.002319
854	-0.186890	0.009766
855	-0.188965	0.002197
856	-0.184937	0.002319
857	-0.192017	-0.002075
858	-0.185913	0.010742
859	-0.174194	0.019043
860	-0.181152	0.010254
861	-0.181152	0.000977
862	-0.181885	-0.006592
863	-0.183350	0.004272
864	-0.187622	-0.008667
865	-0.175903	0.005249
866	-0.177368	0.014893
867	-0.181641	-0.006836
868	-0.168457	0.005127
869	-0.190430	-0.016968
870	-0.194824	-0.002930
871	-0.186279	0.012817
872	-0.190918	0.005615
873	-0.196655	0.012451
874	-0.187378	-0.006592
875	-0.178467	-0.003540
876	-0.191284	-0.004028
877	-0.193115	-0.015503
878	-0.181396	0.030151
879	-0.180176	-0.006226
880	-0.187256	-0.011719
881	-0.177612	-0.004883
882	-0.179321	0.004517
883	-0.186035	-0.000122
884	-0.177368	0.019409
885	-0.188232	-0.003418
886	-0.181274	0.000732
887	-0.189575	-0.004761
888	-0.182617	-0.001831
889	-0.186646	-0.003662
890	-0.175659	0.015869
891	-0.177490	0.000366
892	-0.183228	-0.022339
893	-0.176147	0.012939
894	-0.170654	-0.000244
895	-0.191528	0.020630
896	-0.179443	0.000977
897	-0.177979	-0.014404
898	-0.174683	0.013428
899	-0.188477	0.002563
900	-0.175903	0.014160
901	-0.180786	-0.010620
902	-0.182861	-0.018677
903	-0.177490	-0.001831
904	-0.179077	-0.011230
905	-0.177246	-0.018555
906	-0.183716	0.019287
907	-0.193604	0.012573
908	-0.180542	-0.020142
909	-0.184326	0.011353
910	-0.176880	-0.002563
911	-0.184937	-0.002563
912	-0.190674	0.008545
913	-0.182007	0.004517
914	-0.181152	-0.018677
915	-0.185791	0.010254
916	-0.179443	-0.012207
917	-0.176025	-0.003662
918	-0.193115	-0.006958
919	-0.175659	0.002197
920	-0.171631	-0.015503
921	-0.185303	0.014282
922	-0.189453	0.002075
923	-0.179565	0.024170
924	-0.194336	-0.007568
925	-0.183960	0.001831
926	-0.184937	0.015259
927	-0.196411	0.003296
928	-0.187988	-0.005371
929	-0.185547	-0.009155
930	-0.172852	0.007568
931	-0.189575	0.021851
932	-0.185791	0.013306
933	-0.182495	-0.000366
934	-0.185547	0.000366
935	-0.178467	-0.005981
936	-0.187500	-0.023560
937	-0.196533	0.022705
938	-0.186523	-0.008179
939	-0.184814	0.011841
940	-0.188721	0.025024
941	-0.181519	-0.014404
942	-0.179199	-0.027344
943	-0.188477	-0.010498
944	-0.183350	0.002075
945	-0.180908	0.015259
946	-0.182739	0.010254
947	-0.181274	-0.011719
948	-0.180664	0.002930
949	-0.184326	0.012207
950	-0.198242	0.021484
951	-0.185791	0.029297
952	-0.179688	-0.000244
953	-0.186157	-0.005615
954	-0.184326	-0.002563
955	-0.179199	-0.008057
956	-0.188354	0.017944
957	-0.189209	-0.000854
958	-0.182007	-0.002441
959	-0.185059	-0.016235
960	-0.176025	-0.030273
961	-0.178467	-0.026611
962	-0.176147	-0.019531
963	-0.179077	0.018433
964	-0.176392	-0.001221
965	-0.179565	0.009277
966	-0.184814	0.000977
967	-0.180176	0.009399
968	-0.191040	0.007690
969	-0.186157	0.004150
970	-0.184082	-0.002563
971	-0.186890	0.016968
972	-0.175659	0.002930
973	-0.186890	0.042114
974	-0.187622	0.016235
975	-0.196167	-0.005249
976	-0.183350	-0.006348
977	-0.167114	0.013428
978	-0.177856	0.010010
979	-0.173950	-0.010742
980	-0.171875	0.016357
981	-0.180176	-0.005737
982	-0.183350	0.001465
983	-0.176270	0.010498
984	-0.192505	-0.006104
985	-0.183228	0.011475
986	-0.183716	0.008057
987	-0.187134	0.014160
988	-0.173218	-0.003784
989	-0.173096	-0.015015
990	-0.176514	0.016602
991	-0.180908	-0.018188
992	-0.185181	0.023682
993	-0.191040	-0.013550
994	-0.199585	0.005859
995	-0.180786	0.008545
996	-0.184814	0.001709
997	-0.189819	-0.001465
998	-0.182861	-0.005005
999	-0.192505	0.002319
