0	-0.199829	-0.000122
1	-0.208740	-0.007324
2	-0.211914	0.017822
3	-0.212280	0.007690
4	-0.224243	0.000732
5	-0.212891	0.007813
6	-0.213623	0.041260
7	-0.223999	-0.008057
8	-0.210083	0.016602
9	-0.213013	-0.006470
10	-0.210938	-0.008911
11	-0.216919	0.012329
12	-0.207886	0.022461
13	-0.221558	-0.020996
14	-0.209839	0.008545
15	-0.206299	0.006226
16	-0.210815	-0.016846
17	-0.221924	-0.025757
18	-0.212524	-0.022949
19	-0.218140	-0.020508
20	-0.215820	-0.006958
21	-0.207275	0.006958
22	-0.203735	0.011353
23	-0.222046	0.030884
24	-0.207520	-0.007935
25	-0.212158	-0.033691
26	-0.210205	-0.015869
27	-0.214966	0.006592
28	-0.211304	0.000610
29	-0.227173	0.025391
30	-0.217163	-0.006714
31	-0.197510	0.015625
32	-0.221558	-0.004395
33	-0.213379	-0.009888
34	-0.208862	-0.017212
35	-0.209106	-0.024414
36	-0.218506	-0.023071
37	-0.209473	0.016724
38	-0.208984	0.000732
39	-0.215698	0.002930
40	-0.209351	0.007446
41	-0.204224	0.010498
42	-0.218750	-0.028931
43	-0.206909	-0.006592
44	-0.212402	0.023560
45	-0.212646	0.007080
46	-0.201904	0.001343
47	-0.212646	0.009888
48	-0.216675	0.013672
49	-0.220215	-0.006470
50	-0.205688	-0.013184
51	-0.213623	-0.002808
52	-0.208374	0.007690
53	-0.195435	-0.007690
54	-0.215210	0.011353
55	-0.219360	0.015747
56	-0.206909	-0.001099
57	-0.211304	0.018555
58	-0.220947	-0.010132
59	-0.219116	-0.007080
60	-0.205811	-0.005615
61	-0.220337	-0.003296
62	-0.212036	-0.005859
63	-0.212646	-0.029907
64	-0.217163	0.008911
65	-0.205444	0.009644
66	-0.215210	-0.005615
67	-0.214722	-0.005615
68	-0.213623	0.013184
69	-0.208740	0.009155
70	-0.219849	-0.024658
71	-0.215332	0.007690
72	-0.213257	0.003784
73	-0.221680	0.003052
74	-0.215210	0.003418
75	-0.212158	-0.015381
76	-0.208130	0.007202
77	-0.214966	-0.006104
78	-0.213745	-0.002686
79	-0.219116	-0.005371
80	-0.217896	-0.002686
81	-0.215698	0.001343
82	-0.217163	0.033691
83	-0.211548	0.005127
84	-0.209229	-0.000122
85	-0.196167	0.008057
86	-0.220215	-0.003784
87	-0.209595	0.015137
88	-0.201294	-0.013062
89	-0.222534	0.000366
90	-0.209961	0.022949
91	-0.215088	-0.004639
92	-0.208252	-0.025879
93	-0.203857	-0.001465
94	-0.204956	-0.001343
95	-0.209351	-0.009521
96	-0.212891	-0.020020
97	-0.206665	-0.026978
98	-0.220703	-0.012085
99	-0.201294	-0.013428
100	-0.214111	-0.013184
101	-0.215454	-0.012329
102	-0.224243	0.006958
103	-0.199829	0.012329
104	-0.205688	0.008301
105	-0.217773	-0.020386
106	-0.212769	-0.003906
107	-0.211182	0.023926
108	-0.209961	0.004395
109	-0.208618	0.004517
110	-0.218384	0.016724
111	-0.207520	0.008911
112	-0.216187	0.003662
113	-0.214233	0.016846
114	-0.206055	0.002808
115	-0.212402	-0.009766
116	-0.224487	0.030518
117	-0.214600	-0.000610
118	-0.203003	0.022461
119	-0.206055	0.013550
120	-0.217163	-0.005981
121	-0.228027	0.002075
122	-0.208618	0.025391
123	-0.211548	0.024536
124	-0.219482	-0.008911
125	-0.218140	0.002808
126	-0.217529	-0.007446
127	-0.220215	-0.002319
128	-0.223022	0.007202
129	-0.210938	0.016724
130	-0.216553	0.022461
131	-0.213013	0.011475
132	-0.215576	0.010620
133	-0.206177	0.020020
134	-0.215210	0.001953
135	-0.218994	0.021484
136	-0.204468	0.000977
137	-0.225830	0.025024
138	-0.210693	-0.004395
139	-0.221558	-0.000244
140	-0.217773	-0.007324
141	-0.210693	-0.006104
142	-0.217407	-0.011353
143	-0.215942	0.000610
144	-0.200806	-0.009766
145	-0.211060	0.020386
146	-0.215820	0.000610
147	-0.197510	0.006836
148	-0.214233	0.014526
149	-0.220337	0.025635
150	-0.215210	0.006836
151	-0.214722	-0.010132
152	-0.223267	-0.016479
153	-0.217041	0.014648
154	-0.214722	0.015259
155	-0.224365	-0.028809
156	-0.218506	-0.011597
157	-0.208374	-0.005737
158	-0.214722	-0.021362
159	-0.222656	0.012085
160	-0.208740	-0.002075
161	-0.221924	-0.016235
162	-0.212280	0.001953
163	-0.213257	-0.022217
164	-0.198730	-0.024048
165	-0.210205	0.009277
166	-0.200439	-0.014038
167	-0.213867	0.008667
168	-0.213257	0.018921
169	-0.212158	0.019897
170	-0.212158	0.000610
171	-0.205688	-0.015625
172	-0.212280	0.010620
173	-0.208008	0.000488
174	-0.215088	0.019287
175	-0.217896	-0.025757
176	-0.210938	-0.009766
177	-0.201904	0.000366
178	-0.212891	-0.005005
179	-0.208496	-0.006226
180	-0.211792	-0.011230
181	-0.201904	0.023804
182	-0.208862	-0.015015
183	-0.221802	0.000977
184	-0.217407	0.007202
185	-0.203491	-0.011353
186	-0.216919	0.009766
187	-0.213379	0.021118
188	-0.219238	0.000610
189	-0.203247	-0.009399
190	-0.213501	0.009766
191	-0.210938	0.010010
192	-0.217529	-0.007446
193	-0.229126	-0.002197
194	-0.223511	0.005859
195	-0.207153	0.003540
196	-0.215942	-0.001831
197	-0.218018	0.011230
198	-0.211548	0.012573
199	-0.203979	-0.009399
200	-0.209351	-0.017944
201	-0.213379	-0.004028
202	-0.211914	-0.015381
203	-0.207275	-0.027832
204	-0.202026	-0.005859
205	-0.208618	-0.008301
206	-0.216919	0.009521
207	-0.212646	-0.010376
208	-0.202026	0.010254
209	-0.217773	0.003296
210	-0.215332	0.008057
211	-0.215576	-0.008911
212	-0.222534	-0.002686
213	-0.213989	-0.025757
214	-0.216309	0.018799
215	-0.215210	-0.014648
216	-0.199097	-0.010254
217	-0.207153	-0.013672
218	-0.198730	0.013672
219	-0.212036	-0.017090
220	-0.216919	0.001587
221	-0.216309	0.014893
222	-0.217651	0.007935
223	-0.212402	-0.028442
224	-0.199097	-0.030151
225	-0.225220	0.001953
226	-0.206909	0.001953
227	-0.211670	-0.000366
228	-0.210327	0.009155
229	-0.206665	0.017578
230	-0.203369	0.008423
231	-0.201904	-0.010010
232	-0.204346	0.005615
233	-0.211304	-0.026123
234	-0.205811	-0.006226
235	-0.226440	-0.009888
236	-0.210693	-0.022095
237	-0.198975	0.013428
238	-0.219727	0.005005
239	-0.196045	0.008545
240	-0.201538	0.002686
241	-0.204224	0.034302
242	-0.214966	-0.002319
243	-0.204346	-0.015625
244	-0.219604	0.007202
245	-0.218018	-0.008057
246	-0.218750	-0.022827
247	-0.214600	-0.010620
248	-0.212646	0.000000
249	-0.219482	-0.005005
250	-0.211670	0.020996
251	-0.219238	-0.002686
252	-0.210205	0.006836
253	-0.208862	0.017822
254	-0.224121	0.007446
255	-0.210205	-0.003052
256	-0.208862	-0.004761
257	-0.218018	0.007080
258	-0.215576	0.009155
259	-0.204468	0.006104
260	-0.218872	-0.011108
261	-0.219360	-0.001709
262	-0.215942	0.002197
263	-0.205322	0.004395
264	-0.206787	-0.023926
265	-0.208740	0.002686
266	-0.209106	-0.009277
267	-0.197632	-0.004883
268	-0.210693	0.012695
269	-0.216797	-0.004517
270	-0.209229	-0.008667
271	-0.212646	-0.024536
272	-0.225098	0.008301
273	-0.217773	-0.002075
274	-0.212158	0.011963
275	-0.209473	-0.004517
276	-0.214600	-0.031738
277	-0.209106	-0.011963
278	-0.211426	0.000732
279	-0.208252	-0.004272
280	-0.211060	0.011719
281	-0.209473	-0.021973
282	-0.217041	-0.004150
283	-0.210571	0.006226
284	-0.215820	-0.015869
285	-0.225830	-0.006104
286	-0.212280	-0.000854
287	-0.213501	-0.013550
288	-0.209839	-0.038940
289	-0.204956	0.012329
290	-0.207764	0.033813
291	-0.206543	0.016602
292	-0.222046	-0.005249
293	-0.211670	0.024292
294	-0.208374	0.009766
295	-0.205933	0.021606
296	-0.216675	-0.010010
297	-0.206665	0.008667
298	-0.211060	-0.033569
299	-0.209106	-0.012329
300	-0.213501	0.019409
301	-0.218750	0.004883
302	-0.212769	-0.019409
303	-0.211670	0.018311
304	-0.219116	0.012573
305	-0.214966	-0.005493
306	-0.210083	0.034790
307	-0.205811	0.008789
308	-0.216919	-0.009766
309	-0.220459	0.002563
310	-0.212891	-0.001465
311	-0.209351	-0.012695
312	-0.218628	0.006836
313	-0.210327	0.015747
314	-0.214722	0.006470
315	-0.226563	0.009399
316	-0.218750	0.042969
317	-0.211548	0.013794
318	-0.220215	-0.013062
319	-0.204468	0.011230
320	-0.214966	0.017090
321	-0.212524	0.006836
322	-0.206665	-0.011230
323	-0.217773	-0.000732
324	-0.212036	0.002686
325	-0.218140	-0.028687
326	-0.216064	-0.017212
327	-0.209839	0.007935
328	-0.223877	0.002808
329	-0.219971	0.005493
330	-0.216675	0.004150
331	-0.204468	-0.007813
332	-0.210938	-0.000977
333	-0.210083	-0.000977
334	-0.212036	0.023560
335	-0.217285	-0.001221
336	-0.217651	-0.008057
337	-0.213013	-0.031006
338	-0.206421	-0.011963
339	-0.209839	-0.031250
340	-0.207153	-0.017700
341	-0.208008	0.012939
342	-0.213623	-0.014771
343	-0.201660	-0.003540
344	-0.205688	0.007690
345	-0.225830	0.006470
346	-0.202637	0.003052
347	-0.204224	0.005005
348	-0.197754	-0.001343
349	-0.211304	0.009277
350	-0.205933	0.014404
351	-0.209961	-0.003052
352	-0.214355	-0.000244
353	-0.203247	-0.007202
354	-0.223267	-0.007202
355	-0.200806	-0.021606
356	-0.197876	0.014648
357	-0.208008	0.008545
358	-0.219238	-0.021118
359	-0.204712	-0.019775
360	-0.215454	-0.025024
361	-0.215454	-0.019775
362	-0.208252	-0.024658
363	-0.216187	-0.017944
364	-0.220459	0.003540
365	-0.220947	0.007324
366	-0.217041	-0.019409
367	-0.218262	0.007080
368	-0.214966	-0.000122
369	-0.209961	-0.004028
370	-0.210205	0.000732
371	-0.219360	0.002441
372	-0.212646	0.010010
373	-0.206055	0.004028
374	-0.211426	0.018677
375	-0.210815	-0.002930
376	-0.208008	-0.014893
377	-0.211060	-0.003784
378	-0.215820	0.011597
379	-0.212769	0.006958
380	-0.215088	0.006836
381	-0.197876	-0.006104
382	-0.211304	0.023560
383	-0.213257	-0.009644
384	-0.208496	0.017212
385	-0.203125	0.014893
386	-0.226074	0.032227
387	-0.209351	-0.004395
388	-0.198486	-0.016724
389	-0.220459	0.009399
390	-0.220337	0.006836
391	-0.212158	0.002686
392	-0.208130	0.011475
393	-0.214600	-0.006226
394	-0.214111	-0.009521
395	-0.210205	-0.015137
396	-0.211060	-0.006958
397	-0.206909	-0.002319
398	-0.223145	0.019775
399	-0.226563	0.015381
400	-0.198364	-0.006592
401	-0.211548	0.005249
402	-0.207886	0.011475
403	-0.209595	-0.032104
404	-0.210327	-0.002808
405	-0.214478	0.008423
406	-0.220581	0.035034
407	-0.224487	-0.021973
408	-0.211060	0.020630
409	-0.228027	-0.008301
410	-0.205322	-0.026978
411	-0.207153	0.001587
412	-0.215088	-0.011963
413	-0.211182	-0.013916
414	-0.211914	0.013428
415	-0.213867	-0.008667
416	-0.208008	-0.012939
417	-0.202637	0.009155
418	-0.204102	0.003174
419	-0.216064	-0.008545
420	-0.212280	0.004150
421	-0.213013	-0.001953
422	-0.209351	0.005493
423	-0.213989	-0.000244
424	-0.213989	0.017700
425	-0.220581	0.006226
426	-0.205811	-0.020752
427	-0.206177	-0.018311
428	-0.217407	-0.006348
429	-0.213135	-0.026367
430	-0.207886	-0.007690
431	-0.224121	0.034790
432	-0.204468	0.018677
433	-0.221436	0.001709
434	-0.207153	-0.002319
435	-0.206909	-0.015869
436	-0.200195	-0.023560
437	-0.223389	-0.007690
438	-0.209717	0.011719
439	-0.203247	0.014771
440	-0.219604	0.023682
441	-0.214355	0.019653
442	-0.216675	-0.006714
443	-0.217041	0.001099
444	-0.216919	-0.023804
445	-0.205811	-0.008057
446	-0.208862	0.028198
447	-0.216797	-0.015015
448	-0.208862	0.007324
449	-0.213379	0.012207
450	-0.206421	0.008789
451	-0.202759	-0.011353
452	-0.211182	-0.020142
453	-0.204224	-0.014771
454	-0.204102	0.001587
455	-0.199097	0.014404
456	-0.197510	0.000610
457	-0.219727	-0.009399
458	-0.201660	0.011108
459	-0.206543	0.007080
460	-0.209229	0.006714
461	-0.213989	0.003540
462	-0.214233	0.022583
463	-0.204956	0.018433
464	-0.207520	0.006592
465	-0.208252	0.016968
466	-0.206299	0.009033
467	-0.222412	-0.010864
468	-0.231812	0.008667
469	-0.217773	0.000000
470	-0.214111	-0.004272
471	-0.206299	-0.015869
472	-0.217285	0.007813
473	-0.209351	0.014160
474	-0.217896	-0.005859
475	-0.217529	0.005615
476	-0.224976	0.005615
477	-0.210938	-0.010132
478	-0.229004	0.016479
479	-0.211792	0.003418
480	-0.213501	-0.016479
481	-0.230347	0.007446
482	-0.208740	0.008911
483	-0.204102	0.017456
484	-0.215088	-0.002075
485	-0.205811	-0.025146
486	-0.199585	0.020996
487	-0.212646	-0.003296
488	-0.213745	-0.007080
489	-0.211670	0.023682
490	-0.209229	-0.006348
491	-0.211060	0.002930
492	-0.209351	0.012207
493	-0.199585	0.027588
494	-0.211182	0.008301
495	-0.215210	-0.002563
496	-0.203491	0.009766
497	-0.217407	-0.005615
498	-0.216919	0.004272
499	-0.213257	-0.040527
500	-0.224121	0.006348
501	-0.214233	0.017334
502	-0.223267	0.020264
503	-0.219849	-0.004639
504	-0.222900	0.002075
505	-0.213501	0.009644
506	-0.215942	-0.005005
507	-0.214478	-0.007568
508	-0.211426	0.005859
509	-0.209229	0.009399
510	-0.216431	0.012695
511	-0.215698	0.007324
512	-0.212158	0.005615
513	-0.212036	0.019409
514	-0.208130	0.019653
515	-0.205933	0.000488
516	-0.202881	-0.026367
517	-0.201294	-0.006348
518	-0.210938	0.000244
519	-0.214722	0.026611
520	-0.219482	-0.009155
521	-0.206665	0.016968
522	-0.221802	-0.015503
523	-0.210693	0.010620
524	-0.222046	-0.013672
525	-0.207520	0.021362
526	-0.211060	-0.005127
527	-0.217529	-0.000610
528	-0.211548	0.028442
529	-0.223511	0.006714
530	-0.215820	0.014404
531	-0.223389	-0.012207
532	-0.216797	-0.003662
533	-0.201050	-0.002563
534	-0.226440	-0.000244
535	-0.213501	-0.035156
536	-0.203613	-0.000244
537	-0.217896	-0.008667
538	-0.209961	-0.016846
539	-0.217529	0.004761
540	-0.203857	-0.015381
541	-0.215454	-0.002563
542	-0.213501	-0.004150
543	-0.211792	0.007935
544	-0.214355	-0.000732
545	-0.223022	0.005371
546	-0.206055	-0.024780
547	-0.200928	-0.020752
548	-0.214478	-0.006470
549	-0.228149	0.008057
550	-0.230957	-0.005493
551	-0.219849	0.008057
552	-0.216064	-0.019531
553	-0.208984	0.020996
554	-0.218262	-0.007568
555	-0.212036	0.005737
556	-0.208984	-0.005737
557	-0.205566	0.007080
558	-0.206543	-0.014160
559	-0.211548	0.003052
560	-0.221558	-0.000122
561	-0.215332	-0.001709
562	-0.211548	-0.011597
563	-0.208496	0.024414
564	-0.207153	-0.004272
565	-0.206665	0.016357
566	-0.212402	0.008179
567	-0.212036	-0.012573
568	-0.209717	0.002319
569	-0.205933	0.004028
570	-0.222412	-0.000610
571	-0.209961	0.014648
572	-0.221191	0.031738
573	-0.221436	-0.002441
574	-0.210205	0.028442
575	-0.204102	0.029541
576	-0.214355	0.010010
577	-0.204468	0.008057
578	-0.200195	-0.010010
579	-0.219849	-0.005615
580	-0.214233	0.004883
581	-0.198608	-0.005737
582	-0.218384	-0.012451
583	-0.223755	-0.015503
584	-0.209106	0.006348
585	-0.213745	-0.003906
586	-0.209717	0.001343
587	-0.220215	0.006836
588	-0.213989	0.005005
589	-0.225952	0.002075
590	-0.211670	0.002197
591	-0.210815	0.012695
592	-0.213135	0.008911
593	-0.210449	-0.036133
594	-0.211060	-0.018921
595	-0.213623	0.006958
596	-0.212769	-0.020508
597	-0.209106	-0.019165
598	-0.208984	-0.007568
599	-0.207153	-0.003418
600	-0.205078	0.005005
601	-0.217407	-0.007080
602	-0.213013	-0.009277
603	-0.211182	0.008911
604	-0.203247	-0.003662
605	-0.222046	0.005371
606	-0.209106	-0.006104
607	-0.211426	-0.002808
608	-0.220093	-0.004028
609	-0.215332	0.000854
610	-0.212891	-0.017456
611	-0.214355	-0.027710
612	-0.216431	-0.020630
613	-0.214600	0.003296
614	-0.209595	0.006592
615	-0.223267	-0.013672
616	-0.204224	0.007446
617	-0.218262	0.006714
618	-0.206299	-0.005371
619	-0.216553	-0.002319
620	-0.217651	-0.001465
621	-0.222168	0.012573
622	-0.216553	-0.017334
623	-0.215210	0.022339
624	-0.222046	-0.006592
625	-0.221924	0.015991
626	-0.198242	-0.007080
627	-0.215942	0.017090
628	-0.214844	-0.007202
629	-0.207764	-0.008911
630	-0.210571	-0.033447
631	-0.206299	-0.014038
632	-0.207520	0.000366
633	-0.222046	0.010620
634	-0.214233	0.015503
635	-0.207520	-0.020020
636	-0.209595	0.006348
637	-0.221313	0.005981
638	-0.217041	-0.006836
639	-0.209595	0.017944
640	-0.205200	0.007202
641	-0.218262	-0.019165
642	-0.229614	0.010010
643	-0.218506	0.009888
644	-0.199463	0.018799
645	-0.206055	-0.007324
646	-0.207520	0.031982
647	-0.209229	-0.002930
648	-0.212769	-0.002686
649	-0.224243	-0.006714
650	-0.209961	-0.002075
651	-0.200806	-0.001343
652	-0.217163	-0.028320
653	-0.208374	0.010742
654	-0.202637	0.003906
655	-0.208252	0.004272
656	-0.212646	-0.005005
657	-0.218750	0.020996
658	-0.218384	-0.003906
659	-0.206787	-0.004150
660	-0.204956	0.021240
661	-0.204102	0.008789
662	-0.221802	-0.014648
663	-0.215088	0.015015
664	-0.201294	0.026489
665	-0.210449	0.005371
666	-0.204468	0.006348
667	-0.217651	0.015015
668	-0.221558	-0.002075
669	-0.214600	0.013672
670	-0.216064	-0.021606
671	-0.213013	0.036499
672	-0.217407	0.004639
673	-0.200806	-0.014404
674	-0.213257	-0.009399
675	-0.211182	0.007324
676	-0.212524	0.008789
677	-0.210205	0.001831
678	-0.211182	-0.020630
679	-0.205078	0.011719
680	-0.214966	0.009521
681	-0.218506	-0.007324
682	-0.209717	-0.013794
683	-0.209473	-0.015869
684	-0.224365	0.008057
685	-0.226685	-0.016479
686	-0.221680	-0.000854
687	-0.225098	0.000610
688	-0.197876	-0.012573
689	-0.204102	-0.030273
690	-0.217407	-0.034790
691	-0.224976	0.014893
692	-0.207642	0.005127
693	-0.228027	0.007690
694	-0.208618	0.015747
695	-0.210938	-0.006470
696	-0.219360	0.022095
697	-0.201782	0.008301
698	-0.209595	-0.015259
699	-0.210571	0.006592
700	-0.211304	0.012451
701	-0.210083	0.000488
702	-0.204102	0.006592
703	-0.207153	-0.004883
704	-0.212524	-0.007446
705	-0.215210	0.001587
706	-0.205566	0.015869
707	-0.213867	0.005005
708	-0.209106	-0.004883
709	-0.218628	-0.011230
710	-0.210449	-0.004639
711	-0.212036	-0.011475
712	-0.208130	0.003296
713	-0.208374	0.014526
714	-0.215210	0.003784
715	-0.212646	-0.028687
716	-0.204224	0.016846
717	-0.200806	-0.005981
718	-0.213501	-0.022827
719	-0.204468	0.016846
720	-0.224121	-0.032837
721	-0.213013	0.004517
722	-0.200928	-0.002686
723	-0.199829	0.013916
724	-0.213989	0.010010
725	-0.223633	0.000977
726	-0.211426	0.010376
727	-0.215942	-0.022827
728	-0.220703	-0.007324
729	-0.208008	0.026611
730	-0.211670	-0.010742
731	-0.211914	0.009155
732	-0.205811	0.003540
733	-0.214233	0.015869
734	-0.218384	0.005371
735	-0.201782	0.018921
736	-0.220215	-0.002441
737	-0.216797	0.008545
738	-0.212158	0.003052
739	-0.216675	0.015015
740	-0.217163	0.007202
741	-0.215820	-0.001465
742	-0.226074	-0.003540
743	-0.211792	-0.018066
744	-0.206665	-0.032104
745	-0.207642	-0.015259
746	-0.200684	-0.006104
747	-0.211548	-0.007202
748	-0.207153	0.009277
749	-0.200073	-0.024658
750	-0.213989	-0.021729
751	-0.195679	-0.001587
752	-0.216064	0.012939
753	-0.224976	0.012695
754	-0.201416	-0.000244
755	-0.216797	0.020508
756	-0.222412	-0.019531
757	-0.215210	-0.008545
758	-0.215332	-0.004761
759	-0.215332	0.013916
760	-0.210571	-0.015747
761	-0.203003	0.002563
762	-0.207397	0.001831
763	-0.229126	-0.015259
764	-0.207397	0.014282
765	-0.200317	0.014282
766	-0.211548	-0.009033
767	-0.213379	-0.030029
768	-0.213379	-0.023193
769	-0.207031	0.002075
770	-0.213623	0.011841
771	-0.215820	-0.001343
772	-0.211548	-0.005981
773	-0.212158	-0.029419
774	-0.213623	0.011475
775	-0.217407	-0.012573
776	-0.218018	0.019775
777	-0.212036	-0.015747
778	-0.217773	0.017456
779	-0.217896	-0.005005
780	-0.218262	0.007690
781	-0.210327	0.008789
782	-0.208862	0.007568
783	-0.209839	0.007202
784	-0.205444	0.015381
785	-0.212036	0.012207
786	-0.214478	0.016235
787	-0.215820	0.000854
788	-0.214355	-0.003784
789	-0.215820	-0.004883
790	-0.216919	-0.005005
791	-0.216064	-0.013184
792	-0.201538	-0.002930
793	-0.213501	0.006714
794	-0.211914	0.004761
795	-0.196533	-0.013062
796	-0.204834	0.000977
797	-0.212769	0.002319
798	-0.203003	-0.008911
799	-0.211304	0.030029
800	-0.208374	-0.012207
801	-0.213989	0.004272
802	-0.215210	-0.003906
803	-0.208130	-0.005737
804	-0.217651	-0.001953
805	-0.214600	-0.006958
806	-0.212280	0.009521
807	-0.219116	-0.010986
808	-0.211182	-0.008423
809	-0.199951	0.005371
810	-0.212769	0.011475
811	-0.205566	0.001831
812	-0.208618	0.018799
813	-0.209473	0.005127
814	-0.214600	0.013794
815	-0.208008	0.006348
816	-0.206909	0.008301
817	-0.207153	0.003784
818	-0.211670	0.022339
819	-0.208374	-0.016235
820	-0.206909	0.004028
821	-0.208984	0.014526
822	-0.205200	0.024780
823	-0.224487	-0.001831
824	-0.209839	0.002441
825	-0.212036	-0.006958
826	-0.215454	-0.000854
827	-0.205811	0.007935
828	-0.204834	0.001221
829	-0.226074	-0.001099
830	-0.210327	-0.002563
831	-0.204224	0.013794
832	-0.216919	0.003418
833	-0.210693	-0.015503
834	-0.206787	0.015259
835	-0.214966	0.022949
836	-0.214844	0.009155
837	-0.203613	0.009399
838	-0.210327	-0.006104
839	-0.218994	-0.011475
840	-0.223877	-0.004395
841	-0.212280	-0.008667
842	-0.222656	0.023315
843	-0.208862	-0.013672
844	-0.211182	-0.011230
845	-0.216797	-0.000244
846	-0.194946	0.012695
847	-0.198975	-0.000488
848	-0.214844	0.000732
849	-0.203613	-0.005371
850	-0.213623	0.020020
851	-0.207886	-0.003662
852	-0.212769	0.020874
853	-0.209595	0.002075
854	-0.215332	-0.018188
855	-0.210205	0.000244
856	-0.203491	-0.027710
857	-0.217529	0.028442
858	-0.210205	0.006592
859	-0.209106	-0.009033
860	-0.204346	-0.033569
861	-0.216187	0.003662
862	-0.202271	0.019653
863	-0.214600	0.010620
864	-0.201538	-0.034424
865	-0.205933	0.004395
866	-0.214111	-0.029541
867	-0.207397	-0.002930
868	-0.212158	-0.013062
869	-0.214233	0.012085
870	-0.219727	-0.006470
871	-0.205566	-0.014282
872	-0.221436	-0.016113
873	-0.214233	-0.011719
874	-0.206299	-0.006470
875	-0.212891	0.021606
876	-0.215210	0.026855
877	-0.222046	-0.004517
878	-0.217529	0.004028
879	-0.218262	-0.010132
880	-0.213013	-0.003174
881	-0.216675	0.010498
882	-0.215820	-0.013672
883	-0.212158	-0.007813
884	-0.209473	0.015869
885	-0.212280	-0.002563
886	-0.209229	0.036133
887	-0.216309	-0.010010
888	-0.204102	-0.005371
889	-0.223999	0.012939
890	-0.203613	0.004639
891	-0.196045	-0.006348
892	-0.208740	0.000854
893	-0.208374	0.010010
894	-0.208374	-0.007202
895	-0.220459	0.005005
896	-0.213013	-0.004761
897	-0.219604	-0.002075
898	-0.223022	-0.021729
899	-0.217163	-0.005005
900	-0.202148	-0.011963
901	-0.206177	0.016846
902	-0.210571	0.037476
903	-0.204834	0.012695
904	-0.209595	0.015869
905	-0.218140	-0.011230
906	-0.201904	0.004272
907	-0.197510	-0.005249
908	-0.216309	-0.003052
909	-0.208618	-0.007324
910	-0.224487	0.005371
911	-0.222778	0.010742
912	-0.203979	-0.015747
913	-0.207642	0.018188
914	-0.208618	-0.015991
915	-0.208496	-0.000122
916	-0.205811	0.010620
917	-0.220581	-0.012573
918	-0.216064	0.035522
919	-0.203369	-0.000366
920	-0.217407	-0.010620
921	-0.208618	0.015015
922	-0.207153	0.000000
923	-0.212036	-0.015869
924	-0.216797	-0.018188
925	-0.214111	-0.001343
926	-0.217285	0.020264
927	-0.212524	-0.001831
928	-0.203125	0.004639
929	-0.219971	-0.003906
930	-0.201294	0.015625
931	-0.206421	-0.003784
932	-0.212769	-0.010376
933	-0.220581	-0.016846
934	-0.208862	0.015625
935	-0.218628	-0.026611
936	-0.221924	-0.006836
937	-0.217896	0.013794
938	-0.221191	0.025024
939	-0.210205	-0.001465
940	-0.220459	0.012573
941	-0.208130	0.001343
942	-0.220215	0.015503
943	-0.211304	-0.025635
944	-0.214233	0.020630
945	-0.215088	-0.009766
946	-0.218140	-0.005127
947	-0.208252	0.007568
948	-0.205322	0.024414
949	-0.214722	0.026123
950	-0.215088	-0.006226
951	-0.210571	0.008911
952	-0.220337	-0.005981
953	-0.209595	-0.004028
954	-0.218262	0.017334
955	-0.225830	0.006226
956	-0.213623	0.027954
957	-0.224487	-0.011475
958	-0.218994	-0.010376
959	-0.212524	-0.004517
960	-0.214844	-0.005493
961	-0.214722	0.001465
962	-0.209229	0.013184
963	-0.198853	-0.000854
964	-0.207275	-0.015015
965	-0.213745	0.003784
966	-0.213867	-0.016479
967	-0.215820	-0.006470
968	-0.209717	0.002808
969	-0.208984	-0.023926
970	-0.199341	0.004517
971	-0.206909	-0.014038
972	-0.211914	-0.009399
973	-0.214478	0.002563
974	-0.212769	0.017578
975	-0.200317	-0.001099
976	-0.215576	-0.002319
977	-0.200073	-0.006104
978	-0.214355	0.002441
979	-0.214111	-0.006470
980	-0.218872	-0.006104
981	-0.215210	-0.008179
982	-0.211182	-0.001343
983	-0.203247	0.005371
984	-0.218140	0.009277
985	-0.210693	0.016357
986	-0.222656	-0.012085
987	-0.217651	-0.016846
988	-0.213135	0.015137
989	-0.211182	-0.002808
990	-0.216553	-0.011108
991	-0.213989	0.002563
992	-0.208618	-0.016968
993	-0.217896	0.005615
994	-0.198608	-0.007446
995	-0.212280	-0.015869
996	-0.217773	0.031372
997	-0.212891	0.006836
998	-0.208130	0.001709
999	-0.200073	-0.005859
