0	-0.191406	-0.005859
1	-0.188843	-0.017578
2	-0.199097	0.012573
3	-0.189331	-0.002441
4	-0.206421	0.022949
5	-0.205444	-0.017822
6	-0.192749	-0.011963
7	-0.201538	-0.014526
8	-0.196167	-0.005005
9	-0.201782	0.030273
10	-0.191895	0.002686
11	-0.196777	0.003906
12	-0.203735	0.000977
13	-0.196167	-0.006226
14	-0.207397	0.004028
15	-0.194702	-0.000122
16	-0.197876	-0.003296
17	-0.201172	-0.003540
18	-0.197998	0.017700
19	-0.195068	0.003296
20	-0.192505	0.015015
21	-0.201660	0.010864
22	-0.188721	0.019531
23	-0.197632	0.004883
24	-0.191406	0.003296
25	-0.194702	-0.003296
26	-0.197144	-0.019043
27	-0.187012	-0.016357
28	-0.181274	0.012817
29	-0.204102	-0.000366
30	-0.192139	0.005737
31	-0.187134	-0.003174
32	-0.200562	-0.018311
33	-0.205444	-0.024658
34	-0.204834	0.004272
35	-0.198975	0.001831
36	-0.185059	-0.020874
37	-0.192627	-0.006958
38	-0.193237	0.000610
39	-0.190308	0.010498
40	-0.201294	0.012451
41	-0.200562	0.003296
42	-0.205078	-0.004639
43	-0.203003	0.005371
44	-0.202271	0.028198
45	-0.207275	0.032959
46	-0.201050	0.003784
47	-0.204590	0.010254
48	-0.196045	-0.016724
49	-0.187744	0.010376
50	-0.204956	-0.009033
51	-0.197754	-0.036133
52	-0.212280	-0.012085
53	-0.201172	0.005005
54	-0.195801	-0.006714
55	-0.220093	-0.011963
56	-0.192017	-0.011963
57	-0.193481	0.007202
58	-0.207397	0.013428
59	-0.191895	-0.005981
60	-0.197754	0.020264
61	-0.203003	0.016479
62	-0.201172	0.023315
63	-0.188599	0.004517
64	-0.202515	0.004150
65	-0.192017	0.003052
66	-0.200317	-0.013428
67	-0.200928	0.006226
68	-0.186279	0.006714
69	-0.192383	-0.010132
70	-0.199585	0.005127
71	-0.196655	-0.003662
72	-0.199707	-0.012573
73	-0.198486	-0.025513
74	-0.197510	0.003662
75	-0.205078	-0.001099
76	-0.202515	0.003906
77	-0.200806	0.001831
78	-0.200562	-0.006958
79	-0.188721	-0.017944
80	-0.195190	0.034668
81	-0.188721	-0.014526
82	-0.201660	-0.018555
83	-0.202026	0.010620
84	-0.184570	-0.005249
85	-0.192505	0.000854
86	-0.204346	-0.003662
87	-0.191406	0.000000
88	-0.207520	-0.006104
89	-0.196899	-0.000122
90	-0.192261	0.020386
91	-0.192505	0.017334
92	-0.190796	0.014404
93	-0.197144	-0.002197
94	-0.193115	0.010986
95	-0.201294	0.001953
96	-0.198730	0.003662
97	-0.192383	0.015137
98	-0.203003	-0.011108
99	-0.201050	0.014648
100	-0.193726	0.000244
101	-0.188843	-0.010986
102	-0.198975	-0.011597
103	-0.185669	0.008301
104	-0.196167	-0.003540
105	-0.192505	-0.006958
106	-0.203125	0.009521
107	-0.179932	0.005981
108	-0.187744	0.003052
109	-0.197021	-0.014282
110	-0.195313	-0.005981
111	-0.202759	0.002197
112	-0.213257	0.021729
113	-0.196045	-0.027832
114	-0.196411	-0.005859
115	-0.202637	-0.012207
116	-0.206177	0.019409
117	-0.205933	-0.025146
118	-0.207031	0.000854
119	-0.197388	-0.012817
120	-0.192383	0.015503
121	-0.198242	0.018555
122	-0.191040	0.012085
123	-0.194214	-0.019897
124	-0.209595	0.019897
125	-0.201660	-0.016479
126	-0.189819	0.013672
127	-0.206909	-0.023438
128	-0.193359	0.000122
129	-0.198120	0.023804
130	-0.183960	0.000366
131	-0.187622	0.011963
132	-0.193848	0.005737
133	-0.192383	-0.011963
134	-0.208618	0.025024
135	-0.201660	-0.010010
136	-0.195679	0.018066
137	-0.199463	-0.001709
138	-0.200562	0.017090
139	-0.199707	-0.019043
140	-0.197754	-0.018066
141	-0.189697	-0.005615
142	-0.201660	0.032715
143	-0.186523	0.022217
144	-0.193481	0.006104
145	-0.189575	0.013184
146	-0.208496	-0.001587
147	-0.197876	0.039673
148	-0.197388	0.018066
149	-0.205566	-0.011841
150	-0.200195	0.022339
151	-0.202881	-0.021118
152	-0.186768	-0.020752
153	-0.203247	0.006470
154	-0.194580	-0.003540
155	-0.184448	-0.005127
156	-0.193481	0.020508
157	-0.188232	0.013794
158	-0.206177	-0.010620
159	-0.207153	-0.014404
160	-0.192017	-0.010010
161	-0.184448	-0.005249
162	-0.193481	-0.010376
163	-0.201538	-0.009399
164	-0.189819	0.023438
165	-0.196533	0.004761
166	-0.205933	-0.013794
167	-0.197876	0.002319
168	-0.189209	-0.013794
169	-0.193481	-0.003296
170	-0.192505	0.000488
171	-0.201050	-0.010742
172	-0.202393	0.018799
173	-0.197754	0.002075
174	-0.198975	0.034058
175	-0.199951	0.002930
176	-0.200317	0.012085
177	-0.207886	0.014648
178	-0.188843	-0.006104
179	-0.187744	0.001465
180	-0.189209	0.017090
181	-0.203613	0.017090
182	-0.191284	0.008667
183	-0.203003	-0.007202
184	-0.195679	-0.020752
185	-0.205200	0.025024
186	-0.195435	-0.033813
187	-0.194824	-0.008057
188	-0.203369	0.003418
189	-0.181763	-0.003174
190	-0.185913	-0.005615
191	-0.209351	-0.003296
192	-0.194946	0.001709
193	-0.186035	0.008789
194	-0.199585	-0.019897
195	-0.201172	-0.020752
196	-0.195923	0.011841
197	-0.207764	-0.008789
198	-0.190552	-0.006226
199	-0.200562	-0.000366
200	-0.204834	-0.006592
201	-0.196777	0.000000
202	-0.193970	-0.007690
203	-0.213013	0.008545
204	-0.199097	-0.017212
205	-0.189819	-0.000488
206	-0.205200	0.011719
207	-0.193481	-0.001587
208	-0.193481	-0.005859
209	-0.206055	-0.010498
210	-0.199341	0.010864
211	-0.196777	0.005981
212	-0.198120	-0.008545
213	-0.197266	0.020996
214	-0.199097	0.001343
215	-0.205200	-0.020142
216	-0.205078	-0.014404
217	-0.190674	0.021484
218	-0.191406	0.013306
219	-0.210693	0.009644
220	-0.180176	-0.001343
221	-0.202759	0.023071
222	-0.205933	-0.004395
223	-0.195923	0.015015
224	-0.200806	-0.009521
225	-0.199463	0.011841
226	-0.202271	-0.029419
227	-0.191162	0.004395
228	-0.198608	-0.002930
229	-0.201416	0.003540
230	-0.199463	-0.002319
231	-0.192505	-0.004150
232	-0.206787	0.006592
233	-0.191650	0.003906
234	-0.179810	-0.000244
235	-0.199097	-0.003784
236	-0.190308	-0.001221
237	-0.194092	0.016479
238	-0.200928	0.003418
239	-0.203613	-0.007935
240	-0.197510	-0.001953
241	-0.201294	-0.016846
242	-0.196533	-0.001221
243	-0.208984	-0.004639
244	-0.195068	0.000122
245	-0.195801	-0.005859
246	-0.199463	-0.005371
247	-0.194702	-0.000977
248	-0.199463	0.000244
249	-0.202393	-0.006470
250	-0.198730	0.001221
251	-0.200317	-0.009888
252	-0.201294	-0.000366
253	-0.203613	-0.012695
254	-0.207520	0.017700
255	-0.196167	0.001221
256	-0.204346	-0.011719
257	-0.201416	-0.009888
258	-0.200684	0.016113
259	-0.198242	0.016357
260	-0.203491	0.009277
261	-0.205322	-0.000732
262	-0.198242	-0.001831
263	-0.213989	-0.017456
264	-0.198975	-0.021729
265	-0.196899	-0.012939
266	-0.199951	-0.019531
267	-0.194336	-0.016479
268	-0.192627	-0.004883
269	-0.187744	-0.005859
270	-0.197510	0.010376
271	-0.190063	0.007324
272	-0.196655	0.010742
273	-0.199097	-0.009033
274	-0.192871	-0.016846
275	-0.200684	0.014038
276	-0.195068	0.009888
277	-0.199463	-0.007202
278	-0.188721	-0.005981
279	-0.206299	-0.010742
280	-0.198364	0.023560
281	-0.188354	0.004395
282	-0.192261	-0.001221
283	-0.208740	-0.006226
284	-0.191528	-0.002808
285	-0.205933	0.016113
286	-0.191528	-0.000366
287	-0.195068	-0.018188
288	-0.205811	0.010376
289	-0.205200	0.004272
290	-0.200562	0.007568
291	-0.199585	0.017944
292	-0.211670	-0.010864
293	-0.205811	-0.010742
294	-0.192261	0.022827
295	-0.201294	0.011353
296	-0.202515	0.002075
297	-0.194946	-0.021118
298	-0.199829	0.009521
299	-0.192749	0.007690
300	-0.207397	0.004150
301	-0.193115	0.021240
302	-0.195923	-0.004150
303	-0.190430	-0.002808
304	-0.192993	0.005005
305	-0.197388	-0.030029
306	-0.192017	-0.006836
307	-0.193726	-0.009521
308	-0.204346	0.006592
309	-0.198853	0.015869
310	-0.194336	-0.007813
311	-0.203369	0.014771
312	-0.199463	0.011353
313	-0.188599	-0.005493
314	-0.190186	0.009155
315	-0.196533	0.026978
316	-0.195801	-0.008179
317	-0.205811	0.001953
318	-0.204590	0.011230
319	-0.197144	0.009888
320	-0.209717	-0.008545
321	-0.190796	0.011841
322	-0.185791	0.035645
323	-0.195190	-0.036133
324	-0.198730	0.005737
325	-0.206909	-0.000610
326	-0.197510	0.009277
327	-0.206787	-0.000488
328	-0.206177	0.024536
329	-0.192627	-0.022827
330	-0.193359	-0.005371
331	-0.184082	-0.029297
332	-0.199219	-0.016846
333	-0.190796	-0.005371
334	-0.200195	-0.024536
335	-0.201660	-0.002197
336	-0.202515	-0.014893
337	-0.193115	-0.001221
338	-0.203735	-0.018555
339	-0.208496	0.012329
340	-0.194336	0.003662
341	-0.189819	0.000122
342	-0.208618	-0.011719
343	-0.208130	-0.010986
344	-0.190308	0.009888
345	-0.192017	-0.005859
346	-0.198975	0.002319
347	-0.206421	0.034302
348	-0.196167	0.000366
349	-0.195557	-0.000366
350	-0.198120	-0.006348
351	-0.200195	-0.004028
352	-0.196045	-0.017456
353	-0.203491	0.014771
354	-0.207153	0.000244
355	-0.204712	0.021362
356	-0.201538	-0.003418
357	-0.199951	-0.012451
358	-0.207520	0.013184
359	-0.198975	-0.000732
360	-0.197266	0.003174
361	-0.191528	0.018555
362	-0.195313	0.000488
363	-0.201904	-0.004150
364	-0.199951	0.018921
365	-0.197998	0.010742
366	-0.202393	0.008301
367	-0.200073	-0.001709
368	-0.206299	0.007690
369	-0.199219	-0.019653
370	-0.196289	0.007813
371	-0.199829	-0.004150
372	-0.197388	-0.019409
373	-0.197021	0.019775
374	-0.197144	0.000366
375	-0.207642	-0.015137
376	-0.194824	-0.007446
377	-0.197144	-0.005371
378	-0.191895	0.019653
379	-0.205444	-0.005981
380	-0.198364	-0.006104
381	-0.189697	-0.014893
382	-0.201172	0.009521
383	-0.210449	0.021973
384	-0.203369	0.013916
385	-0.202637	-0.006348
386	-0.204102	-0.008057
387	-0.197876	-0.007568
388	-0.201782	0.016113
389	-0.193115	0.008545
390	-0.206421	0.003052
391	-0.199951	0.010620
392	-0.190308	-0.001099
393	-0.203735	-0.005981
394	-0.195190	0.015747
395	-0.192139	-0.001953
396	-0.195435	-0.012939
397	-0.192627	-0.019287
398	-0.203491	-0.004395
399	-0.201416	-0.028198
400	-0.195435	-0.019287
401	-0.188232	0.000122
402	-0.203735	-0.024536
403	-0.208008	0.009766
404	-0.183228	-0.004028
405	-0.205078	0.003418
406	-0.198975	0.012329
407	-0.189209	0.004150
408	-0.197388	-0.002563
409	-0.201904	-0.032227
410	-0.185547	-0.001709
411	-0.199097	0.009399
412	-0.198730	-0.008057
413	-0.193481	-0.026001
414	-0.200073	0.010376
415	-0.194214	-0.003906
416	-0.185669	-0.009033
417	-0.185791	0.006104
418	-0.211670	0.015747
419	-0.189941	-0.015137
420	-0.192871	-0.005005
421	-0.202271	-0.018311
422	-0.185547	0.014648
423	-0.196289	-0.014404
424	-0.190186	0.016479
425	-0.196655	0.010498
426	-0.197510	-0.006104
427	-0.195068	-0.009888
428	-0.190308	-0.005981
429	-0.200073	0.004395
430	-0.198486	0.004761
431	-0.188721	0.004761
432	-0.186401	-0.000244
433	-0.190186	-0.003296
434	-0.196899	-0.012451
435	-0.192261	0.006226
436	-0.191040	0.002563
437	-0.193970	-0.006714
438	-0.187012	-0.000366
439	-0.198242	0.016235
440	-0.198853	0.003052
441	-0.206909	-0.017578
442	-0.198486	-0.009521
443	-0.209106	-0.006958
444	-0.197998	0.006348
445	-0.195435	0.011353
446	-0.187988	0.014038
447	-0.196899	0.016113
448	-0.197266	0.003418
449	-0.189087	-0.002441
450	-0.194580	0.005005
451	-0.196167	0.019897
452	-0.193970	0.009644
453	-0.201416	-0.013550
454	-0.188354	-0.015259
455	-0.197754	0.014038
456	-0.197754	0.017456
457	-0.192871	0.021973
458	-0.199585	-0.004883
459	-0.196045	0.006714
460	-0.196411	0.017212
461	-0.201782	-0.016968
462	-0.208862	0.001221
463	-0.197021	0.000854
464	-0.202271	0.016113
465	-0.210938	0.006226
466	-0.196045	0.003784
467	-0.195923	-0.021362
468	-0.197876	-0.013916
469	-0.200073	0.000488
470	-0.182861	0.001343
471	-0.194336	-0.009277
472	-0.198730	-0.005493
473	-0.190430	-0.008179
474	-0.199097	0.014160
475	-0.197266	-0.007324
476	-0.186035	-0.012085
477	-0.202271	-0.015381
478	-0.193970	0.013550
479	-0.196777	0.001343
480	-0.194092	0.005493
481	-0.196899	-0.005371
482	-0.193359	-0.006348
483	-0.203613	0.010864
484	-0.202881	0.017822
485	-0.206421	-0.010010
486	-0.195435	0.008179
487	-0.188843	-0.009766
488	-0.193481	-0.012939
489	-0.204468	-0.014282
490	-0.202637	-0.006958
491	-0.199585	-0.009033
492	-0.190552	0.005249
493	-0.190674	-0.020752
494	-0.186523	0.013916
495	-0.190063	0.013062
496	-0.194824	0.003784
497	-0.194092	0.026123
498	-0.181641	-0.009399
499	-0.196899	-0.002441
500	-0.201782	-0.012329
501	-0.180054	0.009521
502	-0.199341	0.004761
503	-0.200073	0.015259
504	-0.199463	0.021118
505	-0.190796	0.001587
506	-0.193359	0.017578
507	-0.213013	0.002808
508	-0.188721	0.021118
509	-0.197754	0.011353
510	-0.193848	-0.026367
511	-0.199219	-0.013062
512	-0.197754	0.017944
513	-0.197266	0.021973
514	-0.204468	0.001221
515	-0.201660	-0.006348
516	-0.203613	-0.003174
517	-0.195557	-0.010254
518	-0.204712	-0.004028
519	-0.207397	0.000244
520	-0.207397	-0.011719
521	-0.201660	0.005371
522	-0.190308	-0.003906
523	-0.184326	-0.002686
524	-0.190063	-0.000366
525	-0.193359	-0.011841
526	-0.188843	-0.020752
527	-0.195313	-0.006958
528	-0.199585	0.003174
529	-0.204834	0.014526
530	-0.193481	-0.001953
531	-0.196411	0.008545
532	-0.207642	-0.001953
533	-0.196655	-0.006348
534	-0.191528	0.001709
535	-0.201538	-0.018066
536	-0.189819	0.010620
537	-0.199097	-0.034180
538	-0.203247	0.001953
539	-0.198120	0.008911
540	-0.193970	0.004150
541	-0.202393	-0.006470
542	-0.197754	0.010132
543	-0.206787	0.016968
544	-0.212036	-0.010132
545	-0.193237	0.018799
546	-0.195068	-0.029297
547	-0.212646	0.021851
548	-0.193481	-0.012573
549	-0.189697	-0.004150
550	-0.193726	0.000366
551	-0.195679	0.003540
552	-0.194214	0.011108
553	-0.199707	-0.007568
554	-0.203491	-0.021973
555	-0.194214	0.022461
556	-0.192261	-0.006470
557	-0.196289	-0.002319
558	-0.188354	0.013062
559	-0.195435	-0.011963
560	-0.196167	-0.006348
561	-0.192627	-0.006714
562	-0.198730	-0.007080
563	-0.194702	0.003662
564	-0.192993	-0.009644
565	-0.193970	-0.002319
566	-0.190063	-0.023560
567	-0.200806	-0.018555
568	-0.201660	-0.013794
569	-0.193359	0.007446
570	-0.200928	0.023438
571	-0.183838	0.008057
572	-0.196655	-0.012207
573	-0.202637	0.003052
574	-0.199219	0.001953
575	-0.197998	0.015259
576	-0.199097	0.015991
577	-0.192627	0.010742
578	-0.201416	-0.009644
579	-0.203735	-0.009888
580	-0.203247	-0.005737
581	-0.205200	-0.002197
582	-0.206665	0.000977
583	-0.201904	-0.008057
584	-0.190552	0.004761
585	-0.194946	-0.015015
586	-0.187256	-0.012817
587	-0.187378	0.004150
588	-0.198975	-0.019775
589	-0.196289	0.000854
590	-0.198853	-0.019409
591	-0.196777	0.011597
592	-0.196289	-0.005859
593	-0.197266	0.006226
594	-0.198242	0.006958
595	-0.200073	-0.004883
596	-0.198608	-0.004272
597	-0.198853	-0.004395
598	-0.208740	-0.022095
599	-0.196899	0.014160
600	-0.197632	0.015625
601	-0.194458	-0.011841
602	-0.200928	0.002319
603	-0.182495	-0.008789
604	-0.193359	-0.000122
605	-0.198364	-0.001709
606	-0.192261	0.010132
607	-0.201050	-0.014648
608	-0.200562	0.026733
609	-0.206421	0.022217
610	-0.211304	0.006104
611	-0.199097	-0.017822
612	-0.201538	0.006226
613	-0.192749	0.021362
614	-0.204712	-0.010742
615	-0.198853	-0.001465
616	-0.204834	-0.008423
617	-0.200317	0.019165
618	-0.196899	0.002075
619	-0.195923	-0.002808
620	-0.195313	0.016724
621	-0.193970	-0.022949
622	-0.190186	0.010254
623	-0.194214	0.010010
624	-0.200317	0.003540
625	-0.201538	0.002197
626	-0.196167	0.006836
627	-0.188599	0.008179
628	-0.199585	-0.032104
629	-0.198730	0.000854
630	-0.203857	0.025146
631	-0.207031	0.020142
632	-0.196167	-0.006104
633	-0.198120	-0.010254
634	-0.189697	0.001465
635	-0.202026	0.006714
636	-0.194824	0.007568
637	-0.195679	-0.017822
638	-0.201538	0.008423
639	-0.200562	0.008057
640	-0.201050	-0.023560
641	-0.210938	0.010620
642	-0.199707	-0.007202
643	-0.204956	-0.020386
644	-0.207153	-0.020508
645	-0.190308	-0.012085
646	-0.194458	0.000732
647	-0.201050	0.020752
648	-0.193970	0.010010
649	-0.194824	-0.005859
650	-0.189087	0.014160
651	-0.186768	0.001099
652	-0.204102	0.010864
653	-0.189941	0.008667
654	-0.198120	-0.005127
655	-0.201904	0.015869
656	-0.185913	0.016724
657	-0.189087	0.006470
658	-0.202271	0.015381
659	-0.200806	-0.001343
660	-0.205811	0.000977
661	-0.196045	0.003784
662	-0.199219	-0.000610
663	-0.193726	-0.008545
664	-0.188843	0.015991
665	-0.203491	-0.027832
666	-0.200684	0.016113
667	-0.197021	0.010620
668	-0.199341	-0.020508
669	-0.195801	0.005737
670	-0.192871	0.005737
671	-0.196777	0.006836
672	-0.200928	0.015991
673	-0.205811	0.028931
674	-0.200562	0.002563
675	-0.194458	0.010986
676	-0.196289	-0.005859
677	-0.205444	-0.005127
678	-0.198120	0.013184
679	-0.198608	0.000488
680	-0.204346	-0.009399
681	-0.204102	0.001953
682	-0.197266	-0.006592
683	-0.205688	-0.003784
684	-0.197388	-0.005859
685	-0.187866	0.008789
686	-0.200928	-0.002075
687	-0.198730	0.001465
688	-0.191162	0.020874
689	-0.198120	0.020874
690	-0.204590	0.005737
691	-0.192749	-0.010376
692	-0.203735	-0.029053
693	-0.192749	0.004028
694	-0.195557	0.003784
695	-0.200684	-0.022339
696	-0.193726	0.007446
697	-0.203613	-0.001221
698	-0.202148	0.004517
699	-0.191284	-0.005127
700	-0.197632	0.002075
701	-0.192505	0.008789
702	-0.190552	0.021118
703	-0.207153	-0.021851
704	-0.193481	0.004272
705	-0.186157	0.025391
706	-0.202148	0.018188
707	-0.184570	-0.015137
708	-0.195435	0.008545
709	-0.203003	-0.005005
710	-0.192871	0.004272
711	-0.200684	-0.022217
712	-0.201782	0.016968
713	-0.202148	0.014526
714	-0.192871	0.002563
715	-0.203003	-0.001953
716	-0.199341	-0.022461
717	-0.200317	0.001953
718	-0.198608	0.023682
719	-0.184937	-0.012817
720	-0.195679	-0.005005
721	-0.205811	-0.006836
722	-0.184814	0.018677
723	-0.202637	-0.011475
724	-0.208740	0.015991
725	-0.211426	0.008667
726	-0.198364	0.013306
727	-0.199219	0.020142
728	-0.207397	0.001831
729	-0.190674	0.020508
730	-0.193359	-0.012329
731	-0.204346	-0.008301
732	-0.187256	-0.021606
733	-0.201782	0.008423
734	-0.207153	-0.011475
735	-0.196655	-0.029297
736	-0.193481	-0.014404
737	-0.193359	0.003662
738	-0.191040	-0.002563
739	-0.192505	-0.010376
740	-0.200684	0.013062
741	-0.191040	-0.000244
742	-0.199097	-0.019043
743	-0.195435	-0.006348
744	-0.203247	0.007202
745	-0.209473	0.016113
746	-0.202881	-0.007690
747	-0.189819	-0.009521
748	-0.192383	0.013794
749	-0.192749	-0.010620
750	-0.201416	-0.001465
751	-0.190796	-0.014771
752	-0.204468	0.027832
753	-0.199829	-0.009766
754	-0.198730	-0.020264
755	-0.193726	0.004272
756	-0.197876	-0.001099
757	-0.190796	-0.009155
758	-0.194824	0.006836
759	-0.194946	0.007568
760	-0.205811	0.010376
761	-0.201904	-0.001221
762	-0.207886	-0.010254
763	-0.199463	0.004639
764	-0.193848	-0.021606
765	-0.197388	-0.010254
766	-0.187866	-0.006958
767	-0.201904	0.007202
768	-0.202637	0.008179
769	-0.203369	-0.023926
770	-0.191895	-0.031250
771	-0.186035	-0.011353
772	-0.192871	-0.022095
773	-0.189331	-0.016235
774	-0.199829	0.007813
775	-0.196289	-0.009277
776	-0.204468	-0.010864
777	-0.194214	-0.002197
778	-0.193848	-0.024658
779	-0.195068	-0.003540
780	-0.186401	0.003662
781	-0.193970	0.004883
782	-0.205688	-0.030396
783	-0.200928	0.020142
784	-0.200562	-0.015259
785	-0.206299	0.018066
786	-0.199341	-0.015869
787	-0.191772	0.033203
788	-0.204956	-0.010254
789	-0.186523	-0.014771
790	-0.192139	0.005859
791	-0.203125	0.002197
792	-0.192871	0.031616
793	-0.194824	-0.003784
794	-0.202148	0.000854
795	-0.196533	0.011353
796	-0.197754	-0.014038
797	-0.201660	0.000854
798	-0.196411	0.004395
799	-0.187622	0.002930
800	-0.200562	-0.009644
801	-0.195068	-0.003662
802	-0.195801	-0.016602
803	-0.201172	-0.003662
804	-0.194824	0.022217
805	-0.194214	0.005127
806	-0.197876	0.000488
807	-0.185791	-0.003296
808	-0.184448	-0.008789
809	-0.197388	0.023315
810	-0.200073	0.024536
811	-0.188965	0.024170
812	-0.199341	-0.023926
813	-0.204712	-0.003174
814	-0.198120	-0.011230
815	-0.196289	0.009155
816	-0.211182	-0.012329
817	-0.196045	-0.004272
818	-0.206299	-0.007202
819	-0.202026	-0.002686
820	-0.196167	0.002686
821	-0.206299	0.015259
822	-0.197876	0.017456
823	-0.198120	-0.005615
824	-0.195313	-0.024170
825	-0.183838	0.018066
826	-0.197388	0.008911
827	-0.197876	-0.008911
828	-0.192383	0.007813
829	-0.212524	0.001709
830	-0.193848	0.008789
831	-0.199585	0.028076
832	-0.193237	0.004395
833	-0.187012	-0.001831
834	-0.194336	0.014648
835	-0.203857	-0.007568
836	-0.203735	0.013428
837	-0.198975	0.006470
838	-0.205078	0.015259
839	-0.206787	-0.000610
840	-0.199219	-0.010742
841	-0.186646	0.015991
842	-0.203003	-0.004639
843	-0.182617	0.014282
844	-0.198608	0.002686
845	-0.193604	-0.006348
846	-0.189819	0.012207
847	-0.193237	-0.004517
848	-0.200317	0.001831
849	-0.195068	0.009521
850	-0.205322	0.003052
851	-0.198486	0.022339
852	-0.179810	-0.010620
853	-0.198486	0.004272
854	-0.188477	0.010498
855	-0.195557	0.003662
856	-0.204834	0.005615
857	-0.193848	0.011353
858	-0.197998	-0.002197
859	-0.184570	0.017212
860	-0.193726	0.009033
861	-0.197754	0.005981
862	-0.190796	0.004883
863	-0.197510	-0.008301
864	-0.199951	0.004761
865	-0.200928	-0.017944
866	-0.203613	0.000000
867	-0.212280	-0.011841
868	-0.191772	0.004272
869	-0.189941	0.013428
870	-0.195435	-0.008545
871	-0.192871	-0.005371
872	-0.199951	0.011475
873	-0.202148	0.007935
874	-0.199951	-0.012085
875	-0.201172	-0.024170
876	-0.195557	-0.010620
877	-0.199829	-0.000732
878	-0.198730	-0.010742
879	-0.200806	-0.005615
880	-0.210815	-0.009644
881	-0.190918	-0.020386
882	-0.196655	0.019287
883	-0.204590	0.015991
884	-0.193726	0.005615
885	-0.203857	0.007446
886	-0.203735	0.004639
887	-0.191772	-0.010986
888	-0.198853	-0.006714
889	-0.199219	-0.005005
890	-0.189209	0.022339
891	-0.189453	0.026123
892	-0.203125	-0.012207
893	-0.199341	0.012939
894	-0.191528	-0.008301
895	-0.202148	0.021973
896	-0.185791	0.004639
897	-0.204102	0.009155
898	-0.204102	0.010620
899	-0.206909	-0.005371
900	-0.196655	-0.003296
901	-0.204346	0.010132
902	-0.203979	-0.014160
903	-0.207275	0.000122
904	-0.198486	-0.031860
905	-0.186035	-0.010254
906	-0.193237	-0.000854
907	-0.188110	-0.019409
908	-0.195679	0.010742
909	-0.191528	-0.013428
910	-0.201050	-0.007813
911	-0.201416	0.004517
912	-0.193237	0.004639
913	-0.190063	-0.005249
914	-0.193726	-0.005737
915	-0.201172	-0.003540
916	-0.197754	0.017334
917	-0.193848	0.009399
918	-0.206665	-0.005371
919	-0.202271	-0.012573
920	-0.198975	-0.019775
921	-0.201538	-0.001953
922	-0.192261	-0.004639
923	-0.192017	-0.003174
924	-0.203491	-0.000610
925	-0.194092	-0.017700
926	-0.204834	-0.007080
927	-0.206421	0.002197
928	-0.200195	-0.033813
929	-0.201538	-0.028809
930	-0.203247	-0.020020
931	-0.199097	0.000000
932	-0.195679	0.004272
933	-0.205444	-0.010620
934	-0.202637	-0.007813
935	-0.200928	-0.002075
936	-0.196167	0.001465
937	-0.200562	-0.004150
938	-0.188843	0.005981
939	-0.205200	-0.004272
940	-0.205322	0.012451
941	-0.194214	0.008423
942	-0.205078	-0.015259
943	-0.208008	-0.006592
944	-0.199829	0.005371
945	-0.191772	0.006592
946	-0.196899	-0.008545
947	-0.199463	0.019043
948	-0.191650	0.005859
949	-0.203613	0.005981
950	-0.193970	0.009766
951	-0.191528	0.021484
952	-0.197632	-0.000366
953	-0.194214	-0.012573
954	-0.194214	0.000977
955	-0.192261	0.017578
956	-0.199219	0.036011
957	-0.208130	0.003052
958	-0.200684	0.009399
959	-0.200317	-0.006836
960	-0.200562	0.018311
961	-0.189087	0.011353
962	-0.188965	-0.008057
963	-0.191284	0.017700
964	-0.199219	-0.022217
965	-0.198364	-0.006714
966	-0.201050	0.019165
967	-0.196167	-0.007813
968	-0.202637	0.010620
969	-0.188232	-0.006226
970	-0.196777	0.019531
971	-0.192017	-0.010010
972	-0.203735	-0.008911
973	-0.200928	-0.000122
974	-0.198608	0.007935
975	-0.198608	-0.013062
976	-0.195679	0.019043
977	-0.199097	-0.001953
978	-0.191528	-0.020996
979	-0.195190	0.015991
980	-0.200317	-0.044922
981	-0.200073	-0.000977
982	-0.195313	-0.005737
983	-0.194946	-0.003540
984	-0.200806	0.005737
985	-0.191895	0.008789
986	-0.200928	-0.009033
987	-0.197632	-0.012817
988	-0.194946	-0.025513
989	-0.196167	-0.000488
990	-0.201172	-0.018677
991	-0.197266	-0.008301
992	-0.185791	-0.005615
993	-0.207153	-0.001587
994	-0.203735	-0.004028
995	-0.192627	0.008545
996	-0.199707	-0.014771
997	-0.198853	-0.008667
998	-0.203613	0.010620
999	-0.199951	-0.015503
