0	-0.097778	0.020874
1	-0.089722	0.007446
2	-0.086426	-0.007690
3	-0.096436	-0.004272
4	-0.093994	0.001221
5	-0.087280	-0.010376
6	-0.092896	0.010376
7	-0.085693	-0.009766
8	-0.091431	-0.008301
9	-0.096924	-0.000366
10	-0.086914	-0.003906
11	-0.094360	-0.009766
12	-0.100342	0.008057
13	-0.096802	0.004639
14	-0.105835	-0.010620
15	-0.106812	-0.003784
16	-0.087891	-0.016846
17	-0.103394	0.028198
18	-0.103394	0.010010
19	-0.096069	-0.004028
20	-0.097046	-0.017456
21	-0.092041	0.013184
22	-0.089844	-0.018555
23	-0.095947	0.022949
24	-0.096191	-0.004517
25	-0.096802	-0.007813
26	-0.094727	0.003418
27	-0.098389	0.013306
28	-0.094238	-0.021973
29	-0.094116	-0.002808
30	-0.095215	0.003540
31	-0.096436	-0.003296
32	-0.100708	-0.001221
33	-0.100586	0.003784
34	-0.095947	0.004150
35	-0.077393	-0.003784
36	-0.090942	0.003540
37	-0.096802	-0.008057
38	-0.092529	0.011963
39	-0.098877	0.011108
40	-0.093750	0.000122
41	-0.097534	-0.014160
42	-0.101685	0.012695
43	-0.088745	-0.009644
44	-0.092041	-0.005005
45	-0.091797	0.003540
46	-0.088501	-0.015137
47	-0.094727	0.011719
48	-0.097778	-0.009888
49	-0.097412	0.002930
50	-0.098389	-0.007813
51	-0.096680	0.015747
52	-0.102295	-0.013062
53	-0.091553	0.001587
54	-0.110718	-0.016602
55	-0.098267	0.008057
56	-0.094849	0.002197
57	-0.091431	-0.004883
58	-0.087280	0.014282
59	-0.095459	0.003906
60	-0.095093	-0.003418
61	-0.096924	0.005127
62	-0.097778	0.002319
63	-0.100464	-0.012695
64	-0.090454	-0.017700
65	-0.103394	0.013550
66	-0.100952	0.009888
67	-0.096436	-0.002319
68	-0.093994	0.000854
69	-0.096558	0.003418
70	-0.093872	-0.008667
71	-0.096558	-0.015259
72	-0.102783	-0.010376
73	-0.091675	0.006348
74	-0.093872	-0.003784
75	-0.093506	0.007324
76	-0.091187	-0.005493
77	-0.091431	0.000732
78	-0.100952	-0.009399
79	-0.100342	0.013794
80	-0.090698	0.002319
81	-0.094849	-0.000488
82	-0.090210	-0.004883
83	-0.086426	0.012451
84	-0.085815	-0.007935
85	-0.090332	0.013672
86	-0.089844	-0.010986
87	-0.094727	-0.010376
88	-0.096558	0.002319
89	-0.086304	-0.016357
90	-0.091675	0.006470
91	-0.095947	-0.004395
92	-0.092407	-0.000977
93	-0.094482	0.001831
94	-0.098999	-0.005737
95	-0.102539	-0.014771
96	-0.089844	0.010742
97	-0.104614	-0.007080
98	-0.095947	-0.001099
99	-0.090942	0.004761
100	-0.096924	0.010864
101	-0.093018	-0.005737
102	-0.101196	0.004395
103	-0.106201	-0.004150
104	-0.093018	-0.001831
105	-0.105713	0.006836
106	-0.096680	0.003906
107	-0.100464	-0.012207
108	-0.093506	-0.002808
109	-0.091553	0.007446
110	-0.099487	0.001953
111	-0.100098	-0.006958
112	-0.095581	0.014526
113	-0.086670	-0.006470
114	-0.095581	-0.000366
115	-0.104004	0.008179
116	-0.098633	-0.002075
117	-0.098267	-0.019531
118	-0.093994	0.001587
119	-0.090332	0.018311
120	-0.091431	0.003906
121	-0.099976	-0.025635
122	-0.096680	-0.005249
123	-0.096191	-0.004639
124	-0.098389	0.005493
125	-0.102661	0.006714
126	-0.106323	0.000732
127	-0.091797	0.004150
128	-0.101807	-0.010620
129	-0.104736	0.017456
130	-0.098389	0.009888
131	-0.093140	0.007324
132	-0.083008	-0.007324
133	-0.087158	0.013672
134	-0.090820	-0.001709
135	-0.088135	0.000854
136	-0.090088	0.002075
137	-0.092651	0.008057
138	-0.101440	-0.013794
139	-0.104126	0.007324
140	-0.091064	-0.001831
141	-0.097778	0.008423
142	-0.095215	0.005493
143	-0.082397	0.003418
144	-0.099609	0.002563
145	-0.088501	0.009521
146	-0.097412	-0.000610
147	-0.093506	0.007690
148	-0.096191	-0.004639
149	-0.089844	-0.009521
150	-0.095703	0.014038
151	-0.097534	-0.002686
152	-0.087891	-0.004028
153	-0.097656	0.001587
154	-0.099487	-0.004150
155	-0.095337	0.003906
156	-0.087646	-0.016724
157	-0.093140	-0.002686
158	-0.097900	0.017090
159	-0.090332	0.012207
160	-0.085449	0.007324
161	-0.097534	0.004883
162	-0.099243	-0.010010
163	-0.095093	0.005005
164	-0.094727	0.014282
165	-0.089844	-0.011353
166	-0.092163	-0.007813
167	-0.096191	-0.003784
168	-0.090942	0.003540
169	-0.092773	0.016235
170	-0.101318	-0.010986
171	-0.091919	-0.000854
172	-0.091919	0.000610
173	-0.101318	0.012573
174	-0.096680	-0.029541
175	-0.087158	0.022217
176	-0.096802	0.013550
177	-0.102417	0.004517
178	-0.105713	-0.001099
179	-0.096313	0.005127
180	-0.097778	-0.000244
181	-0.099487	0.009644
182	-0.097046	0.002319
183	-0.103516	-0.017822
184	-0.090088	-0.007690
185	-0.104370	-0.000610
186	-0.098022	0.015137
187	-0.092773	0.000000
188	-0.092529	0.013062
189	-0.100708	-0.015991
190	-0.092285	0.017334
191	-0.098267	0.013306
192	-0.094482	-0.020874
193	-0.078979	0.010132
194	-0.083496	0.012085
195	-0.087524	-0.007568
196	-0.095703	0.000854
197	-0.090576	-0.014648
198	-0.094360	-0.003418
199	-0.089478	0.003662
200	-0.090820	0.017944
201	-0.096680	0.000122
202	-0.097778	0.008301
203	-0.095703	-0.015259
204	-0.096313	0.006836
205	-0.098389	0.011475
206	-0.100342	0.009766
207	-0.093628	-0.006470
208	-0.094360	-0.004150
209	-0.097168	0.001343
210	-0.098022	0.015625
211	-0.092529	0.012451
212	-0.092163	-0.000366
213	-0.091431	0.008545
214	-0.094482	0.005981
215	-0.091919	-0.001221
216	-0.103760	-0.004883
217	-0.105957	0.000244
218	-0.084961	0.000366
219	-0.098267	0.003052
220	-0.098633	-0.013428
221	-0.102539	0.007935
222	-0.107056	-0.010620
223	-0.105713	-0.002930
224	-0.095703	-0.009399
225	-0.092041	0.016602
226	-0.098389	0.005005
227	-0.089478	0.008301
228	-0.087402	-0.008911
229	-0.088135	0.005737
230	-0.100464	-0.000732
231	-0.104004	-0.000366
232	-0.093140	0.005371
233	-0.074097	0.003296
234	-0.081787	-0.001587
235	-0.091553	0.002563
236	-0.099365	0.007446
237	-0.106689	0.005249
238	-0.091187	0.019653
239	-0.096436	-0.017700
240	-0.102173	-0.005615
241	-0.094482	0.005371
242	-0.090820	0.005127
243	-0.094849	0.008667
244	-0.082397	-0.005249
245	-0.095947	-0.004761
246	-0.107910	0.007568
247	-0.098755	-0.019409
248	-0.082397	-0.001465
249	-0.095337	0.010010
250	-0.094971	0.000732
251	-0.096558	0.005371
252	-0.088013	0.002319
253	-0.094971	-0.006958
254	-0.095703	0.014648
255	-0.091919	0.009888
256	-0.093262	-0.000732
257	-0.097412	-0.005371
258	-0.098999	-0.006958
259	-0.103638	0.014893
260	-0.095703	-0.012939
261	-0.096191	-0.003296
262	-0.102661	-0.004028
263	-0.090088	0.001587
264	-0.104492	0.015259
265	-0.091553	-0.020874
266	-0.094849	0.000732
267	-0.092163	-0.010132
268	-0.094971	-0.010986
269	-0.099609	-0.005371
270	-0.094727	-0.009888
271	-0.099854	-0.012695
272	-0.099731	0.015991
273	-0.088379	0.009155
274	-0.099487	-0.008789
275	-0.089600	-0.011597
276	-0.094238	0.005127
277	-0.098633	-0.000244
278	-0.094849	-0.005249
279	-0.090576	-0.011475
280	-0.086548	0.002808
281	-0.099243	0.007446
282	-0.096191	0.006836
283	-0.094971	-0.003662
284	-0.089600	0.013794
285	-0.091919	0.002930
286	-0.087646	-0.013672
287	-0.093506	0.010864
288	-0.104858	-0.004517
289	-0.095093	-0.012817
290	-0.089600	-0.004028
291	-0.094727	-0.008667
292	-0.095337	-0.005249
293	-0.093750	-0.010132
294	-0.093994	-0.000122
295	-0.088867	-0.008789
296	-0.089600	0.005737
297	-0.101196	0.005493
298	-0.089966	0.009521
299	-0.090820	0.000000
300	-0.097412	-0.000488
301	-0.089966	-0.009277
302	-0.108398	-0.012939
303	-0.101685	-0.010620
304	-0.096313	0.013306
305	-0.096802	0.014526
306	-0.094849	-0.006958
307	-0.095581	0.002197
308	-0.088623	-0.003418
309	-0.091675	-0.008057
310	-0.089722	0.001343
311	-0.086914	-0.007080
312	-0.096436	-0.009155
313	-0.097534	0.003540
314	-0.094604	-0.000488
315	-0.097290	0.000366
316	-0.095581	0.005981
317	-0.092773	-0.008789
318	-0.093262	0.008911
319	-0.094849	0.000854
320	-0.087891	-0.017212
321	-0.101929	0.005615
322	-0.097900	0.005615
323	-0.097534	0.008789
324	-0.105225	0.018433
325	-0.101074	-0.008789
326	-0.102905	0.012451
327	-0.092529	-0.002686
328	-0.093018	-0.008545
329	-0.091797	0.000732
330	-0.088501	-0.012207
331	-0.097534	0.004639
332	-0.094238	-0.009155
333	-0.095215	-0.007935
334	-0.101563	0.016357
335	-0.100708	-0.008057
336	-0.094849	-0.011719
337	-0.097900	-0.003174
338	-0.084717	-0.011841
339	-0.098877	-0.007813
340	-0.097656	-0.006592
341	-0.099487	0.013672
342	-0.099731	0.001343
343	-0.096313	0.006592
344	-0.104492	0.005371
345	-0.087280	-0.015503
346	-0.091797	-0.001953
347	-0.104858	0.012085
348	-0.104004	-0.002319
349	-0.088135	0.004028
350	-0.099243	0.002808
351	-0.096924	-0.002075
352	-0.096558	0.002075
353	-0.089355	0.006592
354	-0.091553	0.004761
355	-0.095459	0.011963
356	-0.099976	-0.004761
357	-0.099609	-0.002075
358	-0.107056	-0.018433
359	-0.107056	0.002808
360	-0.097168	0.015015
361	-0.094116	-0.002197
362	-0.090454	-0.016846
363	-0.101318	-0.011597
364	-0.089722	-0.006226
365	-0.083618	0.003662
366	-0.088989	-0.013306
367	-0.097656	0.010498
368	-0.094727	0.000244
369	-0.093872	0.011963
370	-0.099609	-0.008423
371	-0.091431	-0.008667
372	-0.092651	0.011108
373	-0.100464	0.008423
374	-0.097900	0.001709
375	-0.100708	-0.009644
376	-0.094482	0.012573
377	-0.096191	-0.007202
378	-0.095215	-0.022339
379	-0.098755	0.001465
380	-0.090088	0.000122
381	-0.091797	-0.001465
382	-0.108521	0.010864
383	-0.092041	0.006958
384	-0.092285	0.009399
385	-0.102661	-0.001343
386	-0.089478	0.016235
387	-0.095093	0.001953
388	-0.089233	0.012939
389	-0.087524	-0.010132
390	-0.085205	-0.007690
391	-0.095459	0.008301
392	-0.094360	0.003174
393	-0.084106	-0.000610
394	-0.095581	0.011841
395	-0.089478	-0.005859
396	-0.090210	0.005859
397	-0.094971	0.006226
398	-0.096924	0.004272
399	-0.090698	-0.012085
400	-0.090088	-0.000244
401	-0.096558	-0.009033
402	-0.096313	-0.001221
403	-0.086548	0.003296
404	-0.090332	0.008301
405	-0.087769	-0.014160
406	-0.091797	0.014526
407	-0.088623	0.011841
408	-0.091187	-0.005981
409	-0.095703	0.008545
410	-0.098877	-0.010620
411	-0.091431	0.000000
412	-0.090942	0.008057
413	-0.099976	-0.007324
414	-0.101440	0.012085
415	-0.090698	0.023438
416	-0.089233	-0.009521
417	-0.101807	0.002075
418	-0.101685	0.003052
419	-0.094727	-0.016724
420	-0.097046	0.000000
421	-0.092529	0.003540
422	-0.098755	-0.006592
423	-0.088745	0.001831
424	-0.095459	0.007446
425	-0.100464	-0.010986
426	-0.100098	-0.004028
427	-0.106201	-0.004272
428	-0.100708	-0.005615
429	-0.087646	-0.005737
430	-0.090454	0.001221
431	-0.095337	-0.011719
432	-0.096680	-0.005615
433	-0.098633	0.007324
434	-0.102661	-0.002930
435	-0.098022	-0.010620
436	-0.089233	0.001709
437	-0.090210	0.011841
438	-0.097168	0.005127
439	-0.101196	0.001221
440	-0.094727	-0.021118
441	-0.097290	0.008911
442	-0.092407	0.020752
443	-0.089478	0.001221
444	-0.087280	-0.004517
445	-0.095459	-0.007080
446	-0.096680	-0.007813
447	-0.095459	-0.015625
448	-0.100830	0.010864
449	-0.097046	-0.005859
450	-0.091431	0.013916
451	-0.094360	0.019775
452	-0.104980	-0.007813
453	-0.094482	0.009766
454	-0.094727	0.008911
455	-0.096924	0.013672
456	-0.101318	-0.009888
457	-0.099976	0.006836
458	-0.093628	0.008057
459	-0.092407	-0.000732
460	-0.099487	0.002075
461	-0.091919	-0.006104
462	-0.097412	0.012451
463	-0.086670	-0.009033
464	-0.095947	-0.013916
465	-0.095215	-0.004517
466	-0.095825	0.003296
467	-0.093628	-0.007202
468	-0.093628	-0.005005
469	-0.097900	-0.000244
470	-0.101685	0.006226
471	-0.094727	-0.017334
472	-0.100952	-0.012939
473	-0.102783	0.002075
474	-0.106201	0.010254
475	-0.100830	0.006958
476	-0.108643	-0.002075
477	-0.104980	0.000977
478	-0.103271	0.020752
479	-0.096313	-0.024048
480	-0.085938	-0.015869
481	-0.093750	0.014526
482	-0.097290	-0.003784
483	-0.096191	-0.003418
484	-0.099976	0.001953
485	-0.095215	-0.012939
486	-0.102417	0.021973
487	-0.100342	0.007446
488	-0.097778	-0.006226
489	-0.092163	-0.014038
490	-0.090088	0.020508
491	-0.087158	0.001099
492	-0.091553	-0.008545
493	-0.093262	0.006470
494	-0.100830	-0.020630
495	-0.097412	0.033936
496	-0.099609	0.006592
497	-0.099731	-0.003052
498	-0.098389	0.008423
499	-0.092529	0.010620
500	-0.096680	0.018188
501	-0.090088	-0.002441
502	-0.091431	0.002930
503	-0.094727	0.003418
504	-0.093750	-0.009644
505	-0.096680	0.016113
506	-0.098877	-0.013672
507	-0.101685	0.001587
508	-0.095337	0.007690
509	-0.088867	0.005859
510	-0.090088	-0.001953
511	-0.091919	-0.001221
512	-0.097534	-0.008423
513	-0.092041	0.007080
514	-0.089844	-0.007202
515	-0.106323	-0.010986
516	-0.093140	-0.006592
517	-0.086670	0.013550
518	-0.103271	-0.012207
519	-0.093628	0.014038
520	-0.091797	-0.003174
521	-0.101563	0.003540
522	-0.098511	-0.006714
523	-0.094360	-0.016113
524	-0.105957	0.007935
525	-0.093140	0.006226
526	-0.088501	-0.007202
527	-0.092407	0.013794
528	-0.087036	-0.005005
529	-0.088379	-0.003662
530	-0.092529	-0.011841
531	-0.101929	-0.005005
532	-0.089966	-0.010376
533	-0.102539	-0.009277
534	-0.110962	0.012817
535	-0.094116	0.007202
536	-0.095947	0.003052
537	-0.103638	0.005981
538	-0.094238	-0.002441
539	-0.097412	0.000488
540	-0.097412	0.005371
541	-0.094116	-0.021973
542	-0.092041	0.005493
543	-0.096191	-0.014648
544	-0.088989	-0.001587
545	-0.095093	-0.002319
546	-0.082764	-0.006714
547	-0.090576	0.000977
548	-0.099365	0.000854
549	-0.094360	-0.000244
550	-0.096802	-0.007202
551	-0.092163	0.001709
552	-0.082275	0.010986
553	-0.091064	0.003662
554	-0.089111	-0.001099
555	-0.091797	-0.004883
556	-0.094727	-0.001953
557	-0.089355	0.008545
558	-0.098267	-0.003906
559	-0.098267	0.001343
560	-0.093384	0.009155
561	-0.087158	0.002441
562	-0.087646	0.012207
563	-0.101196	-0.020386
564	-0.095215	-0.003296
565	-0.085449	0.003906
566	-0.095703	-0.005859
567	-0.096069	0.012451
568	-0.094360	0.008057
569	-0.093872	-0.004150
570	-0.094238	0.006104
571	-0.090576	0.017212
572	-0.107788	-0.005371
573	-0.092407	-0.004639
574	-0.085938	0.013550
575	-0.098633	-0.014404
576	-0.100464	-0.000122
577	-0.098267	0.009033
578	-0.103638	-0.015137
579	-0.092041	-0.002441
580	-0.103882	-0.008057
581	-0.094849	0.003418
582	-0.105957	0.010376
583	-0.095215	-0.006470
584	-0.087891	0.006958
585	-0.104614	-0.001953
586	-0.091919	-0.017090
587	-0.092285	0.003174
588	-0.103027	0.003296
589	-0.085083	0.015625
590	-0.095703	0.000244
591	-0.089478	-0.008545
592	-0.094482	0.011841
593	-0.095825	-0.008911
594	-0.103760	0.006348
595	-0.098511	-0.003174
596	-0.097290	0.009521
597	-0.091797	0.002197
598	-0.085938	-0.014648
599	-0.093018	-0.002075
600	-0.097168	-0.000488
601	-0.083008	-0.004761
602	-0.089966	0.006470
603	-0.092407	-0.013550
604	-0.096802	0.018311
605	-0.096802	-0.007446
606	-0.094971	0.018311
607	-0.104492	0.006104
608	-0.098755	0.004272
609	-0.093384	0.005127
610	-0.096924	-0.012817
611	-0.095947	0.002563
612	-0.096436	-0.003662
613	-0.095825	-0.007690
614	-0.103271	0.004150
615	-0.109497	-0.024780
616	-0.087524	-0.006348
617	-0.095459	-0.008301
618	-0.093018	0.021729
619	-0.094849	-0.017578
620	-0.098267	0.001587
621	-0.089722	-0.001831
622	-0.092407	-0.001221
623	-0.102905	0.001831
624	-0.095947	-0.017334
625	-0.088745	0.000488
626	-0.104736	0.007935
627	-0.102417	0.006104
628	-0.097290	-0.004395
629	-0.102295	0.007080
630	-0.104492	0.000854
631	-0.102783	0.004395
632	-0.109497	-0.000244
633	-0.102661	-0.002686
634	-0.094971	0.002075
635	-0.093872	-0.003540
636	-0.094116	-0.002563
637	-0.098145	0.002563
638	-0.100830	0.017212
639	-0.094238	0.003540
640	-0.102417	-0.003662
641	-0.090942	-0.009888
642	-0.090454	0.002563
643	-0.088013	0.010132
644	-0.089600	-0.006104
645	-0.094604	-0.006714
646	-0.092163	-0.015015
647	-0.093018	-0.013062
648	-0.098267	-0.011230
649	-0.094971	-0.000977
650	-0.091431	0.012939
651	-0.096558	0.011719
652	-0.098755	-0.002686
653	-0.090942	0.006958
654	-0.101807	0.010010
655	-0.099731	-0.008423
656	-0.098389	0.017212
657	-0.093262	0.017334
658	-0.095581	-0.003540
659	-0.094727	-0.000244
660	-0.092773	0.010010
661	-0.094238	0.002319
662	-0.097290	0.006226
663	-0.100220	0.006836
664	-0.095581	-0.003906
665	-0.098999	-0.012939
666	-0.100708	0.000244
667	-0.097168	-0.019165
668	-0.093872	0.001587
669	-0.095459	-0.001709
670	-0.104126	-0.004395
671	-0.095581	0.005005
672	-0.098511	-0.016357
673	-0.102905	-0.003296
674	-0.095337	0.004517
675	-0.087280	-0.000977
676	-0.094604	0.013062
677	-0.087646	0.009277
678	-0.093262	0.000977
679	-0.099854	-0.000610
680	-0.092163	0.010864
681	-0.088745	0.002319
682	-0.093994	0.002197
683	-0.090820	0.014893
684	-0.097290	0.003784
685	-0.095947	-0.001099
686	-0.096680	-0.013550
687	-0.102783	-0.002319
688	-0.096436	-0.005859
689	-0.103149	-0.011108
690	-0.086426	0.021118
691	-0.094849	0.003784
692	-0.089844	0.000122
693	-0.098145	0.000000
694	-0.084106	0.002197
695	-0.098877	0.007446
696	-0.093872	-0.003174
697	-0.094116	0.011963
698	-0.098877	0.001099
699	-0.091675	-0.000977
700	-0.088623	0.009155
701	-0.098389	-0.006836
702	-0.092407	0.001953
703	-0.098511	-0.023682
704	-0.089600	0.000488
705	-0.093018	-0.005615
706	-0.086304	-0.001343
707	-0.093628	0.003662
708	-0.098877	-0.003296
709	-0.100220	-0.004517
710	-0.095337	0.008301
711	-0.100586	0.005493
712	-0.092651	0.006836
713	-0.088257	0.003540
714	-0.096558	-0.007202
715	-0.089111	-0.000854
716	-0.096802	-0.003418
717	-0.105347	0.004517
718	-0.096924	-0.009155
719	-0.091675	0.003052
720	-0.105347	0.003662
721	-0.095703	0.002563
722	-0.086182	0.011963
723	-0.096436	-0.003784
724	-0.083374	0.004883
725	-0.094482	-0.008179
726	-0.092285	0.009277
727	-0.093506	-0.019531
728	-0.087646	0.001465
729	-0.094482	-0.011353
730	-0.098755	-0.001709
731	-0.096924	0.003540
732	-0.101685	-0.006714
733	-0.098145	0.003540
734	-0.099243	0.005493
735	-0.096436	0.010986
736	-0.096680	-0.001831
737	-0.095337	-0.002319
738	-0.096558	-0.003784
739	-0.100098	0.011475
740	-0.085815	-0.011230
741	-0.090210	-0.003174
742	-0.097656	0.013550
743	-0.099365	0.008301
744	-0.098145	-0.015259
745	-0.096558	0.016479
746	-0.094727	-0.005737
747	-0.096191	-0.008301
748	-0.098145	-0.003296
749	-0.108154	0.009766
750	-0.093750	-0.010498
751	-0.086060	-0.005371
752	-0.103394	0.003418
753	-0.093384	-0.002441
754	-0.090210	-0.000977
755	-0.090454	0.010498
756	-0.089233	0.007690
757	-0.102783	-0.010864
758	-0.099854	-0.001465
759	-0.091187	0.000122
760	-0.092163	-0.006958
761	-0.104614	-0.008057
762	-0.103027	0.012207
763	-0.091064	0.013428
764	-0.101685	-0.004150
765	-0.096680	0.010864
766	-0.085327	-0.015991
767	-0.092041	0.001587
768	-0.090088	-0.011353
769	-0.100830	-0.001221
770	-0.093994	0.001587
771	-0.091309	0.003906
772	-0.091675	-0.003662
773	-0.088257	0.006836
774	-0.092896	0.003174
775	-0.084961	-0.015869
776	-0.091431	0.012939
777	-0.101318	0.015503
778	-0.094360	0.017700
779	-0.099854	-0.013306
780	-0.103394	-0.002808
781	-0.095581	-0.000366
782	-0.108276	-0.008789
783	-0.100220	-0.003784
784	-0.091431	0.002563
785	-0.104492	-0.008911
786	-0.096802	-0.008057
787	-0.103271	0.001831
788	-0.102783	0.004272
789	-0.095825	-0.014404
790	-0.085449	-0.006836
791	-0.091187	0.012329
792	-0.099854	0.007446
793	-0.096436	0.007202
794	-0.092041	-0.009033
795	-0.093262	0.002319
796	-0.097168	-0.000610
797	-0.092651	0.000244
798	-0.093140	0.001709
799	-0.093506	-0.000854
800	-0.095703	0.024414
801	-0.093994	-0.003906
802	-0.092407	-0.004395
803	-0.102783	-0.001221
804	-0.097534	0.009033
805	-0.100586	-0.008789
806	-0.091797	-0.024780
807	-0.090576	-0.015869
808	-0.095093	-0.005249
809	-0.083252	0.007935
810	-0.086304	-0.012085
811	-0.088989	-0.009033
812	-0.088379	0.009521
813	-0.085571	0.014160
814	-0.092163	-0.002319
815	-0.098511	0.013062
816	-0.093506	0.007080
817	-0.093872	0.000854
818	-0.095337	-0.011108
819	-0.089844	-0.003662
820	-0.089600	0.016357
821	-0.096069	0.006104
822	-0.103516	-0.001343
823	-0.089233	0.008911
824	-0.092529	-0.008545
825	-0.095703	0.003662
826	-0.088745	0.002686
827	-0.098267	-0.005371
828	-0.102173	-0.006836
829	-0.098877	0.003906
830	-0.088867	0.005127
831	-0.089966	-0.002686
832	-0.100830	0.002197
833	-0.090088	-0.008667
834	-0.087646	0.000244
835	-0.090698	0.011963
836	-0.090820	0.006958
837	-0.095093	0.004517
838	-0.086304	0.000122
839	-0.089722	0.002441
840	-0.088501	-0.012573
841	-0.093750	0.004150
842	-0.097168	0.002930
843	-0.092285	-0.003174
844	-0.104126	0.000366
845	-0.098022	-0.000488
846	-0.094727	0.002197
847	-0.103149	-0.016968
848	-0.095947	0.000366
849	-0.087402	-0.007813
850	-0.097046	-0.003174
851	-0.088867	-0.016235
852	-0.093628	0.007080
853	-0.094971	-0.001831
854	-0.085327	0.004272
855	-0.093384	-0.014038
856	-0.104370	0.011230
857	-0.094360	-0.008911
858	-0.094238	0.010986
859	-0.091431	-0.000244
860	-0.101929	-0.002441
861	-0.089722	0.003418
862	-0.090576	-0.001587
863	-0.091309	-0.008179
864	-0.090088	-0.016357
865	-0.095093	0.010376
866	-0.091187	-0.005737
867	-0.091553	-0.025024
868	-0.091187	-0.007446
869	-0.084229	-0.012695
870	-0.091919	-0.015381
871	-0.097412	0.010498
872	-0.100708	-0.017578
873	-0.095215	-0.000122
874	-0.089111	-0.000244
875	-0.083740	-0.003052
876	-0.089111	0.001343
877	-0.093262	-0.006226
878	-0.095215	-0.002686
879	-0.101685	0.011719
880	-0.090698	0.003052
881	-0.087891	0.001465
882	-0.095581	-0.002808
883	-0.100708	-0.005127
884	-0.099365	-0.005371
885	-0.092407	0.005981
886	-0.090454	0.002075
887	-0.092896	0.000000
888	-0.090332	-0.003052
889	-0.095825	-0.013794
890	-0.088867	-0.006958
891	-0.093750	0.020386
892	-0.095337	0.013428
893	-0.101807	0.000732
894	-0.103760	-0.001709
895	-0.096313	0.004761
896	-0.091675	0.002441
897	-0.096436	0.015503
898	-0.092651	-0.005737
899	-0.097046	-0.009644
900	-0.102539	-0.011230
901	-0.095337	-0.002563
902	-0.091553	0.023682
903	-0.089600	0.010620
904	-0.095337	0.005005
905	-0.092041	-0.006714
906	-0.098999	0.002197
907	-0.092651	-0.005615
908	-0.088257	0.006714
909	-0.090820	-0.008789
910	-0.088257	-0.002686
911	-0.093750	-0.006836
912	-0.094727	-0.007324
913	-0.091431	0.011719
914	-0.096069	0.000122
915	-0.094604	0.001343
916	-0.100342	0.002686
917	-0.087769	0.004517
918	-0.094971	-0.006958
919	-0.100830	0.007690
920	-0.094360	0.000732
921	-0.089600	-0.001709
922	-0.099976	-0.006104
923	-0.090088	-0.001587
924	-0.089355	-0.007935
925	-0.089966	0.003784
926	-0.090820	-0.017212
927	-0.093384	0.008179
928	-0.089722	0.004639
929	-0.086670	-0.006104
930	-0.089966	-0.001099
931	-0.087158	-0.002441
932	-0.099731	-0.002075
933	-0.089722	0.000732
934	-0.093384	-0.013306
935	-0.096191	0.000244
936	-0.094849	0.005127
937	-0.084473	0.003296
938	-0.079956	0.001343
939	-0.101685	0.010986
940	-0.094238	0.015015
941	-0.096436	0.000977
942	-0.098022	0.004028
943	-0.091675	0.003906
944	-0.091187	0.007202
945	-0.097168	0.003784
946	-0.084229	0.009399
947	-0.091309	0.003418
948	-0.087646	-0.012329
949	-0.091431	0.001953
950	-0.101074	0.008057
951	-0.105713	-0.004028
952	-0.099121	-0.002686
953	-0.104858	0.008911
954	-0.099976	0.007813
955	-0.093872	0.001343
956	-0.086792	-0.000366
957	-0.089844	0.000854
958	-0.104004	0.001099
959	-0.090088	0.000732
960	-0.103149	-0.003540
961	-0.095825	-0.004272
962	-0.095947	0.000244
963	-0.094482	0.003418
964	-0.102783	-0.004395
965	-0.091187	0.006958
966	-0.091553	0.002441
967	-0.100220	0.009644
968	-0.092163	0.002930
969	-0.094971	-0.010986
970	-0.091309	0.009521
971	-0.097778	0.017944
972	-0.090820	-0.005249
973	-0.099487	-0.002686
974	-0.092285	-0.002441
975	-0.104126	0.013306
976	-0.099487	-0.004150
977	-0.090454	0.017578
978	-0.097412	0.006104
979	-0.087769	0.000122
980	-0.095337	0.005981
981	-0.102905	-0.005615
982	-0.098022	0.002563
983	-0.098877	0.005249
984	-0.100586	0.004517
985	-0.103394	0.010620
986	-0.097900	0.013428
987	-0.098633	-0.002319
988	-0.107178	0.016846
989	-0.091553	-0.008301
990	-0.091797	-0.003540
991	-0.088989	-0.000366
992	-0.083740	0.006470
993	-0.096313	0.012451
994	-0.088989	0.015747
995	-0.089966	-0.025635
996	-0.093994	0.019043
997	-0.085205	0.010742
998	-0.090332	-0.006714
999	-0.090332	-0.001953
