0	-0.424316	0.012451
1	-0.429199	0.021729
2	-0.425415	-0.003052
3	-0.416382	0.030396
4	-0.411865	-0.013794
5	-0.421997	0.052490
6	-0.401123	0.014893
7	-0.407349	-0.000610
8	-0.421509	-0.040649
9	-0.410400	0.028320
10	-0.415771	-0.014893
11	-0.411499	0.002441
12	-0.403198	0.003784
13	-0.427856	0.018799
14	-0.418701	0.018311
15	-0.416016	-0.012451
16	-0.412598	-0.068848
17	-0.416260	0.041260
18	-0.406616	0.001343
19	-0.416138	-0.018311
20	-0.423828	0.007324
21	-0.434082	-0.028076
22	-0.413818	0.000244
23	-0.418945	0.007324
24	-0.422852	0.033813
25	-0.415649	-0.009399
26	-0.416382	0.020386
27	-0.414307	-0.069580
28	-0.401733	-0.002563
29	-0.417236	-0.019409
30	-0.422729	0.001343
31	-0.426880	0.011108
32	-0.421265	-0.000122
33	-0.415527	-0.028809
34	-0.415649	-0.012573
35	-0.419800	0.023315
36	-0.422974	-0.001343
37	-0.419556	0.017334
38	-0.425049	-0.008545
39	-0.414429	-0.011841
40	-0.420532	0.008179
41	-0.411377	0.041504
42	-0.409912	-0.011230
43	-0.427246	-0.019775
44	-0.413818	-0.005615
45	-0.421021	-0.004517
46	-0.417725	-0.030518
47	-0.404663	-0.015259
48	-0.424927	-0.026611
49	-0.415405	-0.010254
50	-0.412109	-0.022095
51	-0.412964	-0.010254
52	-0.408813	0.041748
53	-0.419556	-0.011963
54	-0.412231	-0.022827
55	-0.426758	-0.044678
56	-0.422974	-0.025146
57	-0.408447	-0.010376
58	-0.423340	0.008789
59	-0.411011	0.007813
60	-0.413940	0.026489
61	-0.429077	-0.014404
62	-0.413330	0.007690
63	-0.407715	-0.002563
64	-0.419189	0.010620
65	-0.430664	0.055298
66	-0.414673	-0.024414
67	-0.433838	0.002075
68	-0.423828	-0.003296
69	-0.425537	0.028442
70	-0.425293	-0.002808
71	-0.427368	0.009155
72	-0.418457	0.005493
73	-0.425659	-0.015503
74	-0.427124	0.002686
75	-0.420654	-0.001221
76	-0.412109	-0.006226
77	-0.427612	-0.009521
78	-0.406738	-0.045166
79	-0.398926	0.039063
80	-0.424194	-0.065063
81	-0.422974	-0.022339
82	-0.424805	-0.009277
83	-0.409546	0.028931
84	-0.418701	0.008179
85	-0.423462	0.002441
86	-0.419678	0.012451
87	-0.419312	-0.005859
88	-0.407104	0.047363
89	-0.411011	0.043823
90	-0.409668	0.041626
91	-0.407959	-0.007080
92	-0.417725	0.005859
93	-0.415283	-0.038696
94	-0.419189	-0.042847
95	-0.417847	-0.021118
96	-0.415894	-0.005371
97	-0.416016	0.022217
98	-0.395020	0.027832
99	-0.425903	-0.009644
100	-0.420532	-0.041382
101	-0.410156	-0.022949
102	-0.412720	0.003540
103	-0.428467	-0.040527
104	-0.413452	-0.029541
105	-0.427368	-0.044556
106	-0.424683	0.012207
107	-0.403931	-0.040527
108	-0.419678	0.005249
109	-0.426392	-0.031616
110	-0.416626	0.033203
111	-0.425903	0.010620
112	-0.416016	0.036865
113	-0.423462	0.013062
114	-0.415771	0.019409
115	-0.415405	0.007080
116	-0.417725	0.009521
117	-0.410278	-0.037109
118	-0.424194	0.010498
119	-0.407227	-0.017090
120	-0.407593	-0.010864
121	-0.408691	-0.007568
122	-0.413696	-0.047119
123	-0.406982	0.004028
124	-0.406006	0.027588
125	-0.410889	-0.027222
126	-0.403564	-0.023804
127	-0.422119	-0.047974
128	-0.419189	-0.017334
129	-0.418091	-0.013428
130	-0.422607	0.026001
131	-0.413086	0.015869
132	-0.427124	0.001587
133	-0.419922	-0.048096
134	-0.418335	-0.037109
135	-0.414429	-0.032837
136	-0.420288	-0.020630
137	-0.420532	-0.057739
138	-0.431396	-0.049927
139	-0.423706	0.006714
140	-0.420654	0.010132
141	-0.409058	-0.024048
142	-0.396362	0.034302
143	-0.407104	-0.011353
144	-0.424072	0.012329
145	-0.410400	0.048218
146	-0.413696	0.003784
147	-0.419556	-0.049927
148	-0.405029	0.021729
149	-0.408203	-0.061157
150	-0.423950	0.005249
151	-0.422241	0.000366
152	-0.422119	-0.003906
153	-0.420288	0.009155
154	-0.427246	0.017334
155	-0.413452	0.008545
156	-0.418945	-0.025146
157	-0.414307	0.024048
158	-0.410889	0.002319
159	-0.418091	0.033569
160	-0.420654	-0.026245
161	-0.414673	-0.034424
162	-0.415649	-0.012695
163	-0.415039	0.015381
164	-0.423584	-0.028687
165	-0.420776	-0.035400
166	-0.423340	-0.013550
167	-0.404541	-0.019775
168	-0.425781	0.026489
169	-0.419922	-0.001465
170	-0.426392	0.010742
171	-0.423462	0.015503
172	-0.416016	-0.003052
173	-0.423462	-0.015625
174	-0.422729	-0.027100
175	-0.414429	-0.038208
176	-0.426147	0.001343
177	-0.401978	-0.000488
178	-0.415527	-0.064575
179	-0.421387	-0.013672
180	-0.410522	0.006958
181	-0.416748	-0.043579
182	-0.421509	0.036865
183	-0.408447	-0.020874
184	-0.414551	0.009155
185	-0.415283	0.044067
186	-0.417358	0.036255
187	-0.420776	-0.052368
188	-0.410156	-0.019409
189	-0.418701	-0.032104
190	-0.413696	0.023315
191	-0.419800	-0.021240
192	-0.428833	-0.012085
193	-0.413330	-0.039307
194	-0.416260	0.000977
195	-0.428589	0.017212
196	-0.401001	-0.018433
197	-0.416016	-0.007202
198	-0.416138	0.033691
199	-0.412842	-0.010864
200	-0.427368	0.015503
201	-0.409546	-0.000488
202	-0.410889	-0.016602
203	-0.430420	0.033691
204	-0.418457	0.042969
205	-0.407959	0.047363
206	-0.410889	0.003540
207	-0.426025	0.001587
208	-0.413086	0.018799
209	-0.415649	0.006226
210	-0.418457	-0.029053
211	-0.432373	0.003296
212	-0.424683	0.012451
213	-0.415894	-0.012329
214	-0.429443	0.036743
215	-0.424927	-0.002075
216	-0.425171	0.004395
217	-0.412964	-0.010376
218	-0.424438	0.020996
219	-0.423584	0.054810
220	-0.422241	0.023682
221	-0.416626	0.020630
222	-0.405762	0.017578
223	-0.427979	0.013306
224	-0.415649	-0.020020
225	-0.414795	0.035278
226	-0.414917	0.002441
227	-0.413574	0.005737
228	-0.411011	-0.050659
229	-0.422363	-0.031616
230	-0.415283	-0.000977
231	-0.397095	-0.006592
232	-0.404419	0.006836
233	-0.402954	0.000000
234	-0.411743	-0.021484
235	-0.424805	0.078003
236	-0.406494	0.042969
237	-0.411377	-0.034912
238	-0.400269	-0.040649
239	-0.411255	0.041626
240	-0.425415	0.037109
241	-0.417236	0.014526
242	-0.420776	-0.032715
243	-0.421265	0.021851
244	-0.407593	0.017944
245	-0.423340	0.064209
246	-0.401001	0.015869
247	-0.409912	-0.012085
248	-0.430176	0.026489
249	-0.422974	0.069702
250	-0.426514	0.008057
251	-0.423218	-0.006348
252	-0.421387	-0.014648
253	-0.417114	-0.000122
254	-0.402344	0.017822
255	-0.419434	0.001953
256	-0.416626	-0.032715
257	-0.421997	0.014404
258	-0.421631	-0.010132
259	-0.401367	-0.002441
260	-0.428833	-0.004150
261	-0.414063	0.015503
262	-0.419434	0.013550
263	-0.408203	0.011963
264	-0.417114	-0.032837
265	-0.407959	-0.005127
266	-0.421875	-0.023926
267	-0.412964	-0.028320
268	-0.400513	-0.028076
269	-0.421265	-0.017212
270	-0.404053	0.042236
271	-0.408325	0.005005
272	-0.405029	-0.015625
273	-0.399658	0.031860
274	-0.417847	-0.032104
275	-0.419189	-0.019775
276	-0.424561	-0.030884
277	-0.424316	-0.042480
278	-0.414551	-0.031860
279	-0.413452	-0.037231
280	-0.420044	-0.008179
281	-0.417358	0.026611
282	-0.412231	0.004395
283	-0.431519	0.017090
284	-0.410889	0.010132
285	-0.429443	0.022461
286	-0.422119	-0.015869
287	-0.423828	0.057495
288	-0.425903	0.039185
289	-0.402222	0.018921
290	-0.415283	0.015137
291	-0.411987	0.022461
292	-0.418823	0.045898
293	-0.420898	-0.010864
294	-0.411499	-0.028442
295	-0.421265	0.034912
296	-0.416138	0.016235
297	-0.399414	0.010864
298	-0.416870	0.020508
299	-0.428589	0.041138
300	-0.412598	0.022705
301	-0.399292	0.018066
302	-0.402222	0.046387
303	-0.417480	0.035400
304	-0.430664	-0.000610
305	-0.420288	-0.030640
306	-0.406494	0.027710
307	-0.414307	-0.030884
308	-0.403198	-0.004395
309	-0.418091	0.001953
310	-0.419067	-0.021729
311	-0.424805	-0.029419
312	-0.424927	-0.011108
313	-0.420532	-0.010620
314	-0.422974	0.044067
315	-0.416382	0.020752
316	-0.417114	0.052490
317	-0.413452	0.034668
318	-0.422485	0.036987
319	-0.403320	-0.000366
320	-0.424683	-0.029541
321	-0.420410	0.033691
322	-0.414917	-0.003418
323	-0.422607	-0.007080
324	-0.410400	-0.027100
325	-0.413818	-0.015259
326	-0.420288	-0.058594
327	-0.420410	-0.033325
328	-0.425537	0.015137
329	-0.409058	-0.027344
330	-0.409424	0.002197
331	-0.414795	-0.015259
332	-0.414307	-0.067261
333	-0.423218	0.000732
334	-0.420044	0.035156
335	-0.405762	0.050781
336	-0.416138	-0.005371
337	-0.422363	0.006836
338	-0.411621	0.006470
339	-0.409058	0.012451
340	-0.419312	-0.001343
341	-0.422729	0.023560
342	-0.418335	0.011230
343	-0.417480	-0.018066
344	-0.411621	0.034180
345	-0.427490	0.000977
346	-0.413086	0.025513
347	-0.408325	0.011475
348	-0.415283	0.029175
349	-0.418823	-0.014282
350	-0.415894	0.039551
351	-0.419800	0.018066
352	-0.419312	0.045288
353	-0.411255	0.021606
354	-0.414551	0.013062
355	-0.427368	0.037476
356	-0.415894	0.065308
357	-0.424316	0.037109
358	-0.417725	0.051880
359	-0.420288	-0.006836
360	-0.417603	-0.019287
361	-0.427246	-0.004272
362	-0.427979	-0.018188
363	-0.409180	0.003174
364	-0.410767	0.061768
365	-0.433594	0.048096
366	-0.419434	-0.020020
367	-0.419678	0.001221
368	-0.413208	-0.031616
369	-0.426270	0.020630
370	-0.413452	0.003174
371	-0.405273	0.040405
372	-0.413086	0.042847
373	-0.411743	-0.014038
374	-0.425049	-0.011719
375	-0.413086	0.042969
376	-0.401978	0.014526
377	-0.414673	0.030151
378	-0.404175	-0.020264
379	-0.410278	-0.026367
380	-0.407837	-0.012573
381	-0.421021	0.029053
382	-0.405762	0.006592
383	-0.405762	0.000610
384	-0.419189	-0.037842
385	-0.418213	0.005737
386	-0.418213	0.022461
387	-0.417236	0.003906
388	-0.416748	-0.037720
389	-0.416138	-0.007568
390	-0.426758	-0.007568
391	-0.412842	0.007813
392	-0.407471	-0.037598
393	-0.417847	-0.036743
394	-0.424072	-0.014648
395	-0.413330	-0.013184
396	-0.408569	0.024902
397	-0.412476	-0.039185
398	-0.404297	-0.034424
399	-0.430054	-0.023682
400	-0.419067	-0.026123
401	-0.406128	0.018799
402	-0.435669	-0.020264
403	-0.422607	0.004883
404	-0.410156	0.017334
405	-0.425903	0.021118
406	-0.405273	-0.026855
407	-0.412720	0.017456
408	-0.403320	0.062134
409	-0.429932	0.017700
410	-0.411621	0.039429
411	-0.420654	-0.024170
412	-0.404419	-0.027344
413	-0.407593	-0.017700
414	-0.413330	0.029297
415	-0.412231	0.026733
416	-0.414795	0.011230
417	-0.424683	-0.028198
418	-0.414185	0.045288
419	-0.424805	-0.028687
420	-0.401855	-0.005737
421	-0.415283	-0.008301
422	-0.412476	0.002075
423	-0.417480	0.003540
424	-0.423584	-0.024780
425	-0.421875	0.004395
426	-0.423706	-0.011963
427	-0.422607	-0.009399
428	-0.417969	-0.051270
429	-0.419556	0.025635
430	-0.416016	-0.011841
431	-0.410156	0.009644
432	-0.421021	0.030884
433	-0.409912	-0.015137
434	-0.417603	-0.000244
435	-0.416382	0.016235
436	-0.394531	0.005127
437	-0.403809	-0.007690
438	-0.425415	0.013062
439	-0.416138	0.027466
440	-0.416016	-0.021118
441	-0.415039	0.006714
442	-0.417480	0.010498
443	-0.423340	0.026245
444	-0.420166	0.013916
445	-0.420288	0.047852
446	-0.409058	0.010620
447	-0.420532	0.005005
448	-0.422607	0.004517
449	-0.408691	0.002441
450	-0.413574	-0.069458
451	-0.417114	0.026001
452	-0.406982	-0.020142
453	-0.419434	-0.019165
454	-0.423828	0.031860
455	-0.414185	-0.027100
456	-0.426636	0.010864
457	-0.423706	0.010620
458	-0.395874	0.011719
459	-0.419556	-0.014648
460	-0.420044	0.028076
461	-0.421509	0.002686
462	-0.418335	0.024170
463	-0.408569	0.006226
464	-0.420044	-0.010742
465	-0.413452	0.034912
466	-0.428711	0.027954
467	-0.433350	0.004150
468	-0.417114	0.004028
469	-0.422729	0.051636
470	-0.416870	0.000366
471	-0.424316	0.031128
472	-0.420410	-0.026001
473	-0.414429	-0.048706
474	-0.415527	0.018311
475	-0.402954	0.048584
476	-0.425049	0.054321
477	-0.416992	0.021240
478	-0.418213	0.028076
479	-0.423584	0.019775
480	-0.412476	0.017578
481	-0.420166	0.030396
482	-0.421387	0.029419
483	-0.415161	-0.021240
484	-0.407837	0.017944
485	-0.421631	0.055786
486	-0.402710	-0.005127
487	-0.418579	0.015137
488	-0.404541	0.034668
489	-0.411133	0.014160
490	-0.404053	-0.039795
491	-0.413696	-0.067749
492	-0.412598	-0.024048
493	-0.408936	0.000854
494	-0.414551	-0.008911
495	-0.403198	0.005737
496	-0.407349	-0.019653
497	-0.423462	0.001221
498	-0.420166	0.007568
499	-0.422729	0.020386
500	-0.411621	0.004517
501	-0.425537	-0.020508
502	-0.411621	0.026733
503	-0.412964	0.005371
504	-0.418701	0.018555
505	-0.415771	-0.003540
506	-0.411865	0.025391
507	-0.416626	0.019897
508	-0.408813	-0.029541
509	-0.420898	-0.029663
510	-0.418823	-0.037354
511	-0.417969	-0.007080
512	-0.411255	0.007690
513	-0.414673	0.031372
514	-0.417358	0.038696
515	-0.410645	-0.014526
516	-0.411987	-0.064819
517	-0.427734	-0.013428
518	-0.411011	0.004028
519	-0.422852	0.040161
520	-0.417358	-0.018921
521	-0.409180	0.009521
522	-0.419312	-0.022827
523	-0.422485	0.045898
524	-0.400757	0.020142
525	-0.423218	0.066284
526	-0.406860	0.057129
527	-0.411987	0.036987
528	-0.405151	0.017334
529	-0.420044	-0.049316
530	-0.425415	0.016235
531	-0.411255	-0.038696
532	-0.413452	-0.025635
533	-0.422607	0.011230
534	-0.410767	-0.035156
535	-0.426514	-0.033813
536	-0.419189	0.020874
537	-0.401489	0.025146
538	-0.416870	0.014038
539	-0.412720	-0.021851
540	-0.410522	-0.017944
541	-0.423950	0.065796
542	-0.424805	0.070068
543	-0.430908	0.038574
544	-0.426636	-0.070068
545	-0.408813	-0.029663
546	-0.414185	0.008301
547	-0.416870	-0.008057
548	-0.413452	-0.026489
549	-0.420898	0.031860
550	-0.411011	0.032349
551	-0.430664	-0.015747
552	-0.421387	-0.022461
553	-0.414185	0.005249
554	-0.412109	0.023926
555	-0.403076	0.057983
556	-0.397705	0.038330
557	-0.416748	0.018555
558	-0.415283	-0.007935
559	-0.413696	-0.014038
560	-0.425659	-0.047974
561	-0.410645	0.000000
562	-0.410156	0.019897
563	-0.419434	-0.007935
564	-0.401733	-0.069214
565	-0.420532	-0.024414
566	-0.408936	-0.015137
567	-0.416748	-0.039917
568	-0.413452	-0.013062
569	-0.410645	-0.072388
570	-0.422363	0.042358
571	-0.412720	0.027222
572	-0.413086	0.014404
573	-0.417847	0.021362
574	-0.427246	0.048584
575	-0.399292	0.023560
576	-0.416992	-0.036865
577	-0.424316	0.016357
578	-0.418945	-0.032227
579	-0.428345	0.009521
580	-0.421509	-0.011475
581	-0.414673	0.047852
582	-0.415894	0.034546
583	-0.424438	0.010010
584	-0.420410	-0.025635
585	-0.416992	0.015015
586	-0.421265	0.013184
587	-0.412720	0.005737
588	-0.412598	-0.012085
589	-0.415283	0.005615
590	-0.426636	0.035034
591	-0.413696	-0.023315
592	-0.421753	0.041870
593	-0.416870	-0.014648
594	-0.412231	-0.006592
595	-0.418701	0.037109
596	-0.422974	-0.001831
597	-0.415161	-0.036011
598	-0.417114	-0.023438
599	-0.418457	0.001465
600	-0.406494	0.008423
601	-0.415405	0.024170
602	-0.407837	0.009399
603	-0.417480	0.021362
604	-0.411743	0.035767
605	-0.425537	0.035156
606	-0.419434	0.002930
607	-0.414063	-0.014648
608	-0.419678	-0.002441
609	-0.427124	0.022095
610	-0.415771	0.001099
611	-0.430054	-0.007568
612	-0.423950	-0.006592
613	-0.407837	-0.010498
614	-0.428711	-0.006226
615	-0.438354	0.008301
616	-0.413696	0.033203
617	-0.429565	-0.030884
618	-0.410767	-0.000122
619	-0.426392	0.012451
620	-0.423462	0.003662
621	-0.425293	-0.031738
622	-0.422363	0.001221
623	-0.413208	0.009277
624	-0.414429	-0.020020
625	-0.406860	0.007813
626	-0.417725	-0.020264
627	-0.418091	-0.011353
628	-0.410889	0.005981
629	-0.408936	0.014404
630	-0.422852	0.000244
631	-0.413452	-0.023804
632	-0.411133	-0.018799
633	-0.393677	-0.018188
634	-0.428101	-0.041870
635	-0.398926	-0.031006
636	-0.418091	0.033203
637	-0.409180	0.034546
638	-0.408936	0.038086
639	-0.427124	0.060059
640	-0.403076	-0.020020
641	-0.425903	-0.024292
642	-0.420166	0.005249
643	-0.412598	0.012695
644	-0.415283	0.016846
645	-0.422363	0.001587
646	-0.417725	-0.000122
647	-0.415771	-0.033081
648	-0.420654	-0.043457
649	-0.412109	-0.050903
650	-0.410400	-0.032715
651	-0.411743	0.016113
652	-0.414307	-0.017822
653	-0.423950	0.011841
654	-0.403809	-0.029297
655	-0.424072	0.000122
656	-0.428345	0.006226
657	-0.410645	0.002563
658	-0.423828	0.003906
659	-0.426270	-0.020508
660	-0.408447	-0.016968
661	-0.435425	0.010254
662	-0.421753	0.043335
663	-0.424683	-0.006348
664	-0.411499	-0.050659
665	-0.417847	-0.064209
666	-0.416138	-0.049561
667	-0.426025	-0.036621
668	-0.412476	-0.032227
669	-0.412476	-0.013550
670	-0.414795	0.034546
671	-0.416992	-0.005859
672	-0.427124	-0.055542
673	-0.411377	-0.035767
674	-0.421143	-0.000977
675	-0.408936	0.031494
676	-0.411011	0.019409
677	-0.420654	0.037720
678	-0.411499	0.052734
679	-0.409424	-0.000122
680	-0.417236	0.000977
681	-0.419556	0.060059
682	-0.417725	0.002563
683	-0.407471	0.020752
684	-0.414551	-0.038330
685	-0.427734	-0.017700
686	-0.419922	-0.066406
687	-0.404053	-0.013550
688	-0.419678	-0.013184
689	-0.409668	-0.016968
690	-0.405762	0.009033
691	-0.418945	0.057617
692	-0.417969	0.040894
693	-0.418823	-0.014771
694	-0.420410	-0.056641
695	-0.408691	-0.002686
696	-0.420044	-0.012451
697	-0.416870	-0.011963
698	-0.409302	0.011963
699	-0.414795	0.009888
700	-0.405396	-0.021729
701	-0.423950	-0.018311
702	-0.409668	-0.026855
703	-0.421509	-0.014038
704	-0.421021	0.000732
705	-0.414063	0.046387
706	-0.421509	0.039429
707	-0.404053	0.003540
708	-0.398560	-0.032959
709	-0.412964	-0.020874
710	-0.408447	-0.036255
711	-0.409302	0.041260
712	-0.416382	0.038940
713	-0.418213	0.012451
714	-0.421021	0.023193
715	-0.414673	-0.012329
716	-0.426392	-0.017578
717	-0.414429	-0.048096
718	-0.414307	-0.059692
719	-0.420410	0.013672
720	-0.427979	-0.033203
721	-0.409790	-0.015503
722	-0.428345	-0.005737
723	-0.419067	-0.004028
724	-0.420776	-0.037476
725	-0.432617	-0.010376
726	-0.411987	0.000366
727	-0.421997	0.033569
728	-0.417114	0.002197
729	-0.406128	-0.011353
730	-0.423584	0.063965
731	-0.422974	0.046509
732	-0.419922	-0.011597
733	-0.418457	-0.007690
734	-0.422241	-0.005127
735	-0.413574	0.012817
736	-0.402588	0.039795
737	-0.422607	0.011230
738	-0.416992	-0.003906
739	-0.410278	0.020508
740	-0.406494	0.014282
741	-0.425781	0.043213
742	-0.419189	0.003052
743	-0.409668	-0.012451
744	-0.402222	0.012573
745	-0.393555	0.002319
746	-0.407715	0.011353
747	-0.415771	0.031250
748	-0.417358	0.014771
749	-0.406006	0.058716
750	-0.411621	-0.003540
751	-0.412720	0.033447
752	-0.404419	0.004639
753	-0.420166	-0.009033
754	-0.414307	-0.035400
755	-0.406006	-0.053345
756	-0.416870	-0.068604
757	-0.423706	-0.008789
758	-0.404297	-0.004150
759	-0.426025	0.039795
760	-0.424683	0.048462
761	-0.406250	-0.019897
762	-0.417480	0.020874
763	-0.419189	-0.027344
764	-0.419922	-0.004517
765	-0.409668	-0.004272
766	-0.421753	0.005615
767	-0.413452	0.033569
768	-0.417114	0.057129
769	-0.427368	0.022949
770	-0.416504	-0.021973
771	-0.415405	-0.010376
772	-0.417114	0.019531
773	-0.425293	0.017944
774	-0.394287	0.041138
775	-0.418579	0.065674
776	-0.413940	0.029541
777	-0.412476	0.019165
778	-0.418579	-0.030396
779	-0.418457	-0.036621
780	-0.412476	-0.012329
781	-0.414673	0.009033
782	-0.415771	0.003784
783	-0.407471	0.017334
784	-0.417480	0.013306
785	-0.407837	0.011108
786	-0.422729	-0.024048
787	-0.404541	-0.009766
788	-0.430542	-0.060669
789	-0.425537	0.011353
790	-0.412231	0.013184
791	-0.413330	0.021118
792	-0.425537	0.016724
793	-0.408081	-0.007080
794	-0.420654	0.059204
795	-0.418701	0.002563
796	-0.407227	0.000122
797	-0.427490	0.009399
798	-0.417603	0.006958
799	-0.420166	-0.040161
800	-0.426270	0.035278
801	-0.412109	0.041992
802	-0.411011	-0.004639
803	-0.418213	-0.039063
804	-0.408691	0.010132
805	-0.422363	0.020020
806	-0.414185	-0.001099
807	-0.414795	0.053101
808	-0.440186	0.056519
809	-0.409302	-0.001343
810	-0.418335	0.049805
811	-0.424927	0.011475
812	-0.407715	0.000000
813	-0.429321	0.001099
814	-0.415405	0.011841
815	-0.403687	-0.034790
816	-0.420532	0.012573
817	-0.422607	0.017456
818	-0.415283	0.019287
819	-0.422852	0.038574
820	-0.422607	0.018555
821	-0.429077	-0.030762
822	-0.418457	0.031494
823	-0.426880	-0.006470
824	-0.427124	-0.011963
825	-0.423096	0.003418
826	-0.420166	0.004517
827	-0.417969	0.008423
828	-0.407471	0.025879
829	-0.416992	0.004883
830	-0.421875	-0.009521
831	-0.403198	-0.007202
832	-0.417114	-0.029297
833	-0.427002	-0.031616
834	-0.426270	0.030640
835	-0.412720	0.022461
836	-0.419678	-0.000977
837	-0.424683	0.002197
838	-0.425781	0.027466
839	-0.418945	0.040771
840	-0.421021	-0.008057
841	-0.413452	-0.025757
842	-0.419922	-0.050049
843	-0.427124	-0.018555
844	-0.415039	-0.016602
845	-0.424194	0.029053
846	-0.421753	0.026123
847	-0.423218	-0.027466
848	-0.420044	-0.037354
849	-0.416138	0.015259
850	-0.415039	0.014404
851	-0.414551	-0.027588
852	-0.411621	0.011963
853	-0.400879	-0.003174
854	-0.418701	-0.008545
855	-0.411865	-0.030151
856	-0.413330	-0.006958
857	-0.413208	-0.007324
858	-0.421753	-0.024658
859	-0.423096	-0.015869
860	-0.419556	0.041138
861	-0.426025	0.064819
862	-0.429199	0.053345
863	-0.405884	-0.026611
864	-0.421021	0.030518
865	-0.411865	0.025879
866	-0.416626	-0.067261
867	-0.413086	-0.012085
868	-0.411255	-0.001221
869	-0.415039	0.001221
870	-0.423950	0.042358
871	-0.420166	-0.030884
872	-0.427490	-0.033325
873	-0.407837	-0.045288
874	-0.426147	-0.016235
875	-0.418823	-0.023071
876	-0.415039	0.002319
877	-0.413696	-0.013306
878	-0.421387	-0.008545
879	-0.413330	-0.039917
880	-0.425415	-0.027954
881	-0.416626	-0.004517
882	-0.421265	0.017090
883	-0.420044	-0.038696
884	-0.430542	0.047485
885	-0.416626	-0.006470
886	-0.421875	-0.028564
887	-0.403687	0.024170
888	-0.408447	0.017212
889	-0.401855	-0.026855
890	-0.412109	0.024292
891	-0.402466	0.040771
892	-0.421021	-0.002197
893	-0.420532	0.005859
894	-0.414673	0.043945
895	-0.420898	0.039429
896	-0.405273	0.005859
897	-0.410400	-0.033203
898	-0.408691	0.017822
899	-0.419800	-0.021484
900	-0.433716	0.000122
901	-0.400757	-0.004883
902	-0.417847	-0.016357
903	-0.405762	-0.023682
904	-0.416260	-0.000366
905	-0.409668	-0.014038
906	-0.423706	0.062012
907	-0.424072	0.060303
908	-0.421997	0.059937
909	-0.425293	0.030396
910	-0.420044	-0.012817
911	-0.428467	-0.015381
912	-0.415283	-0.007202
913	-0.418579	0.019165
914	-0.417114	0.002808
915	-0.412964	0.006836
916	-0.412109	0.016479
917	-0.426636	-0.015869
918	-0.412109	0.036011
919	-0.413086	-0.015015
920	-0.426147	-0.013794
921	-0.426514	0.004150
922	-0.406860	0.013916
923	-0.418213	-0.034546
924	-0.417236	-0.013062
925	-0.416260	-0.009644
926	-0.408691	-0.056763
927	-0.409790	0.035034
928	-0.421021	0.017944
929	-0.417603	-0.001465
930	-0.423096	0.029907
931	-0.427124	0.028931
932	-0.411499	-0.022949
933	-0.410156	0.008789
934	-0.421509	-0.016846
935	-0.416626	-0.007935
936	-0.414673	0.001953
937	-0.421143	0.014404
938	-0.412720	0.021973
939	-0.425659	0.039429
940	-0.414307	-0.007568
941	-0.412964	0.001343
942	-0.435181	0.093140
943	-0.417725	0.061890
944	-0.413086	0.002319
945	-0.416504	-0.005005
946	-0.419312	0.027100
947	-0.420044	-0.009766
948	-0.407104	0.031250
949	-0.416504	-0.001831
950	-0.415649	-0.018799
951	-0.412720	-0.022583
952	-0.412598	-0.028931
953	-0.428955	0.031860
954	-0.423218	0.058472
955	-0.417358	0.004150
956	-0.426758	0.019409
957	-0.416870	-0.002686
958	-0.417236	-0.000610
959	-0.424316	-0.020508
960	-0.424438	-0.052002
961	-0.400513	-0.020264
962	-0.422363	0.001709
963	-0.427979	-0.026489
964	-0.412476	-0.005127
965	-0.422729	0.039063
966	-0.417236	0.058960
967	-0.412964	0.066528
968	-0.411743	0.000244
969	-0.417725	-0.018188
970	-0.420532	0.002686
971	-0.416626	0.038208
972	-0.424072	-0.002441
973	-0.408813	0.034180
974	-0.417358	0.047241
975	-0.427612	0.088379
976	-0.421265	0.008911
977	-0.423462	-0.000732
978	-0.431641	-0.003662
979	-0.418579	-0.009766
980	-0.413452	0.014526
981	-0.422729	-0.062500
982	-0.416138	0.027100
983	-0.421997	-0.010498
984	-0.410645	0.005493
985	-0.410156	-0.002197
986	-0.421265	-0.024658
987	-0.407227	0.024780
988	-0.416870	0.054321
989	-0.406372	0.031006
990	-0.418579	-0.018188
991	-0.408936	0.044189
992	-0.424561	-0.011719
993	-0.421387	0.074341
994	-0.415771	-0.027954
995	-0.419312	-0.018188
996	-0.407349	-0.055420
997	-0.414551	-0.023193
998	-0.399902	-0.035278
999	-0.393555	-0.008179
