0	-0.887329	-0.916748
1	-0.898071	-0.915405
2	-0.896484	-0.910156
3	-0.897705	-0.917603
4	-0.897461	-0.922363
5	-0.899658	-0.928833
6	-0.896484	-0.917725
7	-0.886719	-0.889282
8	-0.892944	-0.892334
9	-0.907837	-0.935913
10	-0.901123	-0.930054
11	-0.910156	-0.939331
12	-0.892456	-0.915771
13	-0.891846	-0.916870
14	-0.902222	-0.922852
15	-0.899902	-0.924194
16	-0.893677	-0.911133
17	-0.891724	-0.905640
18	-0.887695	-0.916504
19	-0.885864	-0.915161
20	-0.900269	-0.919189
21	-0.893799	-0.916138
22	-0.901855	-0.930298
23	-0.887573	-0.908325
24	-0.900513	-0.919922
25	-0.900391	-0.919434
26	-0.902466	-0.929443
27	-0.918213	-0.942383
28	-0.904175	-0.921631
29	-0.889893	-0.919678
30	-0.902466	-0.923340
31	-0.897827	-0.922852
32	-0.890991	-0.907593
33	-0.904663	-0.926270
34	-0.918823	-0.939819
35	-0.893433	-0.924805
36	-0.907104	-0.933350
37	-0.899414	-0.923340
38	-0.894165	-0.914307
39	-0.897339	-0.921021
40	-0.909668	-0.932495
41	-0.896118	-0.918945
42	-0.904663	-0.932983
43	-0.905273	-0.925903
44	-0.893555	-0.921631
45	-0.880981	-0.901978
46	-0.905518	-0.927612
47	-0.891357	-0.911255
48	-0.884033	-0.896118
49	-0.897339	-0.908936
50	-0.888184	-0.910522
51	-0.897949	-0.929932
52	-0.896851	-0.918701
53	-0.896851	-0.915527
54	-0.893799	-0.915039
55	-0.893921	-0.918823
56	-0.906372	-0.932617
57	-0.896973	-0.922485
58	-0.885498	-0.897217
59	-0.890625	-0.882446
60	-0.905762	-0.924438
61	-0.893433	-0.923218
62	-0.908569	-0.935547
63	-0.895020	-0.917603
64	-0.892944	-0.919067
65	-0.901001	-0.929688
66	-0.899658	-0.921997
67	-0.894897	-0.916382
68	-0.894775	-0.917725
69	-0.898438	-0.928833
70	-0.888428	-0.911987
71	-0.894409	-0.915283
72	-0.902222	-0.927612
73	-0.897461	-0.924561
74	-0.893921	-0.906372
75	-0.903564	-0.914063
76	-0.891602	-0.909668
77	-0.899048	-0.927856
78	-0.913330	-0.939697
79	-0.906006	-0.925415
80	-0.892700	-0.923950
81	-0.903931	-0.921509
82	-0.898926	-0.930420
83	-0.887451	-0.908325
84	-0.907837	-0.927490
85	-0.913696	-0.938110
86	-0.895630	-0.924561
87	-0.899780	-0.919800
88	-0.904785	-0.931641
89	-0.894653	-0.908936
90	-0.888794	-0.910156
91	-0.908569	-0.932251
92	-0.895386	-0.921753
93	-0.897827	-0.925537
94	-0.904541	-0.919678
95	-0.902832	-0.929932
96	-0.890747	-0.911011
97	-0.904419	-0.930542
98	-0.898193	-0.920532
99	-0.885132	-0.901855
100	-0.897095	-0.906860
101	-0.888672	-0.907471
102	-0.896973	-0.925537
103	-0.887451	-0.910156
104	-0.898193	-0.917725
105	-0.885986	-0.901123
106	-0.896851	-0.921875
107	-0.901733	-0.927002
108	-0.899414	-0.926758
109	-0.892578	-0.910889
110	-0.891724	-0.887695
111	-0.907715	-0.917603
112	-0.900391	-0.926392
113	-0.908813	-0.936523
114	-0.907715	-0.936523
115	-0.891846	-0.912598
116	-0.906250	-0.932251
117	-0.896484	-0.915161
118	-0.904297	-0.930176
119	-0.895630	-0.918457
120	-0.901978	-0.924561
121	-0.896851	-0.917114
122	-0.896851	-0.916748
123	-0.903320	-0.926270
124	-0.897217	-0.929077
125	-0.889771	-0.911621
126	-0.902344	-0.921509
127	-0.895386	-0.922729
128	-0.900146	-0.928467
129	-0.906494	-0.935303
130	-0.906006	-0.928711
131	-0.896484	-0.922607
132	-0.896118	-0.916748
133	-0.900024	-0.927734
134	-0.887573	-0.910034
135	-0.894287	-0.924072
136	-0.900757	-0.922852
137	-0.899292	-0.926758
138	-0.896729	-0.918213
139	-0.909546	-0.935913
140	-0.891724	-0.908691
141	-0.888550	-0.911743
142	-0.899048	-0.922607
143	-0.902222	-0.932007
144	-0.897217	-0.922729
145	-0.909546	-0.932861
146	-0.893555	-0.914917
147	-0.897705	-0.917480
148	-0.894653	-0.924561
149	-0.896118	-0.921997
150	-0.877808	-0.896362
151	-0.900391	-0.912231
152	-0.891968	-0.912109
153	-0.896851	-0.923828
154	-0.881348	-0.906372
155	-0.902710	-0.919556
156	-0.883667	-0.906250
157	-0.899048	-0.917725
158	-0.909790	-0.933228
159	-0.907104	-0.933960
160	-0.904541	-0.928589
161	-0.889771	-0.892212
162	-0.896362	-0.903564
163	-0.894043	-0.918335
164	-0.902588	-0.927979
165	-0.907959	-0.936646
166	-0.893799	-0.908447
167	-0.897095	-0.923462
168	-0.898682	-0.918457
169	-0.910156	-0.933228
170	-0.879517	-0.904297
171	-0.895020	-0.917725
172	-0.890137	-0.917847
173	-0.893433	-0.920288
174	-0.902466	-0.930298
175	-0.894897	-0.919556
176	-0.885620	-0.912598
177	-0.908325	-0.933838
178	-0.896240	-0.921265
179	-0.893433	-0.919556
180	-0.894043	-0.921265
181	-0.905151	-0.930420
182	-0.892944	-0.912842
183	-0.888062	-0.914551
184	-0.898071	-0.922241
185	-0.897949	-0.919556
186	-0.898804	-0.930054
187	-0.905762	-0.926636
188	-0.902832	-0.931396
189	-0.895508	-0.927979
190	-0.912476	-0.939209
191	-0.901001	-0.926514
192	-0.884766	-0.910400
193	-0.904663	-0.925537
194	-0.900879	-0.926392
195	-0.891846	-0.914673
196	-0.900757	-0.919434
197	-0.901733	-0.919922
198	-0.897339	-0.917603
199	-0.884888	-0.906006
200	-0.903076	-0.926880
201	-0.885620	-0.901367
202	-0.898804	-0.909302
203	-0.902588	-0.918945
204	-0.896606	-0.922241
205	-0.885742	-0.915405
206	-0.906738	-0.929565
207	-0.897461	-0.912109
208	-0.897095	-0.912842
209	-0.905762	-0.928589
210	-0.901001	-0.922852
211	-0.891968	-0.914063
212	-0.882324	-0.886597
213	-0.900146	-0.899536
214	-0.901489	-0.926758
215	-0.901978	-0.935059
216	-0.913452	-0.939209
217	-0.893921	-0.911133
218	-0.892334	-0.914063
219	-0.910645	-0.931519
220	-0.903198	-0.928101
221	-0.887329	-0.907104
222	-0.893188	-0.908813
223	-0.894775	-0.921509
224	-0.894653	-0.920532
225	-0.904175	-0.926392
226	-0.891968	-0.913330
227	-0.891602	-0.922363
228	-0.890869	-0.911865
229	-0.892212	-0.914429
230	-0.897461	-0.922607
231	-0.895386	-0.919556
232	-0.912476	-0.937378
233	-0.902466	-0.920288
234	-0.890015	-0.912720
235	-0.908569	-0.930298
236	-0.897949	-0.921875
237	-0.891357	-0.915527
238	-0.902588	-0.926270
239	-0.908203	-0.931396
240	-0.899292	-0.930786
241	-0.901855	-0.925659
242	-0.894409	-0.920776
243	-0.890137	-0.908813
244	-0.894897	-0.917236
245	-0.910156	-0.935913
246	-0.888550	-0.910400
247	-0.900879	-0.926514
248	-0.903809	-0.925293
249	-0.893921	-0.921143
250	-0.885132	-0.911621
251	-0.907104	-0.929565
252	-0.883789	-0.903076
253	-0.891724	-0.895752
254	-0.899780	-0.910767
255	-0.890625	-0.913208
256	-0.887329	-0.916748
257	-0.898071	-0.915405
258	-0.896484	-0.910156
259	-0.897705	-0.917603
260	-0.897461	-0.922363
261	-0.899658	-0.928833
262	-0.896484	-0.917725
263	-0.886719	-0.889282
264	-0.892944	-0.892334
265	-0.907837	-0.935913
266	-0.901123	-0.930054
267	-0.910156	-0.939331
268	-0.892456	-0.915771
269	-0.891846	-0.916870
270	-0.902222	-0.922852
271	-0.899902	-0.924194
272	-0.893677	-0.911133
273	-0.891724	-0.905640
274	-0.887695	-0.916504
275	-0.885864	-0.915161
276	-0.900269	-0.919189
277	-0.893799	-0.916138
278	-0.901855	-0.930298
279	-0.887573	-0.908325
280	-0.900513	-0.919922
281	-0.900391	-0.919434
282	-0.902466	-0.929443
283	-0.918213	-0.942383
284	-0.904175	-0.921631
285	-0.889893	-0.919678
286	-0.902466	-0.923340
287	-0.897827	-0.922852
288	-0.890991	-0.907593
289	-0.904663	-0.926270
290	-0.918823	-0.939819
291	-0.893433	-0.924805
292	-0.907104	-0.933350
293	-0.899414	-0.923340
294	-0.894165	-0.914307
295	-0.897339	-0.921021
296	-0.909668	-0.932495
297	-0.896118	-0.918945
298	-0.904663	-0.932983
299	-0.905273	-0.925903
300	-0.893555	-0.921631
301	-0.880981	-0.901978
302	-0.905518	-0.927612
303	-0.891357	-0.911255
304	-0.884033	-0.896118
305	-0.897339	-0.908936
306	-0.888184	-0.910522
307	-0.897949	-0.929932
308	-0.896851	-0.918701
309	-0.896851	-0.915527
310	-0.893799	-0.915039
311	-0.893921	-0.918823
312	-0.906372	-0.932617
313	-0.896973	-0.922485
314	-0.885498	-0.897217
315	-0.890625	-0.882446
316	-0.905762	-0.924438
317	-0.893433	-0.923218
318	-0.908569	-0.935547
319	-0.895020	-0.917603
320	-0.892944	-0.919067
321	-0.901001	-0.929688
322	-0.899658	-0.921997
323	-0.894897	-0.916382
324	-0.894775	-0.917725
325	-0.898438	-0.928833
326	-0.888428	-0.911987
327	-0.894409	-0.915283
328	-0.902222	-0.927612
329	-0.897461	-0.924561
330	-0.893921	-0.906372
331	-0.903564	-0.914063
332	-0.891602	-0.909668
333	-0.899048	-0.927856
334	-0.913330	-0.939697
335	-0.906006	-0.925415
336	-0.892700	-0.923950
337	-0.903931	-0.921509
338	-0.898926	-0.930420
339	-0.887451	-0.908325
340	-0.907837	-0.927490
341	-0.913696	-0.938110
342	-0.895630	-0.924561
343	-0.899780	-0.919800
344	-0.904785	-0.931641
345	-0.894653	-0.908936
346	-0.888794	-0.910156
347	-0.908569	-0.932251
348	-0.895386	-0.921753
349	-0.897827	-0.925537
350	-0.904541	-0.919678
351	-0.902832	-0.929932
352	-0.890747	-0.911011
353	-0.904419	-0.930542
354	-0.898193	-0.920532
355	-0.885132	-0.901855
356	-0.897095	-0.906860
357	-0.888672	-0.907471
358	-0.896973	-0.925537
359	-0.887451	-0.910156
360	-0.898193	-0.917725
361	-0.885986	-0.901123
362	-0.896851	-0.921875
363	-0.901733	-0.927002
364	-0.899414	-0.926758
365	-0.892578	-0.910889
366	-0.891724	-0.887695
367	-0.907715	-0.917603
368	-0.900391	-0.926392
369	-0.908813	-0.936523
370	-0.907715	-0.936523
371	-0.891846	-0.912598
372	-0.906250	-0.932251
373	-0.896484	-0.915161
374	-0.904297	-0.930176
375	-0.895630	-0.918457
376	-0.901978	-0.924561
377	-0.896851	-0.917114
378	-0.896851	-0.916748
379	-0.903320	-0.926270
380	-0.897217	-0.929077
381	-0.889771	-0.911621
382	-0.902344	-0.921509
383	-0.895386	-0.922729
384	-0.900146	-0.928467
385	-0.906494	-0.935303
386	-0.906006	-0.928711
387	-0.896484	-0.922607
388	-0.896118	-0.916748
389	-0.900024	-0.927734
390	-0.887573	-0.910034
391	-0.894287	-0.924072
392	-0.900757	-0.922852
393	-0.899292	-0.926758
394	-0.896729	-0.918213
395	-0.909546	-0.935913
396	-0.891724	-0.908691
397	-0.888550	-0.911743
398	-0.899048	-0.922607
399	-0.902222	-0.932007
400	-0.897217	-0.922729
401	-0.909546	-0.932861
402	-0.893555	-0.914917
403	-0.897705	-0.917480
404	-0.894653	-0.924561
405	-0.896118	-0.921997
406	-0.877808	-0.896362
407	-0.900391	-0.912231
408	-0.891968	-0.912109
409	-0.896851	-0.923828
410	-0.881348	-0.906372
411	-0.902710	-0.919556
412	-0.883667	-0.906250
413	-0.899048	-0.917725
414	-0.909790	-0.933228
415	-0.907104	-0.933960
416	-0.904541	-0.928589
417	-0.889771	-0.892212
418	-0.896362	-0.903564
419	-0.894043	-0.918335
420	-0.902588	-0.927979
421	-0.907959	-0.936646
422	-0.893799	-0.908447
423	-0.897095	-0.923462
424	-0.898682	-0.918457
425	-0.910156	-0.933228
426	-0.879517	-0.904297
427	-0.895020	-0.917725
428	-0.890137	-0.917847
429	-0.893433	-0.920288
430	-0.902466	-0.930298
431	-0.894897	-0.919556
432	-0.885620	-0.912598
433	-0.908325	-0.933838
434	-0.896240	-0.921265
435	-0.893433	-0.919556
436	-0.894043	-0.921265
437	-0.905151	-0.930420
438	-0.892944	-0.912842
439	-0.888062	-0.914551
440	-0.898071	-0.922241
441	-0.897949	-0.919556
442	-0.898804	-0.930054
443	-0.905762	-0.926636
444	-0.902832	-0.931396
445	-0.895508	-0.927979
446	-0.912476	-0.939209
447	-0.901001	-0.926514
448	-0.884766	-0.910400
449	-0.904663	-0.925537
450	-0.900879	-0.926392
451	-0.891846	-0.914673
452	-0.900757	-0.919434
453	-0.901733	-0.919922
454	-0.897339	-0.917603
455	-0.884888	-0.906006
456	-0.903076	-0.926880
457	-0.885620	-0.901367
458	-0.898804	-0.909302
459	-0.902588	-0.918945
460	-0.896606	-0.922241
461	-0.885742	-0.915405
462	-0.906738	-0.929565
463	-0.897461	-0.912109
464	-0.897095	-0.912842
465	-0.905762	-0.928589
466	-0.901001	-0.922852
467	-0.891968	-0.914063
468	-0.882324	-0.886597
469	-0.900146	-0.899536
470	-0.901489	-0.926758
471	-0.901978	-0.935059
472	-0.913452	-0.939209
473	-0.893921	-0.911133
474	-0.892334	-0.914063
475	-0.910645	-0.931519
476	-0.903198	-0.928101
477	-0.887329	-0.907104
478	-0.893188	-0.908813
479	-0.894775	-0.921509
480	-0.894653	-0.920532
481	-0.904175	-0.926392
482	-0.891968	-0.913330
483	-0.891602	-0.922363
484	-0.890869	-0.911865
485	-0.892212	-0.914429
486	-0.897461	-0.922607
487	-0.895386	-0.919556
488	-0.912476	-0.937378
489	-0.902466	-0.920288
490	-0.890015	-0.912720
491	-0.908569	-0.930298
492	-0.897949	-0.921875
493	-0.891357	-0.915527
494	-0.902588	-0.926270
495	-0.908203	-0.931396
496	-0.899292	-0.930786
497	-0.901855	-0.925659
498	-0.894409	-0.920776
499	-0.890137	-0.908813
500	-0.894897	-0.917236
501	-0.910156	-0.935913
502	-0.888550	-0.910400
503	-0.900879	-0.926514
504	-0.903809	-0.925293
505	-0.893921	-0.921143
506	-0.885132	-0.911621
507	-0.907104	-0.929565
508	-0.883789	-0.903076
509	-0.891724	-0.895752
510	-0.899780	-0.910767
511	-0.890625	-0.913208
512	-0.887329	-0.916748
513	-0.898071	-0.915405
514	-0.896484	-0.910156
515	-0.897705	-0.917603
516	-0.897461	-0.922363
517	-0.899658	-0.928833
518	-0.896484	-0.917725
519	-0.886719	-0.889282
520	-0.892944	-0.892334
521	-0.907837	-0.935913
522	-0.901123	-0.930054
523	-0.910156	-0.939331
524	-0.892456	-0.915771
525	-0.891846	-0.916870
526	-0.902222	-0.922852
527	-0.899902	-0.924194
528	-0.893677	-0.911133
529	-0.891724	-0.905640
530	-0.887695	-0.916504
531	-0.885864	-0.915161
532	-0.900269	-0.919189
533	-0.893799	-0.916138
534	-0.901855	-0.930298
535	-0.887573	-0.908325
536	-0.900513	-0.919922
537	-0.900391	-0.919434
538	-0.902466	-0.929443
539	-0.918213	-0.942383
540	-0.904175	-0.921631
541	-0.889893	-0.919678
542	-0.902466	-0.923340
543	-0.897827	-0.922852
544	-0.890991	-0.907593
545	-0.904663	-0.926270
546	-0.918823	-0.939819
547	-0.893433	-0.924805
548	-0.907104	-0.933350
549	-0.899414	-0.923340
550	-0.894165	-0.914307
551	-0.897339	-0.921021
552	-0.909668	-0.932495
553	-0.896118	-0.918945
554	-0.904663	-0.932983
555	-0.905273	-0.925903
556	-0.893555	-0.921631
557	-0.880981	-0.901978
558	-0.905518	-0.927612
559	-0.891357	-0.911255
560	-0.884033	-0.896118
561	-0.897339	-0.908936
562	-0.888184	-0.910522
563	-0.897949	-0.929932
564	-0.896851	-0.918701
565	-0.896851	-0.915527
566	-0.893799	-0.915039
567	-0.893921	-0.918823
568	-0.906372	-0.932617
569	-0.896973	-0.922485
570	-0.885498	-0.897217
571	-0.890625	-0.882446
572	-0.905762	-0.924438
573	-0.893433	-0.923218
574	-0.908569	-0.935547
575	-0.895020	-0.917603
576	-0.892944	-0.919067
577	-0.901001	-0.929688
578	-0.899658	-0.921997
579	-0.894897	-0.916382
580	-0.894775	-0.917725
581	-0.898438	-0.928833
582	-0.888428	-0.911987
583	-0.894409	-0.915283
584	-0.902222	-0.927612
585	-0.897461	-0.924561
586	-0.893921	-0.906372
587	-0.903564	-0.914063
588	-0.891602	-0.909668
589	-0.899048	-0.927856
590	-0.913330	-0.939697
591	-0.906006	-0.925415
592	-0.892700	-0.923950
593	-0.903931	-0.921509
594	-0.898926	-0.930420
595	-0.887451	-0.908325
596	-0.907837	-0.927490
597	-0.913696	-0.938110
598	-0.895630	-0.924561
599	-0.899780	-0.919800
600	-0.904785	-0.931641
601	-0.894653	-0.908936
602	-0.888794	-0.910156
603	-0.908569	-0.932251
604	-0.895386	-0.921753
605	-0.897827	-0.925537
606	-0.904541	-0.919678
607	-0.902832	-0.929932
608	-0.890747	-0.911011
609	-0.904419	-0.930542
610	-0.898193	-0.920532
611	-0.885132	-0.901855
612	-0.897095	-0.906860
613	-0.888672	-0.907471
614	-0.896973	-0.925537
615	-0.887451	-0.910156
616	-0.898193	-0.917725
617	-0.885986	-0.901123
618	-0.896851	-0.921875
619	-0.901733	-0.927002
620	-0.899414	-0.926758
621	-0.892578	-0.910889
622	-0.891724	-0.887695
623	-0.907715	-0.917603
624	-0.900391	-0.926392
625	-0.908813	-0.936523
626	-0.907715	-0.936523
627	-0.891846	-0.912598
628	-0.906250	-0.932251
629	-0.896484	-0.915161
630	-0.904297	-0.930176
631	-0.895630	-0.918457
632	-0.901978	-0.924561
633	-0.896851	-0.917114
634	-0.896851	-0.916748
635	-0.903320	-0.926270
636	-0.897217	-0.929077
637	-0.889771	-0.911621
638	-0.902344	-0.921509
639	-0.895386	-0.922729
640	-0.900146	-0.928467
641	-0.906494	-0.935303
642	-0.906006	-0.928711
643	-0.896484	-0.922607
644	-0.896118	-0.916748
645	-0.900024	-0.927734
646	-0.887573	-0.910034
647	-0.894287	-0.924072
648	-0.900757	-0.922852
649	-0.899292	-0.926758
650	-0.896729	-0.918213
651	-0.909546	-0.935913
652	-0.891724	-0.908691
653	-0.888550	-0.911743
654	-0.899048	-0.922607
655	-0.902222	-0.932007
656	-0.897217	-0.922729
657	-0.909546	-0.932861
658	-0.893555	-0.914917
659	-0.897705	-0.917480
660	-0.894653	-0.924561
661	-0.896118	-0.921997
662	-0.877808	-0.896362
663	-0.900391	-0.912231
664	-0.891968	-0.912109
665	-0.896851	-0.923828
666	-0.881348	-0.906372
667	-0.902710	-0.919556
668	-0.883667	-0.906250
669	-0.899048	-0.917725
670	-0.909790	-0.933228
671	-0.907104	-0.933960
672	-0.904541	-0.928589
673	-0.889771	-0.892212
674	-0.896362	-0.903564
675	-0.894043	-0.918335
676	-0.902588	-0.927979
677	-0.907959	-0.936646
678	-0.893799	-0.908447
679	-0.897095	-0.923462
680	-0.898682	-0.918457
681	-0.910156	-0.933228
682	-0.879517	-0.904297
683	-0.895020	-0.917725
684	-0.890137	-0.917847
685	-0.893433	-0.920288
686	-0.902466	-0.930298
687	-0.894897	-0.919556
688	-0.885620	-0.912598
689	-0.908325	-0.933838
690	-0.896240	-0.921265
691	-0.893433	-0.919556
692	-0.894043	-0.921265
693	-0.905151	-0.930420
694	-0.892944	-0.912842
695	-0.888062	-0.914551
696	-0.898071	-0.922241
697	-0.897949	-0.919556
698	-0.898804	-0.930054
699	-0.905762	-0.926636
700	-0.902832	-0.931396
701	-0.895508	-0.927979
702	-0.912476	-0.939209
703	-0.901001	-0.926514
704	-0.884766	-0.910400
705	-0.904663	-0.925537
706	-0.900879	-0.926392
707	-0.891846	-0.914673
708	-0.900757	-0.919434
709	-0.901733	-0.919922
710	-0.897339	-0.917603
711	-0.884888	-0.906006
712	-0.903076	-0.926880
713	-0.885620	-0.901367
714	-0.898804	-0.909302
715	-0.902588	-0.918945
716	-0.896606	-0.922241
717	-0.885742	-0.915405
718	-0.906738	-0.929565
719	-0.897461	-0.912109
720	-0.897095	-0.912842
721	-0.905762	-0.928589
722	-0.901001	-0.922852
723	-0.891968	-0.914063
724	-0.882324	-0.886597
725	-0.900146	-0.899536
726	-0.901489	-0.926758
727	-0.901978	-0.935059
728	-0.913452	-0.939209
729	-0.893921	-0.911133
730	-0.892334	-0.914063
731	-0.910645	-0.931519
732	-0.903198	-0.928101
733	-0.887329	-0.907104
734	-0.893188	-0.908813
735	-0.894775	-0.921509
736	-0.894653	-0.920532
737	-0.904175	-0.926392
738	-0.891968	-0.913330
739	-0.891602	-0.922363
740	-0.890869	-0.911865
741	-0.892212	-0.914429
742	-0.897461	-0.922607
743	-0.895386	-0.919556
744	-0.912476	-0.937378
745	-0.902466	-0.920288
746	-0.890015	-0.912720
747	-0.908569	-0.930298
748	-0.897949	-0.921875
749	-0.891357	-0.915527
750	-0.902588	-0.926270
751	-0.908203	-0.931396
752	-0.899292	-0.930786
753	-0.901855	-0.925659
754	-0.894409	-0.920776
755	-0.890137	-0.908813
756	-0.894897	-0.917236
757	-0.910156	-0.935913
758	-0.888550	-0.910400
759	-0.900879	-0.926514
760	-0.903809	-0.925293
761	-0.893921	-0.921143
762	-0.885132	-0.911621
763	-0.907104	-0.929565
764	-0.883789	-0.903076
765	-0.891724	-0.895752
766	-0.899780	-0.910767
767	-0.890625	-0.913208
768	-0.887329	-0.916748
769	-0.898071	-0.915405
770	-0.896484	-0.910156
771	-0.897705	-0.917603
772	-0.897461	-0.922363
773	-0.899658	-0.928833
774	-0.896484	-0.917725
775	-0.886719	-0.889282
776	-0.892944	-0.892334
777	-0.907837	-0.935913
778	-0.901123	-0.930054
779	-0.910156	-0.939331
780	-0.892456	-0.915771
781	-0.891846	-0.916870
782	-0.902222	-0.922852
783	-0.899902	-0.924194
784	-0.893677	-0.911133
785	-0.891724	-0.905640
786	-0.887695	-0.916504
787	-0.885864	-0.915161
788	-0.900269	-0.919189
789	-0.893799	-0.916138
790	-0.901855	-0.930298
791	-0.887573	-0.908325
792	-0.900513	-0.919922
793	-0.900391	-0.919434
794	-0.902466	-0.929443
795	-0.918213	-0.942383
796	-0.904175	-0.921631
797	-0.889893	-0.919678
798	-0.902466	-0.923340
799	-0.897827	-0.922852
800	-0.890991	-0.907593
801	-0.904663	-0.926270
802	-0.918823	-0.939819
803	-0.893433	-0.924805
804	-0.907104	-0.933350
805	-0.899414	-0.923340
806	-0.894165	-0.914307
807	-0.897339	-0.921021
808	-0.909668	-0.932495
809	-0.896118	-0.918945
810	-0.904663	-0.932983
811	-0.905273	-0.925903
812	-0.893555	-0.921631
813	-0.880981	-0.901978
814	-0.905518	-0.927612
815	-0.891357	-0.911255
816	-0.884033	-0.896118
817	-0.897339	-0.908936
818	-0.888184	-0.910522
819	-0.897949	-0.929932
820	-0.896851	-0.918701
821	-0.896851	-0.915527
822	-0.893799	-0.915039
823	-0.893921	-0.918823
824	-0.906372	-0.932617
825	-0.896973	-0.922485
826	-0.885498	-0.897217
827	-0.890625	-0.882446
828	-0.905762	-0.924438
829	-0.893433	-0.923218
830	-0.908569	-0.935547
831	-0.895020	-0.917603
832	-0.892944	-0.919067
833	-0.901001	-0.929688
834	-0.899658	-0.921997
835	-0.894897	-0.916382
836	-0.894775	-0.917725
837	-0.898438	-0.928833
838	-0.888428	-0.911987
839	-0.894409	-0.915283
840	-0.902222	-0.927612
841	-0.897461	-0.924561
842	-0.893921	-0.906372
843	-0.903564	-0.914063
844	-0.891602	-0.909668
845	-0.899048	-0.927856
846	-0.913330	-0.939697
847	-0.906006	-0.925415
848	-0.892700	-0.923950
849	-0.903931	-0.921509
850	-0.898926	-0.930420
851	-0.887451	-0.908325
852	-0.907837	-0.927490
853	-0.913696	-0.938110
854	-0.895630	-0.924561
855	-0.899780	-0.919800
856	-0.904785	-0.931641
857	-0.894653	-0.908936
858	-0.888794	-0.910156
859	-0.908569	-0.932251
860	-0.895386	-0.921753
861	-0.897827	-0.925537
862	-0.904541	-0.919678
863	-0.902832	-0.929932
864	-0.890747	-0.911011
865	-0.904419	-0.930542
866	-0.898193	-0.920532
867	-0.885132	-0.901855
868	-0.897095	-0.906860
869	-0.888672	-0.907471
870	-0.896973	-0.925537
871	-0.887451	-0.910156
872	-0.898193	-0.917725
873	-0.885986	-0.901123
874	-0.896851	-0.921875
875	-0.901733	-0.927002
876	-0.899414	-0.926758
877	-0.892578	-0.910889
878	-0.891724	-0.887695
879	-0.907715	-0.917603
880	-0.900391	-0.926392
881	-0.908813	-0.936523
882	-0.907715	-0.936523
883	-0.891846	-0.912598
884	-0.906250	-0.932251
885	-0.896484	-0.915161
886	-0.904297	-0.930176
887	-0.895630	-0.918457
888	-0.901978	-0.924561
889	-0.896851	-0.917114
890	-0.896851	-0.916748
891	-0.903320	-0.926270
892	-0.897217	-0.929077
893	-0.889771	-0.911621
894	-0.902344	-0.921509
895	-0.895386	-0.922729
896	-0.900146	-0.928467
897	-0.906494	-0.935303
898	-0.906006	-0.928711
899	-0.896484	-0.922607
900	-0.896118	-0.916748
901	-0.900024	-0.927734
902	-0.887573	-0.910034
903	-0.894287	-0.924072
904	-0.900757	-0.922852
905	-0.899292	-0.926758
906	-0.896729	-0.918213
907	-0.909546	-0.935913
908	-0.891724	-0.908691
909	-0.888550	-0.911743
910	-0.899048	-0.922607
911	-0.902222	-0.932007
912	-0.897217	-0.922729
913	-0.909546	-0.932861
914	-0.893555	-0.914917
915	-0.897705	-0.917480
916	-0.894653	-0.924561
917	-0.896118	-0.921997
918	-0.877808	-0.896362
919	-0.900391	-0.912231
920	-0.891968	-0.912109
921	-0.896851	-0.923828
922	-0.881348	-0.906372
923	-0.902710	-0.919556
924	-0.883667	-0.906250
925	-0.899048	-0.917725
926	-0.909790	-0.933228
927	-0.907104	-0.933960
928	-0.904541	-0.928589
929	-0.889771	-0.892212
930	-0.896362	-0.903564
931	-0.894043	-0.918335
932	-0.902588	-0.927979
933	-0.907959	-0.936646
934	-0.893799	-0.908447
935	-0.897095	-0.923462
936	-0.898682	-0.918457
937	-0.910156	-0.933228
938	-0.879517	-0.904297
939	-0.895020	-0.917725
940	-0.890137	-0.917847
941	-0.893433	-0.920288
942	-0.902466	-0.930298
943	-0.894897	-0.919556
944	-0.885620	-0.912598
945	-0.908325	-0.933838
946	-0.896240	-0.921265
947	-0.893433	-0.919556
948	-0.894043	-0.921265
949	-0.905151	-0.930420
950	-0.892944	-0.912842
951	-0.888062	-0.914551
952	-0.898071	-0.922241
953	-0.897949	-0.919556
954	-0.898804	-0.930054
955	-0.905762	-0.926636
956	-0.902832	-0.931396
957	-0.895508	-0.927979
958	-0.912476	-0.939209
959	-0.901001	-0.926514
960	-0.884766	-0.910400
961	-0.904663	-0.925537
962	-0.900879	-0.926392
963	-0.891846	-0.914673
964	-0.900757	-0.919434
965	-0.901733	-0.919922
966	-0.897339	-0.917603
967	-0.884888	-0.906006
968	-0.903076	-0.926880
969	-0.885620	-0.901367
970	-0.898804	-0.909302
971	-0.902588	-0.918945
972	-0.896606	-0.922241
973	-0.885742	-0.915405
974	-0.906738	-0.929565
975	-0.897461	-0.912109
976	-0.897095	-0.912842
977	-0.905762	-0.928589
978	-0.901001	-0.922852
979	-0.891968	-0.914063
980	-0.882324	-0.886597
981	-0.900146	-0.899536
982	-0.901489	-0.926758
983	-0.901978	-0.935059
984	-0.913452	-0.939209
985	-0.893921	-0.911133
986	-0.892334	-0.914063
987	-0.910645	-0.931519
988	-0.903198	-0.928101
989	-0.887329	-0.907104
990	-0.893188	-0.908813
991	-0.894775	-0.921509
992	-0.894653	-0.920532
993	-0.904175	-0.926392
994	-0.891968	-0.913330
995	-0.891602	-0.922363
996	-0.890869	-0.911865
997	-0.892212	-0.914429
998	-0.897461	-0.922607
999	-0.895386	-0.919556
