0	-0.047607	0.009521
1	-0.039673	-0.003662
2	-0.035645	-0.008911
3	-0.035767	-0.000854
4	-0.038818	0.006226
5	-0.050049	0.004883
6	-0.051270	-0.014038
7	-0.048340	0.005005
8	-0.050659	0.001587
9	-0.053223	0.002808
10	-0.051270	-0.008179
11	-0.046021	0.001221
12	-0.051025	0.006836
13	-0.049194	0.002563
14	-0.041748	-0.016968
15	-0.040771	0.010620
16	-0.041138	-0.003418
17	-0.040894	0.001343
18	-0.045532	-0.009644
19	-0.036377	0.008545
20	-0.044067	-0.006714
21	-0.046265	0.007935
22	-0.043701	0.006104
23	-0.049438	-0.009155
24	-0.047241	-0.001099
25	-0.040405	-0.018188
26	-0.033325	0.012695
27	-0.043457	-0.008057
28	-0.043701	-0.004761
29	-0.046631	-0.002686
30	-0.053589	0.000610
31	-0.047485	0.000366
32	-0.045532	-0.011230
33	-0.044189	-0.002197
34	-0.040405	0.006104
35	-0.039917	-0.004272
36	-0.038696	-0.002930
37	-0.031738	-0.002197
38	-0.035889	-0.003418
39	-0.041504	-0.004272
40	-0.049316	0.004761
41	-0.046509	-0.000977
42	-0.041382	0.008301
43	-0.051147	-0.005371
44	-0.044678	0.002808
45	-0.036499	0.000122
46	-0.042847	-0.007080
47	-0.045410	0.010498
48	-0.052124	0.001953
49	-0.045532	0.001709
50	-0.046509	-0.006470
51	-0.042847	0.012329
52	-0.056030	-0.004761
53	-0.055908	-0.014160
54	-0.041016	0.011108
55	-0.046387	-0.013428
56	-0.043579	0.003906
57	-0.046265	0.006348
58	-0.047485	-0.007935
59	-0.044800	-0.002808
60	-0.040771	-0.013794
61	-0.043213	0.013184
62	-0.048828	0.007813
63	-0.049927	-0.013916
64	-0.043335	0.012329
65	-0.039429	0.000122
66	-0.035889	0.018433
67	-0.039551	-0.010864
68	-0.036011	0.009644
69	-0.042969	-0.001587
70	-0.050659	0.003784
71	-0.047852	0.000977
72	-0.051636	-0.004028
73	-0.041626	0.008667
74	-0.042969	0.001587
75	-0.042969	0.001099
76	-0.039795	0.002197
77	-0.039307	-0.012573
78	-0.048828	0.008423
79	-0.048828	0.002686
80	-0.053223	-0.007935
81	-0.046509	0.004028
82	-0.043091	-0.005005
83	-0.044678	-0.001587
84	-0.050049	-0.004028
85	-0.041626	0.004761
86	-0.045654	0.000122
87	-0.041504	0.001343
88	-0.041504	0.003296
89	-0.037354	-0.001221
90	-0.038086	-0.007690
91	-0.044922	0.010010
92	-0.051270	0.004883
93	-0.050049	-0.000977
94	-0.050659	-0.009644
95	-0.045898	0.003784
96	-0.048218	0.008911
97	-0.059204	-0.016235
98	-0.055054	0.011475
99	-0.052979	-0.021729
100	-0.046143	-0.004517
101	-0.043701	0.002808
102	-0.056641	-0.004517
103	-0.051758	0.000732
104	-0.049805	-0.005127
105	-0.049561	0.003784
106	-0.054565	0.005493
107	-0.043823	0.001221
108	-0.049316	0.008057
109	-0.054077	-0.010010
110	-0.058350	-0.006592
111	-0.056641	0.009888
112	-0.059082	-0.001099
113	-0.059082	-0.002563
114	-0.048218	0.009521
115	-0.049194	-0.005981
116	-0.045532	0.000000
117	-0.043823	-0.007935
118	-0.052734	0.008301
119	-0.044312	-0.002197
120	-0.045166	0.003662
121	-0.036743	-0.002563
122	-0.043823	0.007446
123	-0.046875	-0.000732
124	-0.042236	0.006836
125	-0.043823	0.002930
126	-0.045288	0.002441
127	-0.039063	0.004517
128	-0.038818	0.005981
129	-0.038696	-0.003662
130	-0.047852	0.001831
131	-0.042969	-0.000977
132	-0.046021	-0.000244
133	-0.049194	-0.013916
134	-0.042480	0.005371
135	-0.033813	0.001343
136	-0.032471	0.002441
137	-0.032959	0.005615
138	-0.041504	0.001099
139	-0.043335	-0.012085
140	-0.038818	0.010254
141	-0.042725	-0.017700
142	-0.048706	0.010864
143	-0.046265	-0.004395
144	-0.038940	-0.004395
145	-0.046753	-0.003784
146	-0.039673	-0.005493
147	-0.044434	0.012085
148	-0.041626	-0.005127
149	-0.048584	-0.002686
150	-0.043457	0.007813
151	-0.041504	-0.010010
152	-0.042480	0.009277
153	-0.040039	0.006348
154	-0.042236	0.005127
155	-0.043213	-0.001343
156	-0.047363	0.007690
157	-0.052002	0.006348
158	-0.053833	-0.004028
159	-0.050293	-0.003052
160	-0.048584	-0.003174
161	-0.040649	-0.020996
162	-0.049072	-0.008057
163	-0.052246	-0.002808
164	-0.047363	0.002197
165	-0.047485	0.003784
166	-0.052856	-0.004883
167	-0.054932	0.011597
168	-0.055786	0.003662
169	-0.057983	0.002930
170	-0.049561	0.005005
171	-0.050293	0.001221
172	-0.046997	0.000244
173	-0.037231	-0.006592
174	-0.047241	0.010132
175	-0.040649	0.004517
176	-0.041016	-0.003296
177	-0.038818	0.011597
178	-0.050659	-0.010986
179	-0.043213	0.018677
180	-0.048828	-0.013672
181	-0.045532	0.015381
182	-0.049561	-0.021240
183	-0.050171	0.013306
184	-0.051880	0.003540
185	-0.035156	-0.009766
186	-0.045532	0.004150
187	-0.048950	-0.003784
188	-0.047241	0.001831
189	-0.045776	-0.008301
190	-0.042969	0.012939
191	-0.037964	0.005737
192	-0.039063	0.003906
193	-0.044556	-0.004883
194	-0.042236	0.015015
195	-0.044434	-0.025269
196	-0.041138	0.016479
197	-0.040894	-0.003662
198	-0.042603	0.000732
199	-0.050537	-0.004028
200	-0.038208	-0.006470
201	-0.052856	0.001221
202	-0.051636	-0.003174
203	-0.048462	-0.012085
204	-0.037598	0.000366
205	-0.047485	-0.006714
206	-0.050781	-0.015259
207	-0.055054	0.016602
208	-0.047485	0.000122
209	-0.052002	-0.004883
210	-0.048218	0.008789
211	-0.047974	0.004517
212	-0.042969	-0.006958
213	-0.046753	-0.001953
214	-0.049805	-0.003418
215	-0.040771	0.005615
216	-0.042603	0.001099
217	-0.056519	-0.004028
218	-0.050049	-0.000854
219	-0.050171	0.013184
220	-0.054199	-0.008911
221	-0.055664	-0.004639
222	-0.043213	0.011353
223	-0.039673	-0.006104
224	-0.036743	0.003174
225	-0.038574	-0.003174
226	-0.038818	-0.001953
227	-0.036133	-0.001831
228	-0.021606	0.000488
229	-0.043213	-0.000488
230	-0.045166	-0.002319
231	-0.036865	0.008301
232	-0.042725	-0.006470
233	-0.043213	0.007080
234	-0.045044	-0.012817
235	-0.041870	0.011597
236	-0.036987	0.001099
237	-0.040405	0.006836
238	-0.044678	0.001221
239	-0.043091	0.005249
240	-0.044800	-0.009521
241	-0.040771	0.015137
242	-0.035400	-0.011597
243	-0.037842	0.008301
244	-0.042969	0.007935
245	-0.046021	-0.015747
246	-0.045044	0.017090
247	-0.049683	-0.011475
248	-0.052124	0.008423
249	-0.047974	-0.005737
250	-0.044556	-0.004639
251	-0.037476	-0.009033
252	-0.041260	0.014160
253	-0.041992	-0.010742
254	-0.044434	0.007813
255	-0.041016	0.000366
256	-0.048218	-0.000610
257	-0.048828	-0.008057
258	-0.035522	0.002319
259	-0.050415	-0.006226
260	-0.042236	0.006714
261	-0.048462	-0.000610
262	-0.047241	0.000000
263	-0.044922	0.013794
264	-0.048584	0.003052
265	-0.042603	-0.008057
266	-0.046021	0.016113
267	-0.055298	0.004150
268	-0.047607	-0.006226
269	-0.041992	0.005615
270	-0.046631	-0.000244
271	-0.046143	-0.016357
272	-0.048584	0.010864
273	-0.045044	0.011475
274	-0.043091	-0.007080
275	-0.046631	0.000000
276	-0.048950	-0.001587
277	-0.046753	0.004517
278	-0.041382	0.005493
279	-0.029297	-0.002930
280	-0.036743	0.002930
281	-0.039673	-0.000610
282	-0.038818	0.016357
283	-0.036621	0.000610
284	-0.037842	0.016602
285	-0.035767	-0.012329
286	-0.041138	0.011475
287	-0.038452	-0.009155
288	-0.031006	-0.010620
289	-0.041016	0.011597
290	-0.041016	-0.003540
291	-0.035400	-0.010986
292	-0.043457	0.019531
293	-0.049316	-0.009521
294	-0.046021	0.000000
295	-0.044312	0.003906
296	-0.047729	-0.005371
297	-0.046631	0.020996
298	-0.036743	-0.018677
299	-0.034302	0.014648
300	-0.037109	-0.015015
301	-0.038940	0.002197
302	-0.041382	-0.005249
303	-0.044800	0.009766
304	-0.046875	-0.014038
305	-0.047241	0.010498
306	-0.048462	-0.005859
307	-0.057129	0.016846
308	-0.050781	-0.007446
309	-0.047363	-0.000488
310	-0.047363	-0.005737
311	-0.048584	0.004395
312	-0.046631	-0.014526
313	-0.050537	0.019531
314	-0.049561	-0.007080
315	-0.055786	0.028687
316	-0.054077	-0.021729
317	-0.050049	0.012329
318	-0.049683	0.000610
319	-0.049316	-0.007324
320	-0.050659	0.014160
321	-0.039917	-0.011597
322	-0.037720	0.008057
323	-0.043945	-0.002319
324	-0.040161	0.001221
325	-0.039307	-0.004272
326	-0.041870	-0.003540
327	-0.042847	-0.002441
328	-0.043457	-0.007690
329	-0.050903	-0.001953
330	-0.041748	0.015259
331	-0.041992	-0.019531
332	-0.050415	0.016357
333	-0.047241	-0.003662
334	-0.047852	0.001709
335	-0.047119	-0.005005
336	-0.049316	0.008789
337	-0.042847	-0.012573
338	-0.050659	0.007813
339	-0.046265	0.004883
340	-0.045288	-0.005493
341	-0.044556	0.003418
342	-0.047485	-0.002441
343	-0.046997	-0.002319
344	-0.043457	0.005493
345	-0.049561	0.005371
346	-0.051880	-0.000244
347	-0.051636	-0.016846
348	-0.044800	-0.000122
349	-0.040771	0.014282
350	-0.040283	-0.011963
351	-0.044067	0.009888
352	-0.043701	0.002930
353	-0.041992	-0.013550
354	-0.041382	0.005493
355	-0.042603	0.002197
356	-0.040283	0.011841
357	-0.036743	0.009521
358	-0.041382	0.004761
359	-0.052979	0.000244
360	-0.053345	0.001709
361	-0.049316	0.000732
362	-0.045288	-0.010376
363	-0.051636	0.006226
364	-0.051636	-0.008301
365	-0.046875	0.007080
366	-0.044556	-0.010254
367	-0.044678	0.007690
368	-0.047607	-0.015137
369	-0.051392	0.016968
370	-0.048096	-0.006714
371	-0.049194	0.005981
372	-0.038940	-0.007446
373	-0.044312	0.009399
374	-0.048462	-0.011597
375	-0.040161	0.011719
376	-0.041016	-0.003540
377	-0.042236	0.002930
378	-0.038696	-0.000854
379	-0.053101	-0.003296
380	-0.048462	0.001221
381	-0.047119	0.010864
382	-0.045898	-0.003662
383	-0.051392	-0.006104
384	-0.047119	0.002197
385	-0.042236	-0.011230
386	-0.036377	0.007080
387	-0.041138	0.006958
388	-0.038574	-0.010864
389	-0.052979	0.008789
390	-0.056763	-0.012573
391	-0.049072	0.011108
392	-0.043213	-0.013794
393	-0.044067	0.010010
394	-0.040161	-0.014282
395	-0.041016	0.016235
396	-0.045532	-0.001221
397	-0.041138	0.007324
398	-0.047974	-0.003784
399	-0.049072	0.005859
400	-0.045776	-0.008057
401	-0.049805	-0.005981
402	-0.051636	0.005249
403	-0.051025	0.003296
404	-0.051636	-0.013794
405	-0.050781	0.014771
406	-0.046875	-0.010986
407	-0.045044	0.011230
408	-0.045044	-0.006714
409	-0.041626	-0.005249
410	-0.044189	0.008911
411	-0.047974	-0.004761
412	-0.047852	-0.000854
413	-0.047974	-0.013428
414	-0.051514	0.009644
415	-0.052856	-0.014282
416	-0.060547	0.010620
417	-0.049194	-0.014526
418	-0.044922	0.001831
419	-0.048828	0.002808
420	-0.049927	0.002197
421	-0.040405	0.005249
422	-0.052490	0.008057
423	-0.052490	0.009766
424	-0.048096	-0.007690
425	-0.047363	0.007324
426	-0.042480	-0.002319
427	-0.036987	-0.011230
428	-0.039917	0.009766
429	-0.039185	-0.001099
430	-0.054810	-0.007202
431	-0.044434	-0.006226
432	-0.041382	0.003540
433	-0.042847	-0.010132
434	-0.047485	-0.008301
435	-0.036377	0.012695
436	-0.036499	0.001465
437	-0.041626	-0.008911
438	-0.051025	0.007202
439	-0.049438	-0.001343
440	-0.048218	-0.007080
441	-0.053345	0.020020
442	-0.049072	-0.013062
443	-0.037842	0.001831
444	-0.034790	-0.012085
445	-0.037231	0.000732
446	-0.043335	-0.008179
447	-0.045288	-0.003784
448	-0.048096	-0.004761
449	-0.050415	0.014038
450	-0.055176	-0.018433
451	-0.047852	0.005859
452	-0.049805	-0.001099
453	-0.045044	0.005615
454	-0.053955	-0.005859
455	-0.049683	0.007080
456	-0.053955	-0.007690
457	-0.046753	0.014648
458	-0.051025	-0.004883
459	-0.056396	-0.004883
460	-0.052734	-0.003052
461	-0.051514	0.013062
462	-0.056763	-0.011963
463	-0.052002	-0.002563
464	-0.042480	0.004272
465	-0.044434	-0.004639
466	-0.045898	-0.010742
467	-0.049194	0.009888
468	-0.044556	-0.005981
469	-0.052979	-0.007080
470	-0.054077	0.011597
471	-0.052368	-0.004272
472	-0.048706	-0.002686
473	-0.049927	-0.008789
474	-0.037354	0.001221
475	-0.039307	0.002563
476	-0.033813	0.001587
477	-0.036621	-0.011841
478	-0.031860	0.023193
479	-0.034546	-0.013916
480	-0.041382	-0.003784
481	-0.050171	0.009155
482	-0.046631	-0.000854
483	-0.049072	-0.017578
484	-0.042847	0.004272
485	-0.045532	0.004272
486	-0.051758	-0.004883
487	-0.047974	-0.001465
488	-0.056519	0.006958
489	-0.052490	-0.003784
490	-0.043945	-0.001709
491	-0.049194	-0.010132
492	-0.046997	0.006470
493	-0.037720	0.005737
494	-0.046631	-0.008911
495	-0.050171	-0.000732
496	-0.046631	0.009521
497	-0.046021	-0.009888
498	-0.046753	0.001465
499	-0.051636	0.005493
500	-0.044067	-0.003174
501	-0.045288	-0.006592
502	-0.041382	0.015259
503	-0.053833	-0.011719
504	-0.049072	0.008667
505	-0.046631	-0.004028
506	-0.042358	0.001221
507	-0.051025	-0.009521
508	-0.043335	0.009766
509	-0.046387	-0.002441
510	-0.049805	0.003662
511	-0.051636	-0.001343
512	-0.056030	0.002319
513	-0.059448	0.002808
514	-0.061279	-0.003540
515	-0.058105	0.007690
516	-0.060059	-0.005859
517	-0.059082	-0.001709
518	-0.057129	0.011230
519	-0.053711	-0.003540
520	-0.053589	-0.000977
521	-0.045532	0.004883
522	-0.044189	-0.001343
523	-0.045532	-0.008179
524	-0.042480	-0.004883
525	-0.042480	0.002441
526	-0.048950	0.006348
527	-0.036255	0.001343
528	-0.040527	0.003784
529	-0.040405	-0.001709
530	-0.044312	-0.002075
531	-0.036377	0.013794
532	-0.040405	-0.011475
533	-0.042114	0.012207
534	-0.040527	0.000122
535	-0.033813	0.009155
536	-0.041748	-0.004028
537	-0.042480	0.006348
538	-0.036743	0.004639
539	-0.040283	-0.010742
540	-0.049194	0.017212
541	-0.051758	-0.011475
542	-0.053101	0.008057
543	-0.043457	-0.011230
544	-0.042114	-0.001465
545	-0.044067	0.005005
546	-0.042603	-0.000122
547	-0.038330	-0.001465
548	-0.047974	0.004761
549	-0.048218	0.009033
550	-0.044067	-0.002441
551	-0.045166	0.001587
552	-0.038086	-0.007202
553	-0.041504	0.004272
554	-0.040405	-0.006226
555	-0.039917	0.002930
556	-0.035278	0.004395
557	-0.044067	-0.010742
558	-0.041504	-0.003540
559	-0.041626	0.019653
560	-0.049438	-0.009155
561	-0.043701	-0.003174
562	-0.045532	-0.002930
563	-0.049927	-0.000244
564	-0.045166	0.001099
565	-0.053589	-0.016846
566	-0.058105	0.010620
567	-0.057373	-0.012573
568	-0.044922	0.004395
569	-0.048096	0.001709
570	-0.048828	0.009644
571	-0.047607	0.000000
572	-0.050171	0.005981
573	-0.044434	-0.004761
574	-0.044678	0.014160
575	-0.036011	-0.006836
576	-0.045532	0.005737
577	-0.048950	-0.009155
578	-0.050049	-0.002319
579	-0.049927	-0.001953
580	-0.040405	0.005249
581	-0.039063	-0.008179
582	-0.045776	-0.005127
583	-0.047729	0.001953
584	-0.049561	0.008789
585	-0.049438	-0.012695
586	-0.043457	0.012085
587	-0.052490	-0.015625
588	-0.059326	0.020630
589	-0.055176	-0.012329
590	-0.046997	0.008179
591	-0.047852	-0.000488
592	-0.039429	-0.004639
593	-0.046875	0.002441
594	-0.047241	-0.001953
595	-0.052734	0.006958
596	-0.048950	-0.002441
597	-0.048096	0.005493
598	-0.049683	-0.014404
599	-0.045166	0.018066
600	-0.049561	-0.014282
601	-0.043335	0.003174
602	-0.047974	-0.007446
603	-0.047363	0.002686
604	-0.041138	0.007935
605	-0.039673	-0.003906
606	-0.048218	0.008545
607	-0.044556	-0.001465
608	-0.042603	0.005127
609	-0.042969	0.001831
610	-0.048828	0.001587
611	-0.049194	-0.004517
612	-0.040405	0.012573
613	-0.040894	-0.003662
614	-0.054565	-0.004150
615	-0.052002	0.008667
616	-0.049194	-0.006226
617	-0.047485	0.004272
618	-0.051270	0.000732
619	-0.039795	-0.005249
620	-0.047607	-0.002930
621	-0.040894	0.006836
622	-0.043335	-0.005127
623	-0.050171	-0.003906
624	-0.048096	0.004517
625	-0.048706	0.007324
626	-0.043701	-0.001343
627	-0.048462	-0.003784
628	-0.040039	-0.011108
629	-0.036621	0.003174
630	-0.050903	-0.004028
631	-0.040405	0.006592
632	-0.037354	-0.010132
633	-0.045166	-0.004517
634	-0.055176	-0.009155
635	-0.043213	0.007568
636	-0.038818	-0.005615
637	-0.032593	0.013916
638	-0.043335	0.002563
639	-0.040771	0.001953
640	-0.037964	0.002808
641	-0.033936	0.008667
642	-0.042358	0.004028
643	-0.040527	0.012329
644	-0.038940	-0.006592
645	-0.038696	0.003296
646	-0.037964	-0.005005
647	-0.035645	0.015015
648	-0.038696	-0.007324
649	-0.040039	0.005981
650	-0.042114	-0.012085
651	-0.039673	0.004761
652	-0.045410	-0.002319
653	-0.047241	-0.008789
654	-0.053955	0.001953
655	-0.050293	0.001953
656	-0.042603	-0.004883
657	-0.043945	0.010986
658	-0.037598	-0.000610
659	-0.040771	0.004883
660	-0.043701	-0.013794
661	-0.042358	0.006470
662	-0.056152	-0.008911
663	-0.047363	0.003662
664	-0.052368	-0.005981
665	-0.046753	-0.009033
666	-0.046265	0.007446
667	-0.045532	-0.007446
668	-0.046265	-0.002441
669	-0.045288	0.007690
670	-0.041748	-0.009766
671	-0.045288	0.003540
672	-0.047974	-0.007202
673	-0.050171	0.010132
674	-0.045654	0.006104
675	-0.038818	-0.002930
676	-0.039307	0.009888
677	-0.041138	-0.009888
678	-0.045654	0.001709
679	-0.031860	0.000610
680	-0.037354	-0.008545
681	-0.045288	0.003174
682	-0.041260	-0.005981
683	-0.047729	0.002441
684	-0.043091	0.000610
685	-0.042603	-0.007324
686	-0.042603	0.013794
687	-0.041260	-0.002563
688	-0.039917	0.011108
689	-0.042358	0.000488
690	-0.046997	-0.002930
691	-0.050537	0.005981
692	-0.047241	-0.003662
693	-0.049438	0.004272
694	-0.049316	0.008057
695	-0.054443	-0.005981
696	-0.045288	0.005493
697	-0.042969	-0.005859
698	-0.037842	-0.002075
699	-0.044067	-0.016724
700	-0.040649	-0.006714
701	-0.037598	0.002075
702	-0.038940	-0.008911
703	-0.033936	0.007080
704	-0.041260	-0.005859
705	-0.048218	-0.002075
706	-0.047241	0.001831
707	-0.052368	0.006714
708	-0.049194	-0.013794
709	-0.037720	0.021240
710	-0.042114	-0.008057
711	-0.042603	0.011841
712	-0.046753	-0.005127
713	-0.050659	0.011475
714	-0.048096	-0.005127
715	-0.044800	0.001587
716	-0.049316	-0.005127
717	-0.043945	0.005493
718	-0.048584	0.000732
719	-0.039063	-0.008545
720	-0.044556	0.004028
721	-0.040771	-0.007324
722	-0.038818	0.002686
723	-0.050903	0.001831
724	-0.049561	-0.006958
725	-0.041626	0.016113
726	-0.042236	-0.004028
727	-0.047852	-0.005005
728	-0.039429	-0.011597
729	-0.047974	0.007446
730	-0.051514	-0.008179
731	-0.047241	0.002808
732	-0.042236	0.002686
733	-0.053467	0.000610
734	-0.037109	-0.006470
735	-0.029785	0.009277
736	-0.038574	-0.008911
737	-0.031982	0.007202
738	-0.034302	-0.015869
739	-0.041626	0.013794
740	-0.039673	-0.010010
741	-0.038574	0.010254
742	-0.040527	-0.004395
743	-0.043335	-0.006714
744	-0.046143	0.006470
745	-0.048462	-0.004639
746	-0.043335	-0.012939
747	-0.041260	0.005371
748	-0.042969	0.000488
749	-0.048584	-0.006226
750	-0.046875	0.005737
751	-0.042358	-0.009766
752	-0.047241	0.012573
753	-0.041870	-0.006958
754	-0.043091	-0.007568
755	-0.045288	0.000488
756	-0.058594	0.002563
757	-0.060059	-0.004272
758	-0.051514	-0.005249
759	-0.049683	0.003540
760	-0.046021	-0.016724
761	-0.047485	-0.001831
762	-0.045776	0.001221
763	-0.057007	-0.000366
764	-0.051270	0.001953
765	-0.046143	-0.008789
766	-0.037354	0.001953
767	-0.042114	-0.002563
768	-0.050781	0.006470
769	-0.048340	0.004395
770	-0.036621	-0.006714
771	-0.037231	0.004150
772	-0.048462	-0.001587
773	-0.052979	-0.000610
774	-0.059082	0.002441
775	-0.056396	-0.008789
776	-0.048462	0.010498
777	-0.046509	-0.005005
778	-0.047363	-0.006714
779	-0.048584	0.005127
780	-0.049561	-0.005859
781	-0.050171	0.008057
782	-0.056274	-0.000977
783	-0.052490	-0.006592
784	-0.043091	0.007568
785	-0.040771	0.006714
786	-0.035400	-0.004761
787	-0.048462	0.001831
788	-0.052368	0.015137
789	-0.045898	0.003296
790	-0.045044	-0.002808
791	-0.046021	0.001953
792	-0.046143	0.007446
793	-0.048096	-0.003418
794	-0.034180	-0.018555
795	-0.044678	0.000732
796	-0.049927	-0.002930
797	-0.041504	-0.001099
798	-0.040161	0.006958
799	-0.042603	-0.005493
800	-0.030151	0.001953
801	-0.048828	-0.003174
802	-0.039185	-0.006348
803	-0.034180	0.001343
804	-0.045898	-0.013550
805	-0.042114	0.006104
806	-0.046265	-0.016846
807	-0.045044	0.001953
808	-0.051880	-0.005249
809	-0.041138	-0.004517
810	-0.050781	0.000610
811	-0.053833	0.004639
812	-0.047241	-0.007324
813	-0.053711	0.000244
814	-0.054932	0.005737
815	-0.061401	-0.012573
816	-0.053101	0.014526
817	-0.045410	-0.008301
818	-0.047363	0.004639
819	-0.050049	0.003052
820	-0.048218	-0.007080
821	-0.045776	0.003052
822	-0.047852	-0.008789
823	-0.056519	-0.003906
824	-0.049561	0.000732
825	-0.052612	0.004761
826	-0.053833	0.001587
827	-0.059448	-0.003662
828	-0.050293	0.008301
829	-0.051880	-0.008911
830	-0.045166	0.015015
831	-0.035645	-0.002808
832	-0.036743	-0.002197
833	-0.040771	-0.005615
834	-0.041992	-0.009155
835	-0.055176	0.000854
836	-0.046265	0.000122
837	-0.049683	-0.002319
838	-0.048096	0.005493
839	-0.043213	-0.009399
840	-0.039551	0.007935
841	-0.040649	-0.010498
842	-0.044312	0.017944
843	-0.038574	-0.024048
844	-0.046875	0.001709
845	-0.044312	-0.011475
846	-0.039429	-0.000122
847	-0.045898	-0.007935
848	-0.048096	0.005615
849	-0.047363	-0.003418
850	-0.043335	0.002930
851	-0.042480	0.007690
852	-0.050537	0.001709
853	-0.047363	0.008301
854	-0.044312	0.010620
855	-0.036011	0.001221
856	-0.039673	0.008667
857	-0.034058	-0.004150
858	-0.047241	0.005249
859	-0.049927	0.000244
860	-0.051270	0.014160
861	-0.045288	-0.011841
862	-0.051392	0.013184
863	-0.042236	-0.012573
864	-0.048706	0.003906
865	-0.045044	-0.001343
866	-0.034912	-0.007202
867	-0.044434	-0.005981
868	-0.044434	-0.003662
869	-0.046875	-0.006226
870	-0.044434	0.005249
871	-0.043579	-0.013550
872	-0.037354	-0.008179
873	-0.038330	0.011230
874	-0.052856	-0.011230
875	-0.047974	0.007324
876	-0.046753	-0.014282
877	-0.044678	-0.001343
878	-0.048462	0.001953
879	-0.054932	-0.005371
880	-0.056519	0.005127
881	-0.047729	0.011230
882	-0.048950	-0.005127
883	-0.055054	0.016113
884	-0.056885	-0.009399
885	-0.054321	0.004883
886	-0.041870	0.017578
887	-0.048584	-0.015991
888	-0.039673	0.010010
889	-0.036987	-0.014771
890	-0.041748	0.013184
891	-0.031860	-0.005981
892	-0.029053	-0.001831
893	-0.029541	0.012207
894	-0.047363	-0.009521
895	-0.050781	-0.001953
896	-0.045288	-0.002686
897	-0.040771	0.009644
898	-0.043823	-0.001221
899	-0.040771	0.002319
900	-0.042725	-0.011475
901	-0.041260	0.001343
902	-0.031982	-0.000122
903	-0.034790	0.005615
904	-0.046265	-0.022583
905	-0.037842	0.010376
906	-0.039185	-0.001953
907	-0.047729	0.004761
908	-0.045776	0.005127
909	-0.043945	0.001343
910	-0.038574	0.003906
911	-0.042969	0.009277
912	-0.039429	-0.014648
913	-0.040527	0.002563
914	-0.048340	-0.000488
915	-0.055420	0.008057
916	-0.044067	0.003052
917	-0.043701	-0.004639
918	-0.049561	-0.002197
919	-0.041748	-0.010620
920	-0.038208	0.002563
921	-0.039917	0.003418
922	-0.041992	0.002197
923	-0.042114	0.002563
924	-0.048584	-0.009155
925	-0.043579	0.007080
926	-0.042725	0.001343
927	-0.042114	-0.004028
928	-0.046387	0.002075
929	-0.054077	-0.013672
930	-0.053589	0.019897
931	-0.055664	-0.015869
932	-0.046143	0.010742
933	-0.049927	-0.000244
934	-0.046753	0.002686
935	-0.044189	-0.004517
936	-0.043213	-0.002808
937	-0.050415	0.001953
938	-0.043823	-0.005005
939	-0.034668	0.010254
940	-0.035400	-0.004395
941	-0.043579	0.005127
942	-0.049927	-0.006592
943	-0.045044	-0.003662
944	-0.042236	-0.005005
945	-0.042114	0.008179
946	-0.047485	-0.007813
947	-0.042358	0.009033
948	-0.044678	-0.007690
949	-0.039795	-0.000244
950	-0.044800	-0.003784
951	-0.046509	-0.005127
952	-0.048584	0.003296
953	-0.053223	-0.007690
954	-0.052612	0.019897
955	-0.049927	-0.002075
956	-0.049927	0.002808
957	-0.041992	-0.002319
958	-0.040405	0.013306
959	-0.034912	-0.003052
960	-0.036865	0.007080
961	-0.042847	0.007935
962	-0.036987	0.000366
963	-0.037231	0.003784
964	-0.042236	0.003418
965	-0.049438	-0.001587
966	-0.044678	0.006958
967	-0.043335	-0.018799
968	-0.050171	-0.001343
969	-0.056885	0.008789
970	-0.049194	-0.008301
971	-0.054199	-0.000854
972	-0.056519	-0.001099
973	-0.052612	0.009521
974	-0.041138	-0.008301
975	-0.045044	0.009766
976	-0.050415	0.001587
977	-0.046265	-0.002197
978	-0.046021	0.007080
979	-0.055664	-0.000244
980	-0.044434	0.003906
981	-0.043213	-0.004639
982	-0.044312	0.004150
983	-0.054565	-0.001221
984	-0.062622	-0.004150
985	-0.050659	-0.008057
986	-0.050049	0.006714
987	-0.036987	-0.002930
988	-0.046509	0.001343
989	-0.043335	0.023438
990	-0.043091	-0.009155
991	-0.042480	0.013916
992	-0.040161	-0.008667
993	-0.044312	-0.001831
994	-0.049316	-0.000122
995	-0.046387	0.011475
996	-0.041260	0.000977
997	-0.038696	-0.004272
998	-0.046143	0.011230
999	-0.045410	-0.000732
