0	-0.981201	-0.988281
1	-0.983887	-0.989624
2	-0.979492	-0.988892
3	-0.983643	-0.990112
4	-0.984253	-0.991333
5	-0.983154	-0.990967
6	-0.982300	-0.987915
7	-0.986572	-0.992554
8	-0.981079	-0.988892
9	-0.981079	-0.989746
10	-0.979980	-0.988647
11	-0.983887	-0.990845
12	-0.984619	-0.991455
13	-0.980591	-0.986694
14	-0.983032	-0.989868
15	-0.979858	-0.988525
16	-0.983643	-0.988403
17	-0.976807	-0.986816
18	-0.984741	-0.991577
19	-0.982544	-0.989868
20	-0.980957	-0.987671
21	-0.977051	-0.986206
22	-0.981812	-0.987671
23	-0.981079	-0.989380
24	-0.979004	-0.987427
25	-0.984375	-0.991211
26	-0.982666	-0.989868
27	-0.982910	-0.990845
28	-0.981079	-0.988647
29	-0.983276	-0.990234
30	-0.984863	-0.991333
31	-0.981812	-0.989258
32	-0.984009	-0.990601
33	-0.982056	-0.989868
34	-0.982056	-0.988159
35	-0.982910	-0.990479
36	-0.987427	-0.993530
37	-0.977905	-0.985596
38	-0.980469	-0.986938
39	-0.979248	-0.988281
40	-0.982910	-0.990967
41	-0.985596	-0.992188
42	-0.984253	-0.990845
43	-0.984131	-0.991577
44	-0.983643	-0.990601
45	-0.980713	-0.989258
46	-0.979126	-0.988647
47	-0.983521	-0.989990
48	-0.983398	-0.990845
49	-0.983032	-0.989990
50	-0.979248	-0.987305
51	-0.981689	-0.988525
52	-0.985718	-0.991333
53	-0.975708	-0.986206
54	-0.981934	-0.989380
55	-0.985596	-0.991455
56	-0.983765	-0.991455
57	-0.984985	-0.992310
58	-0.983398	-0.990356
59	-0.982422	-0.989746
60	-0.983765	-0.990479
61	-0.974976	-0.984985
62	-0.975952	-0.986084
63	-0.981323	-0.989380
64	-0.981323	-0.989746
65	-0.981934	-0.989624
66	-0.976196	-0.986450
67	-0.980591	-0.987305
68	-0.973999	-0.984497
69	-0.982178	-0.989868
70	-0.984741	-0.991577
71	-0.982178	-0.988770
72	-0.980835	-0.989136
73	-0.984131	-0.991699
74	-0.979492	-0.988281
75	-0.983398	-0.990479
76	-0.983032	-0.989624
77	-0.980835	-0.988281
78	-0.979736	-0.987793
79	-0.980713	-0.988037
80	-0.980957	-0.987793
81	-0.984375	-0.991821
82	-0.981934	-0.989990
83	-0.985596	-0.990723
84	-0.977295	-0.984497
85	-0.985107	-0.992065
86	-0.982788	-0.990234
87	-0.983276	-0.990845
88	-0.980713	-0.988159
89	-0.985840	-0.991577
90	-0.979614	-0.989136
91	-0.980835	-0.988647
92	-0.981323	-0.987915
93	-0.985718	-0.992188
94	-0.977173	-0.986816
95	-0.977295	-0.985718
96	-0.980835	-0.987305
97	-0.980103	-0.987183
98	-0.986938	-0.993164
99	-0.985596	-0.992432
100	-0.984375	-0.991333
101	-0.982178	-0.989624
102	-0.984619	-0.992065
103	-0.983887	-0.991333
104	-0.976929	-0.986572
105	-0.984863	-0.991821
106	-0.981689	-0.988525
107	-0.984009	-0.990479
108	-0.981689	-0.987061
109	-0.981445	-0.989136
110	-0.983643	-0.991089
111	-0.984375	-0.990356
112	-0.982788	-0.990845
113	-0.980103	-0.987915
114	-0.983643	-0.989990
115	-0.985352	-0.991821
116	-0.980225	-0.988525
117	-0.977051	-0.986084
118	-0.986694	-0.991455
119	-0.978882	-0.986572
120	-0.980469	-0.987793
121	-0.982544	-0.990234
122	-0.981445	-0.987427
123	-0.977905	-0.986328
124	-0.982422	-0.990112
125	-0.982178	-0.990112
126	-0.981689	-0.989258
127	-0.980713	-0.989136
128	-0.984619	-0.990845
129	-0.984131	-0.990479
130	-0.982788	-0.989868
131	-0.984619	-0.990601
132	-0.986938	-0.992310
133	-0.982178	-0.989990
134	-0.980469	-0.985962
135	-0.983032	-0.989990
136	-0.981934	-0.989990
137	-0.983154	-0.989746
138	-0.979004	-0.987305
139	-0.984497	-0.991699
140	-0.984009	-0.989014
141	-0.981079	-0.989746
142	-0.983521	-0.991211
143	-0.981445	-0.987915
144	-0.983643	-0.989990
145	-0.981934	-0.989380
146	-0.979736	-0.987549
147	-0.982666	-0.988037
148	-0.982178	-0.990112
149	-0.978516	-0.988403
150	-0.982910	-0.989258
151	-0.981812	-0.989502
152	-0.983521	-0.990723
153	-0.981934	-0.989624
154	-0.978882	-0.988281
155	-0.983521	-0.990479
156	-0.981323	-0.989502
157	-0.983887	-0.990601
158	-0.980835	-0.989136
159	-0.980713	-0.987793
160	-0.985352	-0.991821
161	-0.983032	-0.989746
162	-0.982788	-0.988892
163	-0.983887	-0.990601
164	-0.978638	-0.987427
165	-0.983887	-0.991699
166	-0.986206	-0.990967
167	-0.978638	-0.986938
168	-0.979614	-0.986572
169	-0.979004	-0.987793
170	-0.982666	-0.990479
171	-0.979980	-0.989014
172	-0.981445	-0.989502
173	-0.981812	-0.989624
174	-0.980225	-0.987915
175	-0.984375	-0.989746
176	-0.980957	-0.988892
177	-0.985718	-0.992310
178	-0.980835	-0.989502
179	-0.986694	-0.993042
180	-0.982422	-0.990112
181	-0.984741	-0.990967
182	-0.980469	-0.987915
183	-0.982422	-0.990479
184	-0.982666	-0.989502
185	-0.980835	-0.986938
186	-0.980469	-0.986572
187	-0.985962	-0.992432
188	-0.982300	-0.989014
189	-0.975708	-0.983765
190	-0.980347	-0.987061
191	-0.980957	-0.989136
192	-0.982300	-0.990356
193	-0.983521	-0.990356
194	-0.985474	-0.992432
195	-0.988037	-0.993286
196	-0.984375	-0.990967
197	-0.980591	-0.986572
198	-0.983032	-0.989502
199	-0.981934	-0.989258
200	-0.975342	-0.983765
201	-0.982300	-0.986938
202	-0.984131	-0.991211
203	-0.980957	-0.987549
204	-0.981689	-0.989502
205	-0.980225	-0.988770
206	-0.984985	-0.991943
207	-0.978638	-0.988525
208	-0.986328	-0.991699
209	-0.982544	-0.988892
210	-0.982910	-0.990723
211	-0.980957	-0.987793
212	-0.982910	-0.989868
213	-0.981567	-0.987793
214	-0.982788	-0.990845
215	-0.980713	-0.988037
216	-0.985229	-0.991333
217	-0.982056	-0.989868
218	-0.978149	-0.986084
219	-0.984375	-0.990967
220	-0.985352	-0.992432
221	-0.983521	-0.990845
222	-0.978882	-0.988159
223	-0.985596	-0.991943
224	-0.984009	-0.991577
225	-0.982056	-0.988770
226	-0.975952	-0.982300
227	-0.979736	-0.987061
228	-0.983765	-0.990723
229	-0.978149	-0.987793
230	-0.984009	-0.990967
231	-0.982300	-0.990356
232	-0.984863	-0.991577
233	-0.980591	-0.989258
234	-0.983643	-0.991089
235	-0.984619	-0.991089
236	-0.981567	-0.989258
237	-0.984009	-0.991455
238	-0.980713	-0.989136
239	-0.979614	-0.988403
240	-0.982544	-0.990234
241	-0.984009	-0.988892
242	-0.976807	-0.984009
243	-0.983398	-0.988403
244	-0.979736	-0.988647
245	-0.983887	-0.991333
246	-0.986816	-0.992065
247	-0.985352	-0.991577
248	-0.984985	-0.992065
249	-0.983398	-0.990112
250	-0.983276	-0.990234
251	-0.977661	-0.985474
252	-0.984863	-0.990112
253	-0.986450	-0.992554
254	-0.979004	-0.987305
255	-0.979492	-0.988159
256	-0.981201	-0.988281
257	-0.983887	-0.989624
258	-0.979492	-0.988892
259	-0.983643	-0.990112
260	-0.984253	-0.991333
261	-0.983154	-0.990967
262	-0.982300	-0.987915
263	-0.986572	-0.992554
264	-0.981079	-0.988892
265	-0.981079	-0.989746
266	-0.979980	-0.988647
267	-0.983887	-0.990845
268	-0.984619	-0.991455
269	-0.980591	-0.986694
270	-0.983032	-0.989868
271	-0.979858	-0.988525
272	-0.983643	-0.988403
273	-0.976807	-0.986816
274	-0.984741	-0.991577
275	-0.982544	-0.989868
276	-0.980957	-0.987671
277	-0.977051	-0.986206
278	-0.981812	-0.987671
279	-0.981079	-0.989380
280	-0.979004	-0.987427
281	-0.984375	-0.991211
282	-0.982666	-0.989868
283	-0.982910	-0.990845
284	-0.981079	-0.988647
285	-0.983276	-0.990234
286	-0.984863	-0.991333
287	-0.981812	-0.989258
288	-0.984009	-0.990601
289	-0.982056	-0.989868
290	-0.982056	-0.988159
291	-0.982910	-0.990479
292	-0.987427	-0.993530
293	-0.977905	-0.985596
294	-0.980469	-0.986938
295	-0.979248	-0.988281
296	-0.982910	-0.990967
297	-0.985596	-0.992188
298	-0.984253	-0.990845
299	-0.984131	-0.991577
300	-0.983643	-0.990601
301	-0.980713	-0.989258
302	-0.979126	-0.988647
303	-0.983521	-0.989990
304	-0.983398	-0.990845
305	-0.983032	-0.989990
306	-0.979248	-0.987305
307	-0.981689	-0.988525
308	-0.985718	-0.991333
309	-0.975708	-0.986206
310	-0.981934	-0.989380
311	-0.985596	-0.991455
312	-0.983765	-0.991455
313	-0.984985	-0.992310
314	-0.983398	-0.990356
315	-0.982422	-0.989746
316	-0.983765	-0.990479
317	-0.974976	-0.984985
318	-0.975952	-0.986084
319	-0.981323	-0.989380
320	-0.981323	-0.989746
321	-0.981934	-0.989624
322	-0.976196	-0.986450
323	-0.980591	-0.987305
324	-0.973999	-0.984497
325	-0.982178	-0.989868
326	-0.984741	-0.991577
327	-0.982178	-0.988770
328	-0.980835	-0.989136
329	-0.984131	-0.991699
330	-0.979492	-0.988281
331	-0.983398	-0.990479
332	-0.983032	-0.989624
333	-0.980835	-0.988281
334	-0.979736	-0.987793
335	-0.980713	-0.988037
336	-0.980957	-0.987793
337	-0.984375	-0.991821
338	-0.981934	-0.989990
339	-0.985596	-0.990723
340	-0.977295	-0.984497
341	-0.985107	-0.992065
342	-0.982788	-0.990234
343	-0.983276	-0.990845
344	-0.980713	-0.988159
345	-0.985840	-0.991577
346	-0.979614	-0.989136
347	-0.980835	-0.988647
348	-0.981323	-0.987915
349	-0.985718	-0.992188
350	-0.977173	-0.986816
351	-0.977295	-0.985718
352	-0.980835	-0.987305
353	-0.980103	-0.987183
354	-0.986938	-0.993164
355	-0.985596	-0.992432
356	-0.984375	-0.991333
357	-0.982178	-0.989624
358	-0.984619	-0.992065
359	-0.983887	-0.991333
360	-0.976929	-0.986572
361	-0.984863	-0.991821
362	-0.981689	-0.988525
363	-0.984009	-0.990479
364	-0.981689	-0.987061
365	-0.981445	-0.989136
366	-0.983643	-0.991089
367	-0.984375	-0.990356
368	-0.982788	-0.990845
369	-0.980103	-0.987915
370	-0.983643	-0.989990
371	-0.985352	-0.991821
372	-0.980225	-0.988525
373	-0.977051	-0.986084
374	-0.986694	-0.991455
375	-0.978882	-0.986572
376	-0.980469	-0.987793
377	-0.982544	-0.990234
378	-0.981445	-0.987427
379	-0.977905	-0.986328
380	-0.982422	-0.990112
381	-0.982178	-0.990112
382	-0.981689	-0.989258
383	-0.980713	-0.989136
384	-0.984619	-0.990845
385	-0.984131	-0.990479
386	-0.982788	-0.989868
387	-0.984619	-0.990601
388	-0.986938	-0.992310
389	-0.982178	-0.989990
390	-0.980469	-0.985962
391	-0.983032	-0.989990
392	-0.981934	-0.989990
393	-0.983154	-0.989746
394	-0.979004	-0.987305
395	-0.984497	-0.991699
396	-0.984009	-0.989014
397	-0.981079	-0.989746
398	-0.983521	-0.991211
399	-0.981445	-0.987915
400	-0.983643	-0.989990
401	-0.981934	-0.989380
402	-0.979736	-0.987549
403	-0.982666	-0.988037
404	-0.982178	-0.990112
405	-0.978516	-0.988403
406	-0.982910	-0.989258
407	-0.981812	-0.989502
408	-0.983521	-0.990723
409	-0.981934	-0.989624
410	-0.978882	-0.988281
411	-0.983521	-0.990479
412	-0.981323	-0.989502
413	-0.983887	-0.990601
414	-0.980835	-0.989136
415	-0.980713	-0.987793
416	-0.985352	-0.991821
417	-0.983032	-0.989746
418	-0.982788	-0.988892
419	-0.983887	-0.990601
420	-0.978638	-0.987427
421	-0.983887	-0.991699
422	-0.986206	-0.990967
423	-0.978638	-0.986938
424	-0.979614	-0.986572
425	-0.979004	-0.987793
426	-0.982666	-0.990479
427	-0.979980	-0.989014
428	-0.981445	-0.989502
429	-0.981812	-0.989624
430	-0.980225	-0.987915
431	-0.984375	-0.989746
432	-0.980957	-0.988892
433	-0.985718	-0.992310
434	-0.980835	-0.989502
435	-0.986694	-0.993042
436	-0.982422	-0.990112
437	-0.984741	-0.990967
438	-0.980469	-0.987915
439	-0.982422	-0.990479
440	-0.982666	-0.989502
441	-0.980835	-0.986938
442	-0.980469	-0.986572
443	-0.985962	-0.992432
444	-0.982300	-0.989014
445	-0.975708	-0.983765
446	-0.980347	-0.987061
447	-0.980957	-0.989136
448	-0.982300	-0.990356
449	-0.983521	-0.990356
450	-0.985474	-0.992432
451	-0.988037	-0.993286
452	-0.984375	-0.990967
453	-0.980591	-0.986572
454	-0.983032	-0.989502
455	-0.981934	-0.989258
456	-0.975342	-0.983765
457	-0.982300	-0.986938
458	-0.984131	-0.991211
459	-0.980957	-0.987549
460	-0.981689	-0.989502
461	-0.980225	-0.988770
462	-0.984985	-0.991943
463	-0.978638	-0.988525
464	-0.986328	-0.991699
465	-0.982544	-0.988892
466	-0.982910	-0.990723
467	-0.980957	-0.987793
468	-0.982910	-0.989868
469	-0.981567	-0.987793
470	-0.982788	-0.990845
471	-0.980713	-0.988037
472	-0.985229	-0.991333
473	-0.982056	-0.989868
474	-0.978149	-0.986084
475	-0.984375	-0.990967
476	-0.985352	-0.992432
477	-0.983521	-0.990845
478	-0.978882	-0.988159
479	-0.985596	-0.991943
480	-0.984009	-0.991577
481	-0.982056	-0.988770
482	-0.975952	-0.982300
483	-0.979736	-0.987061
484	-0.983765	-0.990723
485	-0.978149	-0.987793
486	-0.984009	-0.990967
487	-0.982300	-0.990356
488	-0.984863	-0.991577
489	-0.980591	-0.989258
490	-0.983643	-0.991089
491	-0.984619	-0.991089
492	-0.981567	-0.989258
493	-0.984009	-0.991455
494	-0.980713	-0.989136
495	-0.979614	-0.988403
496	-0.982544	-0.990234
497	-0.984009	-0.988892
498	-0.976807	-0.984009
499	-0.983398	-0.988403
500	-0.979736	-0.988647
501	-0.983887	-0.991333
502	-0.986816	-0.992065
503	-0.985352	-0.991577
504	-0.984985	-0.992065
505	-0.983398	-0.990112
506	-0.983276	-0.990234
507	-0.977661	-0.985474
508	-0.984863	-0.990112
509	-0.986450	-0.992554
510	-0.979004	-0.987305
511	-0.979492	-0.988159
512	-0.981201	-0.988281
513	-0.983887	-0.989624
514	-0.979492	-0.988892
515	-0.983643	-0.990112
516	-0.984253	-0.991333
517	-0.983154	-0.990967
518	-0.982300	-0.987915
519	-0.986572	-0.992554
520	-0.981079	-0.988892
521	-0.981079	-0.989746
522	-0.979980	-0.988647
523	-0.983887	-0.990845
524	-0.984619	-0.991455
525	-0.980591	-0.986694
526	-0.983032	-0.989868
527	-0.979858	-0.988525
528	-0.983643	-0.988403
529	-0.976807	-0.986816
530	-0.984741	-0.991577
531	-0.982544	-0.989868
532	-0.980957	-0.987671
533	-0.977051	-0.986206
534	-0.981812	-0.987671
535	-0.981079	-0.989380
536	-0.979004	-0.987427
537	-0.984375	-0.991211
538	-0.982666	-0.989868
539	-0.982910	-0.990845
540	-0.981079	-0.988647
541	-0.983276	-0.990234
542	-0.984863	-0.991333
543	-0.981812	-0.989258
544	-0.984009	-0.990601
545	-0.982056	-0.989868
546	-0.982056	-0.988159
547	-0.982910	-0.990479
548	-0.987427	-0.993530
549	-0.977905	-0.985596
550	-0.980469	-0.986938
551	-0.979248	-0.988281
552	-0.982910	-0.990967
553	-0.985596	-0.992188
554	-0.984253	-0.990845
555	-0.984131	-0.991577
556	-0.983643	-0.990601
557	-0.980713	-0.989258
558	-0.979126	-0.988647
559	-0.983521	-0.989990
560	-0.983398	-0.990845
561	-0.983032	-0.989990
562	-0.979248	-0.987305
563	-0.981689	-0.988525
564	-0.985718	-0.991333
565	-0.975708	-0.986206
566	-0.981934	-0.989380
567	-0.985596	-0.991455
568	-0.983765	-0.991455
569	-0.984985	-0.992310
570	-0.983398	-0.990356
571	-0.982422	-0.989746
572	-0.983765	-0.990479
573	-0.974976	-0.984985
574	-0.975952	-0.986084
575	-0.981323	-0.989380
576	-0.981323	-0.989746
577	-0.981934	-0.989624
578	-0.976196	-0.986450
579	-0.980591	-0.987305
580	-0.973999	-0.984497
581	-0.982178	-0.989868
582	-0.984741	-0.991577
583	-0.982178	-0.988770
584	-0.980835	-0.989136
585	-0.984131	-0.991699
586	-0.979492	-0.988281
587	-0.983398	-0.990479
588	-0.983032	-0.989624
589	-0.980835	-0.988281
590	-0.979736	-0.987793
591	-0.980713	-0.988037
592	-0.980957	-0.987793
593	-0.984375	-0.991821
594	-0.981934	-0.989990
595	-0.985596	-0.990723
596	-0.977295	-0.984497
597	-0.985107	-0.992065
598	-0.982788	-0.990234
599	-0.983276	-0.990845
600	-0.980713	-0.988159
601	-0.985840	-0.991577
602	-0.979614	-0.989136
603	-0.980835	-0.988647
604	-0.981323	-0.987915
605	-0.985718	-0.992188
606	-0.977173	-0.986816
607	-0.977295	-0.985718
608	-0.980835	-0.987305
609	-0.980103	-0.987183
610	-0.986938	-0.993164
611	-0.985596	-0.992432
612	-0.984375	-0.991333
613	-0.982178	-0.989624
614	-0.984619	-0.992065
615	-0.983887	-0.991333
616	-0.976929	-0.986572
617	-0.984863	-0.991821
618	-0.981689	-0.988525
619	-0.984009	-0.990479
620	-0.981689	-0.987061
621	-0.981445	-0.989136
622	-0.983643	-0.991089
623	-0.984375	-0.990356
624	-0.982788	-0.990845
625	-0.980103	-0.987915
626	-0.983643	-0.989990
627	-0.985352	-0.991821
628	-0.980225	-0.988525
629	-0.977051	-0.986084
630	-0.986694	-0.991455
631	-0.978882	-0.986572
632	-0.980469	-0.987793
633	-0.982544	-0.990234
634	-0.981445	-0.987427
635	-0.977905	-0.986328
636	-0.982422	-0.990112
637	-0.982178	-0.990112
638	-0.981689	-0.989258
639	-0.980713	-0.989136
640	-0.984619	-0.990845
641	-0.984131	-0.990479
642	-0.982788	-0.989868
643	-0.984619	-0.990601
644	-0.986938	-0.992310
645	-0.982178	-0.989990
646	-0.980469	-0.985962
647	-0.983032	-0.989990
648	-0.981934	-0.989990
649	-0.983154	-0.989746
650	-0.979004	-0.987305
651	-0.984497	-0.991699
652	-0.984009	-0.989014
653	-0.981079	-0.989746
654	-0.983521	-0.991211
655	-0.981445	-0.987915
656	-0.983643	-0.989990
657	-0.981934	-0.989380
658	-0.979736	-0.987549
659	-0.982666	-0.988037
660	-0.982178	-0.990112
661	-0.978516	-0.988403
662	-0.982910	-0.989258
663	-0.981812	-0.989502
664	-0.983521	-0.990723
665	-0.981934	-0.989624
666	-0.978882	-0.988281
667	-0.983521	-0.990479
668	-0.981323	-0.989502
669	-0.983887	-0.990601
670	-0.980835	-0.989136
671	-0.980713	-0.987793
672	-0.985352	-0.991821
673	-0.983032	-0.989746
674	-0.982788	-0.988892
675	-0.983887	-0.990601
676	-0.978638	-0.987427
677	-0.983887	-0.991699
678	-0.986206	-0.990967
679	-0.978638	-0.986938
680	-0.979614	-0.986572
681	-0.979004	-0.987793
682	-0.982666	-0.990479
683	-0.979980	-0.989014
684	-0.981445	-0.989502
685	-0.981812	-0.989624
686	-0.980225	-0.987915
687	-0.984375	-0.989746
688	-0.980957	-0.988892
689	-0.985718	-0.992310
690	-0.980835	-0.989502
691	-0.986694	-0.993042
692	-0.982422	-0.990112
693	-0.984741	-0.990967
694	-0.980469	-0.987915
695	-0.982422	-0.990479
696	-0.982666	-0.989502
697	-0.980835	-0.986938
698	-0.980469	-0.986572
699	-0.985962	-0.992432
700	-0.982300	-0.989014
701	-0.975708	-0.983765
702	-0.980347	-0.987061
703	-0.980957	-0.989136
704	-0.982300	-0.990356
705	-0.983521	-0.990356
706	-0.985474	-0.992432
707	-0.988037	-0.993286
708	-0.984375	-0.990967
709	-0.980591	-0.986572
710	-0.983032	-0.989502
711	-0.981934	-0.989258
712	-0.975342	-0.983765
713	-0.982300	-0.986938
714	-0.984131	-0.991211
715	-0.980957	-0.987549
716	-0.981689	-0.989502
717	-0.980225	-0.988770
718	-0.984985	-0.991943
719	-0.978638	-0.988525
720	-0.986328	-0.991699
721	-0.982544	-0.988892
722	-0.982910	-0.990723
723	-0.980957	-0.987793
724	-0.982910	-0.989868
725	-0.981567	-0.987793
726	-0.982788	-0.990845
727	-0.980713	-0.988037
728	-0.985229	-0.991333
729	-0.982056	-0.989868
730	-0.978149	-0.986084
731	-0.984375	-0.990967
732	-0.985352	-0.992432
733	-0.983521	-0.990845
734	-0.978882	-0.988159
735	-0.985596	-0.991943
736	-0.984009	-0.991577
737	-0.982056	-0.988770
738	-0.975952	-0.982300
739	-0.979736	-0.987061
740	-0.983765	-0.990723
741	-0.978149	-0.987793
742	-0.984009	-0.990967
743	-0.982300	-0.990356
744	-0.984863	-0.991577
745	-0.980591	-0.989258
746	-0.983643	-0.991089
747	-0.984619	-0.991089
748	-0.981567	-0.989258
749	-0.984009	-0.991455
750	-0.980713	-0.989136
751	-0.979614	-0.988403
752	-0.982544	-0.990234
753	-0.984009	-0.988892
754	-0.976807	-0.984009
755	-0.983398	-0.988403
756	-0.979736	-0.988647
757	-0.983887	-0.991333
758	-0.986816	-0.992065
759	-0.985352	-0.991577
760	-0.984985	-0.992065
761	-0.983398	-0.990112
762	-0.983276	-0.990234
763	-0.977661	-0.985474
764	-0.984863	-0.990112
765	-0.986450	-0.992554
766	-0.979004	-0.987305
767	-0.979492	-0.988159
768	-0.981201	-0.988281
769	-0.983887	-0.989624
770	-0.979492	-0.988892
771	-0.983643	-0.990112
772	-0.984253	-0.991333
773	-0.983154	-0.990967
774	-0.982300	-0.987915
775	-0.986572	-0.992554
776	-0.981079	-0.988892
777	-0.981079	-0.989746
778	-0.979980	-0.988647
779	-0.983887	-0.990845
780	-0.984619	-0.991455
781	-0.980591	-0.986694
782	-0.983032	-0.989868
783	-0.979858	-0.988525
784	-0.983643	-0.988403
785	-0.976807	-0.986816
786	-0.984741	-0.991577
787	-0.982544	-0.989868
788	-0.980957	-0.987671
789	-0.977051	-0.986206
790	-0.981812	-0.987671
791	-0.981079	-0.989380
792	-0.979004	-0.987427
793	-0.984375	-0.991211
794	-0.982666	-0.989868
795	-0.982910	-0.990845
796	-0.981079	-0.988647
797	-0.983276	-0.990234
798	-0.984863	-0.991333
799	-0.981812	-0.989258
800	-0.984009	-0.990601
801	-0.982056	-0.989868
802	-0.982056	-0.988159
803	-0.982910	-0.990479
804	-0.987427	-0.993530
805	-0.977905	-0.985596
806	-0.980469	-0.986938
807	-0.979248	-0.988281
808	-0.982910	-0.990967
809	-0.985596	-0.992188
810	-0.984253	-0.990845
811	-0.984131	-0.991577
812	-0.983643	-0.990601
813	-0.980713	-0.989258
814	-0.979126	-0.988647
815	-0.983521	-0.989990
816	-0.983398	-0.990845
817	-0.983032	-0.989990
818	-0.979248	-0.987305
819	-0.981689	-0.988525
820	-0.985718	-0.991333
821	-0.975708	-0.986206
822	-0.981934	-0.989380
823	-0.985596	-0.991455
824	-0.983765	-0.991455
825	-0.984985	-0.992310
826	-0.983398	-0.990356
827	-0.982422	-0.989746
828	-0.983765	-0.990479
829	-0.974976	-0.984985
830	-0.975952	-0.986084
831	-0.981323	-0.989380
832	-0.981323	-0.989746
833	-0.981934	-0.989624
834	-0.976196	-0.986450
835	-0.980591	-0.987305
836	-0.973999	-0.984497
837	-0.982178	-0.989868
838	-0.984741	-0.991577
839	-0.982178	-0.988770
840	-0.980835	-0.989136
841	-0.984131	-0.991699
842	-0.979492	-0.988281
843	-0.983398	-0.990479
844	-0.983032	-0.989624
845	-0.980835	-0.988281
846	-0.979736	-0.987793
847	-0.980713	-0.988037
848	-0.980957	-0.987793
849	-0.984375	-0.991821
850	-0.981934	-0.989990
851	-0.985596	-0.990723
852	-0.977295	-0.984497
853	-0.985107	-0.992065
854	-0.982788	-0.990234
855	-0.983276	-0.990845
856	-0.980713	-0.988159
857	-0.985840	-0.991577
858	-0.979614	-0.989136
859	-0.980835	-0.988647
860	-0.981323	-0.987915
861	-0.985718	-0.992188
862	-0.977173	-0.986816
863	-0.977295	-0.985718
864	-0.980835	-0.987305
865	-0.980103	-0.987183
866	-0.986938	-0.993164
867	-0.985596	-0.992432
868	-0.984375	-0.991333
869	-0.982178	-0.989624
870	-0.984619	-0.992065
871	-0.983887	-0.991333
872	-0.976929	-0.986572
873	-0.984863	-0.991821
874	-0.981689	-0.988525
875	-0.984009	-0.990479
876	-0.981689	-0.987061
877	-0.981445	-0.989136
878	-0.983643	-0.991089
879	-0.984375	-0.990356
880	-0.982788	-0.990845
881	-0.980103	-0.987915
882	-0.983643	-0.989990
883	-0.985352	-0.991821
884	-0.980225	-0.988525
885	-0.977051	-0.986084
886	-0.986694	-0.991455
887	-0.978882	-0.986572
888	-0.980469	-0.987793
889	-0.982544	-0.990234
890	-0.981445	-0.987427
891	-0.977905	-0.986328
892	-0.982422	-0.990112
893	-0.982178	-0.990112
894	-0.981689	-0.989258
895	-0.980713	-0.989136
896	-0.984619	-0.990845
897	-0.984131	-0.990479
898	-0.982788	-0.989868
899	-0.984619	-0.990601
900	-0.986938	-0.992310
901	-0.982178	-0.989990
902	-0.980469	-0.985962
903	-0.983032	-0.989990
904	-0.981934	-0.989990
905	-0.983154	-0.989746
906	-0.979004	-0.987305
907	-0.984497	-0.991699
908	-0.984009	-0.989014
909	-0.981079	-0.989746
910	-0.983521	-0.991211
911	-0.981445	-0.987915
912	-0.983643	-0.989990
913	-0.981934	-0.989380
914	-0.979736	-0.987549
915	-0.982666	-0.988037
916	-0.982178	-0.990112
917	-0.978516	-0.988403
918	-0.982910	-0.989258
919	-0.981812	-0.989502
920	-0.983521	-0.990723
921	-0.981934	-0.989624
922	-0.978882	-0.988281
923	-0.983521	-0.990479
924	-0.981323	-0.989502
925	-0.983887	-0.990601
926	-0.980835	-0.989136
927	-0.980713	-0.987793
928	-0.985352	-0.991821
929	-0.983032	-0.989746
930	-0.982788	-0.988892
931	-0.983887	-0.990601
932	-0.978638	-0.987427
933	-0.983887	-0.991699
934	-0.986206	-0.990967
935	-0.978638	-0.986938
936	-0.979614	-0.986572
937	-0.979004	-0.987793
938	-0.982666	-0.990479
939	-0.979980	-0.989014
940	-0.981445	-0.989502
941	-0.981812	-0.989624
942	-0.980225	-0.987915
943	-0.984375	-0.989746
944	-0.980957	-0.988892
945	-0.985718	-0.992310
946	-0.980835	-0.989502
947	-0.986694	-0.993042
948	-0.982422	-0.990112
949	-0.984741	-0.990967
950	-0.980469	-0.987915
951	-0.982422	-0.990479
952	-0.982666	-0.989502
953	-0.980835	-0.986938
954	-0.980469	-0.986572
955	-0.985962	-0.992432
956	-0.982300	-0.989014
957	-0.975708	-0.983765
958	-0.980347	-0.987061
959	-0.980957	-0.989136
960	-0.982300	-0.990356
961	-0.983521	-0.990356
962	-0.985474	-0.992432
963	-0.988037	-0.993286
964	-0.984375	-0.990967
965	-0.980591	-0.986572
966	-0.983032	-0.989502
967	-0.981934	-0.989258
968	-0.975342	-0.983765
969	-0.982300	-0.986938
970	-0.984131	-0.991211
971	-0.980957	-0.987549
972	-0.981689	-0.989502
973	-0.980225	-0.988770
974	-0.984985	-0.991943
975	-0.978638	-0.988525
976	-0.986328	-0.991699
977	-0.982544	-0.988892
978	-0.982910	-0.990723
979	-0.980957	-0.987793
980	-0.982910	-0.989868
981	-0.981567	-0.987793
982	-0.982788	-0.990845
983	-0.980713	-0.988037
984	-0.985229	-0.991333
985	-0.982056	-0.989868
986	-0.978149	-0.986084
987	-0.984375	-0.990967
988	-0.985352	-0.992432
989	-0.983521	-0.990845
990	-0.978882	-0.988159
991	-0.985596	-0.991943
992	-0.984009	-0.991577
993	-0.982056	-0.988770
994	-0.975952	-0.982300
995	-0.979736	-0.987061
996	-0.983765	-0.990723
997	-0.978149	-0.987793
998	-0.984009	-0.990967
999	-0.982300	-0.990356
