0	-0.976563	-0.985962
1	-0.975586	-0.984375
2	-0.976318	-0.986816
3	-0.977173	-0.985474
4	-0.975464	-0.985352
5	-0.971313	-0.981567
6	-0.974854	-0.984375
7	-0.973877	-0.983887
8	-0.976685	-0.986450
9	-0.973022	-0.984131
10	-0.970459	-0.981567
11	-0.977295	-0.986328
12	-0.979248	-0.988892
13	-0.974487	-0.985107
14	-0.970459	-0.982422
15	-0.976196	-0.986450
16	-0.979492	-0.989136
17	-0.975342	-0.984741
18	-0.968262	-0.977173
19	-0.973145	-0.983154
20	-0.979370	-0.987549
21	-0.970215	-0.982056
22	-0.977661	-0.987427
23	-0.974243	-0.985718
24	-0.977661	-0.987183
25	-0.973633	-0.985107
26	-0.976074	-0.986572
27	-0.978638	-0.985840
28	-0.973755	-0.984009
29	-0.978271	-0.988159
30	-0.973511	-0.985107
31	-0.972168	-0.983887
32	-0.975830	-0.985352
33	-0.975708	-0.984253
34	-0.970459	-0.978027
35	-0.974121	-0.982056
36	-0.970581	-0.981201
37	-0.976318	-0.987183
38	-0.979126	-0.987549
39	-0.978271	-0.987183
40	-0.977905	-0.987793
41	-0.977295	-0.986816
42	-0.975464	-0.985229
43	-0.971191	-0.981812
44	-0.979614	-0.986572
45	-0.978394	-0.987305
46	-0.972046	-0.983521
47	-0.973389	-0.984863
48	-0.971191	-0.982666
49	-0.976563	-0.984863
50	-0.969727	-0.982056
51	-0.976563	-0.986084
52	-0.978027	-0.987061
53	-0.977173	-0.987671
54	-0.977295	-0.984497
55	-0.980713	-0.989380
56	-0.973267	-0.983765
57	-0.972412	-0.984253
58	-0.973877	-0.985107
59	-0.977051	-0.986572
60	-0.977661	-0.987305
61	-0.973389	-0.981445
62	-0.974976	-0.984375
63	-0.972656	-0.984253
64	-0.975830	-0.982056
65	-0.968506	-0.979004
66	-0.976929	-0.986816
67	-0.975830	-0.985596
68	-0.972900	-0.982788
69	-0.969971	-0.981323
70	-0.973999	-0.982910
71	-0.974487	-0.984741
72	-0.971313	-0.982666
73	-0.977661	-0.986816
74	-0.976685	-0.986206
75	-0.974609	-0.985718
76	-0.974854	-0.984863
77	-0.978149	-0.987305
78	-0.979248	-0.988159
79	-0.973633	-0.983398
80	-0.974976	-0.984619
81	-0.975220	-0.985840
82	-0.974731	-0.983887
83	-0.976685	-0.984375
84	-0.978027	-0.988037
85	-0.970459	-0.979370
86	-0.973511	-0.982666
87	-0.969360	-0.982422
88	-0.974365	-0.985962
89	-0.978271	-0.987915
90	-0.974609	-0.984131
91	-0.977539	-0.987671
92	-0.974609	-0.985229
93	-0.974365	-0.985229
94	-0.969849	-0.982666
95	-0.973389	-0.983643
96	-0.977661	-0.986694
97	-0.973877	-0.984131
98	-0.973877	-0.983643
99	-0.974121	-0.984131
100	-0.977661	-0.986206
101	-0.968384	-0.982178
102	-0.976196	-0.985962
103	-0.979614	-0.988037
104	-0.979126	-0.988403
105	-0.978394	-0.988403
106	-0.973633	-0.984741
107	-0.971436	-0.982178
108	-0.976074	-0.985474
109	-0.968140	-0.979858
110	-0.968018	-0.980225
111	-0.975098	-0.985107
112	-0.973633	-0.984619
113	-0.974365	-0.984253
114	-0.969482	-0.982666
115	-0.974731	-0.983032
116	-0.967041	-0.979004
117	-0.974731	-0.985107
118	-0.975708	-0.986328
119	-0.974854	-0.984497
120	-0.974854	-0.984863
121	-0.977295	-0.987305
122	-0.972778	-0.984009
123	-0.975342	-0.985718
124	-0.975708	-0.984619
125	-0.975342	-0.985107
126	-0.971680	-0.982422
127	-0.973511	-0.983398
128	-0.972778	-0.983276
129	-0.977783	-0.987549
130	-0.972778	-0.983765
131	-0.976807	-0.984619
132	-0.972046	-0.981079
133	-0.976196	-0.987183
134	-0.978638	-0.987671
135	-0.976074	-0.985596
136	-0.973755	-0.983643
137	-0.980225	-0.987793
138	-0.970825	-0.983765
139	-0.971313	-0.983154
140	-0.973633	-0.983032
141	-0.978882	-0.987793
142	-0.967773	-0.980591
143	-0.970581	-0.981689
144	-0.971558	-0.981567
145	-0.972168	-0.982788
146	-0.978149	-0.987427
147	-0.981079	-0.989990
148	-0.977539	-0.986328
149	-0.973999	-0.984253
150	-0.976440	-0.987305
151	-0.973022	-0.984985
152	-0.970703	-0.983032
153	-0.977051	-0.987427
154	-0.974976	-0.984619
155	-0.977417	-0.985840
156	-0.973511	-0.981201
157	-0.974487	-0.985352
158	-0.970459	-0.981812
159	-0.973755	-0.983887
160	-0.975952	-0.985718
161	-0.973267	-0.983521
162	-0.977173	-0.986450
163	-0.976074	-0.985962
164	-0.971802	-0.982666
165	-0.968018	-0.979858
166	-0.977539	-0.985840
167	-0.972656	-0.982422
168	-0.970947	-0.981812
169	-0.976807	-0.986572
170	-0.975220	-0.983521
171	-0.968262	-0.979370
172	-0.973633	-0.984741
173	-0.976196	-0.986572
174	-0.974731	-0.984863
175	-0.970947	-0.983154
176	-0.977539	-0.986938
177	-0.974854	-0.984131
178	-0.973145	-0.984253
179	-0.977539	-0.986572
180	-0.982422	-0.989868
181	-0.973999	-0.983398
182	-0.973877	-0.981812
183	-0.976929	-0.986450
184	-0.977661	-0.987305
185	-0.975830	-0.985474
186	-0.971924	-0.981934
187	-0.976074	-0.987061
188	-0.975952	-0.983032
189	-0.970459	-0.981323
190	-0.974487	-0.984863
191	-0.974976	-0.983154
192	-0.976807	-0.985718
193	-0.974243	-0.984741
194	-0.972412	-0.983398
195	-0.976440	-0.983276
196	-0.974976	-0.986084
197	-0.969116	-0.982666
198	-0.973755	-0.983154
199	-0.974609	-0.984985
200	-0.975220	-0.985107
201	-0.972656	-0.984497
202	-0.969727	-0.982178
203	-0.977417	-0.986450
204	-0.972534	-0.983643
205	-0.977173	-0.986450
206	-0.971191	-0.982666
207	-0.971802	-0.981445
208	-0.979492	-0.988281
209	-0.975708	-0.985596
210	-0.974854	-0.984131
211	-0.977905	-0.986084
212	-0.970337	-0.982422
213	-0.977905	-0.988037
214	-0.979858	-0.986694
215	-0.971191	-0.982544
216	-0.970215	-0.980347
217	-0.973633	-0.984253
218	-0.972656	-0.983643
219	-0.971313	-0.983276
220	-0.974365	-0.985229
221	-0.978271	-0.987549
222	-0.971680	-0.982666
223	-0.974609	-0.983276
224	-0.975098	-0.984741
225	-0.979004	-0.988281
226	-0.974121	-0.985229
227	-0.979126	-0.988770
228	-0.975586	-0.986450
229	-0.976318	-0.985474
230	-0.974609	-0.984009
231	-0.974731	-0.985962
232	-0.973633	-0.984497
233	-0.972168	-0.981323
234	-0.971069	-0.980835
235	-0.978638	-0.988281
236	-0.977173	-0.986084
237	-0.966431	-0.978638
238	-0.973999	-0.983765
239	-0.970947	-0.981934
240	-0.973511	-0.984253
241	-0.977295	-0.985596
242	-0.980225	-0.988525
243	-0.981201	-0.989136
244	-0.977417	-0.986816
245	-0.972412	-0.981934
246	-0.975708	-0.983643
247	-0.973145	-0.983643
248	-0.967773	-0.978516
249	-0.975342	-0.982056
250	-0.976929	-0.986084
251	-0.973877	-0.983643
252	-0.975830	-0.986084
253	-0.974121	-0.985474
254	-0.976196	-0.986328
255	-0.970703	-0.983643
256	-0.976563	-0.985962
257	-0.975586	-0.984375
258	-0.976318	-0.986816
259	-0.977173	-0.985474
260	-0.975464	-0.985352
261	-0.971313	-0.981567
262	-0.974854	-0.984375
263	-0.973877	-0.983887
264	-0.976685	-0.986450
265	-0.973022	-0.984131
266	-0.970459	-0.981567
267	-0.977295	-0.986328
268	-0.979248	-0.988892
269	-0.974487	-0.985107
270	-0.970459	-0.982422
271	-0.976196	-0.986450
272	-0.979492	-0.989136
273	-0.975342	-0.984741
274	-0.968262	-0.977173
275	-0.973145	-0.983154
276	-0.979370	-0.987549
277	-0.970215	-0.982056
278	-0.977661	-0.987427
279	-0.974243	-0.985718
280	-0.977661	-0.987183
281	-0.973633	-0.985107
282	-0.976074	-0.986572
283	-0.978638	-0.985840
284	-0.973755	-0.984009
285	-0.978271	-0.988159
286	-0.973511	-0.985107
287	-0.972168	-0.983887
288	-0.975830	-0.985352
289	-0.975708	-0.984253
290	-0.970459	-0.978027
291	-0.974121	-0.982056
292	-0.970581	-0.981201
293	-0.976318	-0.987183
294	-0.979126	-0.987549
295	-0.978271	-0.987183
296	-0.977905	-0.987793
297	-0.977295	-0.986816
298	-0.975464	-0.985229
299	-0.971191	-0.981812
300	-0.979614	-0.986572
301	-0.978394	-0.987305
302	-0.972046	-0.983521
303	-0.973389	-0.984863
304	-0.971191	-0.982666
305	-0.976563	-0.984863
306	-0.969727	-0.982056
307	-0.976563	-0.986084
308	-0.978027	-0.987061
309	-0.977173	-0.987671
310	-0.977295	-0.984497
311	-0.980713	-0.989380
312	-0.973267	-0.983765
313	-0.972412	-0.984253
314	-0.973877	-0.985107
315	-0.977051	-0.986572
316	-0.977661	-0.987305
317	-0.973389	-0.981445
318	-0.974976	-0.984375
319	-0.972656	-0.984253
320	-0.975830	-0.982056
321	-0.968506	-0.979004
322	-0.976929	-0.986816
323	-0.975830	-0.985596
324	-0.972900	-0.982788
325	-0.969971	-0.981323
326	-0.973999	-0.982910
327	-0.974487	-0.984741
328	-0.971313	-0.982666
329	-0.977661	-0.986816
330	-0.976685	-0.986206
331	-0.974609	-0.985718
332	-0.974854	-0.984863
333	-0.978149	-0.987305
334	-0.979248	-0.988159
335	-0.973633	-0.983398
336	-0.974976	-0.984619
337	-0.975220	-0.985840
338	-0.974731	-0.983887
339	-0.976685	-0.984375
340	-0.978027	-0.988037
341	-0.970459	-0.979370
342	-0.973511	-0.982666
343	-0.969360	-0.982422
344	-0.974365	-0.985962
345	-0.978271	-0.987915
346	-0.974609	-0.984131
347	-0.977539	-0.987671
348	-0.974609	-0.985229
349	-0.974365	-0.985229
350	-0.969849	-0.982666
351	-0.973389	-0.983643
352	-0.977661	-0.986694
353	-0.973877	-0.984131
354	-0.973877	-0.983643
355	-0.974121	-0.984131
356	-0.977661	-0.986206
357	-0.968384	-0.982178
358	-0.976196	-0.985962
359	-0.979614	-0.988037
360	-0.979126	-0.988403
361	-0.978394	-0.988403
362	-0.973633	-0.984741
363	-0.971436	-0.982178
364	-0.976074	-0.985474
365	-0.968140	-0.979858
366	-0.968018	-0.980225
367	-0.975098	-0.985107
368	-0.973633	-0.984619
369	-0.974365	-0.984253
370	-0.969482	-0.982666
371	-0.974731	-0.983032
372	-0.967041	-0.979004
373	-0.974731	-0.985107
374	-0.975708	-0.986328
375	-0.974854	-0.984497
376	-0.974854	-0.984863
377	-0.977295	-0.987305
378	-0.972778	-0.984009
379	-0.975342	-0.985718
380	-0.975708	-0.984619
381	-0.975342	-0.985107
382	-0.971680	-0.982422
383	-0.973511	-0.983398
384	-0.972778	-0.983276
385	-0.977783	-0.987549
386	-0.972778	-0.983765
387	-0.976807	-0.984619
388	-0.972046	-0.981079
389	-0.976196	-0.987183
390	-0.978638	-0.987671
391	-0.976074	-0.985596
392	-0.973755	-0.983643
393	-0.980225	-0.987793
394	-0.970825	-0.983765
395	-0.971313	-0.983154
396	-0.973633	-0.983032
397	-0.978882	-0.987793
398	-0.967773	-0.980591
399	-0.970581	-0.981689
400	-0.971558	-0.981567
401	-0.972168	-0.982788
402	-0.978149	-0.987427
403	-0.981079	-0.989990
404	-0.977539	-0.986328
405	-0.973999	-0.984253
406	-0.976440	-0.987305
407	-0.973022	-0.984985
408	-0.970703	-0.983032
409	-0.977051	-0.987427
410	-0.974976	-0.984619
411	-0.977417	-0.985840
412	-0.973511	-0.981201
413	-0.974487	-0.985352
414	-0.970459	-0.981812
415	-0.973755	-0.983887
416	-0.975952	-0.985718
417	-0.973267	-0.983521
418	-0.977173	-0.986450
419	-0.976074	-0.985962
420	-0.971802	-0.982666
421	-0.968018	-0.979858
422	-0.977539	-0.985840
423	-0.972656	-0.982422
424	-0.970947	-0.981812
425	-0.976807	-0.986572
426	-0.975220	-0.983521
427	-0.968262	-0.979370
428	-0.973633	-0.984741
429	-0.976196	-0.986572
430	-0.974731	-0.984863
431	-0.970947	-0.983154
432	-0.977539	-0.986938
433	-0.974854	-0.984131
434	-0.973145	-0.984253
435	-0.977539	-0.986572
436	-0.982422	-0.989868
437	-0.973999	-0.983398
438	-0.973877	-0.981812
439	-0.976929	-0.986450
440	-0.977661	-0.987305
441	-0.975830	-0.985474
442	-0.971924	-0.981934
443	-0.976074	-0.987061
444	-0.975952	-0.983032
445	-0.970459	-0.981323
446	-0.974487	-0.984863
447	-0.974976	-0.983154
448	-0.976807	-0.985718
449	-0.974243	-0.984741
450	-0.972412	-0.983398
451	-0.976440	-0.983276
452	-0.974976	-0.986084
453	-0.969116	-0.982666
454	-0.973755	-0.983154
455	-0.974609	-0.984985
456	-0.975220	-0.985107
457	-0.972656	-0.984497
458	-0.969727	-0.982178
459	-0.977417	-0.986450
460	-0.972534	-0.983643
461	-0.977173	-0.986450
462	-0.971191	-0.982666
463	-0.971802	-0.981445
464	-0.979492	-0.988281
465	-0.975708	-0.985596
466	-0.974854	-0.984131
467	-0.977905	-0.986084
468	-0.970337	-0.982422
469	-0.977905	-0.988037
470	-0.979858	-0.986694
471	-0.971191	-0.982544
472	-0.970215	-0.980347
473	-0.973633	-0.984253
474	-0.972656	-0.983643
475	-0.971313	-0.983276
476	-0.974365	-0.985229
477	-0.978271	-0.987549
478	-0.971680	-0.982666
479	-0.974609	-0.983276
480	-0.975098	-0.984741
481	-0.979004	-0.988281
482	-0.974121	-0.985229
483	-0.979126	-0.988770
484	-0.975586	-0.986450
485	-0.976318	-0.985474
486	-0.974609	-0.984009
487	-0.974731	-0.985962
488	-0.973633	-0.984497
489	-0.972168	-0.981323
490	-0.971069	-0.980835
491	-0.978638	-0.988281
492	-0.977173	-0.986084
493	-0.966431	-0.978638
494	-0.973999	-0.983765
495	-0.970947	-0.981934
496	-0.973511	-0.984253
497	-0.977295	-0.985596
498	-0.980225	-0.988525
499	-0.981201	-0.989136
500	-0.977417	-0.986816
501	-0.972412	-0.981934
502	-0.975708	-0.983643
503	-0.973145	-0.983643
504	-0.967773	-0.978516
505	-0.975342	-0.982056
506	-0.976929	-0.986084
507	-0.973877	-0.983643
508	-0.975830	-0.986084
509	-0.974121	-0.985474
510	-0.976196	-0.986328
511	-0.970703	-0.983643
512	-0.976563	-0.985962
513	-0.975586	-0.984375
514	-0.976318	-0.986816
515	-0.977173	-0.985474
516	-0.975464	-0.985352
517	-0.971313	-0.981567
518	-0.974854	-0.984375
519	-0.973877	-0.983887
520	-0.976685	-0.986450
521	-0.973022	-0.984131
522	-0.970459	-0.981567
523	-0.977295	-0.986328
524	-0.979248	-0.988892
525	-0.974487	-0.985107
526	-0.970459	-0.982422
527	-0.976196	-0.986450
528	-0.979492	-0.989136
529	-0.975342	-0.984741
530	-0.968262	-0.977173
531	-0.973145	-0.983154
532	-0.979370	-0.987549
533	-0.970215	-0.982056
534	-0.977661	-0.987427
535	-0.974243	-0.985718
536	-0.977661	-0.987183
537	-0.973633	-0.985107
538	-0.976074	-0.986572
539	-0.978638	-0.985840
540	-0.973755	-0.984009
541	-0.978271	-0.988159
542	-0.973511	-0.985107
543	-0.972168	-0.983887
544	-0.975830	-0.985352
545	-0.975708	-0.984253
546	-0.970459	-0.978027
547	-0.974121	-0.982056
548	-0.970581	-0.981201
549	-0.976318	-0.987183
550	-0.979126	-0.987549
551	-0.978271	-0.987183
552	-0.977905	-0.987793
553	-0.977295	-0.986816
554	-0.975464	-0.985229
555	-0.971191	-0.981812
556	-0.979614	-0.986572
557	-0.978394	-0.987305
558	-0.972046	-0.983521
559	-0.973389	-0.984863
560	-0.971191	-0.982666
561	-0.976563	-0.984863
562	-0.969727	-0.982056
563	-0.976563	-0.986084
564	-0.978027	-0.987061
565	-0.977173	-0.987671
566	-0.977295	-0.984497
567	-0.980713	-0.989380
568	-0.973267	-0.983765
569	-0.972412	-0.984253
570	-0.973877	-0.985107
571	-0.977051	-0.986572
572	-0.977661	-0.987305
573	-0.973389	-0.981445
574	-0.974976	-0.984375
575	-0.972656	-0.984253
576	-0.975830	-0.982056
577	-0.968506	-0.979004
578	-0.976929	-0.986816
579	-0.975830	-0.985596
580	-0.972900	-0.982788
581	-0.969971	-0.981323
582	-0.973999	-0.982910
583	-0.974487	-0.984741
584	-0.971313	-0.982666
585	-0.977661	-0.986816
586	-0.976685	-0.986206
587	-0.974609	-0.985718
588	-0.974854	-0.984863
589	-0.978149	-0.987305
590	-0.979248	-0.988159
591	-0.973633	-0.983398
592	-0.974976	-0.984619
593	-0.975220	-0.985840
594	-0.974731	-0.983887
595	-0.976685	-0.984375
596	-0.978027	-0.988037
597	-0.970459	-0.979370
598	-0.973511	-0.982666
599	-0.969360	-0.982422
600	-0.974365	-0.985962
601	-0.978271	-0.987915
602	-0.974609	-0.984131
603	-0.977539	-0.987671
604	-0.974609	-0.985229
605	-0.974365	-0.985229
606	-0.969849	-0.982666
607	-0.973389	-0.983643
608	-0.977661	-0.986694
609	-0.973877	-0.984131
610	-0.973877	-0.983643
611	-0.974121	-0.984131
612	-0.977661	-0.986206
613	-0.968384	-0.982178
614	-0.976196	-0.985962
615	-0.979614	-0.988037
616	-0.979126	-0.988403
617	-0.978394	-0.988403
618	-0.973633	-0.984741
619	-0.971436	-0.982178
620	-0.976074	-0.985474
621	-0.968140	-0.979858
622	-0.968018	-0.980225
623	-0.975098	-0.985107
624	-0.973633	-0.984619
625	-0.974365	-0.984253
626	-0.969482	-0.982666
627	-0.974731	-0.983032
628	-0.967041	-0.979004
629	-0.974731	-0.985107
630	-0.975708	-0.986328
631	-0.974854	-0.984497
632	-0.974854	-0.984863
633	-0.977295	-0.987305
634	-0.972778	-0.984009
635	-0.975342	-0.985718
636	-0.975708	-0.984619
637	-0.975342	-0.985107
638	-0.971680	-0.982422
639	-0.973511	-0.983398
640	-0.972778	-0.983276
641	-0.977783	-0.987549
642	-0.972778	-0.983765
643	-0.976807	-0.984619
644	-0.972046	-0.981079
645	-0.976196	-0.987183
646	-0.978638	-0.987671
647	-0.976074	-0.985596
648	-0.973755	-0.983643
649	-0.980225	-0.987793
650	-0.970825	-0.983765
651	-0.971313	-0.983154
652	-0.973633	-0.983032
653	-0.978882	-0.987793
654	-0.967773	-0.980591
655	-0.970581	-0.981689
656	-0.971558	-0.981567
657	-0.972168	-0.982788
658	-0.978149	-0.987427
659	-0.981079	-0.989990
660	-0.977539	-0.986328
661	-0.973999	-0.984253
662	-0.976440	-0.987305
663	-0.973022	-0.984985
664	-0.970703	-0.983032
665	-0.977051	-0.987427
666	-0.974976	-0.984619
667	-0.977417	-0.985840
668	-0.973511	-0.981201
669	-0.974487	-0.985352
670	-0.970459	-0.981812
671	-0.973755	-0.983887
672	-0.975952	-0.985718
673	-0.973267	-0.983521
674	-0.977173	-0.986450
675	-0.976074	-0.985962
676	-0.971802	-0.982666
677	-0.968018	-0.979858
678	-0.977539	-0.985840
679	-0.972656	-0.982422
680	-0.970947	-0.981812
681	-0.976807	-0.986572
682	-0.975220	-0.983521
683	-0.968262	-0.979370
684	-0.973633	-0.984741
685	-0.976196	-0.986572
686	-0.974731	-0.984863
687	-0.970947	-0.983154
688	-0.977539	-0.986938
689	-0.974854	-0.984131
690	-0.973145	-0.984253
691	-0.977539	-0.986572
692	-0.982422	-0.989868
693	-0.973999	-0.983398
694	-0.973877	-0.981812
695	-0.976929	-0.986450
696	-0.977661	-0.987305
697	-0.975830	-0.985474
698	-0.971924	-0.981934
699	-0.976074	-0.987061
700	-0.975952	-0.983032
701	-0.970459	-0.981323
702	-0.974487	-0.984863
703	-0.974976	-0.983154
704	-0.976807	-0.985718
705	-0.974243	-0.984741
706	-0.972412	-0.983398
707	-0.976440	-0.983276
708	-0.974976	-0.986084
709	-0.969116	-0.982666
710	-0.973755	-0.983154
711	-0.974609	-0.984985
712	-0.975220	-0.985107
713	-0.972656	-0.984497
714	-0.969727	-0.982178
715	-0.977417	-0.986450
716	-0.972534	-0.983643
717	-0.977173	-0.986450
718	-0.971191	-0.982666
719	-0.971802	-0.981445
720	-0.979492	-0.988281
721	-0.975708	-0.985596
722	-0.974854	-0.984131
723	-0.977905	-0.986084
724	-0.970337	-0.982422
725	-0.977905	-0.988037
726	-0.979858	-0.986694
727	-0.971191	-0.982544
728	-0.970215	-0.980347
729	-0.973633	-0.984253
730	-0.972656	-0.983643
731	-0.971313	-0.983276
732	-0.974365	-0.985229
733	-0.978271	-0.987549
734	-0.971680	-0.982666
735	-0.974609	-0.983276
736	-0.975098	-0.984741
737	-0.979004	-0.988281
738	-0.974121	-0.985229
739	-0.979126	-0.988770
740	-0.975586	-0.986450
741	-0.976318	-0.985474
742	-0.974609	-0.984009
743	-0.974731	-0.985962
744	-0.973633	-0.984497
745	-0.972168	-0.981323
746	-0.971069	-0.980835
747	-0.978638	-0.988281
748	-0.977173	-0.986084
749	-0.966431	-0.978638
750	-0.973999	-0.983765
751	-0.970947	-0.981934
752	-0.973511	-0.984253
753	-0.977295	-0.985596
754	-0.980225	-0.988525
755	-0.981201	-0.989136
756	-0.977417	-0.986816
757	-0.972412	-0.981934
758	-0.975708	-0.983643
759	-0.973145	-0.983643
760	-0.967773	-0.978516
761	-0.975342	-0.982056
762	-0.976929	-0.986084
763	-0.973877	-0.983643
764	-0.975830	-0.986084
765	-0.974121	-0.985474
766	-0.976196	-0.986328
767	-0.970703	-0.983643
768	-0.976563	-0.985962
769	-0.975586	-0.984375
770	-0.976318	-0.986816
771	-0.977173	-0.985474
772	-0.975464	-0.985352
773	-0.971313	-0.981567
774	-0.974854	-0.984375
775	-0.973877	-0.983887
776	-0.976685	-0.986450
777	-0.973022	-0.984131
778	-0.970459	-0.981567
779	-0.977295	-0.986328
780	-0.979248	-0.988892
781	-0.974487	-0.985107
782	-0.970459	-0.982422
783	-0.976196	-0.986450
784	-0.979492	-0.989136
785	-0.975342	-0.984741
786	-0.968262	-0.977173
787	-0.973145	-0.983154
788	-0.979370	-0.987549
789	-0.970215	-0.982056
790	-0.977661	-0.987427
791	-0.974243	-0.985718
792	-0.977661	-0.987183
793	-0.973633	-0.985107
794	-0.976074	-0.986572
795	-0.978638	-0.985840
796	-0.973755	-0.984009
797	-0.978271	-0.988159
798	-0.973511	-0.985107
799	-0.972168	-0.983887
800	-0.975830	-0.985352
801	-0.975708	-0.984253
802	-0.970459	-0.978027
803	-0.974121	-0.982056
804	-0.970581	-0.981201
805	-0.976318	-0.987183
806	-0.979126	-0.987549
807	-0.978271	-0.987183
808	-0.977905	-0.987793
809	-0.977295	-0.986816
810	-0.975464	-0.985229
811	-0.971191	-0.981812
812	-0.979614	-0.986572
813	-0.978394	-0.987305
814	-0.972046	-0.983521
815	-0.973389	-0.984863
816	-0.971191	-0.982666
817	-0.976563	-0.984863
818	-0.969727	-0.982056
819	-0.976563	-0.986084
820	-0.978027	-0.987061
821	-0.977173	-0.987671
822	-0.977295	-0.984497
823	-0.980713	-0.989380
824	-0.973267	-0.983765
825	-0.972412	-0.984253
826	-0.973877	-0.985107
827	-0.977051	-0.986572
828	-0.977661	-0.987305
829	-0.973389	-0.981445
830	-0.974976	-0.984375
831	-0.972656	-0.984253
832	-0.975830	-0.982056
833	-0.968506	-0.979004
834	-0.976929	-0.986816
835	-0.975830	-0.985596
836	-0.972900	-0.982788
837	-0.969971	-0.981323
838	-0.973999	-0.982910
839	-0.974487	-0.984741
840	-0.971313	-0.982666
841	-0.977661	-0.986816
842	-0.976685	-0.986206
843	-0.974609	-0.985718
844	-0.974854	-0.984863
845	-0.978149	-0.987305
846	-0.979248	-0.988159
847	-0.973633	-0.983398
848	-0.974976	-0.984619
849	-0.975220	-0.985840
850	-0.974731	-0.983887
851	-0.976685	-0.984375
852	-0.978027	-0.988037
853	-0.970459	-0.979370
854	-0.973511	-0.982666
855	-0.969360	-0.982422
856	-0.974365	-0.985962
857	-0.978271	-0.987915
858	-0.974609	-0.984131
859	-0.977539	-0.987671
860	-0.974609	-0.985229
861	-0.974365	-0.985229
862	-0.969849	-0.982666
863	-0.973389	-0.983643
864	-0.977661	-0.986694
865	-0.973877	-0.984131
866	-0.973877	-0.983643
867	-0.974121	-0.984131
868	-0.977661	-0.986206
869	-0.968384	-0.982178
870	-0.976196	-0.985962
871	-0.979614	-0.988037
872	-0.979126	-0.988403
873	-0.978394	-0.988403
874	-0.973633	-0.984741
875	-0.971436	-0.982178
876	-0.976074	-0.985474
877	-0.968140	-0.979858
878	-0.968018	-0.980225
879	-0.975098	-0.985107
880	-0.973633	-0.984619
881	-0.974365	-0.984253
882	-0.969482	-0.982666
883	-0.974731	-0.983032
884	-0.967041	-0.979004
885	-0.974731	-0.985107
886	-0.975708	-0.986328
887	-0.974854	-0.984497
888	-0.974854	-0.984863
889	-0.977295	-0.987305
890	-0.972778	-0.984009
891	-0.975342	-0.985718
892	-0.975708	-0.984619
893	-0.975342	-0.985107
894	-0.971680	-0.982422
895	-0.973511	-0.983398
896	-0.972778	-0.983276
897	-0.977783	-0.987549
898	-0.972778	-0.983765
899	-0.976807	-0.984619
900	-0.972046	-0.981079
901	-0.976196	-0.987183
902	-0.978638	-0.987671
903	-0.976074	-0.985596
904	-0.973755	-0.983643
905	-0.980225	-0.987793
906	-0.970825	-0.983765
907	-0.971313	-0.983154
908	-0.973633	-0.983032
909	-0.978882	-0.987793
910	-0.967773	-0.980591
911	-0.970581	-0.981689
912	-0.971558	-0.981567
913	-0.972168	-0.982788
914	-0.978149	-0.987427
915	-0.981079	-0.989990
916	-0.977539	-0.986328
917	-0.973999	-0.984253
918	-0.976440	-0.987305
919	-0.973022	-0.984985
920	-0.970703	-0.983032
921	-0.977051	-0.987427
922	-0.974976	-0.984619
923	-0.977417	-0.985840
924	-0.973511	-0.981201
925	-0.974487	-0.985352
926	-0.970459	-0.981812
927	-0.973755	-0.983887
928	-0.975952	-0.985718
929	-0.973267	-0.983521
930	-0.977173	-0.986450
931	-0.976074	-0.985962
932	-0.971802	-0.982666
933	-0.968018	-0.979858
934	-0.977539	-0.985840
935	-0.972656	-0.982422
936	-0.970947	-0.981812
937	-0.976807	-0.986572
938	-0.975220	-0.983521
939	-0.968262	-0.979370
940	-0.973633	-0.984741
941	-0.976196	-0.986572
942	-0.974731	-0.984863
943	-0.970947	-0.983154
944	-0.977539	-0.986938
945	-0.974854	-0.984131
946	-0.973145	-0.984253
947	-0.977539	-0.986572
948	-0.982422	-0.989868
949	-0.973999	-0.983398
950	-0.973877	-0.981812
951	-0.976929	-0.986450
952	-0.977661	-0.987305
953	-0.975830	-0.985474
954	-0.971924	-0.981934
955	-0.976074	-0.987061
956	-0.975952	-0.983032
957	-0.970459	-0.981323
958	-0.974487	-0.984863
959	-0.974976	-0.983154
960	-0.976807	-0.985718
961	-0.974243	-0.984741
962	-0.972412	-0.983398
963	-0.976440	-0.983276
964	-0.974976	-0.986084
965	-0.969116	-0.982666
966	-0.973755	-0.983154
967	-0.974609	-0.984985
968	-0.975220	-0.985107
969	-0.972656	-0.984497
970	-0.969727	-0.982178
971	-0.977417	-0.986450
972	-0.972534	-0.983643
973	-0.977173	-0.986450
974	-0.971191	-0.982666
975	-0.971802	-0.981445
976	-0.979492	-0.988281
977	-0.975708	-0.985596
978	-0.974854	-0.984131
979	-0.977905	-0.986084
980	-0.970337	-0.982422
981	-0.977905	-0.988037
982	-0.979858	-0.986694
983	-0.971191	-0.982544
984	-0.970215	-0.980347
985	-0.973633	-0.984253
986	-0.972656	-0.983643
987	-0.971313	-0.983276
988	-0.974365	-0.985229
989	-0.978271	-0.987549
990	-0.971680	-0.982666
991	-0.974609	-0.983276
992	-0.975098	-0.984741
993	-0.979004	-0.988281
994	-0.974121	-0.985229
995	-0.979126	-0.988770
996	-0.975586	-0.986450
997	-0.976318	-0.985474
998	-0.974609	-0.984009
999	-0.974731	-0.985962
