0	-0.136597	0.016479
1	-0.138184	-0.005005
2	-0.136353	0.016602
3	-0.132446	0.011230
4	-0.134521	-0.000732
5	-0.133057	0.000854
6	-0.146973	0.002808
7	-0.125000	0.019165
8	-0.143188	-0.004028
9	-0.144531	-0.010864
10	-0.132202	0.001465
11	-0.128174	0.003174
12	-0.136475	-0.001831
13	-0.139648	-0.009644
14	-0.145020	-0.017822
15	-0.144287	-0.002319
16	-0.137573	0.001831
17	-0.129272	0.007202
18	-0.138672	0.009277
19	-0.133789	0.007813
20	-0.128174	0.001221
21	-0.146362	0.000488
22	-0.139771	0.009033
23	-0.139282	-0.012939
24	-0.132324	-0.007813
25	-0.136841	0.015381
26	-0.137085	0.003174
27	-0.149048	-0.005127
28	-0.142578	0.010742
29	-0.131714	0.008667
30	-0.151489	0.012573
31	-0.135254	-0.001587
32	-0.128174	-0.001587
33	-0.130859	0.014404
34	-0.144165	0.011963
35	-0.135864	-0.006958
36	-0.141724	0.001709
37	-0.137329	0.002686
38	-0.122925	-0.001953
39	-0.130615	0.002319
40	-0.132202	-0.019897
41	-0.132935	-0.003296
42	-0.144165	-0.013428
43	-0.138428	0.008301
44	-0.140137	0.018066
45	-0.137817	0.004761
46	-0.138916	0.020142
47	-0.130249	-0.002808
48	-0.132202	-0.008301
49	-0.139404	-0.004395
50	-0.130615	-0.008301
51	-0.133423	0.002441
52	-0.136108	0.009033
53	-0.137817	-0.026611
54	-0.134399	0.004883
55	-0.135498	0.007202
56	-0.143066	0.001221
57	-0.135376	0.002808
58	-0.142090	0.006592
59	-0.139526	0.000366
60	-0.136841	-0.002808
61	-0.136963	0.007446
62	-0.138184	-0.001221
63	-0.140869	-0.008789
64	-0.133911	-0.018311
65	-0.136719	-0.019287
66	-0.137817	0.018921
67	-0.131470	-0.000366
68	-0.124512	0.000732
69	-0.130615	-0.009033
70	-0.125854	0.004883
71	-0.144287	-0.017456
72	-0.134033	-0.019165
73	-0.129639	-0.000366
74	-0.139160	-0.011963
75	-0.134277	-0.005737
76	-0.130859	0.013672
77	-0.142700	0.001587
78	-0.136230	0.009155
79	-0.135132	0.000366
80	-0.125000	0.004028
81	-0.129761	-0.022827
82	-0.134033	-0.006958
83	-0.136597	-0.002808
84	-0.129761	0.029785
85	-0.123169	-0.004272
86	-0.128662	0.004150
87	-0.142456	0.008179
88	-0.142334	-0.013672
89	-0.128052	-0.002197
90	-0.145874	0.003784
91	-0.124023	0.000244
92	-0.142456	-0.008301
93	-0.139160	-0.009644
94	-0.141357	0.009033
95	-0.141357	0.006714
96	-0.145630	0.000854
97	-0.145996	0.017578
98	-0.141357	-0.021118
99	-0.140015	-0.008423
100	-0.146362	0.002319
101	-0.138672	-0.011963
102	-0.126831	0.001099
103	-0.133423	-0.000854
104	-0.136108	-0.003296
105	-0.138794	0.007813
106	-0.133667	-0.006470
107	-0.129761	0.007324
108	-0.132324	-0.009277
109	-0.139648	-0.006714
110	-0.129272	-0.006104
111	-0.135254	0.023560
112	-0.139038	-0.004028
113	-0.146973	-0.005493
114	-0.135254	-0.010864
115	-0.140503	-0.013306
116	-0.146973	0.035034
117	-0.143311	-0.013916
118	-0.131348	-0.017334
119	-0.130127	-0.018311
120	-0.136841	-0.013916
121	-0.133545	0.021851
122	-0.146484	-0.002563
123	-0.133301	-0.003540
124	-0.142822	0.013306
125	-0.133545	0.011841
126	-0.138672	0.015137
127	-0.130737	0.012817
128	-0.142822	0.015503
129	-0.139526	-0.002563
130	-0.148560	-0.008667
131	-0.137085	0.007324
132	-0.145508	-0.003052
133	-0.131470	-0.002808
134	-0.134888	0.002563
135	-0.140015	-0.005981
136	-0.141235	-0.013306
137	-0.131958	0.007446
138	-0.144897	0.015503
139	-0.140747	0.019287
140	-0.143555	0.017212
141	-0.139038	-0.001709
142	-0.136230	-0.009521
143	-0.141602	0.021729
144	-0.139648	0.005859
145	-0.127441	-0.012573
146	-0.126709	0.010986
147	-0.141113	-0.002319
148	-0.136108	-0.002686
149	-0.140137	0.001465
150	-0.130493	-0.001587
151	-0.145020	-0.008789
152	-0.133789	0.007446
153	-0.146851	-0.010620
154	-0.136108	-0.010376
155	-0.139893	0.019897
156	-0.131958	-0.001709
157	-0.144165	-0.003174
158	-0.149292	0.008179
159	-0.137695	-0.007935
160	-0.142944	0.005371
161	-0.129150	-0.009399
162	-0.134521	0.003418
163	-0.143799	0.003540
164	-0.131348	-0.009766
165	-0.140625	0.019287
166	-0.145508	0.019531
167	-0.133423	0.021973
168	-0.133667	0.007324
169	-0.156250	-0.009644
170	-0.133423	-0.008301
171	-0.138428	-0.010620
172	-0.143921	0.021729
173	-0.131104	-0.008301
174	-0.135254	-0.009521
175	-0.134155	0.001465
176	-0.138672	-0.009277
177	-0.129761	-0.010376
178	-0.118774	-0.021240
179	-0.137695	-0.002441
180	-0.133667	-0.002319
181	-0.137207	0.026367
182	-0.149780	0.017944
183	-0.140747	0.002319
184	-0.131470	0.000488
185	-0.139404	-0.005615
186	-0.139160	-0.008545
187	-0.143921	0.001343
188	-0.142700	0.018188
189	-0.147339	0.005615
190	-0.130005	-0.007813
191	-0.136353	0.011108
192	-0.139893	-0.023315
193	-0.133911	0.000610
194	-0.138428	0.011353
195	-0.130249	0.001343
196	-0.134033	0.003174
197	-0.137085	0.018066
198	-0.142090	0.003540
199	-0.135742	-0.004150
200	-0.141968	0.000610
201	-0.138794	-0.003662
202	-0.130127	0.000732
203	-0.135254	-0.004150
204	-0.142090	0.000000
205	-0.139038	0.010986
206	-0.132813	0.007568
207	-0.149658	0.009033
208	-0.147705	0.015137
209	-0.131958	-0.008179
210	-0.146973	0.001953
211	-0.133789	0.012695
212	-0.124268	-0.001953
213	-0.145386	-0.012939
214	-0.136841	-0.004883
215	-0.136353	0.023071
216	-0.140991	0.001953
217	-0.139893	-0.001587
218	-0.131348	0.006958
219	-0.141357	0.011230
220	-0.146118	0.017334
221	-0.137085	-0.012085
222	-0.136597	0.007202
223	-0.136719	-0.000977
224	-0.135254	-0.008545
225	-0.119995	-0.007446
226	-0.139893	0.004883
227	-0.137207	-0.025635
228	-0.143555	-0.037354
229	-0.137817	0.010010
230	-0.132324	0.007080
231	-0.139771	-0.012817
232	-0.138672	0.015991
233	-0.141968	-0.002563
234	-0.128906	0.008545
235	-0.137817	-0.012573
236	-0.149536	0.028687
237	-0.133423	-0.000732
238	-0.133301	-0.019775
239	-0.141235	0.021606
240	-0.150757	0.014404
241	-0.136841	-0.017822
242	-0.147461	0.020142
243	-0.134766	-0.001709
244	-0.141846	0.005981
245	-0.134399	-0.001221
246	-0.136597	-0.003174
247	-0.130005	-0.006836
248	-0.138062	-0.016602
249	-0.135254	-0.001099
250	-0.123779	-0.003052
251	-0.129395	0.007080
252	-0.136841	0.010010
253	-0.146118	0.025024
254	-0.134399	-0.010986
255	-0.138672	-0.025513
256	-0.137329	-0.004395
257	-0.130493	0.005371
258	-0.142334	0.000854
259	-0.135132	-0.015991
260	-0.131836	-0.010010
261	-0.137573	-0.005005
262	-0.133301	-0.001953
263	-0.132935	-0.010620
264	-0.135620	-0.011230
265	-0.134521	-0.008911
266	-0.135742	0.009399
267	-0.140625	0.002197
268	-0.133545	-0.009277
269	-0.132080	-0.021484
270	-0.137451	-0.014282
271	-0.133911	-0.005371
272	-0.139771	0.018066
273	-0.154663	-0.004639
274	-0.148682	0.018555
275	-0.144409	0.000244
276	-0.129761	0.008301
277	-0.132080	0.019409
278	-0.141846	-0.008789
279	-0.148560	0.001221
280	-0.136108	-0.000366
281	-0.131836	-0.006958
282	-0.129517	-0.008789
283	-0.143677	-0.016357
284	-0.141846	0.004883
285	-0.127197	0.003662
286	-0.136597	-0.001221
287	-0.131958	0.018555
288	-0.139648	-0.005493
289	-0.133789	-0.005249
290	-0.135376	0.007080
291	-0.141968	-0.002563
292	-0.143677	-0.005127
293	-0.152954	-0.007690
294	-0.138428	-0.000488
295	-0.131836	-0.010742
296	-0.138428	-0.007324
297	-0.134155	0.006104
298	-0.128296	-0.007080
299	-0.135986	-0.022583
300	-0.130859	0.020874
301	-0.133667	0.010010
302	-0.144287	-0.005371
303	-0.141968	0.016602
304	-0.133179	-0.012573
305	-0.130615	0.014404
306	-0.132568	0.004150
307	-0.145020	-0.003418
308	-0.143066	0.002319
309	-0.141602	0.008789
310	-0.143066	0.000977
311	-0.138428	-0.012329
312	-0.138428	0.017578
313	-0.136230	-0.024780
314	-0.140747	0.006958
315	-0.138672	-0.015991
316	-0.142700	-0.003906
317	-0.148804	-0.005127
318	-0.141113	0.003662
319	-0.124512	-0.018555
320	-0.138306	0.025391
321	-0.131836	0.006104
322	-0.146118	-0.004150
323	-0.137085	0.005249
324	-0.136719	0.013550
325	-0.132446	0.013428
326	-0.130981	-0.007568
327	-0.133789	-0.002319
328	-0.130493	-0.008789
329	-0.140625	-0.004395
330	-0.137329	-0.002808
331	-0.130737	-0.000610
332	-0.133301	-0.001953
333	-0.134155	0.012939
334	-0.129028	0.017822
335	-0.127075	-0.004150
336	-0.137451	-0.020264
337	-0.142456	-0.032837
338	-0.135620	-0.024414
339	-0.136597	0.003296
340	-0.146118	0.006836
341	-0.140625	-0.013794
342	-0.122192	0.002930
343	-0.141357	0.000488
344	-0.138672	0.000244
345	-0.130005	0.001343
346	-0.128906	-0.020508
347	-0.138550	0.021118
348	-0.137695	-0.000854
349	-0.138062	0.017700
350	-0.143188	-0.003906
351	-0.144287	-0.012573
352	-0.136841	-0.027222
353	-0.135132	0.004761
354	-0.138672	0.002441
355	-0.140259	-0.000366
356	-0.144287	-0.030396
357	-0.135132	0.020264
358	-0.134277	0.012329
359	-0.143677	0.010742
360	-0.129639	0.008179
361	-0.138550	-0.010742
362	-0.137939	-0.018555
363	-0.132935	-0.003174
364	-0.137573	-0.000977
365	-0.136230	-0.021729
366	-0.127930	-0.009277
367	-0.135864	0.000610
368	-0.142700	0.003906
369	-0.138672	0.001343
370	-0.138916	0.004150
371	-0.143188	0.005005
372	-0.140381	0.000854
373	-0.142944	-0.007080
374	-0.136475	-0.009888
375	-0.139771	-0.002808
376	-0.125488	-0.010254
377	-0.125854	0.002319
378	-0.136963	-0.022705
379	-0.132080	0.009033
380	-0.131714	-0.002808
381	-0.142700	-0.003784
382	-0.143555	0.010254
383	-0.134399	-0.003296
384	-0.149048	0.015381
385	-0.142456	0.008423
386	-0.144775	-0.019043
387	-0.145264	-0.007202
388	-0.140625	-0.008057
389	-0.130127	0.003052
390	-0.145386	-0.013672
391	-0.134888	-0.011475
392	-0.142334	0.013306
393	-0.136841	0.018555
394	-0.143677	0.015991
395	-0.129272	0.005493
396	-0.121460	-0.005249
397	-0.143799	-0.015503
398	-0.139160	0.007446
399	-0.142456	0.005005
400	-0.141968	-0.005005
401	-0.137207	0.004028
402	-0.140747	0.006592
403	-0.150269	0.003784
404	-0.140991	0.008789
405	-0.135498	-0.002319
406	-0.133057	0.006348
407	-0.145020	-0.010498
408	-0.136230	0.006714
409	-0.135376	0.014160
410	-0.137939	0.005615
411	-0.134399	0.006592
412	-0.147461	-0.007690
413	-0.141479	-0.004517
414	-0.148438	-0.016235
415	-0.133667	-0.004272
416	-0.140259	-0.003540
417	-0.132324	-0.014893
418	-0.136475	-0.001465
419	-0.134155	-0.010376
420	-0.136230	0.005737
421	-0.135986	-0.014160
422	-0.138672	0.007202
423	-0.133423	0.014526
424	-0.141724	0.022827
425	-0.150635	0.016968
426	-0.139038	0.023071
427	-0.135986	-0.001709
428	-0.127563	-0.007202
429	-0.130737	-0.005859
430	-0.146606	-0.003540
431	-0.138428	0.004883
432	-0.141724	-0.000244
433	-0.134644	-0.004517
434	-0.131714	0.014526
435	-0.142700	0.012939
436	-0.128906	-0.016602
437	-0.142822	0.013672
438	-0.134644	0.015137
439	-0.142456	-0.000244
440	-0.140137	0.001221
441	-0.140259	-0.011597
442	-0.147339	-0.008545
443	-0.148682	-0.005981
444	-0.130981	-0.003906
445	-0.137573	0.006470
446	-0.143799	-0.000854
447	-0.128174	0.014771
448	-0.136597	0.024902
449	-0.151611	-0.005493
450	-0.139160	0.014648
451	-0.142578	0.006714
452	-0.128784	-0.007202
453	-0.145020	-0.005981
454	-0.149536	-0.006226
455	-0.131714	-0.006226
456	-0.140625	-0.000122
457	-0.140015	0.008423
458	-0.137207	0.005493
459	-0.142456	-0.002686
460	-0.141602	0.005981
461	-0.142456	-0.000488
462	-0.131226	-0.002686
463	-0.134033	-0.009155
464	-0.132568	0.011597
465	-0.143677	0.003784
466	-0.133545	0.012085
467	-0.136475	0.023438
468	-0.137695	-0.002808
469	-0.145508	0.000732
470	-0.132202	-0.005371
471	-0.135742	-0.006348
472	-0.131226	-0.009155
473	-0.134521	-0.000122
474	-0.134155	0.007813
475	-0.138428	-0.018433
476	-0.150146	-0.011108
477	-0.145386	0.007202
478	-0.137573	-0.006226
479	-0.142334	0.020264
480	-0.137207	0.001587
481	-0.135742	-0.008545
482	-0.155762	0.010498
483	-0.144653	0.010132
484	-0.128296	-0.005615
485	-0.132813	-0.007568
486	-0.124146	0.008301
487	-0.139893	-0.010376
488	-0.135010	0.001831
489	-0.139771	-0.018066
490	-0.135864	0.001709
491	-0.141968	-0.002319
492	-0.137451	0.007935
493	-0.138062	-0.003052
494	-0.133911	0.012207
495	-0.135376	0.001465
496	-0.135376	0.013062
497	-0.128662	0.019287
498	-0.139160	-0.008545
499	-0.132813	0.002930
500	-0.130859	0.014893
501	-0.130005	0.017944
502	-0.141724	0.002563
503	-0.130615	0.003174
504	-0.135254	0.011719
505	-0.130737	0.018066
506	-0.151123	0.018921
507	-0.138428	0.008179
508	-0.143066	0.006592
509	-0.145508	-0.032715
510	-0.141113	0.002563
511	-0.149292	-0.000366
512	-0.141846	-0.005005
513	-0.140747	0.021240
514	-0.135864	-0.003174
515	-0.134521	0.007935
516	-0.151245	-0.004272
517	-0.142090	0.015747
518	-0.134399	-0.004028
519	-0.128784	0.004517
520	-0.139648	-0.010986
521	-0.139893	0.003174
522	-0.127075	0.014893
523	-0.135986	-0.004028
524	-0.133545	0.017212
525	-0.134399	-0.007690
526	-0.133057	0.021973
527	-0.135254	-0.005493
528	-0.127197	0.021484
529	-0.138916	0.004639
530	-0.141968	0.001343
531	-0.134521	-0.010498
532	-0.134521	-0.018433
533	-0.146973	0.001587
534	-0.144897	0.006958
535	-0.144775	-0.006470
536	-0.138428	-0.005249
537	-0.132935	0.005371
538	-0.130615	0.014771
539	-0.136475	-0.007568
540	-0.132690	-0.013306
541	-0.134155	0.002441
542	-0.150879	-0.004639
543	-0.148438	-0.001099
544	-0.142944	-0.016479
545	-0.136230	0.006348
546	-0.142334	-0.020386
547	-0.133301	-0.015259
548	-0.136841	0.005249
549	-0.142700	0.002075
550	-0.142944	-0.007690
551	-0.139404	-0.003296
552	-0.141724	0.006470
553	-0.134644	-0.000610
554	-0.132568	0.006836
555	-0.140869	0.010376
556	-0.137207	-0.000488
557	-0.143066	-0.004395
558	-0.139038	0.007324
559	-0.145264	0.002563
560	-0.131104	0.022095
561	-0.141724	-0.001099
562	-0.134521	-0.008057
563	-0.131348	-0.000122
564	-0.139526	-0.013916
565	-0.140625	-0.011841
566	-0.140015	0.004150
567	-0.133911	0.006592
568	-0.142578	0.003296
569	-0.130371	-0.009277
570	-0.135010	-0.013306
571	-0.138672	0.001465
572	-0.139282	-0.002808
573	-0.132080	-0.010010
574	-0.132568	-0.001587
575	-0.130371	-0.013794
576	-0.140747	-0.011353
577	-0.130005	-0.002930
578	-0.137207	-0.006104
579	-0.140259	0.023071
580	-0.141602	-0.017944
581	-0.133301	-0.007446
582	-0.139893	-0.022339
583	-0.142822	-0.009033
584	-0.139404	0.010986
585	-0.139404	0.002563
586	-0.136719	0.001465
587	-0.136597	-0.008789
588	-0.138306	-0.019287
589	-0.146362	-0.001709
590	-0.150879	-0.009644
591	-0.141968	0.021240
592	-0.135254	-0.007202
593	-0.130127	0.002075
594	-0.129883	0.003906
595	-0.136353	0.011230
596	-0.145874	0.032593
597	-0.133423	-0.007080
598	-0.126709	0.009033
599	-0.138062	0.000610
600	-0.121338	-0.004883
601	-0.125122	0.006348
602	-0.133423	0.004395
603	-0.137573	-0.008179
604	-0.140991	-0.017944
605	-0.145508	-0.016113
606	-0.136841	0.005249
607	-0.148804	0.028442
608	-0.150879	-0.003052
609	-0.135132	-0.003906
610	-0.145020	0.004272
611	-0.132935	-0.004883
612	-0.136597	0.003540
613	-0.132690	-0.006958
614	-0.134033	0.015259
615	-0.138794	0.013428
616	-0.130615	-0.008789
617	-0.133057	-0.020752
618	-0.137939	-0.010498
619	-0.143433	0.004517
620	-0.125366	-0.032471
621	-0.134766	0.014893
622	-0.138672	-0.002197
623	-0.137817	-0.003174
624	-0.145508	0.004395
625	-0.147583	-0.010742
626	-0.139771	0.001587
627	-0.132446	-0.001343
628	-0.149780	0.013794
629	-0.140503	-0.010376
630	-0.137817	0.007568
631	-0.128906	0.000854
632	-0.130493	-0.008789
633	-0.136841	0.012085
634	-0.136719	-0.004639
635	-0.132324	-0.003052
636	-0.138428	0.001221
637	-0.136475	0.001343
638	-0.132324	-0.005249
639	-0.137939	0.002075
640	-0.139771	-0.008179
641	-0.141602	-0.004761
642	-0.141968	-0.001221
643	-0.134644	0.000000
644	-0.133911	-0.014893
645	-0.140381	-0.017944
646	-0.138062	0.019043
647	-0.141479	0.009399
648	-0.123047	-0.004639
649	-0.138550	-0.002808
650	-0.140991	0.016602
651	-0.138062	-0.014526
652	-0.139526	0.012939
653	-0.139404	-0.013550
654	-0.137573	0.004883
655	-0.132080	-0.002197
656	-0.135620	-0.014404
657	-0.135376	0.006470
658	-0.130737	0.000488
659	-0.139282	-0.003418
660	-0.138428	0.010498
661	-0.142822	-0.005859
662	-0.137451	-0.002319
663	-0.134399	0.010132
664	-0.135742	0.007446
665	-0.139648	0.004761
666	-0.134766	0.006226
667	-0.123291	-0.015015
668	-0.138916	0.024658
669	-0.137329	-0.002563
670	-0.135376	0.003296
671	-0.132568	-0.012207
672	-0.126831	0.001831
673	-0.132568	0.022095
674	-0.133911	-0.000854
675	-0.138184	0.005493
676	-0.146118	-0.036743
677	-0.125610	-0.007568
678	-0.132813	0.010742
679	-0.125122	0.011597
680	-0.138184	-0.004395
681	-0.147095	0.021118
682	-0.138916	0.014771
683	-0.134033	0.009888
684	-0.135498	0.013062
685	-0.127930	0.006470
686	-0.131470	0.000366
687	-0.134644	-0.004639
688	-0.133423	0.009277
689	-0.145752	-0.004150
690	-0.138184	0.013550
691	-0.140015	-0.003052
692	-0.144165	-0.011963
693	-0.137695	-0.002563
694	-0.134033	0.008545
695	-0.132568	-0.016724
696	-0.129639	-0.008423
697	-0.141724	0.009277
698	-0.137329	-0.007690
699	-0.135986	-0.001709
700	-0.141846	-0.001953
701	-0.132324	0.003296
702	-0.129150	0.004639
703	-0.135010	0.004028
704	-0.136353	0.000366
705	-0.139160	0.022095
706	-0.148926	-0.011475
707	-0.140259	0.011353
708	-0.143555	-0.005859
709	-0.141235	0.001587
710	-0.137085	0.000244
711	-0.136841	0.003418
712	-0.137939	0.000000
713	-0.139648	-0.005249
714	-0.131836	0.004761
715	-0.135132	-0.007080
716	-0.138062	0.005859
717	-0.148071	-0.001831
718	-0.130981	-0.010620
719	-0.143311	-0.006836
720	-0.137329	0.009521
721	-0.134644	-0.016724
722	-0.146973	-0.004395
723	-0.152100	-0.018188
724	-0.133057	0.008911
725	-0.146240	0.018188
726	-0.140869	-0.024536
727	-0.142700	0.001099
728	-0.132935	0.014526
729	-0.134644	0.023926
730	-0.145752	-0.001221
731	-0.139648	-0.003296
732	-0.139282	-0.007324
733	-0.132690	-0.006226
734	-0.146851	-0.011108
735	-0.137817	0.002808
736	-0.131104	0.003662
737	-0.135376	-0.013550
738	-0.129517	0.000244
739	-0.134399	0.014038
740	-0.138062	-0.010864
741	-0.131226	-0.009644
742	-0.137817	0.018188
743	-0.139526	0.002808
744	-0.133789	-0.018188
745	-0.139404	-0.011230
746	-0.151123	0.008179
747	-0.144287	-0.008545
748	-0.139771	0.022705
749	-0.137085	-0.003662
750	-0.139648	0.020386
751	-0.143799	-0.012695
752	-0.135620	0.007324
753	-0.132690	-0.008667
754	-0.140137	-0.007202
755	-0.129517	-0.004272
756	-0.131958	0.005371
757	-0.134033	-0.018188
758	-0.135132	0.008423
759	-0.130859	-0.002441
760	-0.137329	-0.023560
761	-0.135742	-0.006958
762	-0.140259	0.003540
763	-0.140381	0.002441
764	-0.148438	0.009888
765	-0.143066	0.016113
766	-0.128662	-0.015015
767	-0.132690	0.000610
768	-0.144775	0.001953
769	-0.132935	-0.012939
770	-0.143799	0.004028
771	-0.133911	-0.006226
772	-0.135620	-0.001465
773	-0.141357	0.007446
774	-0.142700	0.012573
775	-0.146973	0.018433
776	-0.130005	-0.010864
777	-0.141479	0.010742
778	-0.143555	-0.011963
779	-0.124634	0.004639
780	-0.139648	-0.005737
781	-0.142090	-0.001709
782	-0.143188	-0.002319
783	-0.144653	-0.003052
784	-0.143433	0.013428
785	-0.131958	-0.002075
786	-0.133057	0.007568
787	-0.138062	0.020264
788	-0.140503	-0.006714
789	-0.137939	0.007202
790	-0.137939	-0.009766
791	-0.140503	0.012329
792	-0.142700	-0.004639
793	-0.132690	0.001831
794	-0.134644	-0.000122
795	-0.142090	0.001953
796	-0.137695	-0.005249
797	-0.145508	0.005615
798	-0.135498	-0.000122
799	-0.142456	-0.002686
800	-0.130981	0.004150
801	-0.141968	0.018799
802	-0.140137	-0.005615
803	-0.127930	-0.007568
804	-0.122314	0.001343
805	-0.132202	0.000366
806	-0.137451	-0.008789
807	-0.132568	0.014282
808	-0.151611	-0.017578
809	-0.141724	0.013062
810	-0.135742	-0.011475
811	-0.147095	-0.006592
812	-0.134888	-0.001465
813	-0.129639	0.000610
814	-0.136230	0.004639
815	-0.136963	-0.009277
816	-0.137695	-0.018799
817	-0.141724	-0.005005
818	-0.142090	0.006958
819	-0.128540	0.004028
820	-0.141479	-0.003174
821	-0.138062	-0.021118
822	-0.137085	-0.002319
823	-0.140381	0.006714
824	-0.123291	-0.021362
825	-0.135376	0.015137
826	-0.135376	0.007202
827	-0.136353	-0.005493
828	-0.128174	0.017456
829	-0.129150	0.001587
830	-0.139160	-0.004395
831	-0.141968	-0.008423
832	-0.135742	0.003906
833	-0.140015	0.025757
834	-0.150024	0.008911
835	-0.142456	-0.018066
836	-0.135498	0.009277
837	-0.128540	-0.007568
838	-0.130615	0.001099
839	-0.134155	-0.027832
840	-0.138550	-0.023438
841	-0.142822	0.000977
842	-0.136108	0.005371
843	-0.133423	-0.006470
844	-0.136108	-0.007202
845	-0.139648	-0.002441
846	-0.138306	0.011230
847	-0.129028	-0.018433
848	-0.127563	0.011475
849	-0.120728	0.009033
850	-0.133911	0.010132
851	-0.136353	0.009888
852	-0.135620	-0.008301
853	-0.147339	-0.015259
854	-0.139648	-0.012695
855	-0.137451	0.018433
856	-0.122314	-0.010376
857	-0.134399	-0.000488
858	-0.136230	0.009277
859	-0.125610	0.005615
860	-0.137085	-0.009521
861	-0.146118	-0.006958
862	-0.143677	-0.007080
863	-0.133423	0.011841
864	-0.143188	0.005005
865	-0.144043	0.013794
866	-0.145996	0.003174
867	-0.134399	0.014648
868	-0.145874	0.003784
869	-0.127319	-0.009521
870	-0.131470	0.032593
871	-0.147583	-0.007080
872	-0.137939	0.042480
873	-0.135010	-0.002686
874	-0.134399	0.015503
875	-0.141113	-0.018921
876	-0.146362	0.005249
877	-0.133179	-0.008667
878	-0.143311	0.006958
879	-0.146362	0.004272
880	-0.144043	-0.008423
881	-0.141846	0.015137
882	-0.132202	0.009033
883	-0.134277	0.001343
884	-0.138550	-0.024658
885	-0.141602	0.007324
886	-0.132568	-0.005981
887	-0.136963	0.006592
888	-0.141357	-0.000610
889	-0.133057	-0.020142
890	-0.144043	0.001831
891	-0.140015	0.019409
892	-0.140869	0.011841
893	-0.133179	0.022705
894	-0.137939	0.013184
895	-0.145142	-0.003296
896	-0.135254	0.013550
897	-0.145996	0.002075
898	-0.149658	-0.016602
899	-0.131592	-0.012207
900	-0.137573	0.006714
901	-0.145874	-0.028076
902	-0.145996	-0.006226
903	-0.142822	-0.003418
904	-0.137085	-0.015015
905	-0.137207	-0.000977
906	-0.144531	0.001343
907	-0.139771	-0.000366
908	-0.136963	-0.010010
909	-0.138550	-0.004517
910	-0.139038	0.003052
911	-0.144653	-0.000244
912	-0.143311	-0.012573
913	-0.125000	-0.006104
914	-0.137085	-0.011841
915	-0.149048	-0.021973
916	-0.130371	0.004639
917	-0.140747	0.004761
918	-0.143311	0.002930
919	-0.140137	-0.003418
920	-0.138184	0.004150
921	-0.137085	-0.012939
922	-0.141724	-0.012329
923	-0.134399	0.012085
924	-0.140625	-0.006958
925	-0.137939	0.005249
926	-0.125366	0.002197
927	-0.139160	-0.000122
928	-0.138428	0.001831
929	-0.135620	0.007446
930	-0.134399	-0.013306
931	-0.146484	0.002563
932	-0.142578	0.006226
933	-0.128052	0.012939
934	-0.139038	0.003662
935	-0.130615	-0.000244
936	-0.147095	0.011963
937	-0.146484	-0.000610
938	-0.133789	-0.008057
939	-0.138062	-0.005371
940	-0.125732	-0.006836
941	-0.129395	-0.000366
942	-0.148438	-0.025391
943	-0.130615	0.014404
944	-0.141357	0.010620
945	-0.131592	0.005371
946	-0.129761	-0.015503
947	-0.134766	-0.004395
948	-0.130127	-0.000854
949	-0.132446	0.002319
950	-0.143066	0.018311
951	-0.126709	-0.017944
952	-0.137451	0.011719
953	-0.136963	-0.004150
954	-0.142212	-0.001099
955	-0.144775	0.014648
956	-0.136475	0.006714
957	-0.133667	-0.010010
958	-0.131958	0.008545
959	-0.137695	0.008179
960	-0.130127	-0.007935
961	-0.138062	0.018188
962	-0.135254	0.005981
963	-0.140625	-0.005981
964	-0.146606	-0.021362
965	-0.142944	0.008789
966	-0.139038	0.006714
967	-0.136475	-0.009033
968	-0.149658	0.011353
969	-0.140015	-0.001465
970	-0.132080	0.002686
971	-0.132813	0.005615
972	-0.131836	-0.003052
973	-0.135498	-0.010742
974	-0.138550	0.021240
975	-0.134155	-0.006592
976	-0.137817	0.028076
977	-0.130493	-0.015259
978	-0.141113	0.000732
979	-0.127930	-0.000366
980	-0.130493	0.013672
981	-0.134277	0.000488
982	-0.144165	0.001221
983	-0.141479	0.006836
984	-0.136597	0.000488
985	-0.136108	-0.013794
986	-0.139893	-0.012939
987	-0.141357	-0.006714
988	-0.133789	0.020752
989	-0.140503	-0.003174
990	-0.135864	-0.030273
991	-0.147583	0.003540
992	-0.134644	-0.003540
993	-0.135620	0.007568
994	-0.135498	0.004639
995	-0.126831	-0.018311
996	-0.131226	0.014404
997	-0.144775	0.004883
998	-0.131714	-0.006104
999	-0.145752	0.016724
