0	-0.753052	-0.688232
1	-0.759521	-0.712280
2	-0.761841	-0.713501
3	-0.753052	-0.720337
4	-0.756348	-0.735962
5	-0.771851	-0.749146
6	-0.742920	-0.692261
7	-0.752197	-0.685791
8	-0.741211	-0.687622
9	-0.754395	-0.707642
10	-0.747925	-0.701660
11	-0.729370	-0.690430
12	-0.755127	-0.733032
13	-0.737549	-0.722046
14	-0.757446	-0.756226
15	-0.748779	-0.737183
16	-0.764282	-0.764771
17	-0.746826	-0.745605
18	-0.757324	-0.764526
19	-0.775391	-0.764893
20	-0.747681	-0.742432
21	-0.768677	-0.760620
22	-0.761230	-0.721802
23	-0.755127	-0.704834
24	-0.758179	-0.720947
25	-0.731323	-0.660156
26	-0.737793	-0.682861
27	-0.746582	-0.720825
28	-0.744629	-0.696899
29	-0.748291	-0.739258
30	-0.754028	-0.727417
31	-0.750732	-0.714600
32	-0.734985	-0.710571
33	-0.752930	-0.731323
34	-0.756836	-0.718506
35	-0.749146	-0.691650
36	-0.734131	-0.669434
37	-0.733032	-0.673218
38	-0.721313	-0.648438
39	-0.717041	-0.661255
40	-0.746094	-0.689453
41	-0.724365	-0.640625
42	-0.716431	-0.624878
43	-0.744995	-0.681519
44	-0.727417	-0.686890
45	-0.751709	-0.723389
46	-0.755981	-0.710938
47	-0.759644	-0.738403
48	-0.742188	-0.682007
49	-0.742188	-0.685425
50	-0.755127	-0.703735
51	-0.758423	-0.737671
52	-0.760376	-0.757446
53	-0.765259	-0.751709
54	-0.753784	-0.736206
55	-0.759766	-0.738281
56	-0.775635	-0.747070
57	-0.757324	-0.716919
58	-0.756592	-0.688721
59	-0.759766	-0.708374
60	-0.760376	-0.710938
61	-0.761841	-0.734863
62	-0.744141	-0.693970
63	-0.747681	-0.708740
64	-0.748291	-0.713867
65	-0.758911	-0.733276
66	-0.757935	-0.722412
67	-0.760986	-0.735718
68	-0.749878	-0.743652
69	-0.761963	-0.758667
70	-0.783203	-0.768799
71	-0.743896	-0.746338
72	-0.772949	-0.758789
73	-0.760742	-0.732056
74	-0.755127	-0.688721
75	-0.759277	-0.719116
76	-0.734619	-0.668213
77	-0.737793	-0.673462
78	-0.749634	-0.709839
79	-0.749756	-0.693848
80	-0.732788	-0.717773
81	-0.752808	-0.734375
82	-0.762329	-0.733643
83	-0.739624	-0.709106
84	-0.742310	-0.729492
85	-0.749512	-0.713135
86	-0.742554	-0.685913
87	-0.732178	-0.667847
88	-0.732056	-0.673950
89	-0.714233	-0.643066
90	-0.713623	-0.652222
91	-0.732178	-0.669434
92	-0.726563	-0.641113
93	-0.718384	-0.621826
94	-0.728882	-0.661255
95	-0.739014	-0.697510
96	-0.744629	-0.721436
97	-0.757324	-0.720215
98	-0.759888	-0.719971
99	-0.751221	-0.693604
100	-0.746460	-0.678711
101	-0.767334	-0.707031
102	-0.750854	-0.717407
103	-0.773804	-0.769043
104	-0.767822	-0.757446
105	-0.757935	-0.743896
106	-0.763062	-0.741455
107	-0.770630	-0.736450
108	-0.754761	-0.707031
109	-0.754883	-0.680908
110	-0.759155	-0.719116
111	-0.748291	-0.703613
112	-0.766479	-0.738647
113	-0.746460	-0.706055
114	-0.753418	-0.714478
115	-0.742065	-0.705933
116	-0.749512	-0.719238
117	-0.751465	-0.729614
118	-0.752686	-0.726074
119	-0.750732	-0.748047
120	-0.754639	-0.754761
121	-0.776367	-0.772583
122	-0.756348	-0.753418
123	-0.760254	-0.738037
124	-0.744263	-0.720947
125	-0.750854	-0.701782
126	-0.755371	-0.716919
127	-0.731201	-0.675903
128	-0.728149	-0.663574
129	-0.741699	-0.704712
130	-0.736206	-0.687500
131	-0.735229	-0.719849
132	-0.739868	-0.717285
133	-0.767212	-0.741333
134	-0.743652	-0.712891
135	-0.751465	-0.728638
136	-0.744141	-0.710083
137	-0.744141	-0.701660
138	-0.741577	-0.676147
139	-0.742798	-0.686279
140	-0.727173	-0.654907
141	-0.729004	-0.675903
142	-0.728638	-0.664185
143	-0.732300	-0.652344
144	-0.727539	-0.632813
145	-0.723999	-0.650513
146	-0.741089	-0.688965
147	-0.748413	-0.727295
148	-0.752930	-0.721436
149	-0.766724	-0.716919
150	-0.753540	-0.712891
151	-0.744751	-0.681274
152	-0.756104	-0.684204
153	-0.755371	-0.711548
154	-0.771851	-0.770630
155	-0.763184	-0.744873
156	-0.756470	-0.744385
157	-0.758179	-0.731445
158	-0.761841	-0.736450
159	-0.751709	-0.704712
160	-0.749146	-0.678345
161	-0.751831	-0.718262
162	-0.750488	-0.704102
163	-0.764160	-0.744507
164	-0.733154	-0.686401
165	-0.754395	-0.719971
166	-0.741455	-0.698730
167	-0.750732	-0.717285
168	-0.758789	-0.726440
169	-0.767090	-0.735474
170	-0.769043	-0.761230
171	-0.759033	-0.756470
172	-0.768188	-0.763794
173	-0.765991	-0.764648
174	-0.770264	-0.766968
175	-0.759521	-0.744385
176	-0.758667	-0.713989
177	-0.762817	-0.719238
178	-0.744263	-0.694336
179	-0.736206	-0.668335
180	-0.745361	-0.699585
181	-0.742554	-0.691650
182	-0.731689	-0.703247
183	-0.755371	-0.722900
184	-0.757813	-0.731934
185	-0.750488	-0.704224
186	-0.743408	-0.719116
187	-0.755249	-0.722656
188	-0.754639	-0.709717
189	-0.744385	-0.674561
190	-0.734741	-0.682129
191	-0.726074	-0.662476
192	-0.721924	-0.665894
193	-0.733643	-0.664429
194	-0.723999	-0.653687
195	-0.725830	-0.626099
196	-0.730103	-0.650146
197	-0.740479	-0.685547
198	-0.739380	-0.710327
199	-0.757202	-0.729614
200	-0.750977	-0.700562
201	-0.751465	-0.711304
202	-0.744507	-0.682495
203	-0.738159	-0.668091
204	-0.756104	-0.713623
205	-0.780518	-0.765991
206	-0.758179	-0.740723
207	-0.760132	-0.748169
208	-0.768311	-0.745972
209	-0.747925	-0.729614
210	-0.757324	-0.731934
211	-0.756592	-0.687134
212	-0.755615	-0.704346
213	-0.753662	-0.699951
214	-0.764038	-0.741089
215	-0.756592	-0.703125
216	-0.745972	-0.698730
217	-0.745117	-0.711060
218	-0.757568	-0.720947
219	-0.757324	-0.729370
220	-0.762939	-0.743896
221	-0.760254	-0.750732
222	-0.754150	-0.749878
223	-0.763550	-0.757690
224	-0.765015	-0.761230
225	-0.756836	-0.752197
226	-0.765137	-0.751343
227	-0.751465	-0.704224
228	-0.750366	-0.711304
229	-0.743164	-0.710449
230	-0.741577	-0.679810
231	-0.736572	-0.695313
232	-0.739258	-0.698364
233	-0.726563	-0.690308
234	-0.738525	-0.712158
235	-0.734619	-0.708252
236	-0.738525	-0.693970
237	-0.732056	-0.715576
238	-0.744019	-0.721069
239	-0.755371	-0.717773
240	-0.740356	-0.683105
241	-0.740234	-0.682617
242	-0.741699	-0.666016
243	-0.714722	-0.653809
244	-0.720215	-0.653320
245	-0.738525	-0.679932
246	-0.728882	-0.643555
247	-0.718628	-0.647705
248	-0.747192	-0.696899
249	-0.736816	-0.704834
250	-0.756958	-0.727783
251	-0.756714	-0.704712
252	-0.759644	-0.735107
253	-0.747192	-0.679932
254	-0.736572	-0.677246
255	-0.757568	-0.711792
256	-0.765015	-0.742432
257	-0.758057	-0.750732
258	-0.767944	-0.748291
259	-0.759888	-0.743408
260	-0.754517	-0.732056
261	-0.772705	-0.750000
262	-0.753662	-0.700684
263	-0.758057	-0.694702
264	-0.738892	-0.680786
265	-0.751221	-0.714355
266	-0.752686	-0.710205
267	-0.731201	-0.681274
268	-0.753052	-0.720215
269	-0.733887	-0.697388
270	-0.750977	-0.729614
271	-0.744751	-0.714233
272	-0.758301	-0.742676
273	-0.740845	-0.730591
274	-0.754517	-0.759033
275	-0.775146	-0.764771
276	-0.747681	-0.742432
277	-0.768677	-0.760620
278	-0.761230	-0.721802
279	-0.755127	-0.704834
280	-0.758179	-0.720947
281	-0.731323	-0.660156
282	-0.737793	-0.682861
283	-0.746582	-0.720825
284	-0.744629	-0.696899
285	-0.748291	-0.739258
286	-0.754028	-0.727417
287	-0.750732	-0.714600
288	-0.734985	-0.710571
289	-0.752930	-0.731323
290	-0.756836	-0.718506
291	-0.749146	-0.691650
292	-0.734131	-0.669434
293	-0.733032	-0.673218
294	-0.721313	-0.648438
295	-0.717041	-0.661255
296	-0.746094	-0.689453
297	-0.724365	-0.640625
298	-0.716431	-0.624878
299	-0.744995	-0.681519
300	-0.727417	-0.686890
301	-0.751709	-0.723389
302	-0.755981	-0.710938
303	-0.759644	-0.738403
304	-0.742188	-0.682007
305	-0.742188	-0.685425
306	-0.755127	-0.703735
307	-0.758423	-0.737671
308	-0.760376	-0.757446
309	-0.765259	-0.751709
310	-0.753784	-0.736206
311	-0.759766	-0.738281
312	-0.775635	-0.747070
313	-0.757324	-0.716919
314	-0.756592	-0.688721
315	-0.759766	-0.708374
316	-0.760376	-0.710938
317	-0.761841	-0.734863
318	-0.744141	-0.693970
319	-0.747681	-0.708740
320	-0.748291	-0.713867
321	-0.758911	-0.733276
322	-0.757935	-0.722412
323	-0.760986	-0.735718
324	-0.749878	-0.743652
325	-0.761963	-0.758667
326	-0.783203	-0.768799
327	-0.743896	-0.746338
328	-0.772949	-0.758789
329	-0.760742	-0.732056
330	-0.755127	-0.688721
331	-0.759277	-0.719116
332	-0.734619	-0.668213
333	-0.737793	-0.673462
334	-0.749634	-0.709839
335	-0.749756	-0.693848
336	-0.732788	-0.717773
337	-0.752808	-0.734375
338	-0.762329	-0.733643
339	-0.739624	-0.709106
340	-0.742310	-0.729492
341	-0.749512	-0.713135
342	-0.742554	-0.685913
343	-0.732178	-0.667847
344	-0.732056	-0.673950
345	-0.714233	-0.643066
346	-0.713623	-0.652222
347	-0.732178	-0.669434
348	-0.726563	-0.641113
349	-0.718384	-0.621826
350	-0.728882	-0.661255
351	-0.739014	-0.697510
352	-0.744629	-0.721436
353	-0.757324	-0.720215
354	-0.759888	-0.719971
355	-0.751221	-0.693604
356	-0.746460	-0.678711
357	-0.767334	-0.707031
358	-0.750854	-0.717407
359	-0.773804	-0.769043
360	-0.767822	-0.757446
361	-0.757935	-0.743896
362	-0.763062	-0.741455
363	-0.770630	-0.736450
364	-0.754761	-0.707031
365	-0.754883	-0.680908
366	-0.759155	-0.719116
367	-0.748291	-0.703613
368	-0.766479	-0.738647
369	-0.746460	-0.706055
370	-0.753418	-0.714478
371	-0.742065	-0.705933
372	-0.749512	-0.719238
373	-0.751465	-0.729614
374	-0.752686	-0.726074
375	-0.750732	-0.748047
376	-0.754639	-0.754761
377	-0.776367	-0.772583
378	-0.756348	-0.753418
379	-0.760254	-0.738037
380	-0.744263	-0.720947
381	-0.750854	-0.701782
382	-0.755371	-0.716919
383	-0.731201	-0.675903
384	-0.728149	-0.663574
385	-0.741699	-0.704712
386	-0.736206	-0.687500
387	-0.735229	-0.719849
388	-0.739868	-0.717285
389	-0.767212	-0.741333
390	-0.743652	-0.712891
391	-0.751465	-0.728638
392	-0.744141	-0.710083
393	-0.744141	-0.701660
394	-0.741577	-0.676147
395	-0.742798	-0.686279
396	-0.727173	-0.654907
397	-0.729004	-0.675903
398	-0.728638	-0.664185
399	-0.732300	-0.652344
400	-0.727539	-0.632813
401	-0.723999	-0.650513
402	-0.741089	-0.688965
403	-0.748413	-0.727295
404	-0.752930	-0.721436
405	-0.766724	-0.716919
406	-0.753540	-0.712891
407	-0.744751	-0.681274
408	-0.756104	-0.684204
409	-0.755371	-0.711548
410	-0.771851	-0.770630
411	-0.763184	-0.744873
412	-0.756470	-0.744385
413	-0.758179	-0.731445
414	-0.761841	-0.736450
415	-0.751709	-0.704712
416	-0.749146	-0.678345
417	-0.751831	-0.718262
418	-0.750488	-0.704102
419	-0.764160	-0.744507
420	-0.733154	-0.686401
421	-0.754395	-0.719971
422	-0.741455	-0.698730
423	-0.750732	-0.717285
424	-0.758789	-0.726440
425	-0.767090	-0.735474
426	-0.769043	-0.761230
427	-0.759033	-0.756470
428	-0.768188	-0.763794
429	-0.765991	-0.764648
430	-0.770264	-0.766968
431	-0.759521	-0.744385
432	-0.758667	-0.713989
433	-0.762817	-0.719238
434	-0.744263	-0.694336
435	-0.736206	-0.668335
436	-0.745361	-0.699585
437	-0.742554	-0.691650
438	-0.731689	-0.703247
439	-0.755371	-0.722900
440	-0.757813	-0.731934
441	-0.750488	-0.704224
442	-0.743408	-0.719116
443	-0.755249	-0.722656
444	-0.754639	-0.709717
445	-0.744385	-0.674561
446	-0.734741	-0.682129
447	-0.726074	-0.662476
448	-0.721924	-0.665894
449	-0.733643	-0.664429
450	-0.723999	-0.653687
451	-0.725830	-0.626099
452	-0.730103	-0.650146
453	-0.740479	-0.685547
454	-0.739380	-0.710327
455	-0.757202	-0.729614
456	-0.750977	-0.700562
457	-0.751465	-0.711304
458	-0.744507	-0.682495
459	-0.738159	-0.668091
460	-0.756104	-0.713623
461	-0.780518	-0.765991
462	-0.758179	-0.740723
463	-0.760132	-0.748169
464	-0.768311	-0.745972
465	-0.747925	-0.729614
466	-0.757324	-0.731934
467	-0.756592	-0.687134
468	-0.755615	-0.704346
469	-0.753662	-0.699951
470	-0.764038	-0.741089
471	-0.756592	-0.703125
472	-0.745972	-0.698730
473	-0.745117	-0.711060
474	-0.757568	-0.720947
475	-0.757324	-0.729370
476	-0.762939	-0.743896
477	-0.760254	-0.750732
478	-0.754150	-0.749878
479	-0.763550	-0.757690
480	-0.765015	-0.761230
481	-0.756836	-0.752197
482	-0.765137	-0.751343
483	-0.751465	-0.704224
484	-0.750366	-0.711304
485	-0.743164	-0.710449
486	-0.741577	-0.679810
487	-0.736572	-0.695313
488	-0.739258	-0.698364
489	-0.726563	-0.690308
490	-0.738525	-0.712158
491	-0.734619	-0.708252
492	-0.738525	-0.693970
493	-0.732056	-0.715576
494	-0.744019	-0.721069
495	-0.755371	-0.717773
496	-0.740356	-0.683105
497	-0.740234	-0.682617
498	-0.741699	-0.666016
499	-0.714722	-0.653809
500	-0.720215	-0.653320
501	-0.738525	-0.679932
502	-0.728882	-0.643555
503	-0.718628	-0.647705
504	-0.747192	-0.696899
505	-0.736816	-0.704834
506	-0.756958	-0.727783
507	-0.756714	-0.704712
508	-0.759644	-0.735107
509	-0.747192	-0.679932
510	-0.736572	-0.677246
511	-0.757568	-0.711792
512	-0.765015	-0.742432
513	-0.758057	-0.750732
514	-0.767944	-0.748291
515	-0.759888	-0.743408
516	-0.754517	-0.732056
517	-0.772705	-0.750000
518	-0.753662	-0.700684
519	-0.758057	-0.694702
520	-0.738892	-0.680786
521	-0.751221	-0.714355
522	-0.752686	-0.710205
523	-0.731201	-0.681274
524	-0.753052	-0.720215
525	-0.733887	-0.697388
526	-0.750977	-0.729614
527	-0.744751	-0.714233
528	-0.758301	-0.742676
529	-0.740845	-0.730591
530	-0.754517	-0.759033
531	-0.775146	-0.764771
532	-0.747681	-0.742432
533	-0.768677	-0.760620
534	-0.761230	-0.721802
535	-0.755127	-0.704834
536	-0.758179	-0.720947
537	-0.731323	-0.660156
538	-0.737793	-0.682861
539	-0.746582	-0.720825
540	-0.744629	-0.696899
541	-0.748291	-0.739258
542	-0.754028	-0.727417
543	-0.750732	-0.714600
544	-0.734985	-0.710571
545	-0.752930	-0.731323
546	-0.756836	-0.718506
547	-0.749146	-0.691650
548	-0.734131	-0.669434
549	-0.733032	-0.673218
550	-0.721313	-0.648438
551	-0.717041	-0.661255
552	-0.746094	-0.689453
553	-0.724365	-0.640625
554	-0.716431	-0.624878
555	-0.744995	-0.681519
556	-0.727417	-0.686890
557	-0.751709	-0.723389
558	-0.755981	-0.710938
559	-0.759644	-0.738403
560	-0.742188	-0.682007
561	-0.742188	-0.685425
562	-0.755127	-0.703735
563	-0.758423	-0.737671
564	-0.760376	-0.757446
565	-0.765259	-0.751709
566	-0.753784	-0.736206
567	-0.759766	-0.738281
568	-0.775635	-0.747070
569	-0.757324	-0.716919
570	-0.756592	-0.688721
571	-0.759766	-0.708374
572	-0.760376	-0.710938
573	-0.761841	-0.734863
574	-0.744141	-0.693970
575	-0.747681	-0.708740
576	-0.748291	-0.713867
577	-0.758911	-0.733276
578	-0.757935	-0.722412
579	-0.760986	-0.735718
580	-0.749878	-0.743652
581	-0.761963	-0.758667
582	-0.783203	-0.768799
583	-0.743896	-0.746338
584	-0.772949	-0.758789
585	-0.760742	-0.732056
586	-0.755127	-0.688721
587	-0.759277	-0.719116
588	-0.734619	-0.668213
589	-0.737793	-0.673462
590	-0.749634	-0.709839
591	-0.749756	-0.693848
592	-0.732788	-0.717773
593	-0.752808	-0.734375
594	-0.762329	-0.733643
595	-0.739624	-0.709106
596	-0.742310	-0.729492
597	-0.749512	-0.713135
598	-0.742554	-0.685913
599	-0.732178	-0.667847
600	-0.732056	-0.673950
601	-0.714233	-0.643066
602	-0.713623	-0.652222
603	-0.732178	-0.669434
604	-0.726563	-0.641113
605	-0.718384	-0.621826
606	-0.728882	-0.661255
607	-0.739014	-0.697510
608	-0.744629	-0.721436
609	-0.757324	-0.720215
610	-0.759888	-0.719971
611	-0.751221	-0.693604
612	-0.746460	-0.678711
613	-0.767334	-0.707031
614	-0.750854	-0.717407
615	-0.773804	-0.769043
616	-0.767822	-0.757446
617	-0.757935	-0.743896
618	-0.763062	-0.741455
619	-0.770630	-0.736450
620	-0.754761	-0.707031
621	-0.754883	-0.680908
622	-0.759155	-0.719116
623	-0.748291	-0.703613
624	-0.766479	-0.738647
625	-0.746460	-0.706055
626	-0.753418	-0.714478
627	-0.742065	-0.705933
628	-0.749512	-0.719238
629	-0.751465	-0.729614
630	-0.752686	-0.726074
631	-0.750732	-0.748047
632	-0.754639	-0.754761
633	-0.776367	-0.772583
634	-0.756348	-0.753418
635	-0.760254	-0.738037
636	-0.744263	-0.720947
637	-0.750854	-0.701782
638	-0.755371	-0.716919
639	-0.731201	-0.675903
640	-0.728149	-0.663574
641	-0.741699	-0.704712
642	-0.736206	-0.687500
643	-0.735229	-0.719849
644	-0.739868	-0.717285
645	-0.767212	-0.741333
646	-0.743652	-0.712891
647	-0.751465	-0.728638
648	-0.744141	-0.710083
649	-0.744141	-0.701660
650	-0.741577	-0.676147
651	-0.742798	-0.686279
652	-0.727173	-0.654907
653	-0.729004	-0.675903
654	-0.728638	-0.664185
655	-0.732300	-0.652344
656	-0.727539	-0.632813
657	-0.723999	-0.650513
658	-0.741089	-0.688965
659	-0.748413	-0.727295
660	-0.752930	-0.721436
661	-0.766724	-0.716919
662	-0.753540	-0.712891
663	-0.744751	-0.681274
664	-0.756104	-0.684204
665	-0.755371	-0.711548
666	-0.771851	-0.770630
667	-0.763184	-0.744873
668	-0.756470	-0.744385
669	-0.758179	-0.731445
670	-0.761841	-0.736450
671	-0.751709	-0.704712
672	-0.749146	-0.678345
673	-0.751831	-0.718262
674	-0.750488	-0.704102
675	-0.764160	-0.744507
676	-0.733154	-0.686401
677	-0.754395	-0.719971
678	-0.741455	-0.698730
679	-0.750732	-0.717285
680	-0.758789	-0.726440
681	-0.767090	-0.735474
682	-0.769043	-0.761230
683	-0.759033	-0.756470
684	-0.768188	-0.763794
685	-0.765991	-0.764648
686	-0.770264	-0.766968
687	-0.759521	-0.744385
688	-0.758667	-0.713989
689	-0.762817	-0.719238
690	-0.744263	-0.694336
691	-0.736206	-0.668335
692	-0.745361	-0.699585
693	-0.742554	-0.691650
694	-0.731689	-0.703247
695	-0.755371	-0.722900
696	-0.757813	-0.731934
697	-0.750488	-0.704224
698	-0.743408	-0.719116
699	-0.755249	-0.722656
700	-0.754639	-0.709717
701	-0.744385	-0.674561
702	-0.734741	-0.682129
703	-0.726074	-0.662476
704	-0.721924	-0.665894
705	-0.733643	-0.664429
706	-0.723999	-0.653687
707	-0.725830	-0.626099
708	-0.730103	-0.650146
709	-0.740479	-0.685547
710	-0.739380	-0.710327
711	-0.757202	-0.729614
712	-0.750977	-0.700562
713	-0.751465	-0.711304
714	-0.744507	-0.682495
715	-0.738159	-0.668091
716	-0.756104	-0.713623
717	-0.780518	-0.765991
718	-0.758179	-0.740723
719	-0.760132	-0.748169
720	-0.768311	-0.745972
721	-0.747925	-0.729614
722	-0.757324	-0.731934
723	-0.756592	-0.687134
724	-0.755615	-0.704346
725	-0.753662	-0.699951
726	-0.764038	-0.741089
727	-0.756592	-0.703125
728	-0.745972	-0.698730
729	-0.745117	-0.711060
730	-0.757568	-0.720947
731	-0.757324	-0.729370
732	-0.762939	-0.743896
733	-0.760254	-0.750732
734	-0.754150	-0.749878
735	-0.763550	-0.757690
736	-0.765015	-0.761230
737	-0.756836	-0.752197
738	-0.765137	-0.751343
739	-0.751465	-0.704224
740	-0.750366	-0.711304
741	-0.743164	-0.710449
742	-0.741577	-0.679810
743	-0.736572	-0.695313
744	-0.739258	-0.698364
745	-0.726563	-0.690308
746	-0.738525	-0.712158
747	-0.734619	-0.708252
748	-0.738525	-0.693970
749	-0.732056	-0.715576
750	-0.744019	-0.721069
751	-0.755371	-0.717773
752	-0.740356	-0.683105
753	-0.740234	-0.682617
754	-0.741699	-0.666016
755	-0.714722	-0.653809
756	-0.720215	-0.653320
757	-0.738525	-0.679932
758	-0.728882	-0.643555
759	-0.718628	-0.647705
760	-0.747192	-0.696899
761	-0.736816	-0.704834
762	-0.756958	-0.727783
763	-0.756714	-0.704712
764	-0.759644	-0.735107
765	-0.747192	-0.679932
766	-0.736572	-0.677246
767	-0.757568	-0.711792
768	-0.765015	-0.742432
769	-0.758057	-0.750732
770	-0.767944	-0.748291
771	-0.759888	-0.743408
772	-0.754517	-0.732056
773	-0.772705	-0.750000
774	-0.753662	-0.700684
775	-0.758057	-0.694702
776	-0.738892	-0.680786
777	-0.751221	-0.714355
778	-0.752686	-0.710205
779	-0.731201	-0.681274
780	-0.753052	-0.720215
781	-0.733887	-0.697388
782	-0.750977	-0.729614
783	-0.744751	-0.714233
784	-0.758301	-0.742676
785	-0.740845	-0.730591
786	-0.754517	-0.759033
787	-0.775146	-0.764771
788	-0.747681	-0.742432
789	-0.768677	-0.760620
790	-0.761230	-0.721802
791	-0.755127	-0.704834
792	-0.758179	-0.720947
793	-0.731323	-0.660156
794	-0.737793	-0.682861
795	-0.746582	-0.720825
796	-0.744629	-0.696899
797	-0.748291	-0.739258
798	-0.754028	-0.727417
799	-0.750732	-0.714600
800	-0.734985	-0.710571
801	-0.752930	-0.731323
802	-0.756836	-0.718506
803	-0.749146	-0.691650
804	-0.734131	-0.669434
805	-0.733032	-0.673218
806	-0.721313	-0.648438
807	-0.717041	-0.661255
808	-0.746094	-0.689453
809	-0.724365	-0.640625
810	-0.716431	-0.624878
811	-0.744995	-0.681519
812	-0.727417	-0.686890
813	-0.751709	-0.723389
814	-0.755981	-0.710938
815	-0.759644	-0.738403
816	-0.742188	-0.682007
817	-0.742188	-0.685425
818	-0.755127	-0.703735
819	-0.758423	-0.737671
820	-0.760376	-0.757446
821	-0.765259	-0.751709
822	-0.753784	-0.736206
823	-0.759766	-0.738281
824	-0.775635	-0.747070
825	-0.757324	-0.716919
826	-0.756592	-0.688721
827	-0.759766	-0.708374
828	-0.760376	-0.710938
829	-0.761841	-0.734863
830	-0.744141	-0.693970
831	-0.747681	-0.708740
832	-0.748291	-0.713867
833	-0.758911	-0.733276
834	-0.757935	-0.722412
835	-0.760986	-0.735718
836	-0.749878	-0.743652
837	-0.761963	-0.758667
838	-0.783203	-0.768799
839	-0.743896	-0.746338
840	-0.772949	-0.758789
841	-0.760742	-0.732056
842	-0.755127	-0.688721
843	-0.759277	-0.719116
844	-0.734619	-0.668213
845	-0.737793	-0.673462
846	-0.749634	-0.709839
847	-0.749756	-0.693848
848	-0.732788	-0.717773
849	-0.752808	-0.734375
850	-0.762329	-0.733643
851	-0.739624	-0.709106
852	-0.742310	-0.729492
853	-0.749512	-0.713135
854	-0.742554	-0.685913
855	-0.732178	-0.667847
856	-0.732056	-0.673950
857	-0.714233	-0.643066
858	-0.713623	-0.652222
859	-0.732178	-0.669434
860	-0.726563	-0.641113
861	-0.718384	-0.621826
862	-0.728882	-0.661255
863	-0.739014	-0.697510
864	-0.744629	-0.721436
865	-0.757324	-0.720215
866	-0.759888	-0.719971
867	-0.751221	-0.693604
868	-0.746460	-0.678711
869	-0.767334	-0.707031
870	-0.750854	-0.717407
871	-0.773804	-0.769043
872	-0.767822	-0.757446
873	-0.757935	-0.743896
874	-0.763062	-0.741455
875	-0.770630	-0.736450
876	-0.754761	-0.707031
877	-0.754883	-0.680908
878	-0.759155	-0.719116
879	-0.748291	-0.703613
880	-0.766479	-0.738647
881	-0.746460	-0.706055
882	-0.753418	-0.714478
883	-0.742065	-0.705933
884	-0.749512	-0.719238
885	-0.751465	-0.729614
886	-0.752686	-0.726074
887	-0.750732	-0.748047
888	-0.754639	-0.754761
889	-0.776367	-0.772583
890	-0.756348	-0.753418
891	-0.760254	-0.738037
892	-0.744263	-0.720947
893	-0.750854	-0.701782
894	-0.755371	-0.716919
895	-0.731201	-0.675903
896	-0.728149	-0.663574
897	-0.741699	-0.704712
898	-0.736206	-0.687500
899	-0.735229	-0.719849
900	-0.739868	-0.717285
901	-0.767212	-0.741333
902	-0.743652	-0.712891
903	-0.751465	-0.728638
904	-0.744141	-0.710083
905	-0.744141	-0.701660
906	-0.741577	-0.676147
907	-0.742798	-0.686279
908	-0.727173	-0.654907
909	-0.729004	-0.675903
910	-0.728638	-0.664185
911	-0.732300	-0.652344
912	-0.727539	-0.632813
913	-0.723999	-0.650513
914	-0.741089	-0.688965
915	-0.748413	-0.727295
916	-0.752930	-0.721436
917	-0.766724	-0.716919
918	-0.753540	-0.712891
919	-0.744751	-0.681274
920	-0.756104	-0.684204
921	-0.755371	-0.711548
922	-0.771851	-0.770630
923	-0.763184	-0.744873
924	-0.756470	-0.744385
925	-0.758179	-0.731445
926	-0.761841	-0.736450
927	-0.751709	-0.704712
928	-0.749146	-0.678345
929	-0.751831	-0.718262
930	-0.750488	-0.704102
931	-0.764160	-0.744507
932	-0.733154	-0.686401
933	-0.754395	-0.719971
934	-0.741455	-0.698730
935	-0.750732	-0.717285
936	-0.758789	-0.726440
937	-0.767090	-0.735474
938	-0.769043	-0.761230
939	-0.759033	-0.756470
940	-0.768188	-0.763794
941	-0.765991	-0.764648
942	-0.770264	-0.766968
943	-0.759521	-0.744385
944	-0.758667	-0.713989
945	-0.762817	-0.719238
946	-0.744263	-0.694336
947	-0.736206	-0.668335
948	-0.745361	-0.699585
949	-0.742554	-0.691650
950	-0.731689	-0.703247
951	-0.755371	-0.722900
952	-0.757813	-0.731934
953	-0.750488	-0.704224
954	-0.743408	-0.719116
955	-0.755249	-0.722656
956	-0.754639	-0.709717
957	-0.744385	-0.674561
958	-0.734741	-0.682129
959	-0.726074	-0.662476
960	-0.721924	-0.665894
961	-0.733643	-0.664429
962	-0.723999	-0.653687
963	-0.725830	-0.626099
964	-0.730103	-0.650146
965	-0.740479	-0.685547
966	-0.739380	-0.710327
967	-0.757202	-0.729614
968	-0.750977	-0.700562
969	-0.751465	-0.711304
970	-0.744507	-0.682495
971	-0.738159	-0.668091
972	-0.756104	-0.713623
973	-0.780518	-0.765991
974	-0.758179	-0.740723
975	-0.760132	-0.748169
976	-0.768311	-0.745972
977	-0.747925	-0.729614
978	-0.757324	-0.731934
979	-0.756592	-0.687134
980	-0.755615	-0.704346
981	-0.753662	-0.699951
982	-0.764038	-0.741089
983	-0.756592	-0.703125
984	-0.745972	-0.698730
985	-0.745117	-0.711060
986	-0.757568	-0.720947
987	-0.757324	-0.729370
988	-0.762939	-0.743896
989	-0.760254	-0.750732
990	-0.754150	-0.749878
991	-0.763550	-0.757690
992	-0.765015	-0.761230
993	-0.756836	-0.752197
994	-0.765137	-0.751343
995	-0.751465	-0.704224
996	-0.750366	-0.711304
997	-0.743164	-0.710449
998	-0.741577	-0.679810
999	-0.736572	-0.695313
