0	-0.976563	-0.986084
1	-0.978516	-0.987549
2	-0.980591	-0.989014
3	-0.976196	-0.985107
4	-0.977295	-0.986206
5	-0.976685	-0.987061
6	-0.975464	-0.984253
7	-0.978638	-0.985840
8	-0.980713	-0.989624
9	-0.972656	-0.981689
10	-0.976685	-0.984497
11	-0.970703	-0.983154
12	-0.976563	-0.987183
13	-0.980469	-0.989136
14	-0.977417	-0.985840
15	-0.978760	-0.988281
16	-0.977173	-0.986816
17	-0.975342	-0.985718
18	-0.972656	-0.984497
19	-0.978149	-0.986938
20	-0.979492	-0.988403
21	-0.978394	-0.986938
22	-0.975098	-0.984375
23	-0.977051	-0.985840
24	-0.979980	-0.987427
25	-0.970581	-0.983276
26	-0.978271	-0.987305
27	-0.980713	-0.988647
28	-0.980835	-0.989380
29	-0.980957	-0.989868
30	-0.976318	-0.986450
31	-0.973511	-0.984619
32	-0.978149	-0.986694
33	-0.971313	-0.982544
34	-0.969727	-0.981812
35	-0.976074	-0.985596
36	-0.976685	-0.986328
37	-0.977173	-0.986084
38	-0.969971	-0.982788
39	-0.977051	-0.985229
40	-0.968872	-0.980347
41	-0.976074	-0.985840
42	-0.979248	-0.988525
43	-0.977783	-0.986328
44	-0.977051	-0.986938
45	-0.979126	-0.988892
46	-0.975586	-0.985718
47	-0.977051	-0.986694
48	-0.977295	-0.985718
49	-0.976807	-0.985840
50	-0.973755	-0.983643
51	-0.975342	-0.984375
52	-0.975098	-0.984619
53	-0.981567	-0.989746
54	-0.975342	-0.985229
55	-0.979614	-0.986328
56	-0.973755	-0.982056
57	-0.979492	-0.989136
58	-0.979858	-0.988403
59	-0.977417	-0.986572
60	-0.976563	-0.985229
61	-0.983765	-0.990479
62	-0.974243	-0.985840
63	-0.974121	-0.984741
64	-0.975586	-0.984009
65	-0.980591	-0.988770
66	-0.970703	-0.982544
67	-0.972168	-0.982666
68	-0.973022	-0.982300
69	-0.973877	-0.983887
70	-0.980591	-0.988892
71	-0.982544	-0.990845
72	-0.979614	-0.987793
73	-0.976196	-0.985596
74	-0.978027	-0.988525
75	-0.976563	-0.986938
76	-0.972412	-0.984009
77	-0.979736	-0.989014
78	-0.977173	-0.986084
79	-0.979980	-0.987671
80	-0.976318	-0.983765
81	-0.977295	-0.986816
82	-0.973389	-0.983521
83	-0.976807	-0.985962
84	-0.977295	-0.986572
85	-0.974731	-0.985107
86	-0.978882	-0.987305
87	-0.979614	-0.988281
88	-0.974609	-0.984863
89	-0.972168	-0.983398
90	-0.980225	-0.987427
91	-0.974365	-0.984131
92	-0.973633	-0.983398
93	-0.979370	-0.988159
94	-0.977905	-0.985229
95	-0.970459	-0.981445
96	-0.976685	-0.986572
97	-0.979004	-0.988281
98	-0.977051	-0.986206
99	-0.972900	-0.984619
100	-0.979614	-0.988037
101	-0.977661	-0.985718
102	-0.975708	-0.985962
103	-0.978638	-0.987183
104	-0.983276	-0.990356
105	-0.976563	-0.984741
106	-0.975952	-0.983154
107	-0.978271	-0.987305
108	-0.978394	-0.987793
109	-0.977173	-0.986328
110	-0.973877	-0.983154
111	-0.979858	-0.989258
112	-0.978760	-0.985596
113	-0.972656	-0.984131
114	-0.976563	-0.986084
115	-0.977905	-0.984741
116	-0.977905	-0.986328
117	-0.975952	-0.985596
118	-0.974609	-0.984741
119	-0.977905	-0.984009
120	-0.977539	-0.987549
121	-0.972656	-0.984619
122	-0.976074	-0.984619
123	-0.976685	-0.986328
124	-0.977051	-0.986450
125	-0.973755	-0.985107
126	-0.971802	-0.983643
127	-0.979492	-0.988159
128	-0.974243	-0.984985
129	-0.979614	-0.988037
130	-0.973389	-0.984009
131	-0.974121	-0.983032
132	-0.981201	-0.989258
133	-0.977905	-0.986816
134	-0.976807	-0.985352
135	-0.979248	-0.986938
136	-0.973145	-0.984253
137	-0.979492	-0.988892
138	-0.981689	-0.987793
139	-0.974365	-0.984497
140	-0.973267	-0.982422
141	-0.975342	-0.985474
142	-0.974609	-0.985229
143	-0.974487	-0.985352
144	-0.977905	-0.987305
145	-0.979126	-0.988037
146	-0.973511	-0.984131
147	-0.977173	-0.985229
148	-0.977051	-0.986450
149	-0.981689	-0.990112
150	-0.976563	-0.986816
151	-0.980835	-0.989746
152	-0.976685	-0.987061
153	-0.979004	-0.987061
154	-0.975952	-0.984863
155	-0.977661	-0.987671
156	-0.976563	-0.985962
157	-0.974976	-0.983276
158	-0.974487	-0.983032
159	-0.980225	-0.989502
160	-0.977905	-0.986572
161	-0.968262	-0.979736
162	-0.976074	-0.984863
163	-0.974487	-0.984863
164	-0.975342	-0.985596
165	-0.978638	-0.986328
166	-0.981934	-0.989746
167	-0.982666	-0.989990
168	-0.979126	-0.987793
169	-0.973633	-0.982666
170	-0.977173	-0.984497
171	-0.975098	-0.985107
172	-0.969482	-0.979492
173	-0.976929	-0.983398
174	-0.978760	-0.988037
175	-0.975464	-0.984497
176	-0.977783	-0.987183
177	-0.975586	-0.986206
178	-0.978027	-0.987915
179	-0.972290	-0.984497
180	-0.979980	-0.987915
181	-0.978638	-0.986084
182	-0.978638	-0.988281
183	-0.978516	-0.986328
184	-0.977173	-0.986450
185	-0.974365	-0.983276
186	-0.977173	-0.985596
187	-0.975830	-0.985107
188	-0.978882	-0.987671
189	-0.974976	-0.985474
190	-0.973145	-0.983154
191	-0.979492	-0.987671
192	-0.980591	-0.989624
193	-0.977539	-0.987061
194	-0.972168	-0.983398
195	-0.979980	-0.988770
196	-0.981567	-0.990234
197	-0.976929	-0.985840
198	-0.971558	-0.979492
199	-0.976196	-0.984863
200	-0.980835	-0.989014
201	-0.972046	-0.983765
202	-0.979126	-0.988281
203	-0.975830	-0.986694
204	-0.979492	-0.988159
205	-0.975952	-0.986328
206	-0.977173	-0.987305
207	-0.979858	-0.987549
208	-0.976685	-0.986084
209	-0.980469	-0.989502
210	-0.974854	-0.985962
211	-0.974365	-0.985474
212	-0.976929	-0.985962
213	-0.978027	-0.985474
214	-0.972046	-0.980835
215	-0.975830	-0.983398
216	-0.973145	-0.983032
217	-0.978394	-0.988525
218	-0.981689	-0.988892
219	-0.980469	-0.988525
220	-0.979370	-0.988525
221	-0.978638	-0.987549
222	-0.976929	-0.986084
223	-0.973511	-0.983154
224	-0.981201	-0.987549
225	-0.980103	-0.989014
226	-0.974487	-0.984863
227	-0.976074	-0.986450
228	-0.974854	-0.984741
229	-0.979614	-0.986938
230	-0.971924	-0.983521
231	-0.978882	-0.987549
232	-0.979370	-0.987793
233	-0.978638	-0.988525
234	-0.978638	-0.985352
235	-0.982788	-0.990479
236	-0.974854	-0.984863
237	-0.974365	-0.985718
238	-0.976563	-0.986694
239	-0.979370	-0.988403
240	-0.979126	-0.988159
241	-0.975098	-0.983521
242	-0.977905	-0.986206
243	-0.973877	-0.984985
244	-0.977783	-0.984741
245	-0.970093	-0.979980
246	-0.979858	-0.988647
247	-0.979126	-0.987671
248	-0.975708	-0.984497
249	-0.972900	-0.983765
250	-0.976807	-0.984741
251	-0.975708	-0.985718
252	-0.973389	-0.983765
253	-0.979370	-0.987793
254	-0.978271	-0.987061
255	-0.976929	-0.987061
256	-0.976563	-0.986084
257	-0.978516	-0.987549
258	-0.980591	-0.989014
259	-0.976196	-0.985107
260	-0.977295	-0.986206
261	-0.976685	-0.987061
262	-0.975464	-0.984253
263	-0.978638	-0.985840
264	-0.980713	-0.989624
265	-0.972656	-0.981689
266	-0.976685	-0.984497
267	-0.970703	-0.983154
268	-0.976563	-0.987183
269	-0.980469	-0.989136
270	-0.977417	-0.985840
271	-0.978760	-0.988281
272	-0.977173	-0.986816
273	-0.975342	-0.985718
274	-0.972656	-0.984497
275	-0.978149	-0.986938
276	-0.979492	-0.988403
277	-0.978394	-0.986938
278	-0.975098	-0.984375
279	-0.977051	-0.985840
280	-0.979980	-0.987427
281	-0.970581	-0.983276
282	-0.978271	-0.987305
283	-0.980713	-0.988647
284	-0.980835	-0.989380
285	-0.980957	-0.989868
286	-0.976318	-0.986450
287	-0.973511	-0.984619
288	-0.978149	-0.986694
289	-0.971313	-0.982544
290	-0.969727	-0.981812
291	-0.976074	-0.985596
292	-0.976685	-0.986328
293	-0.977173	-0.986084
294	-0.969971	-0.982788
295	-0.977051	-0.985229
296	-0.968872	-0.980347
297	-0.976074	-0.985840
298	-0.979248	-0.988525
299	-0.977783	-0.986328
300	-0.977051	-0.986938
301	-0.979126	-0.988892
302	-0.975586	-0.985718
303	-0.977051	-0.986694
304	-0.977295	-0.985718
305	-0.976807	-0.985840
306	-0.973755	-0.983643
307	-0.975342	-0.984375
308	-0.975098	-0.984619
309	-0.981567	-0.989746
310	-0.975342	-0.985229
311	-0.979614	-0.986328
312	-0.973755	-0.982056
313	-0.979492	-0.989136
314	-0.979858	-0.988403
315	-0.977417	-0.986572
316	-0.976563	-0.985229
317	-0.983765	-0.990479
318	-0.974243	-0.985840
319	-0.974121	-0.984741
320	-0.975586	-0.984009
321	-0.980591	-0.988770
322	-0.970703	-0.982544
323	-0.972168	-0.982666
324	-0.973022	-0.982300
325	-0.973877	-0.983887
326	-0.980591	-0.988892
327	-0.982544	-0.990845
328	-0.979614	-0.987793
329	-0.976196	-0.985596
330	-0.978027	-0.988525
331	-0.976563	-0.986938
332	-0.972412	-0.984009
333	-0.979736	-0.989014
334	-0.977173	-0.986084
335	-0.979980	-0.987671
336	-0.976318	-0.983765
337	-0.977295	-0.986816
338	-0.973389	-0.983521
339	-0.976807	-0.985962
340	-0.977295	-0.986572
341	-0.974731	-0.985107
342	-0.978882	-0.987305
343	-0.979614	-0.988281
344	-0.974609	-0.984863
345	-0.972168	-0.983398
346	-0.980225	-0.987427
347	-0.974365	-0.984131
348	-0.973633	-0.983398
349	-0.979370	-0.988159
350	-0.977905	-0.985229
351	-0.970459	-0.981445
352	-0.976685	-0.986572
353	-0.979004	-0.988281
354	-0.977051	-0.986206
355	-0.972900	-0.984619
356	-0.979614	-0.988037
357	-0.977661	-0.985718
358	-0.975708	-0.985962
359	-0.978638	-0.987183
360	-0.983276	-0.990356
361	-0.976563	-0.984741
362	-0.975952	-0.983154
363	-0.978271	-0.987305
364	-0.978394	-0.987793
365	-0.977173	-0.986328
366	-0.973877	-0.983154
367	-0.979858	-0.989258
368	-0.978760	-0.985596
369	-0.972656	-0.984131
370	-0.976563	-0.986084
371	-0.977905	-0.984741
372	-0.977905	-0.986328
373	-0.975952	-0.985596
374	-0.974609	-0.984741
375	-0.977905	-0.984009
376	-0.977539	-0.987549
377	-0.972656	-0.984619
378	-0.976074	-0.984619
379	-0.976685	-0.986328
380	-0.977051	-0.986450
381	-0.973755	-0.985107
382	-0.971802	-0.983643
383	-0.979492	-0.988159
384	-0.974243	-0.984985
385	-0.979614	-0.988037
386	-0.973389	-0.984009
387	-0.974121	-0.983032
388	-0.981201	-0.989258
389	-0.977905	-0.986816
390	-0.976807	-0.985352
391	-0.979248	-0.986938
392	-0.973145	-0.984253
393	-0.979492	-0.988892
394	-0.981689	-0.987793
395	-0.974365	-0.984497
396	-0.973267	-0.982422
397	-0.975342	-0.985474
398	-0.974609	-0.985229
399	-0.974487	-0.985352
400	-0.977905	-0.987305
401	-0.979126	-0.988037
402	-0.973511	-0.984131
403	-0.977173	-0.985229
404	-0.977051	-0.986450
405	-0.981689	-0.990112
406	-0.976563	-0.986816
407	-0.980835	-0.989746
408	-0.976685	-0.987061
409	-0.979004	-0.987061
410	-0.975952	-0.984863
411	-0.977661	-0.987671
412	-0.976563	-0.985962
413	-0.974976	-0.983276
414	-0.974487	-0.983032
415	-0.980225	-0.989502
416	-0.977905	-0.986572
417	-0.968262	-0.979736
418	-0.976074	-0.984863
419	-0.974487	-0.984863
420	-0.975342	-0.985596
421	-0.978638	-0.986328
422	-0.981934	-0.989746
423	-0.982666	-0.989990
424	-0.979126	-0.987793
425	-0.973633	-0.982666
426	-0.977173	-0.984497
427	-0.975098	-0.985107
428	-0.969482	-0.979492
429	-0.976929	-0.983398
430	-0.978760	-0.988037
431	-0.975464	-0.984497
432	-0.977783	-0.987183
433	-0.975586	-0.986206
434	-0.978027	-0.987915
435	-0.972290	-0.984497
436	-0.979980	-0.987915
437	-0.978638	-0.986084
438	-0.978638	-0.988281
439	-0.978516	-0.986328
440	-0.977173	-0.986450
441	-0.974365	-0.983276
442	-0.977173	-0.985596
443	-0.975830	-0.985107
444	-0.978882	-0.987671
445	-0.974976	-0.985474
446	-0.973145	-0.983154
447	-0.979492	-0.987671
448	-0.980591	-0.989624
449	-0.977539	-0.987061
450	-0.972168	-0.983398
451	-0.979980	-0.988770
452	-0.981567	-0.990234
453	-0.976929	-0.985840
454	-0.971558	-0.979492
455	-0.976196	-0.984863
456	-0.980835	-0.989014
457	-0.972046	-0.983765
458	-0.979126	-0.988281
459	-0.975830	-0.986694
460	-0.979492	-0.988159
461	-0.975952	-0.986328
462	-0.977173	-0.987305
463	-0.979858	-0.987549
464	-0.976685	-0.986084
465	-0.980469	-0.989502
466	-0.974854	-0.985962
467	-0.974365	-0.985474
468	-0.976929	-0.985962
469	-0.978027	-0.985474
470	-0.972046	-0.980835
471	-0.975830	-0.983398
472	-0.973145	-0.983032
473	-0.978394	-0.988525
474	-0.981689	-0.988892
475	-0.980469	-0.988525
476	-0.979370	-0.988525
477	-0.978638	-0.987549
478	-0.976929	-0.986084
479	-0.973511	-0.983154
480	-0.981201	-0.987549
481	-0.980103	-0.989014
482	-0.974487	-0.984863
483	-0.976074	-0.986450
484	-0.974854	-0.984741
485	-0.979614	-0.986938
486	-0.971924	-0.983521
487	-0.978882	-0.987549
488	-0.979370	-0.987793
489	-0.978638	-0.988525
490	-0.978638	-0.985352
491	-0.982788	-0.990479
492	-0.974854	-0.984863
493	-0.974365	-0.985718
494	-0.976563	-0.986694
495	-0.979370	-0.988403
496	-0.979126	-0.988159
497	-0.975098	-0.983521
498	-0.977905	-0.986206
499	-0.973877	-0.984985
500	-0.977783	-0.984741
501	-0.970093	-0.979980
502	-0.979858	-0.988647
503	-0.979126	-0.987671
504	-0.975708	-0.984497
505	-0.972900	-0.983765
506	-0.976807	-0.984741
507	-0.975708	-0.985718
508	-0.973389	-0.983765
509	-0.979370	-0.987793
510	-0.978271	-0.987061
511	-0.976929	-0.987061
512	-0.976563	-0.986084
513	-0.978516	-0.987549
514	-0.980591	-0.989014
515	-0.976196	-0.985107
516	-0.977295	-0.986206
517	-0.976685	-0.987061
518	-0.975464	-0.984253
519	-0.978638	-0.985840
520	-0.980713	-0.989624
521	-0.972656	-0.981689
522	-0.976685	-0.984497
523	-0.970703	-0.983154
524	-0.976563	-0.987183
525	-0.980469	-0.989136
526	-0.977417	-0.985840
527	-0.978760	-0.988281
528	-0.977173	-0.986816
529	-0.975342	-0.985718
530	-0.972656	-0.984497
531	-0.978149	-0.986938
532	-0.979492	-0.988403
533	-0.978394	-0.986938
534	-0.975098	-0.984375
535	-0.977051	-0.985840
536	-0.979980	-0.987427
537	-0.970581	-0.983276
538	-0.978271	-0.987305
539	-0.980713	-0.988647
540	-0.980835	-0.989380
541	-0.980957	-0.989868
542	-0.976318	-0.986450
543	-0.973511	-0.984619
544	-0.978149	-0.986694
545	-0.971313	-0.982544
546	-0.969727	-0.981812
547	-0.976074	-0.985596
548	-0.976685	-0.986328
549	-0.977173	-0.986084
550	-0.969971	-0.982788
551	-0.977051	-0.985229
552	-0.968872	-0.980347
553	-0.976074	-0.985840
554	-0.979248	-0.988525
555	-0.977783	-0.986328
556	-0.977051	-0.986938
557	-0.979126	-0.988892
558	-0.975586	-0.985718
559	-0.977051	-0.986694
560	-0.977295	-0.985718
561	-0.976807	-0.985840
562	-0.973755	-0.983643
563	-0.975342	-0.984375
564	-0.975098	-0.984619
565	-0.981567	-0.989746
566	-0.975342	-0.985229
567	-0.979614	-0.986328
568	-0.973755	-0.982056
569	-0.979492	-0.989136
570	-0.979858	-0.988403
571	-0.977417	-0.986572
572	-0.976563	-0.985229
573	-0.983765	-0.990479
574	-0.974243	-0.985840
575	-0.974121	-0.984741
576	-0.975586	-0.984009
577	-0.980591	-0.988770
578	-0.970703	-0.982544
579	-0.972168	-0.982666
580	-0.973022	-0.982300
581	-0.973877	-0.983887
582	-0.980591	-0.988892
583	-0.982544	-0.990845
584	-0.979614	-0.987793
585	-0.976196	-0.985596
586	-0.978027	-0.988525
587	-0.976563	-0.986938
588	-0.972412	-0.984009
589	-0.979736	-0.989014
590	-0.977173	-0.986084
591	-0.979980	-0.987671
592	-0.976318	-0.983765
593	-0.977295	-0.986816
594	-0.973389	-0.983521
595	-0.976807	-0.985962
596	-0.977295	-0.986572
597	-0.974731	-0.985107
598	-0.978882	-0.987305
599	-0.979614	-0.988281
600	-0.974609	-0.984863
601	-0.972168	-0.983398
602	-0.980225	-0.987427
603	-0.974365	-0.984131
604	-0.973633	-0.983398
605	-0.979370	-0.988159
606	-0.977905	-0.985229
607	-0.970459	-0.981445
608	-0.976685	-0.986572
609	-0.979004	-0.988281
610	-0.977051	-0.986206
611	-0.972900	-0.984619
612	-0.979614	-0.988037
613	-0.977661	-0.985718
614	-0.975708	-0.985962
615	-0.978638	-0.987183
616	-0.983276	-0.990356
617	-0.976563	-0.984741
618	-0.975952	-0.983154
619	-0.978271	-0.987305
620	-0.978394	-0.987793
621	-0.977173	-0.986328
622	-0.973877	-0.983154
623	-0.979858	-0.989258
624	-0.978760	-0.985596
625	-0.972656	-0.984131
626	-0.976563	-0.986084
627	-0.977905	-0.984741
628	-0.977905	-0.986328
629	-0.975952	-0.985596
630	-0.974609	-0.984741
631	-0.977905	-0.984009
632	-0.977539	-0.987549
633	-0.972656	-0.984619
634	-0.976074	-0.984619
635	-0.976685	-0.986328
636	-0.977051	-0.986450
637	-0.973755	-0.985107
638	-0.971802	-0.983643
639	-0.979492	-0.988159
640	-0.974243	-0.984985
641	-0.979614	-0.988037
642	-0.973389	-0.984009
643	-0.974121	-0.983032
644	-0.981201	-0.989258
645	-0.977905	-0.986816
646	-0.976807	-0.985352
647	-0.979248	-0.986938
648	-0.973145	-0.984253
649	-0.979492	-0.988892
650	-0.981689	-0.987793
651	-0.974365	-0.984497
652	-0.973267	-0.982422
653	-0.975342	-0.985474
654	-0.974609	-0.985229
655	-0.974487	-0.985352
656	-0.977905	-0.987305
657	-0.979126	-0.988037
658	-0.973511	-0.984131
659	-0.977173	-0.985229
660	-0.977051	-0.986450
661	-0.981689	-0.990112
662	-0.976563	-0.986816
663	-0.980835	-0.989746
664	-0.976685	-0.987061
665	-0.979004	-0.987061
666	-0.975952	-0.984863
667	-0.977661	-0.987671
668	-0.976563	-0.985962
669	-0.974976	-0.983276
670	-0.974487	-0.983032
671	-0.980225	-0.989502
672	-0.977905	-0.986572
673	-0.968262	-0.979736
674	-0.976074	-0.984863
675	-0.974487	-0.984863
676	-0.975342	-0.985596
677	-0.978638	-0.986328
678	-0.981934	-0.989746
679	-0.982666	-0.989990
680	-0.979126	-0.987793
681	-0.973633	-0.982666
682	-0.977173	-0.984497
683	-0.975098	-0.985107
684	-0.969482	-0.979492
685	-0.976929	-0.983398
686	-0.978760	-0.988037
687	-0.975464	-0.984497
688	-0.977783	-0.987183
689	-0.975586	-0.986206
690	-0.978027	-0.987915
691	-0.972290	-0.984497
692	-0.979980	-0.987915
693	-0.978638	-0.986084
694	-0.978638	-0.988281
695	-0.978516	-0.986328
696	-0.977173	-0.986450
697	-0.974365	-0.983276
698	-0.977173	-0.985596
699	-0.975830	-0.985107
700	-0.978882	-0.987671
701	-0.974976	-0.985474
702	-0.973145	-0.983154
703	-0.979492	-0.987671
704	-0.980591	-0.989624
705	-0.977539	-0.987061
706	-0.972168	-0.983398
707	-0.979980	-0.988770
708	-0.981567	-0.990234
709	-0.976929	-0.985840
710	-0.971558	-0.979492
711	-0.976196	-0.984863
712	-0.980835	-0.989014
713	-0.972046	-0.983765
714	-0.979126	-0.988281
715	-0.975830	-0.986694
716	-0.979492	-0.988159
717	-0.975952	-0.986328
718	-0.977173	-0.987305
719	-0.979858	-0.987549
720	-0.976685	-0.986084
721	-0.980469	-0.989502
722	-0.974854	-0.985962
723	-0.974365	-0.985474
724	-0.976929	-0.985962
725	-0.978027	-0.985474
726	-0.972046	-0.980835
727	-0.975830	-0.983398
728	-0.973145	-0.983032
729	-0.978394	-0.988525
730	-0.981689	-0.988892
731	-0.980469	-0.988525
732	-0.979370	-0.988525
733	-0.978638	-0.987549
734	-0.976929	-0.986084
735	-0.973511	-0.983154
736	-0.981201	-0.987549
737	-0.980103	-0.989014
738	-0.974487	-0.984863
739	-0.976074	-0.986450
740	-0.974854	-0.984741
741	-0.979614	-0.986938
742	-0.971924	-0.983521
743	-0.978882	-0.987549
744	-0.979370	-0.987793
745	-0.978638	-0.988525
746	-0.978638	-0.985352
747	-0.982788	-0.990479
748	-0.974854	-0.984863
749	-0.974365	-0.985718
750	-0.976563	-0.986694
751	-0.979370	-0.988403
752	-0.979126	-0.988159
753	-0.975098	-0.983521
754	-0.977905	-0.986206
755	-0.973877	-0.984985
756	-0.977783	-0.984741
757	-0.970093	-0.979980
758	-0.979858	-0.988647
759	-0.979126	-0.987671
760	-0.975708	-0.984497
761	-0.972900	-0.983765
762	-0.976807	-0.984741
763	-0.975708	-0.985718
764	-0.973389	-0.983765
765	-0.979370	-0.987793
766	-0.978271	-0.987061
767	-0.976929	-0.987061
768	-0.976563	-0.986084
769	-0.978516	-0.987549
770	-0.980591	-0.989014
771	-0.976196	-0.985107
772	-0.977295	-0.986206
773	-0.976685	-0.987061
774	-0.975464	-0.984253
775	-0.978638	-0.985840
776	-0.980713	-0.989624
777	-0.972656	-0.981689
778	-0.976685	-0.984497
779	-0.970703	-0.983154
780	-0.976563	-0.987183
781	-0.980469	-0.989136
782	-0.977417	-0.985840
783	-0.978760	-0.988281
784	-0.977173	-0.986816
785	-0.975342	-0.985718
786	-0.972656	-0.984497
787	-0.978149	-0.986938
788	-0.979492	-0.988403
789	-0.978394	-0.986938
790	-0.975098	-0.984375
791	-0.977051	-0.985840
792	-0.979980	-0.987427
793	-0.970581	-0.983276
794	-0.978271	-0.987305
795	-0.980713	-0.988647
796	-0.980835	-0.989380
797	-0.980957	-0.989868
798	-0.976318	-0.986450
799	-0.973511	-0.984619
800	-0.978149	-0.986694
801	-0.971313	-0.982544
802	-0.969727	-0.981812
803	-0.976074	-0.985596
804	-0.976685	-0.986328
805	-0.977173	-0.986084
806	-0.969971	-0.982788
807	-0.977051	-0.985229
808	-0.968872	-0.980347
809	-0.976074	-0.985840
810	-0.979248	-0.988525
811	-0.977783	-0.986328
812	-0.977051	-0.986938
813	-0.979126	-0.988892
814	-0.975586	-0.985718
815	-0.977051	-0.986694
816	-0.977295	-0.985718
817	-0.976807	-0.985840
818	-0.973755	-0.983643
819	-0.975342	-0.984375
820	-0.975098	-0.984619
821	-0.981567	-0.989746
822	-0.975342	-0.985229
823	-0.979614	-0.986328
824	-0.973755	-0.982056
825	-0.979492	-0.989136
826	-0.979858	-0.988403
827	-0.977417	-0.986572
828	-0.976563	-0.985229
829	-0.983765	-0.990479
830	-0.974243	-0.985840
831	-0.974121	-0.984741
832	-0.975586	-0.984009
833	-0.980591	-0.988770
834	-0.970703	-0.982544
835	-0.972168	-0.982666
836	-0.973022	-0.982300
837	-0.973877	-0.983887
838	-0.980591	-0.988892
839	-0.982544	-0.990845
840	-0.979614	-0.987793
841	-0.976196	-0.985596
842	-0.978027	-0.988525
843	-0.976563	-0.986938
844	-0.972412	-0.984009
845	-0.979736	-0.989014
846	-0.977173	-0.986084
847	-0.979980	-0.987671
848	-0.976318	-0.983765
849	-0.977295	-0.986816
850	-0.973389	-0.983521
851	-0.976807	-0.985962
852	-0.977295	-0.986572
853	-0.974731	-0.985107
854	-0.978882	-0.987305
855	-0.979614	-0.988281
856	-0.974609	-0.984863
857	-0.972168	-0.983398
858	-0.980225	-0.987427
859	-0.974365	-0.984131
860	-0.973633	-0.983398
861	-0.979370	-0.988159
862	-0.977905	-0.985229
863	-0.970459	-0.981445
864	-0.976685	-0.986572
865	-0.979004	-0.988281
866	-0.977051	-0.986206
867	-0.972900	-0.984619
868	-0.979614	-0.988037
869	-0.977661	-0.985718
870	-0.975708	-0.985962
871	-0.978638	-0.987183
872	-0.983276	-0.990356
873	-0.976563	-0.984741
874	-0.975952	-0.983154
875	-0.978271	-0.987305
876	-0.978394	-0.987793
877	-0.977173	-0.986328
878	-0.973877	-0.983154
879	-0.979858	-0.989258
880	-0.978760	-0.985596
881	-0.972656	-0.984131
882	-0.976563	-0.986084
883	-0.977905	-0.984741
884	-0.977905	-0.986328
885	-0.975952	-0.985596
886	-0.974609	-0.984741
887	-0.977905	-0.984009
888	-0.977539	-0.987549
889	-0.972656	-0.984619
890	-0.976074	-0.984619
891	-0.976685	-0.986328
892	-0.977051	-0.986450
893	-0.973755	-0.985107
894	-0.971802	-0.983643
895	-0.979492	-0.988159
896	-0.974243	-0.984985
897	-0.979614	-0.988037
898	-0.973389	-0.984009
899	-0.974121	-0.983032
900	-0.981201	-0.989258
901	-0.977905	-0.986816
902	-0.976807	-0.985352
903	-0.979248	-0.986938
904	-0.973145	-0.984253
905	-0.979492	-0.988892
906	-0.981689	-0.987793
907	-0.974365	-0.984497
908	-0.973267	-0.982422
909	-0.975342	-0.985474
910	-0.974609	-0.985229
911	-0.974487	-0.985352
912	-0.977905	-0.987305
913	-0.979126	-0.988037
914	-0.973511	-0.984131
915	-0.977173	-0.985229
916	-0.977051	-0.986450
917	-0.981689	-0.990112
918	-0.976563	-0.986816
919	-0.980835	-0.989746
920	-0.976685	-0.987061
921	-0.979004	-0.987061
922	-0.975952	-0.984863
923	-0.977661	-0.987671
924	-0.976563	-0.985962
925	-0.974976	-0.983276
926	-0.974487	-0.983032
927	-0.980225	-0.989502
928	-0.977905	-0.986572
929	-0.968262	-0.979736
930	-0.976074	-0.984863
931	-0.974487	-0.984863
932	-0.975342	-0.985596
933	-0.978638	-0.986328
934	-0.981934	-0.989746
935	-0.982666	-0.989990
936	-0.979126	-0.987793
937	-0.973633	-0.982666
938	-0.977173	-0.984497
939	-0.975098	-0.985107
940	-0.969482	-0.979492
941	-0.976929	-0.983398
942	-0.978760	-0.988037
943	-0.975464	-0.984497
944	-0.977783	-0.987183
945	-0.975586	-0.986206
946	-0.978027	-0.987915
947	-0.972290	-0.984497
948	-0.979980	-0.987915
949	-0.978638	-0.986084
950	-0.978638	-0.988281
951	-0.978516	-0.986328
952	-0.977173	-0.986450
953	-0.974365	-0.983276
954	-0.977173	-0.985596
955	-0.975830	-0.985107
956	-0.978882	-0.987671
957	-0.974976	-0.985474
958	-0.973145	-0.983154
959	-0.979492	-0.987671
960	-0.980591	-0.989624
961	-0.977539	-0.987061
962	-0.972168	-0.983398
963	-0.979980	-0.988770
964	-0.981567	-0.990234
965	-0.976929	-0.985840
966	-0.971558	-0.979492
967	-0.976196	-0.984863
968	-0.980835	-0.989014
969	-0.972046	-0.983765
970	-0.979126	-0.988281
971	-0.975830	-0.986694
972	-0.979492	-0.988159
973	-0.975952	-0.986328
974	-0.977173	-0.987305
975	-0.979858	-0.987549
976	-0.976685	-0.986084
977	-0.980469	-0.989502
978	-0.974854	-0.985962
979	-0.974365	-0.985474
980	-0.976929	-0.985962
981	-0.978027	-0.985474
982	-0.972046	-0.980835
983	-0.975830	-0.983398
984	-0.973145	-0.983032
985	-0.978394	-0.988525
986	-0.981689	-0.988892
987	-0.980469	-0.988525
988	-0.979370	-0.988525
989	-0.978638	-0.987549
990	-0.976929	-0.986084
991	-0.973511	-0.983154
992	-0.981201	-0.987549
993	-0.980103	-0.989014
994	-0.974487	-0.984863
995	-0.976074	-0.986450
996	-0.974854	-0.984741
997	-0.979614	-0.986938
998	-0.971924	-0.983521
999	-0.978882	-0.987549
