0	-0.859863	0.880371
1	-0.832031	0.858887
2	-0.855469	0.901367
3	-0.854492	0.899902
4	-0.863281	0.912598
5	-0.879883	0.914063
6	-0.834473	0.875977
7	-0.863770	0.899902
8	-0.856934	0.903320
9	-0.844238	0.892090
10	-0.849609	0.892090
11	-0.838867	0.865234
12	-0.844727	0.858398
13	-0.844727	0.876953
14	-0.826172	0.868164
15	-0.852539	0.895020
16	-0.836914	0.885254
17	-0.821289	0.872070
18	-0.847656	0.880859
19	-0.843750	0.873047
20	-0.833984	0.878906
21	-0.854004	0.878906
22	-0.869141	0.900879
23	-0.838379	0.874512
24	-0.835449	0.894043
25	-0.849121	0.897949
26	-0.830078	0.863770
27	-0.844238	0.886230
28	-0.854004	0.892578
29	-0.855469	0.895020
30	-0.855469	0.896973
31	-0.851563	0.887695
32	-0.846680	0.894043
33	-0.855469	0.889648
34	-0.830566	0.842773
35	-0.852051	0.887207
36	-0.859863	0.905762
37	-0.834473	0.866211
38	-0.850586	0.861816
39	-0.859863	0.905273
40	-0.847656	0.893066
41	-0.831055	0.874023
42	-0.851563	0.891113
43	-0.839355	0.879883
44	-0.851074	0.888672
45	-0.846680	0.872559
46	-0.859375	0.910645
47	-0.845703	0.890625
48	-0.831055	0.874512
49	-0.854492	0.889160
50	-0.846680	0.863281
51	-0.842773	0.894531
52	-0.860352	0.904785
53	-0.861328	0.896973
54	-0.828125	0.858398
55	-0.844238	0.891602
56	-0.847168	0.868652
57	-0.859863	0.900391
58	-0.844238	0.883789
59	-0.858398	0.900879
60	-0.848145	0.878906
61	-0.840332	0.879395
62	-0.842285	0.890625
63	-0.864746	0.912109
64	-0.856445	0.898438
65	-0.837402	0.872070
66	-0.861328	0.899414
67	-0.861328	0.895020
68	-0.833496	0.880859
69	-0.837402	0.870605
70	-0.859375	0.896484
71	-0.850098	0.881348
72	-0.854980	0.888184
73	-0.844727	0.883789
74	-0.855469	0.889648
75	-0.843262	0.886230
76	-0.853516	0.902344
77	-0.854492	0.906250
78	-0.864746	0.907715
79	-0.840820	0.863770
80	-0.851563	0.888672
81	-0.830566	0.857422
82	-0.837402	0.859863
83	-0.832031	0.877441
84	-0.864746	0.905273
85	-0.872070	0.914063
86	-0.834473	0.876465
87	-0.852051	0.890137
88	-0.839355	0.877930
89	-0.852539	0.890625
90	-0.844727	0.864258
91	-0.867676	0.906250
92	-0.851074	0.888184
93	-0.834961	0.860352
94	-0.838867	0.878906
95	-0.850098	0.893555
96	-0.849121	0.905273
97	-0.857422	0.877441
98	-0.848145	0.880859
99	-0.861328	0.903809
100	-0.857422	0.906250
101	-0.837402	0.887695
102	-0.857422	0.897949
103	-0.823242	0.880371
104	-0.848633	0.853516
105	-0.823730	0.823730
106	-0.811035	0.834961
107	-0.830566	0.869141
108	-0.826172	0.855957
109	-0.870605	0.896484
110	-0.834473	0.853516
111	-0.847168	0.858887
112	-0.846191	0.886719
113	-0.839355	0.880371
114	-0.840332	0.879395
115	-0.858398	0.910156
116	-0.875000	0.908203
117	-0.848633	0.887207
118	-0.847168	0.872070
119	-0.872070	0.915527
120	-0.855469	0.909668
121	-0.839355	0.876465
122	-0.869141	0.918945
123	-0.844727	0.889648
124	-0.853516	0.902832
125	-0.860352	0.900391
126	-0.818359	0.814941
127	-0.841797	0.856934
128	-0.852051	0.859863
129	-0.847656	0.857422
130	-0.853027	0.875488
131	-0.839844	0.885254
132	-0.884766	0.929688
133	-0.869141	0.914551
134	-0.854980	0.895996
135	-0.854004	0.895996
136	-0.846191	0.896484
137	-0.824219	0.860352
138	-0.830566	0.868164
139	-0.860352	0.909668
140	-0.866211	0.900879
141	-0.825684	0.872559
142	-0.838867	0.885254
143	-0.840820	0.879395
144	-0.859375	0.877930
145	-0.856445	0.881836
146	-0.850586	0.895508
147	-0.827148	0.859863
148	-0.853027	0.875488
149	-0.861328	0.908203
150	-0.859375	0.901367
151	-0.867188	0.903320
152	-0.839844	0.871094
153	-0.856934	0.897461
154	-0.857422	0.899902
155	-0.832031	0.865234
156	-0.836914	0.883301
157	-0.842773	0.886230
158	-0.847168	0.881348
159	-0.835938	0.883789
160	-0.862793	0.900879
161	-0.874512	0.920898
162	-0.848145	0.899902
163	-0.854980	0.905762
164	-0.849609	0.873535
165	-0.853027	0.888672
166	-0.862305	0.893066
167	-0.854980	0.875000
168	-0.870605	0.899414
169	-0.854980	0.906738
170	-0.854004	0.895996
171	-0.864258	0.912109
172	-0.866211	0.902832
173	-0.844727	0.881836
174	-0.853516	0.870605
175	-0.841309	0.873535
176	-0.831055	0.883301
177	-0.862793	0.907227
178	-0.855469	0.884277
179	-0.848633	0.868164
180	-0.847168	0.896484
181	-0.841309	0.877930
182	-0.839355	0.875977
183	-0.827148	0.842285
184	-0.845215	0.863770
185	-0.838379	0.886230
186	-0.840332	0.874023
187	-0.847656	0.876953
188	-0.843262	0.898926
189	-0.857422	0.896484
190	-0.858887	0.903809
191	-0.858887	0.878906
192	-0.858887	0.902344
193	-0.857910	0.896484
194	-0.816406	0.850586
195	-0.842773	0.877930
196	-0.846191	0.885742
197	-0.832520	0.874023
198	-0.827148	0.881836
199	-0.845703	0.882324
200	-0.873047	0.916504
201	-0.843750	0.885742
202	-0.862305	0.912109
203	-0.848145	0.874023
204	-0.827637	0.854980
205	-0.849609	0.878906
206	-0.857910	0.865234
207	-0.845703	0.880371
208	-0.857422	0.876465
209	-0.863281	0.893555
210	-0.868164	0.909180
211	-0.834473	0.871094
212	-0.880859	0.914551
213	-0.858887	0.894531
214	-0.842285	0.896973
215	-0.852539	0.900879
216	-0.848145	0.874023
217	-0.865234	0.878418
218	-0.855957	0.891602
219	-0.830078	0.880371
220	-0.853516	0.894043
221	-0.843262	0.887207
222	-0.845215	0.895020
223	-0.835449	0.881348
224	-0.849121	0.888184
225	-0.838867	0.883301
226	-0.862305	0.898926
227	-0.858398	0.894531
228	-0.865723	0.902344
229	-0.868164	0.908203
230	-0.856934	0.911621
231	-0.829590	0.857910
232	-0.836914	0.872070
233	-0.861816	0.903320
234	-0.868164	0.908691
235	-0.848145	0.899414
236	-0.846680	0.890625
237	-0.868652	0.898438
238	-0.857422	0.894531
239	-0.818848	0.853516
240	-0.870605	0.897461
241	-0.865234	0.912598
242	-0.850586	0.895996
243	-0.869141	0.911621
244	-0.869141	0.914551
245	-0.858887	0.905762
246	-0.827637	0.858398
247	-0.837891	0.859863
248	-0.833984	0.868164
249	-0.864258	0.911621
250	-0.854980	0.890137
251	-0.854492	0.894531
252	-0.845215	0.889648
253	-0.838867	0.881348
254	-0.850586	0.878906
255	-0.846191	0.873535
256	-0.832520	0.881836
257	-0.864746	0.907227
258	-0.847168	0.880371
259	-0.843750	0.886230
260	-0.855469	0.889648
261	-0.851074	0.881348
262	-0.852051	0.894531
263	-0.830078	0.871582
264	-0.843750	0.892578
265	-0.870117	0.892578
266	-0.832031	0.865723
267	-0.846191	0.888672
268	-0.856934	0.910156
269	-0.865234	0.897461
270	-0.838867	0.875977
271	-0.863770	0.902832
272	-0.874023	0.903320
273	-0.855469	0.888672
274	-0.840820	0.886230
275	-0.863281	0.896484
276	-0.848633	0.885254
277	-0.861328	0.913574
278	-0.855469	0.900879
279	-0.829102	0.869629
280	-0.857910	0.891602
281	-0.842285	0.884277
282	-0.855957	0.899414
283	-0.870605	0.918457
284	-0.844238	0.878418
285	-0.852539	0.894531
286	-0.821289	0.843262
287	-0.852539	0.879883
288	-0.841309	0.888672
289	-0.864258	0.905762
290	-0.876953	0.908691
291	-0.842285	0.883789
292	-0.864258	0.908691
293	-0.859375	0.898926
294	-0.853516	0.889648
295	-0.823730	0.855957
296	-0.865723	0.895996
297	-0.862305	0.903320
298	-0.842773	0.867188
299	-0.851563	0.894043
300	-0.877441	0.922363
301	-0.851074	0.899414
302	-0.856445	0.883301
303	-0.859863	0.862305
304	-0.854980	0.885742
305	-0.873535	0.916016
306	-0.859863	0.895020
307	-0.844238	0.882324
308	-0.843262	0.877930
309	-0.856445	0.856934
310	-0.829590	0.812988
311	-0.825684	0.811523
312	-0.836426	0.857910
313	-0.837891	0.855957
314	-0.871582	0.903320
315	-0.838379	0.869141
316	-0.836914	0.872559
317	-0.852539	0.892090
318	-0.852051	0.899902
319	-0.838867	0.878418
320	-0.890137	0.931641
321	-0.870605	0.908203
322	-0.841797	0.869629
323	-0.842285	0.891602
324	-0.880859	0.924316
325	-0.889648	0.930664
326	-0.876465	0.917480
327	-0.869141	0.917480
328	-0.851074	0.893066
329	-0.843750	0.891113
330	-0.842773	0.862793
331	-0.844238	0.835449
332	-0.826660	0.840820
333	-0.833984	0.841309
334	-0.867676	0.877930
335	-0.839844	0.872070
336	-0.854004	0.899414
337	-0.872070	0.910645
338	-0.852051	0.901855
339	-0.851074	0.899902
340	-0.848633	0.887207
341	-0.843262	0.892578
342	-0.856934	0.891602
343	-0.881348	0.917480
344	-0.856934	0.895020
345	-0.844727	0.873535
346	-0.828613	0.838379
347	-0.838379	0.875000
348	-0.843750	0.890137
349	-0.860352	0.892090
350	-0.842773	0.870605
351	-0.849121	0.895996
352	-0.848145	0.873047
353	-0.844238	0.890625
354	-0.887207	0.928711
355	-0.854492	0.892090
356	-0.866699	0.906250
357	-0.850098	0.892090
358	-0.841797	0.891113
359	-0.877441	0.910645
360	-0.848145	0.861328
361	-0.842773	0.894531
362	-0.853027	0.893066
363	-0.840820	0.873535
364	-0.846191	0.895020
365	-0.874512	0.896973
366	-0.867676	0.916992
367	-0.853027	0.901367
368	-0.848633	0.864258
369	-0.863281	0.868164
370	-0.854004	0.895508
371	-0.848145	0.882324
372	-0.858398	0.868164
373	-0.870117	0.907227
374	-0.857422	0.895020
375	-0.841309	0.889648
376	-0.851563	0.896973
377	-0.874512	0.901367
378	-0.836426	0.890625
379	-0.850098	0.890625
380	-0.868652	0.914063
381	-0.853516	0.902344
382	-0.871094	0.914063
383	-0.846680	0.877441
384	-0.850586	0.857422
385	-0.851563	0.879395
386	-0.859863	0.903809
387	-0.855957	0.890137
388	-0.833984	0.835449
389	-0.864746	0.875977
390	-0.859863	0.903809
391	-0.840332	0.882813
392	-0.854980	0.897949
393	-0.862793	0.914063
394	-0.890137	0.918457
395	-0.870605	0.919434
396	-0.851074	0.862305
397	-0.872559	0.916016
398	-0.833496	0.883789
399	-0.830566	0.861816
400	-0.850098	0.876953
401	-0.842285	0.875977
402	-0.845215	0.878418
403	-0.834473	0.882324
404	-0.838379	0.871094
405	-0.864258	0.906250
406	-0.833984	0.852539
407	-0.857910	0.899414
408	-0.869141	0.893555
409	-0.863770	0.904297
410	-0.817383	0.839844
411	-0.869141	0.887207
412	-0.863281	0.871582
413	-0.876465	0.917969
414	-0.865723	0.914063
415	-0.864746	0.906250
416	-0.849121	0.894531
417	-0.877930	0.915039
418	-0.858398	0.905273
419	-0.840820	0.899902
420	-0.869141	0.916504
421	-0.856445	0.891113
422	-0.856934	0.877930
423	-0.823242	0.850098
424	-0.857422	0.893555
425	-0.859863	0.907227
426	-0.835449	0.887207
427	-0.864258	0.898926
428	-0.861816	0.896973
429	-0.873047	0.910645
430	-0.854004	0.885742
431	-0.860352	0.900879
432	-0.849121	0.871094
433	-0.832520	0.873535
434	-0.878906	0.909668
435	-0.857910	0.913086
436	-0.849121	0.890625
437	-0.863281	0.906738
438	-0.840332	0.875488
439	-0.872559	0.918945
440	-0.837402	0.870605
441	-0.838379	0.862793
442	-0.869141	0.890137
443	-0.840332	0.884277
444	-0.837891	0.853516
445	-0.833984	0.871582
446	-0.855469	0.891602
447	-0.846680	0.885254
448	-0.856445	0.901367
449	-0.858398	0.887207
450	-0.844727	0.871582
451	-0.850098	0.880371
452	-0.851074	0.871582
453	-0.848145	0.889160
454	-0.843750	0.899414
455	-0.849609	0.889160
456	-0.859375	0.907227
457	-0.844238	0.870605
458	-0.840332	0.883301
459	-0.857422	0.889160
460	-0.848145	0.864258
461	-0.859863	0.909180
462	-0.869141	0.914063
463	-0.859863	0.892090
464	-0.841797	0.890625
465	-0.867188	0.907715
466	-0.828613	0.855469
467	-0.836914	0.876465
468	-0.836914	0.873535
469	-0.864746	0.895508
470	-0.861328	0.896973
471	-0.835938	0.875000
472	-0.844238	0.880859
473	-0.841309	0.897461
474	-0.841309	0.883301
475	-0.856934	0.897461
476	-0.866699	0.905273
477	-0.838379	0.882324
478	-0.858887	0.887207
479	-0.828613	0.855469
480	-0.844727	0.883789
481	-0.861328	0.879395
482	-0.840332	0.891602
483	-0.855469	0.888672
484	-0.842773	0.854004
485	-0.845703	0.887695
486	-0.847168	0.896484
487	-0.852051	0.888672
488	-0.863770	0.908203
489	-0.842285	0.883301
490	-0.856934	0.904297
491	-0.825684	0.856445
492	-0.860352	0.899414
493	-0.872559	0.921387
494	-0.859863	0.905273
495	-0.839844	0.876953
496	-0.854492	0.890137
497	-0.859375	0.899414
498	-0.866211	0.903320
499	-0.829590	0.872070
500	-0.844238	0.862305
501	-0.846680	0.891602
502	-0.832520	0.877441
503	-0.869629	0.901855
504	-0.848145	0.896484
505	-0.861328	0.898926
506	-0.852051	0.840820
507	-0.848145	0.842285
508	-0.846680	0.859863
509	-0.860840	0.912109
510	-0.864746	0.900879
511	-0.855957	0.902344
512	-0.847656	0.898926
513	-0.844238	0.851563
514	-0.828125	0.839355
515	-0.807129	0.811523
516	-0.817871	0.814941
517	-0.849121	0.882813
518	-0.839355	0.871094
519	-0.857910	0.899902
520	-0.830566	0.856934
521	-0.831055	0.872559
522	-0.859863	0.891602
523	-0.853516	0.903320
524	-0.843262	0.876465
525	-0.871582	0.917969
526	-0.889160	0.920410
527	-0.823730	0.848633
528	-0.842773	0.862305
529	-0.863770	0.909180
530	-0.875488	0.920410
531	-0.871582	0.918457
532	-0.854492	0.898926
533	-0.861328	0.906250
534	-0.838379	0.890137
535	-0.826172	0.852539
536	-0.838867	0.846191
537	-0.820801	0.837891
538	-0.863281	0.863281
539	-0.829590	0.841309
540	-0.833984	0.841797
541	-0.854004	0.887695
542	-0.876465	0.910156
543	-0.872559	0.916504
544	-0.837891	0.877930
545	-0.854980	0.897461
546	-0.833496	0.884277
547	-0.850586	0.893555
548	-0.859863	0.911621
549	-0.859375	0.896973
550	-0.854492	0.897949
551	-0.844727	0.867188
552	-0.854980	0.878906
553	-0.853027	0.899902
554	-0.826660	0.869141
555	-0.830566	0.864746
556	-0.843262	0.885254
557	-0.864258	0.899902
558	-0.867188	0.916504
559	-0.874512	0.917969
560	-0.859863	0.903320
561	-0.864258	0.916992
562	-0.844727	0.880371
563	-0.822266	0.873535
564	-0.848145	0.882813
565	-0.850098	0.880371
566	-0.829590	0.884766
567	-0.856445	0.885254
568	-0.821289	0.861816
569	-0.853027	0.900391
570	-0.858887	0.900879
571	-0.849609	0.888672
572	-0.857422	0.905273
573	-0.838379	0.876465
574	-0.851563	0.885742
575	-0.849609	0.886719
576	-0.848145	0.878418
577	-0.839844	0.864746
578	-0.849121	0.854980
579	-0.855469	0.883301
580	-0.859863	0.904297
581	-0.845215	0.887695
582	-0.847656	0.867676
583	-0.832520	0.880859
584	-0.879395	0.917969
585	-0.882324	0.925781
586	-0.849609	0.894043
587	-0.879395	0.916504
588	-0.847168	0.881348
589	-0.834473	0.880371
590	-0.840820	0.881836
591	-0.858398	0.899902
592	-0.869141	0.909668
593	-0.842773	0.840332
594	-0.857910	0.870605
595	-0.873047	0.915039
596	-0.837891	0.880371
597	-0.827637	0.866699
598	-0.859375	0.905273
599	-0.888672	0.929199
600	-0.867188	0.895508
601	-0.842285	0.860352
602	-0.869629	0.912598
603	-0.821289	0.867188
604	-0.835449	0.865234
605	-0.868652	0.891113
606	-0.842773	0.876953
607	-0.829590	0.863770
608	-0.833008	0.863770
609	-0.843262	0.871582
610	-0.845703	0.897949
611	-0.845215	0.879883
612	-0.869629	0.916016
613	-0.838867	0.864258
614	-0.852051	0.881348
615	-0.831055	0.865723
616	-0.825195	0.861328
617	-0.850098	0.878906
618	-0.857910	0.901855
619	-0.892578	0.930176
620	-0.853027	0.894043
621	-0.855469	0.891113
622	-0.861328	0.906738
623	-0.852539	0.895508
624	-0.847168	0.898438
625	-0.852051	0.897949
626	-0.855469	0.884766
627	-0.864258	0.895996
628	-0.811523	0.848633
629	-0.837891	0.884277
630	-0.854980	0.904297
631	-0.822754	0.867676
632	-0.851074	0.891602
633	-0.861816	0.908691
634	-0.842773	0.885254
635	-0.830078	0.872559
636	-0.880371	0.919922
637	-0.841309	0.888672
638	-0.833984	0.884766
639	-0.871582	0.903320
640	-0.851563	0.898438
641	-0.863281	0.909668
642	-0.840332	0.882813
643	-0.819336	0.836914
644	-0.871094	0.913574
645	-0.844727	0.873047
646	-0.857422	0.891602
647	-0.875000	0.899414
648	-0.852539	0.890137
649	-0.850098	0.882813
650	-0.851563	0.899414
651	-0.851563	0.887207
652	-0.843262	0.878906
653	-0.840332	0.884277
654	-0.852051	0.884277
655	-0.842285	0.885254
656	-0.835938	0.852539
657	-0.852539	0.883789
658	-0.858398	0.903809
659	-0.860352	0.907715
660	-0.841797	0.870605
661	-0.853027	0.898926
662	-0.833496	0.854492
663	-0.861328	0.904297
664	-0.868652	0.850586
665	-0.834961	0.886719
666	-0.849121	0.885742
667	-0.870117	0.912598
668	-0.851074	0.886719
669	-0.854980	0.905762
670	-0.852051	0.897461
671	-0.855957	0.891113
672	-0.844238	0.877930
673	-0.831543	0.867188
674	-0.875488	0.906250
675	-0.866699	0.902344
676	-0.852051	0.893555
677	-0.848145	0.886230
678	-0.847656	0.898438
679	-0.853027	0.896973
680	-0.850098	0.897461
681	-0.866211	0.902832
682	-0.851563	0.892090
683	-0.861328	0.883301
684	-0.849121	0.887695
685	-0.839355	0.884277
686	-0.855957	0.892578
687	-0.848633	0.897949
688	-0.865723	0.893555
689	-0.857910	0.875488
690	-0.847168	0.893066
691	-0.865723	0.910156
692	-0.854004	0.900391
693	-0.851563	0.897949
694	-0.851074	0.899414
695	-0.856445	0.893555
696	-0.822266	0.859863
697	-0.848145	0.882324
698	-0.860840	0.910645
699	-0.856934	0.900879
700	-0.831543	0.866211
701	-0.854980	0.897461
702	-0.847656	0.896484
703	-0.848145	0.895020
704	-0.837402	0.851563
705	-0.842285	0.875977
706	-0.881348	0.923340
707	-0.844727	0.873535
708	-0.840332	0.875000
709	-0.872559	0.912598
710	-0.851563	0.899902
711	-0.835449	0.821777
712	-0.850586	0.875977
713	-0.833496	0.869141
714	-0.875977	0.914551
715	-0.853516	0.889160
716	-0.845215	0.888672
717	-0.848145	0.897461
718	-0.854980	0.862793
719	-0.841797	0.837891
720	-0.821289	0.814453
721	-0.844727	0.857910
722	-0.844238	0.875977
723	-0.859375	0.897461
724	-0.868652	0.913086
725	-0.843262	0.881348
726	-0.850586	0.892090
727	-0.864746	0.897461
728	-0.841309	0.894043
729	-0.861816	0.903809
730	-0.874512	0.914551
731	-0.859863	0.894043
732	-0.820801	0.857910
733	-0.865723	0.900391
734	-0.855957	0.908691
735	-0.854492	0.889160
736	-0.863281	0.912109
737	-0.853027	0.888672
738	-0.848145	0.887207
739	-0.850098	0.901367
740	-0.824707	0.834961
741	-0.830566	0.834473
742	-0.845215	0.853027
743	-0.865723	0.865723
744	-0.867188	0.886230
745	-0.814941	0.821777
746	-0.853027	0.897461
747	-0.874023	0.911133
748	-0.884277	0.924805
749	-0.843750	0.883301
750	-0.850586	0.896973
751	-0.845215	0.885742
752	-0.836914	0.867676
753	-0.835449	0.879395
754	-0.869629	0.904297
755	-0.875000	0.915527
756	-0.840820	0.885742
757	-0.856445	0.884766
758	-0.877930	0.909180
759	-0.836426	0.874512
760	-0.857910	0.894043
761	-0.865723	0.900391
762	-0.842285	0.892090
763	-0.871582	0.915527
764	-0.856934	0.883301
765	-0.847168	0.890137
766	-0.843750	0.886719
767	-0.849121	0.889648
768	-0.838379	0.889160
769	-0.847656	0.892578
770	-0.835938	0.876953
771	-0.850586	0.876953
772	-0.844238	0.862305
773	-0.818359	0.863281
774	-0.847168	0.897461
775	-0.854980	0.899902
776	-0.857422	0.900879
777	-0.860840	0.898438
778	-0.851563	0.879883
779	-0.835938	0.876953
780	-0.832520	0.864746
781	-0.850586	0.888184
782	-0.846191	0.883301
783	-0.866699	0.909180
784	-0.869629	0.911621
785	-0.851074	0.906250
786	-0.857910	0.886230
787	-0.850586	0.882324
788	-0.864258	0.910645
789	-0.856934	0.902832
790	-0.849609	0.892578
791	-0.869141	0.915527
792	-0.872070	0.913086
793	-0.867676	0.896484
794	-0.842285	0.887207
795	-0.860840	0.895996
796	-0.864746	0.901855
797	-0.851074	0.895020
798	-0.838867	0.811035
799	-0.886230	0.916992
800	-0.851074	0.891602
801	-0.832520	0.875000
802	-0.836914	0.857910
803	-0.846191	0.884277
804	-0.865723	0.906250
805	-0.859863	0.899414
806	-0.834961	0.862305
807	-0.869629	0.908203
808	-0.828125	0.878906
809	-0.825195	0.856934
810	-0.840332	0.859375
811	-0.837402	0.875977
812	-0.846680	0.881836
813	-0.829102	0.854004
814	-0.849609	0.899902
815	-0.850586	0.893555
816	-0.855957	0.899902
817	-0.873535	0.915527
818	-0.830078	0.848633
819	-0.851074	0.874023
820	-0.846680	0.875000
821	-0.843750	0.884277
822	-0.840332	0.884277
823	-0.868652	0.915527
824	-0.886719	0.921875
825	-0.840332	0.887695
826	-0.856934	0.907715
827	-0.871582	0.905273
828	-0.862305	0.901367
829	-0.852051	0.905273
830	-0.862793	0.911621
831	-0.843750	0.872559
832	-0.833008	0.878418
833	-0.838379	0.882324
834	-0.857910	0.905273
835	-0.845215	0.895996
836	-0.821289	0.855469
837	-0.837402	0.872070
838	-0.861328	0.894531
839	-0.846680	0.883789
840	-0.847168	0.875488
841	-0.871582	0.900391
842	-0.832520	0.885742
843	-0.854980	0.903320
844	-0.846191	0.882324
845	-0.852539	0.889160
846	-0.853516	0.878418
847	-0.871094	0.901855
848	-0.828125	0.870117
849	-0.852539	0.901855
850	-0.843262	0.886719
851	-0.877441	0.911621
852	-0.880859	0.912109
853	-0.829590	0.856934
854	-0.842285	0.876953
855	-0.860352	0.910645
856	-0.835938	0.875977
857	-0.841309	0.872559
858	-0.855957	0.890625
859	-0.851074	0.883301
860	-0.833008	0.876953
861	-0.852539	0.866211
862	-0.856934	0.891602
863	-0.873535	0.908691
864	-0.859863	0.907715
865	-0.841797	0.874512
866	-0.849609	0.890137
867	-0.823242	0.848633
868	-0.849609	0.887207
869	-0.847168	0.864746
870	-0.850098	0.896484
871	-0.860352	0.894531
872	-0.877441	0.924316
873	-0.842285	0.880859
874	-0.846680	0.884277
875	-0.838867	0.877930
876	-0.859375	0.893066
877	-0.871582	0.904297
878	-0.832031	0.873535
879	-0.845215	0.867188
880	-0.869629	0.892578
881	-0.842285	0.884766
882	-0.851074	0.896484
883	-0.844238	0.897949
884	-0.849609	0.894531
885	-0.865723	0.901855
886	-0.847656	0.892578
887	-0.860840	0.877930
888	-0.851074	0.884277
889	-0.870117	0.913086
890	-0.864746	0.895020
891	-0.853027	0.906250
892	-0.857910	0.899414
893	-0.846680	0.890137
894	-0.845215	0.869141
895	-0.855469	0.904297
896	-0.850586	0.899414
897	-0.863281	0.906250
898	-0.870605	0.903809
899	-0.859863	0.900391
900	-0.857910	0.895996
901	-0.815430	0.835449
902	-0.840332	0.857910
903	-0.856445	0.895996
904	-0.853516	0.904785
905	-0.836426	0.872070
906	-0.863770	0.912109
907	-0.851074	0.895508
908	-0.859375	0.900879
909	-0.843750	0.863770
910	-0.867188	0.895020
911	-0.855469	0.910156
912	-0.831055	0.857910
913	-0.823242	0.866211
914	-0.869629	0.912109
915	-0.872559	0.911621
916	-0.850098	0.839355
917	-0.853516	0.874512
918	-0.860352	0.891602
919	-0.856445	0.903809
920	-0.857422	0.896973
921	-0.859863	0.906250
922	-0.855469	0.899414
923	-0.839844	0.842285
924	-0.832031	0.818848
925	-0.832520	0.834473
926	-0.830566	0.855957
927	-0.858398	0.887207
928	-0.860352	0.895508
929	-0.864746	0.911133
930	-0.846191	0.889160
931	-0.840332	0.881348
932	-0.870605	0.900391
933	-0.855957	0.901855
934	-0.858887	0.909668
935	-0.867676	0.896484
936	-0.846191	0.877441
937	-0.842285	0.877441
938	-0.854492	0.906250
939	-0.869141	0.914063
940	-0.844727	0.868164
941	-0.861816	0.910156
942	-0.864746	0.903809
943	-0.841797	0.892090
944	-0.873047	0.914551
945	-0.835938	0.841309
946	-0.844238	0.854004
947	-0.817871	0.833008
948	-0.830566	0.847168
949	-0.858398	0.877441
950	-0.837402	0.867188
951	-0.867676	0.915039
952	-0.858887	0.906738
953	-0.869629	0.912109
954	-0.856934	0.885742
955	-0.846680	0.890137
956	-0.838867	0.879883
957	-0.846191	0.883789
958	-0.864746	0.903320
959	-0.854980	0.890625
960	-0.870605	0.912109
961	-0.829590	0.876465
962	-0.838867	0.875977
963	-0.865723	0.908203
964	-0.844727	0.883789
965	-0.837891	0.888184
966	-0.843262	0.874023
967	-0.864258	0.899902
968	-0.874023	0.919922
969	-0.862793	0.896973
970	-0.842773	0.884277
971	-0.867676	0.911133
972	-0.870605	0.909180
973	-0.850098	0.893555
974	-0.860352	0.869141
975	-0.838867	0.883301
976	-0.841309	0.876465
977	-0.853516	0.877930
978	-0.826660	0.873047
979	-0.875977	0.916016
980	-0.846191	0.901855
981	-0.872070	0.917480
982	-0.861328	0.902344
983	-0.838379	0.872559
984	-0.861816	0.901367
985	-0.855469	0.884277
986	-0.862305	0.895508
987	-0.872559	0.906738
988	-0.849121	0.899902
989	-0.840820	0.894043
990	-0.869141	0.909668
991	-0.865234	0.903809
992	-0.869629	0.896484
993	-0.870605	0.904785
994	-0.862793	0.895996
995	-0.836426	0.885742
996	-0.863281	0.898438
997	-0.835449	0.871094
998	-0.864746	0.892090
999	-0.862305	0.904297
