0	-0.602051	0.004883
1	-0.562500	0.013184
2	-0.561035	-0.047363
3	-0.568848	-0.139160
4	-0.561035	-0.167969
5	-0.577148	-0.214355
6	-0.591797	-0.118652
7	-0.552734	-0.165039
8	-0.578125	-0.163086
9	-0.600586	-0.137207
10	-0.592285	-0.065918
11	-0.569824	-0.065430
12	-0.604980	-0.080078
13	-0.566895	-0.112793
14	-0.580078	-0.114258
15	-0.568359	-0.021973
16	-0.585449	0.083008
17	-0.589355	0.080078
18	-0.576660	0.205078
19	-0.584473	0.204590
20	-0.614746	0.193848
21	-0.593262	0.204590
22	-0.582520	0.142578
23	-0.588867	0.227051
24	-0.586426	0.257324
25	-0.527344	0.260742
26	-0.555176	0.301758
27	-0.574219	0.325195
28	-0.578125	0.335449
29	-0.582520	0.468750
30	-0.610840	0.462402
31	-0.623535	0.551270
32	-0.577637	0.377930
33	-0.584473	0.474609
34	-0.645508	0.548828
35	-0.589844	0.413086
36	-0.585449	0.382813
37	-0.571777	0.207520
38	-0.576172	0.141602
39	-0.580566	0.157227
40	-0.583008	0.084961
41	-0.571777	0.114258
42	-0.597168	0.077148
43	-0.568359	0.041992
44	-0.555664	-0.002930
45	-0.570801	-0.056152
46	-0.570801	-0.064453
47	-0.615234	-0.088379
48	-0.567383	-0.037598
49	-0.572266	-0.016602
50	-0.614258	-0.001465
51	-0.577637	0.093262
52	-0.558594	0.181152
53	-0.583984	0.329102
54	-0.557129	0.319824
55	-0.577148	0.241699
56	-0.564941	0.284180
57	-0.584473	0.375488
58	-0.601074	0.397461
59	-0.573242	0.263672
60	-0.608398	0.248535
61	-0.604980	0.198242
62	-0.598145	0.122070
63	-0.576660	0.140137
64	-0.595215	0.143066
65	-0.551270	0.115234
66	-0.567871	0.079102
67	-0.569336	0.123535
68	-0.578125	0.114258
69	-0.566406	0.000977
70	-0.583984	0.122070
71	-0.585938	0.274902
72	-0.607910	0.325195
73	-0.554688	0.140625
74	-0.558105	0.006348
75	-0.571289	0.047363
76	-0.575195	0.022461
77	-0.598145	0.064941
78	-0.579590	0.186523
79	-0.563965	0.219238
80	-0.538574	0.178223
81	-0.542480	0.213867
82	-0.569336	0.219727
83	-0.587402	0.176270
84	-0.572754	0.033203
85	-0.564453	-0.099121
86	-0.553223	-0.046387
87	-0.572266	0.004395
88	-0.564941	-0.009277
89	-0.573242	0.013672
90	-0.584473	-0.030762
91	-0.586914	-0.103027
92	-0.556152	-0.134277
93	-0.560059	-0.073242
94	-0.561523	-0.034180
95	-0.565430	0.005371
96	-0.565918	0.066406
97	-0.613281	0.140137
98	-0.603027	0.124023
99	-0.553711	0.174805
100	-0.541016	0.083984
101	-0.576660	0.091797
102	-0.568848	0.023926
103	-0.562012	0.099121
104	-0.588867	0.068359
105	-0.606445	0.078613
106	-0.568848	0.052246
107	-0.548340	0.007324
108	-0.578613	-0.054688
109	-0.592773	0.021484
110	-0.635742	0.021973
111	-0.558105	0.093262
112	-0.571289	0.137207
113	-0.589355	0.113281
114	-0.589355	0.203125
115	-0.601563	0.312012
116	-0.574707	0.211914
117	-0.565918	0.213379
118	-0.594727	0.280273
119	-0.538086	0.229980
120	-0.574707	0.201660
121	-0.613770	0.305176
122	-0.580078	0.287598
123	-0.567871	0.221191
124	-0.561035	0.185059
125	-0.572266	0.200195
126	-0.567383	0.083496
127	-0.572754	0.069336
128	-0.588867	0.065918
129	-0.557617	0.002441
130	-0.551758	0.106934
131	-0.563965	0.215332
132	-0.572266	0.290527
133	-0.554688	0.270996
134	-0.547363	0.211914
135	-0.583496	0.333984
136	-0.579590	0.301270
137	-0.613281	0.395020
138	-0.574219	0.448730
139	-0.580078	0.363770
140	-0.595703	0.323730
141	-0.586426	0.216309
142	-0.578125	0.208984
143	-0.577637	0.021973
144	-0.581055	-0.026855
145	-0.573730	-0.027832
146	-0.550293	0.097168
147	-0.584961	0.170410
148	-0.602539	0.298340
149	-0.606445	0.274414
150	-0.570801	0.180176
151	-0.576660	0.195801
152	-0.599609	0.090820
153	-0.568359	0.054688
154	-0.585449	-0.006348
155	-0.563477	0.022461
156	-0.554199	-0.021973
157	-0.563477	0.030762
158	-0.586426	-0.098145
159	-0.602539	-0.101074
160	-0.587402	-0.130371
161	-0.555664	-0.087891
162	-0.578125	-0.041504
163	-0.569824	-0.003418
164	-0.560059	0.026367
165	-0.611328	0.049316
166	-0.561523	-0.014648
167	-0.578613	0.073730
168	-0.552734	0.123047
169	-0.591797	0.143066
170	-0.568359	0.106934
171	-0.559570	0.114746
172	-0.554199	0.083008
173	-0.586914	0.097168
174	-0.549316	0.041992
175	-0.577637	0.047852
176	-0.540039	0.014648
177	-0.559082	0.037109
178	-0.551270	-0.098633
179	-0.573242	-0.050293
180	-0.569824	0.092773
181	-0.594238	0.164063
182	-0.570801	0.165039
183	-0.579102	0.083496
184	-0.554199	-0.020020
185	-0.567383	0.028809
186	-0.554688	-0.036621
187	-0.608398	-0.046875
188	-0.558594	0.039063
189	-0.603516	0.025879
190	-0.584961	-0.012695
191	-0.609375	0.046875
192	-0.622070	0.038086
193	-0.559082	0.136719
194	-0.571289	0.053223
195	-0.580078	0.093262
196	-0.602051	0.184570
197	-0.601074	0.102051
198	-0.581055	-0.004883
199	-0.575684	0.025879
200	-0.588867	-0.136719
201	-0.542480	0.062988
202	-0.572754	0.097168
203	-0.618164	0.110352
204	-0.558105	0.160645
205	-0.577637	0.186035
206	-0.594727	0.136230
207	-0.560059	0.085449
208	-0.586914	0.203613
209	-0.569824	0.179199
210	-0.561035	0.113770
211	-0.577148	0.064453
212	-0.563965	0.000000
213	-0.590332	0.065918
214	-0.587891	0.135254
215	-0.588379	0.064941
216	-0.567871	0.110352
217	-0.567383	0.107910
218	-0.583984	0.152344
219	-0.612793	0.183105
220	-0.584473	0.302734
221	-0.578125	0.173828
222	-0.572754	0.185059
223	-0.544434	0.191406
224	-0.581055	0.154297
225	-0.573242	0.080078
226	-0.555176	0.120605
227	-0.562500	0.245117
228	-0.577637	0.253418
229	-0.563965	0.312500
230	-0.589355	0.254395
231	-0.543457	0.180176
232	-0.571777	0.176758
233	-0.575684	0.177734
234	-0.569824	0.164551
235	-0.571777	0.138184
236	-0.578613	0.109863
237	-0.584473	0.061035
238	-0.596680	0.103027
239	-0.588379	0.066895
240	-0.581055	-0.020996
241	-0.606445	-0.064941
242	-0.604980	-0.100586
243	-0.608887	-0.084961
244	-0.609375	-0.058594
245	-0.584961	0.037598
246	-0.587402	0.014160
247	-0.595215	0.124512
248	-0.573730	0.143555
249	-0.600586	0.180176
250	-0.588379	0.140625
251	-0.588379	0.049805
252	-0.583984	0.080566
253	-0.589355	0.077148
254	-0.570801	-0.046875
255	-0.578613	-0.042969
256	-0.554688	-0.065430
257	-0.568359	-0.041504
258	-0.575684	-0.037598
259	-0.562012	0.000488
260	-0.579102	0.055176
261	-0.560547	0.003418
262	-0.579590	-0.087891
263	-0.574707	-0.091309
264	-0.569824	-0.008301
265	-0.566406	-0.044922
266	-0.596191	0.042969
267	-0.604980	0.185059
268	-0.564453	0.159668
269	-0.540527	0.152344
270	-0.574707	-0.000977
271	-0.568359	-0.090820
272	-0.588867	0.012695
273	-0.606445	0.020996
274	-0.594727	0.075195
275	-0.577637	0.055176
276	-0.562012	0.038086
277	-0.594238	0.103516
278	-0.569336	0.124023
279	-0.568359	0.116699
280	-0.565430	0.146484
281	-0.577637	0.103516
282	-0.573242	0.176758
283	-0.554199	0.191406
284	-0.545410	0.202637
285	-0.562500	0.104980
286	-0.563477	0.073242
287	-0.580078	0.062500
288	-0.574219	-0.030273
289	-0.581543	0.045410
290	-0.614258	0.054199
291	-0.578125	0.092285
292	-0.571777	0.074707
293	-0.607910	0.160156
294	-0.539063	0.165527
295	-0.573730	0.070801
296	-0.587402	0.011230
297	-0.575684	0.116699
298	-0.570801	0.059570
299	-0.558105	0.139648
300	-0.579102	0.007813
301	-0.554199	0.054688
302	-0.550293	-0.115234
303	-0.583496	-0.114746
304	-0.581543	-0.197754
305	-0.582031	-0.131836
306	-0.560547	-0.062012
307	-0.562988	-0.064453
308	-0.549316	-0.021484
309	-0.598145	-0.186035
310	-0.583008	-0.129883
311	-0.572266	-0.015137
312	-0.575684	0.009766
313	-0.577637	-0.028809
314	-0.591309	0.161133
315	-0.602539	0.130859
316	-0.575195	0.206543
317	-0.599609	0.112305
318	-0.575195	0.083984
319	-0.546875	-0.040527
320	-0.599121	0.044434
321	-0.573730	0.022949
322	-0.552246	-0.098633
323	-0.564453	-0.076660
324	-0.550781	-0.036133
325	-0.557129	-0.049316
326	-0.585938	-0.124512
327	-0.557617	-0.090332
328	-0.552246	-0.123047
329	-0.586426	-0.167480
330	-0.564453	-0.221191
331	-0.592285	-0.324219
332	-0.585938	-0.325195
333	-0.611328	-0.329590
334	-0.611328	-0.266113
335	-0.618164	-0.310059
336	-0.583008	-0.222656
337	-0.587891	-0.156250
338	-0.564941	-0.032227
339	-0.591797	-0.023438
340	-0.573242	-0.058594
341	-0.574707	-0.088379
342	-0.583984	-0.035156
343	-0.563965	0.100098
344	-0.604492	0.271973
345	-0.599121	0.302734
346	-0.570801	0.277344
347	-0.553711	0.192871
348	-0.578613	0.154297
349	-0.558594	0.133301
350	-0.611816	0.244629
351	-0.579590	0.222168
352	-0.645996	0.255371
353	-0.591309	0.206055
354	-0.631348	0.284668
355	-0.611328	0.414063
356	-0.637207	0.479004
357	-0.605469	0.504883
358	-0.564941	0.272949
359	-0.588379	0.453613
360	-0.608887	0.438477
361	-0.610352	0.410156
362	-0.578125	0.399902
363	-0.628418	0.476563
364	-0.636230	0.401855
365	-0.596191	0.250977
366	-0.592285	0.185547
367	-0.596680	0.066895
368	-0.573242	0.124512
369	-0.591797	0.162598
370	-0.620605	0.165527
371	-0.583496	0.155273
372	-0.550293	0.074707
373	-0.541992	-0.009766
374	-0.595215	-0.070313
375	-0.572266	0.043457
376	-0.559570	0.046387
377	-0.535645	0.054688
378	-0.588379	0.079102
379	-0.556641	0.010742
380	-0.584961	-0.064941
381	-0.564941	-0.028320
382	-0.583496	-0.087402
383	-0.571289	-0.131836
384	-0.594238	-0.131348
385	-0.574707	-0.105957
386	-0.584473	-0.145508
387	-0.574219	-0.261719
388	-0.594238	-0.294434
389	-0.575684	-0.249023
390	-0.606934	-0.190430
391	-0.545898	-0.094727
392	-0.564941	-0.124512
393	-0.576172	-0.166504
394	-0.592773	-0.193848
395	-0.534668	-0.230957
396	-0.585449	-0.203125
397	-0.605469	-0.091309
398	-0.573242	-0.101074
399	-0.599121	-0.160156
400	-0.577148	-0.069336
401	-0.575195	-0.002441
402	-0.601563	0.054688
403	-0.553711	0.062988
404	-0.568848	0.062988
405	-0.584473	0.030273
406	-0.572754	0.055176
407	-0.576172	0.098145
408	-0.592773	0.049805
409	-0.550293	0.130371
410	-0.586914	0.183105
411	-0.583496	0.071777
412	-0.555176	-0.138672
413	-0.599121	-0.039551
414	-0.555664	-0.088379
415	-0.592285	-0.140625
416	-0.583984	-0.247070
417	-0.560059	-0.215332
418	-0.590332	-0.328613
419	-0.576660	-0.186523
420	-0.582031	-0.078613
421	-0.569336	-0.129395
422	-0.571289	-0.142090
423	-0.566895	-0.126465
424	-0.573242	-0.210449
425	-0.561523	-0.190430
426	-0.561035	-0.196289
427	-0.553711	-0.141602
428	-0.543945	-0.127441
429	-0.604980	-0.124023
430	-0.572754	-0.094727
431	-0.603027	-0.164551
432	-0.565918	-0.126953
433	-0.553711	-0.107422
434	-0.569824	-0.041504
435	-0.596191	-0.173340
436	-0.533691	-0.148926
437	-0.570313	-0.139160
438	-0.583984	-0.035645
439	-0.555664	0.048828
440	-0.556641	0.052246
441	-0.569824	0.002930
442	-0.602539	-0.031250
443	-0.589355	-0.044434
444	-0.589844	-0.101074
445	-0.618652	-0.077148
446	-0.611816	-0.030762
447	-0.586426	0.003418
448	-0.573242	0.106934
449	-0.569824	0.038574
450	-0.586426	0.049805
451	-0.590820	0.145020
452	-0.565918	0.077637
453	-0.602539	-0.040527
454	-0.593750	-0.094238
455	-0.565918	-0.244629
456	-0.596680	-0.188477
457	-0.577637	-0.245117
458	-0.565918	-0.302734
459	-0.584473	-0.226074
460	-0.594727	-0.156738
461	-0.577637	-0.201172
462	-0.605957	-0.272949
463	-0.571777	-0.194336
464	-0.587891	-0.188965
465	-0.611328	-0.346191
466	-0.594238	-0.245117
467	-0.582520	-0.132813
468	-0.578125	-0.101074
469	-0.563477	-0.133301
470	-0.587891	-0.127441
471	-0.567383	0.056152
472	-0.582520	-0.036133
473	-0.608887	0.050781
474	-0.569824	-0.042969
475	-0.590332	-0.041016
476	-0.585938	-0.137695
477	-0.593750	-0.190918
478	-0.614746	-0.196289
479	-0.597168	-0.083984
480	-0.602051	-0.169434
481	-0.616211	-0.170410
482	-0.589355	-0.151367
483	-0.592773	-0.215332
484	-0.585449	-0.175293
485	-0.594238	-0.332031
486	-0.575684	-0.296387
487	-0.567383	-0.291992
488	-0.602539	-0.280762
489	-0.581543	-0.260742
490	-0.585449	-0.202148
491	-0.575195	-0.146484
492	-0.588379	-0.172852
493	-0.574219	-0.235352
494	-0.576172	-0.260742
495	-0.610840	-0.241211
496	-0.585938	-0.256348
497	-0.593750	-0.295898
498	-0.584473	-0.269043
499	-0.580078	-0.266602
500	-0.579590	-0.197754
501	-0.612793	-0.180176
502	-0.572266	-0.069824
503	-0.603027	-0.109375
504	-0.578613	-0.250488
505	-0.576660	-0.185547
506	-0.564453	-0.121582
507	-0.598633	-0.066406
508	-0.588379	0.085938
509	-0.574707	0.068359
510	-0.585938	0.064941
511	-0.583008	0.055664
512	-0.584961	0.118164
513	-0.609375	0.150879
514	-0.578125	0.083008
515	-0.580078	0.018066
516	-0.573242	-0.070313
517	-0.581543	0.000977
518	-0.566895	0.054199
519	-0.544434	0.075195
520	-0.573242	0.084473
521	-0.554199	0.023926
522	-0.553223	-0.011719
523	-0.558594	-0.023438
524	-0.587402	-0.031250
525	-0.582031	-0.196777
526	-0.540039	-0.080078
527	-0.587402	-0.023438
528	-0.579590	0.037598
529	-0.529297	0.027832
530	-0.552246	0.069824
531	-0.600586	0.199707
532	-0.575195	0.234375
533	-0.578613	0.284668
534	-0.545410	0.282227
535	-0.632813	0.275879
536	-0.621582	0.289551
537	-0.563477	0.267578
538	-0.563965	0.271484
539	-0.595703	0.134766
540	-0.578125	0.223145
541	-0.585938	0.224609
542	-0.574219	0.205078
543	-0.532227	0.163086
544	-0.584473	0.192871
545	-0.572266	0.122559
546	-0.606445	0.255371
547	-0.597168	0.196777
548	-0.567383	0.160645
549	-0.561035	0.082520
550	-0.579102	0.018066
551	-0.564453	-0.054688
552	-0.571777	-0.179199
553	-0.564453	-0.111816
554	-0.576172	-0.101074
555	-0.583496	0.007324
556	-0.603027	0.030762
557	-0.590820	0.014160
558	-0.614746	0.013184
559	-0.588867	0.041016
560	-0.556641	0.021973
561	-0.562988	-0.045410
562	-0.583496	0.005371
563	-0.566406	0.088867
564	-0.600098	0.178223
565	-0.601563	0.115234
566	-0.613281	0.090820
567	-0.570313	0.112793
568	-0.590820	0.139160
569	-0.601563	0.181641
570	-0.569824	0.129883
571	-0.575684	0.169434
572	-0.575195	0.175293
573	-0.568359	0.163086
574	-0.564941	0.134766
575	-0.574219	0.207520
576	-0.575195	0.247559
577	-0.576660	0.207520
578	-0.576172	0.122559
579	-0.580078	0.123535
580	-0.585449	0.077637
581	-0.556641	0.109863
582	-0.570801	0.159668
583	-0.602539	0.154297
584	-0.547852	0.124023
585	-0.578125	0.111816
586	-0.581055	0.215820
587	-0.581055	0.171387
588	-0.609863	0.254883
589	-0.582031	0.241699
590	-0.593262	0.274902
591	-0.608887	0.229492
592	-0.562500	0.275879
593	-0.551758	0.227539
594	-0.562500	0.163086
595	-0.588867	0.234863
596	-0.581055	0.235840
597	-0.591309	0.284180
598	-0.600098	0.198242
599	-0.585938	0.134766
600	-0.568359	0.163086
601	-0.573242	0.031738
602	-0.558594	0.031738
603	-0.563477	0.036133
604	-0.600586	0.008789
605	-0.586426	0.049805
606	-0.588867	0.008789
607	-0.595215	-0.134766
608	-0.583496	-0.035645
609	-0.600586	-0.207031
610	-0.601563	-0.224121
611	-0.586426	-0.291504
612	-0.558105	-0.265137
613	-0.599609	-0.276855
614	-0.565918	-0.097656
615	-0.613770	-0.085938
616	-0.568848	-0.096191
617	-0.573730	-0.165527
618	-0.611328	-0.311035
619	-0.604492	-0.307129
620	-0.574707	-0.254395
621	-0.579102	-0.168945
622	-0.571777	-0.115723
623	-0.562500	-0.182617
624	-0.590820	-0.129395
625	-0.593750	-0.248047
626	-0.620605	-0.206543
627	-0.573730	-0.171875
628	-0.584961	-0.308105
629	-0.648926	-0.357422
630	-0.567871	-0.297852
631	-0.543945	-0.371582
632	-0.588867	-0.346680
633	-0.570801	-0.359863
634	-0.619629	-0.451660
635	-0.593750	-0.342773
636	-0.594727	-0.339844
637	-0.568848	-0.312012
638	-0.598633	-0.330566
639	-0.562012	-0.178223
640	-0.566895	-0.181152
641	-0.561523	-0.102539
642	-0.543457	-0.057129
643	-0.546387	-0.154297
644	-0.554688	-0.257324
645	-0.546387	-0.207520
646	-0.542969	-0.229004
647	-0.580078	-0.198730
648	-0.578613	-0.144043
649	-0.588379	-0.230469
650	-0.620117	-0.224121
651	-0.611328	-0.211426
652	-0.584473	-0.201172
653	-0.583008	-0.111816
654	-0.541992	-0.032227
655	-0.575684	-0.127441
656	-0.596191	-0.120117
657	-0.540527	-0.115234
658	-0.564453	-0.031250
659	-0.587402	-0.208984
660	-0.586914	-0.141113
661	-0.569336	-0.087891
662	-0.563965	-0.124023
663	-0.562012	-0.191406
664	-0.598145	-0.101074
665	-0.566406	-0.078125
666	-0.597656	-0.003418
667	-0.592773	0.059082
668	-0.581055	0.164551
669	-0.574219	0.163086
670	-0.576172	0.178711
671	-0.571777	0.115723
672	-0.591309	0.117676
673	-0.612305	0.043457
674	-0.587402	0.140137
675	-0.592773	0.163086
676	-0.565918	0.036621
677	-0.562988	0.000488
678	-0.563965	-0.025391
679	-0.556152	0.051270
680	-0.534668	0.075195
681	-0.566895	0.031250
682	-0.580566	0.082031
683	-0.594238	0.216309
684	-0.584961	0.295898
685	-0.643555	0.429688
686	-0.622070	0.416016
687	-0.583984	0.291992
688	-0.618652	0.273438
689	-0.616211	0.229980
690	-0.625977	0.279785
691	-0.577148	0.240234
692	-0.590820	0.302734
693	-0.581543	0.295410
694	-0.571777	0.325684
695	-0.553223	0.256348
696	-0.612305	0.266113
697	-0.583008	0.244629
698	-0.574219	0.249512
699	-0.587891	0.225586
700	-0.585938	0.263184
701	-0.580566	0.256836
702	-0.565918	0.223633
703	-0.587891	0.174805
704	-0.571777	0.172363
705	-0.592773	0.246582
706	-0.575684	0.213379
707	-0.566406	0.121582
708	-0.581055	0.065430
709	-0.564453	0.085938
710	-0.549316	0.055176
711	-0.584473	0.118652
712	-0.575684	0.015625
713	-0.591797	0.014160
714	-0.553223	-0.138184
715	-0.568359	-0.051758
716	-0.604980	0.011230
717	-0.546387	-0.012207
718	-0.594727	-0.062012
719	-0.625000	-0.103027
720	-0.569336	0.012695
721	-0.601563	0.068848
722	-0.605957	0.056641
723	-0.570801	0.058105
724	-0.591309	-0.029297
725	-0.583496	0.049805
726	-0.575195	0.090820
727	-0.598145	0.020508
728	-0.586426	-0.072266
729	-0.592285	0.026367
730	-0.587891	-0.006348
731	-0.555664	-0.019531
732	-0.541992	-0.026367
733	-0.542480	0.034180
734	-0.550781	0.051270
735	-0.575195	0.147461
736	-0.560059	0.153320
737	-0.602051	0.033691
738	-0.566406	0.020020
739	-0.595215	0.072754
740	-0.593750	-0.000488
741	-0.576660	0.067871
742	-0.574707	0.082031
743	-0.574219	0.099609
744	-0.599121	0.115723
745	-0.563477	-0.016113
746	-0.605957	-0.107910
747	-0.571289	-0.047363
748	-0.545898	0.006348
749	-0.561035	-0.050293
750	-0.570313	-0.000977
751	-0.582520	0.126953
752	-0.622070	0.064941
753	-0.569336	0.032227
754	-0.576660	-0.065918
755	-0.591309	-0.086914
756	-0.589355	0.001465
757	-0.555176	-0.020508
758	-0.576172	-0.040527
759	-0.569336	0.085449
760	-0.547852	0.104980
761	-0.570313	0.132324
762	-0.577637	0.172852
763	-0.565430	0.199219
764	-0.561523	0.166504
765	-0.562500	0.025879
766	-0.561035	0.078613
767	-0.600098	0.098145
768	-0.549316	0.033691
769	-0.575195	-0.069336
770	-0.600586	-0.033203
771	-0.605957	0.058594
772	-0.582031	0.136719
773	-0.617676	0.132813
774	-0.577148	0.094238
775	-0.574219	0.018555
776	-0.568359	0.020996
777	-0.561523	-0.100586
778	-0.583008	0.017578
779	-0.584473	0.045410
780	-0.557617	-0.029785
781	-0.550293	0.008789
782	-0.576172	0.055176
783	-0.591309	0.091309
784	-0.552246	0.094238
785	-0.580566	0.133301
786	-0.564453	-0.048828
787	-0.588379	-0.164063
788	-0.554199	-0.045898
789	-0.589355	-0.149414
790	-0.610840	-0.261230
791	-0.568359	-0.199707
792	-0.607422	-0.076660
793	-0.580078	-0.015625
794	-0.593750	-0.052246
795	-0.565918	-0.055176
796	-0.596191	-0.051758
797	-0.580566	-0.046387
798	-0.589355	-0.018066
799	-0.555176	0.017090
800	-0.582520	0.022949
801	-0.625977	-0.015137
802	-0.571777	-0.026367
803	-0.563965	-0.011230
804	-0.572754	-0.006348
805	-0.562500	0.050781
806	-0.568848	0.116211
807	-0.562988	-0.014160
808	-0.556641	0.008301
809	-0.584961	0.025879
810	-0.562012	-0.051758
811	-0.573730	-0.074219
812	-0.597656	0.004395
813	-0.569336	0.054688
814	-0.576660	0.105469
815	-0.562012	0.091797
816	-0.578125	0.130859
817	-0.605957	0.133789
818	-0.576172	0.149902
819	-0.605957	0.286133
820	-0.609863	0.281738
821	-0.599609	0.198730
822	-0.581055	0.229492
823	-0.597168	0.049805
824	-0.574219	0.057617
825	-0.578613	0.043457
826	-0.561035	0.027832
827	-0.548828	-0.008789
828	-0.550293	0.013672
829	-0.557129	-0.011230
830	-0.588867	-0.020996
831	-0.557617	-0.051270
832	-0.551270	-0.062988
833	-0.575195	-0.026855
834	-0.585938	-0.094238
835	-0.571777	-0.112793
836	-0.573242	-0.148926
837	-0.570801	-0.142578
838	-0.556152	-0.125977
839	-0.588379	-0.182129
840	-0.592773	-0.155273
841	-0.582520	-0.053223
842	-0.580078	0.022949
843	-0.567383	-0.024902
844	-0.558105	0.036133
845	-0.526855	-0.011719
846	-0.557617	-0.065918
847	-0.548828	-0.101074
848	-0.567383	-0.039551
849	-0.591797	-0.051758
850	-0.558105	-0.001465
851	-0.583984	-0.001953
852	-0.588867	0.031738
853	-0.560547	0.108887
854	-0.597656	-0.005371
855	-0.607422	0.041992
856	-0.573242	0.040527
857	-0.576660	0.003906
858	-0.559082	0.090820
859	-0.545898	0.111328
860	-0.594238	0.014648
861	-0.605469	0.097656
862	-0.547852	0.017578
863	-0.583496	0.122070
864	-0.580078	0.143555
865	-0.579590	0.126465
866	-0.568848	0.131836
867	-0.573730	0.198730
868	-0.568359	0.233398
869	-0.553711	0.307129
870	-0.575195	0.343262
871	-0.603027	0.323242
872	-0.608887	0.292480
873	-0.588867	0.271484
874	-0.561035	0.190918
875	-0.594238	0.279785
876	-0.613770	0.264160
877	-0.593262	0.224609
878	-0.569824	0.118652
879	-0.596191	0.140137
880	-0.589844	0.207031
881	-0.566895	0.271973
882	-0.577148	0.292480
883	-0.583008	0.178223
884	-0.553223	0.039063
885	-0.531738	0.053711
886	-0.549316	0.027832
887	-0.568359	0.040527
888	-0.604980	0.081055
889	-0.545898	0.031250
890	-0.597656	0.018555
891	-0.577637	0.022461
892	-0.551758	0.040039
893	-0.566895	0.104980
894	-0.594238	0.133301
895	-0.569336	0.165527
896	-0.589844	0.165527
897	-0.594727	0.236816
898	-0.604492	0.322266
899	-0.571289	0.260742
900	-0.530762	0.127930
901	-0.589844	0.038574
902	-0.575195	0.021484
903	-0.533203	-0.080078
904	-0.580078	-0.007813
905	-0.562988	-0.033203
906	-0.576660	-0.002930
907	-0.602051	0.038086
908	-0.620605	0.058594
909	-0.597168	0.039063
910	-0.589355	-0.078613
911	-0.562012	-0.182617
912	-0.564941	-0.167480
913	-0.574219	-0.170410
914	-0.569824	-0.100098
915	-0.535156	-0.090332
916	-0.556152	-0.165527
917	-0.551270	-0.158691
918	-0.560059	-0.180664
919	-0.543945	-0.153320
920	-0.586426	-0.195801
921	-0.602051	-0.139648
922	-0.574707	0.007324
923	-0.573730	-0.024902
924	-0.607910	0.068848
925	-0.536621	0.072266
926	-0.564453	0.125977
927	-0.554199	0.149414
928	-0.557129	0.156250
929	-0.576660	0.179199
930	-0.595215	0.147949
931	-0.590820	-0.026367
932	-0.599609	-0.006348
933	-0.594727	0.007324
934	-0.573242	0.023926
935	-0.614258	-0.065918
936	-0.575684	-0.059082
937	-0.590820	-0.145020
938	-0.563477	-0.179199
939	-0.581543	-0.155762
940	-0.581543	-0.134277
941	-0.560059	-0.110352
942	-0.602051	-0.171875
943	-0.576660	-0.075195
944	-0.604980	-0.129883
945	-0.584473	-0.173828
946	-0.607422	-0.163086
947	-0.555176	-0.141602
948	-0.594238	-0.176758
949	-0.566895	-0.061035
950	-0.594727	-0.148438
951	-0.588867	-0.094238
952	-0.568359	-0.070801
953	-0.545410	-0.102051
954	-0.559082	-0.071289
955	-0.568359	-0.093262
956	-0.575195	-0.209961
957	-0.569824	-0.165527
958	-0.565918	-0.114746
959	-0.575195	-0.082520
960	-0.585938	-0.029297
961	-0.596680	0.000977
962	-0.610840	-0.110352
963	-0.565918	-0.132324
964	-0.574219	-0.216797
965	-0.581055	-0.332520
966	-0.591309	-0.221680
967	-0.610840	-0.231445
968	-0.611816	-0.213379
969	-0.585938	-0.125000
970	-0.608398	-0.255859
971	-0.586914	-0.176758
972	-0.586914	-0.168457
973	-0.580566	-0.141602
974	-0.555664	-0.041504
975	-0.575684	-0.101563
976	-0.601074	-0.126953
977	-0.571289	-0.110840
978	-0.602051	-0.175781
979	-0.556641	-0.090332
980	-0.572266	-0.125000
981	-0.577148	-0.137207
982	-0.564453	-0.164551
983	-0.567871	-0.298340
984	-0.598633	-0.217773
985	-0.582031	-0.195801
986	-0.583496	-0.135742
987	-0.549316	-0.095703
988	-0.571777	-0.089355
989	-0.582031	-0.132324
990	-0.556641	-0.174316
991	-0.574219	-0.187500
992	-0.605957	-0.222656
993	-0.579102	-0.264160
994	-0.593750	-0.285156
995	-0.632324	-0.399414
996	-0.577637	-0.161133
997	-0.621094	-0.409180
998	-0.564941	-0.305664
999	-0.577637	-0.281250
