0	-0.685547	0.692383
1	-0.691406	0.695313
2	-0.723145	0.758301
3	-0.741699	0.791504
4	-0.671875	0.673340
5	-0.691895	0.654785
6	-0.673828	0.557617
7	-0.662109	0.468262
8	-0.667480	0.531250
9	-0.669922	0.576660
10	-0.683105	0.553223
11	-0.675293	0.528320
12	-0.660156	0.494629
13	-0.675293	0.517578
14	-0.678711	0.527832
15	-0.640625	0.481445
16	-0.655273	0.514648
17	-0.636230	0.451172
18	-0.669434	0.453125
19	-0.666016	0.478027
20	-0.647949	0.534668
21	-0.662598	0.554688
22	-0.654785	0.568359
23	-0.674805	0.622559
24	-0.684570	0.599609
25	-0.677246	0.588867
26	-0.669922	0.607422
27	-0.693848	0.617676
28	-0.666016	0.628906
29	-0.657227	0.588867
30	-0.672363	0.613281
31	-0.681152	0.622070
32	-0.644531	0.570313
33	-0.669922	0.622070
34	-0.687012	0.581543
35	-0.669434	0.580078
36	-0.689941	0.633301
37	-0.694824	0.687012
38	-0.669434	0.642090
39	-0.668945	0.651367
40	-0.693359	0.687012
41	-0.676270	0.640137
42	-0.664063	0.576660
43	-0.655762	0.600098
44	-0.667969	0.622559
45	-0.657715	0.604004
46	-0.668945	0.613770
47	-0.665039	0.641602
48	-0.735352	0.777344
49	-0.710938	0.707031
50	-0.686035	0.653809
51	-0.666016	0.603027
52	-0.689941	0.648438
53	-0.696289	0.634277
54	-0.667969	0.540039
55	-0.680664	0.604492
56	-0.678223	0.547363
57	-0.651367	0.489746
58	-0.666992	0.501953
59	-0.662598	0.520508
60	-0.645508	0.528320
61	-0.649414	0.504395
62	-0.685547	0.556641
63	-0.689453	0.537109
64	-0.646484	0.512695
65	-0.648926	0.491211
66	-0.633789	0.487793
67	-0.631836	0.494141
68	-0.662598	0.586914
69	-0.645508	0.562988
70	-0.630859	0.511719
71	-0.645508	0.452637
72	-0.668945	0.431152
73	-0.663086	0.393555
74	-0.652832	0.349121
75	-0.689453	0.376953
76	-0.657227	0.364746
77	-0.651855	0.371094
78	-0.645508	0.394043
79	-0.679199	0.391113
80	-0.663574	0.360840
81	-0.683594	0.398438
82	-0.663574	0.413574
83	-0.669922	0.424805
84	-0.664063	0.528809
85	-0.673340	0.553223
86	-0.671875	0.586914
87	-0.649414	0.533691
88	-0.638672	0.518555
89	-0.658691	0.513672
90	-0.660645	0.537598
91	-0.678223	0.557129
92	-0.677246	0.572754
93	-0.645996	0.518066
94	-0.690430	0.580078
95	-0.675781	0.551270
96	-0.692383	0.622559
97	-0.706543	0.629883
98	-0.705566	0.606445
99	-0.675293	0.634277
100	-0.691406	0.667480
101	-0.667480	0.592773
102	-0.674316	0.664063
103	-0.736816	0.780762
104	-0.694336	0.695801
105	-0.653320	0.619629
106	-0.653809	0.540527
107	-0.682129	0.577148
108	-0.667480	0.548340
109	-0.687500	0.559570
110	-0.665039	0.536621
111	-0.675781	0.549316
112	-0.672363	0.604004
113	-0.683594	0.555176
114	-0.670410	0.524414
115	-0.666992	0.583008
116	-0.671387	0.619629
117	-0.685059	0.671387
118	-0.686523	0.685059
119	-0.665527	0.633789
120	-0.686523	0.637207
121	-0.693359	0.697754
122	-0.690918	0.654297
123	-0.689941	0.715332
124	-0.690430	0.693359
125	-0.708984	0.709473
126	-0.703613	0.723633
127	-0.669922	0.696289
128	-0.706055	0.652344
129	-0.691895	0.651855
130	-0.715820	0.630371
131	-0.680664	0.606934
132	-0.683105	0.621582
133	-0.678223	0.588379
134	-0.670410	0.592285
135	-0.667480	0.521484
136	-0.659668	0.438965
137	-0.684570	0.516602
138	-0.682129	0.544434
139	-0.630371	0.409180
140	-0.633301	0.404785
141	-0.647461	0.447266
142	-0.671387	0.519531
143	-0.669434	0.561035
144	-0.671875	0.594238
145	-0.649902	0.558105
146	-0.630371	0.584473
147	-0.672363	0.598145
148	-0.680176	0.628418
149	-0.687500	0.643555
150	-0.680664	0.601563
151	-0.706055	0.613281
152	-0.640625	0.546875
153	-0.675293	0.575684
154	-0.645020	0.576660
155	-0.674805	0.569336
156	-0.665039	0.544922
157	-0.668457	0.539551
158	-0.652832	0.536133
159	-0.669922	0.555664
160	-0.687500	0.601563
161	-0.631836	0.562500
162	-0.653809	0.566406
163	-0.655273	0.530273
164	-0.666504	0.566406
165	-0.664063	0.561523
166	-0.681641	0.552734
167	-0.661133	0.521484
168	-0.670410	0.595215
169	-0.670898	0.602051
170	-0.657227	0.532227
171	-0.677734	0.645508
172	-0.677246	0.610352
173	-0.692871	0.667480
174	-0.687988	0.645996
175	-0.671387	0.638184
176	-0.685547	0.632813
177	-0.709961	0.669922
178	-0.686523	0.659180
179	-0.669434	0.624023
180	-0.663574	0.595703
181	-0.675293	0.583496
182	-0.677734	0.624512
183	-0.676758	0.639160
184	-0.652832	0.628418
185	-0.670410	0.618652
186	-0.672852	0.679199
187	-0.662109	0.634277
188	-0.678223	0.666016
189	-0.690430	0.648926
190	-0.678223	0.616211
191	-0.695313	0.588379
192	-0.702637	0.590332
193	-0.679199	0.605469
194	-0.687500	0.671875
195	-0.691895	0.668945
196	-0.671875	0.651855
197	-0.674316	0.614746
198	-0.666016	0.522949
199	-0.631836	0.464844
200	-0.640137	0.508301
201	-0.650391	0.508301
202	-0.642578	0.511719
203	-0.620117	0.488770
204	-0.676270	0.626953
205	-0.703125	0.727539
206	-0.671387	0.696289
207	-0.720215	0.728027
208	-0.739258	0.760254
209	-0.665527	0.680176
210	-0.704102	0.695801
211	-0.686523	0.605957
212	-0.680176	0.615723
213	-0.687500	0.620605
214	-0.670410	0.614746
215	-0.675293	0.588867
216	-0.658691	0.534180
217	-0.658691	0.534668
218	-0.656250	0.524414
219	-0.696777	0.549805
220	-0.634766	0.485352
221	-0.643555	0.465820
222	-0.648926	0.418457
223	-0.655762	0.470703
224	-0.675293	0.518555
225	-0.645996	0.540039
226	-0.684082	0.586914
227	-0.686035	0.595703
228	-0.655273	0.572266
229	-0.700684	0.517578
230	-0.664063	0.501465
231	-0.634277	0.492188
232	-0.664551	0.495117
233	-0.644531	0.491211
234	-0.631348	0.476563
235	-0.675293	0.436035
236	-0.679688	0.430176
237	-0.650879	0.345215
238	-0.638184	0.348145
239	-0.663574	0.372070
240	-0.639160	0.442871
241	-0.667480	0.471680
242	-0.699219	0.541504
243	-0.660645	0.517090
244	-0.679688	0.596191
245	-0.665039	0.532227
246	-0.646973	0.513672
247	-0.668945	0.483887
248	-0.655762	0.534180
249	-0.635742	0.488770
250	-0.650879	0.539551
251	-0.672363	0.636230
252	-0.675781	0.667480
253	-0.754395	0.766602
254	-0.715332	0.664551
255	-0.688477	0.653320
256	-0.692383	0.661621
257	-0.698730	0.654785
258	-0.669434	0.628906
259	-0.657715	0.550293
260	-0.667480	0.536621
261	-0.650879	0.514160
262	-0.644043	0.510254
263	-0.679199	0.615234
264	-0.695313	0.659668
265	-0.709961	0.687988
266	-0.682617	0.622559
267	-0.708008	0.678711
268	-0.704590	0.689941
269	-0.683594	0.666992
270	-0.687012	0.608887
271	-0.675293	0.600098
272	-0.651367	0.562500
273	-0.708008	0.694824
274	-0.675781	0.625488
275	-0.632324	0.540039
276	-0.662598	0.504883
277	-0.676270	0.461426
278	-0.680176	0.416016
279	-0.679199	0.473145
280	-0.674316	0.395020
281	-0.673340	0.399902
282	-0.640625	0.367188
283	-0.642578	0.367188
284	-0.668457	0.436035
285	-0.679199	0.485352
286	-0.669922	0.459961
287	-0.637207	0.542969
288	-0.718262	0.595703
289	-0.703125	0.615723
290	-0.683105	0.582520
291	-0.656250	0.619629
292	-0.660156	0.619629
293	-0.642578	0.602539
294	-0.671387	0.564453
295	-0.687988	0.686523
296	-0.696289	0.654785
297	-0.684082	0.608887
298	-0.706055	0.665527
299	-0.697754	0.665527
300	-0.664551	0.561523
301	-0.680664	0.638672
302	-0.689453	0.650391
303	-0.693359	0.674316
304	-0.672852	0.626465
305	-0.677246	0.693848
306	-0.680176	0.672852
307	-0.688477	0.644531
308	-0.704590	0.678223
309	-0.693359	0.648438
310	-0.633301	0.570313
311	-0.647461	0.536133
312	-0.672363	0.616211
313	-0.674316	0.590332
314	-0.657715	0.575684
315	-0.674316	0.533691
316	-0.695313	0.554688
317	-0.674805	0.610352
318	-0.660645	0.534180
319	-0.655762	0.534668
320	-0.665039	0.606934
321	-0.686523	0.653809
322	-0.682129	0.675293
323	-0.700684	0.668457
324	-0.683105	0.625977
325	-0.715332	0.691406
326	-0.693848	0.702637
327	-0.688965	0.671387
328	-0.699707	0.733398
329	-0.715820	0.714355
330	-0.702148	0.721191
331	-0.703125	0.736816
332	-0.675781	0.677246
333	-0.731934	0.682617
334	-0.682617	0.628906
335	-0.717285	0.637207
336	-0.675781	0.632813
337	-0.684570	0.627441
338	-0.679199	0.567383
339	-0.664063	0.589844
340	-0.658203	0.480469
341	-0.694336	0.508789
342	-0.674805	0.552246
343	-0.693359	0.484863
344	-0.650879	0.437012
345	-0.646973	0.419434
346	-0.655273	0.469238
347	-0.663086	0.480957
348	-0.684570	0.607422
349	-0.644043	0.574707
350	-0.666016	0.551270
351	-0.686035	0.618652
352	-0.672852	0.605469
353	-0.710938	0.679199
354	-0.715820	0.657227
355	-0.698242	0.610352
356	-0.689453	0.605957
357	-0.668457	0.583496
358	-0.700195	0.625977
359	-0.673340	0.640137
360	-0.687500	0.551270
361	-0.680664	0.530273
362	-0.647949	0.520996
363	-0.663574	0.570313
364	-0.708008	0.611816
365	-0.686035	0.593262
366	-0.637695	0.572754
367	-0.670410	0.556152
368	-0.653809	0.520996
369	-0.671387	0.583008
370	-0.676758	0.546875
371	-0.677734	0.583496
372	-0.661133	0.539551
373	-0.667480	0.589355
374	-0.638672	0.538086
375	-0.681152	0.585449
376	-0.702148	0.635254
377	-0.703613	0.625000
378	-0.687500	0.661133
379	-0.687012	0.635254
380	-0.669434	0.645020
381	-0.696289	0.677734
382	-0.706543	0.671387
383	-0.661621	0.634277
384	-0.677734	0.634277
385	-0.684570	0.602051
386	-0.652344	0.570313
387	-0.688965	0.649902
388	-0.691895	0.674316
389	-0.689941	0.678223
390	-0.670898	0.627930
391	-0.679199	0.666016
392	-0.708496	0.679199
393	-0.687012	0.687988
394	-0.681641	0.649414
395	-0.693848	0.593750
396	-0.702637	0.610840
397	-0.679688	0.608398
398	-0.689941	0.598633
399	-0.709473	0.695313
400	-0.674316	0.645996
401	-0.691406	0.654297
402	-0.669922	0.593750
403	-0.651367	0.500000
404	-0.637207	0.460938
405	-0.655273	0.466309
406	-0.641602	0.496094
407	-0.638184	0.496094
408	-0.605469	0.488770
409	-0.662109	0.602539
410	-0.701660	0.680176
411	-0.686035	0.691406
412	-0.719238	0.731445
413	-0.713867	0.716309
414	-0.656738	0.669922
415	-0.694336	0.668457
416	-0.688965	0.625977
417	-0.676270	0.589355
418	-0.683594	0.621094
419	-0.695313	0.647461
420	-0.666504	0.555176
421	-0.658691	0.506348
422	-0.652344	0.565918
423	-0.690430	0.542969
424	-0.669434	0.525391
425	-0.662109	0.509277
426	-0.650879	0.444824
427	-0.668945	0.463379
428	-0.645020	0.454590
429	-0.651367	0.482910
430	-0.663574	0.544434
431	-0.649414	0.583496
432	-0.690918	0.603516
433	-0.688477	0.574707
434	-0.709961	0.522461
435	-0.660156	0.526855
436	-0.621582	0.456543
437	-0.635254	0.461426
438	-0.644531	0.486816
439	-0.686523	0.502441
440	-0.674316	0.428711
441	-0.643555	0.409668
442	-0.650879	0.362793
443	-0.611328	0.360352
444	-0.642578	0.397461
445	-0.670898	0.476563
446	-0.661133	0.500488
447	-0.685547	0.541992
448	-0.661621	0.562988
449	-0.670410	0.603027
450	-0.664551	0.514648
451	-0.636719	0.484375
452	-0.642090	0.495605
453	-0.658203	0.513184
454	-0.675293	0.534668
455	-0.652832	0.547852
456	-0.675781	0.641602
457	-0.717773	0.720215
458	-0.727539	0.750977
459	-0.664551	0.631836
460	-0.683105	0.651367
461	-0.708008	0.693359
462	-0.715332	0.669922
463	-0.673828	0.613281
464	-0.660645	0.526855
465	-0.670898	0.542969
466	-0.652344	0.501953
467	-0.645996	0.562500
468	-0.660156	0.625000
469	-0.691406	0.661621
470	-0.715820	0.664551
471	-0.701172	0.596680
472	-0.703613	0.666504
473	-0.698730	0.710938
474	-0.688477	0.640137
475	-0.679688	0.617188
476	-0.672363	0.599121
477	-0.681641	0.604004
478	-0.668457	0.640625
479	-0.647461	0.606934
480	-0.638672	0.520020
481	-0.651855	0.500488
482	-0.679688	0.501953
483	-0.669434	0.437012
484	-0.659180	0.427734
485	-0.666992	0.397949
486	-0.663086	0.399414
487	-0.644043	0.352539
488	-0.681641	0.379395
489	-0.666504	0.462891
490	-0.676758	0.477051
491	-0.653809	0.441406
492	-0.677734	0.575195
493	-0.679199	0.564941
494	-0.689941	0.623535
495	-0.675293	0.619141
496	-0.650879	0.616211
497	-0.674805	0.624512
498	-0.648438	0.598145
499	-0.673340	0.612305
500	-0.693848	0.704102
501	-0.695801	0.666016
502	-0.692383	0.644043
503	-0.686035	0.633789
504	-0.689941	0.654297
505	-0.671387	0.553711
506	-0.707520	0.650391
507	-0.690918	0.639648
508	-0.666016	0.628906
509	-0.676758	0.629883
510	-0.659668	0.664063
511	-0.679199	0.631348
512	-0.683105	0.643066
513	-0.691406	0.656738
514	-0.713867	0.664063
515	-0.652832	0.558105
516	-0.682617	0.546875
517	-0.678223	0.620117
518	-0.648926	0.607910
519	-0.659180	0.504883
520	-0.670410	0.519531
521	-0.682129	0.579590
522	-0.693848	0.609863
523	-0.665527	0.524414
524	-0.670410	0.553711
525	-0.666992	0.612793
526	-0.669434	0.647461
527	-0.659180	0.663086
528	-0.685059	0.641113
529	-0.701660	0.674805
530	-0.675293	0.658203
531	-0.696289	0.683594
532	-0.676758	0.660156
533	-0.702148	0.729980
534	-0.710938	0.723633
535	-0.707031	0.710449
536	-0.718262	0.742188
537	-0.675293	0.696777
538	-0.700195	0.648438
539	-0.682617	0.613770
540	-0.697754	0.622070
541	-0.698242	0.623047
542	-0.668945	0.592773
543	-0.680664	0.557129
544	-0.673340	0.576172
545	-0.654297	0.447754
546	-0.664551	0.514160
547	-0.676758	0.543457
548	-0.681152	0.474121
549	-0.660645	0.447754
550	-0.660156	0.449219
551	-0.666016	0.491211
552	-0.685547	0.506348
553	-0.671875	0.586914
554	-0.652344	0.578613
555	-0.656738	0.579590
556	-0.698242	0.634277
557	-0.689941	0.613770
558	-0.700195	0.683105
559	-0.738281	0.671387
560	-0.682617	0.629883
561	-0.658691	0.600586
562	-0.645996	0.563965
563	-0.698730	0.644043
564	-0.675781	0.619629
565	-0.668945	0.571289
566	-0.687500	0.548828
567	-0.657227	0.569824
568	-0.662109	0.576172
569	-0.716797	0.618164
570	-0.665039	0.593262
571	-0.643066	0.555176
572	-0.680176	0.589844
573	-0.661621	0.526855
574	-0.669922	0.583008
575	-0.667969	0.554688
576	-0.692871	0.610352
577	-0.667480	0.555664
578	-0.686035	0.582031
579	-0.653320	0.538574
580	-0.663086	0.567871
581	-0.698730	0.669922
582	-0.675781	0.597656
583	-0.694336	0.668457
584	-0.665527	0.616699
585	-0.705566	0.687500
586	-0.664551	0.657227
587	-0.684570	0.645020
588	-0.661621	0.638672
589	-0.680176	0.634766
590	-0.672363	0.569336
591	-0.682129	0.628906
592	-0.672852	0.620117
593	-0.666504	0.663086
594	-0.678711	0.651367
595	-0.647949	0.635254
596	-0.681152	0.633301
597	-0.698730	0.634766
598	-0.706543	0.694336
599	-0.678711	0.623047
600	-0.706055	0.618164
601	-0.679688	0.554688
602	-0.670410	0.611816
603	-0.675293	0.612305
604	-0.702148	0.699219
605	-0.696777	0.665039
606	-0.671387	0.640625
607	-0.651367	0.535645
608	-0.655762	0.494141
609	-0.641113	0.448242
610	-0.647461	0.492188
611	-0.645508	0.549316
612	-0.638672	0.461914
613	-0.630371	0.511230
614	-0.677246	0.641602
615	-0.667969	0.656738
616	-0.690430	0.678711
617	-0.723633	0.736816
618	-0.691895	0.695801
619	-0.694824	0.716309
620	-0.669922	0.613281
621	-0.679199	0.615723
622	-0.689453	0.612793
623	-0.690430	0.633789
624	-0.677734	0.618652
625	-0.674805	0.562012
626	-0.674316	0.529297
627	-0.683105	0.590332
628	-0.683594	0.544922
629	-0.658203	0.488770
630	-0.673340	0.526367
631	-0.655273	0.451660
632	-0.672852	0.456055
633	-0.666992	0.451660
634	-0.673828	0.573730
635	-0.672363	0.560059
636	-0.674805	0.610352
637	-0.679688	0.601074
638	-0.687500	0.534180
639	-0.695313	0.529297
640	-0.650391	0.518555
641	-0.628418	0.464355
642	-0.661621	0.508789
643	-0.656250	0.523926
644	-0.640137	0.437500
645	-0.677734	0.416016
646	-0.671387	0.378906
647	-0.660645	0.373047
648	-0.633789	0.387207
649	-0.629883	0.372559
650	-0.659668	0.500977
651	-0.693359	0.514160
652	-0.708984	0.553223
653	-0.675293	0.562988
654	-0.661621	0.583008
655	-0.661621	0.531250
656	-0.636230	0.468262
657	-0.672363	0.547852
658	-0.640625	0.477539
659	-0.662598	0.514648
660	-0.657227	0.557129
661	-0.677734	0.630371
662	-0.725586	0.738281
663	-0.707031	0.716309
664	-0.680664	0.640625
665	-0.691895	0.692383
666	-0.689453	0.677734
667	-0.687500	0.645020
668	-0.668945	0.602539
669	-0.680176	0.528320
670	-0.667969	0.561523
671	-0.648926	0.481934
672	-0.646484	0.550781
673	-0.674805	0.614258
674	-0.683594	0.697754
675	-0.694824	0.608398
676	-0.713867	0.672852
677	-0.714844	0.706543
678	-0.692383	0.693359
679	-0.662598	0.615723
680	-0.680664	0.622070
681	-0.683594	0.594727
682	-0.686035	0.644531
683	-0.658691	0.622559
684	-0.657227	0.584961
685	-0.669434	0.533203
686	-0.646484	0.469727
687	-0.685059	0.479492
688	-0.679199	0.487305
689	-0.676270	0.430176
690	-0.680664	0.392578
691	-0.666504	0.360352
692	-0.651367	0.395996
693	-0.688965	0.382324
694	-0.655762	0.464355
695	-0.667969	0.434082
696	-0.657227	0.445313
697	-0.695313	0.580078
698	-0.684570	0.587891
699	-0.670898	0.578125
700	-0.664063	0.622559
701	-0.665039	0.634277
702	-0.662598	0.605957
703	-0.682129	0.636719
704	-0.671387	0.600586
705	-0.695801	0.696289
706	-0.686523	0.645996
707	-0.716797	0.676270
708	-0.708496	0.683105
709	-0.681152	0.609863
710	-0.671387	0.561035
711	-0.706543	0.670410
712	-0.697754	0.656738
713	-0.681641	0.664551
714	-0.679199	0.651367
715	-0.713867	0.716797
716	-0.669922	0.648438
717	-0.663086	0.615723
718	-0.687988	0.638672
719	-0.706543	0.654297
720	-0.654297	0.544922
721	-0.685547	0.551758
722	-0.698730	0.628418
723	-0.672852	0.578613
724	-0.670410	0.547363
725	-0.686035	0.509766
726	-0.670410	0.571289
727	-0.662109	0.540039
728	-0.662109	0.501953
729	-0.666016	0.573242
730	-0.662598	0.614746
731	-0.666504	0.651367
732	-0.687500	0.651367
733	-0.672852	0.625000
734	-0.682129	0.680664
735	-0.704590	0.702637
736	-0.674805	0.646484
737	-0.690918	0.678711
738	-0.712402	0.739258
739	-0.708496	0.715332
740	-0.717773	0.725098
741	-0.719727	0.733398
742	-0.699707	0.693359
743	-0.682129	0.643555
744	-0.680664	0.599121
745	-0.672852	0.593262
746	-0.681641	0.634766
747	-0.690918	0.599609
748	-0.659180	0.552246
749	-0.661621	0.512207
750	-0.689941	0.449707
751	-0.650391	0.485352
752	-0.688477	0.573730
753	-0.675781	0.425293
754	-0.636719	0.375977
755	-0.672852	0.461914
756	-0.647461	0.477539
757	-0.688477	0.496094
758	-0.690430	0.559082
759	-0.662109	0.571777
760	-0.667480	0.608398
761	-0.678711	0.609863
762	-0.682129	0.604004
763	-0.698242	0.685547
764	-0.692871	0.619629
765	-0.668945	0.627930
766	-0.676270	0.600098
767	-0.641113	0.540039
768	-0.683105	0.644531
769	-0.682129	0.586914
770	-0.669434	0.537109
771	-0.663574	0.543457
772	-0.640625	0.519531
773	-0.675781	0.600586
774	-0.693848	0.634766
775	-0.672852	0.633301
776	-0.646973	0.556152
777	-0.655273	0.564941
778	-0.654785	0.541504
779	-0.670898	0.576660
780	-0.653320	0.541504
781	-0.671875	0.614746
782	-0.672852	0.607910
783	-0.694824	0.572754
784	-0.649902	0.525391
785	-0.685547	0.622559
786	-0.687012	0.651855
787	-0.696289	0.640625
788	-0.720703	0.700684
789	-0.678223	0.642578
790	-0.703613	0.706543
791	-0.705566	0.693848
792	-0.680664	0.627930
793	-0.676758	0.666016
794	-0.702148	0.649902
795	-0.661621	0.573242
796	-0.672363	0.620605
797	-0.699707	0.667969
798	-0.689453	0.663086
799	-0.665527	0.629883
800	-0.668945	0.661133
801	-0.675293	0.635254
802	-0.689453	0.674316
803	-0.693359	0.651855
804	-0.699707	0.642578
805	-0.690430	0.614746
806	-0.676758	0.580566
807	-0.680176	0.623047
808	-0.662598	0.618164
809	-0.713379	0.693359
810	-0.685547	0.663086
811	-0.688965	0.677734
812	-0.651855	0.520996
813	-0.666992	0.523926
814	-0.637207	0.463379
815	-0.668945	0.537109
816	-0.665039	0.573242
817	-0.643066	0.495605
818	-0.624512	0.541504
819	-0.703613	0.686523
820	-0.667480	0.683594
821	-0.687988	0.658691
822	-0.721680	0.729980
823	-0.700195	0.718750
824	-0.706543	0.723633
825	-0.696777	0.645508
826	-0.678711	0.596191
827	-0.701660	0.615723
828	-0.680664	0.630859
829	-0.655273	0.580078
830	-0.687988	0.569824
831	-0.655762	0.497070
832	-0.688965	0.589844
833	-0.670898	0.523926
834	-0.652832	0.476074
835	-0.662109	0.514648
836	-0.654785	0.474121
837	-0.642578	0.432617
838	-0.670410	0.469238
839	-0.649902	0.537598
840	-0.672852	0.595215
841	-0.689453	0.611328
842	-0.680176	0.578613
843	-0.664551	0.504395
844	-0.695313	0.523926
845	-0.669434	0.532715
846	-0.631836	0.446289
847	-0.641602	0.462402
848	-0.663086	0.522461
849	-0.662598	0.478027
850	-0.674805	0.375488
851	-0.652832	0.383789
852	-0.666016	0.400391
853	-0.651855	0.358887
854	-0.662109	0.424805
855	-0.666992	0.490234
856	-0.686035	0.510742
857	-0.675781	0.529785
858	-0.674805	0.560059
859	-0.666992	0.567871
860	-0.665039	0.539063
861	-0.656250	0.496582
862	-0.669434	0.550293
863	-0.655762	0.506348
864	-0.654297	0.513184
865	-0.654297	0.583984
866	-0.661621	0.619141
867	-0.728027	0.782227
868	-0.693848	0.674805
869	-0.703613	0.673828
870	-0.684570	0.663574
871	-0.686035	0.652832
872	-0.697266	0.657715
873	-0.678711	0.592285
874	-0.686035	0.538574
875	-0.667480	0.554199
876	-0.623535	0.458984
877	-0.650879	0.585449
878	-0.676270	0.625977
879	-0.689453	0.681641
880	-0.695313	0.639648
881	-0.691895	0.639648
882	-0.719727	0.694336
883	-0.662598	0.662598
884	-0.676270	0.602051
885	-0.688477	0.629395
886	-0.665527	0.593750
887	-0.689941	0.637207
888	-0.657227	0.581543
889	-0.664551	0.590332
890	-0.665039	0.540039
891	-0.657227	0.484375
892	-0.671387	0.458008
893	-0.709473	0.488281
894	-0.677246	0.411621
895	-0.654297	0.392578
896	-0.666992	0.321777
897	-0.669922	0.384766
898	-0.664063	0.375488
899	-0.641113	0.437988
900	-0.676270	0.453613
901	-0.647461	0.499023
902	-0.709473	0.613770
903	-0.676270	0.573730
904	-0.687988	0.598633
905	-0.657715	0.610352
906	-0.657227	0.635742
907	-0.678711	0.654297
908	-0.683105	0.627930
909	-0.689453	0.647461
910	-0.695801	0.676758
911	-0.677246	0.628906
912	-0.706055	0.678711
913	-0.706543	0.691406
914	-0.667480	0.600586
915	-0.682129	0.621094
916	-0.698242	0.671387
917	-0.704590	0.657227
918	-0.700684	0.679199
919	-0.701172	0.674805
920	-0.682617	0.682617
921	-0.688965	0.653320
922	-0.708496	0.686035
923	-0.695313	0.646484
924	-0.695801	0.633301
925	-0.663086	0.529297
926	-0.666504	0.573730
927	-0.715332	0.648438
928	-0.683105	0.583008
929	-0.680176	0.529297
930	-0.681152	0.536621
931	-0.681641	0.601074
932	-0.683594	0.550293
933	-0.667969	0.520020
934	-0.669434	0.578125
935	-0.676758	0.634766
936	-0.674316	0.660645
937	-0.686035	0.667480
938	-0.694824	0.660645
939	-0.703125	0.648926
940	-0.702637	0.700195
941	-0.696289	0.681152
942	-0.702148	0.708984
943	-0.703613	0.707520
944	-0.700195	0.716797
945	-0.708008	0.741699
946	-0.691895	0.728027
947	-0.689941	0.676758
948	-0.705078	0.666992
949	-0.706543	0.601074
950	-0.692383	0.598145
951	-0.691406	0.624023
952	-0.663574	0.533691
953	-0.665527	0.578613
954	-0.672852	0.523926
955	-0.688477	0.450195
956	-0.685547	0.519043
957	-0.680176	0.529297
958	-0.657715	0.412109
959	-0.646484	0.377441
960	-0.658203	0.441406
961	-0.641602	0.463379
962	-0.696777	0.541992
963	-0.710938	0.635254
964	-0.643555	0.556641
965	-0.665527	0.598145
966	-0.670898	0.592773
967	-0.682617	0.618652
968	-0.708008	0.677734
969	-0.699707	0.646484
970	-0.698730	0.617676
971	-0.653320	0.539551
972	-0.655273	0.541992
973	-0.687500	0.616699
974	-0.660156	0.580078
975	-0.653320	0.499023
976	-0.678711	0.518555
977	-0.641113	0.510742
978	-0.667480	0.570313
979	-0.671387	0.613281
980	-0.645996	0.585449
981	-0.653320	0.562500
982	-0.677246	0.552734
983	-0.672852	0.557129
984	-0.672363	0.587402
985	-0.664063	0.521973
986	-0.675781	0.566406
987	-0.648926	0.586426
988	-0.687500	0.612305
989	-0.660645	0.489258
990	-0.693359	0.670898
991	-0.674316	0.635742
992	-0.690430	0.637207
993	-0.708984	0.693848
994	-0.658203	0.634766
995	-0.669922	0.644043
996	-0.691895	0.694336
997	-0.690430	0.650879
998	-0.645996	0.595703
999	-0.658691	0.578125
