0	-0.848633	0.875000
1	-0.870117	0.907227
2	-0.869629	0.913086
3	-0.847656	0.876953
4	-0.859375	0.900391
5	-0.857422	0.898438
6	-0.855957	0.886230
7	-0.854004	0.904785
8	-0.875488	0.913086
9	-0.875977	0.917969
10	-0.857910	0.909180
11	-0.863770	0.911133
12	-0.864258	0.894531
13	-0.871094	0.908691
14	-0.871094	0.904297
15	-0.863281	0.874512
16	-0.874512	0.903809
17	-0.864258	0.913086
18	-0.865723	0.903320
19	-0.875977	0.920410
20	-0.878906	0.917969
21	-0.865234	0.897461
22	-0.860840	0.864258
23	-0.851074	0.880371
24	-0.834473	0.876953
25	-0.870117	0.906250
26	-0.871582	0.900391
27	-0.871582	0.894531
28	-0.859375	0.907227
29	-0.859375	0.892578
30	-0.857910	0.885742
31	-0.838379	0.847656
32	-0.859863	0.874512
33	-0.841797	0.860840
34	-0.856445	0.867676
35	-0.850586	0.842773
36	-0.846191	0.872559
37	-0.850586	0.873535
38	-0.849121	0.872559
39	-0.870605	0.892090
40	-0.885742	0.926758
41	-0.859863	0.879883
42	-0.837891	0.874023
43	-0.860840	0.892090
44	-0.866699	0.901367
45	-0.838379	0.875000
46	-0.851074	0.898926
47	-0.853516	0.890625
48	-0.879395	0.920410
49	-0.850586	0.891602
50	-0.880859	0.928711
51	-0.854492	0.875977
52	-0.841309	0.870117
53	-0.870605	0.900391
54	-0.873047	0.890137
55	-0.858398	0.889648
56	-0.866699	0.881348
57	-0.878906	0.903809
58	-0.875000	0.915527
59	-0.851563	0.891602
60	-0.892090	0.922363
61	-0.867676	0.900879
62	-0.856445	0.906738
63	-0.867188	0.913574
64	-0.864258	0.905273
65	-0.871094	0.880371
66	-0.855957	0.878906
67	-0.845703	0.880371
68	-0.856934	0.902832
69	-0.857910	0.901855
70	-0.859375	0.904785
71	-0.845703	0.870117
72	-0.868164	0.879883
73	-0.855469	0.882324
74	-0.874512	0.896484
75	-0.872070	0.897461
76	-0.870605	0.904785
77	-0.899902	0.931641
78	-0.872070	0.912109
79	-0.842773	0.874023
80	-0.856934	0.887695
81	-0.884277	0.932617
82	-0.882813	0.922852
83	-0.855957	0.904297
84	-0.853027	0.898438
85	-0.877930	0.907715
86	-0.873535	0.917480
87	-0.834961	0.866211
88	-0.884766	0.915527
89	-0.889648	0.929688
90	-0.867188	0.916016
91	-0.881836	0.920898
92	-0.880859	0.923828
93	-0.869629	0.913574
94	-0.840820	0.867188
95	-0.857910	0.877441
96	-0.858398	0.890137
97	-0.875977	0.918945
98	-0.869141	0.904297
99	-0.852051	0.889160
100	-0.855469	0.899414
101	-0.855957	0.894043
102	-0.862305	0.892090
103	-0.864258	0.886719
104	-0.841309	0.887695
105	-0.878418	0.915527
106	-0.856445	0.890137
107	-0.857422	0.889160
108	-0.868652	0.907227
109	-0.852539	0.880371
110	-0.866211	0.909668
111	-0.840820	0.881836
112	-0.859863	0.906738
113	-0.895508	0.916992
114	-0.850586	0.887207
115	-0.862793	0.906250
116	-0.868164	0.918945
117	-0.878906	0.907227
118	-0.858887	0.889160
119	-0.876953	0.910156
120	-0.885254	0.914063
121	-0.874512	0.906738
122	-0.852539	0.898438
123	-0.874023	0.904785
124	-0.856934	0.895020
125	-0.874023	0.919922
126	-0.861328	0.901855
127	-0.837891	0.872559
128	-0.867188	0.891113
129	-0.848145	0.889648
130	-0.866211	0.903320
131	-0.891602	0.931641
132	-0.854492	0.886719
133	-0.870605	0.910645
134	-0.845703	0.872559
135	-0.876465	0.904297
136	-0.854980	0.900391
137	-0.876465	0.914063
138	-0.890137	0.917969
139	-0.864746	0.906738
140	-0.888184	0.928711
141	-0.871094	0.909180
142	-0.869141	0.912109
143	-0.841309	0.872070
144	-0.877930	0.900879
145	-0.882324	0.921387
146	-0.855469	0.888184
147	-0.866211	0.903320
148	-0.884277	0.926758
149	-0.867188	0.913086
150	-0.866211	0.891113
151	-0.869141	0.874023
152	-0.860840	0.886230
153	-0.882324	0.923340
154	-0.874023	0.906250
155	-0.854980	0.893066
156	-0.862793	0.893066
157	-0.882813	0.917969
158	-0.858887	0.893555
159	-0.850586	0.874023
160	-0.856934	0.894043
161	-0.869141	0.897461
162	-0.884766	0.926758
163	-0.843262	0.873047
164	-0.858887	0.899414
165	-0.867676	0.909668
166	-0.863281	0.907227
167	-0.851074	0.888672
168	-0.903809	0.940918
169	-0.879883	0.916016
170	-0.849609	0.870117
171	-0.857422	0.899902
172	-0.894531	0.932617
173	-0.904785	0.941406
174	-0.883301	0.926270
175	-0.885254	0.931641
176	-0.868652	0.904785
177	-0.860352	0.904785
178	-0.865234	0.885254
179	-0.868652	0.886230
180	-0.860352	0.903809
181	-0.860352	0.898926
182	-0.880371	0.915039
183	-0.866699	0.912598
184	-0.870605	0.912109
185	-0.882324	0.916504
186	-0.867676	0.913574
187	-0.859863	0.906738
188	-0.869629	0.916992
189	-0.856934	0.905273
190	-0.864746	0.901367
191	-0.885254	0.921387
192	-0.873535	0.899902
193	-0.855957	0.879883
194	-0.843262	0.868164
195	-0.863281	0.897949
196	-0.845215	0.884766
197	-0.874023	0.896973
198	-0.856445	0.880859
199	-0.873047	0.919922
200	-0.880859	0.914063
201	-0.869629	0.910645
202	-0.898926	0.937012
203	-0.877930	0.910156
204	-0.874512	0.907227
205	-0.858887	0.895508
206	-0.853516	0.901367
207	-0.887207	0.918945
208	-0.864258	0.878906
209	-0.864258	0.910645
210	-0.864258	0.900879
211	-0.854980	0.885742
212	-0.871582	0.918457
213	-0.888184	0.908691
214	-0.864746	0.908691
215	-0.865723	0.909668
216	-0.858398	0.872559
217	-0.873047	0.881836
218	-0.875488	0.922363
219	-0.861816	0.900391
220	-0.869629	0.875488
221	-0.874023	0.900879
222	-0.867676	0.904785
223	-0.853516	0.902344
224	-0.873047	0.916016
225	-0.886230	0.908691
226	-0.851074	0.892090
227	-0.850098	0.877930
228	-0.873535	0.911621
229	-0.860352	0.894531
230	-0.876953	0.908203
231	-0.865723	0.899902
232	-0.867676	0.872559
233	-0.857910	0.886230
234	-0.871582	0.915527
235	-0.873047	0.899902
236	-0.843262	0.840332
237	-0.880371	0.888672
238	-0.856934	0.871582
239	-0.856934	0.873047
240	-0.852051	0.854004
241	-0.867188	0.882813
242	-0.882324	0.889160
243	-0.865723	0.899902
244	-0.867188	0.893066
245	-0.891113	0.931152
246	-0.845703	0.890137
247	-0.848633	0.885254
248	-0.868652	0.891113
249	-0.854004	0.889160
250	-0.858887	0.881348
251	-0.840820	0.889160
252	-0.849609	0.881836
253	-0.873535	0.914551
254	-0.852539	0.885742
255	-0.865234	0.906250
256	-0.871582	0.894043
257	-0.882324	0.915527
258	-0.837402	0.861328
259	-0.884277	0.903320
260	-0.871582	0.879395
261	-0.887695	0.921387
262	-0.884277	0.927246
263	-0.878906	0.917969
264	-0.865723	0.910156
265	-0.881836	0.914063
266	-0.868652	0.912109
267	-0.861328	0.914551
268	-0.879883	0.925293
269	-0.870605	0.909668
270	-0.863281	0.873047
271	-0.828613	0.839355
272	-0.869629	0.895508
273	-0.871582	0.919434
274	-0.848145	0.901855
275	-0.880859	0.917969
276	-0.868164	0.888184
277	-0.878418	0.896973
278	-0.865723	0.891113
279	-0.874512	0.911133
280	-0.855469	0.868164
281	-0.851563	0.890137
282	-0.895020	0.919922
283	-0.864746	0.911133
284	-0.868164	0.910645
285	-0.878418	0.916504
286	-0.866211	0.915527
287	-0.876465	0.918457
288	-0.846191	0.875000
289	-0.853027	0.875977
290	-0.879395	0.896973
291	-0.862793	0.909180
292	-0.855469	0.860840
293	-0.846191	0.881836
294	-0.882813	0.915527
295	-0.864258	0.907715
296	-0.871094	0.913086
297	-0.869141	0.895508
298	-0.854980	0.881348
299	-0.861328	0.887207
300	-0.862305	0.877441
301	-0.865234	0.909668
302	-0.861816	0.914551
303	-0.868652	0.905762
304	-0.864258	0.895996
305	-0.852051	0.876465
306	-0.860352	0.905762
307	-0.871094	0.902832
308	-0.858887	0.867676
309	-0.875977	0.921387
310	-0.881348	0.922363
311	-0.864746	0.900879
312	-0.850586	0.894531
313	-0.880371	0.917969
314	-0.834961	0.858887
315	-0.850098	0.889648
316	-0.848633	0.890137
317	-0.878418	0.908203
318	-0.881836	0.916504
319	-0.849609	0.891602
320	-0.867188	0.906738
321	-0.850098	0.904785
322	-0.854492	0.890137
323	-0.866699	0.906250
324	-0.879395	0.913086
325	-0.865234	0.914551
326	-0.876465	0.903809
327	-0.846191	0.884766
328	-0.853027	0.891602
329	-0.874023	0.898438
330	-0.854004	0.899902
331	-0.856934	0.883789
332	-0.854492	0.857910
333	-0.855957	0.885742
334	-0.862793	0.906738
335	-0.866211	0.903320
336	-0.875000	0.916016
337	-0.858887	0.896973
338	-0.868164	0.916016
339	-0.850098	0.888672
340	-0.877930	0.913086
341	-0.886719	0.933594
342	-0.872559	0.915527
343	-0.850586	0.883789
344	-0.880859	0.917969
345	-0.874023	0.913574
346	-0.881348	0.912109
347	-0.844727	0.899414
348	-0.868652	0.890137
349	-0.861816	0.902344
350	-0.855469	0.897461
351	-0.879883	0.912109
352	-0.859863	0.904297
353	-0.875000	0.907715
354	-0.865723	0.837891
355	-0.861328	0.852539
356	-0.863770	0.879883
357	-0.859863	0.907715
358	-0.881348	0.914551
359	-0.866699	0.911133
360	-0.860352	0.909180
361	-0.862793	0.892090
362	-0.854492	0.895020
363	-0.849121	0.891602
364	-0.843750	0.861328
365	-0.873535	0.917480
366	-0.869141	0.913574
367	-0.864746	0.911133
368	-0.842285	0.871094
369	-0.858887	0.899414
370	-0.877441	0.907227
371	-0.874023	0.921387
372	-0.862793	0.898926
373	-0.884766	0.927734
374	-0.899414	0.929199
375	-0.836426	0.852539
376	-0.853516	0.867188
377	-0.875488	0.915527
378	-0.884277	0.927246
379	-0.884766	0.929199
380	-0.871582	0.914551
381	-0.878906	0.918457
382	-0.857910	0.904785
383	-0.849609	0.899902
384	-0.860352	0.890137
385	-0.857910	0.906250
386	-0.885742	0.917969
387	-0.844238	0.883789
388	-0.863281	0.880859
389	-0.862305	0.894043
390	-0.888672	0.916504
391	-0.880859	0.923828
392	-0.852539	0.898926
393	-0.876465	0.919434
394	-0.842285	0.888184
395	-0.861816	0.904297
396	-0.872070	0.921387
397	-0.870605	0.901855
398	-0.867676	0.903320
399	-0.863770	0.898438
400	-0.870117	0.898926
401	-0.862793	0.907715
402	-0.845215	0.880371
403	-0.835938	0.876953
404	-0.870117	0.919922
405	-0.890137	0.925781
406	-0.891602	0.933105
407	-0.878906	0.920898
408	-0.882324	0.920898
409	-0.865723	0.912598
410	-0.855957	0.887207
411	-0.840332	0.885254
412	-0.859863	0.895508
413	-0.859375	0.884277
414	-0.839844	0.889648
415	-0.875000	0.906250
416	-0.838379	0.877441
417	-0.875488	0.926270
418	-0.864746	0.886719
419	-0.859863	0.895508
420	-0.863281	0.909668
421	-0.851563	0.885742
422	-0.853027	0.882324
423	-0.873047	0.916504
424	-0.858398	0.890625
425	-0.846191	0.868652
426	-0.852539	0.847168
427	-0.866699	0.892090
428	-0.869629	0.914063
429	-0.854004	0.898438
430	-0.856934	0.872070
431	-0.836914	0.873047
432	-0.883789	0.906250
433	-0.889648	0.919922
434	-0.854980	0.899414
435	-0.889160	0.925293
436	-0.859863	0.901367
437	-0.856445	0.895508
438	-0.851563	0.892090
439	-0.870117	0.911621
440	-0.884766	0.921875
441	-0.854980	0.848633
442	-0.869141	0.885742
443	-0.867676	0.864746
444	-0.850098	0.864258
445	-0.835449	0.842773
446	-0.854980	0.872559
447	-0.880859	0.891113
448	-0.867676	0.888672
449	-0.855957	0.875977
450	-0.878906	0.919434
451	-0.829102	0.875488
452	-0.852539	0.881348
453	-0.889648	0.912109
454	-0.853027	0.887695
455	-0.843750	0.872070
456	-0.844238	0.876953
457	-0.853516	0.882813
458	-0.861328	0.913086
459	-0.848633	0.885742
460	-0.881348	0.920898
461	-0.851563	0.868652
462	-0.869141	0.904297
463	-0.859375	0.900391
464	-0.847168	0.882813
465	-0.868164	0.895508
466	-0.866699	0.912598
467	-0.905273	0.940430
468	-0.871094	0.907715
469	-0.866699	0.900391
470	-0.872559	0.916016
471	-0.874512	0.920898
472	-0.863281	0.908203
473	-0.867676	0.910156
474	-0.866211	0.895508
475	-0.869629	0.901855
476	-0.827637	0.858887
477	-0.839844	0.876465
478	-0.864258	0.910645
479	-0.845703	0.888184
480	-0.861816	0.901367
481	-0.865723	0.898926
482	-0.854004	0.884766
483	-0.846680	0.875000
484	-0.890137	0.922852
485	-0.846191	0.886719
486	-0.853516	0.898926
487	-0.886719	0.915527
488	-0.862793	0.907227
489	-0.872070	0.919922
490	-0.855469	0.897949
491	-0.849121	0.880371
492	-0.878418	0.919434
493	-0.856445	0.877930
494	-0.867188	0.898438
495	-0.891113	0.909668
496	-0.872559	0.909668
497	-0.867676	0.890625
498	-0.867676	0.910156
499	-0.881348	0.913574
500	-0.860840	0.905762
501	-0.859863	0.899902
502	-0.864258	0.892578
503	-0.854980	0.894531
504	-0.847656	0.862793
505	-0.860840	0.892090
506	-0.863770	0.910156
507	-0.872070	0.918457
508	-0.855469	0.898438
509	-0.863281	0.906738
510	-0.840820	0.858398
511	-0.885742	0.924316
512	-0.882324	0.874023
513	-0.850586	0.895508
514	-0.874023	0.909180
515	-0.879395	0.918457
516	-0.860840	0.900391
517	-0.858398	0.903809
518	-0.870117	0.913574
519	-0.868652	0.896484
520	-0.849121	0.880371
521	-0.845215	0.884766
522	-0.895508	0.920898
523	-0.883301	0.924805
524	-0.864258	0.909668
525	-0.866211	0.898926
526	-0.870117	0.918457
527	-0.869141	0.908203
528	-0.858887	0.903809
529	-0.868652	0.904785
530	-0.870117	0.903320
531	-0.874023	0.901855
532	-0.866699	0.911133
533	-0.856934	0.898438
534	-0.863770	0.905273
535	-0.857910	0.902344
536	-0.866699	0.896484
537	-0.872070	0.888184
538	-0.854980	0.884277
539	-0.871582	0.911621
540	-0.864746	0.908691
541	-0.868652	0.915527
542	-0.869141	0.916504
543	-0.869629	0.910156
544	-0.856934	0.898438
545	-0.859375	0.890625
546	-0.875000	0.920898
547	-0.873047	0.914063
548	-0.845215	0.876953
549	-0.880859	0.919922
550	-0.865234	0.912109
551	-0.857422	0.898926
552	-0.869141	0.911621
553	-0.871094	0.909668
554	-0.891113	0.930176
555	-0.861328	0.891602
556	-0.854492	0.888672
557	-0.879395	0.914063
558	-0.874023	0.916992
559	-0.854004	0.848145
560	-0.862305	0.885254
561	-0.840332	0.877930
562	-0.880371	0.913574
563	-0.867188	0.899414
564	-0.858887	0.896973
565	-0.863281	0.907715
566	-0.872070	0.907715
567	-0.868164	0.891113
568	-0.865723	0.897461
569	-0.868652	0.900879
570	-0.875000	0.911133
571	-0.876465	0.916992
572	-0.881348	0.924316
573	-0.857422	0.895508
574	-0.871094	0.916992
575	-0.875000	0.905273
576	-0.854980	0.904297
577	-0.875977	0.920410
578	-0.885254	0.922852
579	-0.873535	0.903320
580	-0.826172	0.858887
581	-0.873535	0.901367
582	-0.873047	0.919922
583	-0.863770	0.896484
584	-0.878906	0.923340
585	-0.860352	0.895996
586	-0.859375	0.896973
587	-0.869141	0.915039
588	-0.858887	0.893066
589	-0.864258	0.890137
590	-0.876953	0.911133
591	-0.891113	0.906738
592	-0.884277	0.918945
593	-0.847656	0.871582
594	-0.870117	0.911133
595	-0.886230	0.917969
596	-0.893555	0.931641
597	-0.861328	0.910156
598	-0.871582	0.913086
599	-0.856445	0.894531
600	-0.842773	0.874023
601	-0.852051	0.893066
602	-0.877441	0.906738
603	-0.880371	0.916504
604	-0.857910	0.901367
605	-0.876953	0.906250
606	-0.890137	0.918457
607	-0.850586	0.885254
608	-0.864746	0.906250
609	-0.891602	0.927246
610	-0.865723	0.907227
611	-0.888184	0.927246
612	-0.868652	0.891113
613	-0.861328	0.876953
614	-0.850098	0.887695
615	-0.857422	0.896484
616	-0.856934	0.903320
617	-0.867188	0.912598
618	-0.842773	0.877930
619	-0.864746	0.889160
620	-0.863281	0.889648
621	-0.837891	0.882324
622	-0.874023	0.919434
623	-0.859863	0.877930
624	-0.871094	0.912109
625	-0.869141	0.905273
626	-0.859863	0.886719
627	-0.849121	0.883301
628	-0.858398	0.896973
629	-0.864258	0.902344
630	-0.854004	0.890625
631	-0.870605	0.914551
632	-0.878418	0.918457
633	-0.870117	0.920410
634	-0.879395	0.902344
635	-0.864258	0.884277
636	-0.860352	0.880371
637	-0.863281	0.885254
638	-0.859863	0.891602
639	-0.877930	0.912109
640	-0.886230	0.925293
641	-0.886719	0.916992
642	-0.853027	0.893066
643	-0.878418	0.913574
644	-0.881348	0.918945
645	-0.870605	0.912109
646	-0.852051	0.821289
647	-0.884277	0.884766
648	-0.855469	0.850098
649	-0.841309	0.854492
650	-0.843750	0.840332
651	-0.850098	0.856934
652	-0.859863	0.869629
653	-0.859863	0.904297
654	-0.850098	0.882324
655	-0.880371	0.915527
656	-0.835449	0.882324
657	-0.849609	0.880859
658	-0.861816	0.891113
659	-0.848145	0.883301
660	-0.863770	0.897949
661	-0.849121	0.878418
662	-0.859863	0.906738
663	-0.868652	0.908203
664	-0.866211	0.907227
665	-0.879883	0.918945
666	-0.841309	0.856445
667	-0.863770	0.895020
668	-0.865234	0.897949
669	-0.867188	0.904297
670	-0.854492	0.894531
671	-0.882324	0.923828
672	-0.895020	0.929199
673	-0.859863	0.906250
674	-0.877441	0.925293
675	-0.882813	0.911133
676	-0.884766	0.919434
677	-0.871094	0.921875
678	-0.874023	0.919434
679	-0.853516	0.882813
680	-0.845215	0.883789
681	-0.859375	0.880371
682	-0.867188	0.909180
683	-0.851563	0.899414
684	-0.842773	0.877930
685	-0.848145	0.881836
686	-0.876953	0.897949
687	-0.857910	0.892578
688	-0.853027	0.878418
689	-0.878906	0.903320
690	-0.841797	0.883789
691	-0.871094	0.916504
692	-0.861328	0.893555
693	-0.864746	0.900391
694	-0.867188	0.913574
695	-0.888672	0.924316
696	-0.866211	0.908203
697	-0.862305	0.910156
698	-0.847656	0.882813
699	-0.888184	0.921875
700	-0.891113	0.917480
701	-0.844727	0.876465
702	-0.864258	0.884277
703	-0.884277	0.929199
704	-0.859375	0.894531
705	-0.859375	0.895508
706	-0.869141	0.899902
707	-0.860352	0.892090
708	-0.849121	0.885742
709	-0.865234	0.879883
710	-0.871094	0.907227
711	-0.884766	0.925781
712	-0.877930	0.919922
713	-0.860840	0.894043
714	-0.858398	0.896973
715	-0.834961	0.854492
716	-0.868164	0.903320
717	-0.865723	0.882813
718	-0.866211	0.902832
719	-0.875000	0.907715
720	-0.883789	0.929199
721	-0.854492	0.884277
722	-0.863770	0.900879
723	-0.854980	0.889648
724	-0.876465	0.905273
725	-0.875977	0.909668
726	-0.846680	0.884766
727	-0.858887	0.877441
728	-0.892578	0.924316
729	-0.857910	0.899902
730	-0.864258	0.906250
731	-0.861328	0.914063
732	-0.860352	0.903809
733	-0.870117	0.904785
734	-0.855957	0.899414
735	-0.882813	0.898926
736	-0.866211	0.900391
737	-0.889160	0.927734
738	-0.877441	0.915527
739	-0.862305	0.911621
740	-0.868652	0.904785
741	-0.850098	0.891113
742	-0.859863	0.882813
743	-0.858887	0.892090
744	-0.859375	0.909668
745	-0.875977	0.915527
746	-0.882813	0.913086
747	-0.879883	0.916016
748	-0.871094	0.912109
749	-0.833496	0.861816
750	-0.853027	0.865723
751	-0.870605	0.907227
752	-0.871094	0.917480
753	-0.851074	0.879883
754	-0.879395	0.925293
755	-0.869141	0.909668
756	-0.864746	0.903809
757	-0.866211	0.895508
758	-0.883789	0.915039
759	-0.869629	0.920898
760	-0.855469	0.881836
761	-0.839844	0.876953
762	-0.882813	0.921387
763	-0.893066	0.932617
764	-0.863281	0.855957
765	-0.865723	0.885742
766	-0.866699	0.896973
767	-0.862793	0.909668
768	-0.871582	0.909180
769	-0.874023	0.916992
770	-0.869629	0.913574
771	-0.864746	0.900391
772	-0.854980	0.886230
773	-0.872070	0.909180
774	-0.856445	0.896484
775	-0.886719	0.922852
776	-0.883301	0.925781
777	-0.880371	0.923340
778	-0.857422	0.899414
779	-0.859863	0.902832
780	-0.877930	0.904297
781	-0.870117	0.912598
782	-0.877930	0.921875
783	-0.880371	0.912598
784	-0.859375	0.880371
785	-0.846191	0.879395
786	-0.875000	0.921387
787	-0.885742	0.925781
788	-0.856934	0.875977
789	-0.875488	0.917969
790	-0.872070	0.909668
791	-0.859863	0.905762
792	-0.883789	0.922852
793	-0.868164	0.916504
794	-0.870117	0.899414
795	-0.855469	0.896484
796	-0.854492	0.890625
797	-0.877930	0.916992
798	-0.876465	0.916992
799	-0.879883	0.922363
800	-0.867188	0.911621
801	-0.878418	0.918457
802	-0.875977	0.917969
803	-0.858887	0.900391
804	-0.848145	0.887207
805	-0.856445	0.893066
806	-0.873535	0.909180
807	-0.858887	0.883301
808	-0.877930	0.916016
809	-0.850586	0.897949
810	-0.863281	0.900879
811	-0.872070	0.910156
812	-0.851563	0.891602
813	-0.852051	0.904785
814	-0.870605	0.910156
815	-0.875000	0.902344
816	-0.882813	0.926758
817	-0.883301	0.916992
818	-0.859863	0.896973
819	-0.873535	0.913086
820	-0.877930	0.916504
821	-0.869141	0.907715
822	-0.882813	0.887695
823	-0.857422	0.897461
824	-0.854004	0.891602
825	-0.868652	0.889160
826	-0.835938	0.886230
827	-0.894043	0.932617
828	-0.857422	0.893066
829	-0.882813	0.927734
830	-0.872559	0.911133
831	-0.853516	0.890625
832	-0.870117	0.902832
833	-0.874512	0.911621
834	-0.865723	0.885742
835	-0.877441	0.910645
836	-0.866699	0.913574
837	-0.857910	0.905762
838	-0.879883	0.920898
839	-0.881836	0.914551
840	-0.884766	0.907227
841	-0.862793	0.872070
842	-0.867676	0.900879
843	-0.840820	0.874512
844	-0.870117	0.899414
845	-0.853027	0.886719
846	-0.879395	0.909180
847	-0.872070	0.913574
848	-0.841797	0.881836
849	-0.874512	0.917480
850	-0.842285	0.854004
851	-0.872070	0.878906
852	-0.869141	0.883301
853	-0.864746	0.861816
854	-0.849121	0.863770
855	-0.846191	0.855957
856	-0.842773	0.854004
857	-0.866211	0.875000
858	-0.861328	0.899414
859	-0.874023	0.909180
860	-0.867676	0.886230
861	-0.820313	0.854980
862	-0.865234	0.890137
863	-0.836914	0.874023
864	-0.844238	0.865723
865	-0.862793	0.900879
866	-0.868652	0.896484
867	-0.881348	0.924316
868	-0.870605	0.916504
869	-0.864258	0.904785
870	-0.846191	0.880859
871	-0.823242	0.825195
872	-0.870605	0.897949
873	-0.856445	0.885742
874	-0.876465	0.916016
875	-0.864746	0.905762
876	-0.874023	0.922852
877	-0.892090	0.924316
878	-0.850586	0.895020
879	-0.881836	0.913574
880	-0.869629	0.912109
881	-0.862305	0.903320
882	-0.865234	0.906250
883	-0.858887	0.891113
884	-0.847656	0.855469
885	-0.854492	0.881836
886	-0.847168	0.875000
887	-0.859375	0.900391
888	-0.850586	0.897461
889	-0.843262	0.884766
890	-0.851074	0.874512
891	-0.864258	0.874512
892	-0.844727	0.877441
893	-0.862305	0.882813
894	-0.875977	0.901855
895	-0.843262	0.875000
896	-0.865723	0.916992
897	-0.864258	0.909180
898	-0.849121	0.879395
899	-0.865723	0.907715
900	-0.873047	0.918457
901	-0.877930	0.914063
902	-0.861816	0.900879
903	-0.855957	0.888184
904	-0.861328	0.905273
905	-0.866699	0.899414
906	-0.845703	0.864258
907	-0.874512	0.905273
908	-0.875488	0.916992
909	-0.856934	0.886719
910	-0.870605	0.885254
911	-0.870605	0.912109
912	-0.865723	0.907715
913	-0.843750	0.884277
914	-0.872070	0.906738
915	-0.856445	0.900879
916	-0.866211	0.903320
917	-0.862793	0.887695
918	-0.863770	0.900879
919	-0.864746	0.904785
920	-0.846680	0.887695
921	-0.871582	0.905762
922	-0.868164	0.878418
923	-0.853516	0.900391
924	-0.876465	0.916504
925	-0.864258	0.897461
926	-0.846680	0.868652
927	-0.857422	0.901855
928	-0.861328	0.878906
929	-0.877441	0.914551
930	-0.851074	0.891113
931	-0.869141	0.907227
932	-0.856934	0.890625
933	-0.867188	0.912598
934	-0.860840	0.906738
935	-0.875488	0.917969
936	-0.882324	0.921875
937	-0.852051	0.885742
938	-0.871582	0.908203
939	-0.866211	0.902344
940	-0.854492	0.901367
941	-0.857422	0.885742
942	-0.876465	0.912109
943	-0.869141	0.902344
944	-0.866699	0.898926
945	-0.853516	0.889160
946	-0.871582	0.895508
947	-0.855957	0.902344
948	-0.853516	0.894531
949	-0.869141	0.916504
950	-0.887207	0.925781
951	-0.848633	0.870117
952	-0.866699	0.904297
953	-0.850586	0.880371
954	-0.854492	0.886719
955	-0.849609	0.891602
956	-0.875000	0.913574
957	-0.884277	0.923828
958	-0.855957	0.893066
959	-0.868164	0.903809
960	-0.853516	0.890137
961	-0.864746	0.898926
962	-0.862305	0.892090
963	-0.874512	0.910645
964	-0.866211	0.900879
965	-0.852051	0.883789
966	-0.855469	0.890625
967	-0.864258	0.906250
968	-0.866699	0.917969
969	-0.861816	0.879883
970	-0.855957	0.884766
971	-0.873535	0.913086
972	-0.866211	0.913574
973	-0.853027	0.903809
974	-0.870117	0.904785
975	-0.840332	0.893066
976	-0.877441	0.911133
977	-0.848145	0.892578
978	-0.845703	0.880859
979	-0.859375	0.899414
980	-0.858398	0.903320
981	-0.894531	0.928711
982	-0.851563	0.865234
983	-0.863770	0.883301
984	-0.865234	0.909180
985	-0.853027	0.893066
986	-0.865723	0.900879
987	-0.879395	0.923828
988	-0.885254	0.917969
989	-0.856445	0.885254
990	-0.855469	0.883301
991	-0.884277	0.919434
992	-0.870117	0.919434
993	-0.850098	0.885254
994	-0.879883	0.927734
995	-0.862305	0.900391
996	-0.866699	0.915039
997	-0.875977	0.911133
998	-0.850098	0.896973
999	-0.865723	0.910156
