0	-0.627441	-0.335449
1	-0.571777	-0.296875
2	-0.576660	-0.367676
3	-0.576660	-0.382813
4	-0.602051	-0.420898
5	-0.569824	-0.303711
6	-0.589355	-0.297852
7	-0.586914	-0.250977
8	-0.572266	-0.255859
9	-0.579102	-0.283203
10	-0.577148	-0.316895
11	-0.578125	-0.293457
12	-0.570801	-0.129883
13	-0.597656	-0.152344
14	-0.579590	-0.157227
15	-0.555176	-0.208008
16	-0.564453	-0.126953
17	-0.588867	-0.076660
18	-0.587891	-0.014648
19	-0.572266	0.042480
20	-0.572266	-0.031250
21	-0.598633	0.026367
22	-0.574707	-0.021484
23	-0.577637	-0.000488
24	-0.573730	-0.012207
25	-0.612305	-0.058594
26	-0.606934	-0.085938
27	-0.599121	-0.090332
28	-0.590820	-0.239258
29	-0.582520	-0.215820
30	-0.583496	-0.190918
31	-0.574219	-0.024902
32	-0.568359	-0.034668
33	-0.575684	-0.119141
34	-0.587891	-0.096680
35	-0.604980	-0.048828
36	-0.559570	-0.047852
37	-0.595215	0.051758
38	-0.590332	-0.003418
39	-0.628418	-0.026367
40	-0.597168	-0.010254
41	-0.559570	-0.096680
42	-0.581543	-0.138184
43	-0.569336	-0.099609
44	-0.594238	-0.094238
45	-0.599609	-0.118164
46	-0.548828	-0.057617
47	-0.570313	-0.076172
48	-0.586426	-0.090332
49	-0.574219	0.000000
50	-0.582520	0.063477
51	-0.625000	0.101074
52	-0.574707	0.087402
53	-0.565430	0.130371
54	-0.620117	0.091797
55	-0.571777	0.054199
56	-0.577148	0.021973
57	-0.577148	0.069824
58	-0.604980	0.067871
59	-0.595215	0.111328
60	-0.557617	0.024902
61	-0.565918	0.044434
62	-0.579102	-0.065918
63	-0.601563	-0.092773
64	-0.562500	-0.061035
65	-0.600586	0.020996
66	-0.598145	-0.008301
67	-0.604004	0.014160
68	-0.623535	0.075195
69	-0.592285	0.023926
70	-0.561035	-0.057129
71	-0.569824	0.010254
72	-0.564453	0.027832
73	-0.605469	0.086426
74	-0.585938	0.046387
75	-0.590332	0.066406
76	-0.573730	-0.044922
77	-0.568359	0.016113
78	-0.566895	-0.039551
79	-0.528809	-0.093262
80	-0.604004	-0.060547
81	-0.606934	0.000488
82	-0.596191	0.061523
83	-0.591797	0.156738
84	-0.586914	0.126465
85	-0.570801	0.040527
86	-0.627441	0.150391
87	-0.596680	0.131348
88	-0.583008	0.098633
89	-0.603027	0.178711
90	-0.600098	0.312500
91	-0.631836	0.297363
92	-0.582031	0.187988
93	-0.559570	0.189941
94	-0.595703	0.299805
95	-0.568848	0.180176
96	-0.569336	0.184082
97	-0.606445	0.170898
98	-0.589355	0.086914
99	-0.601563	-0.003906
100	-0.611816	0.059082
101	-0.598145	0.181152
102	-0.564453	0.067383
103	-0.589844	0.089355
104	-0.555664	0.003418
105	-0.577637	0.045898
106	-0.565918	-0.011719
107	-0.562500	0.165039
108	-0.578125	0.243652
109	-0.572754	0.062500
110	-0.592285	0.103516
111	-0.573242	0.121094
112	-0.580078	0.134277
113	-0.562500	0.159180
114	-0.566895	0.166016
115	-0.573730	0.276855
116	-0.572754	0.307617
117	-0.550781	0.198242
118	-0.591309	0.244629
119	-0.557617	0.240234
120	-0.579102	0.155273
121	-0.629883	0.155273
122	-0.581055	0.201660
123	-0.574707	0.193359
124	-0.574219	0.269531
125	-0.583008	0.166016
126	-0.561035	0.137695
127	-0.586426	0.214844
128	-0.576172	0.193848
129	-0.586426	0.278320
130	-0.574219	0.234863
131	-0.585938	0.280762
132	-0.558594	0.269043
133	-0.588379	0.238770
134	-0.554199	0.213867
135	-0.550293	0.127441
136	-0.613770	0.111328
137	-0.575195	0.136719
138	-0.601074	0.175293
139	-0.576660	0.141113
140	-0.581543	0.162109
141	-0.581055	0.267090
142	-0.574707	0.297852
143	-0.568848	0.187988
144	-0.618164	0.225586
145	-0.579590	0.259277
146	-0.598633	0.217285
147	-0.591797	0.277344
148	-0.572754	0.202637
149	-0.572266	0.284668
150	-0.588379	0.358887
151	-0.597656	0.350098
152	-0.606934	0.371582
153	-0.593262	0.419434
154	-0.588867	0.409668
155	-0.561523	0.400391
156	-0.570801	0.307617
157	-0.606445	0.357910
158	-0.566895	0.331543
159	-0.577637	0.355469
160	-0.599609	0.387207
161	-0.610352	0.445801
162	-0.625000	0.459961
163	-0.651367	0.489258
164	-0.608398	0.378906
165	-0.610352	0.412598
166	-0.599609	0.359863
167	-0.604980	0.390625
168	-0.615234	0.406250
169	-0.602539	0.348633
170	-0.580566	0.417480
171	-0.586914	0.329590
172	-0.579102	0.306152
173	-0.566895	0.331543
174	-0.601074	0.369141
175	-0.557129	0.239746
176	-0.559082	0.294434
177	-0.554199	0.235352
178	-0.552246	0.229004
179	-0.597656	0.211914
180	-0.596680	0.205078
181	-0.603027	0.267090
182	-0.604980	0.166016
183	-0.610840	0.253906
184	-0.584961	0.121582
185	-0.591797	0.103027
186	-0.562500	0.024414
187	-0.590820	0.015625
188	-0.602539	-0.030762
189	-0.613770	0.007813
190	-0.588867	0.008789
191	-0.571777	-0.005371
192	-0.580566	-0.085938
193	-0.579590	-0.098633
194	-0.557129	-0.090332
195	-0.545898	-0.046875
196	-0.590332	-0.030273
197	-0.585938	0.191895
198	-0.626953	0.285645
199	-0.589355	0.255859
200	-0.585938	0.126465
201	-0.604004	0.203613
202	-0.579102	0.203613
203	-0.573242	0.228516
204	-0.622070	0.349121
205	-0.630859	0.256348
206	-0.567871	0.105957
207	-0.565918	0.123047
208	-0.554688	0.011230
209	-0.590820	0.070313
210	-0.562500	0.090820
211	-0.585938	0.049805
212	-0.612305	0.187012
213	-0.585449	0.161621
214	-0.613281	0.207031
215	-0.583496	0.233398
216	-0.586914	0.226563
217	-0.615234	0.324707
218	-0.611328	0.260254
219	-0.592285	0.291992
220	-0.604004	0.284180
221	-0.551270	0.166992
222	-0.581055	0.074219
223	-0.585938	0.089844
224	-0.598633	0.129883
225	-0.573730	0.171387
226	-0.621094	0.200195
227	-0.576660	0.226563
228	-0.619141	0.281738
229	-0.589844	0.268555
230	-0.586426	0.228516
231	-0.625977	0.255859
232	-0.623047	0.199707
233	-0.583984	0.170898
234	-0.637695	0.121094
235	-0.614746	0.130859
236	-0.596680	0.146484
237	-0.593750	0.135254
238	-0.582031	0.101074
239	-0.558594	0.139160
240	-0.567383	0.226563
241	-0.589355	0.324219
242	-0.594238	0.245117
243	-0.550293	0.221680
244	-0.573242	0.265137
245	-0.606445	0.192383
246	-0.556641	0.223145
247	-0.570313	0.230469
248	-0.548340	0.153809
249	-0.579590	0.239746
250	-0.602051	0.321777
251	-0.567383	0.303223
252	-0.584473	0.175293
253	-0.585938	0.297363
254	-0.566406	0.204102
255	-0.564941	0.184570
256	-0.597168	0.120117
257	-0.600586	0.077148
258	-0.592285	0.123535
259	-0.620605	0.075195
260	-0.581055	-0.026367
261	-0.597656	-0.073730
262	-0.570801	0.044922
263	-0.567871	0.082520
264	-0.587402	0.112793
265	-0.567871	0.190918
266	-0.560059	0.049316
267	-0.576660	-0.010254
268	-0.582031	-0.010742
269	-0.584473	0.061035
270	-0.568848	0.015625
271	-0.578125	0.067383
272	-0.592773	0.024414
273	-0.583496	0.047852
274	-0.588379	0.070801
275	-0.597168	0.164551
276	-0.586914	0.169922
277	-0.580566	0.199219
278	-0.558594	0.186523
279	-0.600586	0.219238
280	-0.588867	0.139160
281	-0.562500	0.181152
282	-0.567383	0.155762
283	-0.609863	0.126953
284	-0.594238	0.061523
285	-0.580566	0.274902
286	-0.588867	0.214355
287	-0.574707	0.202637
288	-0.572266	0.166016
289	-0.578125	0.129883
290	-0.603516	0.043457
291	-0.598145	0.016113
292	-0.606934	-0.034180
293	-0.637207	0.012695
294	-0.605957	-0.041504
295	-0.581543	-0.028809
296	-0.549316	0.015625
297	-0.563965	-0.037598
298	-0.570313	0.123047
299	-0.580566	0.167969
300	-0.565918	0.138184
301	-0.567871	0.051270
302	-0.586426	0.140137
303	-0.583984	0.041992
304	-0.585938	-0.153809
305	-0.594727	-0.141113
306	-0.603027	-0.073242
307	-0.564941	-0.119629
308	-0.577637	-0.202637
309	-0.574219	-0.125000
310	-0.586914	-0.146973
311	-0.567871	-0.099121
312	-0.588379	0.059082
313	-0.594727	0.067871
314	-0.575684	0.115234
315	-0.582520	0.121094
316	-0.607422	0.160156
317	-0.575684	0.142090
318	-0.573242	0.066406
319	-0.573730	0.136719
320	-0.614746	0.253906
321	-0.576172	0.208008
322	-0.545898	0.187500
323	-0.567871	0.202148
324	-0.578613	0.150879
325	-0.562012	0.125000
326	-0.586914	0.091309
327	-0.586914	0.142578
328	-0.578125	0.069336
329	-0.607422	0.125977
330	-0.565430	-0.053223
331	-0.609375	-0.125488
332	-0.584961	-0.104004
333	-0.546387	-0.145996
334	-0.547363	-0.108398
335	-0.579590	-0.136719
336	-0.585449	-0.169922
337	-0.599121	-0.206055
338	-0.594727	-0.174805
339	-0.568359	-0.128418
340	-0.600098	-0.158691
341	-0.570313	-0.106445
342	-0.570313	-0.051758
343	-0.611816	-0.104980
344	-0.573242	-0.181641
345	-0.589355	-0.192383
346	-0.607422	-0.187012
347	-0.581055	-0.141602
348	-0.570801	-0.145996
349	-0.608398	-0.117188
350	-0.578125	-0.041504
351	-0.607910	-0.063965
352	-0.558594	-0.036621
353	-0.555176	0.036621
354	-0.546387	0.041992
355	-0.599609	-0.097656
356	-0.563477	-0.055664
357	-0.574707	-0.078613
358	-0.585938	-0.096191
359	-0.565918	-0.118652
360	-0.546387	-0.204102
361	-0.554688	-0.154297
362	-0.586914	-0.172363
363	-0.615723	-0.146484
364	-0.593262	-0.110840
365	-0.594238	-0.018555
366	-0.583984	0.061035
367	-0.562012	0.063477
368	-0.588867	0.136719
369	-0.604980	0.129395
370	-0.586426	0.135742
371	-0.604004	0.076172
372	-0.566406	0.092285
373	-0.598633	0.066406
374	-0.565918	0.134766
375	-0.600586	0.062012
376	-0.597168	-0.062500
377	-0.567871	-0.066895
378	-0.573242	0.002930
379	-0.603516	0.034180
380	-0.601074	0.047852
381	-0.570313	-0.043457
382	-0.538086	-0.006348
383	-0.597168	0.085449
384	-0.575684	0.158691
385	-0.575195	0.270508
386	-0.596680	0.292480
387	-0.618652	0.238770
388	-0.572266	0.125977
389	-0.573730	0.055664
390	-0.587891	-0.056641
391	-0.560059	-0.133301
392	-0.572754	-0.177246
393	-0.562988	-0.152832
394	-0.585938	-0.159668
395	-0.621582	-0.104004
396	-0.567871	-0.109375
397	-0.550781	0.032227
398	-0.566895	-0.053223
399	-0.582520	-0.120605
400	-0.593750	-0.024902
401	-0.583496	-0.033691
402	-0.574219	-0.044922
403	-0.599121	-0.032715
404	-0.595215	-0.029297
405	-0.582520	-0.034180
406	-0.610840	-0.125488
407	-0.611328	-0.165039
408	-0.562012	-0.181641
409	-0.586426	-0.063965
410	-0.609863	-0.091309
411	-0.549805	-0.047363
412	-0.577637	0.027344
413	-0.571777	-0.019043
414	-0.566895	-0.030762
415	-0.589355	0.033691
416	-0.606934	-0.047852
417	-0.604492	-0.053223
418	-0.585449	-0.042480
419	-0.582031	-0.013184
420	-0.579102	-0.142578
421	-0.591797	-0.211426
422	-0.591797	-0.203125
423	-0.604980	-0.307617
424	-0.601074	-0.327148
425	-0.579102	-0.217773
426	-0.589355	-0.150391
427	-0.578613	-0.193848
428	-0.606445	-0.209473
429	-0.579102	-0.179199
430	-0.616699	-0.182617
431	-0.624512	-0.196777
432	-0.581543	-0.274902
433	-0.614258	-0.304688
434	-0.598145	-0.253418
435	-0.591309	-0.307129
436	-0.595215	-0.305664
437	-0.595215	-0.332520
438	-0.580566	-0.245605
439	-0.631836	-0.253906
440	-0.580566	-0.292969
441	-0.566895	-0.307617
442	-0.537109	-0.153809
443	-0.595215	-0.129883
444	-0.587402	0.018555
445	-0.568848	0.076172
446	-0.625488	0.039551
447	-0.612305	0.163574
448	-0.562988	0.127930
449	-0.571777	0.119141
450	-0.568359	0.059082
451	-0.582520	-0.041992
452	-0.579102	0.028320
453	-0.569824	-0.006836
454	-0.604980	-0.183594
455	-0.577637	-0.066406
456	-0.582031	-0.014648
457	-0.563477	-0.121582
458	-0.576660	-0.258789
459	-0.574707	-0.244629
460	-0.572266	-0.219727
461	-0.604980	-0.094727
462	-0.580566	-0.087402
463	-0.616211	-0.061035
464	-0.555176	-0.035156
465	-0.580078	-0.077637
466	-0.595703	-0.101074
467	-0.570313	-0.147949
468	-0.556152	-0.095703
469	-0.563477	-0.119141
470	-0.558105	-0.019531
471	-0.561035	0.002441
472	-0.575684	-0.008301
473	-0.567871	0.104492
474	-0.621582	0.104492
475	-0.546875	0.053223
476	-0.567871	0.091309
477	-0.592285	0.102051
478	-0.562500	0.152344
479	-0.536621	0.078613
480	-0.582031	0.045410
481	-0.532715	0.099121
482	-0.600586	0.145508
483	-0.572266	0.066406
484	-0.588379	0.071777
485	-0.557617	0.069824
486	-0.573730	0.021973
487	-0.554199	0.027344
488	-0.601563	0.034668
489	-0.572266	0.101074
490	-0.587891	0.071289
491	-0.599609	-0.061523
492	-0.569824	0.006836
493	-0.577637	0.006836
494	-0.546875	0.087402
495	-0.569336	0.086426
496	-0.607910	0.237793
497	-0.582520	0.221191
498	-0.564941	0.183105
499	-0.578125	0.251465
500	-0.586426	0.022949
501	-0.589844	-0.025391
502	-0.543457	-0.074219
503	-0.561035	0.081055
504	-0.598145	0.084961
505	-0.545898	0.151367
506	-0.589844	0.222168
507	-0.579102	0.067383
508	-0.582520	0.020508
509	-0.582031	0.089844
510	-0.570801	0.145996
511	-0.579590	0.216309
512	-0.605957	0.314453
513	-0.594238	0.271973
514	-0.600586	0.407227
515	-0.611816	0.425781
516	-0.628418	0.443359
517	-0.629883	0.394531
518	-0.613770	0.436035
519	-0.591797	0.430176
520	-0.589355	0.374023
521	-0.599609	0.342285
522	-0.585449	0.211426
523	-0.588379	0.001953
524	-0.600586	-0.010742
525	-0.606445	-0.042480
526	-0.592285	-0.072266
527	-0.583496	-0.125000
528	-0.584473	-0.058594
529	-0.578613	-0.090332
530	-0.585449	-0.146973
531	-0.582520	-0.150879
532	-0.568359	-0.194824
533	-0.603027	-0.156250
534	-0.577148	-0.143555
535	-0.563477	-0.054688
536	-0.610352	0.017578
537	-0.586914	0.065430
538	-0.565918	0.004883
539	-0.567871	-0.061035
540	-0.567383	-0.101563
541	-0.584473	-0.004883
542	-0.563477	0.064453
543	-0.549805	0.120117
544	-0.608887	-0.002441
545	-0.589355	-0.016602
546	-0.575195	-0.017090
547	-0.587402	-0.024414
548	-0.567383	0.015625
549	-0.546387	0.067383
550	-0.566895	-0.000977
551	-0.576660	-0.064941
552	-0.579590	-0.149414
553	-0.582031	-0.206055
554	-0.605957	-0.217285
555	-0.613770	-0.085938
556	-0.593262	-0.172852
557	-0.576660	-0.100098
558	-0.565918	-0.025391
559	-0.588379	-0.021484
560	-0.571777	0.029297
561	-0.616699	-0.067871
562	-0.586914	0.022461
563	-0.567871	-0.127930
564	-0.596191	-0.179688
565	-0.573242	-0.068359
566	-0.604980	-0.141113
567	-0.595703	-0.218750
568	-0.578125	-0.197266
569	-0.603516	-0.268066
570	-0.608887	-0.254395
571	-0.596191	-0.222656
572	-0.605957	-0.290527
573	-0.615234	-0.274414
574	-0.599609	-0.157227
575	-0.605469	-0.189941
576	-0.587402	-0.050293
577	-0.589355	-0.132813
578	-0.587402	-0.177734
579	-0.583984	-0.152832
580	-0.568359	-0.168945
581	-0.595215	-0.098633
582	-0.538086	-0.036133
583	-0.598633	0.002441
584	-0.558105	0.042480
585	-0.572754	0.124023
586	-0.572266	0.128906
587	-0.572754	-0.005371
588	-0.566895	0.001465
589	-0.601074	0.047363
590	-0.585938	0.035156
591	-0.578613	-0.050293
592	-0.581055	0.104980
593	-0.560059	0.065430
594	-0.588867	0.008301
595	-0.587402	0.001953
596	-0.560059	0.109375
597	-0.567871	0.226563
598	-0.586914	0.250488
599	-0.595215	0.294922
600	-0.606934	0.185059
601	-0.562500	0.132813
602	-0.569336	-0.005859
603	-0.559082	-0.017578
604	-0.583008	0.045898
605	-0.589844	0.013184
606	-0.571289	-0.084473
607	-0.580078	-0.145508
608	-0.585938	-0.117188
609	-0.583008	-0.042480
610	-0.576660	-0.067383
611	-0.605957	-0.058105
612	-0.610840	-0.049805
613	-0.605957	-0.043457
614	-0.567871	-0.142578
615	-0.587891	-0.104492
616	-0.585938	-0.110840
617	-0.587891	-0.088867
618	-0.630859	-0.104492
619	-0.620605	-0.170410
620	-0.587402	-0.135254
621	-0.595703	-0.074707
622	-0.577637	-0.124512
623	-0.564453	-0.065918
624	-0.572754	-0.168945
625	-0.572266	-0.120605
626	-0.607910	-0.042480
627	-0.588867	-0.018066
628	-0.577148	-0.028320
629	-0.621582	0.006348
630	-0.608887	0.021484
631	-0.582520	-0.126465
632	-0.565430	-0.161621
633	-0.597656	-0.292480
634	-0.585938	-0.413574
635	-0.590820	-0.305664
636	-0.582031	-0.193848
637	-0.589355	-0.215820
638	-0.604492	-0.210938
639	-0.576660	-0.248047
640	-0.603516	-0.165527
641	-0.583008	-0.227539
642	-0.590332	-0.233398
643	-0.571289	-0.138184
644	-0.566406	-0.145996
645	-0.571777	-0.144531
646	-0.589355	0.003906
647	-0.551270	0.053711
648	-0.586914	0.107422
649	-0.590820	0.071289
650	-0.550781	0.162109
651	-0.554199	0.221680
652	-0.583496	0.160156
653	-0.568848	0.137695
654	-0.566406	0.103516
655	-0.557617	0.144043
656	-0.573242	0.166992
657	-0.600098	0.235840
658	-0.569336	0.186035
659	-0.554199	0.078613
660	-0.575195	-0.066406
661	-0.576660	-0.068359
662	-0.548340	-0.096680
663	-0.571777	-0.112305
664	-0.581543	-0.072754
665	-0.607422	-0.165039
666	-0.578125	-0.237305
667	-0.623047	-0.272949
668	-0.608398	-0.302246
669	-0.555664	-0.264160
670	-0.599609	-0.295898
671	-0.578613	-0.196289
672	-0.557617	-0.189941
673	-0.579590	-0.093262
674	-0.562988	-0.110352
675	-0.596191	-0.043457
676	-0.603027	-0.051270
677	-0.586914	0.061523
678	-0.591309	0.090820
679	-0.594238	0.064453
680	-0.583496	0.095703
681	-0.573242	0.055176
682	-0.571777	-0.029297
683	-0.570801	0.021484
684	-0.573730	0.147949
685	-0.600586	0.254883
686	-0.571289	0.224609
687	-0.583496	0.236328
688	-0.594238	0.294922
689	-0.596680	0.278809
690	-0.600098	0.317871
691	-0.591797	0.264160
692	-0.552734	0.229980
693	-0.557129	0.223633
694	-0.596191	0.312012
695	-0.606445	0.304199
696	-0.607910	0.298340
697	-0.604004	0.291504
698	-0.602051	0.268066
699	-0.590820	0.278320
700	-0.584473	0.187012
701	-0.580078	0.097168
702	-0.595215	0.115234
703	-0.600098	0.080078
704	-0.575195	0.038086
705	-0.594727	0.102539
706	-0.563965	0.112793
707	-0.553223	0.058105
708	-0.566406	0.108887
709	-0.597168	0.126953
710	-0.563965	0.041504
711	-0.557617	0.090820
712	-0.541504	0.127441
713	-0.579590	0.210938
714	-0.548828	0.094238
715	-0.570313	0.213867
716	-0.591309	0.242676
717	-0.590820	0.313477
718	-0.615723	0.308105
719	-0.636719	0.310547
720	-0.632813	0.283203
721	-0.605469	0.313477
722	-0.557129	0.173340
723	-0.579590	0.155762
724	-0.594238	0.152832
725	-0.591309	0.056641
726	-0.572754	0.040039
727	-0.614746	-0.000977
728	-0.604004	0.063965
729	-0.581543	-0.051270
730	-0.597656	0.051270
731	-0.587402	0.115234
732	-0.573730	0.124023
733	-0.573730	0.198242
734	-0.565918	0.135742
735	-0.559082	0.122559
736	-0.614746	0.053711
737	-0.538574	-0.021484
738	-0.566895	0.039063
739	-0.569824	0.057617
740	-0.549805	0.135742
741	-0.584473	0.285645
742	-0.614746	0.261719
743	-0.579590	0.138672
744	-0.587402	0.106934
745	-0.578613	0.174805
746	-0.568359	0.236328
747	-0.607422	0.214355
748	-0.538574	0.250000
749	-0.591309	0.272461
750	-0.593750	0.269043
751	-0.574219	0.192383
752	-0.582520	0.207520
753	-0.591797	0.199219
754	-0.585449	0.065430
755	-0.591797	0.049316
756	-0.584961	-0.031738
757	-0.590332	-0.065918
758	-0.604980	-0.004883
759	-0.589844	-0.016113
760	-0.557129	-0.062500
761	-0.575684	0.018555
762	-0.559082	-0.056152
763	-0.590332	-0.021484
764	-0.580566	-0.008301
765	-0.581055	0.006348
766	-0.596680	0.113281
767	-0.564941	0.047363
768	-0.587402	-0.011230
769	-0.574707	-0.047852
770	-0.582520	0.005859
771	-0.563477	-0.030762
772	-0.601563	0.067383
773	-0.567871	0.026855
774	-0.587891	0.084961
775	-0.623047	0.092285
776	-0.575684	0.102051
777	-0.579590	0.079590
778	-0.616699	0.040039
779	-0.587402	0.049805
780	-0.606934	0.066895
781	-0.582520	0.146484
782	-0.611328	0.188477
783	-0.603516	0.202148
784	-0.552734	0.197754
785	-0.551270	0.084961
786	-0.558594	0.050293
787	-0.557617	0.019043
788	-0.615234	0.086426
789	-0.606445	0.058105
790	-0.599609	-0.003906
791	-0.584961	0.025879
792	-0.558594	0.020020
793	-0.569824	0.184570
794	-0.568848	0.292480
795	-0.592285	0.278809
796	-0.585938	0.274902
797	-0.553711	0.254395
798	-0.588867	0.356445
799	-0.610840	0.288574
800	-0.563477	0.232910
801	-0.569824	0.228027
802	-0.596680	0.263672
803	-0.561035	0.305176
804	-0.584473	0.300293
805	-0.599121	0.262207
806	-0.583008	0.176270
807	-0.555176	0.217285
808	-0.589844	0.266113
809	-0.618164	0.300293
810	-0.596680	0.205078
811	-0.587891	0.223145
812	-0.562012	0.297363
813	-0.580078	0.202637
814	-0.560547	0.163574
815	-0.572754	0.146484
816	-0.619141	0.061035
817	-0.594727	0.025879
818	-0.582031	-0.003906
819	-0.571289	0.126465
820	-0.556641	0.017090
821	-0.566895	0.006348
822	-0.559570	0.014648
823	-0.579590	0.047852
824	-0.622070	0.115723
825	-0.597168	-0.016113
826	-0.594727	0.179199
827	-0.563965	0.111816
828	-0.571777	0.111328
829	-0.591797	0.144531
830	-0.604004	0.172852
831	-0.600098	0.211914
832	-0.625000	0.222168
833	-0.605957	0.202637
834	-0.577637	0.207520
835	-0.584961	0.207520
836	-0.619629	0.130859
837	-0.590332	0.111328
838	-0.557617	0.184570
839	-0.583496	0.165527
840	-0.636230	0.228516
841	-0.563477	0.199707
842	-0.623047	0.139648
843	-0.601074	0.214844
844	-0.581055	0.224609
845	-0.620605	0.178223
846	-0.579590	0.056641
847	-0.590332	0.111816
848	-0.618652	0.064941
849	-0.596680	0.037598
850	-0.587402	0.076660
851	-0.601563	0.044434
852	-0.580078	0.092285
853	-0.579590	0.147461
854	-0.594727	0.120605
855	-0.555664	0.131836
856	-0.580078	0.241699
857	-0.571289	0.257324
858	-0.583984	0.235352
859	-0.613281	0.357422
860	-0.618164	0.384766
861	-0.597656	0.325195
862	-0.611816	0.260742
863	-0.598633	0.229980
864	-0.611328	0.291504
865	-0.590820	0.238770
866	-0.594238	0.132813
867	-0.578613	0.034180
868	-0.559082	-0.004883
869	-0.604492	0.001465
870	-0.591797	0.084473
871	-0.607422	0.144531
872	-0.603027	0.162109
873	-0.592773	0.149414
874	-0.571777	0.069336
875	-0.588867	-0.019043
876	-0.553223	-0.028320
877	-0.588379	0.098145
878	-0.599609	0.084473
879	-0.576172	0.062500
880	-0.592773	0.164063
881	-0.604004	0.179199
882	-0.583984	0.144531
883	-0.587891	0.182129
884	-0.619141	0.115723
885	-0.559570	0.069824
886	-0.599609	0.150879
887	-0.564941	0.065918
888	-0.584961	0.078613
889	-0.618164	0.122070
890	-0.562500	0.099609
891	-0.584961	-0.017578
892	-0.637207	-0.100098
893	-0.581055	0.027832
894	-0.583984	0.159180
895	-0.570313	0.090820
896	-0.582031	0.082031
897	-0.579590	0.114258
898	-0.547852	0.075195
899	-0.553711	-0.029785
900	-0.565918	-0.107422
901	-0.568848	-0.166016
902	-0.614746	-0.146484
903	-0.607910	-0.179199
904	-0.564941	-0.171875
905	-0.584961	-0.163086
906	-0.634766	-0.101074
907	-0.586914	-0.186035
908	-0.604980	-0.172852
909	-0.617188	-0.195313
910	-0.582031	-0.089355
911	-0.557129	-0.153320
912	-0.562012	-0.202148
913	-0.592773	-0.162598
914	-0.592285	-0.129395
915	-0.559082	-0.117676
916	-0.578125	-0.272949
917	-0.580566	-0.352051
918	-0.605469	-0.389648
919	-0.628418	-0.345215
920	-0.581055	-0.228027
921	-0.600098	-0.306152
922	-0.616211	-0.341797
923	-0.595703	-0.362793
924	-0.591309	-0.296875
925	-0.597656	-0.396484
926	-0.615723	-0.422852
927	-0.603027	-0.380371
928	-0.599609	-0.391602
929	-0.628418	-0.384766
930	-0.589844	-0.320313
931	-0.593262	-0.391113
932	-0.605957	-0.368164
933	-0.635742	-0.394043
934	-0.581543	-0.312012
935	-0.535156	-0.204102
936	-0.565918	-0.128906
937	-0.580078	-0.221680
938	-0.578125	-0.295410
939	-0.549316	-0.185059
940	-0.562012	-0.166992
941	-0.603027	-0.116211
942	-0.583008	-0.011230
943	-0.592285	0.049316
944	-0.600586	0.106934
945	-0.570801	0.028320
946	-0.581543	0.142578
947	-0.599609	0.183594
948	-0.583496	0.043457
949	-0.603516	-0.097168
950	-0.572266	-0.118652
951	-0.579102	-0.078613
952	-0.559082	0.083008
953	-0.566406	0.119629
954	-0.589844	0.114746
955	-0.597656	0.139648
956	-0.575195	0.031738
957	-0.585938	0.072266
958	-0.595703	-0.013672
959	-0.590332	0.106934
960	-0.578125	0.206055
961	-0.598145	0.202148
962	-0.607422	0.236328
963	-0.625000	0.184570
964	-0.590820	0.149414
965	-0.592285	0.096680
966	-0.559082	0.087891
967	-0.565430	0.131348
968	-0.559082	0.225586
969	-0.608887	0.249512
970	-0.601074	0.297363
971	-0.591309	0.293457
972	-0.566406	0.133301
973	-0.574219	0.172852
974	-0.582031	0.114746
975	-0.569336	0.024902
976	-0.573730	0.046875
977	-0.627441	0.021484
978	-0.588379	0.027344
979	-0.609863	0.058105
980	-0.598633	0.057617
981	-0.577148	0.083496
982	-0.626953	0.116699
983	-0.607910	-0.074707
984	-0.577637	0.005859
985	-0.597656	0.027344
986	-0.567383	-0.010742
987	-0.580078	-0.092773
988	-0.587891	-0.022461
989	-0.562012	-0.055176
990	-0.575684	-0.013184
991	-0.565430	0.033203
992	-0.596191	-0.027832
993	-0.604492	0.022949
994	-0.567871	0.040039
995	-0.578613	0.029785
996	-0.570313	0.032227
997	-0.583984	-0.027832
998	-0.580078	0.014160
999	-0.571777	0.034180
