0	-0.664063	0.428223
1	-0.651855	0.389648
2	-0.654785	0.470215
3	-0.687988	0.456055
4	-0.678223	0.444824
5	-0.707520	0.474121
6	-0.695313	0.449219
7	-0.688477	0.439453
8	-0.680664	0.573730
9	-0.687012	0.540527
10	-0.700684	0.599121
11	-0.674316	0.558594
12	-0.674805	0.628906
13	-0.686035	0.660645
14	-0.700195	0.648438
15	-0.723145	0.707520
16	-0.708984	0.721680
17	-0.703613	0.730957
18	-0.722168	0.746094
19	-0.700684	0.701660
20	-0.726563	0.720703
21	-0.743164	0.735840
22	-0.735352	0.765137
23	-0.716309	0.752441
24	-0.729980	0.755859
25	-0.683594	0.697754
26	-0.699707	0.656738
27	-0.743652	0.690430
28	-0.707031	0.645508
29	-0.681152	0.621094
30	-0.688477	0.610840
31	-0.689453	0.569336
32	-0.700684	0.603516
33	-0.691895	0.608398
34	-0.684082	0.579102
35	-0.702637	0.593750
36	-0.685059	0.555664
37	-0.703613	0.606445
38	-0.715820	0.622559
39	-0.702637	0.595703
40	-0.684082	0.623047
41	-0.714844	0.687012
42	-0.705078	0.655762
43	-0.690430	0.674805
44	-0.712402	0.654297
45	-0.705566	0.708984
46	-0.715332	0.710938
47	-0.730957	0.781738
48	-0.703613	0.735840
49	-0.723145	0.698730
50	-0.715820	0.762207
51	-0.673828	0.703125
52	-0.718750	0.637207
53	-0.697754	0.618652
54	-0.723145	0.648438
55	-0.725586	0.696289
56	-0.700684	0.690430
57	-0.705566	0.705078
58	-0.710938	0.728027
59	-0.725586	0.753906
60	-0.695313	0.678711
61	-0.707031	0.726074
62	-0.724121	0.717285
63	-0.691406	0.686035
64	-0.715820	0.746582
65	-0.710938	0.727539
66	-0.750977	0.763672
67	-0.730957	0.771973
68	-0.732910	0.776855
69	-0.687988	0.696777
70	-0.663574	0.659180
71	-0.690918	0.616699
72	-0.685547	0.613281
73	-0.705078	0.725098
74	-0.704102	0.701660
75	-0.735352	0.728027
76	-0.684082	0.608398
77	-0.700684	0.602051
78	-0.681152	0.632813
79	-0.696289	0.647949
80	-0.691406	0.628418
81	-0.697754	0.591309
82	-0.676270	0.605957
83	-0.706055	0.566895
84	-0.695313	0.556641
85	-0.636719	0.447266
86	-0.660645	0.505371
87	-0.673828	0.487793
88	-0.694824	0.562012
89	-0.689453	0.531250
90	-0.699219	0.538086
91	-0.687012	0.447754
92	-0.692871	0.458008
93	-0.711914	0.573242
94	-0.701172	0.527832
95	-0.690918	0.540039
96	-0.689941	0.568359
97	-0.703125	0.677246
98	-0.707520	0.642090
99	-0.673828	0.577148
100	-0.699219	0.575684
101	-0.713379	0.600098
102	-0.710938	0.629395
103	-0.683594	0.626953
104	-0.688965	0.649902
105	-0.704102	0.658203
106	-0.700684	0.658691
107	-0.691406	0.629883
108	-0.677734	0.666992
109	-0.710449	0.729980
110	-0.688965	0.691895
111	-0.680664	0.669434
112	-0.718750	0.722168
113	-0.712402	0.731445
114	-0.720703	0.740234
115	-0.737793	0.770996
116	-0.725098	0.726074
117	-0.703613	0.718750
118	-0.718750	0.724121
119	-0.706543	0.714355
120	-0.708984	0.726074
121	-0.726074	0.765137
122	-0.730469	0.748047
123	-0.695313	0.714355
124	-0.709961	0.725586
125	-0.728516	0.704102
126	-0.701172	0.648926
127	-0.658203	0.589844
128	-0.683105	0.632813
129	-0.716309	0.727539
130	-0.687012	0.685547
131	-0.717773	0.720215
132	-0.738770	0.749023
133	-0.695313	0.720703
134	-0.705078	0.723145
135	-0.695801	0.667969
136	-0.716309	0.722168
137	-0.762695	0.816406
138	-0.715332	0.760254
139	-0.714844	0.709961
140	-0.704590	0.708496
141	-0.689941	0.658691
142	-0.684570	0.619629
143	-0.718750	0.628418
144	-0.663574	0.544434
145	-0.676758	0.588379
146	-0.666992	0.619141
147	-0.711914	0.697266
148	-0.690430	0.582520
149	-0.692871	0.569824
150	-0.690918	0.552246
151	-0.668457	0.527344
152	-0.683594	0.617676
153	-0.730957	0.654785
154	-0.687500	0.638672
155	-0.711426	0.698242
156	-0.718262	0.746094
157	-0.714844	0.737793
158	-0.684570	0.687500
159	-0.726563	0.678711
160	-0.714355	0.661621
161	-0.692383	0.597656
162	-0.690430	0.668945
163	-0.702637	0.663086
164	-0.708496	0.663086
165	-0.708008	0.641113
166	-0.722168	0.645996
167	-0.691895	0.620117
168	-0.707520	0.628418
169	-0.689941	0.617676
170	-0.668945	0.625488
171	-0.678223	0.590820
172	-0.670410	0.586914
173	-0.666504	0.648926
174	-0.690430	0.682617
175	-0.707031	0.715332
176	-0.685059	0.646484
177	-0.731934	0.653809
178	-0.705566	0.569336
179	-0.692871	0.600098
180	-0.707520	0.583984
181	-0.685547	0.555176
182	-0.676270	0.568848
183	-0.669922	0.633301
184	-0.708008	0.645996
185	-0.696289	0.626465
186	-0.675293	0.572266
187	-0.700195	0.567383
188	-0.704102	0.666504
189	-0.719727	0.699707
190	-0.687988	0.659180
191	-0.727539	0.660645
192	-0.714844	0.672852
193	-0.695313	0.671387
194	-0.707031	0.663574
195	-0.707520	0.617676
196	-0.698242	0.596191
197	-0.716797	0.543945
198	-0.705566	0.543945
199	-0.660156	0.445801
200	-0.671875	0.486816
201	-0.695313	0.493164
202	-0.706543	0.460449
203	-0.694336	0.498047
204	-0.654785	0.406250
205	-0.675781	0.439941
206	-0.668945	0.443359
207	-0.669922	0.456055
208	-0.708984	0.489746
209	-0.703613	0.489746
210	-0.712402	0.481934
211	-0.660645	0.444824
212	-0.723145	0.485840
213	-0.708496	0.564453
214	-0.706055	0.595215
215	-0.692383	0.588867
216	-0.673340	0.532227
217	-0.681641	0.646484
218	-0.697266	0.656250
219	-0.690918	0.682129
220	-0.695801	0.701172
221	-0.708008	0.715820
222	-0.717285	0.739258
223	-0.714355	0.723145
224	-0.697754	0.684570
225	-0.727539	0.708496
226	-0.716797	0.718262
227	-0.733887	0.776367
228	-0.733887	0.771973
229	-0.715332	0.754395
230	-0.699219	0.676270
231	-0.725098	0.651367
232	-0.711426	0.652832
233	-0.723145	0.669922
234	-0.676270	0.627930
235	-0.669922	0.583008
236	-0.671875	0.588379
237	-0.706055	0.598633
238	-0.676270	0.595703
239	-0.703125	0.619141
240	-0.722168	0.614746
241	-0.696777	0.581543
242	-0.702148	0.594238
243	-0.697266	0.601563
244	-0.686523	0.567871
245	-0.716797	0.663574
246	-0.701660	0.679688
247	-0.737305	0.678223
248	-0.705566	0.657715
249	-0.738770	0.693359
250	-0.708008	0.713867
251	-0.722656	0.715820
252	-0.740234	0.783691
253	-0.723633	0.741211
254	-0.728516	0.748535
255	-0.708984	0.757813
256	-0.699219	0.680664
257	-0.731934	0.645996
258	-0.695801	0.602051
259	-0.711914	0.652344
260	-0.730469	0.733887
261	-0.714844	0.714355
262	-0.720215	0.721191
263	-0.697754	0.724609
264	-0.710938	0.722168
265	-0.727051	0.711914
266	-0.708984	0.762207
267	-0.738770	0.716309
268	-0.722656	0.739746
269	-0.721680	0.746094
270	-0.722168	0.745117
271	-0.735352	0.763184
272	-0.739258	0.755859
273	-0.722168	0.753418
274	-0.690430	0.684570
275	-0.710449	0.648438
276	-0.688477	0.616699
277	-0.727539	0.699707
278	-0.734375	0.745605
279	-0.711914	0.719238
280	-0.723633	0.720703
281	-0.696777	0.620605
282	-0.736328	0.639160
283	-0.691895	0.667480
284	-0.702148	0.664063
285	-0.710449	0.636230
286	-0.664063	0.575684
287	-0.688477	0.597168
288	-0.722656	0.602051
289	-0.674316	0.531250
290	-0.645020	0.464844
291	-0.681152	0.500000
292	-0.684570	0.496582
293	-0.682129	0.537109
294	-0.690430	0.530762
295	-0.695801	0.527832
296	-0.697266	0.453125
297	-0.710449	0.496094
298	-0.688965	0.527832
299	-0.698242	0.567871
300	-0.703613	0.509277
301	-0.707520	0.590820
302	-0.712402	0.678711
303	-0.706543	0.616699
304	-0.680664	0.585938
305	-0.699219	0.587891
306	-0.692383	0.617188
307	-0.686035	0.588379
308	-0.685059	0.616211
309	-0.689453	0.649902
310	-0.685059	0.647461
311	-0.700684	0.650879
312	-0.697754	0.634277
313	-0.708008	0.724121
314	-0.694336	0.687988
315	-0.689941	0.680664
316	-0.728516	0.739258
317	-0.723145	0.725098
318	-0.722656	0.761230
319	-0.726563	0.721191
320	-0.733398	0.743652
321	-0.687988	0.712402
322	-0.733887	0.731445
323	-0.725098	0.743652
324	-0.726074	0.740234
325	-0.731934	0.744141
326	-0.731934	0.758789
327	-0.714355	0.730469
328	-0.690430	0.688477
329	-0.709473	0.702637
330	-0.726563	0.679688
331	-0.696289	0.639648
332	-0.663086	0.605957
333	-0.659668	0.615723
334	-0.713867	0.669922
335	-0.709473	0.703125
336	-0.713379	0.700684
337	-0.710449	0.690918
338	-0.695801	0.705566
339	-0.715820	0.743164
340	-0.702637	0.687012
341	-0.715820	0.737305
342	-0.734863	0.791992
343	-0.736816	0.782227
344	-0.712402	0.708984
345	-0.697266	0.666016
346	-0.687988	0.681152
347	-0.726563	0.646484
348	-0.686035	0.595215
349	-0.675293	0.552734
350	-0.696289	0.582520
351	-0.698242	0.665039
352	-0.704590	0.678711
353	-0.672363	0.578613
354	-0.683105	0.562500
355	-0.660156	0.509766
356	-0.676270	0.552246
357	-0.706543	0.628418
358	-0.720703	0.641113
359	-0.700195	0.678711
360	-0.683594	0.672363
361	-0.692871	0.712402
362	-0.721191	0.747559
363	-0.721680	0.727539
364	-0.711426	0.677246
365	-0.670898	0.615234
366	-0.681641	0.594727
367	-0.652344	0.634766
368	-0.709961	0.684570
369	-0.716309	0.674316
370	-0.686523	0.621582
371	-0.709473	0.619629
372	-0.684570	0.596191
373	-0.696289	0.608887
374	-0.702637	0.652344
375	-0.661133	0.602539
376	-0.664063	0.592773
377	-0.669922	0.570313
378	-0.696777	0.677246
379	-0.684082	0.698730
380	-0.713867	0.733398
381	-0.718262	0.680664
382	-0.714844	0.663086
383	-0.664551	0.545410
384	-0.687500	0.583984
385	-0.702148	0.602539
386	-0.683594	0.547363
387	-0.658691	0.564453
388	-0.656738	0.639648
389	-0.706543	0.665527
390	-0.703613	0.653320
391	-0.689941	0.596680
392	-0.676758	0.587891
393	-0.685547	0.654785
394	-0.709961	0.657227
395	-0.704590	0.653320
396	-0.712891	0.618164
397	-0.702148	0.669434
398	-0.716309	0.721680
399	-0.698242	0.661133
400	-0.687988	0.604492
401	-0.708984	0.590820
402	-0.687012	0.539551
403	-0.684082	0.557129
404	-0.669922	0.464844
405	-0.679199	0.477051
406	-0.700195	0.503418
407	-0.688477	0.474121
408	-0.669434	0.451172
409	-0.652344	0.421875
410	-0.683105	0.449707
411	-0.663086	0.434082
412	-0.704590	0.512207
413	-0.691406	0.439941
414	-0.699707	0.461914
415	-0.685059	0.461426
416	-0.685059	0.457520
417	-0.702637	0.515625
418	-0.708008	0.570801
419	-0.690430	0.585449
420	-0.696777	0.562500
421	-0.691895	0.558594
422	-0.677734	0.653809
423	-0.700684	0.655273
424	-0.700195	0.676758
425	-0.698242	0.708984
426	-0.721680	0.749512
427	-0.688477	0.702148
428	-0.708984	0.719727
429	-0.688965	0.656738
430	-0.744141	0.710449
431	-0.728516	0.728027
432	-0.687500	0.720215
433	-0.733887	0.746582
434	-0.702637	0.730957
435	-0.707031	0.701660
436	-0.704590	0.627930
437	-0.693848	0.628906
438	-0.719238	0.643066
439	-0.707031	0.616211
440	-0.690918	0.567383
441	-0.685547	0.575684
442	-0.685059	0.611816
443	-0.687012	0.570313
444	-0.692871	0.622070
445	-0.710449	0.639160
446	-0.710449	0.600586
447	-0.700195	0.583008
448	-0.709473	0.581055
449	-0.695801	0.619629
450	-0.713379	0.693848
451	-0.675781	0.671875
452	-0.717285	0.689453
453	-0.724121	0.685547
454	-0.701172	0.673340
455	-0.719238	0.708984
456	-0.701660	0.703613
457	-0.730957	0.770020
458	-0.716797	0.754395
459	-0.736816	0.750488
460	-0.722656	0.751953
461	-0.695801	0.699707
462	-0.705566	0.609375
463	-0.681641	0.625000
464	-0.705566	0.656738
465	-0.729492	0.708984
466	-0.701660	0.704590
467	-0.724609	0.718750
468	-0.725098	0.744141
469	-0.699707	0.697754
470	-0.694824	0.668457
471	-0.718262	0.765137
472	-0.726074	0.710938
473	-0.748535	0.771484
474	-0.720215	0.752441
475	-0.728516	0.760254
476	-0.742676	0.776367
477	-0.720703	0.735840
478	-0.721680	0.770020
479	-0.678711	0.672852
480	-0.734863	0.689941
481	-0.690918	0.586914
482	-0.721680	0.707520
483	-0.743652	0.726074
484	-0.705566	0.716309
485	-0.698242	0.663574
486	-0.689941	0.604492
487	-0.741699	0.650879
488	-0.705566	0.643066
489	-0.690430	0.663574
490	-0.706055	0.616211
491	-0.674805	0.573242
492	-0.676270	0.572754
493	-0.724121	0.594727
494	-0.659180	0.493652
495	-0.635742	0.477539
496	-0.672852	0.494141
497	-0.692871	0.499512
498	-0.678223	0.501465
499	-0.695801	0.522461
500	-0.697266	0.539551
501	-0.687012	0.461426
502	-0.714844	0.525391
503	-0.690430	0.543945
504	-0.663086	0.538086
505	-0.694336	0.524414
506	-0.689453	0.578125
507	-0.725586	0.695313
508	-0.680664	0.618652
509	-0.707520	0.629883
510	-0.671387	0.589355
511	-0.680176	0.602539
512	-0.684082	0.607910
513	-0.684570	0.619141
514	-0.689453	0.651855
515	-0.711914	0.705566
516	-0.684082	0.641602
517	-0.680176	0.637207
518	-0.703613	0.731445
519	-0.682129	0.690918
520	-0.704102	0.692383
521	-0.734375	0.730469
522	-0.737793	0.750000
523	-0.715332	0.741699
524	-0.731934	0.735352
525	-0.720215	0.742188
526	-0.697266	0.736328
527	-0.735840	0.737793
528	-0.729492	0.738770
529	-0.722168	0.725098
530	-0.723633	0.726074
531	-0.708008	0.702148
532	-0.721680	0.746094
533	-0.697754	0.645996
534	-0.720215	0.727051
535	-0.730957	0.723633
536	-0.702148	0.633789
537	-0.659180	0.626953
538	-0.687500	0.675781
539	-0.689453	0.674316
540	-0.706055	0.685059
541	-0.711914	0.715332
542	-0.699707	0.673340
543	-0.698730	0.719727
544	-0.705078	0.691895
545	-0.700195	0.686523
546	-0.729004	0.771973
547	-0.735352	0.778809
548	-0.719727	0.746094
549	-0.711914	0.697266
550	-0.708984	0.674805
551	-0.716309	0.709473
552	-0.703125	0.602539
553	-0.669434	0.553223
554	-0.690430	0.527832
555	-0.714844	0.616699
556	-0.713379	0.666016
557	-0.707031	0.694336
558	-0.695313	0.591309
559	-0.698730	0.588379
560	-0.681152	0.544922
561	-0.693359	0.580566
562	-0.704590	0.635254
563	-0.722656	0.655273
564	-0.691406	0.687988
565	-0.695801	0.686035
566	-0.704590	0.731445
567	-0.729980	0.749512
568	-0.693359	0.688965
569	-0.716309	0.668457
570	-0.689941	0.628418
571	-0.696777	0.634277
572	-0.673828	0.661133
573	-0.685547	0.680176
574	-0.722656	0.687500
575	-0.706543	0.663086
576	-0.733398	0.647461
577	-0.716309	0.629883
578	-0.691406	0.618164
579	-0.699707	0.657227
580	-0.666016	0.606445
581	-0.680664	0.617676
582	-0.670898	0.575195
583	-0.696289	0.686035
584	-0.690430	0.708008
585	-0.701172	0.704590
586	-0.714844	0.693359
587	-0.711914	0.644531
588	-0.685059	0.586914
589	-0.705078	0.639160
590	-0.691895	0.611328
591	-0.680664	0.573730
592	-0.673828	0.599121
593	-0.683594	0.646973
594	-0.706543	0.656250
595	-0.694824	0.622559
596	-0.685059	0.555664
597	-0.690430	0.593750
598	-0.693848	0.676758
599	-0.688477	0.602051
600	-0.723633	0.684082
601	-0.699219	0.641602
602	-0.697754	0.669922
603	-0.701172	0.703613
604	-0.692383	0.659668
605	-0.690918	0.622070
606	-0.696777	0.574707
607	-0.699219	0.531250
608	-0.682129	0.509277
609	-0.692871	0.530762
610	-0.668945	0.478516
611	-0.711914	0.456055
612	-0.706543	0.488281
613	-0.683105	0.469238
614	-0.672852	0.437500
615	-0.672852	0.456543
616	-0.663574	0.454102
617	-0.707031	0.468262
618	-0.695801	0.448242
619	-0.694336	0.479980
620	-0.676758	0.431641
621	-0.698730	0.481445
622	-0.691895	0.502441
623	-0.703613	0.552734
624	-0.692383	0.571777
625	-0.699219	0.550781
626	-0.696289	0.579590
627	-0.695313	0.677246
628	-0.696777	0.651855
629	-0.704102	0.710449
630	-0.695313	0.709961
631	-0.725586	0.734863
632	-0.716309	0.742676
633	-0.690430	0.670898
634	-0.696289	0.664063
635	-0.722168	0.695313
636	-0.747559	0.757813
637	-0.713379	0.746582
638	-0.723145	0.754395
639	-0.723633	0.761230
640	-0.693848	0.694336
641	-0.683105	0.611328
642	-0.712891	0.657227
643	-0.729980	0.654297
644	-0.683105	0.588379
645	-0.712891	0.568848
646	-0.718262	0.606445
647	-0.681152	0.596191
648	-0.694824	0.598145
649	-0.719727	0.622070
650	-0.703613	0.635254
651	-0.692383	0.572266
652	-0.704590	0.590332
653	-0.709473	0.600098
654	-0.693359	0.623535
655	-0.702148	0.686523
656	-0.701660	0.672363
657	-0.694336	0.661621
658	-0.715332	0.700195
659	-0.714355	0.698242
660	-0.702637	0.701660
661	-0.702637	0.728516
662	-0.728516	0.766113
663	-0.714844	0.710938
664	-0.728516	0.757813
665	-0.732422	0.758301
666	-0.710938	0.689453
667	-0.686035	0.608398
668	-0.686523	0.617676
669	-0.702637	0.673828
670	-0.712891	0.719727
671	-0.722656	0.712402
672	-0.702637	0.711426
673	-0.716309	0.732910
674	-0.717285	0.705078
675	-0.687012	0.663574
676	-0.733398	0.791992
677	-0.725098	0.720703
678	-0.717285	0.729004
679	-0.742676	0.776855
680	-0.728027	0.768066
681	-0.755371	0.808105
682	-0.733887	0.738770
683	-0.718750	0.751953
684	-0.707520	0.706055
685	-0.703125	0.632324
686	-0.692871	0.594727
687	-0.733398	0.736816
688	-0.700684	0.690918
689	-0.704102	0.742676
690	-0.694824	0.623047
691	-0.689453	0.588867
692	-0.711426	0.653320
693	-0.713867	0.663086
694	-0.702148	0.608398
695	-0.691895	0.602051
696	-0.653809	0.563965
697	-0.698242	0.565918
698	-0.692383	0.542969
699	-0.675781	0.531250
700	-0.645996	0.472656
701	-0.660645	0.448242
702	-0.682617	0.533691
703	-0.677734	0.535156
704	-0.680176	0.521484
705	-0.682617	0.519531
706	-0.677734	0.492188
707	-0.717773	0.568848
708	-0.683105	0.540527
709	-0.687988	0.562988
710	-0.667480	0.526855
711	-0.714355	0.626953
712	-0.748047	0.721680
713	-0.694336	0.608398
714	-0.709473	0.604492
715	-0.702148	0.597168
716	-0.687500	0.596191
717	-0.707520	0.643555
718	-0.721680	0.656738
719	-0.682617	0.658203
720	-0.718750	0.669922
721	-0.692383	0.624023
722	-0.698242	0.666016
723	-0.693359	0.711426
724	-0.684570	0.667969
725	-0.699219	0.684570
726	-0.718262	0.705078
727	-0.727539	0.755371
728	-0.735352	0.750977
729	-0.727051	0.755859
730	-0.712891	0.746094
731	-0.701660	0.741211
732	-0.717773	0.741211
733	-0.735840	0.732910
734	-0.724609	0.707520
735	-0.744141	0.759277
736	-0.704590	0.716309
737	-0.731934	0.772461
738	-0.701660	0.689941
739	-0.736328	0.741699
740	-0.723145	0.713379
741	-0.676270	0.604980
742	-0.670410	0.625977
743	-0.706055	0.699707
744	-0.700684	0.691406
745	-0.702637	0.676270
746	-0.733887	0.729492
747	-0.694824	0.684082
748	-0.715820	0.697754
749	-0.738770	0.706543
750	-0.708008	0.714844
751	-0.755859	0.804688
752	-0.747070	0.786133
753	-0.705078	0.725586
754	-0.723145	0.707520
755	-0.690918	0.663086
756	-0.734375	0.709473
757	-0.687988	0.576172
758	-0.682617	0.522949
759	-0.672363	0.530273
760	-0.706055	0.602539
761	-0.688965	0.654785
762	-0.700684	0.638184
763	-0.679688	0.579590
764	-0.692871	0.591797
765	-0.697266	0.535645
766	-0.687500	0.601074
767	-0.687500	0.625000
768	-0.698730	0.636719
769	-0.703125	0.702637
770	-0.707520	0.706543
771	-0.698730	0.716309
772	-0.718750	0.718262
773	-0.695801	0.667480
774	-0.703613	0.614258
775	-0.681641	0.596191
776	-0.707031	0.683594
777	-0.690430	0.630859
778	-0.719238	0.704590
779	-0.712402	0.687988
780	-0.731445	0.671387
781	-0.700195	0.650391
782	-0.708984	0.614258
783	-0.696777	0.634277
784	-0.694336	0.647461
785	-0.676758	0.632324
786	-0.681641	0.616699
787	-0.669922	0.594238
788	-0.704102	0.698730
789	-0.681641	0.668457
790	-0.691895	0.647949
791	-0.717285	0.681641
792	-0.690918	0.607422
793	-0.698242	0.597168
794	-0.695801	0.621094
795	-0.685547	0.590332
796	-0.687012	0.605957
797	-0.680176	0.593750
798	-0.717285	0.690430
799	-0.707031	0.669922
800	-0.671387	0.589355
801	-0.665527	0.551270
802	-0.707520	0.656250
803	-0.695801	0.669922
804	-0.705566	0.635742
805	-0.710449	0.658203
806	-0.712402	0.653809
807	-0.681641	0.650879
808	-0.716309	0.677246
809	-0.699707	0.646973
810	-0.671387	0.574219
811	-0.715332	0.576660
812	-0.715820	0.548828
813	-0.683594	0.517578
814	-0.687500	0.499023
815	-0.687500	0.513184
816	-0.690918	0.465820
817	-0.718750	0.499512
818	-0.672363	0.437500
819	-0.660645	0.451660
820	-0.682617	0.446777
821	-0.675293	0.478516
822	-0.691406	0.449219
823	-0.680664	0.451660
824	-0.691406	0.469727
825	-0.689453	0.442871
826	-0.704102	0.501465
827	-0.682617	0.518555
828	-0.713867	0.573242
829	-0.691895	0.590332
830	-0.684570	0.564453
831	-0.708008	0.643066
832	-0.690430	0.668457
833	-0.702148	0.667969
834	-0.692383	0.685547
835	-0.689941	0.682129
836	-0.714844	0.734375
837	-0.721191	0.743652
838	-0.687500	0.687500
839	-0.713867	0.680664
840	-0.734863	0.771973
841	-0.747559	0.773438
842	-0.736328	0.760742
843	-0.739258	0.759277
844	-0.698730	0.725586
845	-0.718750	0.707520
846	-0.727539	0.669434
847	-0.698730	0.626465
848	-0.722168	0.660156
849	-0.689453	0.606445
850	-0.685547	0.568359
851	-0.718750	0.644043
852	-0.682617	0.582031
853	-0.686523	0.568848
854	-0.706543	0.596680
855	-0.708984	0.610352
856	-0.703125	0.566406
857	-0.711426	0.631348
858	-0.693848	0.589355
859	-0.700195	0.640137
860	-0.699219	0.684570
861	-0.698730	0.655273
862	-0.718262	0.684082
863	-0.727539	0.683105
864	-0.711426	0.712891
865	-0.733887	0.744141
866	-0.719727	0.750977
867	-0.729492	0.760742
868	-0.708008	0.710449
869	-0.714355	0.749023
870	-0.697754	0.731934
871	-0.704102	0.662109
872	-0.701172	0.620117
873	-0.709961	0.637207
874	-0.725098	0.690918
875	-0.720703	0.708984
876	-0.693359	0.683105
877	-0.713379	0.726074
878	-0.723633	0.724609
879	-0.725586	0.714355
880	-0.714844	0.713379
881	-0.724121	0.752441
882	-0.695801	0.679199
883	-0.721680	0.749512
884	-0.720215	0.735352
885	-0.723145	0.730469
886	-0.750488	0.799805
887	-0.762695	0.788086
888	-0.683105	0.685059
889	-0.712891	0.686523
890	-0.695313	0.612305
891	-0.702637	0.608887
892	-0.723145	0.721191
893	-0.719238	0.728516
894	-0.718262	0.729492
895	-0.701660	0.625977
896	-0.689941	0.565918
897	-0.727539	0.647461
898	-0.702148	0.645020
899	-0.683105	0.601563
900	-0.696289	0.594727
901	-0.653809	0.556641
902	-0.700684	0.591309
903	-0.682617	0.530762
904	-0.654297	0.451172
905	-0.654297	0.469727
906	-0.685059	0.507813
907	-0.691895	0.533691
908	-0.695313	0.570313
909	-0.688965	0.534668
910	-0.683594	0.498047
911	-0.674805	0.478027
912	-0.724121	0.614746
913	-0.690430	0.524902
914	-0.705566	0.593262
915	-0.668457	0.554199
916	-0.700684	0.642090
917	-0.735352	0.681641
918	-0.674316	0.580078
919	-0.678711	0.555176
920	-0.708496	0.622559
921	-0.695801	0.618652
922	-0.692871	0.629883
923	-0.678223	0.637207
924	-0.686035	0.635742
925	-0.720703	0.657227
926	-0.700195	0.625000
927	-0.695313	0.639160
928	-0.687988	0.702148
929	-0.677246	0.651855
930	-0.709473	0.691895
931	-0.726563	0.711914
932	-0.693848	0.723145
933	-0.730469	0.764160
934	-0.738770	0.755371
935	-0.703613	0.718750
936	-0.671875	0.697754
937	-0.743164	0.758301
938	-0.699707	0.698242
939	-0.729492	0.742188
940	-0.726074	0.756836
941	-0.724121	0.747559
942	-0.709961	0.728516
943	-0.688965	0.687500
944	-0.713867	0.726563
945	-0.717773	0.704590
946	-0.660156	0.604004
947	-0.687012	0.609863
948	-0.694824	0.701172
949	-0.705078	0.687988
950	-0.716309	0.712891
951	-0.734375	0.756836
952	-0.693359	0.686523
953	-0.702148	0.694824
954	-0.708496	0.687012
955	-0.713379	0.718750
956	-0.750977	0.799316
957	-0.732910	0.763672
958	-0.733398	0.736328
959	-0.722168	0.720703
960	-0.704102	0.658203
961	-0.698242	0.644531
962	-0.700684	0.615723
963	-0.672852	0.547363
964	-0.676758	0.569336
965	-0.672363	0.598633
966	-0.687500	0.642578
967	-0.696777	0.592773
968	-0.684570	0.573242
969	-0.682617	0.574219
970	-0.675293	0.509277
971	-0.699707	0.636230
972	-0.691895	0.614746
973	-0.690918	0.632324
974	-0.710449	0.703125
975	-0.721191	0.737793
976	-0.712402	0.744141
977	-0.696777	0.676270
978	-0.701660	0.669434
979	-0.706055	0.638672
980	-0.678711	0.613281
981	-0.695313	0.679199
982	-0.698730	0.634277
983	-0.719727	0.674805
984	-0.706543	0.636230
985	-0.700195	0.618652
986	-0.691406	0.638184
987	-0.691895	0.623047
988	-0.707031	0.624023
989	-0.682129	0.639160
990	-0.666016	0.602539
991	-0.657227	0.577637
992	-0.667969	0.625488
993	-0.685547	0.689941
994	-0.691406	0.668457
995	-0.677246	0.652832
996	-0.721191	0.674316
997	-0.688477	0.574707
998	-0.709473	0.602051
999	-0.691895	0.586426
