0	-0.745117	0.769043
1	-0.801270	0.836914
2	-0.782227	0.808105
3	-0.761719	0.819824
4	-0.785645	0.823730
5	-0.787598	0.832031
6	-0.782715	0.822266
7	-0.775879	0.830078
8	-0.777832	0.821289
9	-0.781738	0.836426
10	-0.755859	0.797363
11	-0.755859	0.759277
12	-0.803223	0.829590
13	-0.798340	0.854004
14	-0.789551	0.815918
15	-0.782715	0.809082
16	-0.765625	0.776367
17	-0.742188	0.734375
18	-0.788086	0.813477
19	-0.759766	0.747559
20	-0.773926	0.767578
21	-0.782227	0.785156
22	-0.757324	0.773438
23	-0.763672	0.800293
24	-0.749512	0.770020
25	-0.772949	0.783203
26	-0.796875	0.799316
27	-0.758789	0.790039
28	-0.740234	0.750488
29	-0.750977	0.760742
30	-0.757324	0.776855
31	-0.743652	0.759766
32	-0.768555	0.754395
33	-0.769043	0.756836
34	-0.755859	0.756348
35	-0.775879	0.805664
36	-0.778320	0.800293
37	-0.775879	0.811035
38	-0.769043	0.819336
39	-0.777344	0.824219
40	-0.785645	0.851074
41	-0.770996	0.811523
42	-0.766602	0.815430
43	-0.798340	0.813477
44	-0.767578	0.800781
45	-0.782227	0.827148
46	-0.792480	0.841309
47	-0.794434	0.838867
48	-0.773438	0.820313
49	-0.791992	0.838867
50	-0.776855	0.826172
51	-0.768555	0.809570
52	-0.745117	0.764160
53	-0.780273	0.773926
54	-0.778809	0.773438
55	-0.759766	0.763672
56	-0.745117	0.744141
57	-0.749512	0.778320
58	-0.769531	0.807617
59	-0.782227	0.818359
60	-0.773926	0.765137
61	-0.739258	0.748047
62	-0.761719	0.786621
63	-0.749023	0.793457
64	-0.747070	0.772949
65	-0.779785	0.810059
66	-0.759277	0.804199
67	-0.773438	0.812988
68	-0.744141	0.760742
69	-0.778320	0.803223
70	-0.766113	0.801758
71	-0.750000	0.768066
72	-0.769043	0.809570
73	-0.761719	0.792480
74	-0.772461	0.780273
75	-0.752930	0.739746
76	-0.763184	0.758789
77	-0.784668	0.794434
78	-0.788574	0.806641
79	-0.736328	0.770508
80	-0.774902	0.809082
81	-0.782227	0.816406
82	-0.800293	0.823730
83	-0.739258	0.773926
84	-0.744141	0.771484
85	-0.774902	0.807129
86	-0.753906	0.781738
87	-0.770508	0.802246
88	-0.768555	0.808105
89	-0.786621	0.836426
90	-0.792969	0.784668
91	-0.756348	0.761719
92	-0.772461	0.771973
93	-0.767578	0.802246
94	-0.779297	0.812988
95	-0.772949	0.821289
96	-0.779297	0.815430
97	-0.781738	0.804688
98	-0.771484	0.819824
99	-0.763184	0.821289
100	-0.747070	0.753418
101	-0.750000	0.759766
102	-0.770020	0.812500
103	-0.782715	0.841797
104	-0.776855	0.825684
105	-0.771484	0.821777
106	-0.791504	0.821777
107	-0.777344	0.820801
108	-0.803223	0.852051
109	-0.804199	0.835449
110	-0.797852	0.836914
111	-0.754883	0.765137
112	-0.760742	0.796387
113	-0.792480	0.845215
114	-0.801270	0.850098
115	-0.790039	0.816406
116	-0.770996	0.802246
117	-0.771973	0.781250
118	-0.749512	0.785156
119	-0.739746	0.761719
120	-0.775879	0.818848
121	-0.746094	0.814941
122	-0.799805	0.856934
123	-0.772949	0.829102
124	-0.768555	0.802246
125	-0.771973	0.768066
126	-0.803223	0.808105
127	-0.785645	0.820313
128	-0.748535	0.798340
129	-0.782227	0.830566
130	-0.744629	0.791504
131	-0.771484	0.817383
132	-0.791016	0.822266
133	-0.770996	0.808594
134	-0.787598	0.805664
135	-0.755371	0.747559
136	-0.774902	0.771973
137	-0.758789	0.762207
138	-0.740723	0.735352
139	-0.752441	0.762207
140	-0.772949	0.814941
141	-0.770020	0.787598
142	-0.795898	0.853027
143	-0.795898	0.854492
144	-0.800293	0.849121
145	-0.778809	0.814453
146	-0.770020	0.812012
147	-0.748047	0.788574
148	-0.779297	0.780273
149	-0.789551	0.826172
150	-0.777344	0.825195
151	-0.780762	0.811523
152	-0.773926	0.821289
153	-0.783691	0.835449
154	-0.793457	0.840332
155	-0.799805	0.835449
156	-0.778809	0.841309
157	-0.780762	0.826172
158	-0.782227	0.816406
159	-0.751953	0.777344
160	-0.785156	0.818359
161	-0.783691	0.819824
162	-0.777344	0.805176
163	-0.785645	0.833008
164	-0.775391	0.819336
165	-0.775391	0.813477
166	-0.754395	0.765137
167	-0.759277	0.805176
168	-0.786133	0.802246
169	-0.796387	0.847656
170	-0.776855	0.833984
171	-0.807129	0.851074
172	-0.800293	0.839844
173	-0.781738	0.826172
174	-0.770020	0.822266
175	-0.754395	0.788086
176	-0.772461	0.808105
177	-0.749512	0.724121
178	-0.766602	0.696289
179	-0.777344	0.733887
180	-0.730469	0.674316
181	-0.716797	0.649902
182	-0.729980	0.637207
183	-0.746582	0.640625
184	-0.746094	0.636230
185	-0.712402	0.652832
186	-0.744629	0.675781
187	-0.747559	0.737793
188	-0.745605	0.706543
189	-0.771973	0.762695
190	-0.737305	0.746094
191	-0.735352	0.759277
192	-0.743164	0.778320
193	-0.771973	0.790527
194	-0.782227	0.815430
195	-0.780273	0.808594
196	-0.776855	0.779785
197	-0.757813	0.769043
198	-0.793945	0.831543
199	-0.771484	0.809570
200	-0.761230	0.779297
201	-0.780273	0.808105
202	-0.767090	0.767578
203	-0.793945	0.798340
204	-0.758789	0.770020
205	-0.772461	0.806152
206	-0.779785	0.815430
207	-0.780273	0.797852
208	-0.773926	0.838867
209	-0.790527	0.830078
210	-0.780273	0.828125
211	-0.788086	0.835938
212	-0.750000	0.802734
213	-0.770508	0.827148
214	-0.785645	0.850586
215	-0.742676	0.780273
216	-0.752441	0.771973
217	-0.791504	0.833008
218	-0.791016	0.835938
219	-0.769043	0.782715
220	-0.797852	0.837402
221	-0.753906	0.771484
222	-0.739746	0.740723
223	-0.778320	0.781738
224	-0.753418	0.741211
225	-0.778320	0.780273
226	-0.756348	0.742676
227	-0.725098	0.734375
228	-0.765137	0.805664
229	-0.749023	0.750000
230	-0.779297	0.797852
231	-0.798340	0.811035
232	-0.769531	0.810059
233	-0.748047	0.774414
234	-0.761719	0.783203
235	-0.755371	0.768066
236	-0.754883	0.746094
237	-0.767578	0.766113
238	-0.766113	0.730469
239	-0.750000	0.763672
240	-0.760742	0.775391
241	-0.774902	0.806641
242	-0.771973	0.816406
243	-0.756836	0.801758
244	-0.775879	0.828125
245	-0.795898	0.843750
246	-0.775879	0.813965
247	-0.799805	0.821777
248	-0.791504	0.786621
249	-0.763672	0.806152
250	-0.785645	0.819336
251	-0.794922	0.838867
252	-0.780273	0.836426
253	-0.783691	0.835449
254	-0.793945	0.853516
255	-0.795410	0.846680
256	-0.784668	0.817383
257	-0.741699	0.759766
258	-0.774902	0.782715
259	-0.790039	0.794922
260	-0.754883	0.760254
261	-0.756348	0.764160
262	-0.761230	0.789063
263	-0.788574	0.824707
264	-0.752441	0.792480
265	-0.775391	0.758789
266	-0.761230	0.759277
267	-0.770996	0.790039
268	-0.777832	0.829102
269	-0.744629	0.784180
270	-0.789551	0.838867
271	-0.770508	0.818359
272	-0.787598	0.806152
273	-0.765625	0.767578
274	-0.770996	0.787109
275	-0.786133	0.817383
276	-0.767090	0.814453
277	-0.764648	0.809570
278	-0.757813	0.808594
279	-0.749023	0.748047
280	-0.746094	0.761230
281	-0.747559	0.741699
282	-0.771973	0.779785
283	-0.776367	0.808594
284	-0.743652	0.782715
285	-0.790527	0.825195
286	-0.781250	0.838867
287	-0.782715	0.828613
288	-0.754883	0.766602
289	-0.759766	0.771973
290	-0.783203	0.815918
291	-0.747559	0.750977
292	-0.763184	0.784668
293	-0.788574	0.826660
294	-0.796875	0.854492
295	-0.767090	0.746582
296	-0.781250	0.808594
297	-0.761719	0.774902
298	-0.773438	0.812500
299	-0.755371	0.797852
300	-0.772461	0.816406
301	-0.792480	0.821289
302	-0.780762	0.810547
303	-0.769043	0.812012
304	-0.767090	0.812988
305	-0.765625	0.786621
306	-0.751953	0.769531
307	-0.793945	0.843262
308	-0.798340	0.855957
309	-0.791504	0.846191
310	-0.776367	0.822754
311	-0.793457	0.834961
312	-0.763672	0.826660
313	-0.809082	0.849609
314	-0.802734	0.845703
315	-0.787109	0.819824
316	-0.737305	0.759766
317	-0.795898	0.812012
318	-0.788574	0.847168
319	-0.784668	0.834473
320	-0.774414	0.802246
321	-0.782227	0.812500
322	-0.769043	0.789063
323	-0.753906	0.808594
324	-0.749512	0.756836
325	-0.768066	0.816406
326	-0.766602	0.809082
327	-0.830078	0.872559
328	-0.791992	0.845215
329	-0.739258	0.769043
330	-0.754395	0.750488
331	-0.777344	0.810547
332	-0.818848	0.849609
333	-0.758301	0.810547
334	-0.767090	0.822754
335	-0.779297	0.826660
336	-0.759277	0.808594
337	-0.761719	0.784668
338	-0.778320	0.818359
339	-0.791992	0.813477
340	-0.740723	0.760254
341	-0.771973	0.766602
342	-0.800293	0.809570
343	-0.754395	0.756836
344	-0.767578	0.793945
345	-0.783203	0.824707
346	-0.760742	0.777832
347	-0.802246	0.858887
348	-0.792480	0.822266
349	-0.776367	0.813477
350	-0.760254	0.791504
351	-0.771484	0.808105
352	-0.770508	0.820313
353	-0.769531	0.776855
354	-0.773926	0.806152
355	-0.784668	0.824219
356	-0.786133	0.818359
357	-0.762695	0.814453
358	-0.785156	0.838867
359	-0.785156	0.838867
360	-0.794922	0.823730
361	-0.788086	0.835938
362	-0.788086	0.829590
363	-0.771484	0.804199
364	-0.750488	0.771973
365	-0.774902	0.805664
366	-0.760254	0.801270
367	-0.789063	0.829590
368	-0.773926	0.835449
369	-0.770508	0.814453
370	-0.796387	0.821777
371	-0.762207	0.777832
372	-0.792969	0.838867
373	-0.753906	0.788086
374	-0.779297	0.821777
375	-0.798828	0.854980
376	-0.806152	0.848633
377	-0.798828	0.844727
378	-0.775391	0.793457
379	-0.756348	0.805664
380	-0.771973	0.809570
381	-0.756348	0.794434
382	-0.752441	0.699707
383	-0.775879	0.725098
384	-0.763184	0.701660
385	-0.726563	0.703613
386	-0.702637	0.608398
387	-0.726074	0.616699
388	-0.726563	0.624512
389	-0.760742	0.697266
390	-0.725098	0.650391
391	-0.747559	0.699707
392	-0.737793	0.727051
393	-0.757813	0.720215
394	-0.756348	0.737305
395	-0.746094	0.749023
396	-0.750488	0.787109
397	-0.760254	0.782227
398	-0.775391	0.822266
399	-0.770508	0.820313
400	-0.778320	0.823242
401	-0.783691	0.803711
402	-0.763672	0.784180
403	-0.800293	0.827148
404	-0.773438	0.801270
405	-0.784668	0.789063
406	-0.763184	0.784668
407	-0.770996	0.774902
408	-0.792480	0.791992
409	-0.756348	0.770020
410	-0.780762	0.836914
411	-0.807617	0.835938
412	-0.796875	0.829102
413	-0.785156	0.853516
414	-0.808594	0.856934
415	-0.770508	0.815430
416	-0.763672	0.822754
417	-0.775391	0.823242
418	-0.788086	0.846680
419	-0.758789	0.807129
420	-0.748047	0.750977
421	-0.760254	0.776367
422	-0.780273	0.814941
423	-0.787109	0.828125
424	-0.773438	0.779785
425	-0.785645	0.804688
426	-0.750488	0.763184
427	-0.750977	0.736816
428	-0.752930	0.759766
429	-0.780273	0.752441
430	-0.770508	0.770020
431	-0.776367	0.789063
432	-0.743164	0.750488
433	-0.766113	0.815918
434	-0.748047	0.767090
435	-0.798340	0.797363
436	-0.787109	0.797852
437	-0.749023	0.770020
438	-0.768066	0.783203
439	-0.778809	0.808594
440	-0.769043	0.776367
441	-0.750977	0.736328
442	-0.769531	0.776367
443	-0.760254	0.746582
444	-0.759766	0.796875
445	-0.786133	0.804688
446	-0.770996	0.807129
447	-0.784668	0.818848
448	-0.789551	0.825684
449	-0.771973	0.823730
450	-0.780762	0.826660
451	-0.754395	0.799316
452	-0.801270	0.814453
453	-0.781250	0.799805
454	-0.776855	0.809570
455	-0.786621	0.834961
456	-0.799316	0.856934
457	-0.782715	0.830078
458	-0.775391	0.797363
459	-0.768066	0.815918
460	-0.797363	0.849121
461	-0.789063	0.819336
462	-0.750000	0.764160
463	-0.753906	0.766602
464	-0.769043	0.764160
465	-0.754883	0.760742
466	-0.768555	0.778320
467	-0.756348	0.778320
468	-0.778809	0.806152
469	-0.757324	0.779785
470	-0.755371	0.747070
471	-0.767578	0.756836
472	-0.753418	0.783691
473	-0.779297	0.815918
474	-0.769043	0.800293
475	-0.769531	0.811523
476	-0.780762	0.817383
477	-0.770020	0.810059
478	-0.767578	0.770020
479	-0.766602	0.790527
480	-0.779785	0.811035
481	-0.773926	0.819824
482	-0.779297	0.825195
483	-0.785645	0.823242
484	-0.771973	0.778809
485	-0.734375	0.718262
486	-0.734375	0.731445
487	-0.773438	0.796875
488	-0.778809	0.801758
489	-0.749512	0.781738
490	-0.771973	0.803711
491	-0.781250	0.846191
492	-0.780762	0.826172
493	-0.757813	0.773438
494	-0.784180	0.804688
495	-0.770996	0.804199
496	-0.729492	0.719727
497	-0.755371	0.788574
498	-0.788574	0.832520
499	-0.808105	0.853516
500	-0.761230	0.753906
501	-0.757813	0.771973
502	-0.777344	0.797363
503	-0.760742	0.787598
504	-0.763672	0.794922
505	-0.770996	0.810547
506	-0.767578	0.802246
507	-0.769531	0.801270
508	-0.786133	0.841797
509	-0.771484	0.816895
510	-0.753906	0.776855
511	-0.778809	0.788086
512	-0.788086	0.840820
513	-0.814941	0.868164
514	-0.798828	0.857422
515	-0.759277	0.815918
516	-0.798828	0.831543
517	-0.779785	0.833496
518	-0.788086	0.840820
519	-0.792480	0.836426
520	-0.775879	0.795410
521	-0.750977	0.775391
522	-0.781250	0.821777
523	-0.806641	0.860840
524	-0.778320	0.805176
525	-0.780762	0.808105
526	-0.779297	0.811523
527	-0.758301	0.797852
528	-0.763672	0.805664
529	-0.770020	0.777344
530	-0.771973	0.822266
531	-0.769043	0.816895
532	-0.789551	0.857422
533	-0.789551	0.838867
534	-0.752930	0.780273
535	-0.785156	0.801270
536	-0.783691	0.819824
537	-0.782715	0.816406
538	-0.773926	0.817871
539	-0.780762	0.830078
540	-0.759766	0.806152
541	-0.780273	0.827148
542	-0.783203	0.822754
543	-0.777832	0.806152
544	-0.791992	0.814941
545	-0.746094	0.764160
546	-0.742676	0.735840
547	-0.782715	0.809570
548	-0.759277	0.779785
549	-0.770020	0.812988
550	-0.770996	0.797363
551	-0.780273	0.801270
552	-0.813965	0.868164
553	-0.807129	0.851074
554	-0.767578	0.812988
555	-0.777832	0.809570
556	-0.790039	0.833984
557	-0.768555	0.804688
558	-0.788086	0.788086
559	-0.769043	0.803223
560	-0.772461	0.814453
561	-0.804199	0.833496
562	-0.767090	0.821289
563	-0.812988	0.857910
564	-0.787109	0.854004
565	-0.782715	0.826172
566	-0.784668	0.849609
567	-0.770020	0.808594
568	-0.797363	0.824219
569	-0.780273	0.810547
570	-0.791016	0.814453
571	-0.793457	0.825684
572	-0.752441	0.796875
573	-0.768555	0.810059
574	-0.789551	0.834961
575	-0.798340	0.831543
576	-0.786621	0.821289
577	-0.800293	0.846191
578	-0.767578	0.799316
579	-0.756836	0.814941
580	-0.773438	0.822754
581	-0.779297	0.798828
582	-0.802246	0.847168
583	-0.795898	0.818359
584	-0.734863	0.770508
585	-0.770020	0.800781
586	-0.743652	0.733887
587	-0.764648	0.701172
588	-0.751953	0.703125
589	-0.757813	0.699219
590	-0.740234	0.693848
591	-0.710449	0.624512
592	-0.720703	0.623047
593	-0.728516	0.611816
594	-0.733887	0.676758
595	-0.735352	0.667480
596	-0.746582	0.687012
597	-0.715820	0.679688
598	-0.747559	0.729004
599	-0.736328	0.739746
600	-0.741699	0.734375
601	-0.757324	0.773438
602	-0.794922	0.829102
603	-0.800293	0.857910
604	-0.782715	0.833008
605	-0.767578	0.795410
606	-0.748047	0.757813
607	-0.764648	0.774902
608	-0.806152	0.834961
609	-0.772949	0.793945
610	-0.796875	0.803711
611	-0.779785	0.804199
612	-0.764160	0.779297
613	-0.783203	0.793457
614	-0.737793	0.757813
615	-0.776367	0.811523
616	-0.800293	0.847656
617	-0.781250	0.824219
618	-0.773926	0.816895
619	-0.761230	0.783691
620	-0.769531	0.804199
621	-0.781250	0.839844
622	-0.779785	0.821289
623	-0.787598	0.812500
624	-0.755859	0.797363
625	-0.735840	0.749023
626	-0.770020	0.797852
627	-0.789063	0.813477
628	-0.748047	0.792480
629	-0.783691	0.810059
630	-0.781738	0.796875
631	-0.742188	0.729004
632	-0.734863	0.712891
633	-0.769531	0.764160
634	-0.756348	0.738770
635	-0.758301	0.784668
636	-0.774902	0.800293
637	-0.756348	0.778809
638	-0.766113	0.810547
639	-0.752441	0.773438
640	-0.770020	0.787109
641	-0.764160	0.795898
642	-0.742188	0.744141
643	-0.787598	0.786133
644	-0.756348	0.783691
645	-0.759766	0.763672
646	-0.767090	0.747070
647	-0.771484	0.776855
648	-0.750488	0.757324
649	-0.752930	0.789063
650	-0.775391	0.807617
651	-0.762207	0.797852
652	-0.781738	0.833008
653	-0.765625	0.783691
654	-0.791504	0.855957
655	-0.773438	0.826660
656	-0.770996	0.824707
657	-0.768066	0.784180
658	-0.791992	0.812012
659	-0.767090	0.801270
660	-0.798828	0.856445
661	-0.768555	0.809082
662	-0.772949	0.810547
663	-0.765137	0.809082
664	-0.774414	0.830078
665	-0.808594	0.860840
666	-0.764648	0.771484
667	-0.787598	0.791992
668	-0.773926	0.787598
669	-0.755859	0.752441
670	-0.743652	0.754883
671	-0.764648	0.787598
672	-0.765625	0.798828
673	-0.760254	0.788086
674	-0.764160	0.758301
675	-0.769531	0.754883
676	-0.738770	0.772461
677	-0.760254	0.795410
678	-0.784668	0.828125
679	-0.774414	0.805664
680	-0.769531	0.800781
681	-0.739258	0.770996
682	-0.758301	0.781738
683	-0.747559	0.772461
684	-0.752441	0.761719
685	-0.763184	0.800293
686	-0.774414	0.809082
687	-0.765137	0.793457
688	-0.769043	0.798828
689	-0.750488	0.754395
690	-0.757324	0.729004
691	-0.752441	0.754883
692	-0.772949	0.799805
693	-0.776367	0.808594
694	-0.755859	0.799316
695	-0.762207	0.780762
696	-0.780273	0.831543
697	-0.767090	0.803711
698	-0.768066	0.792969
699	-0.788574	0.811523
700	-0.761230	0.763672
701	-0.740723	0.731445
702	-0.777832	0.797363
703	-0.784180	0.823730
704	-0.763184	0.825684
705	-0.749512	0.753906
706	-0.780762	0.802734
707	-0.777832	0.807617
708	-0.766113	0.796387
709	-0.759766	0.800781
710	-0.786621	0.824707
711	-0.762207	0.807129
712	-0.771973	0.819336
713	-0.783203	0.843262
714	-0.745117	0.786133
715	-0.742676	0.750000
716	-0.769043	0.791992
717	-0.789063	0.829590
718	-0.783203	0.835938
719	-0.792480	0.827148
720	-0.765625	0.819336
721	-0.760742	0.807617
722	-0.770020	0.824219
723	-0.791016	0.846680
724	-0.780273	0.839844
725	-0.788086	0.810059
726	-0.759277	0.769043
727	-0.793457	0.823242
728	-0.795410	0.862305
729	-0.771973	0.794434
730	-0.789063	0.830566
731	-0.765137	0.796387
732	-0.743652	0.786621
733	-0.765137	0.809082
734	-0.746582	0.764160
735	-0.784180	0.834961
736	-0.799805	0.854004
737	-0.766602	0.835938
738	-0.783691	0.819824
739	-0.750977	0.789551
740	-0.792480	0.833984
741	-0.809570	0.859375
742	-0.765625	0.795410
743	-0.777344	0.824707
744	-0.773926	0.812500
745	-0.739746	0.751953
746	-0.766113	0.809570
747	-0.785156	0.831055
748	-0.787109	0.816406
749	-0.735840	0.756348
750	-0.755859	0.783203
751	-0.758301	0.746094
752	-0.770508	0.776367
753	-0.759766	0.785645
754	-0.782227	0.820313
755	-0.759766	0.765137
756	-0.766602	0.805176
757	-0.805664	0.863770
758	-0.802246	0.846680
759	-0.793945	0.834961
760	-0.763184	0.804688
761	-0.784180	0.821777
762	-0.777344	0.801270
763	-0.760254	0.799316
764	-0.771484	0.821289
765	-0.762695	0.794434
766	-0.786133	0.816406
767	-0.767578	0.822754
768	-0.791016	0.841309
769	-0.812500	0.872070
770	-0.777832	0.815918
771	-0.770508	0.836426
772	-0.801270	0.830566
773	-0.771484	0.795898
774	-0.782227	0.817871
775	-0.775879	0.809570
776	-0.783691	0.809082
777	-0.776855	0.819824
778	-0.792480	0.822266
779	-0.799805	0.846191
780	-0.773926	0.776855
781	-0.774414	0.809082
782	-0.774902	0.805176
783	-0.763184	0.802734
784	-0.754883	0.812012
785	-0.794922	0.841797
786	-0.799805	0.834961
787	-0.795898	0.841797
788	-0.780273	0.808105
789	-0.758301	0.784668
790	-0.737305	0.728516
791	-0.748535	0.730957
792	-0.748535	0.683105
793	-0.731934	0.691895
794	-0.730469	0.656250
795	-0.743652	0.665039
796	-0.696289	0.616699
797	-0.725098	0.637207
798	-0.718262	0.586426
799	-0.728027	0.655273
800	-0.733398	0.670410
801	-0.756348	0.725098
802	-0.740234	0.709961
803	-0.754395	0.731934
804	-0.761230	0.776855
805	-0.742676	0.752930
806	-0.749023	0.784180
807	-0.773926	0.805176
808	-0.791016	0.844727
809	-0.771484	0.814941
810	-0.768066	0.786621
811	-0.760254	0.747559
812	-0.779297	0.808594
813	-0.792480	0.824707
814	-0.786133	0.807129
815	-0.780762	0.776367
816	-0.774902	0.794922
817	-0.752441	0.797363
818	-0.759766	0.760742
819	-0.734375	0.745117
820	-0.800781	0.824219
821	-0.800781	0.814941
822	-0.776367	0.828125
823	-0.784180	0.823730
824	-0.762695	0.800293
825	-0.785156	0.826660
826	-0.793945	0.852539
827	-0.774902	0.832520
828	-0.778320	0.829102
829	-0.770020	0.810059
830	-0.739746	0.748047
831	-0.753418	0.784668
832	-0.773926	0.818359
833	-0.772949	0.815430
834	-0.771484	0.797363
835	-0.787109	0.812988
836	-0.773926	0.742676
837	-0.766602	0.741211
838	-0.758789	0.735840
839	-0.755371	0.731445
840	-0.733887	0.738770
841	-0.758301	0.787109
842	-0.766602	0.786621
843	-0.763184	0.811523
844	-0.765137	0.803711
845	-0.799316	0.812012
846	-0.766602	0.781738
847	-0.730469	0.758789
848	-0.787598	0.791992
849	-0.765137	0.808105
850	-0.748535	0.766113
851	-0.772949	0.770996
852	-0.790527	0.800781
853	-0.758789	0.763184
854	-0.761230	0.796387
855	-0.774414	0.794922
856	-0.762695	0.801758
857	-0.797363	0.842773
858	-0.780762	0.816406
859	-0.787598	0.854980
860	-0.759277	0.824219
861	-0.765625	0.816406
862	-0.767578	0.778320
863	-0.791992	0.814941
864	-0.760742	0.804199
865	-0.783691	0.833496
866	-0.777344	0.817383
867	-0.782227	0.831055
868	-0.779297	0.821289
869	-0.777344	0.828125
870	-0.797852	0.852051
871	-0.750488	0.769043
872	-0.755859	0.762695
873	-0.791504	0.787109
874	-0.753906	0.759277
875	-0.758789	0.777344
876	-0.763672	0.799805
877	-0.781250	0.804199
878	-0.751465	0.791016
879	-0.774414	0.769531
880	-0.775879	0.761230
881	-0.770508	0.791504
882	-0.762695	0.799805
883	-0.781250	0.805176
884	-0.766602	0.794434
885	-0.774414	0.812500
886	-0.771973	0.819824
887	-0.740234	0.750488
888	-0.760742	0.778320
889	-0.748535	0.767578
890	-0.758789	0.784668
891	-0.789063	0.824707
892	-0.762207	0.806152
893	-0.766602	0.784668
894	-0.757813	0.750488
895	-0.759766	0.752930
896	-0.760742	0.772461
897	-0.793457	0.794922
898	-0.791992	0.804199
899	-0.769531	0.825684
900	-0.782715	0.819824
901	-0.789551	0.838379
902	-0.760742	0.792969
903	-0.733887	0.763672
904	-0.785156	0.797363
905	-0.758789	0.754395
906	-0.750977	0.751465
907	-0.775879	0.800781
908	-0.801270	0.848633
909	-0.801270	0.844238
910	-0.758789	0.773926
911	-0.788574	0.792480
912	-0.768555	0.780762
913	-0.769043	0.820313
914	-0.775879	0.806152
915	-0.774414	0.818359
916	-0.788086	0.814453
917	-0.799805	0.846680
918	-0.783203	0.831543
919	-0.734863	0.748047
920	-0.744629	0.751953
921	-0.770020	0.798828
922	-0.796387	0.842285
923	-0.788086	0.852539
924	-0.779297	0.836914
925	-0.775391	0.822754
926	-0.771973	0.813477
927	-0.770020	0.819824
928	-0.820801	0.874512
929	-0.791992	0.845215
930	-0.782715	0.793457
931	-0.749512	0.780273
932	-0.823242	0.854980
933	-0.813477	0.855957
934	-0.794922	0.818848
935	-0.784668	0.829102
936	-0.766602	0.770996
937	-0.754395	0.794922
938	-0.753418	0.778809
939	-0.766602	0.789551
940	-0.763672	0.811035
941	-0.783203	0.831055
942	-0.807617	0.865234
943	-0.778320	0.820801
944	-0.773926	0.816406
945	-0.794434	0.819336
946	-0.780762	0.821777
947	-0.770996	0.808105
948	-0.786621	0.836426
949	-0.765137	0.817871
950	-0.762695	0.775391
951	-0.805176	0.828125
952	-0.781250	0.823730
953	-0.788086	0.812012
954	-0.734375	0.744629
955	-0.746582	0.750000
956	-0.735352	0.732910
957	-0.774902	0.776855
958	-0.749512	0.773438
959	-0.774414	0.827148
960	-0.779785	0.776855
961	-0.774414	0.825195
962	-0.811035	0.865723
963	-0.786133	0.841309
964	-0.785156	0.827148
965	-0.785645	0.831055
966	-0.772949	0.821289
967	-0.777832	0.798340
968	-0.778320	0.811523
969	-0.808105	0.852051
970	-0.779297	0.817871
971	-0.778809	0.809082
972	-0.782227	0.840332
973	-0.805176	0.829590
974	-0.806152	0.869141
975	-0.773438	0.829590
976	-0.791504	0.848145
977	-0.812988	0.846680
978	-0.759766	0.792480
979	-0.779785	0.815918
980	-0.783203	0.822754
981	-0.791504	0.823730
982	-0.790039	0.826172
983	-0.772461	0.815918
984	-0.786621	0.839355
985	-0.811035	0.821777
986	-0.759766	0.800781
987	-0.767578	0.776855
988	-0.773926	0.818359
989	-0.783691	0.845215
990	-0.798340	0.842285
991	-0.790527	0.814941
992	-0.804688	0.827148
993	-0.779297	0.823242
994	-0.770996	0.807617
995	-0.742676	0.746094
996	-0.748535	0.723633
997	-0.774902	0.727051
998	-0.774414	0.734863
999	-0.739258	0.673340
