0	-0.839355	0.876953
1	-0.826660	0.875977
2	-0.806152	0.754883
3	-0.829102	0.795410
4	-0.803223	0.770508
5	-0.790527	0.795898
6	-0.794922	0.784180
7	-0.793457	0.793945
8	-0.828125	0.856445
9	-0.838379	0.861816
10	-0.812988	0.843750
11	-0.863281	0.909668
12	-0.801758	0.852539
13	-0.798828	0.830078
14	-0.827637	0.843750
15	-0.800293	0.841309
16	-0.818359	0.860840
17	-0.806641	0.840820
18	-0.825195	0.878906
19	-0.822754	0.869141
20	-0.831543	0.880371
21	-0.853027	0.899414
22	-0.818848	0.837891
23	-0.836914	0.869141
24	-0.810059	0.832520
25	-0.827148	0.867188
26	-0.814453	0.856445
27	-0.840820	0.883789
28	-0.857910	0.884766
29	-0.807129	0.852539
30	-0.831543	0.880859
31	-0.853027	0.884766
32	-0.837891	0.880371
33	-0.821289	0.868652
34	-0.839355	0.886719
35	-0.817383	0.853516
36	-0.804199	0.847656
37	-0.816406	0.865234
38	-0.836426	0.889648
39	-0.814453	0.868652
40	-0.801758	0.820313
41	-0.799805	0.844238
42	-0.843262	0.881348
43	-0.817383	0.858887
44	-0.833496	0.859375
45	-0.843750	0.878906
46	-0.805176	0.864258
47	-0.812988	0.859375
48	-0.821289	0.868652
49	-0.839844	0.877441
50	-0.820801	0.847656
51	-0.839355	0.866211
52	-0.792969	0.829102
53	-0.827148	0.877441
54	-0.808105	0.833984
55	-0.858887	0.879395
56	-0.848633	0.858887
57	-0.809082	0.849121
58	-0.815918	0.854004
59	-0.833008	0.879883
60	-0.820313	0.861328
61	-0.828613	0.865234
62	-0.826660	0.853516
63	-0.821777	0.841797
64	-0.816406	0.861816
65	-0.834473	0.842285
66	-0.831055	0.856934
67	-0.841309	0.883789
68	-0.842285	0.891602
69	-0.807617	0.836914
70	-0.817383	0.856445
71	-0.785156	0.809082
72	-0.828613	0.871582
73	-0.831543	0.852539
74	-0.837891	0.886719
75	-0.844238	0.894043
76	-0.843262	0.892578
77	-0.833008	0.875000
78	-0.820313	0.860352
79	-0.806152	0.848145
80	-0.837891	0.874023
81	-0.847656	0.878906
82	-0.796387	0.834961
83	-0.808594	0.802734
84	-0.817871	0.826660
85	-0.800781	0.806152
86	-0.815430	0.857910
87	-0.802734	0.845215
88	-0.832520	0.879883
89	-0.832031	0.866211
90	-0.827148	0.877930
91	-0.836426	0.882324
92	-0.818359	0.843262
93	-0.833984	0.879883
94	-0.835449	0.869141
95	-0.831055	0.885254
96	-0.841309	0.889160
97	-0.826172	0.867188
98	-0.814941	0.821777
99	-0.827148	0.853027
100	-0.821777	0.857422
101	-0.812500	0.842285
102	-0.844727	0.890137
103	-0.835449	0.884277
104	-0.824219	0.857910
105	-0.797363	0.813965
106	-0.805176	0.825684
107	-0.843750	0.881348
108	-0.821777	0.862793
109	-0.808105	0.851074
110	-0.843262	0.898438
111	-0.819824	0.872070
112	-0.823242	0.862305
113	-0.800781	0.809570
114	-0.828613	0.837402
115	-0.815430	0.826660
116	-0.800293	0.799805
117	-0.789063	0.788574
118	-0.840820	0.844727
119	-0.833984	0.818848
120	-0.794922	0.756836
121	-0.822266	0.830566
122	-0.824219	0.839355
123	-0.818359	0.865723
124	-0.811035	0.835938
125	-0.822266	0.871094
126	-0.825195	0.875977
127	-0.824707	0.860840
128	-0.824219	0.854980
129	-0.818359	0.861328
130	-0.818848	0.854980
131	-0.847656	0.894531
132	-0.838867	0.893555
133	-0.840332	0.888184
134	-0.833496	0.888672
135	-0.824707	0.878906
136	-0.841309	0.858887
137	-0.833984	0.883301
138	-0.837891	0.887207
139	-0.845215	0.879883
140	-0.818359	0.856934
141	-0.808105	0.849609
142	-0.837891	0.896484
143	-0.852539	0.902832
144	-0.829590	0.854492
145	-0.846191	0.898926
146	-0.837402	0.881348
147	-0.823730	0.871582
148	-0.840332	0.887207
149	-0.819824	0.826660
150	-0.827148	0.814941
151	-0.803223	0.804688
152	-0.815430	0.850586
153	-0.831543	0.852539
154	-0.810059	0.821289
155	-0.808594	0.812012
156	-0.829590	0.842773
157	-0.843750	0.863770
158	-0.820313	0.824219
159	-0.817871	0.853516
160	-0.815430	0.860352
161	-0.829102	0.877930
162	-0.838867	0.880859
163	-0.832031	0.865723
164	-0.835449	0.865723
165	-0.804688	0.861328
166	-0.811523	0.843262
167	-0.833008	0.877930
168	-0.823242	0.872070
169	-0.810547	0.864258
170	-0.819824	0.843750
171	-0.840820	0.875977
172	-0.855469	0.902344
173	-0.841797	0.879883
174	-0.805664	0.850098
175	-0.843262	0.894043
176	-0.843262	0.892578
177	-0.823730	0.871582
178	-0.835449	0.844727
179	-0.812012	0.844238
180	-0.813477	0.854004
181	-0.830078	0.853027
182	-0.803711	0.846191
183	-0.856934	0.897949
184	-0.828613	0.880859
185	-0.833496	0.883789
186	-0.846680	0.892578
187	-0.820801	0.874512
188	-0.829102	0.872559
189	-0.849121	0.895996
190	-0.842285	0.880859
191	-0.868652	0.920410
192	-0.825195	0.882324
193	-0.824219	0.882324
194	-0.831055	0.878906
195	-0.841309	0.888184
196	-0.847168	0.887695
197	-0.840332	0.884766
198	-0.828125	0.870605
199	-0.807617	0.851563
200	-0.815430	0.854492
201	-0.817871	0.842773
202	-0.838867	0.864746
203	-0.841797	0.863770
204	-0.782227	0.814453
205	-0.839355	0.880859
206	-0.810059	0.822754
207	-0.809082	0.768066
208	-0.799316	0.768555
209	-0.800781	0.775879
210	-0.804688	0.825195
211	-0.797363	0.790039
212	-0.801758	0.800293
213	-0.843750	0.868164
214	-0.822754	0.841797
215	-0.826172	0.866211
216	-0.844238	0.874512
217	-0.784668	0.812988
218	-0.828613	0.854492
219	-0.787109	0.813477
220	-0.792969	0.828613
221	-0.822266	0.855469
222	-0.826660	0.863770
223	-0.843262	0.887207
224	-0.845215	0.893555
225	-0.819824	0.865234
226	-0.814941	0.855957
227	-0.790527	0.800293
228	-0.842773	0.878418
229	-0.801758	0.808594
230	-0.833008	0.872070
231	-0.827637	0.859863
232	-0.831055	0.877930
233	-0.847656	0.874512
234	-0.803223	0.845703
235	-0.830078	0.868164
236	-0.843750	0.892578
237	-0.815918	0.857910
238	-0.811035	0.850586
239	-0.806152	0.836426
240	-0.812988	0.826660
241	-0.819336	0.859375
242	-0.817871	0.861328
243	-0.834473	0.876465
244	-0.811523	0.865723
245	-0.782227	0.818848
246	-0.826660	0.867188
247	-0.829590	0.860352
248	-0.799805	0.852539
249	-0.833984	0.866699
250	-0.850586	0.879883
251	-0.809082	0.859375
252	-0.800293	0.849609
253	-0.830078	0.887207
254	-0.811523	0.843750
255	-0.819824	0.862305
256	-0.819336	0.857422
257	-0.818848	0.855957
258	-0.820313	0.859863
259	-0.823730	0.852051
260	-0.828125	0.863770
261	-0.817383	0.850586
262	-0.805176	0.825195
263	-0.839355	0.875488
264	-0.836426	0.888184
265	-0.809082	0.839355
266	-0.839355	0.851074
267	-0.837891	0.876953
268	-0.804688	0.832031
269	-0.807617	0.855469
270	-0.824707	0.856445
271	-0.817383	0.851563
272	-0.827637	0.869629
273	-0.818848	0.854492
274	-0.830566	0.880371
275	-0.811035	0.845215
276	-0.805664	0.839844
277	-0.826172	0.858398
278	-0.840332	0.867676
279	-0.821289	0.875488
280	-0.849609	0.901855
281	-0.831543	0.873047
282	-0.806641	0.838867
283	-0.813965	0.860840
284	-0.832031	0.875000
285	-0.845703	0.892578
286	-0.818359	0.849609
287	-0.830566	0.862793
288	-0.816895	0.823730
289	-0.792969	0.796387
290	-0.790527	0.800781
291	-0.830566	0.875000
292	-0.822754	0.860352
293	-0.818359	0.852051
294	-0.829590	0.865234
295	-0.844727	0.881836
296	-0.797363	0.840332
297	-0.802246	0.835938
298	-0.830566	0.872070
299	-0.820313	0.855957
300	-0.841309	0.873535
301	-0.810059	0.854980
302	-0.833008	0.862793
303	-0.798828	0.800293
304	-0.817383	0.842285
305	-0.823730	0.854980
306	-0.813965	0.842773
307	-0.818359	0.847656
308	-0.832520	0.875000
309	-0.801270	0.814941
310	-0.820801	0.839844
311	-0.814453	0.860840
312	-0.835449	0.880371
313	-0.834473	0.881836
314	-0.810059	0.861328
315	-0.830078	0.870117
316	-0.814453	0.853027
317	-0.816895	0.850098
318	-0.809082	0.809570
319	-0.831543	0.846191
320	-0.817383	0.812500
321	-0.804199	0.797363
322	-0.802734	0.792969
323	-0.813965	0.806641
324	-0.805664	0.819824
325	-0.798828	0.770996
326	-0.830078	0.857422
327	-0.823242	0.860840
328	-0.824707	0.875000
329	-0.802734	0.838379
330	-0.829590	0.878906
331	-0.809082	0.868652
332	-0.836426	0.878418
333	-0.810059	0.856934
334	-0.800293	0.847168
335	-0.803223	0.853516
336	-0.818359	0.868164
337	-0.854004	0.885254
338	-0.818848	0.875000
339	-0.833984	0.862305
340	-0.832520	0.881348
341	-0.798340	0.831055
342	-0.810547	0.854492
343	-0.840332	0.893555
344	-0.841309	0.881836
345	-0.829102	0.872559
346	-0.817383	0.841797
347	-0.849121	0.899414
348	-0.835449	0.895020
349	-0.815918	0.853516
350	-0.848633	0.905273
351	-0.828125	0.875488
352	-0.825195	0.867188
353	-0.839355	0.882324
354	-0.796387	0.796387
355	-0.819824	0.821289
356	-0.822754	0.828125
357	-0.814453	0.843750
358	-0.820313	0.834961
359	-0.799316	0.818359
360	-0.834961	0.843262
361	-0.835938	0.843262
362	-0.831543	0.856934
363	-0.812988	0.834473
364	-0.820801	0.864746
365	-0.801270	0.839355
366	-0.817383	0.859863
367	-0.838867	0.890137
368	-0.833984	0.861328
369	-0.787109	0.830566
370	-0.818848	0.868164
371	-0.816895	0.849609
372	-0.827637	0.852051
373	-0.830566	0.856445
374	-0.832031	0.876465
375	-0.795410	0.809570
376	-0.825684	0.855469
377	-0.837891	0.888672
378	-0.842285	0.894531
379	-0.837402	0.872070
380	-0.820801	0.860840
381	-0.832031	0.879395
382	-0.831055	0.875000
383	-0.823730	0.855469
384	-0.813965	0.851074
385	-0.818848	0.865723
386	-0.819336	0.848633
387	-0.803223	0.854980
388	-0.836914	0.883789
389	-0.851074	0.900391
390	-0.821777	0.867676
391	-0.833008	0.887695
392	-0.843262	0.880859
393	-0.825195	0.861816
394	-0.848633	0.893555
395	-0.837891	0.876953
396	-0.856934	0.901855
397	-0.842285	0.894043
398	-0.838867	0.885254
399	-0.841797	0.894531
400	-0.831543	0.860840
401	-0.833008	0.876953
402	-0.833984	0.858398
403	-0.816406	0.847168
404	-0.801758	0.845215
405	-0.838379	0.881348
406	-0.846191	0.862793
407	-0.820801	0.853027
408	-0.820801	0.859375
409	-0.805664	0.846680
410	-0.808105	0.833008
411	-0.800293	0.804688
412	-0.802734	0.743652
413	-0.777832	0.761230
414	-0.796387	0.779785
415	-0.809570	0.826660
416	-0.792969	0.788574
417	-0.796875	0.789063
418	-0.827637	0.853516
419	-0.821777	0.844238
420	-0.834473	0.882813
421	-0.829102	0.865234
422	-0.794922	0.827637
423	-0.819336	0.844727
424	-0.822754	0.854980
425	-0.798340	0.842285
426	-0.794922	0.848633
427	-0.809082	0.857422
428	-0.839844	0.883301
429	-0.827148	0.869629
430	-0.831055	0.882813
431	-0.827637	0.858398
432	-0.817871	0.846680
433	-0.826172	0.858887
434	-0.827148	0.824707
435	-0.820801	0.852051
436	-0.832031	0.837891
437	-0.836426	0.874023
438	-0.832520	0.860840
439	-0.791504	0.833008
440	-0.851563	0.888184
441	-0.843750	0.881836
442	-0.812988	0.853027
443	-0.827637	0.874512
444	-0.820801	0.845215
445	-0.817383	0.824707
446	-0.829590	0.868652
447	-0.800781	0.853516
448	-0.827148	0.873047
449	-0.820313	0.869141
450	-0.802734	0.834473
451	-0.800781	0.854004
452	-0.827148	0.872559
453	-0.820801	0.871094
454	-0.843262	0.888184
455	-0.837402	0.876953
456	-0.834473	0.868164
457	-0.826660	0.859375
458	-0.837891	0.889160
459	-0.807129	0.833496
460	-0.804199	0.832520
461	-0.827148	0.863281
462	-0.832031	0.873047
463	-0.822754	0.875488
464	-0.825195	0.867676
465	-0.844727	0.868164
466	-0.822754	0.836914
467	-0.789551	0.827637
468	-0.853027	0.889648
469	-0.848633	0.899414
470	-0.824219	0.873535
471	-0.843750	0.869141
472	-0.849121	0.894531
473	-0.832520	0.874023
474	-0.809570	0.845703
475	-0.814453	0.817383
476	-0.801270	0.833496
477	-0.847168	0.897949
478	-0.825195	0.863770
479	-0.827637	0.867188
480	-0.811035	0.842773
481	-0.820801	0.853027
482	-0.824219	0.846680
483	-0.837402	0.875000
484	-0.805664	0.855957
485	-0.841309	0.889160
486	-0.821289	0.867188
487	-0.821289	0.859863
488	-0.818848	0.859375
489	-0.838379	0.883301
490	-0.843262	0.895020
491	-0.807617	0.845703
492	-0.807617	0.838379
493	-0.837891	0.833008
494	-0.784180	0.781738
495	-0.799805	0.815430
496	-0.823730	0.880859
497	-0.834961	0.872070
498	-0.812988	0.863281
499	-0.841309	0.874512
500	-0.859375	0.891602
501	-0.826660	0.861816
502	-0.803223	0.846191
503	-0.843750	0.874023
504	-0.824219	0.856934
505	-0.846680	0.894531
506	-0.839844	0.887695
507	-0.811523	0.839355
508	-0.829590	0.841797
509	-0.806152	0.831055
510	-0.820801	0.854980
511	-0.818359	0.853027
512	-0.833008	0.870117
513	-0.836426	0.879395
514	-0.799805	0.813965
515	-0.841309	0.869629
516	-0.822266	0.872559
517	-0.838867	0.878906
518	-0.847656	0.885742
519	-0.818359	0.871582
520	-0.842773	0.892090
521	-0.833008	0.875488
522	-0.816895	0.842285
523	-0.790527	0.798340
524	-0.839844	0.831055
525	-0.825195	0.820313
526	-0.804199	0.795410
527	-0.819336	0.812988
528	-0.838379	0.815430
529	-0.822754	0.831055
530	-0.812988	0.813965
531	-0.839355	0.818848
532	-0.815430	0.842285
533	-0.833984	0.882324
534	-0.830078	0.849121
535	-0.825684	0.871094
536	-0.829102	0.866699
537	-0.849609	0.891113
538	-0.819824	0.854004
539	-0.805664	0.839844
540	-0.813965	0.853516
541	-0.828125	0.864746
542	-0.853027	0.899902
543	-0.828613	0.881836
544	-0.824707	0.871094
545	-0.833008	0.879883
546	-0.811035	0.861816
547	-0.802246	0.836426
548	-0.875488	0.919922
549	-0.850586	0.891602
550	-0.827148	0.859863
551	-0.799316	0.851563
552	-0.869629	0.916992
553	-0.871094	0.916992
554	-0.853027	0.896484
555	-0.848145	0.905273
556	-0.826172	0.873047
557	-0.811523	0.849121
558	-0.821289	0.849121
559	-0.820801	0.826660
560	-0.798828	0.788086
561	-0.802246	0.813965
562	-0.846191	0.869629
563	-0.813477	0.831055
564	-0.811035	0.800293
565	-0.838867	0.840332
566	-0.812500	0.842773
567	-0.830566	0.856934
568	-0.817871	0.842773
569	-0.816406	0.860840
570	-0.831055	0.857910
571	-0.856934	0.887695
572	-0.827148	0.870117
573	-0.822266	0.844727
574	-0.802246	0.821777
575	-0.806641	0.846191
576	-0.809082	0.852051
577	-0.835938	0.871582
578	-0.821289	0.847656
579	-0.824707	0.871582
580	-0.824219	0.860840
581	-0.812988	0.860352
582	-0.853027	0.900879
583	-0.835449	0.889160
584	-0.838867	0.880371
585	-0.831543	0.875488
586	-0.821289	0.868652
587	-0.847168	0.886230
588	-0.823730	0.835449
589	-0.838379	0.880859
590	-0.828125	0.870117
591	-0.821289	0.859375
592	-0.823730	0.867188
593	-0.845703	0.869141
594	-0.842773	0.894531
595	-0.833984	0.882324
596	-0.839844	0.885742
597	-0.851074	0.874512
598	-0.824219	0.870117
599	-0.836426	0.884766
600	-0.852051	0.895996
601	-0.850098	0.903320
602	-0.840332	0.879395
603	-0.818848	0.862793
604	-0.825684	0.877441
605	-0.849121	0.882324
606	-0.807129	0.858398
607	-0.825684	0.864746
608	-0.843750	0.879883
609	-0.817383	0.859375
610	-0.850586	0.896484
611	-0.835449	0.856445
612	-0.829102	0.856445
613	-0.824219	0.851563
614	-0.841797	0.876465
615	-0.831543	0.857422
616	-0.791504	0.780273
617	-0.818359	0.752930
618	-0.810547	0.790039
619	-0.810059	0.799316
620	-0.819336	0.834961
621	-0.807129	0.811035
622	-0.838867	0.835449
623	-0.853516	0.892578
624	-0.826172	0.832520
625	-0.856934	0.907227
626	-0.810547	0.866699
627	-0.797852	0.825684
628	-0.834961	0.858887
629	-0.817383	0.852051
630	-0.813965	0.847656
631	-0.801758	0.833008
632	-0.801758	0.835938
633	-0.843750	0.887207
634	-0.814453	0.846680
635	-0.831543	0.870117
636	-0.844238	0.877930
637	-0.843262	0.879883
638	-0.791504	0.817383
639	-0.838867	0.859863
640	-0.848145	0.852051
641	-0.844727	0.874023
642	-0.829590	0.863770
643	-0.835938	0.867188
644	-0.818848	0.863770
645	-0.847656	0.886719
646	-0.839355	0.893066
647	-0.798340	0.840332
648	-0.844727	0.888184
649	-0.834961	0.871582
650	-0.817383	0.830078
651	-0.798340	0.833008
652	-0.814453	0.850098
653	-0.835938	0.890625
654	-0.809570	0.867676
655	-0.819824	0.846680
656	-0.845703	0.886719
657	-0.848145	0.891602
658	-0.834473	0.874512
659	-0.841797	0.889648
660	-0.820801	0.848633
661	-0.809570	0.839355
662	-0.843750	0.867676
663	-0.841797	0.899414
664	-0.822266	0.866699
665	-0.840820	0.877441
666	-0.815430	0.843750
667	-0.828125	0.872070
668	-0.815430	0.845703
669	-0.826172	0.839844
670	-0.841309	0.857422
671	-0.810547	0.821777
672	-0.799805	0.812500
673	-0.811035	0.850586
674	-0.832520	0.872070
675	-0.829590	0.871094
676	-0.828613	0.863281
677	-0.826172	0.851074
678	-0.821777	0.838867
679	-0.834473	0.864258
680	-0.829590	0.833496
681	-0.825684	0.862793
682	-0.828613	0.886719
683	-0.822754	0.866211
684	-0.829590	0.875488
685	-0.812500	0.828125
686	-0.820313	0.854004
687	-0.834473	0.870117
688	-0.835449	0.873535
689	-0.839355	0.894531
690	-0.849609	0.897461
691	-0.838867	0.876953
692	-0.818359	0.856934
693	-0.842285	0.889648
694	-0.819824	0.859375
695	-0.811035	0.850586
696	-0.809570	0.847168
697	-0.819336	0.825684
698	-0.826660	0.826172
699	-0.792969	0.793945
700	-0.802734	0.818848
701	-0.823730	0.877441
702	-0.817383	0.872070
703	-0.839844	0.877441
704	-0.850098	0.894043
705	-0.818848	0.868652
706	-0.823242	0.854004
707	-0.802734	0.835938
708	-0.825684	0.866211
709	-0.825684	0.846191
710	-0.822754	0.876465
711	-0.831055	0.853516
712	-0.818848	0.817871
713	-0.812988	0.843750
714	-0.812500	0.837891
715	-0.814453	0.839844
716	-0.818848	0.865723
717	-0.831055	0.881836
718	-0.837891	0.880859
719	-0.802734	0.837402
720	-0.828613	0.868652
721	-0.854980	0.904785
722	-0.834473	0.878906
723	-0.818359	0.861816
724	-0.832031	0.874023
725	-0.830078	0.873535
726	-0.830078	0.859863
727	-0.802246	0.834473
728	-0.811035	0.803223
729	-0.814941	0.810547
730	-0.809570	0.807617
731	-0.818848	0.823242
732	-0.813477	0.824219
733	-0.827148	0.793457
734	-0.823242	0.779785
735	-0.805664	0.803223
736	-0.821777	0.818359
737	-0.820313	0.875000
738	-0.827637	0.863770
739	-0.823730	0.864258
740	-0.833496	0.878418
741	-0.822754	0.852539
742	-0.825195	0.874512
743	-0.796387	0.839355
744	-0.811523	0.843750
745	-0.830566	0.884277
746	-0.819336	0.866699
747	-0.838867	0.888672
748	-0.815918	0.861328
749	-0.815918	0.865234
750	-0.846680	0.883301
751	-0.829590	0.880371
752	-0.825684	0.857422
753	-0.857422	0.906250
754	-0.853516	0.885742
755	-0.806152	0.828125
756	-0.824707	0.854004
757	-0.845703	0.895020
758	-0.855957	0.902344
759	-0.845215	0.893555
760	-0.837402	0.885254
761	-0.829102	0.878418
762	-0.805176	0.844238
763	-0.797363	0.828613
764	-0.820313	0.815918
765	-0.793945	0.801758
766	-0.836914	0.850586
767	-0.819824	0.835449
768	-0.802734	0.799805
769	-0.803223	0.789063
770	-0.833496	0.821777
771	-0.834961	0.856934
772	-0.794434	0.826172
773	-0.815430	0.828125
774	-0.802246	0.847656
775	-0.839355	0.885742
776	-0.838867	0.888184
777	-0.826172	0.875977
778	-0.828125	0.854492
779	-0.818848	0.850098
780	-0.834961	0.856934
781	-0.818848	0.869629
782	-0.803711	0.856445
783	-0.795898	0.834961
784	-0.818848	0.861816
785	-0.844727	0.881348
786	-0.843750	0.892090
787	-0.842285	0.895996
788	-0.837402	0.885254
789	-0.839355	0.884766
790	-0.822266	0.849121
791	-0.801758	0.859375
792	-0.835449	0.870117
793	-0.830566	0.858398
794	-0.818848	0.873535
795	-0.823730	0.858887
796	-0.803711	0.846191
797	-0.825195	0.873535
798	-0.829590	0.870117
799	-0.827148	0.862793
800	-0.834961	0.890137
801	-0.827148	0.881348
802	-0.824219	0.856934
803	-0.819824	0.859375
804	-0.842285	0.883789
805	-0.832520	0.888184
806	-0.823242	0.846680
807	-0.834961	0.866211
808	-0.821289	0.861816
809	-0.822754	0.867676
810	-0.820801	0.845703
811	-0.806641	0.850586
812	-0.848633	0.886719
813	-0.857422	0.899414
814	-0.814941	0.851074
815	-0.855957	0.899414
816	-0.833008	0.864258
817	-0.816406	0.852051
818	-0.809570	0.840332
819	-0.819824	0.858398
820	-0.852051	0.897949
821	-0.802246	0.777344
822	-0.808105	0.742676
823	-0.821777	0.800781
824	-0.789551	0.792969
825	-0.786621	0.790039
826	-0.805176	0.833008
827	-0.840332	0.866699
828	-0.832520	0.853516
829	-0.814941	0.834961
830	-0.857422	0.905273
831	-0.802246	0.846191
832	-0.801270	0.830078
833	-0.852051	0.871094
834	-0.809082	0.848633
835	-0.803223	0.841797
836	-0.804688	0.833008
837	-0.813965	0.846680
838	-0.824219	0.875488
839	-0.827637	0.871094
840	-0.841797	0.886719
841	-0.824219	0.855957
842	-0.828613	0.866211
843	-0.803223	0.836426
844	-0.801758	0.842773
845	-0.833984	0.855957
846	-0.827637	0.855957
847	-0.856934	0.878418
848	-0.822754	0.861816
849	-0.815918	0.857422
850	-0.835449	0.882324
851	-0.840332	0.890137
852	-0.815918	0.854492
853	-0.826660	0.871094
854	-0.824707	0.864258
855	-0.828613	0.856445
856	-0.790039	0.842285
857	-0.809082	0.859375
858	-0.836426	0.891113
859	-0.803223	0.848633
860	-0.814453	0.863770
861	-0.843262	0.893555
862	-0.819824	0.863281
863	-0.820313	0.865723
864	-0.866699	0.911621
865	-0.802246	0.858398
866	-0.800293	0.841309
867	-0.836914	0.861816
868	-0.834473	0.885742
869	-0.826172	0.874512
870	-0.815918	0.846680
871	-0.787598	0.806152
872	-0.834473	0.873535
873	-0.807617	0.826172
874	-0.839844	0.866211
875	-0.849609	0.866699
876	-0.826660	0.870605
877	-0.809082	0.846680
878	-0.831055	0.878418
879	-0.813477	0.851563
880	-0.827637	0.861328
881	-0.825684	0.850586
882	-0.825195	0.838379
883	-0.815430	0.865234
884	-0.816895	0.831055
885	-0.823730	0.848633
886	-0.824707	0.870605
887	-0.836426	0.889160
888	-0.810547	0.849121
889	-0.830566	0.872559
890	-0.802246	0.811035
891	-0.833008	0.864258
892	-0.849609	0.834961
893	-0.819336	0.875488
894	-0.832031	0.869141
895	-0.847168	0.890137
896	-0.831055	0.878906
897	-0.832031	0.880859
898	-0.828613	0.875488
899	-0.838867	0.879883
900	-0.819824	0.856445
901	-0.810547	0.844727
902	-0.831543	0.854492
903	-0.832031	0.831543
904	-0.802246	0.812012
905	-0.808105	0.840820
906	-0.808594	0.864746
907	-0.839844	0.882813
908	-0.815918	0.862305
909	-0.845703	0.885742
910	-0.834961	0.878418
911	-0.824707	0.841797
912	-0.813965	0.857910
913	-0.814453	0.861328
914	-0.831055	0.876465
915	-0.828125	0.882324
916	-0.839844	0.859863
917	-0.824707	0.828125
918	-0.822266	0.855469
919	-0.836426	0.872070
920	-0.816895	0.845703
921	-0.825684	0.867676
922	-0.826172	0.879395
923	-0.821777	0.851563
924	-0.800781	0.846191
925	-0.818848	0.854004
926	-0.849121	0.900391
927	-0.833008	0.875000
928	-0.800293	0.837891
929	-0.834473	0.878906
930	-0.821289	0.876953
931	-0.812012	0.857910
932	-0.808105	0.816406
933	-0.805176	0.805176
934	-0.841797	0.840332
935	-0.826172	0.809570
936	-0.803711	0.806152
937	-0.830566	0.837402
938	-0.816406	0.796875
939	-0.798340	0.732422
940	-0.815430	0.823730
941	-0.806152	0.814941
942	-0.838379	0.882813
943	-0.813965	0.854004
944	-0.810547	0.859375
945	-0.832031	0.879883
946	-0.844238	0.884766
947	-0.836914	0.866699
948	-0.811523	0.838867
949	-0.840820	0.868652
950	-0.832031	0.883789
951	-0.837402	0.882324
952	-0.830566	0.887695
953	-0.835449	0.885742
954	-0.832031	0.883301
955	-0.851563	0.887695
956	-0.818848	0.874512
957	-0.848633	0.885254
958	-0.861328	0.905762
959	-0.831543	0.866699
960	-0.795410	0.832031
961	-0.849609	0.896973
962	-0.838867	0.896973
963	-0.834473	0.872070
964	-0.832520	0.883789
965	-0.837891	0.877441
966	-0.826660	0.860352
967	-0.813965	0.865723
968	-0.803711	0.814453
969	-0.810547	0.799805
970	-0.825684	0.814453
971	-0.850586	0.859375
972	-0.840820	0.866699
973	-0.780273	0.769531
974	-0.797852	0.797363
975	-0.822266	0.827637
976	-0.852539	0.871094
977	-0.806152	0.831543
978	-0.804688	0.838867
979	-0.817383	0.853516
980	-0.819336	0.857910
981	-0.814941	0.854980
982	-0.842285	0.892090
983	-0.835938	0.861816
984	-0.819824	0.865234
985	-0.838867	0.862793
986	-0.852051	0.888672
987	-0.821777	0.868652
988	-0.823242	0.865234
989	-0.837891	0.866211
990	-0.826172	0.869629
991	-0.852051	0.895996
992	-0.837891	0.870605
993	-0.813965	0.845703
994	-0.821777	0.873047
995	-0.820801	0.855469
996	-0.824707	0.880859
997	-0.819824	0.861328
998	-0.823730	0.845215
999	-0.828125	0.856934
