0	-0.562500	-0.065918
1	-0.533203	-0.129395
2	-0.576172	-0.070313
3	-0.557617	0.060059
4	-0.553711	0.019043
5	-0.562012	0.151367
6	-0.568359	0.154297
7	-0.554688	0.071777
8	-0.542480	0.136230
9	-0.594238	0.071777
10	-0.562988	-0.015137
11	-0.565918	-0.031738
12	-0.561035	-0.162109
13	-0.599121	-0.081055
14	-0.585938	-0.185059
15	-0.581055	-0.136230
16	-0.566406	-0.151367
17	-0.580566	-0.120605
18	-0.556641	0.005371
19	-0.566895	0.053711
20	-0.594238	-0.068848
21	-0.591309	-0.096191
22	-0.581055	-0.045898
23	-0.557617	-0.122070
24	-0.559082	-0.060059
25	-0.548340	-0.000488
26	-0.514648	0.127930
27	-0.595703	0.065430
28	-0.609375	-0.015625
29	-0.545898	-0.044434
30	-0.581543	-0.095215
31	-0.553223	-0.068359
32	-0.584961	-0.249512
33	-0.577148	-0.225098
34	-0.589844	-0.264648
35	-0.557129	-0.154785
36	-0.573730	-0.135254
37	-0.578613	-0.059570
38	-0.588379	-0.034180
39	-0.557617	-0.123535
40	-0.592285	-0.146484
41	-0.577637	-0.116211
42	-0.550781	-0.204102
43	-0.561035	-0.221680
44	-0.605957	-0.231934
45	-0.575195	-0.237305
46	-0.579102	-0.178223
47	-0.595215	-0.197754
48	-0.602051	-0.193359
49	-0.605469	-0.226074
50	-0.594238	-0.217773
51	-0.583984	-0.184082
52	-0.582031	-0.176270
53	-0.560059	-0.101563
54	-0.555176	-0.073730
55	-0.551758	-0.039063
56	-0.558105	-0.029785
57	-0.548828	0.041016
58	-0.574707	0.055664
59	-0.562500	0.032715
60	-0.567383	0.057617
61	-0.563965	-0.029785
62	-0.563965	-0.050781
63	-0.573730	-0.071777
64	-0.563965	-0.147949
65	-0.562500	-0.232422
66	-0.584473	-0.294922
67	-0.556641	-0.229492
68	-0.581543	-0.280762
69	-0.606934	-0.326660
70	-0.594727	-0.256836
71	-0.573730	-0.336914
72	-0.549316	-0.308105
73	-0.589844	-0.273926
74	-0.580078	-0.125977
75	-0.586914	-0.144531
76	-0.588867	-0.168945
77	-0.587402	-0.207031
78	-0.574219	-0.272461
79	-0.577637	-0.282715
80	-0.587891	-0.325195
81	-0.592285	-0.219238
82	-0.567871	-0.116211
83	-0.557129	-0.218750
84	-0.586914	-0.341309
85	-0.563477	-0.331543
86	-0.584473	-0.321289
87	-0.589844	-0.374023
88	-0.591797	-0.399414
89	-0.598145	-0.301270
90	-0.616211	-0.256348
91	-0.576172	-0.226563
92	-0.591797	-0.243164
93	-0.594238	-0.247070
94	-0.568359	-0.147461
95	-0.553223	-0.181152
96	-0.599609	-0.143066
97	-0.566406	-0.009766
98	-0.586914	0.039551
99	-0.582031	-0.011230
100	-0.555664	0.061523
101	-0.571289	0.154785
102	-0.540039	0.120117
103	-0.564453	0.119141
104	-0.576660	0.175293
105	-0.556641	0.223633
106	-0.568848	0.187012
107	-0.609375	0.291992
108	-0.582520	0.312988
109	-0.568848	0.328125
110	-0.642578	0.368652
111	-0.577148	0.285645
112	-0.606445	0.330078
113	-0.583008	0.272949
114	-0.604980	0.259766
115	-0.595215	0.293457
116	-0.569824	0.267090
117	-0.575195	0.244141
118	-0.598633	0.150879
119	-0.560547	0.126465
120	-0.573242	0.128906
121	-0.580078	0.151855
122	-0.562012	0.094727
123	-0.595215	0.163574
124	-0.589355	0.108398
125	-0.590820	0.047852
126	-0.576172	-0.065918
127	-0.581055	-0.017090
128	-0.560547	0.032227
129	-0.580078	0.017578
130	-0.555664	-0.069824
131	-0.554688	-0.009766
132	-0.546387	-0.088867
133	-0.571289	-0.067871
134	-0.553711	0.005371
135	-0.563965	0.073730
136	-0.559570	0.159668
137	-0.574219	0.174316
138	-0.579102	0.152344
139	-0.541016	0.111816
140	-0.586914	0.131836
141	-0.563965	0.069336
142	-0.588867	0.112305
143	-0.596680	0.151367
144	-0.597168	0.187012
145	-0.590820	0.198730
146	-0.543945	0.036133
147	-0.567383	-0.049316
148	-0.572754	-0.048828
149	-0.567383	-0.098145
150	-0.561035	-0.125000
151	-0.588867	-0.103516
152	-0.551758	-0.110840
153	-0.581543	-0.152344
154	-0.556641	-0.135254
155	-0.557617	-0.055176
156	-0.563965	0.080566
157	-0.567383	-0.020020
158	-0.584473	0.020996
159	-0.562988	0.046875
160	-0.567871	-0.083008
161	-0.561035	-0.063965
162	-0.567871	0.041504
163	-0.583984	0.101074
164	-0.571289	0.021484
165	-0.580078	0.106934
166	-0.581543	0.142578
167	-0.582031	0.145508
168	-0.585938	0.127441
169	-0.526367	0.100586
170	-0.556152	0.027832
171	-0.527344	0.054199
172	-0.558105	0.091309
173	-0.556641	0.050781
174	-0.605957	0.056152
175	-0.579590	0.035156
176	-0.550293	-0.066406
177	-0.578125	-0.090332
178	-0.567871	0.090332
179	-0.552246	0.092285
180	-0.582031	0.088379
181	-0.614258	0.044434
182	-0.587402	0.020020
183	-0.570313	-0.036133
184	-0.584473	-0.044434
185	-0.593750	0.088379
186	-0.636719	0.018555
187	-0.605957	0.125000
188	-0.574219	0.122070
189	-0.618164	0.115234
190	-0.558105	0.215332
191	-0.568359	0.211914
192	-0.588379	0.271484
193	-0.571289	0.233887
194	-0.597168	0.288086
195	-0.541016	0.211426
196	-0.599609	0.243652
197	-0.597656	0.261230
198	-0.557129	0.217773
199	-0.582031	0.198730
200	-0.599121	0.217285
201	-0.582031	0.149902
202	-0.565430	0.133789
203	-0.560059	0.194824
204	-0.608398	0.142578
205	-0.611328	0.098633
206	-0.573242	0.113281
207	-0.584961	0.114258
208	-0.591797	0.172852
209	-0.565918	0.246094
210	-0.572754	0.258301
211	-0.601563	0.353516
212	-0.581055	0.368652
213	-0.627441	0.412109
214	-0.585449	0.403809
215	-0.575195	0.246582
216	-0.578613	0.296875
217	-0.569824	0.233398
218	-0.569336	0.182129
219	-0.595215	0.239746
220	-0.581055	0.300293
221	-0.622559	0.387695
222	-0.611816	0.286621
223	-0.592285	0.244629
224	-0.626953	0.251465
225	-0.586914	0.263672
226	-0.576660	0.250000
227	-0.590332	0.291992
228	-0.566895	0.333984
229	-0.602051	0.283691
230	-0.580078	0.240234
231	-0.571289	0.158691
232	-0.607422	0.152832
233	-0.570313	0.070801
234	-0.565918	0.034180
235	-0.580078	-0.020508
236	-0.570801	-0.071777
237	-0.558105	-0.112793
238	-0.559570	-0.120117
239	-0.549316	-0.091797
240	-0.564941	-0.037109
241	-0.567871	-0.038574
242	-0.597168	-0.122559
243	-0.569336	-0.145508
244	-0.555664	-0.029785
245	-0.579590	0.041992
246	-0.584473	-0.033691
247	-0.580566	0.043457
248	-0.616211	-0.044922
249	-0.604492	-0.066895
250	-0.549805	-0.058594
251	-0.595215	-0.207031
252	-0.592285	-0.181152
253	-0.607422	-0.054688
254	-0.552246	-0.184082
255	-0.564941	-0.183105
256	-0.567871	-0.008301
257	-0.577637	-0.083496
258	-0.584961	-0.196289
259	-0.583984	-0.154297
260	-0.578613	-0.075684
261	-0.540527	-0.030273
262	-0.528809	-0.080078
263	-0.575195	-0.063477
264	-0.539551	0.043457
265	-0.579102	0.171875
266	-0.562988	0.100586
267	-0.603516	0.075684
268	-0.588867	-0.003418
269	-0.561523	-0.004395
270	-0.545898	-0.050781
271	-0.573730	-0.013184
272	-0.582520	-0.064941
273	-0.570313	0.040527
274	-0.561523	-0.025879
275	-0.557617	-0.072754
276	-0.544922	0.016602
277	-0.534668	0.062988
278	-0.588867	0.044922
279	-0.610352	0.040039
280	-0.547852	-0.002930
281	-0.563965	0.034180
282	-0.603027	-0.005859
283	-0.571777	-0.053223
284	-0.570801	-0.080566
285	-0.547363	-0.041992
286	-0.592285	0.124512
287	-0.596680	0.144531
288	-0.562988	0.110840
289	-0.559082	0.167969
290	-0.564941	-0.011230
291	-0.565918	0.020508
292	-0.541992	0.116211
293	-0.575684	0.089844
294	-0.592285	0.187988
295	-0.574707	0.164063
296	-0.562012	0.158691
297	-0.565918	0.127441
298	-0.566406	0.162109
299	-0.548340	0.109375
300	-0.563965	-0.057129
301	-0.577637	-0.175781
302	-0.566406	-0.234375
303	-0.572266	-0.143066
304	-0.568848	-0.089844
305	-0.567383	-0.096191
306	-0.586914	-0.069824
307	-0.553223	-0.040527
308	-0.579590	-0.067871
309	-0.617188	0.003418
310	-0.564941	-0.013184
311	-0.564453	-0.026855
312	-0.568359	0.009277
313	-0.534668	0.065430
314	-0.547852	0.047363
315	-0.563965	0.078613
316	-0.564453	0.099609
317	-0.574219	0.167480
318	-0.585449	0.256348
319	-0.594727	0.210938
320	-0.590820	0.152832
321	-0.589844	0.321777
322	-0.604004	0.290527
323	-0.590820	0.268066
324	-0.618652	0.301758
325	-0.600586	0.251953
326	-0.546387	0.188477
327	-0.600586	0.264648
328	-0.587402	0.257324
329	-0.588379	0.252441
330	-0.568848	0.105957
331	-0.568359	0.096191
332	-0.591309	0.141602
333	-0.599609	0.130371
334	-0.598633	0.149902
335	-0.581055	0.254395
336	-0.593750	0.296387
337	-0.581543	0.246094
338	-0.569824	0.257813
339	-0.584961	0.231445
340	-0.608398	0.266602
341	-0.607910	0.260742
342	-0.580566	0.259766
343	-0.585449	0.315918
344	-0.583496	0.337891
345	-0.564941	0.324707
346	-0.604980	0.243652
347	-0.586914	0.231445
348	-0.579590	0.214355
349	-0.604492	0.401855
350	-0.600586	0.395508
351	-0.588867	0.387695
352	-0.586426	0.254395
353	-0.558594	0.249512
354	-0.581055	0.232910
355	-0.583008	0.207031
356	-0.569336	0.291504
357	-0.573242	0.206543
358	-0.601074	0.270508
359	-0.567383	0.191406
360	-0.573242	0.199707
361	-0.578125	0.196777
362	-0.563477	0.043945
363	-0.538086	-0.032227
364	-0.554199	-0.057617
365	-0.547852	0.015137
366	-0.583496	-0.039551
367	-0.551270	0.009766
368	-0.581055	0.109375
369	-0.582031	0.154785
370	-0.554688	0.156738
371	-0.569336	0.170898
372	-0.585449	0.099121
373	-0.545410	0.033203
374	-0.584961	-0.105469
375	-0.548828	0.004883
376	-0.574219	0.211426
377	-0.572266	0.174805
378	-0.544434	0.144043
379	-0.572266	0.167969
380	-0.577148	0.191406
381	-0.543945	0.117676
382	-0.571777	0.215332
383	-0.542480	0.329102
384	-0.559082	0.351563
385	-0.615723	0.482910
386	-0.596680	0.423828
387	-0.596191	0.477051
388	-0.608398	0.509277
389	-0.569336	0.448242
390	-0.605957	0.478516
391	-0.613770	0.487793
392	-0.594727	0.435059
393	-0.617188	0.481934
394	-0.593750	0.447754
395	-0.580566	0.334961
396	-0.569824	0.333008
397	-0.587891	0.244141
398	-0.539551	0.158691
399	-0.616211	0.027344
400	-0.562500	0.009766
401	-0.577637	0.034180
402	-0.598633	0.118164
403	-0.560059	-0.065918
404	-0.569824	-0.091309
405	-0.565430	-0.046875
406	-0.587891	-0.052734
407	-0.584473	-0.136719
408	-0.571289	-0.162598
409	-0.583984	-0.203125
410	-0.618164	-0.213379
411	-0.617676	-0.249023
412	-0.595703	-0.285645
413	-0.595703	-0.258301
414	-0.584961	-0.268066
415	-0.606445	-0.163086
416	-0.620117	-0.236816
417	-0.607910	-0.268066
418	-0.600586	-0.176270
419	-0.568848	-0.169434
420	-0.580078	-0.064453
421	-0.588379	0.020508
422	-0.543945	-0.048828
423	-0.529785	-0.038086
424	-0.560547	-0.025391
425	-0.592773	-0.121094
426	-0.629395	-0.246094
427	-0.582031	-0.202148
428	-0.582520	-0.211914
429	-0.580078	-0.238770
430	-0.604492	-0.273926
431	-0.555176	-0.187500
432	-0.572266	-0.214844
433	-0.603027	-0.192871
434	-0.574707	-0.073730
435	-0.582031	-0.197266
436	-0.575684	-0.107910
437	-0.574707	-0.155762
438	-0.612305	-0.103027
439	-0.627930	-0.099121
440	-0.619141	0.025879
441	-0.577637	-0.177734
442	-0.584473	-0.058594
443	-0.570801	0.052246
444	-0.593262	0.037109
445	-0.578613	0.005859
446	-0.607910	0.067871
447	-0.625488	0.010254
448	-0.614258	0.029785
449	-0.548340	-0.053223
450	-0.620117	-0.118164
451	-0.601074	-0.121094
452	-0.578125	-0.027344
453	-0.573242	-0.114746
454	-0.591309	-0.037598
455	-0.550781	-0.119141
456	-0.595215	-0.209473
457	-0.570313	-0.262207
458	-0.586914	-0.301758
459	-0.584473	-0.280762
460	-0.600586	-0.305176
461	-0.566895	-0.192871
462	-0.619629	-0.222168
463	-0.580078	-0.168457
464	-0.592773	-0.137207
465	-0.561523	-0.107910
466	-0.583008	0.035156
467	-0.578125	0.051758
468	-0.542480	-0.055664
469	-0.558105	-0.108887
470	-0.570801	0.019043
471	-0.548340	-0.089355
472	-0.559570	-0.118164
473	-0.610840	-0.065430
474	-0.581055	0.002930
475	-0.597656	0.003418
476	-0.610352	0.024414
477	-0.599121	-0.074707
478	-0.589355	-0.126465
479	-0.556641	-0.152832
480	-0.564941	-0.235352
481	-0.586426	-0.277344
482	-0.548828	-0.150391
483	-0.553223	-0.041016
484	-0.599121	-0.032227
485	-0.610840	-0.040527
486	-0.596191	-0.117676
487	-0.589355	-0.148926
488	-0.534180	-0.139160
489	-0.614746	-0.263672
490	-0.634277	-0.242188
491	-0.586426	-0.229004
492	-0.582031	-0.240723
493	-0.570313	-0.193359
494	-0.557129	-0.135742
495	-0.575195	-0.292480
496	-0.581543	-0.241699
497	-0.576660	-0.235352
498	-0.569824	-0.179199
499	-0.573242	-0.111816
500	-0.572266	-0.122070
501	-0.554688	-0.085938
502	-0.579102	-0.147461
503	-0.558105	-0.024902
504	-0.557129	0.070313
505	-0.575684	0.145996
506	-0.556152	0.043945
507	-0.589844	0.025391
508	-0.563477	0.048828
509	-0.538574	-0.093262
510	-0.534180	-0.113770
511	-0.578125	-0.031738
512	-0.549805	0.086914
513	-0.562988	0.001465
514	-0.566406	-0.048828
515	-0.569824	-0.159180
516	-0.590820	-0.217285
517	-0.582520	-0.073242
518	-0.602051	-0.010742
519	-0.602051	-0.080078
520	-0.575684	-0.083984
521	-0.616699	-0.125000
522	-0.602539	-0.173828
523	-0.574219	-0.185059
524	-0.592773	-0.213379
525	-0.557617	-0.117188
526	-0.570313	-0.024414
527	-0.589355	-0.023926
528	-0.554688	-0.037109
529	-0.581055	0.085938
530	-0.570313	0.056152
531	-0.550293	-0.054199
532	-0.546387	0.071289
533	-0.561523	0.072266
534	-0.559570	0.124512
535	-0.599609	0.160156
536	-0.620117	0.121582
537	-0.579590	0.056152
538	-0.603516	0.009277
539	-0.546875	0.006836
540	-0.591309	-0.022461
541	-0.612793	0.026855
542	-0.579590	0.075684
543	-0.588867	0.077148
544	-0.607422	-0.099121
545	-0.591309	-0.088867
546	-0.573242	-0.044434
547	-0.560547	0.047363
548	-0.583496	0.050781
549	-0.578613	0.078613
550	-0.554688	0.109863
551	-0.583984	0.197754
552	-0.577148	0.090332
553	-0.597656	0.114258
554	-0.585449	0.147461
555	-0.581055	0.288086
556	-0.584473	0.405273
557	-0.574707	0.367676
558	-0.568359	0.295410
559	-0.593750	0.237793
560	-0.610840	0.350098
561	-0.550293	0.314941
562	-0.583984	0.306641
563	-0.573730	0.237305
564	-0.590332	0.299805
565	-0.560059	0.167480
566	-0.601563	0.165039
567	-0.578125	0.131348
568	-0.580566	0.151367
569	-0.571777	0.019531
570	-0.573730	0.118164
571	-0.584473	0.067871
572	-0.571777	0.111328
573	-0.587402	0.161621
574	-0.585449	0.166504
575	-0.539551	0.168945
576	-0.542969	0.199219
577	-0.567383	0.094238
578	-0.549805	0.118652
579	-0.573242	0.101563
580	-0.560547	0.088379
581	-0.573242	0.195313
582	-0.552246	0.112793
583	-0.591309	0.289551
584	-0.584961	0.396484
585	-0.574219	0.326660
586	-0.562012	0.219238
587	-0.583008	0.189453
588	-0.558594	0.229980
589	-0.556641	0.217773
590	-0.590332	0.309570
591	-0.611328	0.328613
592	-0.637207	0.291504
593	-0.596191	0.221680
594	-0.570801	0.125977
595	-0.562012	0.173340
596	-0.600098	0.221191
597	-0.550293	0.170898
598	-0.589355	0.237793
599	-0.599121	0.245605
600	-0.562988	0.321289
601	-0.594238	0.439453
602	-0.574707	0.373535
603	-0.570801	0.287109
604	-0.569336	0.125488
605	-0.563477	0.251953
606	-0.579102	0.269531
607	-0.595215	0.309082
608	-0.573242	0.215332
609	-0.563477	0.154297
610	-0.577637	0.101074
611	-0.579590	-0.041016
612	-0.590820	-0.057617
613	-0.566406	-0.090820
614	-0.573242	-0.123047
615	-0.583008	-0.116699
616	-0.587402	-0.136719
617	-0.562012	-0.106445
618	-0.564941	-0.002441
619	-0.561035	0.020508
620	-0.594238	-0.022949
621	-0.572754	0.008301
622	-0.565918	-0.023926
623	-0.601563	-0.100586
624	-0.554199	-0.050293
625	-0.538086	0.103516
626	-0.572754	0.141113
627	-0.559570	0.110352
628	-0.549316	0.099609
629	-0.532715	0.078125
630	-0.571777	0.045898
631	-0.590332	0.034180
632	-0.585449	0.041504
633	-0.559082	0.062500
634	-0.595215	0.083496
635	-0.590332	0.107910
636	-0.559570	0.113770
637	-0.572266	0.055176
638	-0.604492	0.057617
639	-0.573730	0.094727
640	-0.572266	0.020996
641	-0.580078	0.063965
642	-0.573242	-0.003906
643	-0.578125	0.002441
644	-0.588379	0.122559
645	-0.617676	0.065430
646	-0.571289	-0.064941
647	-0.551270	0.011230
648	-0.559082	0.068848
649	-0.584473	0.126465
650	-0.597656	0.062988
651	-0.562988	0.031738
652	-0.583008	-0.059082
653	-0.596191	-0.130371
654	-0.575195	-0.210449
655	-0.625977	-0.351563
656	-0.585938	-0.327637
657	-0.545410	-0.235840
658	-0.585449	-0.197754
659	-0.590332	-0.271973
660	-0.576172	-0.206543
661	-0.599121	-0.282715
662	-0.603516	-0.274414
663	-0.604004	-0.184082
664	-0.590332	-0.272461
665	-0.596680	-0.254883
666	-0.587891	-0.239746
667	-0.604980	-0.263184
668	-0.586914	-0.179199
669	-0.522461	-0.036133
670	-0.516602	0.040527
671	-0.598145	0.066895
672	-0.563965	0.161133
673	-0.556641	0.119629
674	-0.615234	0.304199
675	-0.602539	0.331543
676	-0.550781	0.277832
677	-0.578613	0.292480
678	-0.568359	0.265625
679	-0.587891	0.243164
680	-0.623047	0.257324
681	-0.595703	0.176758
682	-0.598633	0.307617
683	-0.632813	0.229980
684	-0.598633	0.213379
685	-0.604492	0.236816
686	-0.595703	0.186035
687	-0.560547	0.112305
688	-0.554688	0.145508
689	-0.588867	0.117188
690	-0.573242	0.172852
691	-0.601074	0.187988
692	-0.560059	0.177246
693	-0.564453	0.201172
694	-0.571289	0.130371
695	-0.545898	0.094727
696	-0.556641	0.081055
697	-0.586426	0.066895
698	-0.571777	0.153320
699	-0.577637	0.122070
700	-0.576172	0.054199
701	-0.568359	0.109863
702	-0.613770	0.059570
703	-0.580566	-0.076172
704	-0.578125	-0.018555
705	-0.606445	-0.116211
706	-0.548828	-0.028809
707	-0.548828	0.062500
708	-0.582520	-0.097656
709	-0.563965	-0.135742
710	-0.589355	-0.115234
711	-0.602539	-0.153809
712	-0.591797	-0.178711
713	-0.569336	-0.158691
714	-0.570801	-0.138672
715	-0.534668	-0.175293
716	-0.570313	-0.123535
717	-0.549316	-0.075684
718	-0.568848	-0.083496
719	-0.585449	-0.132324
720	-0.575195	-0.110352
721	-0.554199	-0.208984
722	-0.554688	-0.113281
723	-0.596191	-0.062988
724	-0.574219	0.003906
725	-0.589355	0.078613
726	-0.576660	0.054199
727	-0.575684	0.056152
728	-0.548340	0.028320
729	-0.568359	0.035645
730	-0.528320	0.072754
731	-0.533203	0.063477
732	-0.571777	0.077637
733	-0.524902	0.098145
734	-0.550781	0.118164
735	-0.597168	0.091797
736	-0.557129	0.003906
737	-0.559570	-0.098633
738	-0.587402	-0.057617
739	-0.564941	-0.016602
740	-0.592773	-0.005859
741	-0.565918	-0.020508
742	-0.602051	-0.085449
743	-0.559570	-0.036133
744	-0.560547	-0.056152
745	-0.580566	-0.086426
746	-0.572266	-0.023438
747	-0.579590	0.026367
748	-0.575195	-0.089355
749	-0.569824	-0.126465
750	-0.611816	-0.158691
751	-0.581543	-0.171387
752	-0.581543	-0.198730
753	-0.585449	-0.055176
754	-0.566895	-0.023926
755	-0.549805	-0.140625
756	-0.559570	-0.072266
757	-0.586914	-0.089844
758	-0.582031	-0.195313
759	-0.599121	-0.146484
760	-0.582520	-0.121582
761	-0.610840	-0.046875
762	-0.618164	-0.074707
763	-0.573242	-0.011719
764	-0.586914	-0.154297
765	-0.586426	-0.239746
766	-0.579102	-0.225098
767	-0.554199	-0.227539
768	-0.549805	-0.160645
769	-0.556641	-0.129395
770	-0.547363	-0.072266
771	-0.549805	-0.026855
772	-0.580566	0.002441
773	-0.572266	-0.048828
774	-0.562012	0.034180
775	-0.585938	-0.003418
776	-0.575195	0.157715
777	-0.557129	0.132324
778	-0.578613	0.210449
779	-0.612793	0.290039
780	-0.591797	0.194824
781	-0.614746	0.237793
782	-0.595215	0.261719
783	-0.573242	0.099121
784	-0.564941	0.135254
785	-0.568848	0.144043
786	-0.533203	0.081055
787	-0.577637	0.137207
788	-0.581543	0.087891
789	-0.574707	0.064453
790	-0.552246	0.117188
791	-0.563477	0.070313
792	-0.568359	0.192871
793	-0.560059	0.122559
794	-0.573730	0.116699
795	-0.591797	0.111816
796	-0.567383	0.069824
797	-0.577148	0.099121
798	-0.549805	0.044922
799	-0.555664	0.167480
800	-0.574707	0.210449
801	-0.605469	0.265625
802	-0.594238	0.295898
803	-0.583008	0.298340
804	-0.579102	0.322754
805	-0.557617	0.313965
806	-0.590332	0.297363
807	-0.557129	0.375977
808	-0.573242	0.362793
809	-0.585449	0.225098
810	-0.541504	0.118164
811	-0.567383	0.177246
812	-0.548340	0.124512
813	-0.570313	0.216797
814	-0.559570	0.247559
815	-0.572754	0.239746
816	-0.591309	0.287598
817	-0.560059	0.310547
818	-0.554688	0.304688
819	-0.587891	0.256348
820	-0.567383	0.245605
821	-0.583984	0.202148
822	-0.612793	0.106445
823	-0.570313	0.091797
824	-0.574707	-0.042969
825	-0.564453	0.030762
826	-0.549316	0.020020
827	-0.561523	0.011230
828	-0.598145	0.038574
829	-0.572266	-0.017578
830	-0.580566	0.035645
831	-0.564941	-0.084961
832	-0.581543	-0.195313
833	-0.556152	-0.067871
834	-0.543457	-0.031738
835	-0.583984	-0.114746
836	-0.571289	-0.177734
837	-0.605957	-0.296387
838	-0.563965	-0.276855
839	-0.580078	-0.287598
840	-0.589844	-0.287598
841	-0.621582	-0.363770
842	-0.562500	-0.252930
843	-0.568848	-0.240234
844	-0.541016	-0.205566
845	-0.554199	-0.276367
846	-0.582031	-0.306641
847	-0.601074	-0.381836
848	-0.571777	-0.319336
849	-0.614258	-0.446289
850	-0.583984	-0.442383
851	-0.577637	-0.363770
852	-0.592773	-0.399902
853	-0.570801	-0.313477
854	-0.611328	-0.281250
855	-0.608398	-0.299805
856	-0.576660	-0.295410
857	-0.591797	-0.303711
858	-0.573242	-0.301758
859	-0.598145	-0.236816
860	-0.593262	-0.274902
861	-0.599121	-0.348145
862	-0.603516	-0.433594
863	-0.625977	-0.429199
864	-0.570801	-0.360840
865	-0.570313	-0.408691
866	-0.602051	-0.446289
867	-0.592773	-0.354492
868	-0.615723	-0.443848
869	-0.591309	-0.418945
870	-0.591797	-0.362305
871	-0.575684	-0.349609
872	-0.603027	-0.410645
873	-0.585449	-0.454102
874	-0.604004	-0.405273
875	-0.545410	-0.216309
876	-0.582520	-0.152344
877	-0.596680	-0.092773
878	-0.552246	-0.162109
879	-0.569336	-0.090820
880	-0.579102	0.078613
881	-0.553711	0.033203
882	-0.556152	0.086426
883	-0.532227	0.165527
884	-0.581543	0.177734
885	-0.582031	0.207031
886	-0.593750	0.343750
887	-0.591797	0.304199
888	-0.606934	0.227539
889	-0.580566	0.127930
890	-0.556641	0.173828
891	-0.562012	0.153320
892	-0.567383	0.096191
893	-0.586426	0.186523
894	-0.548340	0.222168
895	-0.587891	0.315918
896	-0.575195	0.382324
897	-0.583984	0.389160
898	-0.560059	0.318359
899	-0.583984	0.312500
900	-0.586914	0.270996
901	-0.584961	0.205566
902	-0.576172	0.210449
903	-0.588379	0.142090
904	-0.579590	0.125000
905	-0.564941	0.155762
906	-0.600098	0.205078
907	-0.597656	0.211426
908	-0.596191	0.139160
909	-0.582031	0.092285
910	-0.624512	0.202637
911	-0.575195	0.153809
912	-0.588379	0.275391
913	-0.593262	0.361328
914	-0.557617	0.241699
915	-0.585449	0.291504
916	-0.599609	0.289063
917	-0.593750	0.247559
918	-0.602539	0.236816
919	-0.571289	0.199219
920	-0.573730	0.098145
921	-0.559570	0.127930
922	-0.556152	0.059570
923	-0.574707	0.056152
924	-0.572754	0.176270
925	-0.555176	0.115723
926	-0.567871	0.113281
927	-0.560547	-0.045898
928	-0.601074	0.028320
929	-0.589355	-0.028809
930	-0.553711	-0.065918
931	-0.565918	-0.090820
932	-0.558594	-0.089355
933	-0.586914	-0.021484
934	-0.576660	0.001465
935	-0.548340	0.053223
936	-0.586426	0.064941
937	-0.600586	0.059082
938	-0.538086	-0.052246
939	-0.551270	-0.060547
940	-0.568848	-0.116211
941	-0.572266	-0.004395
942	-0.565918	-0.060547
943	-0.602539	-0.104980
944	-0.596191	-0.146484
945	-0.596680	-0.124023
946	-0.562988	-0.033691
947	-0.584961	-0.110840
948	-0.596191	-0.197266
949	-0.550781	-0.123535
950	-0.551758	-0.237793
951	-0.569336	-0.215332
952	-0.577637	-0.269531
953	-0.598633	-0.277344
954	-0.589355	-0.224121
955	-0.611816	-0.115234
956	-0.614258	-0.032715
957	-0.590332	0.010742
958	-0.565430	-0.001953
959	-0.570313	-0.077148
960	-0.581543	0.020508
961	-0.587402	0.153809
962	-0.600098	0.052734
963	-0.574707	0.112793
964	-0.636230	0.019043
965	-0.547852	0.062988
966	-0.617676	0.020996
967	-0.593750	0.026367
968	-0.581543	0.154297
969	-0.601074	0.214355
970	-0.581055	0.245117
971	-0.583496	0.257813
972	-0.597656	0.326172
973	-0.611816	0.295410
974	-0.583008	0.166992
975	-0.566895	0.193848
976	-0.527344	0.149902
977	-0.571289	0.130371
978	-0.581543	0.068848
979	-0.581055	-0.009277
980	-0.585938	-0.134766
981	-0.570801	-0.053223
982	-0.559570	-0.035645
983	-0.603027	-0.078613
984	-0.570801	0.014648
985	-0.581055	0.132813
986	-0.571777	0.043457
987	-0.541016	0.103516
988	-0.562012	0.185547
989	-0.601563	0.194336
990	-0.553223	0.029297
991	-0.561523	0.013672
992	-0.575684	0.059082
993	-0.553711	0.069824
994	-0.593262	0.036133
995	-0.562500	0.186035
996	-0.602051	0.252441
997	-0.583984	0.261719
998	-0.590820	0.258789
999	-0.562012	0.258789
