0	-0.716797	0.669434
1	-0.747070	0.649414
2	-0.708496	0.654297
3	-0.721191	0.700684
4	-0.735840	0.754883
5	-0.748047	0.776367
6	-0.725098	0.757813
7	-0.762207	0.770020
8	-0.759277	0.751465
9	-0.756836	0.782227
10	-0.740234	0.784668
11	-0.758301	0.790527
12	-0.727539	0.737793
13	-0.749512	0.754395
14	-0.743652	0.759277
15	-0.723633	0.739746
16	-0.757813	0.787598
17	-0.730469	0.731934
18	-0.727051	0.722656
19	-0.736816	0.746582
20	-0.725098	0.727539
21	-0.725586	0.710449
22	-0.729980	0.680176
23	-0.726563	0.692383
24	-0.729980	0.743164
25	-0.769043	0.757813
26	-0.746582	0.739258
27	-0.732422	0.758301
28	-0.732422	0.731934
29	-0.742188	0.768066
30	-0.740723	0.757324
31	-0.705566	0.718750
32	-0.747070	0.727539
33	-0.733398	0.729492
34	-0.715820	0.699219
35	-0.741211	0.698242
36	-0.752441	0.750488
37	-0.764160	0.780762
38	-0.728516	0.698730
39	-0.754883	0.709961
40	-0.737305	0.703613
41	-0.747070	0.702637
42	-0.749512	0.677246
43	-0.747559	0.674805
44	-0.724609	0.627441
45	-0.752441	0.668457
46	-0.732910	0.678223
47	-0.710449	0.643555
48	-0.687012	0.612793
49	-0.725098	0.683105
50	-0.764160	0.795898
51	-0.764160	0.812500
52	-0.761230	0.791992
53	-0.772949	0.828125
54	-0.759766	0.814453
55	-0.752441	0.807129
56	-0.802246	0.859863
57	-0.770508	0.829590
58	-0.756836	0.779297
59	-0.726563	0.747070
60	-0.783203	0.809082
61	-0.775391	0.802734
62	-0.773438	0.807129
63	-0.761230	0.805664
64	-0.738770	0.750000
65	-0.729004	0.774414
66	-0.739746	0.784180
67	-0.748047	0.760742
68	-0.729004	0.759277
69	-0.749512	0.794922
70	-0.767090	0.829102
71	-0.753418	0.785156
72	-0.750488	0.785156
73	-0.768066	0.802246
74	-0.744141	0.778809
75	-0.763672	0.809570
76	-0.753418	0.792480
77	-0.736328	0.775391
78	-0.738770	0.770020
79	-0.785156	0.830566
80	-0.763672	0.810547
81	-0.752441	0.777344
82	-0.701660	0.710938
83	-0.732422	0.747070
84	-0.732910	0.719727
85	-0.765625	0.754395
86	-0.731445	0.742676
87	-0.772949	0.830566
88	-0.764648	0.784180
89	-0.738281	0.781738
90	-0.770508	0.823730
91	-0.759766	0.774414
92	-0.742676	0.768066
93	-0.766113	0.806641
94	-0.749023	0.791016
95	-0.767578	0.805664
96	-0.739746	0.772949
97	-0.787598	0.822754
98	-0.763672	0.775391
99	-0.753418	0.760742
100	-0.743164	0.756348
101	-0.762207	0.743164
102	-0.758301	0.812012
103	-0.737793	0.763184
104	-0.746094	0.783691
105	-0.761230	0.799805
106	-0.739258	0.768066
107	-0.772461	0.807617
108	-0.768066	0.804688
109	-0.751953	0.769043
110	-0.759766	0.793945
111	-0.749023	0.788574
112	-0.753418	0.791992
113	-0.771484	0.771484
114	-0.738281	0.770508
115	-0.738770	0.746582
116	-0.759277	0.808594
117	-0.756836	0.813477
118	-0.770996	0.808594
119	-0.764648	0.783691
120	-0.773926	0.814453
121	-0.758789	0.801270
122	-0.766602	0.815918
123	-0.744629	0.748535
124	-0.719727	0.712891
125	-0.756836	0.754883
126	-0.748535	0.732910
127	-0.747070	0.773438
128	-0.742676	0.757324
129	-0.711426	0.643555
130	-0.756348	0.667969
131	-0.743164	0.714355
132	-0.730957	0.645508
133	-0.732910	0.671387
134	-0.693848	0.692871
135	-0.730469	0.717285
136	-0.763184	0.747070
137	-0.765625	0.784180
138	-0.708496	0.689453
139	-0.725586	0.696289
140	-0.736816	0.753906
141	-0.757324	0.791504
142	-0.745117	0.767090
143	-0.753418	0.774414
144	-0.752441	0.740234
145	-0.768555	0.804199
146	-0.729004	0.752930
147	-0.756836	0.767090
148	-0.767578	0.804199
149	-0.771484	0.759766
150	-0.744629	0.790039
151	-0.743652	0.724121
152	-0.719727	0.698730
153	-0.756348	0.760254
154	-0.754395	0.794434
155	-0.740723	0.790527
156	-0.768555	0.805176
157	-0.764160	0.809570
158	-0.733887	0.745117
159	-0.744629	0.774902
160	-0.750000	0.767578
161	-0.745605	0.796387
162	-0.732910	0.732422
163	-0.751953	0.787598
164	-0.793945	0.845703
165	-0.784668	0.832520
166	-0.761230	0.811035
167	-0.774414	0.814941
168	-0.759766	0.789551
169	-0.725098	0.732422
170	-0.767578	0.800781
171	-0.757324	0.808594
172	-0.769043	0.821289
173	-0.762207	0.779297
174	-0.736328	0.754883
175	-0.745605	0.756836
176	-0.703613	0.704102
177	-0.736816	0.716797
178	-0.756348	0.690430
179	-0.716797	0.642090
180	-0.693359	0.594238
181	-0.673340	0.565918
182	-0.731934	0.708496
183	-0.707031	0.673828
184	-0.738770	0.714844
185	-0.734375	0.698242
186	-0.699707	0.632813
187	-0.727051	0.712891
188	-0.714355	0.691895
189	-0.719238	0.671387
190	-0.735352	0.709961
191	-0.750000	0.787109
192	-0.761230	0.794922
193	-0.748047	0.791504
194	-0.746094	0.791016
195	-0.771484	0.773438
196	-0.731934	0.745605
197	-0.744141	0.696289
198	-0.740234	0.715820
199	-0.732910	0.667969
200	-0.734375	0.717773
201	-0.750000	0.764648
202	-0.748047	0.776367
203	-0.731934	0.778320
204	-0.714844	0.694336
205	-0.744141	0.695801
206	-0.729980	0.632324
207	-0.704590	0.645508
208	-0.706543	0.674805
209	-0.725586	0.733887
210	-0.744141	0.779297
211	-0.764648	0.800781
212	-0.752441	0.760742
213	-0.705078	0.712402
214	-0.742188	0.776855
215	-0.713379	0.767578
216	-0.740234	0.772461
217	-0.744629	0.755859
218	-0.723633	0.720703
219	-0.743164	0.750488
220	-0.726074	0.746582
221	-0.759766	0.776855
222	-0.736816	0.764648
223	-0.720215	0.717285
224	-0.724121	0.743652
225	-0.740723	0.743164
226	-0.742188	0.707520
227	-0.726563	0.670898
228	-0.732422	0.719727
229	-0.762695	0.758789
230	-0.742676	0.751953
231	-0.692871	0.683105
232	-0.735840	0.744629
233	-0.744629	0.758301
234	-0.749512	0.770020
235	-0.717285	0.733398
236	-0.705566	0.708496
237	-0.741211	0.750000
238	-0.732422	0.747559
239	-0.731445	0.728027
240	-0.721191	0.696289
241	-0.752441	0.765137
242	-0.763184	0.722168
243	-0.740723	0.668945
244	-0.750977	0.685547
245	-0.733887	0.697266
246	-0.745117	0.690430
247	-0.747070	0.685547
248	-0.736328	0.665527
249	-0.726074	0.621094
250	-0.738281	0.666016
251	-0.715820	0.699707
252	-0.709961	0.632324
253	-0.703125	0.649414
254	-0.725098	0.710938
255	-0.748047	0.778320
256	-0.757324	0.787598
257	-0.752441	0.770508
258	-0.775879	0.826660
259	-0.747070	0.795410
260	-0.791016	0.841797
261	-0.782715	0.812500
262	-0.775879	0.829102
263	-0.721191	0.727539
264	-0.744629	0.776367
265	-0.756836	0.782715
266	-0.753906	0.785156
267	-0.766602	0.809570
268	-0.754883	0.784668
269	-0.749512	0.767090
270	-0.729492	0.761230
271	-0.734375	0.790039
272	-0.740723	0.762695
273	-0.726563	0.787598
274	-0.772461	0.827148
275	-0.733887	0.782227
276	-0.745117	0.788574
277	-0.736816	0.724609
278	-0.770020	0.793945
279	-0.765625	0.799316
280	-0.727051	0.768066
281	-0.749512	0.788574
282	-0.725586	0.766602
283	-0.758789	0.803223
284	-0.765625	0.817383
285	-0.743652	0.779297
286	-0.761230	0.791016
287	-0.740234	0.730469
288	-0.754883	0.758301
289	-0.739258	0.724609
290	-0.725098	0.747559
291	-0.738770	0.735352
292	-0.767090	0.828125
293	-0.754395	0.786621
294	-0.767578	0.826172
295	-0.766602	0.813965
296	-0.763672	0.770020
297	-0.746582	0.777344
298	-0.747070	0.789063
299	-0.721191	0.762695
300	-0.763184	0.801758
301	-0.759766	0.800293
302	-0.756348	0.805664
303	-0.764648	0.785645
304	-0.734375	0.742676
305	-0.741211	0.756348
306	-0.750000	0.761230
307	-0.758301	0.775879
308	-0.737793	0.775391
309	-0.735840	0.757324
310	-0.737793	0.767090
311	-0.729980	0.750000
312	-0.751953	0.789063
313	-0.766113	0.800781
314	-0.737793	0.748535
315	-0.762207	0.800293
316	-0.757813	0.788574
317	-0.739746	0.777344
318	-0.722168	0.722656
319	-0.737305	0.761230
320	-0.753906	0.767090
321	-0.785645	0.833984
322	-0.759766	0.826660
323	-0.775391	0.815918
324	-0.778320	0.811035
325	-0.759277	0.812012
326	-0.766602	0.830566
327	-0.745605	0.805664
328	-0.771973	0.806641
329	-0.718750	0.704590
330	-0.739746	0.729492
331	-0.752930	0.743652
332	-0.733887	0.765137
333	-0.710938	0.697266
334	-0.720215	0.655762
335	-0.745117	0.668945
336	-0.738770	0.699219
337	-0.714844	0.634277
338	-0.729980	0.669922
339	-0.716309	0.721680
340	-0.716309	0.701660
341	-0.756836	0.729980
342	-0.730957	0.747559
343	-0.713867	0.702637
344	-0.713867	0.691895
345	-0.743164	0.761230
346	-0.759766	0.793945
347	-0.751953	0.767090
348	-0.758301	0.775391
349	-0.739746	0.748047
350	-0.771484	0.798828
351	-0.748535	0.770508
352	-0.721191	0.732422
353	-0.756348	0.784180
354	-0.741699	0.731934
355	-0.777344	0.810059
356	-0.735840	0.709961
357	-0.734375	0.752930
358	-0.731445	0.748535
359	-0.761719	0.796875
360	-0.756836	0.822266
361	-0.760742	0.799805
362	-0.759277	0.801758
363	-0.738770	0.762207
364	-0.714844	0.753418
365	-0.736328	0.762207
366	-0.755859	0.805664
367	-0.708496	0.726563
368	-0.744141	0.790527
369	-0.774902	0.820313
370	-0.768066	0.822754
371	-0.747070	0.788086
372	-0.779297	0.825684
373	-0.741699	0.781738
374	-0.722656	0.731934
375	-0.754883	0.780762
376	-0.762695	0.819824
377	-0.765137	0.806152
378	-0.739258	0.742676
379	-0.711426	0.693359
380	-0.736816	0.741699
381	-0.721191	0.686523
382	-0.737305	0.711426
383	-0.758301	0.676758
384	-0.714844	0.610352
385	-0.690430	0.578125
386	-0.677734	0.585938
387	-0.718262	0.704102
388	-0.720703	0.672852
389	-0.741699	0.721680
390	-0.721680	0.674805
391	-0.688965	0.654297
392	-0.711914	0.669922
393	-0.714355	0.687988
394	-0.750000	0.727539
395	-0.734375	0.718262
396	-0.744629	0.784668
397	-0.760254	0.780273
398	-0.750488	0.781250
399	-0.779785	0.809082
400	-0.763184	0.752930
401	-0.730469	0.743164
402	-0.756836	0.696777
403	-0.743164	0.680176
404	-0.724121	0.651367
405	-0.736816	0.719238
406	-0.754395	0.801758
407	-0.766113	0.798828
408	-0.752930	0.773926
409	-0.711914	0.678223
410	-0.735352	0.670410
411	-0.740723	0.627441
412	-0.711426	0.661133
413	-0.722656	0.675781
414	-0.740723	0.768555
415	-0.775391	0.809082
416	-0.731934	0.766113
417	-0.767090	0.761230
418	-0.729980	0.727051
419	-0.768555	0.796875
420	-0.737305	0.796387
421	-0.711914	0.752441
422	-0.748535	0.766113
423	-0.731445	0.747070
424	-0.762695	0.775879
425	-0.748535	0.774414
426	-0.751953	0.767090
427	-0.751953	0.783691
428	-0.712891	0.714844
429	-0.727539	0.742188
430	-0.727539	0.741211
431	-0.730469	0.701172
432	-0.716309	0.666992
433	-0.712891	0.689453
434	-0.752930	0.754883
435	-0.729980	0.729980
436	-0.712891	0.716309
437	-0.741699	0.756836
438	-0.751953	0.781250
439	-0.755371	0.780273
440	-0.724609	0.728027
441	-0.727051	0.703125
442	-0.736328	0.740234
443	-0.724121	0.714355
444	-0.716309	0.689941
445	-0.744629	0.714844
446	-0.738770	0.762207
447	-0.730469	0.675293
448	-0.763184	0.736328
449	-0.725586	0.686523
450	-0.735840	0.686035
451	-0.727539	0.679199
452	-0.732910	0.653320
453	-0.740234	0.663574
454	-0.726074	0.616699
455	-0.734375	0.672852
456	-0.705078	0.678711
457	-0.733887	0.694824
458	-0.687012	0.664551
459	-0.746094	0.719727
460	-0.767578	0.795410
461	-0.775391	0.819336
462	-0.749023	0.780273
463	-0.776855	0.830078
464	-0.747070	0.813965
465	-0.804199	0.847168
466	-0.777832	0.821289
467	-0.765625	0.804199
468	-0.716797	0.737793
469	-0.775879	0.810059
470	-0.754883	0.789063
471	-0.748535	0.774414
472	-0.755859	0.782227
473	-0.751953	0.789063
474	-0.752930	0.754883
475	-0.743164	0.792969
476	-0.738770	0.780762
477	-0.735840	0.756348
478	-0.735352	0.772949
479	-0.793945	0.842773
480	-0.753418	0.805176
481	-0.725586	0.763672
482	-0.712891	0.718262
483	-0.747559	0.781738
484	-0.796875	0.824707
485	-0.738770	0.779785
486	-0.740234	0.772949
487	-0.761719	0.809570
488	-0.740723	0.787109
489	-0.733398	0.777344
490	-0.752441	0.797363
491	-0.761230	0.787598
492	-0.708984	0.718750
493	-0.764160	0.756348
494	-0.781738	0.774902
495	-0.736328	0.753906
496	-0.749023	0.786133
497	-0.787109	0.838867
498	-0.743652	0.776367
499	-0.765625	0.812988
500	-0.766113	0.786621
501	-0.743652	0.754395
502	-0.741211	0.770020
503	-0.754395	0.781250
504	-0.750000	0.801270
505	-0.745117	0.786621
506	-0.754395	0.794434
507	-0.770508	0.805664
508	-0.759766	0.780762
509	-0.729004	0.748047
510	-0.737305	0.752441
511	-0.739258	0.758301
512	-0.765625	0.788086
513	-0.747559	0.769531
514	-0.755859	0.794922
515	-0.733887	0.778320
516	-0.726074	0.748047
517	-0.740234	0.763672
518	-0.750000	0.776367
519	-0.755371	0.795410
520	-0.752441	0.809570
521	-0.743652	0.757324
522	-0.768555	0.772461
523	-0.720703	0.727539
524	-0.760254	0.790039
525	-0.736328	0.781738
526	-0.769043	0.814941
527	-0.779297	0.838379
528	-0.780273	0.822266
529	-0.778320	0.809082
530	-0.759277	0.798828
531	-0.750977	0.801758
532	-0.765625	0.825195
533	-0.741699	0.783203
534	-0.731445	0.698730
535	-0.746094	0.728516
536	-0.735352	0.744141
537	-0.720215	0.769043
538	-0.719727	0.673828
539	-0.703613	0.632813
540	-0.731934	0.674316
541	-0.741699	0.703613
542	-0.721680	0.621094
543	-0.731445	0.693359
544	-0.702637	0.728516
545	-0.716309	0.694336
546	-0.737793	0.735352
547	-0.751953	0.761719
548	-0.718750	0.722168
549	-0.714355	0.700195
550	-0.743652	0.776367
551	-0.748047	0.794434
552	-0.752441	0.790039
553	-0.749023	0.757324
554	-0.744629	0.739746
555	-0.766602	0.772949
556	-0.732422	0.753418
557	-0.733398	0.767090
558	-0.740723	0.769043
559	-0.751953	0.753906
560	-0.784668	0.813965
561	-0.729980	0.702148
562	-0.741699	0.779785
563	-0.755371	0.764648
564	-0.786621	0.819824
565	-0.767578	0.837402
566	-0.784668	0.829590
567	-0.742188	0.782227
568	-0.725586	0.754395
569	-0.756348	0.787109
570	-0.747559	0.779297
571	-0.730469	0.759277
572	-0.715820	0.698730
573	-0.745117	0.788086
574	-0.750977	0.791504
575	-0.763672	0.812012
576	-0.764648	0.800293
577	-0.764160	0.804199
578	-0.732422	0.769043
579	-0.731934	0.730957
580	-0.736328	0.770508
581	-0.782227	0.833008
582	-0.768555	0.792480
583	-0.756836	0.777344
584	-0.719727	0.710938
585	-0.746582	0.763184
586	-0.721191	0.700195
587	-0.751953	0.727051
588	-0.747559	0.663574
589	-0.694824	0.577148
590	-0.701172	0.604004
591	-0.705566	0.656738
592	-0.729980	0.697754
593	-0.719238	0.688965
594	-0.746582	0.734863
595	-0.719727	0.652832
596	-0.707520	0.666992
597	-0.732910	0.696289
598	-0.734375	0.728516
599	-0.763672	0.734375
600	-0.759766	0.757813
601	-0.730957	0.769531
602	-0.751465	0.773438
603	-0.726074	0.755859
604	-0.784668	0.801270
605	-0.750488	0.755371
606	-0.739746	0.729492
607	-0.742188	0.700684
608	-0.740723	0.677246
609	-0.716797	0.639160
610	-0.734375	0.710449
611	-0.729980	0.773926
612	-0.759766	0.800781
613	-0.753418	0.776855
614	-0.721191	0.683594
615	-0.715820	0.665527
616	-0.721680	0.623535
617	-0.718262	0.687500
618	-0.734375	0.702637
619	-0.739258	0.764648
620	-0.764648	0.780762
621	-0.725586	0.746094
622	-0.754395	0.742188
623	-0.744629	0.771484
624	-0.753418	0.801270
625	-0.756348	0.791504
626	-0.738281	0.767578
627	-0.745117	0.787598
628	-0.733887	0.748535
629	-0.741699	0.757324
630	-0.755371	0.772461
631	-0.756348	0.765625
632	-0.757324	0.776367
633	-0.733887	0.747070
634	-0.735352	0.713867
635	-0.735840	0.738281
636	-0.753418	0.743652
637	-0.696777	0.648926
638	-0.705566	0.699219
639	-0.735352	0.739258
640	-0.731445	0.723145
641	-0.721191	0.708496
642	-0.735840	0.733398
643	-0.741699	0.762207
644	-0.754395	0.784180
645	-0.726563	0.736328
646	-0.762207	0.770020
647	-0.726074	0.732910
648	-0.706055	0.686523
649	-0.706055	0.685547
650	-0.750977	0.733398
651	-0.754883	0.768555
652	-0.737305	0.697266
653	-0.737793	0.697754
654	-0.747070	0.714355
655	-0.727539	0.692383
656	-0.745117	0.670410
657	-0.736816	0.676270
658	-0.717773	0.635254
659	-0.724121	0.625000
660	-0.740234	0.695801
661	-0.723145	0.680664
662	-0.720703	0.664063
663	-0.711426	0.683105
664	-0.736328	0.749512
665	-0.775391	0.808105
666	-0.772461	0.812500
667	-0.746094	0.799805
668	-0.789063	0.820313
669	-0.763672	0.814941
670	-0.775879	0.831055
671	-0.770996	0.812500
672	-0.759277	0.779785
673	-0.734375	0.748535
674	-0.756836	0.794922
675	-0.758301	0.790527
676	-0.742188	0.755371
677	-0.745605	0.770020
678	-0.757813	0.802246
679	-0.749512	0.783691
680	-0.749512	0.792480
681	-0.768555	0.812500
682	-0.738770	0.764648
683	-0.731934	0.763184
684	-0.765625	0.833008
685	-0.760254	0.802734
686	-0.734863	0.776855
687	-0.749023	0.771484
688	-0.756348	0.789551
689	-0.768066	0.805664
690	-0.759766	0.789063
691	-0.755371	0.774902
692	-0.732422	0.765137
693	-0.760254	0.805176
694	-0.759766	0.796875
695	-0.748535	0.767090
696	-0.749512	0.760742
697	-0.720703	0.732422
698	-0.743164	0.737305
699	-0.788086	0.820313
700	-0.742188	0.758789
701	-0.766602	0.809082
702	-0.762695	0.809082
703	-0.755859	0.785645
704	-0.777344	0.814453
705	-0.770996	0.800293
706	-0.733887	0.769531
707	-0.750000	0.785645
708	-0.755859	0.789063
709	-0.759766	0.806641
710	-0.759277	0.770508
711	-0.767090	0.790039
712	-0.766602	0.805664
713	-0.768555	0.793945
714	-0.734863	0.746094
715	-0.776367	0.786133
716	-0.738770	0.751953
717	-0.762695	0.786133
718	-0.736328	0.776855
719	-0.743652	0.769043
720	-0.768066	0.799316
721	-0.761719	0.792969
722	-0.759277	0.788086
723	-0.761230	0.778320
724	-0.723633	0.754395
725	-0.746582	0.791992
726	-0.762207	0.768555
727	-0.759277	0.770996
728	-0.766602	0.791992
729	-0.757324	0.794434
730	-0.736816	0.778809
731	-0.748535	0.805664
732	-0.762695	0.803711
733	-0.758789	0.768555
734	-0.768066	0.800293
735	-0.783203	0.833008
736	-0.731445	0.792969
737	-0.769531	0.825195
738	-0.722168	0.728516
739	-0.745117	0.715820
740	-0.735352	0.712891
741	-0.743164	0.752441
742	-0.743164	0.764648
743	-0.708008	0.669434
744	-0.705078	0.606934
745	-0.742188	0.692383
746	-0.727051	0.672852
747	-0.718750	0.632813
748	-0.724121	0.670410
749	-0.691895	0.684570
750	-0.708984	0.684570
751	-0.718262	0.742188
752	-0.718750	0.689941
753	-0.717285	0.715332
754	-0.745117	0.741211
755	-0.765625	0.788086
756	-0.758301	0.793457
757	-0.748535	0.772461
758	-0.732910	0.717285
759	-0.722656	0.732910
760	-0.778809	0.802734
761	-0.734863	0.723145
762	-0.763184	0.804688
763	-0.749512	0.776855
764	-0.729980	0.728027
765	-0.777832	0.792969
766	-0.706543	0.677734
767	-0.727051	0.726074
768	-0.772949	0.802246
769	-0.772461	0.807129
770	-0.752930	0.794922
771	-0.734863	0.762207
772	-0.743164	0.771973
773	-0.743652	0.769043
774	-0.758789	0.786621
775	-0.758301	0.755371
776	-0.730469	0.758789
777	-0.704590	0.715820
778	-0.763672	0.819336
779	-0.751953	0.775391
780	-0.732910	0.786133
781	-0.774414	0.813965
782	-0.773926	0.805176
783	-0.726563	0.739258
784	-0.716309	0.715332
785	-0.751465	0.799316
786	-0.748535	0.799316
787	-0.758789	0.801270
788	-0.762695	0.789063
789	-0.739746	0.757324
790	-0.734375	0.744629
791	-0.719238	0.721191
792	-0.732910	0.710449
793	-0.719727	0.652832
794	-0.682129	0.570313
795	-0.715820	0.583008
796	-0.707031	0.686523
797	-0.713867	0.693848
798	-0.724121	0.703613
799	-0.741699	0.719238
800	-0.701172	0.631348
801	-0.711914	0.697266
802	-0.720703	0.703125
803	-0.732422	0.700684
804	-0.744141	0.730957
805	-0.728027	0.728027
806	-0.755859	0.805176
807	-0.744629	0.777344
808	-0.750977	0.797852
809	-0.741699	0.762207
810	-0.767090	0.772949
811	-0.728516	0.712402
812	-0.741211	0.708496
813	-0.708008	0.626465
814	-0.727539	0.678711
815	-0.727051	0.701660
816	-0.738281	0.778320
817	-0.765137	0.817871
818	-0.732910	0.722656
819	-0.748047	0.696289
820	-0.728516	0.661133
821	-0.702637	0.644531
822	-0.711914	0.681641
823	-0.733398	0.737305
824	-0.741211	0.768555
825	-0.721680	0.741211
826	-0.741211	0.755371
827	-0.755371	0.749023
828	-0.732422	0.769531
829	-0.737305	0.777344
830	-0.762207	0.787598
831	-0.737793	0.761230
832	-0.748047	0.759766
833	-0.708984	0.723145
834	-0.722656	0.747559
835	-0.732422	0.753906
836	-0.736328	0.737793
837	-0.735352	0.749512
838	-0.723633	0.708496
839	-0.729492	0.715820
840	-0.727051	0.721191
841	-0.730957	0.698730
842	-0.734375	0.686035
843	-0.725098	0.731445
844	-0.756348	0.749512
845	-0.714355	0.710449
846	-0.722168	0.724121
847	-0.731445	0.709961
848	-0.740234	0.764648
849	-0.748047	0.766602
850	-0.739746	0.762695
851	-0.761719	0.767090
852	-0.722656	0.713379
853	-0.708008	0.686523
854	-0.727539	0.688965
855	-0.745117	0.730957
856	-0.729980	0.751465
857	-0.729980	0.687012
858	-0.763184	0.730957
859	-0.743164	0.720703
860	-0.741699	0.704102
861	-0.741211	0.693359
862	-0.740234	0.670898
863	-0.710449	0.633789
864	-0.713867	0.636230
865	-0.733398	0.686035
866	-0.714844	0.680664
867	-0.707031	0.625977
868	-0.716797	0.681641
869	-0.764648	0.787109
870	-0.741211	0.773926
871	-0.768555	0.784668
872	-0.743652	0.798828
873	-0.742676	0.782227
874	-0.747559	0.802734
875	-0.782227	0.831543
876	-0.752930	0.802734
877	-0.766602	0.794922
878	-0.739746	0.739258
879	-0.744629	0.771484
880	-0.748535	0.781250
881	-0.734863	0.744629
882	-0.762695	0.806152
883	-0.752441	0.789063
884	-0.722656	0.771484
885	-0.745605	0.793945
886	-0.742188	0.768066
887	-0.749512	0.791992
888	-0.767090	0.818359
889	-0.744629	0.813477
890	-0.757813	0.790039
891	-0.730957	0.757324
892	-0.765137	0.819824
893	-0.764160	0.791992
894	-0.766602	0.804688
895	-0.742676	0.779297
896	-0.741211	0.764648
897	-0.718750	0.733398
898	-0.739746	0.789063
899	-0.778320	0.814941
900	-0.742676	0.767578
901	-0.716797	0.743652
902	-0.737305	0.761230
903	-0.750977	0.740723
904	-0.766602	0.764160
905	-0.753418	0.772949
906	-0.770508	0.823242
907	-0.743164	0.765137
908	-0.735352	0.767090
909	-0.773438	0.815918
910	-0.769531	0.788086
911	-0.754395	0.788574
912	-0.743652	0.761230
913	-0.760742	0.800781
914	-0.760742	0.804199
915	-0.729004	0.758789
916	-0.760742	0.793457
917	-0.746094	0.768066
918	-0.749512	0.754395
919	-0.735352	0.750488
920	-0.746094	0.750977
921	-0.760742	0.790039
922	-0.759277	0.782715
923	-0.735840	0.785645
924	-0.765625	0.781738
925	-0.743652	0.770020
926	-0.767578	0.800293
927	-0.753418	0.774414
928	-0.749512	0.764160
929	-0.732910	0.772461
930	-0.761230	0.797852
931	-0.756348	0.775391
932	-0.732422	0.723145
933	-0.761719	0.786133
934	-0.751953	0.769531
935	-0.738281	0.784668
936	-0.742188	0.794922
937	-0.760742	0.803223
938	-0.777832	0.796387
939	-0.768066	0.802246
940	-0.760742	0.815918
941	-0.752441	0.806641
942	-0.728516	0.762207
943	-0.726563	0.721680
944	-0.729492	0.706055
945	-0.718262	0.704102
946	-0.732910	0.749512
947	-0.749512	0.762695
948	-0.690918	0.638672
949	-0.711914	0.628418
950	-0.727051	0.668457
951	-0.730957	0.652344
952	-0.720703	0.658203
953	-0.733398	0.700684
954	-0.712891	0.718262
955	-0.722168	0.687012
956	-0.745605	0.767090
957	-0.697754	0.659180
958	-0.720215	0.720215
959	-0.727051	0.737305
960	-0.766602	0.792969
961	-0.752930	0.787109
962	-0.755859	0.781250
963	-0.752441	0.728027
964	-0.745117	0.772949
965	-0.754395	0.780762
966	-0.742676	0.729004
967	-0.756836	0.790527
968	-0.747070	0.764648
969	-0.731445	0.777832
970	-0.741211	0.721680
971	-0.720703	0.679199
972	-0.758301	0.750488
973	-0.770996	0.789063
974	-0.763184	0.815918
975	-0.766602	0.801758
976	-0.746094	0.769043
977	-0.762695	0.784180
978	-0.748047	0.788086
979	-0.748047	0.784668
980	-0.739258	0.771484
981	-0.749023	0.750000
982	-0.724121	0.769531
983	-0.744629	0.799316
984	-0.754395	0.795898
985	-0.747559	0.791992
986	-0.761719	0.796387
987	-0.773926	0.819824
988	-0.748535	0.754395
989	-0.739746	0.749023
990	-0.751953	0.792969
991	-0.754883	0.807617
992	-0.727539	0.767090
993	-0.746094	0.769043
994	-0.754883	0.773438
995	-0.723145	0.738770
996	-0.731445	0.734375
997	-0.765625	0.736328
998	-0.715820	0.617676
999	-0.670898	0.566406
