0	-0.853516	0.895508
1	-0.859863	0.906738
2	-0.879395	0.919434
3	-0.846191	0.869141
4	-0.860352	0.895020
5	-0.836914	0.863770
6	-0.839844	0.862793
7	-0.846680	0.887207
8	-0.873047	0.911133
9	-0.875977	0.916016
10	-0.843262	0.883789
11	-0.862305	0.899414
12	-0.848145	0.886719
13	-0.856934	0.894531
14	-0.858398	0.889648
15	-0.872559	0.909668
16	-0.861816	0.897949
17	-0.841309	0.872070
18	-0.849121	0.885254
19	-0.857422	0.900879
20	-0.859375	0.913574
21	-0.859863	0.880859
22	-0.853516	0.883789
23	-0.866211	0.905273
24	-0.864746	0.913086
25	-0.849609	0.899414
26	-0.864746	0.901367
27	-0.837402	0.891113
28	-0.870605	0.906250
29	-0.844238	0.889160
30	-0.839844	0.875977
31	-0.844727	0.887695
32	-0.842773	0.889648
33	-0.889648	0.925781
34	-0.844727	0.860840
35	-0.858887	0.873535
36	-0.853027	0.893066
37	-0.848633	0.889648
38	-0.848145	0.884277
39	-0.867188	0.916016
40	-0.880371	0.914063
41	-0.854980	0.884277
42	-0.849609	0.882324
43	-0.872559	0.914551
44	-0.861328	0.914063
45	-0.846191	0.882324
46	-0.875488	0.924316
47	-0.854492	0.895508
48	-0.861328	0.911133
49	-0.868164	0.905762
50	-0.825684	0.826172
51	-0.846191	0.857422
52	-0.857910	0.879395
53	-0.858887	0.899902
54	-0.871094	0.909668
55	-0.862305	0.911621
56	-0.888672	0.932129
57	-0.874512	0.917969
58	-0.859375	0.899414
59	-0.868652	0.916016
60	-0.854004	0.905762
61	-0.828125	0.861816
62	-0.848145	0.885254
63	-0.870117	0.915527
64	-0.870605	0.907227
65	-0.827637	0.875000
66	-0.849121	0.895508
67	-0.846191	0.886230
68	-0.864746	0.880371
69	-0.864746	0.887207
70	-0.859863	0.905762
71	-0.850098	0.892578
72	-0.862305	0.885742
73	-0.867188	0.911621
74	-0.867188	0.908203
75	-0.874023	0.910645
76	-0.846680	0.876953
77	-0.868164	0.906250
78	-0.863281	0.905762
79	-0.839355	0.872070
80	-0.845703	0.889160
81	-0.846191	0.888672
82	-0.849609	0.882813
83	-0.847168	0.896484
84	-0.866699	0.905762
85	-0.873047	0.916016
86	-0.852539	0.904297
87	-0.858887	0.907227
88	-0.858887	0.885742
89	-0.859863	0.898926
90	-0.867676	0.903320
91	-0.861328	0.881836
92	-0.875488	0.909180
93	-0.864746	0.914063
94	-0.856445	0.897949
95	-0.870605	0.917480
96	-0.875000	0.915527
97	-0.862793	0.901367
98	-0.860840	0.868164
99	-0.847656	0.878906
100	-0.836914	0.889648
101	-0.870605	0.916016
102	-0.861328	0.892578
103	-0.859863	0.885254
104	-0.851563	0.900391
105	-0.849121	0.882813
106	-0.848633	0.880859
107	-0.834961	0.846680
108	-0.855957	0.871582
109	-0.833008	0.850586
110	-0.843750	0.857910
111	-0.841309	0.835938
112	-0.833496	0.857422
113	-0.847656	0.872559
114	-0.843750	0.872559
115	-0.865234	0.888184
116	-0.881836	0.924805
117	-0.857910	0.879395
118	-0.829590	0.860352
119	-0.850098	0.882813
120	-0.849121	0.884277
121	-0.836914	0.872559
122	-0.843262	0.893066
123	-0.846191	0.883789
124	-0.875488	0.916992
125	-0.848145	0.888672
126	-0.868164	0.915527
127	-0.852539	0.877930
128	-0.831055	0.852051
129	-0.856445	0.872559
130	-0.859375	0.866211
131	-0.851074	0.876953
132	-0.863281	0.877441
133	-0.871094	0.898438
134	-0.868164	0.909180
135	-0.843262	0.877441
136	-0.886230	0.917480
137	-0.863281	0.898438
138	-0.849121	0.902344
139	-0.860840	0.909668
140	-0.852051	0.876953
141	-0.870117	0.880859
142	-0.853027	0.867676
143	-0.833008	0.865234
144	-0.848633	0.893066
145	-0.847168	0.892578
146	-0.849609	0.895996
147	-0.842285	0.881348
148	-0.856934	0.892090
149	-0.849121	0.903320
150	-0.875977	0.907227
151	-0.872070	0.899414
152	-0.865234	0.901855
153	-0.885254	0.920410
154	-0.867188	0.917969
155	-0.839355	0.875000
156	-0.850098	0.884277
157	-0.867676	0.906738
158	-0.871094	0.907227
159	-0.853516	0.902344
160	-0.853516	0.897461
161	-0.875000	0.903320
162	-0.864258	0.908203
163	-0.826172	0.860352
164	-0.874512	0.897461
165	-0.872070	0.916016
166	-0.866699	0.911621
167	-0.872559	0.915527
168	-0.876465	0.920898
169	-0.865234	0.910156
170	-0.833984	0.861816
171	-0.852051	0.872070
172	-0.852539	0.889160
173	-0.873047	0.917969
174	-0.862305	0.895508
175	-0.861816	0.899414
176	-0.848633	0.892090
177	-0.842285	0.883301
178	-0.858398	0.887695
179	-0.854004	0.875488
180	-0.839355	0.887695
181	-0.872070	0.911133
182	-0.849121	0.880859
183	-0.853516	0.893066
184	-0.862305	0.899902
185	-0.852051	0.880371
186	-0.860352	0.905762
187	-0.834473	0.878418
188	-0.850586	0.899902
189	-0.879395	0.901855
190	-0.836914	0.870117
191	-0.850098	0.892578
192	-0.862305	0.915039
193	-0.872559	0.901855
194	-0.844727	0.879395
195	-0.867676	0.903320
196	-0.877930	0.905273
197	-0.864746	0.898438
198	-0.855469	0.899902
199	-0.870605	0.901855
200	-0.854492	0.899902
201	-0.870605	0.919434
202	-0.860352	0.904785
203	-0.836914	0.875977
204	-0.867676	0.891602
205	-0.846191	0.886230
206	-0.855469	0.890625
207	-0.886230	0.927734
208	-0.847656	0.882324
209	-0.857910	0.897461
210	-0.830078	0.853027
211	-0.858887	0.886230
212	-0.852051	0.896484
213	-0.870605	0.909668
214	-0.883789	0.913086
215	-0.852051	0.895508
216	-0.878906	0.923340
217	-0.866699	0.903809
218	-0.859375	0.904297
219	-0.839355	0.870605
220	-0.872559	0.896484
221	-0.874023	0.915039
222	-0.843262	0.868652
223	-0.860840	0.899414
224	-0.879883	0.924316
225	-0.856934	0.905273
226	-0.866699	0.893555
227	-0.864746	0.866699
228	-0.855957	0.884277
229	-0.878906	0.920898
230	-0.868652	0.901855
231	-0.846680	0.885742
232	-0.857422	0.889648
233	-0.878418	0.915039
234	-0.851563	0.886719
235	-0.847168	0.868164
236	-0.851074	0.889160
237	-0.854004	0.881836
238	-0.887207	0.929199
239	-0.838867	0.866211
240	-0.848145	0.881348
241	-0.853516	0.893555
242	-0.858887	0.904785
243	-0.846191	0.883789
244	-0.895996	0.935547
245	-0.876953	0.915039
246	-0.845703	0.868164
247	-0.844238	0.887695
248	-0.890137	0.932129
249	-0.894043	0.935059
250	-0.876953	0.917969
251	-0.880859	0.926758
252	-0.861816	0.900879
253	-0.851563	0.897461
254	-0.854492	0.875977
255	-0.842285	0.850586
256	-0.836426	0.850098
257	-0.848633	0.876465
258	-0.878906	0.917969
259	-0.857422	0.905273
260	-0.865723	0.906250
261	-0.878418	0.914551
262	-0.859375	0.907227
263	-0.853027	0.900879
264	-0.865234	0.913574
265	-0.853027	0.901367
266	-0.861816	0.894531
267	-0.883789	0.920410
268	-0.868652	0.902344
269	-0.856445	0.887695
270	-0.832031	0.841309
271	-0.848633	0.886230
272	-0.839355	0.880859
273	-0.872070	0.900879
274	-0.850098	0.876953
275	-0.862305	0.910645
276	-0.867188	0.904785
277	-0.855469	0.899902
278	-0.892578	0.932129
279	-0.865723	0.901855
280	-0.872559	0.910156
281	-0.857422	0.897461
282	-0.848145	0.897949
283	-0.883789	0.916992
284	-0.856934	0.870605
285	-0.851563	0.898438
286	-0.855957	0.893066
287	-0.845215	0.875488
288	-0.855957	0.906250
289	-0.881348	0.902832
290	-0.860352	0.905762
291	-0.860840	0.905762
292	-0.855469	0.870117
293	-0.868164	0.877441
294	-0.864258	0.913574
295	-0.855469	0.896973
296	-0.865234	0.882813
297	-0.880371	0.923340
298	-0.865234	0.901855
299	-0.845215	0.894043
300	-0.863770	0.909180
301	-0.884766	0.909668
302	-0.842285	0.889648
303	-0.851563	0.886719
304	-0.868652	0.914551
305	-0.862793	0.909668
306	-0.879395	0.921387
307	-0.857910	0.894531
308	-0.857422	0.863770
309	-0.851074	0.882324
310	-0.866211	0.909668
311	-0.867188	0.897949
312	-0.839355	0.837891
313	-0.872070	0.881836
314	-0.853516	0.865723
315	-0.843750	0.863281
316	-0.848633	0.851563
317	-0.853516	0.873535
318	-0.881348	0.888672
319	-0.861816	0.901367
320	-0.864746	0.892090
321	-0.888672	0.929688
322	-0.844238	0.889648
323	-0.843262	0.872559
324	-0.851563	0.876953
325	-0.844238	0.878906
326	-0.853027	0.878418
327	-0.831543	0.881348
328	-0.840332	0.874512
329	-0.868164	0.908691
330	-0.847168	0.874512
331	-0.854004	0.888184
332	-0.873535	0.896484
333	-0.864746	0.899414
334	-0.825195	0.836426
335	-0.873535	0.882813
336	-0.868164	0.872070
337	-0.876953	0.916504
338	-0.876465	0.920898
339	-0.868652	0.909668
340	-0.854492	0.896973
341	-0.878906	0.912598
342	-0.863281	0.909180
343	-0.853516	0.909180
344	-0.877441	0.923340
345	-0.862305	0.895996
346	-0.861816	0.873047
347	-0.821289	0.824219
348	-0.854980	0.870117
349	-0.863281	0.914063
350	-0.840820	0.895020
351	-0.872070	0.910156
352	-0.860352	0.890625
353	-0.880859	0.915039
354	-0.868164	0.912598
355	-0.873535	0.913086
356	-0.854980	0.868652
357	-0.841309	0.880371
358	-0.884766	0.912598
359	-0.868164	0.921387
360	-0.865234	0.910156
361	-0.873047	0.913574
362	-0.846680	0.882813
363	-0.875488	0.911621
364	-0.845215	0.875000
365	-0.850098	0.869629
366	-0.876465	0.895996
367	-0.855957	0.900391
368	-0.844727	0.857910
369	-0.837402	0.872070
370	-0.863770	0.899902
371	-0.858887	0.898926
372	-0.866699	0.910645
373	-0.867676	0.895020
374	-0.848145	0.874023
375	-0.853516	0.881836
376	-0.860840	0.878906
377	-0.856445	0.902344
378	-0.858398	0.909668
379	-0.853516	0.892090
380	-0.864258	0.911133
381	-0.847656	0.872559
382	-0.845703	0.886719
383	-0.868164	0.900879
384	-0.852539	0.862793
385	-0.873047	0.918945
386	-0.875977	0.919434
387	-0.862793	0.894043
388	-0.849609	0.895508
389	-0.872559	0.912109
390	-0.832031	0.856934
391	-0.845215	0.885742
392	-0.843262	0.884277
393	-0.867188	0.899902
394	-0.871582	0.908691
395	-0.839844	0.880371
396	-0.856445	0.896973
397	-0.846191	0.902344
398	-0.846680	0.886230
399	-0.858398	0.899414
400	-0.872070	0.907715
401	-0.857910	0.905762
402	-0.867676	0.895020
403	-0.841309	0.869141
404	-0.847656	0.885742
405	-0.871094	0.900879
406	-0.849609	0.897949
407	-0.857422	0.887207
408	-0.850586	0.860352
409	-0.851563	0.883789
410	-0.858398	0.900879
411	-0.854004	0.893555
412	-0.874023	0.915039
413	-0.848633	0.887695
414	-0.858887	0.903809
415	-0.839355	0.868164
416	-0.867676	0.906738
417	-0.882324	0.929688
418	-0.866211	0.910156
419	-0.845703	0.880371
420	-0.869629	0.904785
421	-0.869629	0.910645
422	-0.873047	0.905762
423	-0.834961	0.888184
424	-0.863770	0.886719
425	-0.856934	0.897461
426	-0.844727	0.887207
427	-0.874512	0.901855
428	-0.853027	0.900879
429	-0.866699	0.900879
430	-0.858398	0.832031
431	-0.858887	0.853516
432	-0.852539	0.868652
433	-0.858398	0.908691
434	-0.869141	0.903809
435	-0.862305	0.907715
436	-0.853516	0.903809
437	-0.854980	0.886230
438	-0.849609	0.892090
439	-0.835449	0.880859
440	-0.839844	0.858398
441	-0.869141	0.914551
442	-0.855469	0.899902
443	-0.866211	0.913086
444	-0.839355	0.865234
445	-0.842285	0.882813
446	-0.861816	0.895020
447	-0.860840	0.909668
448	-0.854980	0.885254
449	-0.877441	0.921875
450	-0.895020	0.926270
451	-0.826172	0.845703
452	-0.842773	0.857910
453	-0.868652	0.911621
454	-0.875488	0.920898
455	-0.876953	0.921387
456	-0.860352	0.904785
457	-0.871094	0.912598
458	-0.850098	0.897949
459	-0.836914	0.863770
460	-0.841797	0.855469
461	-0.834961	0.857910
462	-0.874023	0.895996
463	-0.841797	0.882813
464	-0.852051	0.872559
465	-0.860840	0.892090
466	-0.886719	0.915527
467	-0.874512	0.918945
468	-0.844727	0.890625
469	-0.873047	0.917480
470	-0.837402	0.887207
471	-0.853027	0.894043
472	-0.867676	0.918945
473	-0.864746	0.899902
474	-0.863770	0.906250
475	-0.849609	0.868164
476	-0.863281	0.892578
477	-0.849121	0.895508
478	-0.838867	0.878906
479	-0.832031	0.875000
480	-0.858887	0.907715
481	-0.883789	0.921387
482	-0.882324	0.926270
483	-0.875488	0.917969
484	-0.870117	0.914063
485	-0.871094	0.920410
486	-0.851563	0.886230
487	-0.831543	0.880371
488	-0.850586	0.888184
489	-0.855957	0.883789
490	-0.834473	0.888184
491	-0.861816	0.891602
492	-0.825684	0.864746
493	-0.863281	0.916504
494	-0.856934	0.881348
495	-0.853027	0.891113
496	-0.861816	0.909180
497	-0.845703	0.882324
498	-0.848145	0.878418
499	-0.867676	0.911621
500	-0.849121	0.888184
501	-0.845215	0.875000
502	-0.859863	0.864746
503	-0.859863	0.886230
504	-0.865234	0.910156
505	-0.852539	0.897949
506	-0.855957	0.876465
507	-0.836426	0.879395
508	-0.882813	0.914063
509	-0.886230	0.926758
510	-0.858398	0.899414
511	-0.884277	0.919922
512	-0.857422	0.901855
513	-0.846680	0.890137
514	-0.842773	0.884277
515	-0.863281	0.900879
516	-0.882813	0.920898
517	-0.850586	0.845215
518	-0.862305	0.880859
519	-0.862793	0.859863
520	-0.840820	0.856934
521	-0.828125	0.835449
522	-0.845215	0.867188
523	-0.876953	0.897949
524	-0.867188	0.889160
525	-0.853027	0.873047
526	-0.875000	0.916992
527	-0.826660	0.868652
528	-0.848145	0.875000
529	-0.872559	0.895996
530	-0.845703	0.883301
531	-0.837402	0.868164
532	-0.833008	0.866211
533	-0.847656	0.880371
534	-0.854004	0.903320
535	-0.839355	0.875977
536	-0.874023	0.917480
537	-0.845703	0.861816
538	-0.852051	0.877441
539	-0.843262	0.879395
540	-0.832031	0.858398
541	-0.854980	0.880371
542	-0.858398	0.901367
543	-0.903320	0.937500
544	-0.868164	0.906250
545	-0.859375	0.893066
546	-0.864746	0.909668
547	-0.857422	0.901855
548	-0.854004	0.902832
549	-0.856934	0.901855
550	-0.860840	0.891113
551	-0.867676	0.901855
552	-0.816895	0.830078
553	-0.833496	0.864746
554	-0.858887	0.906250
555	-0.834473	0.879395
556	-0.856934	0.895508
557	-0.858887	0.895020
558	-0.854492	0.895996
559	-0.851074	0.896973
560	-0.887207	0.925781
561	-0.841797	0.883789
562	-0.843262	0.889648
563	-0.878906	0.907715
564	-0.860840	0.904785
565	-0.870605	0.918945
566	-0.849121	0.892090
567	-0.826172	0.842285
568	-0.870605	0.906738
569	-0.849121	0.875977
570	-0.862305	0.894043
571	-0.879883	0.902832
572	-0.864258	0.900391
573	-0.856934	0.878418
574	-0.855469	0.900879
575	-0.860840	0.895020
576	-0.854980	0.890137
577	-0.853027	0.895996
578	-0.859375	0.888672
579	-0.844238	0.886719
580	-0.839844	0.854980
581	-0.858398	0.888672
582	-0.857910	0.905762
583	-0.869629	0.915039
584	-0.847168	0.879395
585	-0.857422	0.900391
586	-0.834473	0.854004
587	-0.871582	0.911621
588	-0.875977	0.869141
589	-0.838867	0.882813
590	-0.859375	0.896484
591	-0.873047	0.914063
592	-0.858887	0.895020
593	-0.859375	0.908691
594	-0.860352	0.905273
595	-0.858887	0.891113
596	-0.848633	0.880859
597	-0.839844	0.880859
598	-0.879395	0.908203
599	-0.872559	0.913086
600	-0.857910	0.900391
601	-0.857910	0.893066
602	-0.854492	0.905273
603	-0.860352	0.903320
604	-0.852539	0.899902
605	-0.870117	0.904785
606	-0.860352	0.894043
607	-0.862793	0.885742
608	-0.853027	0.890625
609	-0.847168	0.888672
610	-0.865723	0.911621
611	-0.854004	0.900391
612	-0.870605	0.903320
613	-0.872070	0.891113
614	-0.852051	0.882324
615	-0.864746	0.901367
616	-0.859375	0.904297
617	-0.862305	0.911621
618	-0.863770	0.911133
619	-0.860840	0.896973
620	-0.842285	0.873535
621	-0.857422	0.889648
622	-0.873047	0.919922
623	-0.867188	0.909668
624	-0.837891	0.871094
625	-0.870117	0.912109
626	-0.858398	0.906738
627	-0.852051	0.897461
628	-0.856445	0.901367
629	-0.860840	0.902832
630	-0.886230	0.926758
631	-0.853516	0.874512
632	-0.845703	0.877441
633	-0.873047	0.907715
634	-0.864746	0.911133
635	-0.844238	0.833496
636	-0.859375	0.883789
637	-0.833984	0.870117
638	-0.876953	0.915527
639	-0.857910	0.893555
640	-0.854980	0.894531
641	-0.859375	0.905273
642	-0.867676	0.903809
643	-0.862793	0.886719
644	-0.849609	0.885254
645	-0.861816	0.894531
646	-0.868652	0.901367
647	-0.866211	0.902832
648	-0.875000	0.920410
649	-0.858398	0.894043
650	-0.855957	0.903320
651	-0.867188	0.897949
652	-0.846680	0.898926
653	-0.866699	0.907715
654	-0.877441	0.916504
655	-0.869629	0.900879
656	-0.821289	0.856934
657	-0.864258	0.893066
658	-0.858887	0.910156
659	-0.854004	0.890137
660	-0.869629	0.916504
661	-0.854492	0.889160
662	-0.854004	0.893555
663	-0.863281	0.911133
664	-0.835449	0.844238
665	-0.844238	0.844238
666	-0.857910	0.867676
667	-0.878906	0.891602
668	-0.875977	0.909180
669	-0.835938	0.860352
670	-0.863770	0.904785
671	-0.883789	0.916504
672	-0.889160	0.928223
673	-0.851074	0.897949
674	-0.864258	0.909180
675	-0.850586	0.890137
676	-0.839355	0.870117
677	-0.845215	0.888672
678	-0.875000	0.909180
679	-0.879395	0.919922
680	-0.849121	0.894531
681	-0.866211	0.898438
682	-0.879883	0.908691
683	-0.844727	0.883301
684	-0.859863	0.896484
685	-0.879395	0.917480
686	-0.859863	0.908203
687	-0.883789	0.923828
688	-0.859863	0.885742
689	-0.848145	0.868164
690	-0.848633	0.889648
691	-0.852051	0.894043
692	-0.851563	0.900879
693	-0.859863	0.905762
694	-0.841309	0.881836
695	-0.857910	0.879883
696	-0.850098	0.875488
697	-0.823730	0.868164
698	-0.863281	0.911621
699	-0.853027	0.872559
700	-0.861816	0.906250
701	-0.866699	0.903320
702	-0.855469	0.882813
703	-0.841797	0.876953
704	-0.846191	0.879883
705	-0.853516	0.893066
706	-0.854980	0.893555
707	-0.872559	0.916016
708	-0.873535	0.914063
709	-0.858398	0.913086
710	-0.869141	0.895508
711	-0.862793	0.890137
712	-0.870605	0.904785
713	-0.857910	0.893066
714	-0.854492	0.896484
715	-0.880371	0.921387
716	-0.877441	0.919434
717	-0.878418	0.911621
718	-0.843750	0.884766
719	-0.864746	0.899902
720	-0.873535	0.910156
721	-0.866211	0.907715
722	-0.846680	0.816406
723	-0.882324	0.883301
724	-0.850586	0.844727
725	-0.835449	0.848633
726	-0.834961	0.832520
727	-0.844727	0.854492
728	-0.849609	0.870605
729	-0.859375	0.902344
730	-0.844727	0.878418
731	-0.876465	0.912598
732	-0.832031	0.877930
733	-0.834961	0.864746
734	-0.845215	0.873535
735	-0.840820	0.877930
736	-0.860840	0.895020
737	-0.838867	0.863281
738	-0.857422	0.905762
739	-0.856445	0.898926
740	-0.851074	0.892090
741	-0.872559	0.914551
742	-0.835938	0.850098
743	-0.854492	0.870605
744	-0.852051	0.877930
745	-0.848145	0.881836
746	-0.849121	0.887695
747	-0.874023	0.917969
748	-0.888672	0.924316
749	-0.853027	0.898438
750	-0.866699	0.917480
751	-0.875000	0.906738
752	-0.872070	0.907715
753	-0.862305	0.915527
754	-0.864746	0.912109
755	-0.849121	0.878906
756	-0.838379	0.871582
757	-0.849609	0.865723
758	-0.856445	0.895020
759	-0.849609	0.898438
760	-0.830566	0.868164
761	-0.840332	0.873047
762	-0.867676	0.891602
763	-0.854980	0.893066
764	-0.856934	0.891602
765	-0.875000	0.902344
766	-0.833496	0.877930
767	-0.862793	0.911621
768	-0.850098	0.884766
769	-0.860352	0.895996
770	-0.861816	0.907715
771	-0.877441	0.905273
772	-0.839355	0.876953
773	-0.850098	0.895996
774	-0.848145	0.888672
775	-0.881348	0.913086
776	-0.885742	0.914551
777	-0.836426	0.863281
778	-0.850586	0.873047
779	-0.864746	0.913574
780	-0.850098	0.885742
781	-0.847656	0.876953
782	-0.864746	0.896484
783	-0.855469	0.887695
784	-0.839844	0.880371
785	-0.854492	0.867188
786	-0.865723	0.896484
787	-0.878906	0.919922
788	-0.869629	0.915039
789	-0.847656	0.877930
790	-0.854492	0.895020
791	-0.829590	0.853027
792	-0.856445	0.894043
793	-0.856445	0.878906
794	-0.857910	0.900391
795	-0.865234	0.898926
796	-0.880859	0.927734
797	-0.849121	0.884277
798	-0.853027	0.891602
799	-0.848145	0.884766
800	-0.869629	0.900391
801	-0.873047	0.907715
802	-0.840820	0.880859
803	-0.847656	0.872559
804	-0.880859	0.910645
805	-0.848633	0.888184
806	-0.857422	0.901855
807	-0.851074	0.905762
808	-0.858887	0.901855
809	-0.868164	0.903809
810	-0.851074	0.895020
811	-0.873047	0.887207
812	-0.853027	0.889648
813	-0.875488	0.916992
814	-0.866699	0.901367
815	-0.858398	0.908203
816	-0.864258	0.903320
817	-0.854980	0.896484
818	-0.860840	0.885742
819	-0.856445	0.891113
820	-0.854980	0.903320
821	-0.867676	0.910645
822	-0.877441	0.910156
823	-0.870605	0.908691
824	-0.863281	0.901367
825	-0.820313	0.842773
826	-0.852539	0.865723
827	-0.864258	0.903320
828	-0.862305	0.911133
829	-0.844727	0.875977
830	-0.875000	0.922363
831	-0.859863	0.901855
832	-0.863281	0.903809
833	-0.859863	0.891602
834	-0.880859	0.913086
835	-0.860352	0.913086
836	-0.843262	0.864258
837	-0.829590	0.867676
838	-0.876953	0.915527
839	-0.886230	0.926758
840	-0.858887	0.848633
841	-0.860840	0.879883
842	-0.860352	0.891602
843	-0.856934	0.905762
844	-0.867676	0.905273
845	-0.868652	0.913086
846	-0.868164	0.912598
847	-0.858887	0.893555
848	-0.849609	0.882813
849	-0.859863	0.901367
850	-0.851074	0.891602
851	-0.873047	0.904785
852	-0.875488	0.919922
853	-0.872070	0.917480
854	-0.852051	0.890625
855	-0.841309	0.885254
856	-0.871582	0.900879
857	-0.861328	0.905762
858	-0.867676	0.915527
859	-0.874023	0.907715
860	-0.853516	0.876465
861	-0.844238	0.883301
862	-0.861816	0.912109
863	-0.874512	0.917969
864	-0.848633	0.871094
865	-0.869141	0.914063
866	-0.867188	0.905273
867	-0.850586	0.900391
868	-0.879883	0.920410
869	-0.838379	0.849609
870	-0.847656	0.850586
871	-0.835449	0.861816
872	-0.839844	0.886230
873	-0.871094	0.910645
874	-0.864746	0.906250
875	-0.874023	0.918457
876	-0.864258	0.909668
877	-0.871582	0.913574
878	-0.867676	0.909180
879	-0.855469	0.898438
880	-0.845703	0.884277
881	-0.853516	0.891602
882	-0.870117	0.906738
883	-0.857422	0.892578
884	-0.873535	0.913086
885	-0.840820	0.888184
886	-0.851563	0.890137
887	-0.864746	0.902832
888	-0.854980	0.898438
889	-0.848145	0.898438
890	-0.861328	0.898438
891	-0.871094	0.907227
892	-0.879395	0.924316
893	-0.873047	0.907715
894	-0.850098	0.888672
895	-0.873535	0.915527
896	-0.877441	0.915527
897	-0.861816	0.902344
898	-0.873047	0.879883
899	-0.846680	0.891602
900	-0.846680	0.881836
901	-0.856934	0.879395
902	-0.828125	0.873535
903	-0.883301	0.923340
904	-0.845703	0.884766
905	-0.875000	0.921387
906	-0.867676	0.906738
907	-0.848633	0.884766
908	-0.865723	0.897949
909	-0.864746	0.899902
910	-0.863281	0.891602
911	-0.878906	0.914063
912	-0.860352	0.909668
913	-0.847656	0.898438
914	-0.873047	0.915527
915	-0.876953	0.910645
916	-0.883789	0.910645
917	-0.871582	0.898438
918	-0.863281	0.895996
919	-0.840820	0.887207
920	-0.874023	0.908203
921	-0.842773	0.880371
922	-0.875000	0.903809
923	-0.863770	0.907715
924	-0.823730	0.862793
925	-0.865234	0.911133
926	-0.834961	0.849121
927	-0.867676	0.875488
928	-0.862305	0.876465
929	-0.854980	0.854492
930	-0.844238	0.857910
931	-0.836426	0.847168
932	-0.840820	0.854004
933	-0.863770	0.878418
934	-0.856934	0.895508
935	-0.866211	0.902344
936	-0.864258	0.884277
937	-0.816406	0.851074
938	-0.857910	0.889648
939	-0.821289	0.859375
940	-0.842773	0.864258
941	-0.856445	0.893555
942	-0.859375	0.887695
943	-0.871094	0.916504
944	-0.861328	0.910645
945	-0.853516	0.895020
946	-0.843262	0.879883
947	-0.812988	0.805664
948	-0.863281	0.875000
949	-0.839844	0.860352
950	-0.858887	0.893066
951	-0.861816	0.900391
952	-0.872070	0.921387
953	-0.881836	0.916016
954	-0.840820	0.880371
955	-0.870605	0.904297
956	-0.861328	0.906250
957	-0.855469	0.899414
958	-0.856445	0.900391
959	-0.847168	0.871094
960	-0.849609	0.861328
961	-0.846680	0.869141
962	-0.833008	0.856934
963	-0.853027	0.889648
964	-0.846191	0.894043
965	-0.830078	0.876465
966	-0.854004	0.882813
967	-0.849609	0.871582
968	-0.845215	0.888672
969	-0.863770	0.893066
970	-0.874023	0.902832
971	-0.837402	0.872559
972	-0.848145	0.901855
973	-0.852051	0.899414
974	-0.841797	0.876953
975	-0.856934	0.901367
976	-0.860840	0.901855
977	-0.863281	0.895020
978	-0.858887	0.898926
979	-0.856445	0.891602
980	-0.852539	0.897949
981	-0.860352	0.895020
982	-0.838867	0.851563
983	-0.863770	0.888184
984	-0.860352	0.903809
985	-0.851074	0.879883
986	-0.854492	0.867188
987	-0.866211	0.909668
988	-0.855469	0.898926
989	-0.835938	0.877930
990	-0.860352	0.896484
991	-0.852539	0.896973
992	-0.861328	0.900391
993	-0.854492	0.880371
994	-0.871094	0.918945
995	-0.855469	0.896484
996	-0.837891	0.878906
997	-0.864258	0.897461
998	-0.855957	0.874023
999	-0.846191	0.897461
