0	-0.992188	0.996094
1	-0.996094	0.998047
2	-0.996094	0.998047
3	-0.996094	0.998047
4	-0.996094	0.998047
5	-0.996094	0.998047
6	-0.996094	0.998047
7	-0.980469	0.990234
8	-0.996094	0.998047
9	-0.992188	0.996094
10	-0.986328	0.992188
11	-0.992188	0.996094
12	-0.992188	0.996094
13	-0.988281	0.994141
14	-1.000000	1.000000
15	-0.996094	0.998047
16	-0.992188	0.996094
17	-0.992188	0.996094
18	-0.972656	0.984375
19	-0.992188	0.996094
20	-0.992188	0.996094
21	-0.982422	0.990234
22	-0.992188	0.996094
23	-0.996094	0.998047
24	-0.992188	0.996094
25	-0.992188	0.996094
26	-0.988281	0.994141
27	-0.992188	0.996094
28	-1.000000	1.000000
29	-0.996094	0.998047
30	-0.988281	0.994141
31	-0.996094	0.998047
32	-0.990234	0.994141
33	-0.994141	0.996094
34	-0.980469	0.990234
35	-1.000000	1.000000
36	-0.992188	0.996094
37	-1.000000	1.000000
38	-0.986328	0.992188
39	-0.986328	0.992188
40	-0.992188	0.996094
41	-0.996094	0.998047
42	-0.996094	0.998047
43	-0.992188	0.996094
44	-1.000000	1.000000
45	-0.996094	0.998047
46	-1.000000	1.000000
47	-1.000000	1.000000
48	-0.988281	0.992188
49	-0.992188	0.996094
50	-0.992188	0.996094
51	-0.992188	0.996094
52	-0.992188	0.996094
53	-0.988281	0.994141
54	-0.992188	0.996094
55	-1.000000	1.000000
56	-1.000000	1.000000
57	-0.992188	0.996094
58	-1.000000	1.000000
59	-0.988281	0.994141
60	-0.996094	0.998047
61	-0.984375	0.990234
62	-1.000000	1.000000
63	-0.992188	0.996094
64	-1.000000	1.000000
65	-0.992188	0.996094
66	-0.996094	0.998047
67	-0.996094	0.998047
68	-0.980469	0.988281
69	-0.992188	0.996094
70	-0.978516	0.988281
71	-0.982422	0.990234
72	-0.992188	0.996094
73	-0.996094	0.998047
74	-1.000000	1.000000
75	-0.988281	0.994141
76	-0.996094	0.998047
77	-0.996094	0.998047
78	-0.992188	0.996094
79	-0.992188	0.996094
80	-0.976563	0.988281
81	-0.996094	0.998047
82	-1.000000	1.000000
83	-1.000000	1.000000
84	-1.000000	1.000000
85	-0.980469	0.990234
86	-0.996094	0.998047
87	-0.992188	0.996094
88	-1.000000	1.000000
89	-0.982422	0.990234
90	-0.988281	0.994141
91	-0.988281	0.994141
92	-0.984375	0.990234
93	-1.000000	1.000000
94	-0.996094	0.998047
95	-0.996094	0.998047
96	-0.992188	0.996094
97	-0.984375	0.992188
98	-0.988281	0.992188
99	-0.992188	0.996094
100	-0.992188	0.996094
101	-0.992188	0.996094
102	-0.992188	0.996094
103	-0.982422	0.990234
104	-0.988281	0.992188
105	-0.988281	0.994141
106	-0.996094	0.998047
107	-0.992188	0.996094
108	-0.992188	0.996094
109	-0.992188	0.996094
110	-0.992188	0.996094
111	-1.000000	1.000000
112	-1.000000	1.000000
113	-0.992188	0.996094
114	-0.996094	0.998047
115	-0.996094	0.998047
116	-0.988281	0.994141
117	-0.996094	0.998047
118	-0.984375	0.992188
119	-0.988281	0.994141
120	-0.986328	0.992188
121	-0.996094	0.998047
122	-0.984375	0.992188
123	-0.996094	0.998047
124	-0.988281	0.994141
125	-0.992188	0.996094
126	-1.000000	1.000000
127	-0.996094	0.998047
128	-0.996094	0.998047
129	-0.988281	0.994141
130	-0.988281	0.994141
131	-1.000000	1.000000
132	-1.000000	1.000000
133	-0.988281	0.994141
134	-0.986328	0.992188
135	-0.990234	0.994141
136	-0.996094	0.998047
137	-0.992188	0.996094
138	-1.000000	1.000000
139	-1.000000	1.000000
140	-1.000000	1.000000
141	-0.984375	0.992188
142	-0.988281	0.994141
143	-1.000000	1.000000
144	-0.984375	0.992188
145	-1.000000	1.000000
146	-0.992188	0.996094
147	-0.992188	0.996094
148	-0.984375	0.992188
149	-0.996094	0.998047
150	-0.996094	0.998047
151	-0.996094	0.998047
152	-0.996094	0.998047
153	-1.000000	1.000000
154	-0.986328	0.992188
155	-0.990234	0.994141
156	-0.994141	0.996094
157	-0.988281	0.994141
158	-0.996094	0.998047
159	-0.992188	0.996094
160	-0.990234	0.994141
161	-0.988281	0.994141
162	-0.980469	0.990234
163	-0.986328	0.992188
164	-0.992188	0.996094
165	-0.988281	0.994141
166	-0.996094	0.998047
167	-0.996094	0.998047
168	-0.994141	0.996094
169	-0.996094	0.998047
170	-0.996094	0.998047
171	-1.000000	1.000000
172	-0.996094	0.998047
173	-0.986328	0.992188
174	-0.992188	0.996094
175	-0.996094	0.998047
176	-1.000000	1.000000
177	-0.996094	0.998047
178	-0.992188	0.996094
179	-0.980469	0.990234
180	-0.996094	0.998047
181	-1.000000	1.000000
182	-0.988281	0.994141
183	-0.994141	0.996094
184	-1.000000	1.000000
185	-0.992188	0.996094
186	-0.984375	0.992188
187	-1.000000	1.000000
188	-1.000000	1.000000
189	-0.992188	0.996094
190	-0.988281	0.994141
191	-0.976563	0.988281
192	-0.996094	0.998047
193	-0.988281	0.994141
194	-0.996094	0.998047
195	-0.996094	0.998047
196	-0.996094	0.998047
197	-0.984375	0.992188
198	-0.996094	0.998047
199	-0.996094	0.998047
200	-0.996094	0.998047
201	-0.992188	0.996094
202	-0.992188	0.996094
203	-0.992188	0.996094
204	-0.996094	0.998047
205	-0.992188	0.996094
206	-1.000000	1.000000
207	-0.996094	0.998047
208	-0.980469	0.990234
209	-0.996094	0.998047
210	-1.000000	1.000000
211	-0.996094	0.998047
212	-0.992188	0.996094
213	-0.988281	0.992188
214	-0.988281	0.994141
215	-0.992188	0.996094
216	-0.992188	0.996094
217	-0.992188	0.996094
218	-0.988281	0.994141
219	-0.992188	0.996094
220	-0.992188	0.996094
221	-1.000000	1.000000
222	-0.988281	0.992188
223	-1.000000	1.000000
224	-0.980469	0.990234
225	-0.992188	0.996094
226	-0.984375	0.992188
227	-1.000000	1.000000
228	-0.986328	0.992188
229	-1.000000	1.000000
230	-0.992188	0.996094
231	-0.980469	0.990234
232	-0.980469	0.990234
233	-0.990234	0.994141
234	-0.986328	0.992188
235	-0.994141	0.996094
236	-0.986328	0.992188
237	-0.984375	0.992188
238	-0.988281	0.994141
239	-0.992188	0.996094
240	-0.996094	0.998047
241	-0.984375	0.992188
242	-0.992188	0.996094
243	-0.996094	0.998047
244	-0.992188	0.994141
245	-0.994141	0.996094
246	-1.000000	1.000000
247	-0.992188	0.996094
248	-1.000000	1.000000
249	-0.988281	0.994141
250	-0.996094	0.998047
251	-0.986328	0.992188
252	-0.980469	0.990234
253	-0.996094	0.998047
254	-0.992188	0.996094
255	-0.992188	0.994141
256	-0.992188	0.996094
257	-0.996094	0.998047
258	-0.994141	0.996094
259	-1.000000	1.000000
260	-0.986328	0.992188
261	-0.992188	0.996094
262	-1.000000	1.000000
263	-0.996094	0.998047
264	-0.976563	0.986328
265	-0.988281	0.994141
266	-0.996094	0.998047
267	-0.980469	0.988281
268	-0.996094	0.998047
269	-0.996094	0.998047
270	-0.988281	0.994141
271	-0.986328	0.992188
272	-0.988281	0.994141
273	-1.000000	1.000000
274	-0.996094	0.998047
275	-0.988281	0.994141
276	-0.992188	0.996094
277	-0.996094	0.998047
278	-0.996094	0.998047
279	-1.000000	1.000000
280	-0.990234	0.992188
281	-0.996094	0.998047
282	-1.000000	1.000000
283	-0.996094	0.998047
284	-0.988281	0.994141
285	-0.996094	0.998047
286	-0.990234	0.994141
287	-0.994141	0.996094
288	-0.992188	0.996094
289	-0.996094	0.998047
290	-0.988281	0.994141
291	-1.000000	1.000000
292	-0.986328	0.992188
293	-1.000000	1.000000
294	-0.990234	0.994141
295	-0.984375	0.992188
296	-0.996094	0.998047
297	-0.984375	0.992188
298	-0.992188	0.996094
299	-0.996094	0.998047
300	-0.996094	0.998047
301	-0.988281	0.994141
302	-0.988281	0.994141
303	-0.984375	0.992188
304	-0.996094	0.998047
305	-0.996094	0.998047
306	-0.994141	0.996094
307	-0.992188	0.996094
308	-0.996094	0.998047
309	-1.000000	1.000000
310	-0.986328	0.992188
311	-0.984375	0.992188
312	-0.996094	0.998047
313	-0.992188	0.996094
314	-0.992188	0.996094
315	-0.988281	0.994141
316	-0.994141	0.996094
317	-1.000000	1.000000
318	-0.992188	0.994141
319	-0.988281	0.994141
320	-0.984375	0.992188
321	-0.988281	0.994141
322	-0.990234	0.994141
323	-0.992188	0.996094
324	-0.996094	0.998047
325	-1.000000	1.000000
326	-0.988281	0.994141
327	-1.000000	1.000000
328	-0.992188	0.996094
329	-1.000000	1.000000
330	-0.996094	0.998047
331	-0.996094	0.998047
332	-0.996094	0.998047
333	-0.996094	0.998047
334	-0.988281	0.994141
335	-0.992188	0.996094
336	-0.982422	0.990234
337	-0.988281	0.994141
338	-0.984375	0.992188
339	-0.992188	0.996094
340	-0.984375	0.992188
341	-0.992188	0.996094
342	-0.996094	0.998047
343	-0.996094	0.998047
344	-0.986328	0.992188
345	-0.992188	0.996094
346	-0.982422	0.990234
347	-0.992188	0.996094
348	-0.982422	0.990234
349	-0.992188	0.996094
350	-0.992188	0.996094
351	-0.980469	0.990234
352	-0.990234	0.994141
353	-0.996094	0.998047
354	-0.988281	0.994141
355	-0.988281	0.994141
356	-0.986328	0.990234
357	-0.982422	0.990234
358	-0.992188	0.996094
359	-1.000000	1.000000
360	-0.992188	0.996094
361	-0.996094	0.998047
362	-0.996094	0.998047
363	-0.988281	0.994141
364	-1.000000	1.000000
365	-0.992188	0.996094
366	-0.996094	0.998047
367	-0.996094	0.998047
368	-0.996094	0.998047
369	-1.000000	1.000000
370	-0.988281	0.994141
371	-0.996094	0.998047
372	-1.000000	1.000000
373	-0.988281	0.994141
374	-0.994141	0.996094
375	-0.988281	0.994141
376	-0.984375	0.992188
377	-1.000000	1.000000
378	-0.996094	0.998047
379	-0.996094	0.998047
380	-1.000000	1.000000
381	-0.988281	0.994141
382	-0.992188	0.996094
383	-0.988281	0.994141
384	-1.000000	1.000000
385	-0.996094	0.998047
386	-0.996094	0.998047
387	-0.996094	0.998047
388	-0.984375	0.992188
389	-0.996094	0.998047
390	-0.988281	0.994141
391	-0.988281	0.994141
392	-0.996094	0.998047
393	-0.986328	0.992188
394	-0.982422	0.990234
395	-0.992188	0.996094
396	-0.992188	0.996094
397	-0.990234	0.994141
398	-0.992188	0.996094
399	-0.996094	0.998047
400	-0.996094	0.998047
401	-0.994141	0.996094
402	-0.996094	0.998047
403	-1.000000	1.000000
404	-0.984375	0.992188
405	-0.996094	0.998047
406	-0.982422	0.990234
407	-0.996094	0.998047
408	-0.996094	0.998047
409	-0.996094	0.998047
410	-0.992188	0.996094
411	-0.992188	0.996094
412	-1.000000	1.000000
413	-0.992188	0.996094
414	-0.988281	0.994141
415	-0.984375	0.992188
416	-0.980469	0.990234
417	-0.996094	0.998047
418	-0.988281	0.994141
419	-0.996094	0.998047
420	-0.996094	0.998047
421	-0.996094	0.998047
422	-0.984375	0.992188
423	-0.992188	0.996094
424	-1.000000	1.000000
425	-0.980469	0.990234
426	-0.992188	0.996094
427	-0.990234	0.994141
428	-1.000000	1.000000
429	-0.986328	0.992188
430	-0.988281	0.994141
431	-0.988281	0.994141
432	-0.992188	0.996094
433	-0.992188	0.996094
434	-1.000000	1.000000
435	-0.992188	0.996094
436	-0.992188	0.996094
437	-0.996094	0.998047
438	-0.992188	0.996094
439	-0.992188	0.996094
440	-0.996094	0.998047
441	-0.986328	0.990234
442	-0.984375	0.992188
443	-0.992188	0.996094
444	-0.996094	0.998047
445	-0.984375	0.992188
446	-0.992188	0.996094
447	-0.996094	0.998047
448	-1.000000	1.000000
449	-0.990234	0.992188
450	-0.996094	0.998047
451	-0.996094	0.998047
452	-0.996094	0.998047
453	-0.996094	0.998047
454	-0.984375	0.992188
455	-0.986328	0.992188
456	-0.996094	0.998047
457	-0.990234	0.994141
458	-0.996094	0.998047
459	-0.988281	0.994141
460	-0.978516	0.988281
461	-0.988281	0.994141
462	-0.992188	0.996094
463	-0.996094	0.998047
464	-0.996094	0.998047
465	-0.992188	0.996094
466	-0.996094	0.998047
467	-0.992188	0.996094
468	-1.000000	1.000000
469	-0.992188	0.996094
470	-0.988281	0.994141
471	-0.992188	0.996094
472	-0.996094	0.998047
473	-0.996094	0.998047
474	-0.996094	0.998047
475	-0.996094	0.998047
476	-0.992188	0.996094
477	-0.996094	0.998047
478	-0.988281	0.994141
479	-0.992188	0.996094
480	-1.000000	1.000000
481	-0.992188	0.996094
482	-0.996094	0.998047
483	-0.996094	0.998047
484	-0.988281	0.994141
485	-0.992188	0.996094
486	-0.994141	0.996094
487	-0.992188	0.996094
488	-0.988281	0.994141
489	-0.984375	0.992188
490	-0.992188	0.996094
491	-1.000000	1.000000
492	-1.000000	1.000000
493	-0.992188	0.996094
494	-0.996094	0.998047
495	-0.996094	0.998047
496	-0.988281	0.994141
497	-0.988281	0.994141
498	-0.992188	0.996094
499	-0.986328	0.992188
500	-1.000000	1.000000
501	-0.996094	0.998047
502	-1.000000	1.000000
503	-0.986328	0.992188
504	-1.000000	1.000000
505	-0.992188	0.996094
506	-0.996094	0.998047
507	-1.000000	1.000000
508	-0.980469	0.990234
509	-0.992188	0.996094
510	-0.996094	0.998047
511	-0.992188	0.996094
512	-0.996094	0.998047
513	-0.996094	0.998047
514	-1.000000	1.000000
515	-0.988281	0.994141
516	-0.988281	0.994141
517	-0.992188	0.996094
518	-0.988281	0.994141
519	-0.988281	0.994141
520	-1.000000	1.000000
521	-0.976563	0.988281
522	-0.992188	0.996094
523	-0.996094	0.998047
524	-0.992188	0.996094
525	-0.996094	0.998047
526	-0.990234	0.994141
527	-0.984375	0.992188
528	-0.996094	0.998047
529	-0.988281	0.994141
530	-0.988281	0.994141
531	-0.988281	0.994141
532	-0.972656	0.986328
533	-0.992188	0.996094
534	-0.996094	0.998047
535	-0.992188	0.996094
536	-0.992188	0.996094
537	-0.996094	0.998047
538	-0.988281	0.994141
539	-0.980469	0.990234
540	-0.996094	0.998047
541	-0.996094	0.998047
542	-0.994141	0.996094
543	-1.000000	1.000000
544	-0.992188	0.996094
545	-0.984375	0.992188
546	-1.000000	1.000000
547	-0.992188	0.996094
548	-0.988281	0.992188
549	-0.990234	0.994141
550	-0.992188	0.996094
551	-0.996094	0.998047
552	-1.000000	1.000000
553	-0.996094	0.998047
554	-0.996094	0.998047
555	-1.000000	1.000000
556	-1.000000	1.000000
557	-0.990234	0.994141
558	-0.986328	0.992188
559	-0.988281	0.992188
560	-0.978516	0.988281
561	-0.996094	0.998047
562	-0.996094	0.998047
563	-1.000000	1.000000
564	-0.994141	0.996094
565	-0.992188	0.996094
566	-1.000000	1.000000
567	-0.980469	0.990234
568	-0.992188	0.996094
569	-1.000000	1.000000
570	-0.976563	0.986328
571	-0.996094	0.998047
572	-0.990234	0.994141
573	-0.996094	0.998047
574	-0.988281	0.994141
575	-0.992188	0.996094
576	-0.982422	0.990234
577	-0.992188	0.996094
578	-0.986328	0.992188
579	-0.992188	0.996094
580	-0.990234	0.994141
581	-1.000000	1.000000
582	-0.990234	0.994141
583	-0.986328	0.992188
584	-0.988281	0.994141
585	-0.992188	0.996094
586	-0.984375	0.992188
587	-1.000000	1.000000
588	-0.988281	0.994141
589	-0.996094	0.998047
590	-0.988281	0.994141
591	-0.992188	0.996094
592	-0.992188	0.996094
593	-1.000000	1.000000
594	-0.980469	0.990234
595	-0.986328	0.992188
596	-0.988281	0.994141
597	-0.996094	0.998047
598	-0.996094	0.998047
599	-0.990234	0.994141
600	-0.988281	0.994141
601	-0.984375	0.992188
602	-1.000000	1.000000
603	-1.000000	1.000000
604	-0.996094	0.998047
605	-0.996094	0.998047
606	-0.996094	0.998047
607	-0.992188	0.996094
608	-1.000000	1.000000
609	-0.986328	0.992188
610	-0.996094	0.998047
611	-0.992188	0.996094
612	-0.996094	0.998047
613	-0.974609	0.984375
614	-0.996094	0.998047
615	-0.984375	0.992188
616	-0.986328	0.992188
617	-1.000000	1.000000
618	-0.988281	0.994141
619	-0.996094	0.998047
620	-0.996094	0.998047
621	-0.984375	0.992188
622	-0.992188	0.996094
623	-0.996094	0.998047
624	-0.980469	0.990234
625	-0.988281	0.992188
626	-0.980469	0.990234
627	-0.992188	0.996094
628	-1.000000	1.000000
629	-0.988281	0.994141
630	-0.996094	0.998047
631	-0.992188	0.994141
632	-0.996094	0.998047
633	-0.988281	0.994141
634	-0.988281	0.994141
635	-0.996094	0.998047
636	-0.992188	0.996094
637	-0.996094	0.998047
638	-1.000000	1.000000
639	-0.994141	0.996094
640	-0.992188	0.996094
641	-0.984375	0.992188
642	-0.996094	0.998047
643	-0.996094	0.998047
644	-0.990234	0.994141
645	-0.992188	0.996094
646	-0.986328	0.992188
647	-0.990234	0.994141
648	-0.992188	0.996094
649	-0.992188	0.996094
650	-1.000000	1.000000
651	-0.988281	0.994141
652	-0.996094	0.998047
653	-0.984375	0.992188
654	-0.992188	0.996094
655	-0.996094	0.998047
656	-0.986328	0.992188
657	-1.000000	1.000000
658	-0.988281	0.994141
659	-0.990234	0.994141
660	-0.996094	0.998047
661	-0.984375	0.992188
662	-0.992188	0.996094
663	-1.000000	1.000000
664	-0.996094	0.998047
665	-0.992188	0.996094
666	-0.988281	0.994141
667	-0.996094	0.998047
668	-0.970703	0.982422
669	-0.996094	0.998047
670	-0.984375	0.992188
671	-0.980469	0.988281
672	-1.000000	1.000000
673	-0.996094	0.998047
674	-0.996094	0.998047
675	-0.984375	0.992188
676	-1.000000	1.000000
677	-0.990234	0.994141
678	-0.992188	0.996094
679	-0.996094	0.998047
680	-0.992188	0.996094
681	-0.992188	0.996094
682	-0.996094	0.998047
683	-0.992188	0.996094
684	-0.988281	0.994141
685	-0.992188	0.996094
686	-0.992188	0.996094
687	-0.988281	0.994141
688	-1.000000	1.000000
689	-0.984375	0.992188
690	-0.996094	0.998047
691	-0.988281	0.994141
692	-0.982422	0.990234
693	-0.986328	0.992188
694	-0.988281	0.994141
695	-0.992188	0.996094
696	-0.996094	0.998047
697	-0.978516	0.986328
698	-0.984375	0.990234
699	-1.000000	1.000000
700	-0.976563	0.988281
701	-0.988281	0.990234
702	-0.992188	0.996094
703	-0.986328	0.992188
704	-0.992188	0.996094
705	-0.996094	0.998047
706	-0.988281	0.994141
707	-0.984375	0.992188
708	-1.000000	1.000000
709	-0.988281	0.994141
710	-0.988281	0.994141
711	-0.984375	0.990234
712	-0.988281	0.994141
713	-0.992188	0.996094
714	-0.992188	0.996094
715	-1.000000	1.000000
716	-0.988281	0.994141
717	-0.992188	0.996094
718	-0.996094	0.998047
719	-0.996094	0.998047
720	-0.996094	0.998047
721	-0.992188	0.996094
722	-0.996094	0.998047
723	-0.996094	0.998047
724	-0.988281	0.994141
725	-0.996094	0.998047
726	-0.992188	0.996094
727	-0.988281	0.994141
728	-1.000000	1.000000
729	-0.988281	0.994141
730	-0.992188	0.996094
731	-0.976563	0.988281
732	-1.000000	1.000000
733	-0.982422	0.990234
734	-0.988281	0.994141
735	-0.990234	0.994141
736	-0.984375	0.992188
737	-0.992188	0.996094
738	-0.992188	0.996094
739	-0.992188	0.996094
740	-0.996094	0.998047
741	-0.996094	0.998047
742	-0.994141	0.996094
743	-0.990234	0.994141
744	-0.988281	0.994141
745	-0.970703	0.984375
746	-1.000000	1.000000
747	-1.000000	1.000000
748	-0.984375	0.992188
749	-0.996094	0.998047
750	-0.992188	0.996094
751	-0.988281	0.994141
752	-0.996094	0.998047
753	-0.992188	0.996094
754	-0.988281	0.994141
755	-0.988281	0.994141
756	-0.996094	0.998047
757	-0.996094	0.998047
758	-0.996094	0.998047
759	-1.000000	1.000000
760	-0.992188	0.996094
761	-0.996094	0.998047
762	-0.990234	0.994141
763	-0.996094	0.998047
764	-0.990234	0.990234
765	-0.996094	0.998047
766	-1.000000	1.000000
767	-0.992188	0.996094
768	-1.000000	1.000000
769	-0.996094	0.998047
770	-0.996094	0.998047
771	-1.000000	1.000000
772	-0.988281	0.994141
773	-0.996094	0.998047
774	-0.994141	0.996094
775	-0.994141	0.996094
776	-1.000000	1.000000
777	-0.982422	0.990234
778	-0.984375	0.992188
779	-0.996094	0.998047
780	-0.992188	0.996094
781	-0.992188	0.996094
782	-1.000000	1.000000
783	-0.986328	0.992188
784	-0.992188	0.996094
785	-1.000000	1.000000
786	-0.984375	0.992188
787	-0.992188	0.996094
788	-0.996094	0.998047
789	-0.976563	0.986328
790	-0.988281	0.994141
791	-0.980469	0.990234
792	-0.986328	0.992188
793	-0.992188	0.996094
794	-0.996094	0.998047
795	-0.996094	0.998047
796	-0.988281	0.994141
797	-0.976563	0.986328
798	-0.992188	0.996094
799	-0.996094	0.998047
800	-0.976563	0.988281
801	-0.978516	0.986328
802	-0.992188	0.996094
803	-0.988281	0.994141
804	-0.996094	0.998047
805	-0.988281	0.994141
806	-1.000000	1.000000
807	-1.000000	1.000000
808	-0.986328	0.992188
809	-0.992188	0.994141
810	-0.992188	0.996094
811	-1.000000	1.000000
812	-0.980469	0.990234
813	-0.992188	0.996094
814	-0.996094	0.998047
815	-0.988281	0.994141
816	-0.992188	0.996094
817	-0.992188	0.996094
818	-0.996094	0.998047
819	-1.000000	1.000000
820	-0.988281	0.994141
821	-0.996094	0.998047
822	-0.992188	0.996094
823	-1.000000	1.000000
824	-0.996094	0.998047
825	-1.000000	1.000000
826	-0.992188	0.996094
827	-0.992188	0.996094
828	-0.996094	0.998047
829	-0.992188	0.996094
830	-0.988281	0.994141
831	-0.996094	0.998047
832	-0.996094	0.998047
833	-0.996094	0.998047
834	-0.996094	0.998047
835	-0.996094	0.998047
836	-0.992188	0.996094
837	-0.996094	0.998047
838	-0.996094	0.998047
839	-0.992188	0.996094
840	-0.990234	0.994141
841	-0.996094	0.998047
842	-0.992188	0.996094
843	-0.994141	0.996094
844	-0.984375	0.992188
845	-0.984375	0.992188
846	-0.992188	0.996094
847	-0.996094	0.998047
848	-0.992188	0.996094
849	-0.990234	0.994141
850	-0.992188	0.996094
851	-0.996094	0.998047
852	-0.992188	0.996094
853	-0.994141	0.996094
854	-0.996094	0.998047
855	-0.986328	0.992188
856	-1.000000	1.000000
857	-0.990234	0.994141
858	-1.000000	1.000000
859	-0.988281	0.994141
860	-0.988281	0.994141
861	-0.988281	0.994141
862	-0.986328	0.992188
863	-0.988281	0.994141
864	-0.980469	0.990234
865	-0.992188	0.996094
866	-0.990234	0.994141
867	-0.988281	0.994141
868	-0.996094	0.998047
869	-0.994141	0.996094
870	-0.980469	0.988281
871	-0.986328	0.992188
872	-0.996094	0.998047
873	-0.990234	0.994141
874	-0.992188	0.996094
875	-1.000000	1.000000
876	-0.996094	0.998047
877	-0.992188	0.996094
878	-0.988281	0.994141
879	-0.980469	0.988281
880	-0.996094	0.998047
881	-0.988281	0.994141
882	-0.994141	0.996094
883	-1.000000	1.000000
884	-0.984375	0.992188
885	-0.990234	0.994141
886	-0.980469	0.990234
887	-0.986328	0.992188
888	-0.992188	0.996094
889	-0.996094	0.998047
890	-0.984375	0.992188
891	-0.996094	0.998047
892	-0.992188	0.996094
893	-0.980469	0.990234
894	-0.992188	0.996094
895	-0.996094	0.998047
896	-1.000000	1.000000
897	-0.988281	0.992188
898	-0.988281	0.994141
899	-0.984375	0.992188
900	-0.982422	0.990234
901	-0.992188	0.996094
902	-0.996094	0.998047
903	-0.988281	0.994141
904	-0.984375	0.992188
905	-0.986328	0.992188
906	-0.992188	0.996094
907	-0.992188	0.996094
908	-0.992188	0.996094
909	-0.988281	0.994141
910	-0.996094	0.998047
911	-0.996094	0.998047
912	-1.000000	1.000000
913	-0.990234	0.994141
914	-0.992188	0.996094
915	-0.980469	0.990234
916	-0.996094	0.998047
917	-0.992188	0.996094
918	-0.996094	0.998047
919	-0.994141	0.996094
920	-1.000000	1.000000
921	-0.990234	0.994141
922	-0.980469	0.990234
923	-0.978516	0.988281
924	-0.996094	0.998047
925	-0.996094	0.998047
926	-0.996094	0.998047
927	-0.992188	0.996094
928	-0.990234	0.994141
929	-0.990234	0.994141
930	-0.982422	0.990234
931	-0.996094	0.998047
932	-0.996094	0.998047
933	-1.000000	1.000000
934	-1.000000	1.000000
935	-0.978516	0.988281
936	-0.996094	0.998047
937	-0.996094	0.998047
938	-0.996094	0.998047
939	-0.996094	0.998047
940	-0.992188	0.996094
941	-0.988281	0.994141
942	-0.992188	0.996094
943	-0.996094	0.998047
944	-0.994141	0.996094
945	-1.000000	1.000000
946	-1.000000	1.000000
947	-1.000000	1.000000
948	-0.996094	0.998047
949	-1.000000	1.000000
950	-0.994141	0.996094
951	-1.000000	1.000000
952	-0.996094	0.998047
953	-0.996094	0.998047
954	-0.996094	0.998047
955	-0.986328	0.992188
956	-0.996094	0.998047
957	-0.992188	0.996094
958	-0.996094	0.998047
959	-1.000000	1.000000
960	-0.996094	0.998047
961	-0.980469	0.990234
962	-0.990234	0.994141
963	-0.984375	0.992188
964	-0.996094	0.998047
965	-0.996094	0.998047
966	-0.996094	0.998047
967	-0.988281	0.994141
968	-0.992188	0.996094
969	-0.996094	0.998047
970	-0.996094	0.998047
971	-0.992188	0.996094
972	-1.000000	1.000000
973	-0.988281	0.994141
974	-0.992188	0.996094
975	-0.996094	0.998047
976	-0.988281	0.994141
977	-1.000000	1.000000
978	-0.996094	0.998047
979	-1.000000	1.000000
980	-0.984375	0.992188
981	-0.996094	0.998047
982	-0.984375	0.992188
983	-0.996094	0.998047
984	-0.988281	0.994141
985	-0.972656	0.986328
986	-0.996094	0.998047
987	-0.988281	0.994141
988	-0.996094	0.998047
989	-1.000000	1.000000
990	-1.000000	1.000000
991	-0.996094	0.998047
992	-0.984375	0.990234
993	-1.000000	1.000000
994	-0.992188	0.996094
995	-0.996094	0.998047
996	-0.976563	0.988281
997	-0.996094	0.998047
998	-1.000000	1.000000
999	-0.992188	0.996094
