0	-0.941406	0.960938
1	-0.937500	0.966797
2	-0.925781	0.958984
3	-0.945313	0.972656
4	-0.908203	0.949219
5	-0.939453	0.966797
6	-0.945313	0.968750
7	-0.925781	0.949219
8	-0.951172	0.972656
9	-0.929688	0.962891
10	-0.941406	0.966797
11	-0.931641	0.960938
12	-0.919922	0.947266
13	-0.953125	0.966797
14	-0.916016	0.951172
15	-0.916016	0.939453
16	-0.898438	0.927734
17	-0.931641	0.953125
18	-0.921875	0.955078
19	-0.900391	0.939453
20	-0.937500	0.957031
21	-0.916016	0.953125
22	-0.929688	0.958984
23	-0.927734	0.955078
24	-0.939453	0.962891
25	-0.925781	0.957031
26	-0.906250	0.929688
27	-0.917969	0.929688
28	-0.927734	0.937500
29	-0.941406	0.966797
30	-0.923828	0.960938
31	-0.931641	0.955078
32	-0.914063	0.949219
33	-0.935547	0.958984
34	-0.925781	0.943359
35	-0.914063	0.947266
36	-0.935547	0.960938
37	-0.921875	0.951172
38	-0.912109	0.947266
39	-0.957031	0.976563
40	-0.916016	0.945313
41	-0.898438	0.933594
42	-0.916016	0.949219
43	-0.929688	0.958984
44	-0.935547	0.964844
45	-0.876953	0.914063
46	-0.902344	0.931641
47	-0.919922	0.949219
48	-0.878906	0.925781
49	-0.943359	0.970703
50	-0.923828	0.958984
51	-0.935547	0.960938
52	-0.925781	0.957031
53	-0.917969	0.955078
54	-0.910156	0.937500
55	-0.937500	0.960938
56	-0.931641	0.955078
57	-0.935547	0.958984
58	-0.947266	0.970703
59	-0.902344	0.939453
60	-0.906250	0.941406
61	-0.921875	0.953125
62	-0.914063	0.953125
63	-0.931641	0.960938
64	-0.953125	0.972656
65	-0.925781	0.947266
66	-0.929688	0.958984
67	-0.910156	0.947266
68	-0.890625	0.925781
69	-0.943359	0.962891
70	-0.886719	0.917969
71	-0.921875	0.958984
72	-0.941406	0.966797
73	-0.898438	0.921875
74	-0.916016	0.951172
75	-0.908203	0.939453
76	-0.923828	0.955078
77	-0.916016	0.949219
78	-0.953125	0.972656
79	-0.937500	0.960938
80	-0.933594	0.962891
81	-0.898438	0.921875
82	-0.955078	0.976563
83	-0.886719	0.898438
84	-0.914063	0.945313
85	-0.947266	0.966797
86	-0.960938	0.980469
87	-0.873047	0.923828
88	-0.921875	0.955078
89	-0.916016	0.939453
90	-0.921875	0.951172
91	-0.931641	0.951172
92	-0.939453	0.966797
93	-0.933594	0.958984
94	-0.955078	0.974609
95	-0.925781	0.955078
96	-0.964844	0.980469
97	-0.908203	0.921875
98	-0.869141	0.925781
99	-0.896484	0.921875
100	-0.931641	0.955078
101	-0.958984	0.976563
102	-0.917969	0.953125
103	-0.917969	0.953125
104	-0.947266	0.970703
105	-0.947266	0.968750
106	-0.912109	0.953125
107	-0.945313	0.966797
108	-0.933594	0.962891
109	-0.931641	0.962891
110	-0.943359	0.968750
111	-0.916016	0.949219
112	-0.914063	0.937500
113	-0.937500	0.960938
114	-0.923828	0.951172
115	-0.953125	0.972656
116	-0.914063	0.937500
117	-0.921875	0.945313
118	-0.884766	0.929688
119	-0.931641	0.957031
120	-0.910156	0.929688
121	-0.935547	0.964844
122	-0.894531	0.916016
123	-0.900391	0.947266
124	-0.917969	0.945313
125	-0.947266	0.970703
126	-0.933594	0.962891
127	-0.921875	0.951172
128	-0.876953	0.927734
129	-0.953125	0.976563
130	-0.916016	0.949219
131	-0.941406	0.966797
132	-0.896484	0.925781
133	-0.910156	0.947266
134	-0.943359	0.968750
135	-0.898438	0.927734
136	-0.923828	0.955078
137	-0.935547	0.960938
138	-0.937500	0.964844
139	-0.916016	0.945313
140	-0.916016	0.947266
141	-0.908203	0.933594
142	-0.953125	0.976563
143	-0.929688	0.949219
144	-0.953125	0.976563
145	-0.937500	0.962891
146	-0.919922	0.941406
147	-0.931641	0.962891
148	-0.937500	0.964844
149	-0.902344	0.931641
150	-0.902344	0.931641
151	-0.931641	0.960938
152	-0.943359	0.960938
153	-0.935547	0.964844
154	-0.923828	0.958984
155	-0.894531	0.919922
156	-0.894531	0.937500
157	-0.873047	0.917969
158	-0.910156	0.943359
159	-0.953125	0.974609
160	-0.949219	0.970703
161	-0.943359	0.968750
162	-0.951172	0.972656
163	-0.927734	0.958984
164	-0.902344	0.929688
165	-0.960938	0.980469
166	-0.925781	0.947266
167	-0.935547	0.958984
168	-0.919922	0.939453
169	-0.947266	0.970703
170	-0.958984	0.978516
171	-0.935547	0.964844
172	-0.894531	0.939453
173	-0.949219	0.970703
174	-0.943359	0.966797
175	-0.931641	0.957031
176	-0.892578	0.935547
177	-0.943359	0.962891
178	-0.914063	0.943359
179	-0.937500	0.962891
180	-0.912109	0.947266
181	-0.921875	0.957031
182	-0.923828	0.957031
183	-0.943359	0.964844
184	-0.941406	0.968750
185	-0.923828	0.960938
186	-0.914063	0.953125
187	-0.906250	0.947266
188	-0.919922	0.953125
189	-0.925781	0.957031
190	-0.933594	0.957031
191	-0.904297	0.945313
192	-0.960938	0.980469
193	-0.914063	0.943359
194	-0.941406	0.962891
195	-0.949219	0.972656
196	-0.935547	0.964844
197	-0.951172	0.974609
198	-0.935547	0.953125
199	-0.927734	0.953125
200	-0.914063	0.947266
201	-0.910156	0.949219
202	-0.943359	0.958984
203	-0.943359	0.968750
204	-0.917969	0.953125
205	-0.902344	0.943359
206	-0.902344	0.931641
207	-0.921875	0.955078
208	-0.902344	0.931641
209	-0.941406	0.962891
210	-0.912109	0.947266
211	-0.923828	0.958984
212	-0.951172	0.972656
213	-0.908203	0.941406
214	-0.908203	0.945313
215	-0.953125	0.972656
216	-0.919922	0.955078
217	-0.917969	0.955078
218	-0.914063	0.949219
219	-0.931641	0.958984
220	-0.943359	0.970703
221	-0.925781	0.958984
222	-0.884766	0.898438
223	-0.900391	0.937500
224	-0.968750	0.982422
225	-0.935547	0.953125
226	-0.916016	0.949219
227	-0.949219	0.970703
228	-0.945313	0.970703
229	-0.910156	0.947266
230	-0.888672	0.921875
231	-0.931641	0.962891
232	-0.955078	0.974609
233	-0.937500	0.968750
234	-0.925781	0.955078
235	-0.912109	0.945313
236	-0.941406	0.966797
237	-0.927734	0.951172
238	-0.927734	0.958984
239	-0.923828	0.957031
240	-0.900391	0.947266
241	-0.914063	0.947266
242	-0.886719	0.912109
243	-0.912109	0.945313
244	-0.923828	0.957031
245	-0.947266	0.970703
246	-0.910156	0.947266
247	-0.955078	0.974609
248	-0.931641	0.955078
249	-0.906250	0.925781
250	-0.955078	0.976563
251	-0.898438	0.939453
252	-0.945313	0.968750
253	-0.953125	0.976563
254	-0.927734	0.957031
255	-0.937500	0.962891
256	-0.886719	0.910156
257	-0.943359	0.962891
258	-0.958984	0.974609
259	-0.910156	0.935547
260	-0.939453	0.964844
261	-0.921875	0.951172
262	-0.933594	0.964844
263	-0.935547	0.964844
264	-0.941406	0.968750
265	-0.923828	0.951172
266	-0.958984	0.978516
267	-0.917969	0.951172
268	-0.923828	0.953125
269	-0.925781	0.947266
270	-0.927734	0.951172
271	-0.933594	0.962891
272	-0.904297	0.947266
273	-0.890625	0.933594
274	-0.890625	0.935547
275	-0.910156	0.927734
276	-0.902344	0.935547
277	-0.939453	0.964844
278	-0.923828	0.947266
279	-0.937500	0.964844
280	-0.906250	0.943359
281	-0.933594	0.966797
282	-0.908203	0.939453
283	-0.943359	0.968750
284	-0.964844	0.982422
285	-0.929688	0.939453
286	-0.904297	0.939453
287	-0.888672	0.929688
288	-0.890625	0.933594
289	-0.921875	0.947266
290	-0.912109	0.943359
291	-0.957031	0.972656
292	-0.937500	0.966797
293	-0.888672	0.925781
294	-0.957031	0.976563
295	-0.900391	0.937500
296	-0.937500	0.964844
297	-0.919922	0.949219
298	-0.943359	0.966797
299	-0.902344	0.941406
300	-0.923828	0.953125
301	-0.914063	0.943359
302	-0.908203	0.947266
303	-0.919922	0.955078
304	-0.929688	0.958984
305	-0.923828	0.958984
306	-0.931641	0.960938
307	-0.955078	0.974609
308	-0.912109	0.949219
309	-0.927734	0.955078
310	-0.953125	0.974609
311	-0.927734	0.957031
312	-0.912109	0.945313
313	-0.933594	0.949219
314	-0.941406	0.957031
315	-0.892578	0.937500
316	-0.921875	0.951172
317	-0.880859	0.921875
318	-0.943359	0.970703
319	-0.927734	0.960938
320	-0.951172	0.968750
321	-0.947266	0.968750
322	-0.914063	0.951172
323	-0.927734	0.951172
324	-0.902344	0.935547
325	-0.898438	0.927734
326	-0.910156	0.941406
327	-0.900391	0.933594
328	-0.933594	0.962891
329	-0.917969	0.955078
330	-0.935547	0.962891
331	-0.882813	0.925781
332	-0.927734	0.953125
333	-0.945313	0.972656
334	-0.933594	0.960938
335	-0.894531	0.896484
336	-0.968750	0.978516
337	-0.953125	0.970703
338	-0.935547	0.962891
339	-0.925781	0.957031
340	-0.896484	0.925781
341	-0.912109	0.939453
342	-0.947266	0.970703
343	-0.941406	0.964844
344	-0.914063	0.949219
345	-0.933594	0.964844
346	-0.919922	0.955078
347	-0.953125	0.974609
348	-0.900391	0.937500
349	-0.960938	0.972656
350	-0.937500	0.960938
351	-0.916016	0.951172
352	-0.912109	0.949219
353	-0.921875	0.947266
354	-0.929688	0.960938
355	-0.919922	0.953125
356	-0.960938	0.978516
357	-0.955078	0.974609
358	-0.906250	0.939453
359	-0.937500	0.966797
360	-0.900391	0.939453
361	-0.931641	0.957031
362	-0.906250	0.937500
363	-0.945313	0.970703
364	-0.912109	0.939453
365	-0.943359	0.968750
366	-0.925781	0.933594
367	-0.925781	0.953125
368	-0.933594	0.960938
369	-0.904297	0.941406
370	-0.837891	0.863281
371	-0.943359	0.968750
372	-0.894531	0.941406
373	-0.929688	0.958984
374	-0.939453	0.968750
375	-0.894531	0.935547
376	-0.960938	0.974609
377	-0.929688	0.955078
378	-0.943359	0.966797
379	-0.921875	0.955078
380	-0.914063	0.945313
381	-0.921875	0.955078
382	-0.921875	0.957031
383	-0.908203	0.943359
384	-0.951172	0.968750
385	-0.900391	0.945313
386	-0.955078	0.970703
387	-0.933594	0.953125
388	-0.935547	0.962891
389	-0.902344	0.935547
390	-0.925781	0.958984
391	-0.919922	0.941406
392	-0.943359	0.968750
393	-0.941406	0.962891
394	-0.962891	0.980469
395	-0.910156	0.951172
396	-0.929688	0.960938
397	-0.917969	0.949219
398	-0.892578	0.923828
399	-0.923828	0.953125
400	-0.904297	0.941406
401	-0.931641	0.955078
402	-0.958984	0.976563
403	-0.937500	0.958984
404	-0.939453	0.962891
405	-0.939453	0.966797
406	-0.916016	0.951172
407	-0.941406	0.970703
408	-0.947266	0.968750
409	-0.941406	0.962891
410	-0.960938	0.980469
411	-0.945313	0.966797
412	-0.955078	0.976563
413	-0.916016	0.941406
414	-0.939453	0.962891
415	-0.943359	0.968750
416	-0.949219	0.972656
417	-0.958984	0.978516
418	-0.873047	0.925781
419	-0.943359	0.966797
420	-0.914063	0.945313
421	-0.925781	0.958984
422	-0.941406	0.968750
423	-0.935547	0.958984
424	-0.910156	0.941406
425	-0.945313	0.966797
426	-0.929688	0.957031
427	-0.916016	0.953125
428	-0.876953	0.916016
429	-0.939453	0.964844
430	-0.921875	0.958984
431	-0.937500	0.960938
432	-0.927734	0.951172
433	-0.900391	0.939453
434	-0.951172	0.970703
435	-0.929688	0.958984
436	-0.931641	0.958984
437	-0.939453	0.964844
438	-0.910156	0.951172
439	-0.937500	0.964844
440	-0.906250	0.947266
441	-0.945313	0.960938
442	-0.916016	0.955078
443	-0.927734	0.955078
444	-0.949219	0.970703
445	-0.925781	0.955078
446	-0.943359	0.970703
447	-0.927734	0.960938
448	-0.949219	0.972656
449	-0.923828	0.957031
450	-0.931641	0.964844
451	-0.929688	0.960938
452	-0.943359	0.968750
453	-0.917969	0.951172
454	-0.964844	0.978516
455	-0.933594	0.962891
456	-0.892578	0.935547
457	-0.929688	0.957031
458	-0.916016	0.947266
459	-0.912109	0.945313
460	-0.935547	0.960938
461	-0.912109	0.947266
462	-0.929688	0.957031
463	-0.914063	0.943359
464	-0.929688	0.960938
465	-0.908203	0.945313
466	-0.931641	0.960938
467	-0.935547	0.960938
468	-0.900391	0.937500
469	-0.964844	0.980469
470	-0.917969	0.941406
471	-0.914063	0.951172
472	-0.900391	0.945313
473	-0.923828	0.949219
474	-0.925781	0.953125
475	-0.949219	0.949219
476	-0.931641	0.958984
477	-0.917969	0.955078
478	-0.912109	0.939453
479	-0.927734	0.958984
480	-0.943359	0.966797
481	-0.937500	0.962891
482	-0.900391	0.941406
483	-0.912109	0.941406
484	-0.908203	0.929688
485	-0.880859	0.929688
486	-0.904297	0.947266
487	-0.914063	0.941406
488	-0.914063	0.953125
489	-0.929688	0.955078
490	-0.900391	0.931641
491	-0.888672	0.914063
492	-0.955078	0.974609
493	-0.917969	0.951172
494	-0.947266	0.972656
495	-0.958984	0.978516
496	-0.917969	0.949219
497	-0.945313	0.960938
498	-0.933594	0.960938
499	-0.927734	0.960938
500	-0.970703	0.984375
501	-0.906250	0.939453
502	-0.947266	0.970703
503	-0.937500	0.968750
504	-0.949219	0.966797
505	-0.898438	0.921875
506	-0.945313	0.968750
507	-0.914063	0.953125
508	-0.939453	0.966797
509	-0.921875	0.955078
510	-0.923828	0.951172
511	-0.910156	0.941406
512	-0.941406	0.966797
513	-0.949219	0.968750
514	-0.919922	0.949219
515	-0.910156	0.945313
516	-0.916016	0.955078
517	-0.906250	0.939453
518	-0.945313	0.968750
519	-0.912109	0.945313
520	-0.958984	0.976563
521	-0.957031	0.974609
522	-0.906250	0.919922
523	-0.939453	0.964844
524	-0.927734	0.951172
525	-0.912109	0.953125
526	-0.892578	0.929688
527	-0.935547	0.962891
528	-0.921875	0.953125
529	-0.914063	0.935547
530	-0.933594	0.962891
531	-0.943359	0.966797
532	-0.906250	0.943359
533	-0.923828	0.953125
534	-0.921875	0.953125
535	-0.914063	0.947266
536	-0.947266	0.964844
537	-0.929688	0.949219
538	-0.955078	0.976563
539	-0.933594	0.960938
540	-0.943359	0.968750
541	-0.886719	0.910156
542	-0.902344	0.923828
543	-0.929688	0.958984
544	-0.908203	0.947266
545	-0.933594	0.962891
546	-0.929688	0.962891
547	-0.916016	0.943359
548	-0.964844	0.982422
549	-0.935547	0.953125
550	-0.916016	0.943359
551	-0.929688	0.960938
552	-0.906250	0.927734
553	-0.921875	0.955078
554	-0.896484	0.933594
555	-0.923828	0.951172
556	-0.917969	0.953125
557	-0.902344	0.943359
558	-0.945313	0.968750
559	-0.892578	0.933594
560	-0.941406	0.970703
561	-0.894531	0.941406
562	-0.953125	0.966797
563	-0.953125	0.970703
564	-0.919922	0.955078
565	-0.910156	0.949219
566	-0.923828	0.958984
567	-0.917969	0.949219
568	-0.933594	0.960938
569	-0.902344	0.937500
570	-0.873047	0.910156
571	-0.882813	0.921875
572	-0.923828	0.949219
573	-0.888672	0.929688
574	-0.902344	0.929688
575	-0.906250	0.935547
576	-0.945313	0.966797
577	-0.912109	0.925781
578	-0.935547	0.957031
579	-0.931641	0.962891
580	-0.949219	0.968750
581	-0.916016	0.953125
582	-0.906250	0.951172
583	-0.935547	0.964844
584	-0.941406	0.966797
585	-0.931641	0.960938
586	-0.912109	0.933594
587	-0.919922	0.919922
588	-0.919922	0.949219
589	-0.933594	0.960938
590	-0.906250	0.941406
591	-0.951172	0.972656
592	-0.890625	0.931641
593	-0.917969	0.947266
594	-0.912109	0.953125
595	-0.910156	0.941406
596	-0.939453	0.966797
597	-0.902344	0.931641
598	-0.958984	0.976563
599	-0.939453	0.964844
600	-0.906250	0.947266
601	-0.937500	0.964844
602	-0.898438	0.933594
603	-0.914063	0.945313
604	-0.919922	0.943359
605	-0.886719	0.927734
606	-0.916016	0.947266
607	-0.945313	0.966797
608	-0.894531	0.914063
609	-0.941406	0.968750
610	-0.935547	0.951172
611	-0.904297	0.939453
612	-0.875000	0.917969
613	-0.945313	0.968750
614	-0.933594	0.960938
615	-0.931641	0.958984
616	-0.904297	0.943359
617	-0.914063	0.949219
618	-0.933594	0.964844
619	-0.912109	0.945313
620	-0.957031	0.974609
621	-0.921875	0.941406
622	-0.904297	0.943359
623	-0.929688	0.960938
624	-0.941406	0.968750
625	-0.908203	0.933594
626	-0.910156	0.939453
627	-0.925781	0.958984
628	-0.927734	0.955078
629	-0.929688	0.957031
630	-0.958984	0.972656
631	-0.892578	0.929688
632	-0.919922	0.951172
633	-0.898438	0.933594
634	-0.925781	0.958984
635	-0.910156	0.935547
636	-0.955078	0.974609
637	-0.921875	0.951172
638	-0.939453	0.968750
639	-0.929688	0.960938
640	-0.925781	0.960938
641	-0.917969	0.949219
642	-0.970703	0.984375
643	-0.933594	0.958984
644	-0.957031	0.976563
645	-0.917969	0.945313
646	-0.945313	0.970703
647	-0.921875	0.925781
648	-0.943359	0.966797
649	-0.921875	0.957031
650	-0.908203	0.939453
651	-0.925781	0.945313
652	-0.923828	0.955078
653	-0.929688	0.955078
654	-0.941406	0.966797
655	-0.898438	0.917969
656	-0.931641	0.953125
657	-0.921875	0.947266
658	-0.939453	0.966797
659	-0.958984	0.976563
660	-0.888672	0.931641
661	-0.906250	0.949219
662	-0.904297	0.927734
663	-0.958984	0.978516
664	-0.933594	0.962891
665	-0.947266	0.968750
666	-0.927734	0.943359
667	-0.935547	0.960938
668	-0.929688	0.958984
669	-0.943359	0.970703
670	-0.902344	0.939453
671	-0.957031	0.970703
672	-0.937500	0.968750
673	-0.962891	0.980469
674	-0.929688	0.953125
675	-0.882813	0.923828
676	-0.937500	0.964844
677	-0.941406	0.964844
678	-0.933594	0.960938
679	-0.935547	0.964844
680	-0.888672	0.931641
681	-0.931641	0.962891
682	-0.925781	0.957031
683	-0.951172	0.966797
684	-0.904297	0.933594
685	-0.957031	0.976563
686	-0.957031	0.974609
687	-0.906250	0.941406
688	-0.939453	0.964844
689	-0.925781	0.957031
690	-0.923828	0.955078
691	-0.951172	0.964844
692	-0.947266	0.966797
693	-0.937500	0.966797
694	-0.960938	0.976563
695	-0.910156	0.951172
696	-0.968750	0.980469
697	-0.906250	0.945313
698	-0.886719	0.912109
699	-0.923828	0.957031
700	-0.921875	0.955078
701	-0.914063	0.941406
702	-0.943359	0.964844
703	-0.886719	0.906250
704	-0.921875	0.943359
705	-0.900391	0.939453
706	-0.925781	0.955078
707	-0.931641	0.957031
708	-0.925781	0.958984
709	-0.902344	0.935547
710	-0.896484	0.933594
711	-0.964844	0.980469
712	-0.921875	0.945313
713	-0.937500	0.958984
714	-0.904297	0.939453
715	-0.933594	0.962891
716	-0.908203	0.931641
717	-0.941406	0.958984
718	-0.929688	0.951172
719	-0.937500	0.958984
720	-0.935547	0.955078
721	-0.951172	0.972656
722	-0.937500	0.964844
723	-0.951172	0.970703
724	-0.937500	0.964844
725	-0.919922	0.943359
726	-0.902344	0.941406
727	-0.888672	0.927734
728	-0.910156	0.947266
729	-0.906250	0.941406
730	-0.929688	0.958984
731	-0.929688	0.960938
732	-0.916016	0.947266
733	-0.929688	0.958984
734	-0.923828	0.958984
735	-0.927734	0.960938
736	-0.947266	0.968750
737	-0.943359	0.964844
738	-0.912109	0.947266
739	-0.923828	0.955078
740	-0.914063	0.949219
741	-0.927734	0.951172
742	-0.937500	0.964844
743	-0.937500	0.960938
744	-0.951172	0.966797
745	-0.923828	0.960938
746	-0.919922	0.955078
747	-0.951172	0.964844
748	-0.914063	0.935547
749	-0.906250	0.927734
750	-0.929688	0.960938
751	-0.917969	0.951172
752	-0.916016	0.947266
753	-0.910156	0.943359
754	-0.935547	0.960938
755	-0.962891	0.980469
756	-0.919922	0.953125
757	-0.890625	0.927734
758	-0.929688	0.958984
759	-0.900391	0.933594
760	-0.923828	0.951172
761	-0.902344	0.939453
762	-0.957031	0.974609
763	-0.937500	0.964844
764	-0.931641	0.957031
765	-0.914063	0.951172
766	-0.960938	0.978516
767	-0.917969	0.953125
768	-0.931641	0.955078
769	-0.941406	0.964844
770	-0.937500	0.962891
771	-0.927734	0.955078
772	-0.929688	0.949219
773	-0.953125	0.974609
774	-0.914063	0.947266
775	-0.953125	0.972656
776	-0.910156	0.937500
777	-0.935547	0.964844
778	-0.937500	0.964844
779	-0.916016	0.941406
780	-0.941406	0.937500
781	-0.955078	0.974609
782	-0.910156	0.943359
783	-0.912109	0.927734
784	-0.921875	0.931641
785	-0.931641	0.960938
786	-0.916016	0.949219
787	-0.931641	0.960938
788	-0.937500	0.966797
789	-0.900391	0.927734
790	-0.945313	0.968750
791	-0.937500	0.966797
792	-0.919922	0.933594
793	-0.937500	0.964844
794	-0.923828	0.919922
795	-0.910156	0.943359
796	-0.910156	0.945313
797	-0.945313	0.970703
798	-0.937500	0.968750
799	-0.919922	0.951172
800	-0.933594	0.953125
801	-0.939453	0.964844
802	-0.939453	0.966797
803	-0.916016	0.957031
804	-0.943359	0.960938
805	-0.931641	0.947266
806	-0.910156	0.949219
807	-0.902344	0.931641
808	-0.908203	0.929688
809	-0.927734	0.945313
810	-0.914063	0.947266
811	-0.919922	0.951172
812	-0.929688	0.953125
813	-0.927734	0.958984
814	-0.906250	0.939453
815	-0.896484	0.935547
816	-0.923828	0.955078
817	-0.902344	0.943359
818	-0.925781	0.953125
819	-0.908203	0.935547
820	-0.941406	0.964844
821	-0.919922	0.943359
822	-0.943359	0.968750
823	-0.910156	0.943359
824	-0.939453	0.968750
825	-0.941406	0.964844
826	-0.929688	0.955078
827	-0.933594	0.957031
828	-0.945313	0.962891
829	-0.925781	0.951172
830	-0.945313	0.966797
831	-0.919922	0.953125
832	-0.912109	0.949219
833	-0.917969	0.955078
834	-0.916016	0.953125
835	-0.914063	0.929688
836	-0.960938	0.974609
837	-0.919922	0.949219
838	-0.927734	0.957031
839	-0.927734	0.949219
840	-0.935547	0.958984
841	-0.958984	0.978516
842	-0.916016	0.955078
843	-0.925781	0.957031
844	-0.929688	0.960938
845	-0.919922	0.949219
846	-0.927734	0.931641
847	-0.884766	0.898438
848	-0.916016	0.951172
849	-0.945313	0.968750
850	-0.931641	0.943359
851	-0.929688	0.960938
852	-0.937500	0.949219
853	-0.912109	0.935547
854	-0.880859	0.921875
855	-0.927734	0.962891
856	-0.933594	0.960938
857	-0.921875	0.957031
858	-0.931641	0.962891
859	-0.919922	0.949219
860	-0.910156	0.949219
861	-0.933594	0.962891
862	-0.933594	0.960938
863	-0.914063	0.953125
864	-0.906250	0.933594
865	-0.919922	0.951172
866	-0.931641	0.955078
867	-0.919922	0.947266
868	-0.964844	0.980469
869	-0.908203	0.941406
870	-0.937500	0.964844
871	-0.906250	0.949219
872	-0.919922	0.951172
873	-0.916016	0.953125
874	-0.923828	0.957031
875	-0.925781	0.957031
876	-0.910156	0.947266
877	-0.906250	0.939453
878	-0.921875	0.949219
879	-0.917969	0.941406
880	-0.906250	0.947266
881	-0.914063	0.949219
882	-0.933594	0.960938
883	-0.919922	0.957031
884	-0.955078	0.974609
885	-0.925781	0.955078
886	-0.929688	0.958984
887	-0.912109	0.937500
888	-0.923828	0.953125
889	-0.931641	0.957031
890	-0.935547	0.966797
891	-0.964844	0.982422
892	-0.898438	0.917969
893	-0.912109	0.941406
894	-0.917969	0.947266
895	-0.933594	0.957031
896	-0.908203	0.945313
897	-0.931641	0.958984
898	-0.937500	0.962891
899	-0.929688	0.960938
900	-0.927734	0.957031
901	-0.951172	0.974609
902	-0.894531	0.908203
903	-0.941406	0.968750
904	-0.933594	0.964844
905	-0.947266	0.970703
906	-0.933594	0.960938
907	-0.962891	0.980469
908	-0.947266	0.960938
909	-0.902344	0.941406
910	-0.914063	0.949219
911	-0.941406	0.968750
912	-0.910156	0.949219
913	-0.919922	0.955078
914	-0.925781	0.960938
915	-0.925781	0.958984
916	-0.912109	0.935547
917	-0.910156	0.947266
918	-0.933594	0.958984
919	-0.966797	0.982422
920	-0.945313	0.970703
921	-0.921875	0.949219
922	-0.890625	0.921875
923	-0.949219	0.974609
924	-0.886719	0.933594
925	-0.964844	0.980469
926	-0.919922	0.947266
927	-0.923828	0.958984
928	-0.929688	0.958984
929	-0.923828	0.951172
930	-0.923828	0.953125
931	-0.908203	0.933594
932	-0.912109	0.951172
933	-0.925781	0.953125
934	-0.937500	0.964844
935	-0.916016	0.933594
936	-0.957031	0.962891
937	-0.931641	0.962891
938	-0.957031	0.974609
939	-0.916016	0.931641
940	-0.914063	0.939453
941	-0.894531	0.923828
942	-0.921875	0.955078
943	-0.900391	0.933594
944	-0.966797	0.982422
945	-0.921875	0.955078
946	-0.955078	0.974609
947	-0.869141	0.910156
948	-0.935547	0.966797
949	-0.925781	0.957031
950	-0.941406	0.962891
951	-0.855469	0.892578
952	-0.925781	0.957031
953	-0.923828	0.957031
954	-0.947266	0.962891
955	-0.927734	0.953125
956	-0.904297	0.945313
957	-0.939453	0.964844
958	-0.931641	0.957031
959	-0.949219	0.970703
960	-0.902344	0.925781
961	-0.927734	0.953125
962	-0.906250	0.937500
963	-0.902344	0.941406
964	-0.958984	0.978516
965	-0.960938	0.974609
966	-0.972656	0.984375
967	-0.947266	0.972656
968	-0.917969	0.951172
969	-0.919922	0.951172
970	-0.888672	0.935547
971	-0.927734	0.957031
972	-0.919922	0.949219
973	-0.906250	0.943359
974	-0.916016	0.951172
975	-0.921875	0.953125
976	-0.898438	0.929688
977	-0.921875	0.955078
978	-0.955078	0.972656
979	-0.921875	0.953125
980	-0.921875	0.953125
981	-0.935547	0.960938
982	-0.925781	0.957031
983	-0.921875	0.931641
984	-0.955078	0.974609
985	-0.927734	0.951172
986	-0.955078	0.964844
987	-0.904297	0.921875
988	-0.935547	0.960938
989	-0.943359	0.966797
990	-0.960938	0.976563
991	-0.939453	0.964844
992	-0.935547	0.964844
993	-0.916016	0.949219
994	-0.939453	0.966797
995	-0.904297	0.939453
996	-0.947266	0.972656
997	-0.951172	0.970703
998	-0.919922	0.953125
999	-0.882813	0.921875
