0	-0.896484	0.939453
1	-0.884766	0.923828
2	-0.873047	0.900391
3	-0.843750	0.876953
4	-0.855469	0.904297
5	-0.865234	0.916016
6	-0.833984	0.859375
7	-0.867188	0.916016
8	-0.925781	0.958984
9	-0.857422	0.914063
10	-0.867188	0.912109
11	-0.867188	0.898438
12	-0.843750	0.890625
13	-0.839844	0.886719
14	-0.886719	0.933594
15	-0.902344	0.933594
16	-0.861328	0.908203
17	-0.876953	0.906250
18	-0.882813	0.931641
19	-0.837891	0.884766
20	-0.875000	0.919922
21	-0.855469	0.888672
22	-0.878906	0.923828
23	-0.847656	0.892578
24	-0.890625	0.941406
25	-0.835938	0.886719
26	-0.859375	0.916016
27	-0.890625	0.931641
28	-0.849609	0.896484
29	-0.818359	0.861328
30	-0.861328	0.910156
31	-0.892578	0.937500
32	-0.843750	0.888672
33	-0.849609	0.906250
34	-0.859375	0.900391
35	-0.888672	0.923828
36	-0.843750	0.880859
37	-0.839844	0.875000
38	-0.863281	0.875000
39	-0.849609	0.875000
40	-0.828125	0.828125
41	-0.873047	0.912109
42	-0.832031	0.873047
43	-0.859375	0.914063
44	-0.830078	0.880859
45	-0.908203	0.949219
46	-0.841797	0.900391
47	-0.869141	0.908203
48	-0.888672	0.931641
49	-0.867188	0.908203
50	-0.884766	0.923828
51	-0.892578	0.925781
52	-0.869141	0.916016
53	-0.898438	0.931641
54	-0.847656	0.896484
55	-0.867188	0.888672
56	-0.861328	0.878906
57	-0.818359	0.841797
58	-0.882813	0.923828
59	-0.851563	0.906250
60	-0.910156	0.947266
61	-0.833984	0.876953
62	-0.904297	0.941406
63	-0.871094	0.906250
64	-0.890625	0.929688
65	-0.828125	0.873047
66	-0.869141	0.890625
67	-0.847656	0.894531
68	-0.835938	0.867188
69	-0.837891	0.857422
70	-0.890625	0.925781
71	-0.894531	0.935547
72	-0.902344	0.945313
73	-0.855469	0.904297
74	-0.865234	0.916016
75	-0.880859	0.919922
76	-0.865234	0.914063
77	-0.865234	0.916016
78	-0.863281	0.896484
79	-0.837891	0.886719
80	-0.902344	0.929688
81	-0.845703	0.890625
82	-0.876953	0.916016
83	-0.869141	0.906250
84	-0.873047	0.914063
85	-0.931641	0.958984
86	-0.884766	0.931641
87	-0.832031	0.882813
88	-0.851563	0.886719
89	-0.882813	0.908203
90	-0.904297	0.943359
91	-0.904297	0.943359
92	-0.859375	0.904297
93	-0.871094	0.914063
94	-0.863281	0.900391
95	-0.873047	0.873047
96	-0.906250	0.929688
97	-0.867188	0.914063
98	-0.871094	0.914063
99	-0.882813	0.933594
100	-0.878906	0.921875
101	-0.880859	0.925781
102	-0.851563	0.912109
103	-0.865234	0.902344
104	-0.871094	0.912109
105	-0.900391	0.939453
106	-0.880859	0.919922
107	-0.792969	0.814453
108	-0.876953	0.925781
109	-0.878906	0.914063
110	-0.865234	0.898438
111	-0.880859	0.931641
112	-0.843750	0.910156
113	-0.861328	0.916016
114	-0.863281	0.902344
115	-0.871094	0.914063
116	-0.857422	0.908203
117	-0.851563	0.902344
118	-0.882813	0.933594
119	-0.857422	0.900391
120	-0.917969	0.943359
121	-0.917969	0.949219
122	-0.849609	0.898438
123	-0.851563	0.855469
124	-0.798828	0.818359
125	-0.845703	0.873047
126	-0.898438	0.943359
127	-0.880859	0.929688
128	-0.865234	0.912109
129	-0.845703	0.906250
130	-0.873047	0.914063
131	-0.857422	0.896484
132	-0.871094	0.914063
133	-0.878906	0.929688
134	-0.884766	0.916016
135	-0.904297	0.925781
136	-0.861328	0.900391
137	-0.869141	0.912109
138	-0.892578	0.933594
139	-0.880859	0.916016
140	-0.888672	0.923828
141	-0.843750	0.910156
142	-0.884766	0.919922
143	-0.865234	0.919922
144	-0.865234	0.914063
145	-0.869141	0.912109
146	-0.871094	0.912109
147	-0.867188	0.919922
148	-0.863281	0.894531
149	-0.878906	0.925781
150	-0.900391	0.914063
151	-0.871094	0.917969
152	-0.845703	0.859375
153	-0.898438	0.931641
154	-0.880859	0.925781
155	-0.880859	0.912109
156	-0.894531	0.933594
157	-0.878906	0.910156
158	-0.875000	0.904297
159	-0.888672	0.923828
160	-0.853516	0.910156
161	-0.892578	0.937500
162	-0.873047	0.878906
163	-0.847656	0.892578
164	-0.898438	0.941406
165	-0.869141	0.916016
166	-0.820313	0.880859
167	-0.894531	0.908203
168	-0.855469	0.865234
169	-0.841797	0.896484
170	-0.833984	0.898438
171	-0.857422	0.906250
172	-0.875000	0.900391
173	-0.892578	0.912109
174	-0.857422	0.910156
175	-0.869141	0.908203
176	-0.830078	0.876953
177	-0.841797	0.888672
178	-0.873047	0.912109
179	-0.882813	0.904297
180	-0.875000	0.916016
181	-0.888672	0.923828
182	-0.882813	0.927734
183	-0.867188	0.917969
184	-0.847656	0.898438
185	-0.884766	0.927734
186	-0.867188	0.892578
187	-0.832031	0.871094
188	-0.837891	0.888672
189	-0.835938	0.880859
190	-0.876953	0.916016
191	-0.908203	0.931641
192	-0.896484	0.943359
193	-0.886719	0.921875
194	-0.873047	0.921875
195	-0.865234	0.890625
196	-0.939453	0.966797
197	-0.878906	0.914063
198	-0.843750	0.896484
199	-0.869141	0.919922
200	-0.859375	0.908203
201	-0.859375	0.886719
202	-0.857422	0.894531
203	-0.869141	0.917969
204	-0.857422	0.898438
205	-0.863281	0.888672
206	-0.896484	0.935547
207	-0.900391	0.919922
208	-0.904297	0.937500
209	-0.832031	0.896484
210	-0.851563	0.912109
211	-0.894531	0.929688
212	-0.890625	0.916016
213	-0.828125	0.890625
214	-0.824219	0.867188
215	-0.851563	0.886719
216	-0.875000	0.919922
217	-0.880859	0.910156
218	-0.843750	0.871094
219	-0.851563	0.904297
220	-0.884766	0.925781
221	-0.921875	0.958984
222	-0.900391	0.945313
223	-0.816406	0.867188
224	-0.861328	0.890625
225	-0.853516	0.861328
226	-0.892578	0.929688
227	-0.888672	0.929688
228	-0.843750	0.898438
229	-0.835938	0.882813
230	-0.865234	0.919922
231	-0.875000	0.929688
232	-0.865234	0.906250
233	-0.841797	0.880859
234	-0.832031	0.896484
235	-0.853516	0.904297
236	-0.851563	0.800781
237	-0.865234	0.839844
238	-0.810547	0.835938
239	-0.892578	0.933594
240	-0.871094	0.917969
241	-0.843750	0.884766
242	-0.867188	0.925781
243	-0.843750	0.855469
244	-0.876953	0.921875
245	-0.835938	0.875000
246	-0.880859	0.931641
247	-0.892578	0.933594
248	-0.861328	0.910156
249	-0.876953	0.906250
250	-0.867188	0.910156
251	-0.875000	0.916016
252	-0.867188	0.904297
253	-0.888672	0.921875
254	-0.898438	0.937500
255	-0.873047	0.917969
256	-0.802734	0.847656
257	-0.853516	0.888672
258	-0.896484	0.933594
259	-0.882813	0.912109
260	-0.847656	0.910156
261	-0.865234	0.919922
262	-0.841797	0.884766
263	-0.839844	0.890625
264	-0.935547	0.964844
265	-0.878906	0.919922
266	-0.902344	0.929688
267	-0.849609	0.886719
268	-0.851563	0.898438
269	-0.902344	0.937500
270	-0.857422	0.900391
271	-0.814453	0.802734
272	-0.869141	0.923828
273	-0.896484	0.939453
274	-0.861328	0.914063
275	-0.912109	0.947266
276	-0.859375	0.908203
277	-0.867188	0.923828
278	-0.880859	0.904297
279	-0.876953	0.908203
280	-0.884766	0.917969
281	-0.873047	0.917969
282	-0.880859	0.921875
283	-0.902344	0.917969
284	-0.853516	0.910156
285	-0.888672	0.925781
286	-0.861328	0.925781
287	-0.882813	0.929688
288	-0.863281	0.906250
289	-0.865234	0.910156
290	-0.833984	0.884766
291	-0.830078	0.865234
292	-0.880859	0.927734
293	-0.906250	0.943359
294	-0.919922	0.949219
295	-0.921875	0.958984
296	-0.818359	0.876953
297	-0.869141	0.923828
298	-0.843750	0.896484
299	-0.869141	0.914063
300	-0.861328	0.888672
301	-0.833984	0.888672
302	-0.898438	0.935547
303	-0.894531	0.931641
304	-0.896484	0.937500
305	-0.886719	0.927734
306	-0.867188	0.910156
307	-0.890625	0.935547
308	-0.884766	0.927734
309	-0.865234	0.910156
310	-0.925781	0.957031
311	-0.878906	0.914063
312	-0.943359	0.958984
313	-0.865234	0.916016
314	-0.837891	0.878906
315	-0.859375	0.910156
316	-0.878906	0.923828
317	-0.865234	0.894531
318	-0.851563	0.904297
319	-0.849609	0.900391
320	-0.882813	0.929688
321	-0.833984	0.841797
322	-0.888672	0.929688
323	-0.876953	0.923828
324	-0.884766	0.923828
325	-0.845703	0.890625
326	-0.820313	0.851563
327	-0.878906	0.921875
328	-0.861328	0.916016
329	-0.861328	0.902344
330	-0.873047	0.923828
331	-0.898438	0.927734
332	-0.917969	0.949219
333	-0.923828	0.953125
334	-0.898438	0.931641
335	-0.871094	0.912109
336	-0.898438	0.939453
337	-0.875000	0.894531
338	-0.888672	0.921875
339	-0.888672	0.925781
340	-0.849609	0.888672
341	-0.912109	0.947266
342	-0.875000	0.917969
343	-0.863281	0.908203
344	-0.876953	0.921875
345	-0.884766	0.931641
346	-0.888672	0.923828
347	-0.876953	0.917969
348	-0.886719	0.931641
349	-0.869141	0.917969
350	-0.894531	0.935547
351	-0.876953	0.888672
352	-0.886719	0.929688
353	-0.882813	0.933594
354	-0.824219	0.894531
355	-0.875000	0.925781
356	-0.851563	0.880859
357	-0.886719	0.916016
358	-0.888672	0.921875
359	-0.851563	0.908203
360	-0.878906	0.925781
361	-0.880859	0.908203
362	-0.867188	0.896484
363	-0.888672	0.935547
364	-0.847656	0.902344
365	-0.882813	0.921875
366	-0.861328	0.900391
367	-0.832031	0.896484
368	-0.876953	0.929688
369	-0.832031	0.886719
370	-0.900391	0.931641
371	-0.826172	0.876953
372	-0.871094	0.912109
373	-0.865234	0.919922
374	-0.873047	0.916016
375	-0.847656	0.900391
376	-0.884766	0.900391
377	-0.869141	0.884766
378	-0.839844	0.855469
379	-0.822266	0.857422
380	-0.910156	0.939453
381	-0.884766	0.933594
382	-0.892578	0.941406
383	-0.884766	0.914063
384	-0.861328	0.908203
385	-0.847656	0.888672
386	-0.851563	0.900391
387	-0.843750	0.890625
388	-0.859375	0.902344
389	-0.869141	0.910156
390	-0.865234	0.900391
391	-0.878906	0.925781
392	-0.892578	0.921875
393	-0.892578	0.937500
394	-0.855469	0.902344
395	-0.916016	0.945313
396	-0.914063	0.953125
397	-0.882813	0.908203
398	-0.855469	0.902344
399	-0.906250	0.941406
400	-0.904297	0.939453
401	-0.898438	0.939453
402	-0.882813	0.923828
403	-0.886719	0.935547
404	-0.916016	0.953125
405	-0.896484	0.939453
406	-0.896484	0.925781
407	-0.888672	0.933594
408	-0.882813	0.933594
409	-0.919922	0.953125
410	-0.890625	0.923828
411	-0.835938	0.894531
412	-0.833984	0.898438
413	-0.863281	0.910156
414	-0.886719	0.929688
415	-0.892578	0.923828
416	-0.841797	0.882813
417	-0.826172	0.869141
418	-0.876953	0.894531
419	-0.882813	0.931641
420	-0.898438	0.939453
421	-0.896484	0.941406
422	-0.855469	0.908203
423	-0.847656	0.871094
424	-0.882813	0.910156
425	-0.910156	0.945313
426	-0.869141	0.916016
427	-0.867188	0.910156
428	-0.919922	0.958984
429	-0.814453	0.878906
430	-0.892578	0.933594
431	-0.839844	0.894531
432	-0.863281	0.900391
433	-0.886719	0.921875
434	-0.845703	0.902344
435	-0.847656	0.890625
436	-0.865234	0.916016
437	-0.835938	0.880859
438	-0.884766	0.929688
439	-0.894531	0.917969
440	-0.898438	0.939453
441	-0.869141	0.927734
442	-0.808594	0.857422
443	-0.863281	0.917969
444	-0.906250	0.921875
445	-0.841797	0.863281
446	-0.873047	0.919922
447	-0.830078	0.876953
448	-0.925781	0.957031
449	-0.908203	0.943359
450	-0.884766	0.908203
451	-0.873047	0.912109
452	-0.910156	0.943359
453	-0.875000	0.912109
454	-0.843750	0.902344
455	-0.853516	0.900391
456	-0.859375	0.908203
457	-0.851563	0.914063
458	-0.906250	0.947266
459	-0.916016	0.945313
460	-0.847656	0.884766
461	-0.873047	0.919922
462	-0.876953	0.925781
463	-0.916016	0.949219
464	-0.875000	0.914063
465	-0.845703	0.888672
466	-0.865234	0.917969
467	-0.900391	0.931641
468	-0.867188	0.888672
469	-0.886719	0.923828
470	-0.837891	0.892578
471	-0.828125	0.882813
472	-0.828125	0.875000
473	-0.880859	0.927734
474	-0.867188	0.896484
475	-0.826172	0.876953
476	-0.849609	0.876953
477	-0.869141	0.921875
478	-0.843750	0.863281
479	-0.908203	0.951172
480	-0.847656	0.902344
481	-0.886719	0.923828
482	-0.867188	0.916016
483	-0.871094	0.914063
484	-0.878906	0.927734
485	-0.878906	0.919922
486	-0.898438	0.941406
487	-0.845703	0.888672
488	-0.875000	0.908203
489	-0.861328	0.910156
490	-0.878906	0.923828
491	-0.843750	0.863281
492	-0.873047	0.908203
493	-0.832031	0.888672
494	-0.853516	0.882813
495	-0.865234	0.910156
496	-0.910156	0.947266
497	-0.869141	0.916016
498	-0.839844	0.824219
499	-0.902344	0.945313
500	-0.884766	0.921875
501	-0.898438	0.943359
502	-0.873047	0.904297
503	-0.830078	0.875000
504	-0.878906	0.908203
505	-0.863281	0.908203
506	-0.892578	0.931641
507	-0.890625	0.925781
508	-0.867188	0.914063
509	-0.853516	0.865234
510	-0.875000	0.916016
511	-0.900391	0.914063
512	-0.869141	0.910156
513	-0.816406	0.867188
514	-0.865234	0.908203
515	-0.867188	0.916016
516	-0.851563	0.900391
517	-0.912109	0.945313
518	-0.900391	0.921875
519	-0.818359	0.886719
520	-0.835938	0.867188
521	-0.867188	0.896484
522	-0.867188	0.875000
523	-0.804688	0.820313
524	-0.865234	0.910156
525	-0.921875	0.953125
526	-0.808594	0.808594
527	-0.824219	0.787109
528	-0.822266	0.769531
529	-0.843750	0.824219
530	-0.855469	0.898438
531	-0.876953	0.925781
532	-0.898438	0.931641
533	-0.824219	0.871094
534	-0.869141	0.919922
535	-0.916016	0.951172
536	-0.876953	0.919922
537	-0.878906	0.927734
538	-0.794922	0.843750
539	-0.873047	0.919922
540	-0.833984	0.904297
541	-0.869141	0.888672
542	-0.861328	0.898438
543	-0.853516	0.912109
544	-0.878906	0.912109
545	-0.876953	0.923828
546	-0.855469	0.857422
547	-0.876953	0.914063
548	-0.890625	0.919922
549	-0.894531	0.931641
550	-0.892578	0.937500
551	-0.832031	0.882813
552	-0.900391	0.941406
553	-0.878906	0.927734
554	-0.916016	0.933594
555	-0.869141	0.914063
556	-0.826172	0.820313
557	-0.855469	0.894531
558	-0.839844	0.882813
559	-0.876953	0.894531
560	-0.859375	0.851563
561	-0.861328	0.908203
562	-0.888672	0.939453
563	-0.833984	0.847656
564	-0.902344	0.933594
565	-0.863281	0.923828
566	-0.884766	0.929688
567	-0.888672	0.933594
568	-0.841797	0.892578
569	-0.851563	0.902344
570	-0.869141	0.917969
571	-0.876953	0.923828
572	-0.865234	0.912109
573	-0.880859	0.925781
574	-0.912109	0.949219
575	-0.888672	0.923828
576	-0.855469	0.896484
577	-0.869141	0.910156
578	-0.890625	0.927734
579	-0.876953	0.925781
580	-0.892578	0.937500
581	-0.876953	0.917969
582	-0.880859	0.925781
583	-0.888672	0.931641
584	-0.849609	0.902344
585	-0.884766	0.914063
586	-0.851563	0.876953
587	-0.865234	0.892578
588	-0.878906	0.908203
589	-0.869141	0.908203
590	-0.855469	0.910156
591	-0.900391	0.941406
592	-0.875000	0.855469
593	-0.906250	0.925781
594	-0.882813	0.923828
595	-0.910156	0.951172
596	-0.824219	0.882813
597	-0.908203	0.947266
598	-0.851563	0.906250
599	-0.867188	0.859375
600	-0.855469	0.890625
601	-0.863281	0.917969
602	-0.876953	0.917969
603	-0.908203	0.923828
604	-0.835938	0.832031
605	-0.878906	0.898438
606	-0.855469	0.882813
607	-0.876953	0.921875
608	-0.843750	0.898438
609	-0.882813	0.933594
610	-0.843750	0.857422
611	-0.847656	0.902344
612	-0.923828	0.951172
613	-0.849609	0.845703
614	-0.878906	0.912109
615	-0.875000	0.908203
616	-0.869141	0.910156
617	-0.832031	0.851563
618	-0.886719	0.921875
619	-0.873047	0.914063
620	-0.873047	0.906250
621	-0.908203	0.949219
622	-0.914063	0.943359
623	-0.859375	0.910156
624	-0.890625	0.931641
625	-0.880859	0.925781
626	-0.880859	0.916016
627	-0.841797	0.896484
628	-0.880859	0.929688
629	-0.876953	0.898438
630	-0.847656	0.886719
631	-0.884766	0.931641
632	-0.876953	0.927734
633	-0.888672	0.929688
634	-0.863281	0.890625
635	-0.884766	0.923828
636	-0.849609	0.900391
637	-0.933594	0.964844
638	-0.884766	0.935547
639	-0.882813	0.925781
640	-0.859375	0.919922
641	-0.929688	0.960938
642	-0.867188	0.919922
643	-0.929688	0.960938
644	-0.861328	0.916016
645	-0.875000	0.916016
646	-0.871094	0.916016
647	-0.906250	0.947266
648	-0.898438	0.937500
649	-0.789063	0.824219
650	-0.843750	0.884766
651	-0.892578	0.937500
652	-0.902344	0.939453
653	-0.876953	0.931641
654	-0.816406	0.890625
655	-0.878906	0.919922
656	-0.855469	0.912109
657	-0.900391	0.937500
658	-0.869141	0.906250
659	-0.898438	0.939453
660	-0.894531	0.937500
661	-0.865234	0.912109
662	-0.910156	0.931641
663	-0.888672	0.931641
664	-0.845703	0.902344
665	-0.865234	0.921875
666	-0.873047	0.906250
667	-0.902344	0.933594
668	-0.859375	0.894531
669	-0.855469	0.912109
670	-0.900391	0.941406
671	-0.839844	0.878906
672	-0.898438	0.931641
673	-0.876953	0.914063
674	-0.898438	0.935547
675	-0.847656	0.876953
676	-0.908203	0.939453
677	-0.816406	0.835938
678	-0.873047	0.929688
679	-0.863281	0.908203
680	-0.878906	0.916016
681	-0.886719	0.906250
682	-0.904297	0.933594
683	-0.880859	0.921875
684	-0.812500	0.818359
685	-0.865234	0.916016
686	-0.880859	0.925781
687	-0.908203	0.949219
688	-0.886719	0.925781
689	-0.873047	0.916016
690	-0.894531	0.927734
691	-0.873047	0.929688
692	-0.884766	0.923828
693	-0.837891	0.886719
694	-0.845703	0.839844
695	-0.876953	0.884766
696	-0.849609	0.912109
697	-0.845703	0.865234
698	-0.896484	0.937500
699	-0.861328	0.919922
700	-0.857422	0.914063
701	-0.900391	0.935547
702	-0.888672	0.927734
703	-0.851563	0.875000
704	-0.863281	0.894531
705	-0.880859	0.912109
706	-0.867188	0.906250
707	-0.855469	0.908203
708	-0.851563	0.882813
709	-0.845703	0.886719
710	-0.855469	0.892578
711	-0.886719	0.929688
712	-0.847656	0.916016
713	-0.832031	0.888672
714	-0.892578	0.935547
715	-0.826172	0.878906
716	-0.878906	0.921875
717	-0.878906	0.916016
718	-0.828125	0.886719
719	-0.849609	0.890625
720	-0.875000	0.917969
721	-0.859375	0.900391
722	-0.873047	0.929688
723	-0.873047	0.904297
724	-0.861328	0.908203
725	-0.869141	0.916016
726	-0.869141	0.867188
727	-0.851563	0.867188
728	-0.902344	0.941406
729	-0.875000	0.919922
730	-0.900391	0.937500
731	-0.886719	0.933594
732	-0.841797	0.896484
733	-0.894531	0.919922
734	-0.857422	0.910156
735	-0.882813	0.919922
736	-0.839844	0.882813
737	-0.898438	0.937500
738	-0.900391	0.937500
739	-0.851563	0.902344
740	-0.886719	0.894531
741	-0.824219	0.880859
742	-0.876953	0.884766
743	-0.828125	0.853516
744	-0.851563	0.849609
745	-0.873047	0.898438
746	-0.832031	0.843750
747	-0.855469	0.855469
748	-0.876953	0.871094
749	-0.867188	0.906250
750	-0.882813	0.933594
751	-0.867188	0.916016
752	-0.875000	0.925781
753	-0.902344	0.933594
754	-0.886719	0.917969
755	-0.861328	0.912109
756	-0.906250	0.937500
757	-0.865234	0.908203
758	-0.873047	0.916016
759	-0.916016	0.949219
760	-0.857422	0.894531
761	-0.863281	0.912109
762	-0.847656	0.894531
763	-0.884766	0.921875
764	-0.873047	0.910156
765	-0.789063	0.853516
766	-0.865234	0.904297
767	-0.884766	0.919922
768	-0.835938	0.894531
769	-0.908203	0.949219
770	-0.876953	0.931641
771	-0.898438	0.933594
772	-0.871094	0.925781
773	-0.882813	0.927734
774	-0.888672	0.927734
775	-0.861328	0.908203
776	-0.824219	0.865234
777	-0.890625	0.935547
778	-0.871094	0.894531
779	-0.837891	0.898438
780	-0.828125	0.878906
781	-0.888672	0.929688
782	-0.878906	0.929688
783	-0.857422	0.902344
784	-0.906250	0.943359
785	-0.880859	0.917969
786	-0.878906	0.921875
787	-0.847656	0.902344
788	-0.837891	0.843750
789	-0.861328	0.892578
790	-0.816406	0.816406
791	-0.875000	0.931641
792	-0.910156	0.945313
793	-0.841797	0.871094
794	-0.851563	0.904297
795	-0.871094	0.912109
796	-0.851563	0.902344
797	-0.824219	0.875000
798	-0.892578	0.933594
799	-0.916016	0.945313
800	-0.857422	0.914063
801	-0.853516	0.890625
802	-0.892578	0.933594
803	-0.820313	0.851563
804	-0.857422	0.884766
805	-0.892578	0.929688
806	-0.933594	0.966797
807	-0.826172	0.869141
808	-0.880859	0.923828
809	-0.863281	0.902344
810	-0.847656	0.876953
811	-0.843750	0.869141
812	-0.876953	0.917969
813	-0.876953	0.917969
814	-0.888672	0.931641
815	-0.882813	0.919922
816	-0.921875	0.955078
817	-0.880859	0.916016
818	-0.826172	0.892578
819	-0.861328	0.902344
820	-0.898438	0.933594
821	-0.896484	0.931641
822	-0.876953	0.921875
823	-0.839844	0.900391
824	-0.875000	0.923828
825	-0.886719	0.910156
826	-0.863281	0.916016
827	-0.921875	0.947266
828	-0.857422	0.904297
829	-0.896484	0.939453
830	-0.884766	0.917969
831	-0.843750	0.892578
832	-0.875000	0.900391
833	-0.882813	0.921875
834	-0.876953	0.910156
835	-0.902344	0.919922
836	-0.861328	0.888672
837	-0.894531	0.941406
838	-0.820313	0.884766
839	-0.896484	0.933594
840	-0.867188	0.904297
841	-0.894531	0.943359
842	-0.847656	0.880859
843	-0.830078	0.871094
844	-0.865234	0.896484
845	-0.882813	0.912109
846	-0.906250	0.945313
847	-0.869141	0.914063
848	-0.757813	0.808594
849	-0.908203	0.947266
850	-0.822266	0.882813
851	-0.902344	0.941406
852	-0.857422	0.904297
853	-0.855469	0.904297
854	-0.904297	0.945313
855	-0.878906	0.906250
856	-0.849609	0.894531
857	-0.867188	0.875000
858	-0.857422	0.886719
859	-0.851563	0.853516
860	-0.841797	0.890625
861	-0.859375	0.886719
862	-0.921875	0.955078
863	-0.894531	0.937500
864	-0.919922	0.955078
865	-0.894531	0.933594
866	-0.888672	0.929688
867	-0.882813	0.923828
868	-0.890625	0.939453
869	-0.861328	0.910156
870	-0.849609	0.892578
871	-0.835938	0.882813
872	-0.902344	0.927734
873	-0.873047	0.919922
874	-0.835938	0.853516
875	-0.837891	0.849609
876	-0.816406	0.855469
877	-0.824219	0.886719
878	-0.851563	0.894531
879	-0.908203	0.941406
880	-0.876953	0.912109
881	-0.917969	0.951172
882	-0.859375	0.894531
883	-0.884766	0.929688
884	-0.849609	0.865234
885	-0.906250	0.919922
886	-0.847656	0.849609
887	-0.898438	0.933594
888	-0.853516	0.833984
889	-0.896484	0.927734
890	-0.919922	0.958984
891	-0.902344	0.947266
892	-0.871094	0.923828
893	-0.917969	0.947266
894	-0.906250	0.943359
895	-0.878906	0.917969
896	-0.824219	0.875000
897	-0.886719	0.921875
898	-0.833984	0.875000
899	-0.900391	0.937500
900	-0.857422	0.898438
901	-0.878906	0.927734
902	-0.871094	0.914063
903	-0.906250	0.935547
904	-0.923828	0.958984
905	-0.886719	0.935547
906	-0.826172	0.884766
907	-0.841797	0.896484
908	-0.822266	0.871094
909	-0.867188	0.912109
910	-0.888672	0.929688
911	-0.841797	0.898438
912	-0.896484	0.917969
913	-0.849609	0.894531
914	-0.833984	0.871094
915	-0.908203	0.929688
916	-0.904297	0.943359
917	-0.873047	0.902344
918	-0.890625	0.923828
919	-0.878906	0.916016
920	-0.853516	0.912109
921	-0.837891	0.898438
922	-0.912109	0.935547
923	-0.876953	0.908203
924	-0.888672	0.927734
925	-0.867188	0.923828
926	-0.845703	0.869141
927	-0.865234	0.910156
928	-0.847656	0.884766
929	-0.851563	0.871094
930	-0.851563	0.908203
931	-0.886719	0.931641
932	-0.906250	0.947266
933	-0.878906	0.921875
934	-0.847656	0.900391
935	-0.869141	0.917969
936	-0.865234	0.917969
937	-0.886719	0.935547
938	-0.875000	0.925781
939	-0.888672	0.925781
940	-0.890625	0.931641
941	-0.894531	0.933594
942	-0.855469	0.867188
943	-0.824219	0.871094
944	-0.875000	0.896484
945	-0.884766	0.910156
946	-0.888672	0.921875
947	-0.925781	0.957031
948	-0.904297	0.945313
949	-0.865234	0.912109
950	-0.828125	0.865234
951	-0.892578	0.935547
952	-0.921875	0.953125
953	-0.902344	0.943359
954	-0.861328	0.902344
955	-0.865234	0.908203
956	-0.894531	0.937500
957	-0.880859	0.923828
958	-0.875000	0.906250
959	-0.898438	0.937500
960	-0.876953	0.935547
961	-0.882813	0.919922
962	-0.855469	0.898438
963	-0.873047	0.919922
964	-0.886719	0.927734
965	-0.896484	0.935547
966	-0.859375	0.888672
967	-0.908203	0.941406
968	-0.867188	0.906250
969	-0.867188	0.900391
970	-0.917969	0.953125
971	-0.845703	0.855469
972	-0.900391	0.925781
973	-0.894531	0.933594
974	-0.833984	0.882813
975	-0.904297	0.941406
976	-0.871094	0.900391
977	-0.896484	0.925781
978	-0.882813	0.904297
979	-0.859375	0.904297
980	-0.923828	0.955078
981	-0.873047	0.898438
982	-0.869141	0.900391
983	-0.890625	0.921875
984	-0.882813	0.929688
985	-0.884766	0.925781
986	-0.880859	0.912109
987	-0.791016	0.802734
988	-0.853516	0.896484
989	-0.843750	0.886719
990	-0.890625	0.923828
991	-0.880859	0.908203
992	-0.843750	0.896484
993	-0.847656	0.902344
994	-0.832031	0.898438
995	-0.859375	0.894531
996	-0.857422	0.902344
997	-0.863281	0.894531
998	-0.890625	0.908203
999	-0.894531	0.939453
