0	-0.996094	0.998047
1	-0.974609	0.984375
2	-0.992188	0.996094
3	-0.964844	0.980469
4	-0.996094	0.998047
5	-0.988281	0.994141
6	-0.988281	0.994141
7	-0.980469	0.990234
8	-0.992188	0.996094
9	-0.996094	0.998047
10	-0.978516	0.986328
11	-0.992188	0.996094
12	-0.996094	0.998047
13	-0.974609	0.980469
14	-0.992188	0.996094
15	-1.000000	1.000000
16	-0.980469	0.990234
17	-0.982422	0.990234
18	-0.982422	0.990234
19	-0.978516	0.988281
20	-0.990234	0.994141
21	-0.966797	0.980469
22	-0.984375	0.992188
23	-0.992188	0.996094
24	-0.984375	0.990234
25	-0.976563	0.988281
26	-0.996094	0.998047
27	-0.996094	0.998047
28	-0.996094	0.998047
29	-0.984375	0.992188
30	-0.984375	0.992188
31	-0.996094	0.998047
32	-1.000000	1.000000
33	-0.988281	0.994141
34	-0.966797	0.976563
35	-0.990234	0.994141
36	-0.984375	0.992188
37	-0.996094	0.998047
38	-0.992188	0.996094
39	-0.996094	0.998047
40	-0.974609	0.982422
41	-0.992188	0.996094
42	-0.988281	0.994141
43	-0.992188	0.996094
44	-0.982422	0.990234
45	-0.988281	0.994141
46	-0.986328	0.992188
47	-0.996094	0.998047
48	-0.988281	0.994141
49	-0.992188	0.996094
50	-0.980469	0.990234
51	-0.980469	0.990234
52	-0.988281	0.994141
53	-0.992188	0.996094
54	-0.992188	0.996094
55	-0.984375	0.992188
56	-0.988281	0.994141
57	-1.000000	1.000000
58	-0.990234	0.994141
59	-0.988281	0.994141
60	-0.992188	0.996094
61	-0.990234	0.994141
62	-0.984375	0.992188
63	-0.980469	0.990234
64	-0.994141	0.996094
65	-0.992188	0.996094
66	-0.986328	0.990234
67	-0.992188	0.996094
68	-0.996094	0.998047
69	-0.984375	0.992188
70	-0.986328	0.992188
71	-0.992188	0.996094
72	-0.992188	0.996094
73	-0.988281	0.994141
74	-0.988281	0.994141
75	-0.992188	0.996094
76	-1.000000	1.000000
77	-0.992188	0.996094
78	-0.996094	0.998047
79	-0.996094	0.998047
80	-0.988281	0.994141
81	-0.992188	0.996094
82	-0.984375	0.990234
83	-1.000000	1.000000
84	-1.000000	1.000000
85	-0.988281	0.994141
86	-0.984375	0.992188
87	-1.000000	1.000000
88	-0.994141	0.996094
89	-0.996094	0.998047
90	-0.982422	0.990234
91	-0.988281	0.994141
92	-0.984375	0.990234
93	-0.980469	0.990234
94	-0.976563	0.988281
95	-0.984375	0.992188
96	-0.984375	0.992188
97	-0.982422	0.990234
98	-0.982422	0.984375
99	-0.988281	0.994141
100	-0.980469	0.990234
101	-0.980469	0.990234
102	-1.000000	1.000000
103	-0.986328	0.990234
104	-0.996094	0.998047
105	-0.980469	0.990234
106	-0.978516	0.988281
107	-0.986328	0.992188
108	-0.986328	0.992188
109	-0.984375	0.992188
110	-0.986328	0.992188
111	-0.992188	0.996094
112	-0.992188	0.996094
113	-0.984375	0.992188
114	-0.992188	0.996094
115	-0.984375	0.984375
116	-1.000000	1.000000
117	-0.984375	0.992188
118	-0.988281	0.994141
119	-0.972656	0.984375
120	-0.990234	0.994141
121	-0.996094	0.998047
122	-0.992188	0.996094
123	-0.988281	0.994141
124	-1.000000	1.000000
125	-0.990234	0.994141
126	-0.996094	0.998047
127	-0.992188	0.996094
128	-0.984375	0.990234
129	-0.964844	0.982422
130	-0.988281	0.994141
131	-0.988281	0.994141
132	-0.988281	0.994141
133	-0.992188	0.996094
134	-0.996094	0.998047
135	-0.984375	0.992188
136	-0.966797	0.980469
137	-0.988281	0.994141
138	-0.992188	0.996094
139	-0.996094	0.998047
140	-0.996094	0.998047
141	-0.996094	0.998047
142	-0.992188	0.996094
143	-0.996094	0.998047
144	-0.984375	0.992188
145	-0.988281	0.994141
146	-0.980469	0.986328
147	-0.982422	0.990234
148	-0.990234	0.994141
149	-0.996094	0.998047
150	-0.996094	0.998047
151	-0.992188	0.996094
152	-0.988281	0.994141
153	-0.994141	0.996094
154	-0.992188	0.996094
155	-0.988281	0.994141
156	-0.988281	0.994141
157	-0.988281	0.994141
158	-0.992188	0.996094
159	-1.000000	1.000000
160	-0.984375	0.992188
161	-1.000000	1.000000
162	-0.990234	0.994141
163	-0.992188	0.996094
164	-0.996094	0.998047
165	-0.980469	0.990234
166	-0.988281	0.994141
167	-1.000000	1.000000
168	-0.992188	0.996094
169	-0.976563	0.988281
170	-0.980469	0.990234
171	-0.988281	0.994141
172	-0.984375	0.992188
173	-0.992188	0.996094
174	-0.996094	0.998047
175	-0.988281	0.994141
176	-0.972656	0.986328
177	-0.988281	0.994141
178	-0.988281	0.994141
179	-0.982422	0.990234
180	-0.986328	0.992188
181	-0.996094	0.998047
182	-0.996094	0.998047
183	-0.984375	0.992188
184	-0.988281	0.994141
185	-0.974609	0.984375
186	-0.988281	0.994141
187	-0.984375	0.992188
188	-1.000000	1.000000
189	-0.988281	0.994141
190	-0.974609	0.986328
191	-0.996094	0.998047
192	-0.996094	0.998047
193	-0.988281	0.994141
194	-0.992188	0.996094
195	-0.996094	0.998047
196	-0.992188	0.996094
197	-0.992188	0.996094
198	-0.988281	0.994141
199	-0.984375	0.992188
200	-0.988281	0.994141
201	-0.996094	0.998047
202	-0.980469	0.990234
203	-0.988281	0.994141
204	-0.996094	0.998047
205	-0.986328	0.992188
206	-0.988281	0.994141
207	-0.992188	0.996094
208	-0.996094	0.998047
209	-0.992188	0.996094
210	-0.988281	0.994141
211	-0.996094	0.998047
212	-0.996094	0.998047
213	-0.992188	0.996094
214	-0.984375	0.992188
215	-0.992188	0.996094
216	-0.992188	0.996094
217	-0.996094	0.998047
218	-0.996094	0.998047
219	-0.992188	0.996094
220	-0.978516	0.988281
221	-0.992188	0.996094
222	-0.992188	0.996094
223	-0.984375	0.992188
224	-0.996094	0.998047
225	-0.982422	0.990234
226	-0.992188	0.996094
227	-0.990234	0.994141
228	-0.974609	0.986328
229	-0.984375	0.992188
230	-0.976563	0.988281
231	-0.990234	0.994141
232	-0.984375	0.990234
233	-0.976563	0.986328
234	-0.984375	0.992188
235	-0.992188	0.996094
236	-0.996094	0.998047
237	-1.000000	1.000000
238	-0.982422	0.990234
239	-0.986328	0.992188
240	-0.980469	0.990234
241	-0.988281	0.994141
242	-0.996094	0.998047
243	-0.988281	0.994141
244	-0.988281	0.994141
245	-0.986328	0.992188
246	-0.974609	0.986328
247	-0.982422	0.990234
248	-0.976563	0.984375
249	-0.984375	0.992188
250	-0.984375	0.992188
251	-0.978516	0.988281
252	-0.988281	0.994141
253	-0.984375	0.992188
254	-0.990234	0.994141
255	-0.996094	0.998047
256	-0.992188	0.996094
257	-0.974609	0.986328
258	-0.982422	0.990234
259	-0.984375	0.992188
260	-1.000000	1.000000
261	-0.988281	0.994141
262	-0.988281	0.994141
263	-0.984375	0.992188
264	-0.992188	0.996094
265	-0.988281	0.994141
266	-0.980469	0.990234
267	-0.996094	0.998047
268	-0.988281	0.992188
269	-0.992188	0.996094
270	-0.988281	0.994141
271	-0.992188	0.996094
272	-0.988281	0.994141
273	-0.980469	0.990234
274	-0.994141	0.996094
275	-0.980469	0.990234
276	-0.972656	0.984375
277	-0.976563	0.984375
278	-0.992188	0.996094
279	-0.982422	0.990234
280	-0.992188	0.996094
281	-0.996094	0.998047
282	-0.996094	0.998047
283	-0.996094	0.998047
284	-0.992188	0.996094
285	-0.984375	0.992188
286	-0.984375	0.992188
287	-0.980469	0.990234
288	-0.992188	0.996094
289	-0.986328	0.992188
290	-0.988281	0.994141
291	-0.996094	0.998047
292	-0.992188	0.996094
293	-0.978516	0.988281
294	-0.992188	0.996094
295	-0.990234	0.994141
296	-0.978516	0.988281
297	-0.980469	0.990234
298	-0.992188	0.996094
299	-0.996094	0.998047
300	-0.996094	0.998047
301	-0.992188	0.996094
302	-0.996094	0.998047
303	-0.978516	0.986328
304	-0.988281	0.994141
305	-0.996094	0.998047
306	-0.992188	0.996094
307	-0.988281	0.994141
308	-0.980469	0.990234
309	-1.000000	1.000000
310	-0.988281	0.994141
311	-0.980469	0.990234
312	-0.988281	0.994141
313	-0.988281	0.994141
314	-0.980469	0.990234
315	-0.988281	0.994141
316	-0.996094	0.998047
317	-0.996094	0.998047
318	-0.996094	0.998047
319	-0.988281	0.994141
320	-0.992188	0.996094
321	-0.982422	0.990234
322	-0.992188	0.996094
323	-0.992188	0.996094
324	-0.978516	0.988281
325	-0.992188	0.996094
326	-0.988281	0.994141
327	-0.992188	0.996094
328	-0.996094	0.998047
329	-0.992188	0.996094
330	-0.972656	0.986328
331	-0.972656	0.982422
332	-0.984375	0.990234
333	-0.978516	0.988281
334	-0.990234	0.994141
335	-0.988281	0.992188
336	-0.988281	0.994141
337	-0.996094	0.998047
338	-0.988281	0.994141
339	-0.976563	0.988281
340	-0.984375	0.990234
341	-1.000000	1.000000
342	-0.984375	0.992188
343	-0.992188	0.996094
344	-0.988281	0.994141
345	-0.996094	0.998047
346	-1.000000	1.000000
347	-0.984375	0.992188
348	-0.992188	0.996094
349	-0.984375	0.992188
350	-0.982422	0.990234
351	-0.992188	0.996094
352	-0.996094	0.998047
353	-0.984375	0.992188
354	-0.978516	0.986328
355	-0.992188	0.996094
356	-0.996094	0.998047
357	-0.994141	0.996094
358	-0.992188	0.996094
359	-0.988281	0.994141
360	-0.976563	0.988281
361	-0.980469	0.990234
362	-0.992188	0.996094
363	-0.988281	0.990234
364	-0.978516	0.988281
365	-0.992188	0.996094
366	-1.000000	1.000000
367	-0.990234	0.994141
368	-0.984375	0.992188
369	-0.988281	0.994141
370	-0.992188	0.996094
371	-0.992188	0.996094
372	-0.996094	0.998047
373	-0.988281	0.992188
374	-0.978516	0.988281
375	-0.996094	0.998047
376	-0.992188	0.996094
377	-0.984375	0.992188
378	-0.982422	0.988281
379	-0.986328	0.992188
380	-0.978516	0.988281
381	-0.992188	0.996094
382	-0.992188	0.996094
383	-0.996094	0.998047
384	-0.988281	0.994141
385	-0.982422	0.990234
386	-0.980469	0.990234
387	-0.988281	0.994141
388	-0.984375	0.990234
389	-0.996094	0.998047
390	-0.992188	0.996094
391	-0.980469	0.988281
392	-0.992188	0.996094
393	-0.982422	0.988281
394	-0.992188	0.996094
395	-0.988281	0.994141
396	-0.984375	0.992188
397	-0.996094	0.998047
398	-0.992188	0.996094
399	-0.996094	0.998047
400	-0.988281	0.994141
401	-0.986328	0.990234
402	-0.988281	0.994141
403	-0.992188	0.996094
404	-0.988281	0.994141
405	-0.988281	0.994141
406	-0.984375	0.992188
407	-0.988281	0.994141
408	-0.992188	0.996094
409	-0.994141	0.996094
410	-0.992188	0.996094
411	-0.992188	0.996094
412	-0.980469	0.988281
413	-0.976563	0.988281
414	-0.976563	0.988281
415	-0.982422	0.990234
416	-0.986328	0.992188
417	-0.996094	0.998047
418	-0.982422	0.988281
419	-0.992188	0.996094
420	-0.988281	0.994141
421	-0.996094	0.998047
422	-0.972656	0.980469
423	-0.988281	0.994141
424	-0.988281	0.994141
425	-0.986328	0.988281
426	-0.980469	0.990234
427	-1.000000	1.000000
428	-0.982422	0.990234
429	-0.984375	0.992188
430	-0.992188	0.996094
431	-0.996094	0.998047
432	-0.988281	0.994141
433	-0.994141	0.996094
434	-0.992188	0.996094
435	-0.978516	0.986328
436	-0.992188	0.996094
437	-0.996094	0.998047
438	-0.992188	0.996094
439	-0.992188	0.996094
440	-0.992188	0.996094
441	-0.992188	0.996094
442	-0.992188	0.996094
443	-0.968750	0.984375
444	-0.984375	0.990234
445	-0.986328	0.992188
446	-0.988281	0.994141
447	-0.980469	0.990234
448	-0.984375	0.990234
449	-0.992188	0.996094
450	-0.988281	0.994141
451	-0.988281	0.994141
452	-0.990234	0.994141
453	-0.990234	0.994141
454	-0.986328	0.992188
455	-0.986328	0.992188
456	-0.992188	0.996094
457	-0.980469	0.990234
458	-0.982422	0.990234
459	-0.980469	0.990234
460	-0.968750	0.978516
461	-0.988281	0.994141
462	-0.996094	0.998047
463	-0.996094	0.998047
464	-0.988281	0.994141
465	-0.992188	0.996094
466	-0.992188	0.996094
467	-0.996094	0.998047
468	-0.976563	0.988281
469	-0.996094	0.998047
470	-0.974609	0.986328
471	-0.978516	0.988281
472	-1.000000	1.000000
473	-0.988281	0.994141
474	-0.988281	0.994141
475	-0.984375	0.990234
476	-0.992188	0.996094
477	-0.984375	0.992188
478	-0.994141	0.996094
479	-0.992188	0.996094
480	-0.992188	0.996094
481	-0.992188	0.996094
482	-0.996094	0.998047
483	-0.996094	0.998047
484	-1.000000	1.000000
485	-0.974609	0.986328
486	-1.000000	1.000000
487	-0.984375	0.992188
488	-0.992188	0.996094
489	-1.000000	1.000000
490	-0.990234	0.994141
491	-1.000000	1.000000
492	-0.992188	0.996094
493	-0.996094	0.998047
494	-0.992188	0.996094
495	-0.996094	0.998047
496	-0.980469	0.990234
497	-0.962891	0.980469
498	-0.988281	0.994141
499	-0.982422	0.990234
500	-0.986328	0.992188
501	-0.996094	0.998047
502	-0.996094	0.998047
503	-0.990234	0.992188
504	-0.992188	0.996094
505	-0.992188	0.996094
506	-0.990234	0.994141
507	-0.984375	0.990234
508	-0.980469	0.990234
509	-0.980469	0.990234
510	-0.984375	0.992188
511	-0.992188	0.996094
512	-0.992188	0.996094
513	-0.992188	0.996094
514	-0.968750	0.980469
515	-0.982422	0.990234
516	-0.984375	0.992188
517	-0.984375	0.992188
518	-0.978516	0.984375
519	-0.996094	0.998047
520	-0.988281	0.994141
521	-0.986328	0.992188
522	-0.992188	0.996094
523	-0.988281	0.994141
524	-0.988281	0.992188
525	-0.984375	0.992188
526	-0.996094	0.998047
527	-0.988281	0.994141
528	-0.984375	0.992188
529	-0.996094	0.998047
530	-0.984375	0.992188
531	-0.988281	0.994141
532	-0.984375	0.992188
533	-0.992188	0.996094
534	-0.976563	0.986328
535	-0.996094	0.998047
536	-0.988281	0.994141
537	-0.984375	0.992188
538	-0.976563	0.988281
539	-1.000000	1.000000
540	-0.980469	0.988281
541	-0.992188	0.996094
542	-0.992188	0.996094
543	-0.988281	0.994141
544	-0.970703	0.984375
545	-0.980469	0.988281
546	-0.996094	0.998047
547	-0.978516	0.986328
548	-0.992188	0.996094
549	-0.980469	0.990234
550	-0.996094	0.998047
551	-0.988281	0.994141
552	-0.992188	0.996094
553	-0.988281	0.994141
554	-0.988281	0.994141
555	-0.980469	0.990234
556	-0.982422	0.990234
557	-0.992188	0.996094
558	-0.990234	0.994141
559	-0.988281	0.994141
560	-0.996094	0.998047
561	-0.984375	0.992188
562	-0.978516	0.988281
563	-0.988281	0.994141
564	-0.974609	0.986328
565	-0.992188	0.996094
566	-0.992188	0.996094
567	-0.992188	0.996094
568	-1.000000	1.000000
569	-0.996094	0.998047
570	-0.984375	0.992188
571	-0.982422	0.988281
572	-1.000000	1.000000
573	-0.992188	0.996094
574	-0.986328	0.992188
575	-0.992188	0.996094
576	-0.996094	0.998047
577	-0.992188	0.996094
578	-0.990234	0.994141
579	-0.996094	0.998047
580	-0.980469	0.988281
581	-0.986328	0.992188
582	-0.980469	0.988281
583	-0.996094	0.998047
584	-0.972656	0.986328
585	-0.996094	0.998047
586	-0.988281	0.994141
587	-0.992188	0.996094
588	-0.996094	0.998047
589	-0.996094	0.998047
590	-0.992188	0.996094
591	-0.992188	0.996094
592	-0.988281	0.994141
593	-0.992188	0.996094
594	-0.988281	0.994141
595	-0.996094	0.998047
596	-0.996094	0.998047
597	-0.972656	0.980469
598	-0.976563	0.988281
599	-0.988281	0.994141
600	-0.972656	0.978516
601	-0.988281	0.994141
602	-0.982422	0.988281
603	-0.986328	0.992188
604	-0.986328	0.992188
605	-0.992188	0.996094
606	-0.986328	0.992188
607	-0.996094	0.998047
608	-0.982422	0.990234
609	-0.982422	0.990234
610	-0.992188	0.996094
611	-0.984375	0.990234
612	-0.992188	0.996094
613	-0.988281	0.994141
614	-0.992188	0.996094
615	-0.992188	0.996094
616	-0.990234	0.994141
617	-0.984375	0.992188
618	-0.984375	0.992188
619	-0.976563	0.986328
620	-0.992188	0.994141
621	-1.000000	1.000000
622	-0.988281	0.992188
623	-0.988281	0.994141
624	-0.996094	0.998047
625	-0.984375	0.992188
626	-0.996094	0.998047
627	-0.984375	0.992188
628	-0.988281	0.994141
629	-0.988281	0.994141
630	-0.988281	0.994141
631	-0.976563	0.986328
632	-0.988281	0.994141
633	-0.988281	0.992188
634	-0.992188	0.996094
635	-0.978516	0.988281
636	-0.996094	0.998047
637	-0.996094	0.998047
638	-0.992188	0.996094
639	-0.986328	0.992188
640	-0.990234	0.994141
641	-0.992188	0.996094
642	-0.988281	0.994141
643	-0.976563	0.988281
644	-0.990234	0.994141
645	-0.996094	0.998047
646	-0.996094	0.998047
647	-0.988281	0.994141
648	-0.996094	0.998047
649	-0.982422	0.990234
650	-0.988281	0.986328
651	-0.978516	0.988281
652	-0.992188	0.996094
653	-0.996094	0.998047
654	-0.972656	0.986328
655	-0.968750	0.982422
656	-0.988281	0.994141
657	-0.988281	0.994141
658	-0.996094	0.998047
659	-0.992188	0.996094
660	-0.988281	0.994141
661	-0.992188	0.996094
662	-0.992188	0.996094
663	-0.988281	0.994141
664	-0.988281	0.994141
665	-0.988281	0.994141
666	-0.996094	0.998047
667	-0.992188	0.996094
668	-0.978516	0.988281
669	-0.988281	0.994141
670	-0.982422	0.990234
671	-0.988281	0.994141
672	-0.988281	0.994141
673	-1.000000	1.000000
674	-0.992188	0.996094
675	-0.984375	0.990234
676	-0.984375	0.992188
677	-0.984375	0.992188
678	-0.986328	0.992188
679	-0.980469	0.990234
680	-0.988281	0.994141
681	-0.968750	0.984375
682	-1.000000	1.000000
683	-0.980469	0.990234
684	-0.982422	0.990234
685	-0.986328	0.992188
686	-0.988281	0.994141
687	-1.000000	1.000000
688	-0.992188	0.996094
689	-0.980469	0.990234
690	-0.984375	0.992188
691	-0.988281	0.994141
692	-0.984375	0.990234
693	-0.988281	0.994141
694	-0.984375	0.992188
695	-0.972656	0.984375
696	-0.992188	0.996094
697	-0.988281	0.994141
698	-0.978516	0.986328
699	-0.976563	0.984375
700	-0.986328	0.992188
701	-0.986328	0.992188
702	-0.986328	0.992188
703	-0.992188	0.996094
704	-0.996094	0.998047
705	-1.000000	1.000000
706	-0.988281	0.994141
707	-0.976563	0.988281
708	-0.988281	0.994141
709	-0.988281	0.994141
710	-0.992188	0.996094
711	-0.980469	0.986328
712	-0.988281	0.994141
713	-0.996094	0.998047
714	-0.986328	0.992188
715	-0.992188	0.996094
716	-0.976563	0.988281
717	-0.982422	0.990234
718	-0.976563	0.988281
719	-0.996094	0.998047
720	-0.996094	0.998047
721	-0.976563	0.988281
722	-0.980469	0.990234
723	-0.990234	0.994141
724	-0.982422	0.990234
725	-0.996094	0.998047
726	-0.992188	0.996094
727	-0.988281	0.994141
728	-0.980469	0.990234
729	-0.978516	0.988281
730	-1.000000	1.000000
731	-0.978516	0.988281
732	-0.996094	0.998047
733	-0.992188	0.996094
734	-0.980469	0.986328
735	-0.988281	0.994141
736	-0.996094	0.998047
737	-0.992188	0.996094
738	-0.984375	0.992188
739	-0.992188	0.996094
740	-0.984375	0.992188
741	-0.988281	0.994141
742	-0.986328	0.992188
743	-1.000000	1.000000
744	-0.996094	0.998047
745	-0.996094	0.998047
746	-0.990234	0.994141
747	-0.992188	0.996094
748	-0.996094	0.998047
749	-0.988281	0.994141
750	-0.966797	0.982422
751	-0.984375	0.992188
752	-0.996094	0.998047
753	-0.992188	0.996094
754	-0.972656	0.984375
755	-0.994141	0.996094
756	-0.996094	0.998047
757	-0.992188	0.996094
758	-0.994141	0.996094
759	-0.988281	0.994141
760	-0.994141	0.996094
761	-0.996094	0.998047
762	-0.996094	0.998047
763	-0.988281	0.994141
764	-0.980469	0.988281
765	-0.984375	0.992188
766	-0.980469	0.990234
767	-0.996094	0.998047
768	-0.976563	0.988281
769	-1.000000	1.000000
770	-0.992188	0.996094
771	-0.986328	0.992188
772	-0.980469	0.988281
773	-0.992188	0.996094
774	-0.984375	0.992188
775	-0.984375	0.992188
776	-0.988281	0.992188
777	-0.992188	0.996094
778	-0.986328	0.992188
779	-0.996094	0.998047
780	-0.978516	0.988281
781	-0.974609	0.984375
782	-0.988281	0.994141
783	-0.988281	0.994141
784	-0.984375	0.992188
785	-0.988281	0.994141
786	-0.984375	0.992188
787	-0.992188	0.996094
788	-1.000000	1.000000
789	-0.992188	0.996094
790	-0.988281	0.992188
791	-0.992188	0.996094
792	-0.992188	0.996094
793	-0.980469	0.990234
794	-0.988281	0.994141
795	-0.988281	0.994141
796	-0.982422	0.990234
797	-0.978516	0.988281
798	-0.992188	0.996094
799	-0.990234	0.994141
800	-0.992188	0.996094
801	-1.000000	1.000000
802	-0.982422	0.990234
803	-0.984375	0.992188
804	-0.984375	0.990234
805	-0.988281	0.994141
806	-0.980469	0.990234
807	-0.978516	0.984375
808	-0.986328	0.992188
809	-0.996094	0.998047
810	-0.988281	0.994141
811	-0.988281	0.994141
812	-0.992188	0.996094
813	-0.988281	0.994141
814	-0.996094	0.998047
815	-1.000000	1.000000
816	-0.972656	0.986328
817	-0.988281	0.994141
818	-0.992188	0.996094
819	-0.986328	0.992188
820	-1.000000	1.000000
821	-1.000000	1.000000
822	-0.982422	0.990234
823	-1.000000	1.000000
824	-0.988281	0.994141
825	-0.988281	0.994141
826	-0.996094	0.998047
827	-0.996094	0.998047
828	-0.994141	0.996094
829	-0.988281	0.992188
830	-0.988281	0.994141
831	-0.988281	0.994141
832	-0.968750	0.984375
833	-0.988281	0.994141
834	-0.986328	0.992188
835	-0.996094	0.998047
836	-0.992188	0.996094
837	-0.992188	0.996094
838	-0.984375	0.992188
839	-0.992188	0.996094
840	-0.992188	0.996094
841	-0.996094	0.998047
842	-0.974609	0.986328
843	-0.992188	0.996094
844	-0.972656	0.986328
845	-0.984375	0.992188
846	-0.988281	0.994141
847	-0.984375	0.992188
848	-0.986328	0.992188
849	-0.992188	0.996094
850	-0.982422	0.990234
851	-0.986328	0.992188
852	-0.988281	0.994141
853	-0.990234	0.994141
854	-0.992188	0.996094
855	-0.982422	0.990234
856	-0.992188	0.996094
857	-0.996094	0.998047
858	-0.978516	0.988281
859	-0.992188	0.996094
860	-0.984375	0.992188
861	-0.976563	0.988281
862	-0.992188	0.996094
863	-0.988281	0.994141
864	-0.988281	0.994141
865	-0.972656	0.986328
866	-0.988281	0.994141
867	-0.984375	0.992188
868	-0.976563	0.988281
869	-0.996094	0.998047
870	-0.986328	0.992188
871	-0.984375	0.992188
872	-0.996094	0.998047
873	-0.970703	0.984375
874	-0.984375	0.992188
875	-0.988281	0.994141
876	-0.992188	0.996094
877	-0.986328	0.992188
878	-0.978516	0.988281
879	-0.984375	0.992188
880	-0.996094	0.998047
881	-0.992188	0.996094
882	-0.972656	0.984375
883	-0.990234	0.994141
884	-0.988281	0.994141
885	-0.990234	0.994141
886	-0.988281	0.994141
887	-0.972656	0.984375
888	-0.992188	0.996094
889	-0.992188	0.996094
890	-0.984375	0.992188
891	-0.996094	0.998047
892	-0.980469	0.990234
893	-0.974609	0.984375
894	-0.984375	0.992188
895	-0.980469	0.990234
896	-1.000000	1.000000
897	-0.988281	0.994141
898	-0.996094	0.998047
899	-0.996094	0.998047
900	-0.996094	0.998047
901	-0.982422	0.990234
902	-0.992188	0.996094
903	-0.992188	0.996094
904	-0.992188	0.996094
905	-0.984375	0.992188
906	-0.992188	0.996094
907	-0.988281	0.994141
908	-0.994141	0.996094
909	-1.000000	1.000000
910	-1.000000	1.000000
911	-0.978516	0.984375
912	-0.988281	0.994141
913	-0.986328	0.992188
914	-0.986328	0.992188
915	-1.000000	1.000000
916	-0.996094	0.998047
917	-0.996094	0.998047
918	-0.980469	0.990234
919	-0.984375	0.992188
920	-0.974609	0.986328
921	-0.976563	0.986328
922	-0.992188	0.996094
923	-0.984375	0.992188
924	-0.996094	0.998047
925	-0.992188	0.996094
926	-0.978516	0.980469
927	-0.988281	0.994141
928	-1.000000	1.000000
929	-0.988281	0.994141
930	-0.976563	0.988281
931	-0.978516	0.988281
932	-0.988281	0.994141
933	-0.996094	0.998047
934	-0.980469	0.982422
935	-0.996094	0.998047
936	-0.984375	0.992188
937	-0.978516	0.988281
938	-0.992188	0.996094
939	-0.992188	0.996094
940	-0.986328	0.992188
941	-0.986328	0.992188
942	-0.982422	0.990234
943	-0.992188	0.996094
944	-0.992188	0.996094
945	-0.986328	0.992188
946	-0.984375	0.992188
947	-0.992188	0.996094
948	-0.988281	0.994141
949	-0.988281	0.994141
950	-0.996094	0.998047
951	-0.988281	0.994141
952	-0.996094	0.998047
953	-0.996094	0.998047
954	-0.988281	0.994141
955	-0.994141	0.996094
956	-0.996094	0.998047
957	-0.996094	0.998047
958	-0.992188	0.996094
959	-0.988281	0.994141
960	-0.988281	0.994141
961	-0.996094	0.998047
962	-0.988281	0.994141
963	-0.984375	0.992188
964	-0.972656	0.986328
965	-0.992188	0.996094
966	-0.982422	0.990234
967	-0.988281	0.994141
968	-0.992188	0.996094
969	-0.982422	0.990234
970	-0.988281	0.994141
971	-0.990234	0.994141
972	-0.984375	0.992188
973	-0.996094	0.998047
974	-0.968750	0.982422
975	-0.996094	0.998047
976	-0.996094	0.998047
977	-0.978516	0.988281
978	-0.996094	0.998047
979	-0.976563	0.986328
980	-0.992188	0.996094
981	-0.976563	0.988281
982	-0.996094	0.998047
983	-0.992188	0.996094
984	-0.988281	0.994141
985	-0.988281	0.994141
986	-0.992188	0.996094
987	-0.988281	0.994141
988	-0.980469	0.990234
989	-0.992188	0.996094
990	-0.992188	0.996094
991	-1.000000	1.000000
992	-0.996094	0.998047
993	-0.984375	0.992188
994	-0.980469	0.990234
995	-0.988281	0.994141
996	-0.974609	0.986328
997	-1.000000	1.000000
998	-0.978516	0.988281
999	-0.996094	0.998047
