0	-0.365234	0.091797
1	-0.353516	-0.064453
2	-0.335938	0.031250
3	-0.371094	0.130859
4	-0.353516	-0.111328
5	-0.371094	0.009766
6	-0.400391	0.037109
7	-0.345703	-0.072266
8	-0.343750	-0.015625
9	-0.347656	0.166016
10	-0.363281	-0.115234
11	-0.376953	0.144531
12	-0.312500	-0.001953
13	-0.359375	0.140625
14	-0.347656	-0.033203
15	-0.376953	-0.074219
16	-0.324219	0.009766
17	-0.371094	0.058594
18	-0.343750	0.072266
19	-0.357422	-0.078125
20	-0.367188	-0.046875
21	-0.361328	-0.150391
22	-0.294922	-0.080078
23	-0.361328	0.039063
24	-0.341797	-0.031250
25	-0.353516	-0.189453
26	-0.378906	-0.166016
27	-0.320313	-0.093750
28	-0.363281	-0.091797
29	-0.396484	-0.035156
30	-0.351563	-0.087891
31	-0.419922	-0.011719
32	-0.361328	0.021484
33	-0.376953	0.005859
34	-0.332031	-0.083984
35	-0.398438	0.019531
36	-0.345703	0.074219
37	-0.392578	-0.111328
38	-0.349609	0.048828
39	-0.427734	-0.187500
40	-0.388672	-0.128906
41	-0.365234	-0.164063
42	-0.371094	0.029297
43	-0.357422	-0.052734
44	-0.353516	-0.052734
45	-0.367188	0.044922
46	-0.365234	-0.009766
47	-0.328125	-0.113281
48	-0.380859	0.125000
49	-0.298828	-0.003906
50	-0.345703	0.140625
51	-0.392578	0.031250
52	-0.382813	0.132813
53	-0.361328	0.097656
54	-0.326172	0.031250
55	-0.388672	0.085938
56	-0.390625	0.033203
57	-0.355469	-0.023438
58	-0.382813	0.101563
59	-0.382813	-0.031250
60	-0.398438	0.011719
61	-0.359375	0.021484
62	-0.330078	0.103516
63	-0.386719	-0.085938
64	-0.365234	-0.089844
65	-0.335938	0.068359
66	-0.337891	-0.093750
67	-0.369141	0.031250
68	-0.363281	0.037109
69	-0.365234	-0.029297
70	-0.353516	0.144531
71	-0.375000	-0.001953
72	-0.382813	-0.085938
73	-0.363281	0.021484
74	-0.320313	-0.033203
75	-0.349609	0.009766
76	-0.351563	0.082031
77	-0.363281	-0.027344
78	-0.386719	0.005859
79	-0.359375	-0.046875
80	-0.337891	-0.042969
81	-0.332031	-0.074219
82	-0.355469	0.021484
83	-0.351563	0.005859
84	-0.357422	0.103516
85	-0.355469	-0.005859
86	-0.294922	0.011719
87	-0.337891	0.021484
88	-0.308594	0.044922
89	-0.310547	0.078125
90	-0.349609	-0.158203
91	-0.332031	-0.052734
92	-0.376953	-0.009766
93	-0.361328	-0.056641
94	-0.308594	-0.119141
95	-0.341797	0.056641
96	-0.324219	-0.080078
97	-0.375000	0.005859
98	-0.332031	-0.205078
99	-0.386719	0.054688
100	-0.335938	-0.130859
101	-0.371094	-0.111328
102	-0.345703	-0.068359
103	-0.396484	0.087891
104	-0.314453	0.064453
105	-0.363281	-0.031250
106	-0.345703	0.062500
107	-0.361328	0.027344
108	-0.376953	0.097656
109	-0.341797	0.011719
110	-0.341797	-0.056641
111	-0.384766	-0.125000
112	-0.351563	-0.011719
113	-0.363281	-0.052734
114	-0.375000	-0.128906
115	-0.351563	-0.125000
116	-0.355469	-0.019531
117	-0.408203	0.183594
118	-0.382813	-0.109375
119	-0.341797	0.132813
120	-0.355469	-0.013672
121	-0.378906	0.019531
122	-0.359375	0.087891
123	-0.384766	0.152344
124	-0.349609	-0.009766
125	-0.384766	0.007813
126	-0.378906	0.076172
127	-0.410156	0.007813
128	-0.345703	0.078125
129	-0.328125	-0.125000
130	-0.371094	0.066406
131	-0.382813	0.136719
132	-0.363281	0.000000
133	-0.285156	-0.037109
134	-0.351563	-0.076172
135	-0.390625	-0.023438
136	-0.335938	-0.119141
137	-0.337891	0.058594
138	-0.398438	0.025391
139	-0.328125	-0.021484
140	-0.283203	0.025391
141	-0.333984	-0.083984
142	-0.339844	-0.173828
143	-0.339844	-0.083984
144	-0.365234	-0.031250
145	-0.373047	-0.042969
146	-0.375000	0.050781
147	-0.345703	-0.240234
148	-0.365234	-0.027344
149	-0.355469	0.150391
150	-0.373047	-0.123047
151	-0.345703	0.027344
152	-0.351563	-0.144531
153	-0.335938	-0.003906
154	-0.349609	-0.089844
155	-0.384766	-0.009766
156	-0.310547	-0.076172
157	-0.337891	0.093750
158	-0.353516	-0.080078
159	-0.328125	0.015625
160	-0.410156	-0.007813
161	-0.337891	0.105469
162	-0.398438	-0.052734
163	-0.333984	-0.056641
164	-0.388672	-0.085938
165	-0.371094	0.005859
166	-0.357422	0.019531
167	-0.398438	0.072266
168	-0.388672	0.031250
169	-0.339844	-0.054688
170	-0.339844	0.042969
171	-0.318359	-0.177734
172	-0.335938	0.009766
173	-0.353516	0.035156
174	-0.339844	-0.064453
175	-0.349609	0.054688
176	-0.427734	0.017578
177	-0.349609	-0.046875
178	-0.363281	0.121094
179	-0.343750	-0.019531
180	-0.398438	0.015625
181	-0.322266	0.123047
182	-0.351563	0.236328
183	-0.382813	0.210938
184	-0.365234	0.033203
185	-0.333984	0.154297
186	-0.398438	0.054688
187	-0.304688	-0.066406
188	-0.365234	0.007813
189	-0.332031	-0.050781
190	-0.373047	0.009766
191	-0.302734	-0.041016
192	-0.339844	0.003906
193	-0.347656	0.113281
194	-0.341797	-0.054688
195	-0.410156	0.208984
196	-0.376953	-0.121094
197	-0.367188	0.003906
198	-0.353516	0.001953
199	-0.320313	-0.041016
200	-0.373047	-0.027344
201	-0.289063	0.039063
202	-0.363281	0.000000
203	-0.343750	-0.099609
204	-0.359375	0.005859
205	-0.388672	0.078125
206	-0.335938	-0.021484
207	-0.369141	0.031250
208	-0.332031	-0.005859
209	-0.335938	-0.001953
210	-0.353516	-0.001953
211	-0.310547	-0.041016
212	-0.343750	0.101563
213	-0.359375	-0.019531
214	-0.322266	0.068359
215	-0.343750	0.101563
216	-0.365234	0.058594
217	-0.398438	-0.068359
218	-0.361328	0.062500
219	-0.382813	-0.005859
220	-0.328125	0.025391
221	-0.359375	0.015625
222	-0.339844	-0.121094
223	-0.345703	0.044922
224	-0.351563	0.054688
225	-0.367188	-0.048828
226	-0.380859	-0.138672
227	-0.376953	-0.074219
228	-0.335938	0.082031
229	-0.304688	0.119141
230	-0.359375	0.060547
231	-0.378906	-0.076172
232	-0.345703	-0.005859
233	-0.347656	0.095703
234	-0.335938	-0.009766
235	-0.363281	0.103516
236	-0.365234	0.095703
237	-0.388672	0.058594
238	-0.339844	-0.027344
239	-0.355469	-0.113281
240	-0.365234	-0.070313
241	-0.343750	0.033203
242	-0.390625	0.085938
243	-0.349609	0.027344
244	-0.369141	0.042969
245	-0.386719	-0.072266
246	-0.314453	0.003906
247	-0.402344	0.158203
248	-0.326172	-0.029297
249	-0.304688	0.023438
250	-0.347656	-0.109375
251	-0.353516	0.083984
252	-0.375000	0.068359
253	-0.376953	0.035156
254	-0.328125	0.052734
255	-0.423828	-0.050781
256	-0.371094	0.066406
257	-0.392578	0.011719
258	-0.371094	-0.105469
259	-0.369141	0.099609
260	-0.314453	-0.083984
261	-0.386719	0.000000
262	-0.394531	0.156250
263	-0.335938	-0.019531
264	-0.324219	0.128906
265	-0.382813	0.031250
266	-0.375000	0.009766
267	-0.330078	-0.042969
268	-0.388672	0.136719
269	-0.306641	0.025391
270	-0.322266	0.089844
271	-0.351563	0.009766
272	-0.302734	0.025391
273	-0.335938	-0.117188
274	-0.349609	-0.042969
275	-0.333984	-0.066406
276	-0.363281	-0.054688
277	-0.341797	0.013672
278	-0.312500	-0.042969
279	-0.376953	0.000000
280	-0.351563	0.035156
281	-0.361328	0.044922
282	-0.326172	-0.035156
283	-0.345703	0.037109
284	-0.359375	-0.097656
285	-0.396484	0.005859
286	-0.330078	-0.134766
287	-0.353516	-0.009766
288	-0.382813	0.125000
289	-0.349609	-0.011719
290	-0.361328	0.066406
291	-0.304688	0.017578
292	-0.359375	-0.105469
293	-0.312500	0.074219
294	-0.371094	0.056641
295	-0.337891	-0.107422
296	-0.351563	-0.031250
297	-0.359375	0.099609
298	-0.361328	0.097656
299	-0.345703	-0.121094
300	-0.388672	-0.164063
301	-0.367188	0.082031
302	-0.332031	0.076172
303	-0.330078	0.031250
304	-0.312500	0.126953
305	-0.347656	0.003906
306	-0.388672	0.060547
307	-0.337891	-0.115234
308	-0.318359	0.078125
309	-0.359375	0.009766
310	-0.359375	-0.009766
311	-0.361328	0.023438
312	-0.390625	0.021484
313	-0.357422	-0.068359
314	-0.326172	0.027344
315	-0.367188	-0.060547
316	-0.390625	-0.027344
317	-0.371094	0.001953
318	-0.335938	0.025391
319	-0.359375	-0.021484
320	-0.371094	-0.078125
321	-0.337891	0.007813
322	-0.330078	-0.013672
323	-0.326172	-0.033203
324	-0.396484	-0.015625
325	-0.330078	-0.099609
326	-0.351563	-0.052734
327	-0.402344	-0.029297
328	-0.343750	-0.048828
329	-0.333984	-0.017578
330	-0.302734	-0.005859
331	-0.375000	0.142578
332	-0.337891	0.044922
333	-0.398438	-0.013672
334	-0.380859	-0.056641
335	-0.361328	-0.066406
336	-0.345703	-0.017578
337	-0.376953	0.154297
338	-0.355469	-0.044922
339	-0.373047	0.083984
340	-0.333984	-0.023438
341	-0.306641	0.017578
342	-0.310547	0.037109
343	-0.390625	0.005859
344	-0.361328	0.025391
345	-0.306641	0.105469
346	-0.351563	-0.125000
347	-0.369141	-0.074219
348	-0.361328	0.085938
349	-0.361328	0.066406
350	-0.400391	-0.056641
351	-0.306641	-0.021484
352	-0.332031	0.021484
353	-0.376953	0.001953
354	-0.410156	0.144531
355	-0.300781	-0.123047
356	-0.333984	0.039063
357	-0.388672	0.091797
358	-0.369141	-0.158203
359	-0.347656	0.037109
360	-0.355469	0.064453
361	-0.347656	0.037109
362	-0.300781	0.011719
363	-0.353516	-0.076172
364	-0.380859	-0.031250
365	-0.378906	0.134766
366	-0.373047	-0.214844
367	-0.371094	-0.050781
368	-0.357422	0.056641
369	-0.351563	-0.072266
370	-0.300781	-0.037109
371	-0.330078	0.097656
372	-0.345703	0.162109
373	-0.335938	0.115234
374	-0.378906	0.195313
375	-0.353516	0.058594
376	-0.335938	0.052734
377	-0.384766	0.083984
378	-0.390625	0.058594
379	-0.339844	0.169922
380	-0.359375	-0.025391
381	-0.330078	-0.050781
382	-0.332031	0.060547
383	-0.359375	0.134766
384	-0.326172	-0.048828
385	-0.345703	-0.066406
386	-0.367188	0.037109
387	-0.378906	-0.048828
388	-0.384766	-0.027344
389	-0.361328	0.058594
390	-0.357422	-0.089844
391	-0.294922	-0.113281
392	-0.386719	-0.046875
393	-0.351563	-0.011719
394	-0.351563	0.017578
395	-0.320313	-0.121094
396	-0.322266	-0.037109
397	-0.355469	-0.064453
398	-0.335938	0.041016
399	-0.343750	0.033203
400	-0.341797	0.044922
401	-0.333984	0.119141
402	-0.347656	0.103516
403	-0.320313	0.068359
404	-0.318359	-0.027344
405	-0.398438	0.169922
406	-0.357422	0.080078
407	-0.371094	0.158203
408	-0.267578	-0.009766
409	-0.333984	-0.019531
410	-0.386719	0.003906
411	-0.349609	0.015625
412	-0.382813	0.046875
413	-0.341797	-0.035156
414	-0.335938	-0.056641
415	-0.316406	0.013672
416	-0.392578	-0.238281
417	-0.333984	-0.169922
418	-0.298828	0.009766
419	-0.347656	-0.042969
420	-0.320313	-0.060547
421	-0.296875	0.052734
422	-0.345703	-0.042969
423	-0.347656	-0.083984
424	-0.304688	-0.023438
425	-0.330078	0.001953
426	-0.322266	0.085938
427	-0.320313	0.031250
428	-0.330078	-0.039063
429	-0.376953	-0.023438
430	-0.392578	0.089844
431	-0.375000	-0.111328
432	-0.380859	0.136719
433	-0.361328	0.009766
434	-0.347656	0.021484
435	-0.347656	0.050781
436	-0.322266	0.126953
437	-0.367188	-0.138672
438	-0.335938	-0.113281
439	-0.359375	0.039063
440	-0.390625	0.017578
441	-0.369141	-0.005859
442	-0.343750	-0.007813
443	-0.314453	0.173828
444	-0.341797	0.060547
445	-0.332031	0.025391
446	-0.285156	-0.046875
447	-0.365234	0.005859
448	-0.363281	-0.074219
449	-0.357422	0.044922
450	-0.406250	-0.148438
451	-0.380859	-0.078125
452	-0.343750	0.042969
453	-0.335938	0.035156
454	-0.373047	0.144531
455	-0.378906	0.052734
456	-0.320313	-0.087891
457	-0.304688	-0.003906
458	-0.314453	0.083984
459	-0.333984	-0.027344
460	-0.359375	0.052734
461	-0.330078	0.097656
462	-0.347656	0.089844
463	-0.308594	0.021484
464	-0.408203	0.160156
465	-0.343750	-0.070313
466	-0.324219	0.082031
467	-0.324219	-0.019531
468	-0.306641	0.003906
469	-0.328125	-0.009766
470	-0.333984	-0.015625
471	-0.345703	0.072266
472	-0.337891	-0.089844
473	-0.318359	0.003906
474	-0.417969	-0.005859
475	-0.332031	-0.080078
476	-0.410156	-0.126953
477	-0.376953	0.013672
478	-0.363281	0.101563
479	-0.359375	-0.029297
480	-0.343750	0.074219
481	-0.419922	-0.074219
482	-0.357422	-0.132813
483	-0.347656	-0.097656
484	-0.410156	-0.015625
485	-0.353516	0.054688
486	-0.351563	0.146484
487	-0.332031	-0.097656
488	-0.347656	0.017578
489	-0.357422	-0.033203
490	-0.341797	0.009766
491	-0.388672	0.054688
492	-0.400391	0.072266
493	-0.376953	-0.056641
494	-0.367188	-0.093750
495	-0.355469	0.048828
496	-0.345703	0.007813
497	-0.310547	-0.023438
498	-0.349609	0.019531
499	-0.406250	0.031250
500	-0.351563	-0.058594
501	-0.371094	0.025391
502	-0.337891	-0.029297
503	-0.349609	0.146484
504	-0.355469	0.146484
505	-0.351563	-0.117188
506	-0.298828	0.095703
507	-0.312500	0.074219
508	-0.353516	0.154297
509	-0.349609	-0.076172
510	-0.306641	-0.019531
511	-0.335938	-0.005859
512	-0.333984	-0.037109
513	-0.318359	-0.054688
514	-0.365234	-0.042969
515	-0.375000	-0.119141
516	-0.328125	-0.093750
517	-0.341797	0.044922
518	-0.359375	0.011719
519	-0.378906	-0.138672
520	-0.361328	0.128906
521	-0.345703	-0.021484
522	-0.355469	-0.056641
523	-0.296875	0.025391
524	-0.341797	0.050781
525	-0.382813	-0.007813
526	-0.341797	0.025391
527	-0.330078	0.003906
528	-0.343750	0.029297
529	-0.361328	0.005859
530	-0.324219	-0.048828
531	-0.341797	0.000000
532	-0.351563	0.037109
533	-0.273438	0.023438
534	-0.318359	-0.025391
535	-0.361328	-0.003906
536	-0.349609	-0.152344
537	-0.396484	0.041016
538	-0.398438	-0.074219
539	-0.314453	0.072266
540	-0.347656	-0.023438
541	-0.359375	0.017578
542	-0.353516	-0.193359
543	-0.343750	-0.146484
544	-0.378906	-0.005859
545	-0.363281	0.021484
546	-0.359375	-0.009766
547	-0.320313	-0.009766
548	-0.359375	0.111328
549	-0.314453	-0.035156
550	-0.376953	0.142578
551	-0.349609	0.011719
552	-0.410156	0.062500
553	-0.347656	-0.027344
554	-0.339844	-0.093750
555	-0.335938	0.027344
556	-0.357422	0.109375
557	-0.302734	0.085938
558	-0.384766	-0.052734
559	-0.355469	0.054688
560	-0.339844	-0.025391
561	-0.320313	-0.011719
562	-0.328125	0.076172
563	-0.375000	-0.001953
564	-0.343750	-0.001953
565	-0.363281	-0.070313
566	-0.382813	0.125000
567	-0.357422	-0.015625
568	-0.341797	0.007813
569	-0.363281	0.035156
570	-0.332031	-0.031250
571	-0.335938	-0.054688
572	-0.371094	-0.044922
573	-0.351563	0.041016
574	-0.386719	-0.160156
575	-0.408203	-0.041016
576	-0.335938	-0.070313
577	-0.359375	0.083984
578	-0.365234	0.050781
579	-0.343750	0.105469
580	-0.330078	-0.019531
581	-0.326172	0.138672
582	-0.367188	0.046875
583	-0.333984	0.048828
584	-0.300781	-0.005859
585	-0.406250	0.203125
586	-0.367188	-0.066406
587	-0.367188	0.017578
588	-0.328125	0.119141
589	-0.339844	0.044922
590	-0.367188	0.035156
591	-0.365234	-0.261719
592	-0.355469	-0.101563
593	-0.339844	-0.087891
594	-0.316406	-0.003906
595	-0.353516	0.089844
596	-0.349609	0.195313
597	-0.390625	0.105469
598	-0.333984	-0.023438
599	-0.369141	-0.062500
600	-0.357422	-0.031250
601	-0.332031	0.138672
602	-0.308594	-0.148438
603	-0.388672	-0.080078
604	-0.369141	-0.087891
605	-0.394531	-0.134766
606	-0.376953	-0.058594
607	-0.367188	0.054688
608	-0.326172	-0.046875
609	-0.363281	0.058594
610	-0.384766	0.052734
611	-0.347656	-0.091797
612	-0.384766	-0.062500
613	-0.355469	-0.046875
614	-0.376953	-0.041016
615	-0.308594	-0.039063
616	-0.382813	-0.044922
617	-0.326172	0.072266
618	-0.333984	-0.009766
619	-0.353516	-0.044922
620	-0.320313	0.052734
621	-0.337891	-0.144531
622	-0.324219	-0.003906
623	-0.396484	0.011719
624	-0.376953	0.052734
625	-0.322266	0.060547
626	-0.359375	0.013672
627	-0.343750	-0.068359
628	-0.314453	0.072266
629	-0.289063	0.017578
630	-0.357422	0.027344
631	-0.335938	0.107422
632	-0.382813	-0.035156
633	-0.359375	-0.029297
634	-0.324219	-0.035156
635	-0.357422	-0.017578
636	-0.345703	0.103516
637	-0.373047	-0.001953
638	-0.363281	-0.033203
639	-0.376953	0.056641
640	-0.375000	0.208984
641	-0.359375	0.134766
642	-0.337891	0.001953
643	-0.343750	0.187500
644	-0.373047	0.003906
645	-0.347656	0.099609
646	-0.312500	0.009766
647	-0.332031	-0.062500
648	-0.310547	0.037109
649	-0.361328	-0.130859
650	-0.371094	-0.166016
651	-0.410156	-0.134766
652	-0.384766	0.037109
653	-0.343750	0.080078
654	-0.318359	-0.076172
655	-0.298828	0.007813
656	-0.312500	-0.056641
657	-0.390625	-0.068359
658	-0.335938	-0.017578
659	-0.330078	0.142578
660	-0.369141	-0.162109
661	-0.353516	0.109375
662	-0.361328	0.021484
663	-0.394531	-0.042969
664	-0.324219	0.083984
665	-0.378906	0.085938
666	-0.394531	0.009766
667	-0.355469	-0.056641
668	-0.361328	-0.158203
669	-0.365234	-0.222656
670	-0.363281	0.070313
671	-0.314453	0.074219
672	-0.333984	0.070313
673	-0.343750	0.107422
674	-0.345703	-0.076172
675	-0.373047	0.031250
676	-0.406250	0.066406
677	-0.349609	0.093750
678	-0.316406	0.085938
679	-0.376953	0.007813
680	-0.347656	-0.017578
681	-0.367188	-0.041016
682	-0.347656	-0.013672
683	-0.355469	0.029297
684	-0.357422	-0.056641
685	-0.335938	-0.080078
686	-0.330078	-0.001953
687	-0.382813	0.093750
688	-0.375000	0.027344
689	-0.306641	-0.140625
690	-0.351563	-0.029297
691	-0.339844	-0.056641
692	-0.351563	0.005859
693	-0.363281	-0.003906
694	-0.343750	0.054688
695	-0.291016	0.029297
696	-0.392578	0.033203
697	-0.400391	0.003906
698	-0.318359	0.013672
699	-0.359375	-0.027344
700	-0.367188	0.058594
701	-0.378906	0.048828
702	-0.363281	-0.123047
703	-0.337891	-0.130859
704	-0.332031	-0.083984
705	-0.326172	-0.041016
706	-0.367188	-0.078125
707	-0.363281	-0.078125
708	-0.337891	0.037109
709	-0.304688	-0.070313
710	-0.312500	0.054688
711	-0.359375	0.062500
712	-0.412109	0.005859
713	-0.318359	-0.039063
714	-0.339844	-0.093750
715	-0.394531	0.015625
716	-0.384766	0.140625
717	-0.357422	0.048828
718	-0.357422	-0.031250
719	-0.376953	0.041016
720	-0.339844	0.039063
721	-0.359375	-0.029297
722	-0.367188	0.021484
723	-0.333984	-0.076172
724	-0.386719	-0.080078
725	-0.347656	0.015625
726	-0.394531	-0.058594
727	-0.384766	0.214844
728	-0.369141	-0.080078
729	-0.324219	-0.056641
730	-0.337891	0.109375
731	-0.320313	0.097656
732	-0.337891	-0.041016
733	-0.341797	0.160156
734	-0.324219	0.148438
735	-0.400391	0.013672
736	-0.375000	-0.160156
737	-0.373047	0.017578
738	-0.345703	0.091797
739	-0.357422	0.080078
740	-0.388672	-0.064453
741	-0.316406	-0.019531
742	-0.378906	-0.035156
743	-0.355469	0.052734
744	-0.361328	-0.042969
745	-0.345703	-0.035156
746	-0.371094	-0.044922
747	-0.349609	0.056641
748	-0.316406	-0.197266
749	-0.306641	-0.044922
750	-0.359375	-0.097656
751	-0.335938	0.167969
752	-0.322266	-0.039063
753	-0.326172	0.046875
754	-0.378906	-0.021484
755	-0.333984	-0.054688
756	-0.351563	-0.027344
757	-0.349609	0.097656
758	-0.365234	0.103516
759	-0.335938	-0.056641
760	-0.382813	-0.175781
761	-0.359375	0.095703
762	-0.355469	-0.212891
763	-0.320313	0.109375
764	-0.357422	0.117188
765	-0.306641	-0.046875
766	-0.365234	-0.035156
767	-0.357422	-0.021484
768	-0.339844	0.091797
769	-0.335938	-0.060547
770	-0.312500	-0.027344
771	-0.341797	0.009766
772	-0.332031	0.070313
773	-0.345703	0.085938
774	-0.384766	0.076172
775	-0.363281	0.091797
776	-0.386719	-0.048828
777	-0.408203	0.087891
778	-0.298828	-0.041016
779	-0.324219	0.181641
780	-0.384766	-0.148438
781	-0.312500	0.087891
782	-0.375000	0.167969
783	-0.335938	0.015625
784	-0.359375	0.119141
785	-0.396484	-0.093750
786	-0.332031	-0.027344
787	-0.414063	0.097656
788	-0.347656	0.095703
789	-0.337891	-0.007813
790	-0.398438	-0.062500
791	-0.388672	-0.214844
792	-0.347656	0.123047
793	-0.349609	0.101563
794	-0.355469	0.080078
795	-0.355469	-0.113281
796	-0.361328	-0.064453
797	-0.380859	0.195313
798	-0.388672	-0.027344
799	-0.341797	0.171875
800	-0.341797	0.000000
801	-0.341797	-0.007813
802	-0.343750	0.041016
803	-0.330078	0.025391
804	-0.378906	0.035156
805	-0.310547	0.130859
806	-0.367188	-0.072266
807	-0.345703	0.074219
808	-0.365234	0.095703
809	-0.365234	0.099609
810	-0.376953	-0.035156
811	-0.375000	0.169922
812	-0.349609	0.015625
813	-0.365234	-0.093750
814	-0.361328	-0.056641
815	-0.410156	0.019531
816	-0.335938	-0.029297
817	-0.351563	-0.009766
818	-0.335938	-0.003906
819	-0.367188	0.000000
820	-0.353516	0.037109
821	-0.322266	-0.080078
822	-0.402344	0.132813
823	-0.371094	0.037109
824	-0.402344	-0.214844
825	-0.330078	0.060547
826	-0.355469	0.042969
827	-0.369141	-0.048828
828	-0.335938	0.093750
829	-0.347656	0.083984
830	-0.367188	-0.080078
831	-0.345703	-0.039063
832	-0.373047	0.085938
833	-0.359375	-0.052734
834	-0.333984	-0.191406
835	-0.351563	0.074219
836	-0.363281	-0.019531
837	-0.339844	0.052734
838	-0.355469	-0.035156
839	-0.328125	-0.031250
840	-0.357422	-0.083984
841	-0.324219	-0.054688
842	-0.353516	0.048828
843	-0.353516	0.162109
844	-0.347656	0.011719
845	-0.384766	-0.039063
846	-0.371094	-0.029297
847	-0.363281	0.029297
848	-0.373047	-0.019531
849	-0.330078	-0.101563
850	-0.400391	0.070313
851	-0.363281	0.029297
852	-0.333984	0.041016
853	-0.332031	0.003906
854	-0.402344	0.103516
855	-0.337891	0.066406
856	-0.367188	-0.181641
857	-0.314453	-0.136719
858	-0.347656	-0.017578
859	-0.333984	0.056641
860	-0.300781	-0.050781
861	-0.339844	-0.031250
862	-0.359375	0.017578
863	-0.349609	0.126953
864	-0.341797	0.201172
865	-0.343750	-0.001953
866	-0.324219	0.072266
867	-0.402344	0.000000
868	-0.357422	-0.023438
869	-0.343750	0.000000
870	-0.376953	0.074219
871	-0.361328	-0.052734
872	-0.367188	-0.013672
873	-0.347656	0.000000
874	-0.347656	0.029297
875	-0.322266	-0.101563
876	-0.371094	-0.064453
877	-0.371094	0.078125
878	-0.361328	0.160156
879	-0.392578	0.074219
880	-0.400391	-0.054688
881	-0.371094	-0.031250
882	-0.408203	-0.013672
883	-0.380859	0.140625
884	-0.332031	-0.080078
885	-0.337891	-0.025391
886	-0.328125	-0.005859
887	-0.367188	-0.093750
888	-0.367188	-0.156250
889	-0.353516	0.111328
890	-0.367188	-0.107422
891	-0.361328	-0.089844
892	-0.355469	-0.273438
893	-0.353516	0.007813
894	-0.318359	-0.097656
895	-0.398438	0.025391
896	-0.353516	0.037109
897	-0.337891	0.001953
898	-0.341797	0.041016
899	-0.371094	-0.027344
900	-0.394531	0.144531
901	-0.378906	0.009766
902	-0.332031	-0.150391
903	-0.335938	0.082031
904	-0.371094	0.029297
905	-0.435547	-0.064453
906	-0.371094	-0.248047
907	-0.380859	0.085938
908	-0.339844	-0.013672
909	-0.359375	-0.121094
910	-0.349609	0.001953
911	-0.312500	-0.029297
912	-0.398438	0.082031
913	-0.341797	-0.027344
914	-0.306641	0.021484
915	-0.406250	-0.123047
916	-0.265625	-0.044922
917	-0.322266	-0.039063
918	-0.333984	0.021484
919	-0.363281	0.152344
920	-0.353516	-0.019531
921	-0.382813	-0.029297
922	-0.373047	-0.033203
923	-0.341797	0.033203
924	-0.378906	-0.144531
925	-0.361328	0.050781
926	-0.335938	-0.033203
927	-0.361328	0.119141
928	-0.355469	-0.195313
929	-0.316406	-0.064453
930	-0.388672	-0.042969
931	-0.396484	-0.007813
932	-0.300781	-0.029297
933	-0.369141	-0.125000
934	-0.347656	0.068359
935	-0.349609	0.058594
936	-0.326172	-0.083984
937	-0.400391	-0.066406
938	-0.400391	0.103516
939	-0.318359	0.044922
940	-0.376953	0.039063
941	-0.375000	0.000000
942	-0.322266	-0.103516
943	-0.320313	0.074219
944	-0.390625	-0.068359
945	-0.330078	-0.013672
946	-0.320313	-0.023438
947	-0.380859	-0.031250
948	-0.333984	-0.064453
949	-0.310547	0.050781
950	-0.326172	-0.015625
951	-0.339844	-0.019531
952	-0.302734	0.044922
953	-0.365234	-0.113281
954	-0.375000	0.039063
955	-0.343750	0.085938
956	-0.337891	-0.080078
957	-0.333984	0.003906
958	-0.318359	0.031250
959	-0.396484	0.046875
960	-0.365234	-0.033203
961	-0.330078	0.001953
962	-0.349609	-0.050781
963	-0.318359	-0.021484
964	-0.406250	0.117188
965	-0.304688	0.056641
966	-0.267578	0.044922
967	-0.337891	0.013672
968	-0.376953	-0.017578
969	-0.353516	-0.095703
970	-0.281250	-0.064453
971	-0.328125	-0.095703
972	-0.343750	-0.007813
973	-0.343750	0.050781
974	-0.376953	-0.109375
975	-0.306641	-0.041016
976	-0.357422	0.027344
977	-0.396484	-0.082031
978	-0.406250	-0.093750
979	-0.332031	-0.171875
980	-0.363281	-0.041016
981	-0.359375	0.029297
982	-0.332031	0.105469
983	-0.285156	-0.101563
984	-0.308594	-0.025391
985	-0.333984	-0.046875
986	-0.361328	-0.003906
987	-0.375000	-0.021484
988	-0.355469	-0.007813
989	-0.330078	-0.142578
990	-0.349609	0.064453
991	-0.353516	0.025391
992	-0.367188	0.052734
993	-0.384766	0.113281
994	-0.363281	0.031250
995	-0.349609	0.083984
996	-0.343750	-0.011719
997	-0.355469	-0.007813
998	-0.343750	-0.087891
999	-0.355469	0.029297
