0	-0.988281	0.992188
1	-0.980469	0.988281
2	-0.972656	0.986328
3	-0.972656	0.986328
4	-0.978516	0.988281
5	-0.980469	0.990234
6	-0.972656	0.984375
7	-0.982422	0.990234
8	-0.992188	0.996094
9	-0.984375	0.992188
10	-0.976563	0.988281
11	-0.968750	0.982422
12	-0.988281	0.994141
13	-0.996094	0.998047
14	-0.990234	0.994141
15	-0.978516	0.988281
16	-0.986328	0.992188
17	-0.970703	0.982422
18	-0.992188	0.996094
19	-0.990234	0.994141
20	-0.986328	0.992188
21	-1.000000	1.000000
22	-0.986328	0.992188
23	-0.984375	0.992188
24	-0.984375	0.990234
25	-0.984375	0.990234
26	-0.984375	0.992188
27	-0.986328	0.992188
28	-0.980469	0.990234
29	-0.992188	0.996094
30	-0.970703	0.978516
31	-0.968750	0.982422
32	-0.972656	0.986328
33	-0.970703	0.982422
34	-0.976563	0.988281
35	-0.978516	0.988281
36	-0.982422	0.990234
37	-0.970703	0.982422
38	-0.992188	0.996094
39	-0.970703	0.984375
40	-0.978516	0.986328
41	-0.988281	0.994141
42	-0.974609	0.986328
43	-0.972656	0.986328
44	-0.996094	0.998047
45	-0.988281	0.994141
46	-0.990234	0.994141
47	-0.996094	0.998047
48	-0.988281	0.994141
49	-0.984375	0.992188
50	-0.980469	0.990234
51	-0.970703	0.984375
52	-0.966797	0.982422
53	-0.992188	0.996094
54	-0.990234	0.994141
55	-0.984375	0.992188
56	-0.980469	0.990234
57	-0.955078	0.970703
58	-0.992188	0.996094
59	-0.980469	0.988281
60	-0.970703	0.984375
61	-0.974609	0.986328
62	-0.968750	0.982422
63	-0.988281	0.994141
64	-0.980469	0.990234
65	-0.978516	0.988281
66	-0.972656	0.986328
67	-0.962891	0.978516
68	-0.984375	0.992188
69	-0.986328	0.992188
70	-0.992188	0.996094
71	-0.980469	0.990234
72	-0.992188	0.996094
73	-0.974609	0.986328
74	-0.960938	0.978516
75	-0.988281	0.992188
76	-0.976563	0.988281
77	-0.976563	0.988281
78	-0.980469	0.990234
79	-0.982422	0.990234
80	-0.984375	0.992188
81	-0.992188	0.996094
82	-0.984375	0.992188
83	-0.974609	0.986328
84	-0.966797	0.980469
85	-0.978516	0.984375
86	-0.980469	0.988281
87	-0.972656	0.984375
88	-0.980469	0.990234
89	-0.970703	0.984375
90	-0.988281	0.994141
91	-0.984375	0.992188
92	-0.986328	0.992188
93	-0.990234	0.994141
94	-0.988281	0.994141
95	-0.980469	0.990234
96	-0.980469	0.990234
97	-0.992188	0.996094
98	-0.978516	0.988281
99	-0.970703	0.984375
100	-0.984375	0.992188
101	-0.996094	0.998047
102	-0.996094	0.998047
103	-0.976563	0.988281
104	-0.978516	0.988281
105	-0.984375	0.990234
106	-0.980469	0.990234
107	-0.980469	0.990234
108	-0.966797	0.982422
109	-0.992188	0.996094
110	-0.966797	0.982422
111	-0.984375	0.992188
112	-0.982422	0.990234
113	-0.988281	0.994141
114	-0.988281	0.994141
115	-0.984375	0.992188
116	-0.984375	0.992188
117	-0.974609	0.986328
118	-0.972656	0.984375
119	-0.984375	0.992188
120	-0.988281	0.994141
121	-0.968750	0.982422
122	-0.980469	0.990234
123	-0.980469	0.988281
124	-0.992188	0.996094
125	-0.986328	0.992188
126	-0.980469	0.990234
127	-0.992188	0.996094
128	-0.984375	0.992188
129	-0.974609	0.982422
130	-0.980469	0.990234
131	-0.988281	0.994141
132	-0.988281	0.992188
133	-0.984375	0.992188
134	-0.996094	0.998047
135	-0.990234	0.994141
136	-0.978516	0.988281
137	-0.982422	0.990234
138	-0.966797	0.982422
139	-0.958984	0.976563
140	-0.966797	0.982422
141	-0.988281	0.994141
142	-0.984375	0.992188
143	-0.974609	0.986328
144	-0.996094	0.998047
145	-0.984375	0.992188
146	-0.980469	0.990234
147	-0.976563	0.988281
148	-0.986328	0.992188
149	-0.992188	0.996094
150	-0.972656	0.984375
151	-0.996094	0.998047
152	-0.974609	0.986328
153	-0.974609	0.986328
154	-0.974609	0.986328
155	-0.986328	0.988281
156	-0.976563	0.988281
157	-0.976563	0.988281
158	-0.978516	0.988281
159	-0.980469	0.990234
160	-0.988281	0.994141
161	-0.984375	0.992188
162	-0.982422	0.990234
163	-0.984375	0.992188
164	-0.970703	0.984375
165	-0.988281	0.994141
166	-0.960938	0.980469
167	-0.966797	0.982422
168	-0.966797	0.982422
169	-0.992188	0.996094
170	-0.984375	0.992188
171	-0.980469	0.990234
172	-0.982422	0.990234
173	-0.992188	0.996094
174	-0.992188	0.996094
175	-0.996094	0.998047
176	-0.939453	0.966797
177	-0.964844	0.982422
178	-1.000000	1.000000
179	-0.986328	0.992188
180	-0.978516	0.986328
181	-0.986328	0.992188
182	-0.984375	0.992188
183	-0.974609	0.986328
184	-0.988281	0.994141
185	-0.986328	0.992188
186	-0.974609	0.984375
187	-0.976563	0.986328
188	-0.980469	0.990234
189	-0.980469	0.990234
190	-0.992188	0.996094
191	-0.982422	0.990234
192	-0.968750	0.982422
193	-0.984375	0.992188
194	-0.972656	0.984375
195	-0.972656	0.986328
196	-0.976563	0.988281
197	-0.974609	0.986328
198	-0.972656	0.984375
199	-1.000000	1.000000
200	-0.988281	0.992188
201	-0.970703	0.984375
202	-0.978516	0.988281
203	-0.978516	0.988281
204	-0.988281	0.994141
205	-0.996094	0.998047
206	-0.976563	0.986328
207	-0.988281	0.994141
208	-0.984375	0.992188
209	-0.968750	0.982422
210	-0.986328	0.992188
211	-0.962891	0.978516
212	-0.976563	0.988281
213	-0.980469	0.990234
214	-0.992188	0.996094
215	-0.966797	0.982422
216	-0.988281	0.994141
217	-0.992188	0.996094
218	-0.984375	0.992188
219	-0.988281	0.994141
220	-0.986328	0.992188
221	-0.976563	0.986328
222	-0.972656	0.986328
223	-0.974609	0.986328
224	-0.968750	0.984375
225	-0.978516	0.988281
226	-0.992188	0.996094
227	-0.980469	0.990234
228	-0.988281	0.994141
229	-0.986328	0.992188
230	-0.974609	0.986328
231	-0.988281	0.994141
232	-0.994141	0.996094
233	-0.980469	0.990234
234	-0.984375	0.992188
235	-0.988281	0.994141
236	-0.972656	0.986328
237	-0.988281	0.994141
238	-0.980469	0.988281
239	-0.984375	0.992188
240	-0.984375	0.992188
241	-0.974609	0.986328
242	-1.000000	1.000000
243	-0.988281	0.994141
244	-0.976563	0.986328
245	-0.988281	0.994141
246	-0.984375	0.992188
247	-1.000000	1.000000
248	-0.978516	0.988281
249	-0.980469	0.988281
250	-0.978516	0.988281
251	-0.964844	0.982422
252	-0.976563	0.988281
253	-0.970703	0.984375
254	-0.976563	0.986328
255	-0.992188	0.996094
256	-0.992188	0.996094
257	-0.988281	0.992188
258	-0.966797	0.980469
259	-0.984375	0.992188
260	-0.996094	0.998047
261	-0.996094	0.998047
262	-0.955078	0.976563
263	-0.988281	0.994141
264	-0.980469	0.988281
265	-0.976563	0.988281
266	-0.978516	0.986328
267	-0.976563	0.988281
268	-0.974609	0.986328
269	-0.976563	0.984375
270	-0.980469	0.990234
271	-0.992188	0.996094
272	-0.976563	0.986328
273	-0.980469	0.990234
274	-0.976563	0.986328
275	-0.978516	0.988281
276	-0.976563	0.986328
277	-0.980469	0.990234
278	-0.976563	0.988281
279	-0.976563	0.986328
280	-0.992188	0.996094
281	-1.000000	1.000000
282	-0.978516	0.986328
283	-0.984375	0.992188
284	-0.972656	0.986328
285	-0.992188	0.996094
286	-0.976563	0.988281
287	-0.953125	0.974609
288	-0.976563	0.984375
289	-0.988281	0.994141
290	-0.984375	0.992188
291	-0.968750	0.984375
292	-0.968750	0.984375
293	-0.982422	0.988281
294	-0.984375	0.992188
295	-0.976563	0.988281
296	-0.972656	0.984375
297	-0.992188	0.996094
298	-0.970703	0.984375
299	-0.966797	0.982422
300	-0.996094	0.998047
301	-0.976563	0.986328
302	-0.970703	0.984375
303	-0.982422	0.990234
304	-0.992188	0.994141
305	-0.966797	0.980469
306	-0.980469	0.990234
307	-0.974609	0.986328
308	-0.984375	0.992188
309	-0.972656	0.984375
310	-0.992188	0.996094
311	-0.992188	0.994141
312	-0.984375	0.992188
313	-0.974609	0.986328
314	-0.996094	0.998047
315	-0.984375	0.992188
316	-0.986328	0.992188
317	-0.978516	0.980469
318	-0.980469	0.990234
319	-0.980469	0.988281
320	-0.972656	0.982422
321	-0.976563	0.988281
322	-0.976563	0.988281
323	-0.982422	0.990234
324	-0.960938	0.978516
325	-0.978516	0.986328
326	-0.986328	0.992188
327	-0.992188	0.996094
328	-0.976563	0.988281
329	-1.000000	1.000000
330	-0.980469	0.990234
331	-0.984375	0.992188
332	-0.980469	0.988281
333	-0.988281	0.994141
334	-0.980469	0.990234
335	-0.992188	0.996094
336	-0.980469	0.990234
337	-0.980469	0.990234
338	-0.966797	0.982422
339	-0.984375	0.990234
340	-0.984375	0.992188
341	-0.988281	0.994141
342	-0.988281	0.994141
343	-0.984375	0.992188
344	-0.972656	0.984375
345	-0.974609	0.986328
346	-0.984375	0.992188
347	-0.996094	0.998047
348	-0.976563	0.984375
349	-0.988281	0.994141
350	-0.984375	0.992188
351	-0.984375	0.992188
352	-0.982422	0.990234
353	-0.976563	0.986328
354	-0.964844	0.978516
355	-0.976563	0.986328
356	-0.984375	0.992188
357	-0.980469	0.990234
358	-0.988281	0.994141
359	-0.992188	0.996094
360	-0.953125	0.972656
361	-0.996094	0.998047
362	-0.962891	0.978516
363	-0.980469	0.990234
364	-0.984375	0.992188
365	-0.984375	0.992188
366	-0.992188	0.996094
367	-0.980469	0.988281
368	-0.990234	0.994141
369	-0.988281	0.992188
370	-0.976563	0.984375
371	-0.976563	0.988281
372	-0.990234	0.994141
373	-0.976563	0.988281
374	-0.992188	0.996094
375	-0.992188	0.996094
376	-0.974609	0.976563
377	-0.988281	0.994141
378	-0.980469	0.988281
379	-0.984375	0.992188
380	-0.996094	0.998047
381	-0.964844	0.980469
382	-0.978516	0.988281
383	-0.978516	0.988281
384	-0.988281	0.994141
385	-0.972656	0.986328
386	-0.984375	0.992188
387	-0.980469	0.990234
388	-0.984375	0.992188
389	-0.978516	0.988281
390	-0.984375	0.992188
391	-0.984375	0.992188
392	-0.988281	0.994141
393	-0.992188	0.996094
394	-0.972656	0.984375
395	-0.980469	0.990234
396	-0.988281	0.994141
397	-0.996094	0.998047
398	-0.992188	0.996094
399	-0.980469	0.990234
400	-0.978516	0.986328
401	-0.982422	0.990234
402	-0.984375	0.992188
403	-0.978516	0.988281
404	-0.972656	0.982422
405	-0.970703	0.982422
406	-0.984375	0.992188
407	-0.984375	0.992188
408	-0.968750	0.982422
409	-0.980469	0.988281
410	-0.982422	0.990234
411	-0.984375	0.992188
412	-0.976563	0.988281
413	-0.992188	0.996094
414	-0.982422	0.990234
415	-0.988281	0.994141
416	-0.992188	0.996094
417	-0.992188	0.996094
418	-0.974609	0.986328
419	-0.972656	0.986328
420	-0.976563	0.988281
421	-0.992188	0.996094
422	-0.996094	0.998047
423	-0.970703	0.982422
424	-0.978516	0.988281
425	-0.988281	0.994141
426	-0.978516	0.988281
427	-0.996094	0.998047
428	-0.978516	0.988281
429	-0.992188	0.996094
430	-0.980469	0.990234
431	-0.996094	0.998047
432	-0.974609	0.986328
433	-0.972656	0.986328
434	-0.996094	0.998047
435	-0.955078	0.974609
436	-0.980469	0.990234
437	-0.972656	0.984375
438	-0.992188	0.994141
439	-0.982422	0.990234
440	-0.992188	0.996094
441	-0.978516	0.988281
442	-0.984375	0.992188
443	-0.980469	0.990234
444	-0.992188	0.996094
445	-0.968750	0.982422
446	-0.980469	0.990234
447	-0.990234	0.994141
448	-0.986328	0.992188
449	-0.966797	0.980469
450	-1.000000	1.000000
451	-0.980469	0.988281
452	-0.972656	0.984375
453	-0.982422	0.990234
454	-0.984375	0.992188
455	-0.978516	0.988281
456	-0.996094	0.998047
457	-0.982422	0.990234
458	-0.980469	0.990234
459	-0.996094	0.998047
460	-0.982422	0.990234
461	-0.996094	0.998047
462	-0.972656	0.986328
463	-0.984375	0.990234
464	-0.980469	0.990234
465	-0.992188	0.996094
466	-0.988281	0.994141
467	-0.988281	0.994141
468	-1.000000	1.000000
469	-0.980469	0.990234
470	-0.980469	0.990234
471	-0.976563	0.988281
472	-0.976563	0.986328
473	-0.996094	0.998047
474	-0.976563	0.988281
475	-0.955078	0.974609
476	-0.978516	0.988281
477	-0.976563	0.988281
478	-0.970703	0.984375
479	-0.984375	0.990234
480	-0.974609	0.984375
481	-0.978516	0.986328
482	-0.984375	0.992188
483	-0.966797	0.982422
484	-0.992188	0.996094
485	-0.976563	0.988281
486	-0.986328	0.992188
487	-0.984375	0.988281
488	-0.976563	0.986328
489	-0.980469	0.986328
490	-0.988281	0.994141
491	-0.968750	0.982422
492	-0.996094	0.998047
493	-0.976563	0.984375
494	-0.988281	0.994141
495	-0.976563	0.988281
496	-0.980469	0.988281
497	-0.980469	0.990234
498	-0.992188	0.996094
499	-0.984375	0.992188
500	-0.972656	0.986328
501	-0.980469	0.990234
502	-0.992188	0.996094
503	-0.984375	0.992188
504	-0.974609	0.986328
505	-0.970703	0.984375
506	-0.972656	0.986328
507	-0.966797	0.982422
508	-0.966797	0.978516
509	-0.986328	0.992188
510	-0.982422	0.990234
511	-0.982422	0.990234
512	-0.976563	0.988281
513	-0.974609	0.986328
514	-0.986328	0.992188
515	-0.992188	0.996094
516	-0.996094	0.998047
517	-0.982422	0.990234
518	-0.984375	0.992188
519	-0.984375	0.992188
520	-0.957031	0.978516
521	-0.982422	0.990234
522	-0.984375	0.992188
523	-0.992188	0.994141
524	-0.984375	0.992188
525	-0.992188	0.996094
526	-0.988281	0.994141
527	-0.986328	0.992188
528	-0.980469	0.988281
529	-0.984375	0.992188
530	-0.982422	0.990234
531	-0.976563	0.984375
532	-0.992188	0.996094
533	-0.988281	0.994141
534	-0.968750	0.984375
535	-0.974609	0.986328
536	-0.960938	0.978516
537	-0.976563	0.988281
538	-0.976563	0.988281
539	-0.978516	0.988281
540	-0.996094	0.998047
541	-0.980469	0.990234
542	-0.992188	0.996094
543	-0.984375	0.992188
544	-0.984375	0.992188
545	-0.992188	0.996094
546	-0.986328	0.992188
547	-0.982422	0.990234
548	-0.992188	0.996094
549	-0.980469	0.990234
550	-0.988281	0.994141
551	-0.968750	0.982422
552	-0.986328	0.992188
553	-0.986328	0.992188
554	-0.990234	0.994141
555	-0.964844	0.982422
556	-0.976563	0.988281
557	-0.968750	0.984375
558	-0.978516	0.988281
559	-0.974609	0.986328
560	-0.990234	0.994141
561	-0.982422	0.990234
562	-0.968750	0.982422
563	-0.984375	0.992188
564	-0.984375	0.992188
565	-0.980469	0.990234
566	-0.992188	0.996094
567	-0.984375	0.992188
568	-0.982422	0.986328
569	-0.984375	0.990234
570	-0.988281	0.994141
571	-0.978516	0.988281
572	-0.988281	0.994141
573	-0.988281	0.994141
574	-0.990234	0.994141
575	-0.992188	0.996094
576	-0.982422	0.990234
577	-0.992188	0.996094
578	-0.990234	0.994141
579	-0.984375	0.992188
580	-0.988281	0.994141
581	-0.996094	0.998047
582	-0.980469	0.986328
583	-0.951172	0.972656
584	-0.962891	0.980469
585	-0.972656	0.984375
586	-0.974609	0.986328
587	-0.982422	0.990234
588	-0.988281	0.992188
589	-0.980469	0.988281
590	-0.984375	0.992188
591	-0.974609	0.986328
592	-0.968750	0.982422
593	-0.992188	0.996094
594	-0.984375	0.992188
595	-0.984375	0.992188
596	-0.972656	0.984375
597	-0.980469	0.988281
598	-0.988281	0.994141
599	-0.992188	0.996094
600	-0.988281	0.994141
601	-0.976563	0.988281
602	-0.968750	0.976563
603	-0.982422	0.990234
604	-0.972656	0.986328
605	-0.988281	0.994141
606	-0.984375	0.992188
607	-0.972656	0.984375
608	-0.988281	0.994141
609	-0.980469	0.986328
610	-0.984375	0.992188
611	-0.980469	0.988281
612	-0.970703	0.984375
613	-0.982422	0.990234
614	-0.982422	0.990234
615	-0.972656	0.984375
616	-0.980469	0.990234
617	-0.976563	0.988281
618	-0.980469	0.984375
619	-0.984375	0.992188
620	-0.984375	0.992188
621	-0.966797	0.982422
622	-0.968750	0.982422
623	-0.980469	0.990234
624	-0.984375	0.992188
625	-0.978516	0.988281
626	-0.990234	0.994141
627	-0.982422	0.990234
628	-0.988281	0.994141
629	-0.972656	0.986328
630	-0.978516	0.988281
631	-0.984375	0.992188
632	-0.982422	0.990234
633	-0.964844	0.980469
634	-0.988281	0.994141
635	-0.992188	0.996094
636	-0.974609	0.986328
637	-0.982422	0.990234
638	-0.992188	0.996094
639	-0.996094	0.998047
640	-0.980469	0.990234
641	-0.960938	0.974609
642	-0.988281	0.994141
643	-0.992188	0.996094
644	-0.992188	0.996094
645	-0.988281	0.992188
646	-0.972656	0.984375
647	-0.984375	0.992188
648	-0.972656	0.986328
649	-0.984375	0.992188
650	-0.988281	0.994141
651	-0.982422	0.976563
652	-0.984375	0.992188
653	-0.984375	0.990234
654	-0.976563	0.988281
655	-0.972656	0.986328
656	-0.978516	0.988281
657	-0.988281	0.994141
658	-0.988281	0.994141
659	-0.964844	0.982422
660	-0.988281	0.994141
661	-0.988281	0.994141
662	-0.984375	0.992188
663	-0.986328	0.992188
664	-1.000000	1.000000
665	-0.980469	0.990234
666	-0.988281	0.994141
667	-0.988281	0.994141
668	-1.000000	1.000000
669	-0.972656	0.984375
670	-0.972656	0.986328
671	-0.988281	0.994141
672	-0.984375	0.992188
673	-0.976563	0.986328
674	-0.980469	0.990234
675	-0.974609	0.982422
676	-0.988281	0.994141
677	-0.976563	0.988281
678	-0.980469	0.990234
679	-0.992188	0.996094
680	-0.992188	0.996094
681	-0.984375	0.992188
682	-0.996094	0.998047
683	-0.988281	0.994141
684	-0.984375	0.992188
685	-0.996094	0.998047
686	-0.990234	0.994141
687	-0.984375	0.992188
688	-0.984375	0.992188
689	-0.984375	0.992188
690	-0.980469	0.990234
691	-0.988281	0.994141
692	-0.992188	0.996094
693	-0.974609	0.986328
694	-0.986328	0.992188
695	-0.992188	0.996094
696	-0.986328	0.992188
697	-0.968750	0.984375
698	-0.984375	0.992188
699	-0.984375	0.992188
700	-0.964844	0.982422
701	-0.992188	0.996094
702	-0.984375	0.992188
703	-0.980469	0.990234
704	-0.982422	0.990234
705	-0.992188	0.996094
706	-0.986328	0.992188
707	-0.994141	0.996094
708	-0.984375	0.992188
709	-0.984375	0.992188
710	-0.988281	0.994141
711	-0.976563	0.988281
712	-0.988281	0.994141
713	-0.957031	0.970703
714	-0.976563	0.988281
715	-0.996094	0.998047
716	-0.980469	0.990234
717	-0.988281	0.994141
718	-0.962891	0.980469
719	-0.984375	0.990234
720	-0.957031	0.976563
721	-0.978516	0.988281
722	-1.000000	1.000000
723	-0.988281	0.994141
724	-0.984375	0.992188
725	-0.984375	0.992188
726	-0.980469	0.990234
727	-0.992188	0.996094
728	-0.957031	0.978516
729	-0.984375	0.992188
730	-0.972656	0.984375
731	-0.970703	0.982422
732	-0.988281	0.994141
733	-0.972656	0.984375
734	-0.988281	0.994141
735	-0.962891	0.980469
736	-0.996094	0.998047
737	-0.996094	0.998047
738	-0.978516	0.988281
739	-0.988281	0.994141
740	-0.984375	0.992188
741	-0.978516	0.988281
742	-0.984375	0.992188
743	-0.976563	0.988281
744	-0.978516	0.988281
745	-0.988281	0.994141
746	-1.000000	1.000000
747	-0.976563	0.988281
748	-0.970703	0.984375
749	-0.966797	0.982422
750	-0.968750	0.984375
751	-0.972656	0.986328
752	-0.972656	0.986328
753	-0.988281	0.994141
754	-0.986328	0.992188
755	-0.980469	0.990234
756	-0.994141	0.996094
757	-0.964844	0.982422
758	-0.980469	0.988281
759	-0.976563	0.986328
760	-0.984375	0.992188
761	-0.966797	0.982422
762	-0.980469	0.988281
763	-0.964844	0.982422
764	-0.982422	0.990234
765	-0.988281	0.994141
766	-0.972656	0.982422
767	-0.972656	0.986328
768	-0.996094	0.998047
769	-0.992188	0.996094
770	-0.996094	0.998047
771	-0.974609	0.986328
772	-0.966797	0.980469
773	-0.986328	0.992188
774	-0.978516	0.988281
775	-0.984375	0.992188
776	-0.972656	0.986328
777	-0.974609	0.986328
778	-0.980469	0.990234
779	-0.978516	0.988281
780	-0.988281	0.994141
781	-0.978516	0.984375
782	-0.980469	0.990234
783	-0.968750	0.982422
784	-0.990234	0.994141
785	-0.992188	0.996094
786	-0.984375	0.990234
787	-0.988281	0.994141
788	-0.980469	0.990234
789	-0.984375	0.992188
790	-0.976563	0.984375
791	-0.984375	0.992188
792	-0.988281	0.994141
793	-0.980469	0.990234
794	-0.992188	0.996094
795	-0.982422	0.990234
796	-0.970703	0.984375
797	-0.980469	0.990234
798	-0.970703	0.984375
799	-0.980469	0.990234
800	-0.974609	0.986328
801	-0.984375	0.992188
802	-0.988281	0.994141
803	-0.980469	0.990234
804	-0.982422	0.990234
805	-0.976563	0.986328
806	-0.980469	0.990234
807	-0.988281	0.992188
808	-0.988281	0.994141
809	-0.976563	0.988281
810	-0.982422	0.990234
811	-0.980469	0.990234
812	-0.996094	0.998047
813	-0.990234	0.994141
814	-0.988281	0.994141
815	-0.992188	0.996094
816	-0.980469	0.988281
817	-0.976563	0.986328
818	-0.968750	0.982422
819	-0.988281	0.994141
820	-0.984375	0.992188
821	-0.976563	0.986328
822	-0.964844	0.980469
823	-0.982422	0.990234
824	-0.980469	0.988281
825	-0.978516	0.988281
826	-0.980469	0.990234
827	-0.980469	0.988281
828	-0.996094	0.998047
829	-0.972656	0.986328
830	-0.972656	0.984375
831	-0.970703	0.984375
832	-0.972656	0.986328
833	-0.970703	0.984375
834	-0.972656	0.986328
835	-0.978516	0.988281
836	-0.988281	0.994141
837	-0.968750	0.984375
838	-0.976563	0.988281
839	-0.976563	0.986328
840	-0.984375	0.990234
841	-0.988281	0.994141
842	-0.980469	0.990234
843	-0.955078	0.976563
844	-0.984375	0.992188
845	-0.976563	0.988281
846	-0.980469	0.990234
847	-0.980469	0.988281
848	-0.992188	0.996094
849	-0.974609	0.986328
850	-0.974609	0.986328
851	-0.964844	0.980469
852	-0.984375	0.992188
853	-0.972656	0.982422
854	-0.990234	0.994141
855	-0.980469	0.990234
856	-0.978516	0.988281
857	-0.976563	0.988281
858	-0.984375	0.992188
859	-0.970703	0.980469
860	-0.988281	0.994141
861	-0.982422	0.990234
862	-0.984375	0.992188
863	-0.992188	0.996094
864	-0.984375	0.992188
865	-0.984375	0.992188
866	-0.992188	0.996094
867	-0.974609	0.986328
868	-0.980469	0.990234
869	-0.996094	0.998047
870	-0.980469	0.990234
871	-0.982422	0.990234
872	-0.976563	0.988281
873	-0.970703	0.984375
874	-0.994141	0.996094
875	-0.992188	0.996094
876	-0.986328	0.992188
877	-0.980469	0.990234
878	-0.984375	0.992188
879	-0.980469	0.990234
880	-0.988281	0.994141
881	-0.980469	0.990234
882	-0.976563	0.988281
883	-0.982422	0.988281
884	-0.976563	0.986328
885	-0.988281	0.994141
886	-0.970703	0.984375
887	-0.988281	0.994141
888	-0.986328	0.992188
889	-0.992188	0.996094
890	-0.968750	0.984375
891	-0.992188	0.996094
892	-0.970703	0.984375
893	-0.974609	0.986328
894	-0.996094	0.998047
895	-0.988281	0.994141
896	-0.992188	0.996094
897	-0.976563	0.986328
898	-0.984375	0.992188
899	-0.986328	0.992188
900	-0.976563	0.988281
901	-0.972656	0.986328
902	-0.964844	0.980469
903	-0.982422	0.990234
904	-0.972656	0.984375
905	-0.984375	0.992188
906	-0.972656	0.980469
907	-0.980469	0.990234
908	-0.984375	0.992188
909	-0.992188	0.996094
910	-0.980469	0.990234
911	-0.968750	0.984375
912	-0.966797	0.982422
913	-0.992188	0.996094
914	-0.988281	0.992188
915	-0.972656	0.984375
916	-0.978516	0.988281
917	-0.980469	0.990234
918	-1.000000	1.000000
919	-0.990234	0.994141
920	-0.988281	0.994141
921	-0.976563	0.986328
922	-0.984375	0.992188
923	-0.980469	0.988281
924	-0.960938	0.976563
925	-0.974609	0.984375
926	-0.992188	0.996094
927	-0.988281	0.994141
928	-1.000000	1.000000
929	-0.992188	0.996094
930	-0.988281	0.994141
931	-0.976563	0.988281
932	-0.978516	0.988281
933	-0.972656	0.984375
934	-0.980469	0.990234
935	-0.984375	0.992188
936	-0.988281	0.994141
937	-0.982422	0.990234
938	-0.968750	0.984375
939	-0.980469	0.990234
940	-0.974609	0.986328
941	-0.941406	0.966797
942	-0.972656	0.984375
943	-0.986328	0.992188
944	-0.984375	0.992188
945	-0.992188	0.996094
946	-0.988281	0.994141
947	-0.980469	0.990234
948	-0.972656	0.982422
949	-0.992188	0.996094
950	-0.986328	0.992188
951	-0.972656	0.984375
952	-0.972656	0.986328
953	-0.992188	0.996094
954	-0.988281	0.994141
955	-0.988281	0.994141
956	-0.978516	0.988281
957	-0.986328	0.992188
958	-0.988281	0.994141
959	-0.988281	0.994141
960	-0.964844	0.982422
961	-0.976563	0.986328
962	-0.976563	0.986328
963	-0.972656	0.986328
964	-0.984375	0.992188
965	-0.976563	0.988281
966	-0.968750	0.984375
967	-0.984375	0.992188
968	-1.000000	1.000000
969	-0.992188	0.996094
970	-0.966797	0.982422
971	-0.964844	0.982422
972	-0.966797	0.982422
973	-0.986328	0.992188
974	-0.972656	0.984375
975	-0.974609	0.986328
976	-0.992188	0.996094
977	-0.972656	0.986328
978	-0.978516	0.988281
979	-0.992188	0.996094
980	-0.972656	0.986328
981	-0.964844	0.982422
982	-0.984375	0.992188
983	-0.978516	0.988281
984	-0.986328	0.992188
985	-0.984375	0.992188
986	-0.992188	0.996094
987	-0.984375	0.990234
988	-0.988281	0.994141
989	-0.974609	0.986328
990	-0.986328	0.992188
991	-0.978516	0.988281
992	-0.984375	0.992188
993	-0.984375	0.992188
994	-0.988281	0.994141
995	-0.970703	0.984375
996	-0.984375	0.992188
997	-0.970703	0.984375
998	-0.984375	0.992188
999	-0.992188	0.996094
