0	-0.097656	0.005859
1	-0.103516	-0.013672
2	-0.123047	-0.039063
3	-0.123047	0.056641
4	-0.101563	-0.021484
5	-0.126953	-0.029297
6	-0.126953	-0.003906
7	-0.089844	0.056641
8	-0.093750	0.013672
9	-0.119141	-0.011719
10	-0.125000	0.011719
11	-0.111328	-0.027344
12	-0.078125	-0.005859
13	-0.123047	0.019531
14	-0.171875	0.041016
15	-0.175781	0.105469
16	-0.162109	-0.037109
17	-0.113281	0.003906
18	-0.085938	-0.052734
19	-0.103516	-0.058594
20	-0.156250	-0.023438
21	-0.099609	0.000000
22	-0.076172	-0.001953
23	-0.087891	-0.021484
24	-0.101563	-0.056641
25	-0.107422	0.000000
26	-0.115234	0.031250
27	-0.080078	0.005859
28	-0.103516	-0.082031
29	-0.105469	0.019531
30	-0.130859	-0.048828
31	-0.121094	0.035156
32	-0.128906	-0.031250
33	-0.169922	0.025391
34	-0.113281	0.062500
35	-0.123047	-0.017578
36	-0.089844	-0.033203
37	-0.068359	0.019531
38	-0.113281	0.035156
39	-0.095703	0.011719
40	-0.115234	0.003906
41	-0.130859	0.083984
42	-0.115234	0.025391
43	-0.146484	-0.056641
44	-0.099609	0.050781
45	-0.142578	-0.015625
46	-0.097656	0.072266
47	-0.162109	0.007813
48	-0.115234	0.046875
49	-0.091797	0.035156
50	-0.095703	-0.052734
51	-0.166016	0.095703
52	-0.134766	-0.007813
53	-0.138672	-0.064453
54	-0.109375	0.044922
55	-0.111328	-0.052734
56	-0.138672	0.003906
57	-0.115234	0.054688
58	-0.148438	0.031250
59	-0.111328	0.078125
60	-0.130859	-0.083984
61	-0.105469	-0.003906
62	-0.134766	0.093750
63	-0.091797	-0.062500
64	-0.117188	-0.046875
65	-0.105469	0.042969
66	-0.126953	-0.025391
67	-0.109375	-0.001953
68	-0.113281	0.009766
69	-0.107422	-0.052734
70	-0.132813	0.064453
71	-0.152344	0.029297
72	-0.115234	-0.056641
73	-0.095703	-0.046875
74	-0.083984	-0.039063
75	-0.134766	0.017578
76	-0.115234	-0.033203
77	-0.115234	-0.015625
78	-0.121094	0.031250
79	-0.109375	-0.005859
80	-0.083984	-0.041016
81	-0.089844	0.050781
82	-0.119141	-0.117188
83	-0.111328	-0.039063
84	-0.138672	0.007813
85	-0.115234	-0.003906
86	-0.078125	-0.005859
87	-0.101563	0.023438
88	-0.117188	-0.001953
89	-0.113281	-0.025391
90	-0.150391	-0.025391
91	-0.154297	0.064453
92	-0.138672	0.023438
93	-0.117188	-0.003906
94	-0.130859	-0.041016
95	-0.117188	0.001953
96	-0.078125	-0.025391
97	-0.128906	-0.062500
98	-0.121094	0.041016
99	-0.146484	-0.021484
100	-0.152344	0.046875
101	-0.130859	-0.029297
102	-0.136719	0.046875
103	-0.132813	-0.011719
104	-0.150391	-0.058594
105	-0.087891	0.027344
106	-0.140625	-0.056641
107	-0.087891	0.025391
108	-0.115234	0.003906
109	-0.128906	0.013672
110	-0.115234	-0.001953
111	-0.130859	-0.056641
112	-0.099609	0.027344
113	-0.109375	-0.001953
114	-0.107422	0.050781
115	-0.132813	-0.046875
116	-0.113281	-0.015625
117	-0.113281	-0.019531
118	-0.117188	-0.031250
119	-0.078125	0.003906
120	-0.095703	0.023438
121	-0.093750	0.025391
122	-0.128906	-0.013672
123	-0.119141	-0.025391
124	-0.128906	-0.015625
125	-0.111328	-0.021484
126	-0.126953	0.007813
127	-0.115234	0.056641
128	-0.123047	0.019531
129	-0.125000	0.011719
130	-0.130859	0.027344
131	-0.146484	-0.048828
132	-0.152344	0.013672
133	-0.101563	-0.082031
134	-0.130859	0.046875
135	-0.095703	0.070313
136	-0.121094	-0.013672
137	-0.095703	-0.005859
138	-0.099609	0.023438
139	-0.107422	0.013672
140	-0.115234	-0.025391
141	-0.074219	-0.003906
142	-0.132813	0.007813
143	-0.099609	0.039063
144	-0.140625	0.041016
145	-0.160156	0.041016
146	-0.087891	0.031250
147	-0.099609	-0.037109
148	-0.099609	0.019531
149	-0.095703	0.001953
150	-0.095703	-0.044922
151	-0.095703	0.033203
152	-0.101563	0.013672
153	-0.105469	0.015625
154	-0.105469	-0.017578
155	-0.093750	0.078125
156	-0.085938	-0.027344
157	-0.113281	0.041016
158	-0.078125	-0.003906
159	-0.091797	0.031250
160	-0.117188	0.023438
161	-0.095703	0.025391
162	-0.140625	0.009766
163	-0.101563	-0.009766
164	-0.113281	-0.025391
165	-0.162109	0.001953
166	-0.126953	-0.052734
167	-0.105469	-0.009766
168	-0.132813	0.003906
169	-0.136719	-0.068359
170	-0.142578	0.058594
171	-0.134766	-0.054688
172	-0.130859	0.021484
173	-0.093750	-0.037109
174	-0.093750	-0.005859
175	-0.115234	-0.041016
176	-0.076172	-0.044922
177	-0.113281	-0.050781
178	-0.128906	-0.099609
179	-0.109375	0.013672
180	-0.107422	-0.033203
181	-0.101563	0.017578
182	-0.099609	-0.015625
183	-0.105469	0.000000
184	-0.109375	-0.007813
185	-0.113281	0.017578
186	-0.115234	0.007813
187	-0.117188	0.007813
188	-0.128906	0.041016
189	-0.154297	0.029297
190	-0.099609	0.048828
191	-0.101563	0.013672
192	-0.126953	-0.025391
193	-0.082031	-0.023438
194	-0.115234	-0.031250
195	-0.101563	-0.027344
196	-0.134766	-0.039063
197	-0.089844	0.021484
198	-0.099609	-0.025391
199	-0.087891	-0.068359
200	-0.082031	-0.052734
201	-0.080078	-0.007813
202	-0.109375	-0.033203
203	-0.125000	0.015625
204	-0.119141	-0.056641
205	-0.099609	-0.019531
206	-0.107422	0.005859
207	-0.156250	0.035156
208	-0.109375	0.044922
209	-0.119141	-0.013672
210	-0.128906	0.005859
211	-0.115234	0.005859
212	-0.076172	0.044922
213	-0.066406	-0.050781
214	-0.083984	-0.041016
215	-0.111328	0.027344
216	-0.103516	0.027344
217	-0.136719	0.041016
218	-0.097656	0.007813
219	-0.121094	0.005859
220	-0.105469	0.033203
221	-0.130859	0.033203
222	-0.095703	-0.019531
223	-0.080078	-0.074219
224	-0.044922	0.029297
225	-0.080078	0.076172
226	-0.095703	0.044922
227	-0.142578	0.011719
228	-0.070313	-0.013672
229	-0.115234	-0.046875
230	-0.115234	0.000000
231	-0.123047	0.042969
232	-0.087891	-0.042969
233	-0.095703	-0.011719
234	-0.121094	-0.085938
235	-0.101563	0.037109
236	-0.160156	0.029297
237	-0.117188	0.000000
238	-0.126953	-0.076172
239	-0.099609	0.054688
240	-0.109375	-0.027344
241	-0.171875	-0.027344
242	-0.152344	0.042969
243	-0.091797	-0.019531
244	-0.117188	-0.029297
245	-0.142578	-0.003906
246	-0.134766	-0.011719
247	-0.101563	-0.001953
248	-0.111328	0.037109
249	-0.089844	-0.023438
250	-0.101563	-0.041016
251	-0.111328	0.037109
252	-0.152344	-0.037109
253	-0.117188	-0.005859
254	-0.144531	0.029297
255	-0.123047	0.007813
256	-0.123047	-0.056641
257	-0.103516	0.023438
258	-0.146484	0.052734
259	-0.111328	-0.023438
260	-0.109375	0.048828
261	-0.119141	-0.017578
262	-0.082031	0.039063
263	-0.138672	0.044922
264	-0.121094	-0.031250
265	-0.113281	-0.062500
266	-0.095703	0.007813
267	-0.136719	-0.037109
268	-0.134766	-0.033203
269	-0.060547	-0.015625
270	-0.087891	-0.013672
271	-0.039063	-0.060547
272	-0.091797	0.068359
273	-0.101563	-0.056641
274	-0.119141	-0.054688
275	-0.125000	0.000000
276	-0.113281	-0.023438
277	-0.125000	-0.005859
278	-0.134766	0.039063
279	-0.117188	0.001953
280	-0.113281	0.005859
281	-0.132813	-0.013672
282	-0.162109	0.042969
283	-0.166016	0.082031
284	-0.134766	0.054688
285	-0.128906	0.035156
286	-0.107422	0.023438
287	-0.117188	-0.031250
288	-0.097656	0.015625
289	-0.164063	0.033203
290	-0.083984	-0.023438
291	-0.115234	0.007813
292	-0.128906	-0.050781
293	-0.128906	0.058594
294	-0.123047	0.031250
295	-0.123047	0.023438
296	-0.097656	-0.044922
297	-0.132813	-0.050781
298	-0.074219	-0.044922
299	-0.082031	0.023438
300	-0.115234	0.050781
301	-0.107422	-0.031250
302	-0.130859	-0.037109
303	-0.115234	0.023438
304	-0.091797	0.048828
305	-0.089844	-0.019531
306	-0.072266	0.023438
307	-0.113281	0.064453
308	-0.095703	-0.013672
309	-0.123047	-0.015625
310	-0.121094	-0.070313
311	-0.117188	-0.019531
312	-0.095703	0.041016
313	-0.128906	-0.001953
314	-0.119141	0.056641
315	-0.093750	-0.037109
316	-0.064453	0.005859
317	-0.134766	-0.007813
318	-0.068359	-0.009766
319	-0.109375	-0.023438
320	-0.103516	0.021484
321	-0.121094	-0.087891
322	-0.115234	-0.013672
323	-0.121094	0.031250
324	-0.128906	-0.109375
325	-0.109375	0.072266
326	-0.115234	0.091797
327	-0.064453	0.001953
328	-0.091797	0.050781
329	-0.107422	0.029297
330	-0.107422	0.009766
331	-0.128906	0.007813
332	-0.138672	0.019531
333	-0.109375	0.023438
334	-0.107422	0.019531
335	-0.068359	-0.001953
336	-0.125000	-0.033203
337	-0.111328	0.035156
338	-0.121094	-0.021484
339	-0.089844	-0.005859
340	-0.099609	0.048828
341	-0.136719	-0.015625
342	-0.113281	-0.023438
343	-0.093750	0.000000
344	-0.132813	0.025391
345	-0.128906	-0.011719
346	-0.107422	-0.037109
347	-0.113281	-0.015625
348	-0.109375	0.027344
349	-0.103516	-0.019531
350	-0.128906	-0.082031
351	-0.125000	0.015625
352	-0.130859	0.003906
353	-0.128906	-0.027344
354	-0.103516	-0.005859
355	-0.142578	0.042969
356	-0.128906	0.035156
357	-0.138672	-0.019531
358	-0.080078	-0.095703
359	-0.083984	0.031250
360	-0.107422	-0.011719
361	-0.101563	-0.009766
362	-0.121094	-0.039063
363	-0.146484	-0.046875
364	-0.125000	-0.001953
365	-0.126953	-0.001953
366	-0.156250	-0.046875
367	-0.138672	0.015625
368	-0.126953	0.029297
369	-0.160156	-0.021484
370	-0.103516	-0.009766
371	-0.093750	-0.035156
372	-0.115234	-0.003906
373	-0.119141	-0.068359
374	-0.123047	-0.001953
375	-0.158203	-0.105469
376	-0.115234	0.011719
377	-0.078125	0.015625
378	-0.082031	-0.039063
379	-0.080078	-0.074219
380	-0.093750	0.052734
381	-0.115234	0.027344
382	-0.136719	-0.013672
383	-0.113281	-0.017578
384	-0.101563	0.029297
385	-0.097656	0.003906
386	-0.138672	0.035156
387	-0.115234	-0.029297
388	-0.101563	-0.017578
389	-0.107422	0.054688
390	-0.085938	0.011719
391	-0.107422	0.082031
392	-0.146484	0.078125
393	-0.087891	-0.019531
394	-0.123047	0.007813
395	-0.099609	0.027344
396	-0.095703	-0.021484
397	-0.169922	-0.003906
398	-0.080078	0.011719
399	-0.115234	-0.015625
400	-0.076172	0.033203
401	-0.152344	0.001953
402	-0.140625	0.044922
403	-0.105469	-0.033203
404	-0.113281	-0.003906
405	-0.093750	0.015625
406	-0.117188	0.011719
407	-0.123047	0.005859
408	-0.148438	-0.015625
409	-0.105469	0.042969
410	-0.123047	0.007813
411	-0.109375	-0.029297
412	-0.115234	0.039063
413	-0.076172	0.044922
414	-0.160156	-0.011719
415	-0.109375	0.019531
416	-0.093750	-0.025391
417	-0.138672	0.007813
418	-0.132813	0.021484
419	-0.177734	0.023438
420	-0.083984	0.013672
421	-0.115234	0.029297
422	-0.146484	-0.031250
423	-0.142578	0.005859
424	-0.132813	-0.013672
425	-0.076172	0.009766
426	-0.107422	-0.007813
427	-0.128906	0.007813
428	-0.121094	0.019531
429	-0.119141	-0.001953
430	-0.117188	0.017578
431	-0.150391	-0.091797
432	-0.109375	-0.037109
433	-0.117188	0.000000
434	-0.140625	-0.035156
435	-0.113281	0.013672
436	-0.134766	-0.009766
437	-0.140625	-0.068359
438	-0.126953	0.037109
439	-0.148438	0.013672
440	-0.121094	0.027344
441	-0.146484	-0.068359
442	-0.099609	0.009766
443	-0.119141	-0.037109
444	-0.123047	0.005859
445	-0.128906	0.033203
446	-0.125000	0.052734
447	-0.142578	0.103516
448	-0.126953	-0.042969
449	-0.128906	0.035156
450	-0.111328	-0.009766
451	-0.087891	0.089844
452	-0.101563	0.001953
453	-0.105469	-0.089844
454	-0.093750	-0.009766
455	-0.095703	-0.021484
456	-0.134766	0.078125
457	-0.132813	0.017578
458	-0.080078	-0.017578
459	-0.111328	-0.064453
460	-0.132813	0.025391
461	-0.142578	0.064453
462	-0.121094	-0.017578
463	-0.111328	0.029297
464	-0.136719	0.015625
465	-0.072266	0.052734
466	-0.082031	-0.025391
467	-0.058594	0.041016
468	-0.095703	0.001953
469	-0.113281	0.017578
470	-0.083984	0.037109
471	-0.150391	-0.015625
472	-0.111328	0.066406
473	-0.142578	-0.039063
474	-0.148438	-0.033203
475	-0.097656	-0.019531
476	-0.093750	-0.039063
477	-0.089844	-0.013672
478	-0.128906	-0.056641
479	-0.113281	0.044922
480	-0.109375	-0.005859
481	-0.107422	0.000000
482	-0.109375	0.033203
483	-0.089844	-0.005859
484	-0.126953	0.015625
485	-0.109375	-0.001953
486	-0.134766	-0.060547
487	-0.138672	-0.070313
488	-0.103516	0.037109
489	-0.125000	0.080078
490	-0.123047	0.044922
491	-0.082031	-0.035156
492	-0.123047	0.027344
493	-0.115234	-0.023438
494	-0.109375	-0.013672
495	-0.113281	-0.019531
496	-0.113281	0.029297
497	-0.099609	0.066406
498	-0.111328	-0.003906
499	-0.115234	0.015625
500	-0.140625	-0.021484
501	-0.138672	-0.017578
502	-0.136719	-0.031250
503	-0.074219	0.033203
504	-0.119141	0.013672
505	-0.117188	-0.009766
506	-0.076172	-0.046875
507	-0.089844	-0.050781
508	-0.058594	0.064453
509	-0.117188	-0.027344
510	-0.103516	0.025391
511	-0.091797	-0.009766
512	-0.117188	-0.019531
513	-0.107422	-0.001953
514	-0.123047	-0.052734
515	-0.080078	0.046875
516	-0.097656	0.072266
517	-0.113281	-0.021484
518	-0.083984	-0.052734
519	-0.083984	0.027344
520	-0.072266	0.009766
521	-0.119141	0.066406
522	-0.142578	0.037109
523	-0.097656	0.009766
524	-0.154297	0.046875
525	-0.117188	0.058594
526	-0.126953	0.062500
527	-0.101563	0.029297
528	-0.109375	-0.019531
529	-0.093750	-0.003906
530	-0.099609	0.021484
531	-0.113281	0.015625
532	-0.136719	-0.037109
533	-0.070313	-0.048828
534	-0.148438	-0.011719
535	-0.166016	0.044922
536	-0.140625	-0.052734
537	-0.099609	0.003906
538	-0.101563	-0.033203
539	-0.125000	-0.021484
540	-0.130859	-0.009766
541	-0.154297	-0.001953
542	-0.126953	0.001953
543	-0.113281	-0.050781
544	-0.115234	0.000000
545	-0.095703	-0.048828
546	-0.158203	0.021484
547	-0.150391	-0.007813
548	-0.105469	-0.019531
549	-0.140625	0.058594
550	-0.140625	0.083984
551	-0.089844	0.005859
552	-0.107422	0.013672
553	-0.113281	-0.011719
554	-0.105469	0.033203
555	-0.103516	0.031250
556	-0.099609	0.048828
557	-0.134766	0.021484
558	-0.130859	0.056641
559	-0.140625	0.042969
560	-0.101563	0.015625
561	-0.103516	0.003906
562	-0.105469	-0.052734
563	-0.091797	-0.062500
564	-0.117188	0.009766
565	-0.132813	0.080078
566	-0.138672	-0.052734
567	-0.097656	-0.001953
568	-0.109375	0.013672
569	-0.117188	-0.027344
570	-0.125000	0.023438
571	-0.128906	0.015625
572	-0.076172	-0.054688
573	-0.115234	0.089844
574	-0.136719	0.039063
575	-0.142578	0.007813
576	-0.140625	0.000000
577	-0.121094	0.013672
578	-0.119141	-0.066406
579	-0.136719	-0.001953
580	-0.082031	-0.033203
581	-0.126953	0.021484
582	-0.105469	-0.083984
583	-0.095703	-0.019531
584	-0.095703	0.033203
585	-0.156250	-0.025391
586	-0.128906	0.054688
587	-0.117188	-0.042969
588	-0.146484	0.037109
589	-0.099609	0.029297
590	-0.115234	0.070313
591	-0.117188	0.054688
592	-0.095703	-0.001953
593	-0.107422	-0.019531
594	-0.113281	0.046875
595	-0.109375	-0.050781
596	-0.166016	0.072266
597	-0.101563	0.019531
598	-0.103516	-0.046875
599	-0.087891	0.062500
600	-0.119141	0.003906
601	-0.138672	0.001953
602	-0.136719	-0.021484
603	-0.125000	0.021484
604	-0.105469	0.072266
605	-0.126953	-0.076172
606	-0.095703	0.046875
607	-0.148438	-0.015625
608	-0.115234	0.015625
609	-0.128906	0.013672
610	-0.095703	0.005859
611	-0.119141	-0.001953
612	-0.107422	-0.054688
613	-0.101563	0.007813
614	-0.123047	0.007813
615	-0.078125	-0.039063
616	-0.080078	-0.042969
617	-0.099609	0.033203
618	-0.125000	-0.070313
619	-0.117188	0.085938
620	-0.123047	0.056641
621	-0.150391	0.011719
622	-0.134766	0.019531
623	-0.109375	-0.015625
624	-0.123047	0.066406
625	-0.148438	-0.001953
626	-0.152344	-0.058594
627	-0.115234	0.015625
628	-0.091797	-0.021484
629	-0.095703	-0.082031
630	-0.101563	0.011719
631	-0.136719	-0.023438
632	-0.093750	-0.066406
633	-0.109375	-0.041016
634	-0.164063	-0.001953
635	-0.107422	0.013672
636	-0.132813	-0.005859
637	-0.142578	-0.017578
638	-0.119141	0.076172
639	-0.132813	0.029297
640	-0.123047	0.042969
641	-0.138672	-0.033203
642	-0.103516	-0.017578
643	-0.130859	-0.039063
644	-0.115234	0.029297
645	-0.130859	-0.001953
646	-0.132813	0.041016
647	-0.087891	0.105469
648	-0.087891	0.025391
649	-0.134766	0.001953
650	-0.113281	-0.005859
651	-0.150391	0.021484
652	-0.126953	-0.029297
653	-0.109375	-0.027344
654	-0.128906	-0.003906
655	-0.117188	0.025391
656	-0.128906	-0.037109
657	-0.087891	-0.025391
658	-0.117188	-0.027344
659	-0.099609	0.009766
660	-0.083984	0.000000
661	-0.142578	-0.037109
662	-0.097656	-0.046875
663	-0.109375	-0.021484
664	-0.103516	-0.025391
665	-0.107422	-0.078125
666	-0.125000	0.052734
667	-0.138672	-0.023438
668	-0.126953	-0.035156
669	-0.121094	0.052734
670	-0.085938	0.017578
671	-0.101563	-0.011719
672	-0.160156	-0.003906
673	-0.128906	-0.011719
674	-0.091797	-0.021484
675	-0.101563	0.021484
676	-0.140625	-0.031250
677	-0.126953	-0.050781
678	-0.091797	0.050781
679	-0.119141	-0.082031
680	-0.126953	0.107422
681	-0.128906	-0.009766
682	-0.093750	0.039063
683	-0.126953	0.037109
684	-0.126953	0.060547
685	-0.101563	0.003906
686	-0.115234	-0.039063
687	-0.117188	-0.003906
688	-0.117188	-0.025391
689	-0.142578	-0.003906
690	-0.109375	-0.025391
691	-0.134766	0.015625
692	-0.125000	-0.005859
693	-0.068359	0.074219
694	-0.093750	-0.025391
695	-0.109375	-0.070313
696	-0.115234	0.009766
697	-0.136719	-0.050781
698	-0.115234	-0.054688
699	-0.097656	0.039063
700	-0.101563	0.013672
701	-0.072266	0.023438
702	-0.074219	-0.058594
703	-0.126953	0.037109
704	-0.158203	0.035156
705	-0.111328	-0.039063
706	-0.121094	0.068359
707	-0.095703	-0.015625
708	-0.099609	0.009766
709	-0.095703	0.039063
710	-0.099609	0.000000
711	-0.138672	0.005859
712	-0.158203	-0.044922
713	-0.130859	-0.003906
714	-0.091797	0.003906
715	-0.107422	0.007813
716	-0.078125	0.021484
717	-0.101563	0.007813
718	-0.089844	0.005859
719	-0.144531	-0.003906
720	-0.091797	-0.042969
721	-0.166016	0.011719
722	-0.095703	0.054688
723	-0.123047	0.000000
724	-0.097656	0.005859
725	-0.111328	0.076172
726	-0.066406	-0.001953
727	-0.111328	0.009766
728	-0.154297	0.031250
729	-0.107422	0.052734
730	-0.115234	0.031250
731	-0.101563	-0.066406
732	-0.119141	-0.001953
733	-0.134766	-0.058594
734	-0.072266	0.060547
735	-0.064453	0.037109
736	-0.109375	0.017578
737	-0.111328	-0.048828
738	-0.083984	0.001953
739	-0.136719	0.001953
740	-0.105469	0.056641
741	-0.115234	0.060547
742	-0.128906	0.031250
743	-0.095703	0.042969
744	-0.109375	0.001953
745	-0.076172	-0.003906
746	-0.113281	-0.035156
747	-0.160156	0.005859
748	-0.134766	-0.009766
749	-0.125000	0.011719
750	-0.113281	-0.033203
751	-0.101563	-0.070313
752	-0.121094	0.000000
753	-0.125000	0.019531
754	-0.181641	0.056641
755	-0.115234	-0.031250
756	-0.128906	-0.101563
757	-0.125000	-0.015625
758	-0.099609	-0.027344
759	-0.101563	-0.039063
760	-0.091797	-0.023438
761	-0.115234	0.023438
762	-0.144531	-0.048828
763	-0.095703	-0.009766
764	-0.150391	0.035156
765	-0.115234	0.048828
766	-0.101563	-0.082031
767	-0.117188	0.062500
768	-0.113281	0.058594
769	-0.121094	0.044922
770	-0.123047	-0.027344
771	-0.113281	0.005859
772	-0.105469	-0.039063
773	-0.107422	0.041016
774	-0.113281	0.039063
775	-0.113281	0.013672
776	-0.125000	0.052734
777	-0.093750	0.000000
778	-0.119141	0.021484
779	-0.142578	0.039063
780	-0.138672	0.035156
781	-0.132813	-0.023438
782	-0.078125	-0.023438
783	-0.119141	-0.021484
784	-0.121094	-0.048828
785	-0.113281	0.015625
786	-0.085938	0.029297
787	-0.111328	-0.017578
788	-0.101563	-0.011719
789	-0.101563	-0.021484
790	-0.132813	0.076172
791	-0.107422	-0.050781
792	-0.091797	0.052734
793	-0.121094	0.021484
794	-0.089844	0.025391
795	-0.087891	-0.046875
796	-0.123047	-0.052734
797	-0.097656	-0.031250
798	-0.085938	0.007813
799	-0.119141	0.013672
800	-0.123047	-0.027344
801	-0.089844	0.048828
802	-0.066406	-0.023438
803	-0.101563	0.039063
804	-0.119141	-0.025391
805	-0.091797	-0.019531
806	-0.119141	0.037109
807	-0.166016	-0.023438
808	-0.138672	0.095703
809	-0.115234	0.001953
810	-0.056641	-0.019531
811	-0.115234	-0.021484
812	-0.154297	-0.011719
813	-0.126953	0.017578
814	-0.091797	0.019531
815	-0.076172	0.056641
816	-0.089844	-0.056641
817	-0.113281	0.066406
818	-0.117188	0.009766
819	-0.132813	0.054688
820	-0.121094	0.003906
821	-0.173828	0.068359
822	-0.111328	-0.011719
823	-0.109375	-0.031250
824	-0.119141	0.025391
825	-0.109375	0.044922
826	-0.126953	-0.095703
827	-0.119141	-0.001953
828	-0.103516	-0.011719
829	-0.152344	0.029297
830	-0.083984	-0.039063
831	-0.113281	0.023438
832	-0.121094	-0.023438
833	-0.117188	0.003906
834	-0.125000	-0.025391
835	-0.111328	0.058594
836	-0.126953	-0.033203
837	-0.097656	-0.009766
838	-0.085938	0.027344
839	-0.189453	0.027344
840	-0.107422	-0.007813
841	-0.107422	-0.011719
842	-0.103516	0.070313
843	-0.111328	-0.001953
844	-0.132813	-0.031250
845	-0.140625	-0.009766
846	-0.105469	-0.046875
847	-0.132813	0.007813
848	-0.062500	0.044922
849	-0.095703	0.021484
850	-0.076172	-0.035156
851	-0.123047	-0.019531
852	-0.101563	-0.005859
853	-0.125000	-0.009766
854	-0.103516	-0.021484
855	-0.117188	0.007813
856	-0.126953	-0.033203
857	-0.105469	-0.031250
858	-0.107422	-0.005859
859	-0.119141	0.017578
860	-0.125000	-0.011719
861	-0.099609	-0.009766
862	-0.152344	-0.037109
863	-0.115234	-0.046875
864	-0.107422	0.009766
865	-0.097656	0.013672
866	-0.154297	-0.113281
867	-0.107422	0.068359
868	-0.140625	0.003906
869	-0.136719	-0.080078
870	-0.121094	0.035156
871	-0.136719	-0.013672
872	-0.119141	0.001953
873	-0.097656	0.005859
874	-0.097656	-0.001953
875	-0.099609	0.046875
876	-0.111328	0.080078
877	-0.119141	-0.011719
878	-0.128906	-0.037109
879	-0.126953	0.025391
880	-0.126953	0.041016
881	-0.103516	0.029297
882	-0.156250	0.042969
883	-0.162109	-0.033203
884	-0.179688	0.009766
885	-0.154297	0.015625
886	-0.126953	0.044922
887	-0.121094	0.021484
888	-0.119141	0.052734
889	-0.080078	-0.025391
890	-0.093750	0.001953
891	-0.132813	0.037109
892	-0.083984	-0.029297
893	-0.087891	-0.005859
894	-0.111328	0.017578
895	-0.136719	-0.041016
896	-0.140625	-0.011719
897	-0.121094	0.029297
898	-0.099609	0.070313
899	-0.126953	-0.011719
900	-0.111328	-0.039063
901	-0.123047	-0.009766
902	-0.121094	0.064453
903	-0.123047	0.023438
904	-0.121094	0.025391
905	-0.130859	0.042969
906	-0.144531	0.015625
907	-0.091797	0.046875
908	-0.125000	-0.009766
909	-0.126953	-0.029297
910	-0.113281	-0.062500
911	-0.128906	0.046875
912	-0.095703	0.007813
913	-0.113281	0.011719
914	-0.113281	-0.031250
915	-0.126953	0.037109
916	-0.125000	0.009766
917	-0.117188	0.041016
918	-0.128906	-0.068359
919	-0.132813	-0.029297
920	-0.111328	-0.019531
921	-0.152344	0.025391
922	-0.091797	-0.062500
923	-0.125000	-0.005859
924	-0.126953	0.068359
925	-0.093750	0.031250
926	-0.117188	0.068359
927	-0.091797	-0.015625
928	-0.123047	0.017578
929	-0.150391	-0.031250
930	-0.126953	0.031250
931	-0.121094	-0.017578
932	-0.113281	-0.039063
933	-0.095703	-0.042969
934	-0.095703	0.007813
935	-0.115234	-0.031250
936	-0.111328	-0.013672
937	-0.156250	-0.054688
938	-0.156250	0.070313
939	-0.107422	0.000000
940	-0.105469	-0.017578
941	-0.146484	0.005859
942	-0.154297	0.029297
943	-0.132813	0.048828
944	-0.130859	0.054688
945	-0.093750	-0.017578
946	-0.109375	-0.007813
947	-0.058594	0.005859
948	-0.070313	-0.050781
949	-0.095703	0.007813
950	-0.140625	-0.021484
951	-0.132813	0.035156
952	-0.087891	-0.056641
953	-0.126953	0.031250
954	-0.121094	-0.021484
955	-0.080078	0.011719
956	-0.123047	-0.003906
957	-0.117188	-0.060547
958	-0.101563	0.126953
959	-0.103516	-0.017578
960	-0.111328	0.001953
961	-0.125000	-0.021484
962	-0.109375	-0.023438
963	-0.132813	0.064453
964	-0.099609	-0.052734
965	-0.109375	0.056641
966	-0.140625	0.019531
967	-0.103516	0.035156
968	-0.126953	0.039063
969	-0.166016	0.027344
970	-0.136719	-0.011719
971	-0.095703	-0.074219
972	-0.083984	0.013672
973	-0.101563	0.013672
974	-0.134766	-0.035156
975	-0.101563	-0.029297
976	-0.146484	0.070313
977	-0.154297	0.060547
978	-0.126953	0.003906
979	-0.113281	-0.062500
980	-0.125000	0.015625
981	-0.152344	-0.121094
982	-0.121094	0.021484
983	-0.132813	-0.076172
984	-0.121094	0.001953
985	-0.123047	0.003906
986	-0.136719	-0.023438
987	-0.080078	-0.003906
988	-0.117188	-0.037109
989	-0.121094	0.033203
990	-0.134766	0.019531
991	-0.121094	0.058594
992	-0.111328	0.035156
993	-0.087891	-0.017578
994	-0.101563	-0.001953
995	-0.111328	0.007813
996	-0.095703	0.005859
997	-0.111328	-0.070313
998	-0.121094	0.005859
999	-0.125000	0.021484
