0	-1.000000	1.000000
1	-0.990234	0.994141
2	-0.996094	0.998047
3	-0.980469	0.990234
4	-1.000000	1.000000
5	-1.000000	1.000000
6	-0.996094	0.998047
7	-0.996094	0.998047
8	-1.000000	1.000000
9	-0.990234	0.994141
10	-0.984375	0.992188
11	-0.982422	0.990234
12	-1.000000	1.000000
13	-0.996094	0.998047
14	-1.000000	1.000000
15	-0.996094	0.998047
16	-0.996094	0.998047
17	-0.990234	0.994141
18	-0.984375	0.992188
19	-0.996094	0.998047
20	-1.000000	1.000000
21	-1.000000	1.000000
22	-1.000000	1.000000
23	-0.988281	0.994141
24	-0.996094	0.998047
25	-0.996094	0.998047
26	-0.996094	0.998047
27	-0.996094	0.998047
28	-0.992188	0.996094
29	-0.988281	0.994141
30	-0.996094	0.998047
31	-0.996094	0.998047
32	-1.000000	1.000000
33	-1.000000	1.000000
34	-1.000000	1.000000
35	-1.000000	1.000000
36	-0.996094	0.998047
37	-1.000000	1.000000
38	-1.000000	1.000000
39	-1.000000	1.000000
40	-0.996094	0.998047
41	-1.000000	1.000000
42	-1.000000	1.000000
43	-0.992188	0.996094
44	-0.996094	0.998047
45	-1.000000	1.000000
46	-1.000000	1.000000
47	-1.000000	1.000000
48	-1.000000	1.000000
49	-0.988281	0.994141
50	-1.000000	1.000000
51	-0.992188	0.996094
52	-1.000000	1.000000
53	-0.996094	0.998047
54	-0.996094	0.998047
55	-0.992188	0.996094
56	-0.992188	0.996094
57	-0.996094	0.998047
58	-0.996094	0.998047
59	-0.992188	0.996094
60	-1.000000	1.000000
61	-0.988281	0.994141
62	-0.992188	0.996094
63	-0.996094	0.998047
64	-0.988281	0.994141
65	-1.000000	1.000000
66	-1.000000	1.000000
67	-1.000000	1.000000
68	-0.988281	0.994141
69	-1.000000	1.000000
70	-0.988281	0.994141
71	-0.996094	0.998047
72	-0.992188	0.996094
73	-0.988281	0.994141
74	-0.996094	0.998047
75	-0.992188	0.996094
76	-0.996094	0.998047
77	-1.000000	1.000000
78	-1.000000	1.000000
79	-1.000000	1.000000
80	-0.984375	0.990234
81	-1.000000	1.000000
82	-0.992188	0.996094
83	-1.000000	1.000000
84	-0.984375	0.992188
85	-0.996094	0.998047
86	-1.000000	1.000000
87	-0.996094	0.998047
88	-0.996094	0.998047
89	-0.992188	0.996094
90	-1.000000	1.000000
91	-0.996094	0.998047
92	-0.996094	0.998047
93	-0.996094	0.998047
94	-1.000000	1.000000
95	-0.992188	0.996094
96	-0.978516	0.988281
97	-0.996094	0.998047
98	-1.000000	1.000000
99	-0.992188	0.996094
100	-0.992188	0.996094
101	-0.992188	0.996094
102	-0.996094	0.998047
103	-1.000000	1.000000
104	-0.992188	0.996094
105	-0.982422	0.990234
106	-0.996094	0.998047
107	-0.996094	0.998047
108	-1.000000	1.000000
109	-0.996094	0.998047
110	-1.000000	1.000000
111	-1.000000	1.000000
112	-0.996094	0.998047
113	-0.996094	0.998047
114	-0.984375	0.992188
115	-0.996094	0.998047
116	-0.992188	0.996094
117	-0.992188	0.996094
118	-0.996094	0.998047
119	-0.992188	0.996094
120	-0.996094	0.998047
121	-1.000000	1.000000
122	-1.000000	1.000000
123	-0.996094	0.998047
124	-0.996094	0.998047
125	-0.996094	0.998047
126	-1.000000	1.000000
127	-0.996094	0.998047
128	-1.000000	1.000000
129	-0.978516	0.986328
130	-1.000000	1.000000
131	-0.988281	0.994141
132	-0.996094	0.998047
133	-0.992188	0.996094
134	-0.992188	0.996094
135	-0.996094	0.998047
136	-0.996094	0.998047
137	-0.996094	0.998047
138	-0.984375	0.990234
139	-1.000000	1.000000
140	-0.996094	0.998047
141	-0.992188	0.996094
142	-0.996094	0.998047
143	-1.000000	1.000000
144	-0.988281	0.994141
145	-0.992188	0.996094
146	-0.996094	0.998047
147	-0.988281	0.994141
148	-0.994141	0.996094
149	-0.988281	0.994141
150	-0.996094	0.998047
151	-0.996094	0.998047
152	-0.996094	0.998047
153	-0.992188	0.996094
154	-1.000000	1.000000
155	-1.000000	1.000000
156	-0.996094	0.998047
157	-0.996094	0.998047
158	-0.992188	0.996094
159	-1.000000	1.000000
160	-1.000000	1.000000
161	-0.996094	0.998047
162	-0.996094	0.998047
163	-0.990234	0.994141
164	-0.988281	0.994141
165	-0.996094	0.998047
166	-0.992188	0.996094
167	-1.000000	1.000000
168	-0.990234	0.994141
169	-0.996094	0.998047
170	-1.000000	1.000000
171	-0.996094	0.998047
172	-0.996094	0.998047
173	-0.996094	0.998047
174	-0.990234	0.994141
175	-0.996094	0.998047
176	-0.992188	0.996094
177	-1.000000	1.000000
178	-0.988281	0.994141
179	-0.988281	0.994141
180	-0.996094	0.998047
181	-0.996094	0.998047
182	-0.996094	0.998047
183	-0.992188	0.996094
184	-0.992188	0.996094
185	-1.000000	1.000000
186	-0.996094	0.998047
187	-0.996094	0.998047
188	-0.996094	0.998047
189	-1.000000	1.000000
190	-0.988281	0.994141
191	-0.988281	0.994141
192	-1.000000	1.000000
193	-0.996094	0.998047
194	-1.000000	1.000000
195	-0.996094	0.998047
196	-0.996094	0.998047
197	-1.000000	1.000000
198	-0.996094	0.998047
199	-1.000000	1.000000
200	-0.996094	0.998047
201	-0.996094	0.998047
202	-0.992188	0.996094
203	-1.000000	1.000000
204	-1.000000	1.000000
205	-0.996094	0.998047
206	-1.000000	1.000000
207	-1.000000	1.000000
208	-0.996094	0.998047
209	-1.000000	1.000000
210	-1.000000	1.000000
211	-1.000000	1.000000
212	-1.000000	1.000000
213	-1.000000	1.000000
214	-0.988281	0.994141
215	-1.000000	1.000000
216	-0.996094	0.998047
217	-0.996094	0.998047
218	-0.992188	0.996094
219	-1.000000	1.000000
220	-1.000000	1.000000
221	-0.992188	0.996094
222	-0.992188	0.996094
223	-0.996094	0.998047
224	-1.000000	1.000000
225	-0.992188	0.996094
226	-1.000000	1.000000
227	-0.992188	0.996094
228	-0.996094	0.998047
229	-0.992188	0.996094
230	-1.000000	1.000000
231	-0.986328	0.990234
232	-1.000000	1.000000
233	-0.992188	0.996094
234	-0.988281	0.994141
235	-0.996094	0.998047
236	-0.992188	0.996094
237	-0.992188	0.996094
238	-0.992188	0.996094
239	-0.996094	0.998047
240	-1.000000	1.000000
241	-1.000000	1.000000
242	-0.996094	0.998047
243	-1.000000	1.000000
244	-1.000000	1.000000
245	-0.992188	0.996094
246	-0.996094	0.998047
247	-0.984375	0.992188
248	-0.996094	0.998047
249	-1.000000	1.000000
250	-0.996094	0.998047
251	-0.992188	0.996094
252	-1.000000	1.000000
253	-0.990234	0.994141
254	-1.000000	1.000000
255	-0.992188	0.996094
256	-0.996094	0.998047
257	-0.984375	0.992188
258	-0.992188	0.996094
259	-0.996094	0.998047
260	-0.992188	0.996094
261	-0.996094	0.998047
262	-0.996094	0.998047
263	-0.988281	0.994141
264	-0.996094	0.998047
265	-0.992188	0.996094
266	-0.996094	0.998047
267	-1.000000	1.000000
268	-0.996094	0.998047
269	-1.000000	1.000000
270	-0.992188	0.996094
271	-1.000000	1.000000
272	-0.992188	0.996094
273	-0.996094	0.998047
274	-0.988281	0.994141
275	-0.996094	0.998047
276	-0.996094	0.998047
277	-1.000000	1.000000
278	-1.000000	1.000000
279	-0.996094	0.998047
280	-0.996094	0.998047
281	-0.996094	0.998047
282	-0.996094	0.998047
283	-0.992188	0.996094
284	-0.996094	0.998047
285	-1.000000	1.000000
286	-1.000000	1.000000
287	-1.000000	1.000000
288	-1.000000	1.000000
289	-1.000000	1.000000
290	-1.000000	1.000000
291	-0.992188	0.996094
292	-1.000000	1.000000
293	-0.992188	0.996094
294	-0.996094	0.998047
295	-1.000000	1.000000
296	-0.996094	0.998047
297	-0.988281	0.994141
298	-0.988281	0.994141
299	-0.996094	0.998047
300	-0.996094	0.998047
301	-0.992188	0.996094
302	-1.000000	1.000000
303	-0.996094	0.998047
304	-0.988281	0.994141
305	-0.996094	0.998047
306	-0.996094	0.998047
307	-0.986328	0.992188
308	-1.000000	1.000000
309	-1.000000	1.000000
310	-1.000000	1.000000
311	-0.992188	0.996094
312	-0.992188	0.996094
313	-0.996094	0.998047
314	-0.996094	0.998047
315	-0.996094	0.998047
316	-1.000000	1.000000
317	-0.996094	0.998047
318	-0.978516	0.988281
319	-1.000000	1.000000
320	-0.996094	0.998047
321	-0.996094	0.998047
322	-0.992188	0.996094
323	-0.996094	0.998047
324	-1.000000	1.000000
325	-0.996094	0.998047
326	-1.000000	1.000000
327	-0.992188	0.996094
328	-0.996094	0.998047
329	-0.996094	0.998047
330	-0.988281	0.994141
331	-0.996094	0.998047
332	-1.000000	1.000000
333	-0.996094	0.998047
334	-0.992188	0.996094
335	-1.000000	1.000000
336	-1.000000	1.000000
337	-1.000000	1.000000
338	-0.992188	0.996094
339	-1.000000	1.000000
340	-1.000000	1.000000
341	-1.000000	1.000000
342	-0.996094	0.998047
343	-0.996094	0.998047
344	-0.996094	0.998047
345	-1.000000	1.000000
346	-1.000000	1.000000
347	-0.996094	0.998047
348	-0.996094	0.998047
349	-0.996094	0.998047
350	-0.992188	0.996094
351	-0.992188	0.996094
352	-1.000000	1.000000
353	-0.990234	0.994141
354	-1.000000	1.000000
355	-0.994141	0.996094
356	-0.982422	0.990234
357	-0.992188	0.996094
358	-0.992188	0.996094
359	-1.000000	1.000000
360	-1.000000	1.000000
361	-0.992188	0.996094
362	-1.000000	1.000000
363	-1.000000	1.000000
364	-0.996094	0.998047
365	-1.000000	1.000000
366	-0.986328	0.992188
367	-1.000000	1.000000
368	-0.984375	0.992188
369	-0.996094	0.998047
370	-1.000000	1.000000
371	-1.000000	1.000000
372	-0.988281	0.994141
373	-0.986328	0.992188
374	-0.996094	0.998047
375	-0.996094	0.998047
376	-0.996094	0.998047
377	-0.992188	0.996094
378	-0.996094	0.998047
379	-0.992188	0.996094
380	-0.996094	0.998047
381	-0.988281	0.994141
382	-1.000000	1.000000
383	-1.000000	1.000000
384	-0.992188	0.996094
385	-0.992188	0.996094
386	-0.996094	0.998047
387	-0.996094	0.998047
388	-1.000000	1.000000
389	-0.992188	0.996094
390	-0.996094	0.998047
391	-0.996094	0.998047
392	-0.992188	0.996094
393	-0.992188	0.996094
394	-0.984375	0.992188
395	-1.000000	1.000000
396	-0.994141	0.996094
397	-0.996094	0.998047
398	-0.996094	0.998047
399	-1.000000	1.000000
400	-0.992188	0.996094
401	-0.992188	0.996094
402	-1.000000	1.000000
403	-0.992188	0.996094
404	-0.992188	0.996094
405	-0.990234	0.994141
406	-0.996094	0.998047
407	-0.984375	0.992188
408	-0.996094	0.998047
409	-0.996094	0.998047
410	-0.996094	0.998047
411	-1.000000	1.000000
412	-0.996094	0.998047
413	-0.996094	0.998047
414	-0.992188	0.996094
415	-0.988281	0.994141
416	-1.000000	1.000000
417	-0.992188	0.996094
418	-1.000000	1.000000
419	-1.000000	1.000000
420	-0.996094	0.998047
421	-0.996094	0.998047
422	-0.996094	0.998047
423	-1.000000	1.000000
424	-0.992188	0.996094
425	-0.992188	0.996094
426	-1.000000	1.000000
427	-0.996094	0.998047
428	-0.996094	0.998047
429	-1.000000	1.000000
430	-0.996094	0.998047
431	-0.996094	0.998047
432	-0.992188	0.996094
433	-0.996094	0.998047
434	-0.996094	0.998047
435	-1.000000	1.000000
436	-0.988281	0.994141
437	-1.000000	1.000000
438	-0.996094	0.998047
439	-0.992188	0.996094
440	-0.992188	0.996094
441	-0.992188	0.996094
442	-0.996094	0.998047
443	-0.996094	0.998047
444	-1.000000	1.000000
445	-0.996094	0.998047
446	-0.996094	0.998047
447	-0.996094	0.998047
448	-0.996094	0.998047
449	-0.996094	0.998047
450	-0.996094	0.998047
451	-0.996094	0.998047
452	-0.990234	0.994141
453	-0.996094	0.998047
454	-0.996094	0.998047
455	-0.996094	0.998047
456	-1.000000	1.000000
457	-0.996094	0.998047
458	-0.988281	0.994141
459	-0.988281	0.992188
460	-0.990234	0.994141
461	-0.984375	0.992188
462	-0.996094	0.998047
463	-0.996094	0.998047
464	-0.992188	0.996094
465	-1.000000	1.000000
466	-0.992188	0.996094
467	-0.988281	0.994141
468	-0.996094	0.998047
469	-1.000000	1.000000
470	-0.988281	0.994141
471	-0.996094	0.998047
472	-0.996094	0.998047
473	-0.996094	0.998047
474	-1.000000	1.000000
475	-0.992188	0.996094
476	-0.996094	0.998047
477	-0.996094	0.998047
478	-0.986328	0.992188
479	-0.996094	0.998047
480	-1.000000	1.000000
481	-0.996094	0.998047
482	-0.990234	0.994141
483	-0.996094	0.998047
484	-0.996094	0.998047
485	-0.994141	0.996094
486	-0.992188	0.996094
487	-0.996094	0.998047
488	-0.988281	0.994141
489	-0.988281	0.994141
490	-0.996094	0.998047
491	-0.992188	0.996094
492	-0.978516	0.988281
493	-0.996094	0.998047
494	-1.000000	1.000000
495	-0.990234	0.994141
496	-0.988281	0.994141
497	-1.000000	1.000000
498	-1.000000	1.000000
499	-0.992188	0.996094
500	-1.000000	1.000000
501	-0.988281	0.992188
502	-0.990234	0.994141
503	-0.996094	0.998047
504	-0.996094	0.998047
505	-0.996094	0.998047
506	-0.996094	0.998047
507	-0.996094	0.998047
508	-0.982422	0.990234
509	-1.000000	1.000000
510	-0.996094	0.998047
511	-1.000000	1.000000
512	-0.992188	0.996094
513	-0.992188	0.996094
514	-0.988281	0.994141
515	-0.996094	0.998047
516	-1.000000	1.000000
517	-0.996094	0.998047
518	-1.000000	1.000000
519	-0.992188	0.996094
520	-0.996094	0.998047
521	-0.982422	0.988281
522	-0.996094	0.998047
523	-0.996094	0.998047
524	-0.992188	0.996094
525	-1.000000	1.000000
526	-0.992188	0.996094
527	-1.000000	1.000000
528	-0.996094	0.998047
529	-0.992188	0.996094
530	-1.000000	1.000000
531	-1.000000	1.000000
532	-0.996094	0.998047
533	-0.996094	0.998047
534	-0.992188	0.996094
535	-0.996094	0.998047
536	-0.996094	0.998047
537	-1.000000	1.000000
538	-0.996094	0.998047
539	-0.996094	0.998047
540	-0.996094	0.998047
541	-0.988281	0.994141
542	-0.996094	0.998047
543	-0.996094	0.998047
544	-0.992188	0.996094
545	-0.996094	0.998047
546	-0.988281	0.994141
547	-0.992188	0.996094
548	-0.996094	0.998047
549	-1.000000	1.000000
550	-0.980469	0.986328
551	-0.996094	0.998047
552	-0.992188	0.996094
553	-1.000000	1.000000
554	-0.992188	0.996094
555	-1.000000	1.000000
556	-0.996094	0.998047
557	-1.000000	1.000000
558	-0.996094	0.998047
559	-1.000000	1.000000
560	-0.992188	0.996094
561	-0.996094	0.998047
562	-0.996094	0.998047
563	-0.996094	0.998047
564	-1.000000	1.000000
565	-0.996094	0.998047
566	-1.000000	1.000000
567	-0.996094	0.998047
568	-0.996094	0.998047
569	-1.000000	1.000000
570	-1.000000	1.000000
571	-0.984375	0.992188
572	-0.992188	0.994141
573	-0.990234	0.994141
574	-0.992188	0.996094
575	-0.996094	0.998047
576	-0.994141	0.996094
577	-0.996094	0.998047
578	-0.988281	0.994141
579	-0.996094	0.998047
580	-0.996094	0.998047
581	-0.996094	0.998047
582	-1.000000	1.000000
583	-1.000000	1.000000
584	-0.996094	0.998047
585	-0.988281	0.994141
586	-0.992188	0.996094
587	-0.988281	0.994141
588	-0.984375	0.992188
589	-0.996094	0.998047
590	-1.000000	1.000000
591	-1.000000	1.000000
592	-0.988281	0.994141
593	-1.000000	1.000000
594	-0.992188	0.996094
595	-1.000000	1.000000
596	-0.988281	0.994141
597	-0.996094	0.998047
598	-0.996094	0.998047
599	-1.000000	1.000000
600	-1.000000	1.000000
601	-0.996094	0.998047
602	-0.996094	0.998047
603	-0.990234	0.994141
604	-0.992188	0.996094
605	-0.992188	0.996094
606	-1.000000	1.000000
607	-0.996094	0.998047
608	-0.996094	0.998047
609	-0.992188	0.996094
610	-0.996094	0.998047
611	-0.996094	0.998047
612	-1.000000	1.000000
613	-0.992188	0.996094
614	-1.000000	1.000000
615	-0.996094	0.998047
616	-1.000000	1.000000
617	-1.000000	1.000000
618	-0.996094	0.998047
619	-1.000000	1.000000
620	-0.996094	0.998047
621	-1.000000	1.000000
622	-0.996094	0.998047
623	-0.996094	0.998047
624	-0.992188	0.996094
625	-0.988281	0.994141
626	-0.996094	0.998047
627	-0.996094	0.998047
628	-0.996094	0.998047
629	-0.996094	0.998047
630	-0.996094	0.998047
631	-0.992188	0.994141
632	-0.996094	0.998047
633	-0.996094	0.998047
634	-0.996094	0.998047
635	-0.992188	0.994141
636	-0.992188	0.996094
637	-0.988281	0.994141
638	-0.988281	0.994141
639	-1.000000	1.000000
640	-0.996094	0.998047
641	-0.996094	0.998047
642	-0.992188	0.996094
643	-0.992188	0.996094
644	-0.988281	0.994141
645	-0.996094	0.998047
646	-0.988281	0.994141
647	-1.000000	1.000000
648	-0.996094	0.998047
649	-0.996094	0.998047
650	-0.996094	0.998047
651	-0.996094	0.998047
652	-0.994141	0.996094
653	-0.992188	0.996094
654	-0.996094	0.998047
655	-0.996094	0.998047
656	-0.996094	0.998047
657	-1.000000	1.000000
658	-1.000000	1.000000
659	-1.000000	1.000000
660	-0.992188	0.996094
661	-1.000000	1.000000
662	-0.996094	0.998047
663	-0.996094	0.998047
664	-0.992188	0.996094
665	-0.992188	0.996094
666	-0.992188	0.996094
667	-1.000000	1.000000
668	-0.990234	0.994141
669	-0.996094	0.998047
670	-0.992188	0.996094
671	-0.992188	0.996094
672	-0.992188	0.996094
673	-1.000000	1.000000
674	-1.000000	1.000000
675	-0.990234	0.994141
676	-0.996094	0.998047
677	-0.992188	0.996094
678	-0.996094	0.998047
679	-0.996094	0.998047
680	-1.000000	1.000000
681	-1.000000	1.000000
682	-0.992188	0.996094
683	-1.000000	1.000000
684	-0.994141	0.996094
685	-0.996094	0.998047
686	-1.000000	1.000000
687	-0.996094	0.998047
688	-1.000000	1.000000
689	-0.984375	0.992188
690	-1.000000	1.000000
691	-0.992188	0.996094
692	-1.000000	1.000000
693	-0.996094	0.998047
694	-1.000000	1.000000
695	-0.992188	0.996094
696	-1.000000	1.000000
697	-1.000000	1.000000
698	-0.992188	0.996094
699	-0.996094	0.998047
700	-1.000000	1.000000
701	-1.000000	1.000000
702	-1.000000	1.000000
703	-0.996094	0.998047
704	-0.996094	0.998047
705	-1.000000	1.000000
706	-1.000000	1.000000
707	-1.000000	1.000000
708	-0.984375	0.990234
709	-1.000000	1.000000
710	-0.988281	0.992188
711	-0.996094	0.998047
712	-0.992188	0.996094
713	-0.996094	0.998047
714	-0.996094	0.998047
715	-0.996094	0.998047
716	-1.000000	1.000000
717	-1.000000	1.000000
718	-1.000000	1.000000
719	-0.996094	0.998047
720	-0.992188	0.996094
721	-0.992188	0.996094
722	-0.996094	0.998047
723	-1.000000	1.000000
724	-1.000000	1.000000
725	-0.988281	0.994141
726	-0.984375	0.992188
727	-0.988281	0.994141
728	-0.992188	0.996094
729	-0.996094	0.998047
730	-0.990234	0.994141
731	-0.990234	0.994141
732	-1.000000	1.000000
733	-1.000000	1.000000
734	-0.990234	0.994141
735	-1.000000	1.000000
736	-1.000000	1.000000
737	-0.988281	0.994141
738	-0.996094	0.998047
739	-0.994141	0.996094
740	-0.996094	0.998047
741	-1.000000	1.000000
742	-0.996094	0.998047
743	-0.996094	0.998047
744	-0.996094	0.998047
745	-0.996094	0.998047
746	-0.988281	0.994141
747	-0.988281	0.994141
748	-1.000000	1.000000
749	-1.000000	1.000000
750	-0.992188	0.996094
751	-0.996094	0.998047
752	-0.996094	0.998047
753	-0.996094	0.998047
754	-1.000000	1.000000
755	-0.988281	0.994141
756	-0.996094	0.998047
757	-0.996094	0.998047
758	-0.996094	0.998047
759	-0.994141	0.996094
760	-0.992188	0.996094
761	-1.000000	1.000000
762	-0.996094	0.998047
763	-0.996094	0.998047
764	-1.000000	1.000000
765	-1.000000	1.000000
766	-0.996094	0.998047
767	-0.988281	0.994141
768	-1.000000	1.000000
769	-0.996094	0.998047
770	-0.996094	0.998047
771	-0.988281	0.994141
772	-1.000000	1.000000
773	-0.996094	0.998047
774	-1.000000	1.000000
775	-0.996094	0.998047
776	-0.996094	0.998047
777	-0.996094	0.998047
778	-1.000000	1.000000
779	-0.994141	0.996094
780	-0.996094	0.998047
781	-0.996094	0.998047
782	-0.996094	0.998047
783	-0.992188	0.996094
784	-1.000000	1.000000
785	-0.996094	0.998047
786	-1.000000	1.000000
787	-0.996094	0.998047
788	-0.988281	0.994141
789	-0.992188	0.996094
790	-0.996094	0.998047
791	-0.992188	0.996094
792	-0.996094	0.998047
793	-0.992188	0.996094
794	-0.996094	0.998047
795	-0.996094	0.998047
796	-0.996094	0.998047
797	-1.000000	1.000000
798	-0.992188	0.996094
799	-0.996094	0.998047
800	-1.000000	1.000000
801	-1.000000	1.000000
802	-0.996094	0.998047
803	-0.992188	0.994141
804	-0.992188	0.996094
805	-0.992188	0.996094
806	-0.992188	0.996094
807	-0.996094	0.998047
808	-1.000000	1.000000
809	-0.992188	0.996094
810	-1.000000	1.000000
811	-0.988281	0.994141
812	-0.996094	0.998047
813	-0.996094	0.998047
814	-1.000000	1.000000
815	-1.000000	1.000000
816	-1.000000	1.000000
817	-0.996094	0.998047
818	-0.992188	0.996094
819	-0.996094	0.998047
820	-0.988281	0.992188
821	-0.992188	0.996094
822	-0.996094	0.998047
823	-0.984375	0.992188
824	-1.000000	1.000000
825	-0.996094	0.998047
826	-0.996094	0.998047
827	-0.992188	0.996094
828	-0.994141	0.996094
829	-1.000000	1.000000
830	-0.990234	0.994141
831	-0.992188	0.996094
832	-1.000000	1.000000
833	-1.000000	1.000000
834	-1.000000	1.000000
835	-0.992188	0.996094
836	-0.996094	0.998047
837	-0.992188	0.996094
838	-0.992188	0.996094
839	-0.996094	0.998047
840	-0.996094	0.998047
841	-1.000000	1.000000
842	-1.000000	1.000000
843	-0.992188	0.996094
844	-0.988281	0.994141
845	-0.994141	0.996094
846	-0.992188	0.996094
847	-0.996094	0.998047
848	-0.996094	0.998047
849	-0.992188	0.996094
850	-0.992188	0.996094
851	-0.996094	0.998047
852	-0.996094	0.998047
853	-1.000000	1.000000
854	-1.000000	1.000000
855	-0.988281	0.994141
856	-0.984375	0.992188
857	-0.996094	0.998047
858	-1.000000	1.000000
859	-0.992188	0.996094
860	-1.000000	1.000000
861	-0.996094	0.998047
862	-0.992188	0.996094
863	-1.000000	1.000000
864	-0.996094	0.998047
865	-0.996094	0.998047
866	-1.000000	1.000000
867	-0.996094	0.998047
868	-0.984375	0.992188
869	-0.992188	0.996094
870	-0.996094	0.998047
871	-1.000000	1.000000
872	-1.000000	1.000000
873	-0.996094	0.998047
874	-0.990234	0.994141
875	-0.996094	0.998047
876	-0.992188	0.996094
877	-0.996094	0.998047
878	-0.988281	0.994141
879	-0.996094	0.998047
880	-0.996094	0.998047
881	-1.000000	1.000000
882	-1.000000	1.000000
883	-0.994141	0.996094
884	-1.000000	1.000000
885	-0.992188	0.996094
886	-0.996094	0.998047
887	-0.992188	0.996094
888	-1.000000	1.000000
889	-1.000000	1.000000
890	-0.996094	0.998047
891	-0.996094	0.998047
892	-0.992188	0.996094
893	-0.992188	0.996094
894	-0.988281	0.994141
895	-0.996094	0.998047
896	-0.992188	0.996094
897	-1.000000	1.000000
898	-0.996094	0.998047
899	-0.996094	0.998047
900	-0.992188	0.996094
901	-0.996094	0.998047
902	-0.996094	0.998047
903	-0.996094	0.998047
904	-0.992188	0.994141
905	-1.000000	1.000000
906	-1.000000	1.000000
907	-0.996094	0.998047
908	-0.996094	0.998047
909	-0.992188	0.996094
910	-0.996094	0.998047
911	-0.992188	0.996094
912	-0.992188	0.996094
913	-0.992188	0.996094
914	-1.000000	1.000000
915	-1.000000	1.000000
916	-1.000000	1.000000
917	-0.996094	0.998047
918	-0.992188	0.996094
919	-1.000000	1.000000
920	-0.996094	0.998047
921	-0.988281	0.994141
922	-0.996094	0.998047
923	-0.992188	0.996094
924	-0.986328	0.992188
925	-0.992188	0.996094
926	-1.000000	1.000000
927	-0.996094	0.998047
928	-0.996094	0.998047
929	-1.000000	1.000000
930	-0.992188	0.996094
931	-0.988281	0.994141
932	-0.990234	0.994141
933	-0.992188	0.996094
934	-0.996094	0.998047
935	-1.000000	1.000000
936	-0.996094	0.998047
937	-1.000000	1.000000
938	-0.996094	0.998047
939	-0.996094	0.998047
940	-1.000000	1.000000
941	-0.992188	0.996094
942	-0.996094	0.998047
943	-1.000000	1.000000
944	-0.996094	0.998047
945	-0.992188	0.996094
946	-1.000000	1.000000
947	-0.992188	0.996094
948	-1.000000	1.000000
949	-1.000000	1.000000
950	-0.982422	0.990234
951	-1.000000	1.000000
952	-0.992188	0.996094
953	-0.996094	0.998047
954	-1.000000	1.000000
955	-0.996094	0.998047
956	-1.000000	1.000000
957	-0.994141	0.996094
958	-0.992188	0.996094
959	-0.992188	0.996094
960	-1.000000	1.000000
961	-0.996094	0.998047
962	-0.990234	0.994141
963	-0.996094	0.998047
964	-0.992188	0.996094
965	-0.996094	0.998047
966	-0.996094	0.998047
967	-0.992188	0.996094
968	-1.000000	1.000000
969	-1.000000	1.000000
970	-0.988281	0.994141
971	-0.996094	0.998047
972	-0.988281	0.994141
973	-0.992188	0.996094
974	-0.992188	0.996094
975	-0.996094	0.998047
976	-0.996094	0.998047
977	-0.992188	0.996094
978	-0.988281	0.994141
979	-1.000000	1.000000
980	-0.992188	0.996094
981	-0.990234	0.994141
982	-1.000000	1.000000
983	-0.986328	0.992188
984	-0.996094	0.998047
985	-0.996094	0.998047
986	-0.992188	0.996094
987	-0.996094	0.998047
988	-0.992188	0.996094
989	-0.988281	0.994141
990	-0.996094	0.998047
991	-0.996094	0.998047
992	-0.992188	0.996094
993	-0.984375	0.992188
994	-1.000000	1.000000
995	-0.996094	0.998047
996	-0.980469	0.990234
997	-1.000000	1.000000
998	-0.992188	0.996094
999	-0.992188	0.996094
