0	-0.023438	0.029297
1	-0.380859	0.029297
2	-0.574219	0.107422
3	-0.687500	0.191406
4	-0.751953	0.181641
5	-0.787109	0.257813
6	-0.822266	0.230469
7	-0.835938	0.177734
8	-0.849609	0.123047
9	-0.873047	0.083984
10	-0.884766	0.095703
11	-0.880859	0.099609
12	-0.892578	0.078125
13	-0.882813	0.031250
14	-0.888672	0.011719
15	-0.886719	0.044922
16	-0.888672	0.068359
17	-0.888672	0.078125
18	-0.884766	0.048828
19	-0.888672	0.064453
20	-0.892578	0.062500
21	-0.890625	0.078125
22	-0.896484	0.093750
23	-0.894531	0.085938
24	-0.888672	0.101563
25	-0.880859	0.119141
26	-0.875000	0.101563
27	-0.886719	0.099609
28	-0.875000	0.085938
29	-0.894531	0.087891
30	-0.882813	0.091797
31	-0.892578	0.095703
32	-0.894531	0.078125
33	-0.882813	0.099609
34	-0.890625	0.103516
35	-0.894531	0.115234
36	-0.896484	0.119141
37	-0.892578	0.107422
38	-0.894531	0.099609
39	-0.884766	0.113281
40	-0.888672	0.150391
41	-0.896484	0.144531
42	-0.904297	0.148438
43	-0.912109	0.148438
44	-0.912109	0.138672
45	-0.900391	0.117188
46	-0.904297	0.107422
47	-0.900391	0.099609
48	-0.896484	0.080078
49	-0.900391	0.062500
50	-0.904297	0.052734
51	-0.890625	0.048828
52	-0.892578	0.052734
53	-0.904297	0.060547
54	-0.900391	0.048828
55	-0.894531	0.082031
56	-0.900391	0.128906
57	-0.896484	0.179688
58	-0.898438	0.175781
59	-0.892578	0.197266
60	-0.888672	0.191406
61	-0.888672	0.183594
62	-0.896484	0.160156
63	-0.906250	0.109375
64	-0.900391	0.101563
65	-0.898438	0.119141
66	-0.906250	0.132813
67	-0.906250	0.222656
68	-0.910156	0.234375
69	-0.894531	0.220703
70	-0.892578	0.236328
71	-0.892578	0.255859
72	-0.902344	0.269531
73	-0.910156	0.304688
74	-0.894531	0.300781
75	-0.896484	0.306641
76	-0.910156	0.341797
77	-0.912109	0.322266
78	-0.908203	0.314453
79	-0.912109	0.330078
80	-0.908203	0.300781
81	-0.894531	0.292969
82	-0.910156	0.294922
83	-0.898438	0.289063
84	-0.892578	0.269531
85	-0.894531	0.273438
86	-0.902344	0.283203
87	-0.902344	0.296875
88	-0.896484	0.292969
89	-0.896484	0.320313
90	-0.902344	0.341797
91	-0.898438	0.330078
92	-0.902344	0.322266
93	-0.888672	0.330078
94	-0.904297	0.386719
95	-0.894531	0.365234
96	-0.902344	0.384766
97	-0.908203	0.355469
98	-0.906250	0.320313
99	-0.908203	0.351563
100	-0.900391	0.314453
101	-0.896484	0.324219
102	-0.892578	0.306641
103	-0.906250	0.271484
104	-0.910156	0.251953
105	-0.910156	0.275391
106	-0.896484	0.246094
107	-0.900391	0.255859
108	-0.906250	0.250000
109	-0.908203	0.232422
110	-0.904297	0.220703
111	-0.898438	0.201172
112	-0.912109	0.191406
113	-0.910156	0.183594
114	-0.902344	0.181641
115	-0.896484	0.193359
116	-0.898438	0.203125
117	-0.896484	0.201172
118	-0.906250	0.179688
119	-0.902344	0.208984
120	-0.898438	0.207031
121	-0.892578	0.195313
122	-0.904297	0.216797
123	-0.906250	0.199219
124	-0.912109	0.197266
125	-0.906250	0.208984
126	-0.914063	0.226563
127	-0.900391	0.267578
128	-0.904297	0.289063
129	-0.910156	0.277344
130	-0.906250	0.269531
131	-0.914063	0.226563
132	-0.908203	0.224609
133	-0.912109	0.214844
134	-0.898438	0.201172
135	-0.904297	0.212891
136	-0.912109	0.246094
137	-0.910156	0.234375
138	-0.888672	0.195313
139	-0.906250	0.189453
140	-0.910156	0.140625
141	-0.912109	0.132813
142	-0.892578	0.144531
143	-0.900391	0.132813
144	-0.906250	0.119141
145	-0.906250	0.146484
146	-0.904297	0.185547
147	-0.917969	0.207031
148	-0.919922	0.212891
149	-0.916016	0.136719
150	-0.914063	0.117188
151	-0.898438	0.097656
152	-0.912109	0.130859
153	-0.900391	0.087891
154	-0.910156	0.105469
155	-0.914063	0.103516
156	-0.904297	0.119141
157	-0.908203	0.126953
158	-0.898438	0.128906
159	-0.902344	0.113281
160	-0.900391	0.123047
161	-0.916016	0.132813
162	-0.919922	0.171875
163	-0.904297	0.201172
164	-0.914063	0.248047
165	-0.917969	0.246094
166	-0.910156	0.246094
167	-0.910156	0.271484
168	-0.910156	0.230469
169	-0.894531	0.238281
170	-0.892578	0.279297
171	-0.906250	0.263672
172	-0.908203	0.253906
173	-0.912109	0.384766
174	-0.898438	0.349609
175	-0.896484	0.363281
176	-0.914063	0.308594
177	-0.908203	0.332031
178	-0.912109	0.353516
179	-0.908203	0.318359
180	-0.906250	0.283203
181	-0.908203	0.281250
182	-0.912109	0.324219
183	-0.910156	0.341797
184	-0.906250	0.337891
185	-0.902344	0.332031
186	-0.898438	0.308594
187	-0.894531	0.316406
188	-0.904297	0.251953
189	-0.894531	0.226563
190	-0.894531	0.207031
191	-0.898438	0.160156
192	-0.904297	0.146484
193	-0.896484	0.109375
194	-0.904297	0.136719
195	-0.886719	0.140625
196	-0.902344	0.148438
197	-0.904297	0.171875
198	-0.900391	0.201172
199	-0.902344	0.226563
200	-0.908203	0.242188
201	-0.916016	0.251953
202	-0.912109	0.271484
203	-0.910156	0.320313
204	-0.902344	0.341797
205	-0.912109	0.439453
206	-0.900391	0.435547
207	-0.906250	0.443359
208	-0.914063	0.412109
209	-0.898438	0.394531
210	-0.906250	0.435547
211	-0.912109	0.455078
212	-0.910156	0.486328
213	-0.906250	0.503906
214	-0.912109	0.472656
215	-0.902344	0.486328
216	-0.910156	0.476563
217	-0.908203	0.441406
218	-0.906250	0.437500
219	-0.912109	0.455078
220	-0.902344	0.433594
221	-0.906250	0.474609
222	-0.914063	0.443359
223	-0.906250	0.466797
224	-0.900391	0.488281
225	-0.902344	0.525391
226	-0.908203	0.531250
227	-0.906250	0.515625
228	-0.906250	0.511719
229	-0.912109	0.484375
230	-0.906250	0.474609
231	-0.906250	0.482422
232	-0.900391	0.488281
233	-0.884766	0.519531
234	-0.888672	0.505859
235	-0.902344	0.464844
236	-0.902344	0.527344
237	-0.904297	0.585938
238	-0.906250	0.666016
239	-0.906250	0.662109
240	-0.921875	0.685547
241	-0.929688	0.761719
242	-0.937500	0.814453
243	-0.941406	0.851563
244	-0.935547	0.894531
245	-0.972656	0.972656
246	-0.984375	0.988281
247	-0.978516	0.988281
248	-0.988281	0.994141
249	-0.992188	0.994141
250	-1.000000	1.000000
251	-0.996094	0.998047
252	-0.988281	0.994141
253	-0.992188	0.996094
254	-0.988281	0.994141
255	-0.996094	0.998047
256	-0.992188	0.996094
257	-0.992188	0.996094
258	-0.992188	0.996094
259	-0.990234	0.994141
260	-0.992188	0.996094
261	-0.988281	0.994141
262	-1.000000	1.000000
263	-0.996094	0.998047
264	-0.996094	0.998047
265	-0.992188	0.996094
266	-0.992188	0.996094
267	-0.988281	0.994141
268	-0.986328	0.992188
269	-0.992188	0.996094
270	-0.996094	0.998047
271	-0.996094	0.998047
272	-0.996094	0.998047
273	-0.992188	0.996094
274	-1.000000	1.000000
275	-0.992188	0.996094
276	-0.992188	0.996094
277	-1.000000	1.000000
278	-0.996094	0.998047
279	-0.992188	0.996094
280	-0.988281	0.994141
281	-0.984375	0.992188
282	-0.996094	0.998047
283	-0.992188	0.996094
284	-0.988281	0.994141
285	-0.992188	0.996094
286	-0.980469	0.990234
287	-0.984375	0.992188
288	-0.996094	0.998047
289	-0.992188	0.996094
290	-0.988281	0.994141
291	-0.992188	0.996094
292	-0.992188	0.996094
293	-0.978516	0.988281
294	-0.996094	0.998047
295	-0.992188	0.996094
296	-0.996094	0.998047
297	-0.992188	0.996094
298	-0.992188	0.996094
299	-0.988281	0.994141
300	-0.980469	0.990234
301	-0.996094	0.998047
302	-0.980469	0.990234
303	-0.988281	0.994141
304	-0.996094	0.998047
305	-1.000000	1.000000
306	-0.992188	0.996094
307	-0.996094	0.998047
308	-1.000000	1.000000
309	-0.996094	0.998047
310	-1.000000	1.000000
311	-0.988281	0.994141
312	-0.982422	0.990234
313	-0.996094	0.998047
314	-0.982422	0.990234
315	-0.986328	0.992188
316	-0.990234	0.994141
317	-1.000000	1.000000
318	-0.982422	0.990234
319	-0.990234	0.992188
320	-0.982422	0.990234
321	-0.982422	0.988281
322	-0.990234	0.994141
323	-0.996094	0.998047
324	-0.992188	0.996094
325	-0.972656	0.982422
326	-1.000000	1.000000
327	-0.992188	0.996094
328	-0.992188	0.996094
329	-0.996094	0.998047
330	-1.000000	1.000000
331	-0.988281	0.994141
332	-0.982422	0.986328
333	-0.996094	0.998047
334	-0.992188	0.996094
335	-0.988281	0.994141
336	-0.992188	0.996094
337	-0.988281	0.994141
338	-0.996094	0.998047
339	-0.996094	0.998047
340	-1.000000	1.000000
341	-0.996094	0.998047
342	-0.980469	0.990234
343	-0.996094	0.998047
344	-0.992188	0.996094
345	-0.996094	0.998047
346	-0.988281	0.994141
347	-0.988281	0.994141
348	-0.986328	0.992188
349	-0.980469	0.988281
350	-0.992188	0.996094
351	-1.000000	1.000000
352	-0.984375	0.992188
353	-0.996094	0.998047
354	-0.984375	0.992188
355	-1.000000	1.000000
356	-0.988281	0.994141
357	-0.996094	0.998047
358	-0.988281	0.994141
359	-0.992188	0.996094
360	-0.996094	0.998047
361	-0.994141	0.996094
362	-0.996094	0.998047
363	-0.988281	0.994141
364	-0.988281	0.994141
365	-0.990234	0.994141
366	-1.000000	1.000000
367	-0.996094	0.998047
368	-0.992188	0.996094
369	-0.992188	0.996094
370	-0.996094	0.998047
371	-0.992188	0.996094
372	-0.988281	0.994141
373	-0.988281	0.994141
374	-0.992188	0.996094
375	-0.996094	0.998047
376	-0.996094	0.998047
377	-0.996094	0.998047
378	-0.992188	0.996094
379	-0.986328	0.992188
380	-0.986328	0.992188
381	-0.994141	0.996094
382	-0.980469	0.988281
383	-0.988281	0.994141
384	-0.988281	0.994141
385	-0.996094	0.998047
386	-0.988281	0.994141
387	-0.988281	0.994141
388	-0.996094	0.998047
389	-0.996094	0.998047
390	-0.982422	0.990234
391	-1.000000	1.000000
392	-0.996094	0.998047
393	-1.000000	1.000000
394	-0.996094	0.998047
395	-0.992188	0.996094
396	-1.000000	1.000000
397	-0.996094	0.998047
398	-1.000000	1.000000
399	-0.990234	0.994141
400	-0.992188	0.996094
401	-0.986328	0.992188
402	-0.988281	0.994141
403	-1.000000	1.000000
404	-0.982422	0.990234
405	-0.988281	0.994141
406	-0.996094	0.998047
407	-0.980469	0.990234
408	-0.974609	0.986328
409	-0.988281	0.994141
410	-0.980469	0.986328
411	-0.984375	0.992188
412	-0.996094	0.998047
413	-0.996094	0.998047
414	-0.980469	0.990234
415	-1.000000	1.000000
416	-0.996094	0.998047
417	-0.996094	0.998047
418	-0.992188	0.996094
419	-0.996094	0.998047
420	-0.996094	0.998047
421	-0.996094	0.998047
422	-0.996094	0.998047
423	-0.980469	0.990234
424	-0.988281	0.994141
425	-0.984375	0.992188
426	-0.984375	0.992188
427	-0.996094	0.998047
428	-0.996094	0.998047
429	-0.992188	0.996094
430	-1.000000	1.000000
431	-0.988281	0.994141
432	-0.992188	0.996094
433	-0.992188	0.996094
434	-0.992188	0.996094
435	-0.996094	0.998047
436	-0.996094	0.998047
437	-0.988281	0.994141
438	-0.988281	0.994141
439	-0.992188	0.996094
440	-0.994141	0.996094
441	-0.992188	0.996094
442	-0.988281	0.994141
443	-0.996094	0.998047
444	-0.990234	0.994141
445	-0.996094	0.998047
446	-0.996094	0.998047
447	-0.996094	0.998047
448	-0.992188	0.996094
449	-0.988281	0.994141
450	-0.996094	0.998047
451	-0.996094	0.998047
452	-0.992188	0.994141
453	-0.986328	0.992188
454	-0.988281	0.994141
455	-0.996094	0.998047
456	-0.996094	0.998047
457	-1.000000	1.000000
458	-0.992188	0.996094
459	-0.980469	0.990234
460	-0.996094	0.998047
461	-0.984375	0.992188
462	-0.972656	0.986328
463	-0.996094	0.998047
464	-0.996094	0.998047
465	-0.990234	0.994141
466	-0.988281	0.994141
467	-0.990234	0.994141
468	-0.996094	0.998047
469	-0.990234	0.994141
470	-0.984375	0.992188
471	-0.984375	0.992188
472	-1.000000	1.000000
473	-1.000000	1.000000
474	-0.992188	0.996094
475	-0.988281	0.994141
476	-0.992188	0.996094
477	-1.000000	1.000000
478	-0.996094	0.998047
479	-0.992188	0.996094
480	-0.992188	0.996094
481	-1.000000	1.000000
482	-0.988281	0.994141
483	-0.996094	0.998047
484	-1.000000	1.000000
485	-0.996094	0.998047
486	-0.996094	0.998047
487	-0.988281	0.994141
488	-0.992188	0.996094
489	-0.996094	0.998047
490	-0.988281	0.994141
491	-0.984375	0.992188
492	-0.988281	0.994141
493	-0.992188	0.996094
494	-1.000000	1.000000
495	-0.976563	0.988281
496	-0.988281	0.994141
497	-1.000000	1.000000
498	-0.988281	0.994141
499	-0.986328	0.990234
500	-0.996094	0.998047
501	-0.994141	0.996094
502	-0.996094	0.998047
503	-0.996094	0.998047
504	-0.996094	0.998047
505	-0.984375	0.992188
506	-1.000000	1.000000
507	-1.000000	1.000000
508	-1.000000	1.000000
509	-0.992188	0.996094
510	-0.992188	0.996094
511	-0.992188	0.996094
512	-0.988281	0.992188
513	-1.000000	1.000000
514	-0.996094	0.998047
515	-1.000000	1.000000
516	-0.996094	0.998047
517	-0.992188	0.996094
518	-0.996094	0.998047
519	-1.000000	1.000000
520	-0.996094	0.998047
521	-0.996094	0.998047
522	-0.996094	0.998047
523	-0.996094	0.998047
524	-0.996094	0.998047
525	-0.976563	0.988281
526	-0.988281	0.994141
527	-0.996094	0.998047
528	-0.978516	0.986328
529	-0.984375	0.992188
530	-0.996094	0.998047
531	-0.992188	0.996094
532	-0.992188	0.996094
533	-0.988281	0.994141
534	-0.996094	0.998047
535	-0.996094	0.998047
536	-0.996094	0.998047
537	-0.996094	0.998047
538	-0.992188	0.996094
539	-0.996094	0.998047
540	-0.994141	0.996094
541	-0.996094	0.998047
542	-0.982422	0.990234
543	-1.000000	1.000000
544	-0.992188	0.996094
545	-0.988281	0.992188
546	-1.000000	1.000000
547	-0.996094	0.998047
548	-0.992188	0.996094
549	-0.992188	0.996094
550	-0.992188	0.996094
551	-0.988281	0.994141
552	-0.992188	0.996094
553	-0.996094	0.998047
554	-0.992188	0.996094
555	-0.992188	0.996094
556	-0.996094	0.998047
557	-0.992188	0.994141
558	-0.992188	0.996094
559	-0.992188	0.996094
560	-1.000000	1.000000
561	-0.996094	0.998047
562	-0.992188	0.996094
563	-0.988281	0.994141
564	-0.992188	0.996094
565	-1.000000	1.000000
566	-0.986328	0.992188
567	-0.996094	0.998047
568	-0.988281	0.994141
569	-0.992188	0.996094
570	-1.000000	1.000000
571	-0.988281	0.994141
572	-0.992188	0.996094
573	-0.996094	0.998047
574	-0.988281	0.994141
575	-0.996094	0.998047
576	-0.994141	0.996094
577	-0.992188	0.996094
578	-1.000000	1.000000
579	-0.996094	0.998047
580	-0.996094	0.998047
581	-0.992188	0.996094
582	-0.996094	0.998047
583	-0.996094	0.998047
584	-0.996094	0.998047
585	-0.992188	0.996094
586	-0.986328	0.992188
587	-1.000000	1.000000
588	-0.984375	0.992188
589	-0.992188	0.996094
590	-0.980469	0.990234
591	-0.996094	0.998047
592	-0.992188	0.996094
593	-1.000000	1.000000
594	-1.000000	1.000000
595	-1.000000	1.000000
596	-0.994141	0.996094
597	-0.996094	0.998047
598	-0.996094	0.998047
599	-0.992188	0.996094
600	-0.992188	0.996094
601	-0.990234	0.994141
602	-0.984375	0.992188
603	-0.984375	0.992188
604	-0.992188	0.996094
605	-0.992188	0.996094
606	-0.992188	0.996094
607	-0.988281	0.994141
608	-1.000000	1.000000
609	-0.996094	0.998047
610	-1.000000	1.000000
611	-1.000000	1.000000
612	-1.000000	1.000000
613	-0.984375	0.990234
614	-0.996094	0.998047
615	-0.990234	0.994141
616	-0.980469	0.990234
617	-0.982422	0.990234
618	-0.988281	0.994141
619	-0.988281	0.994141
620	-0.990234	0.994141
621	-0.992188	0.996094
622	-0.992188	0.996094
623	-0.988281	0.994141
624	-0.996094	0.998047
625	-0.986328	0.992188
626	-0.982422	0.990234
627	-0.990234	0.994141
628	-0.984375	0.992188
629	-1.000000	1.000000
630	-0.994141	0.996094
631	-0.996094	0.998047
632	-0.996094	0.998047
633	-0.992188	0.996094
634	-0.990234	0.994141
635	-0.990234	0.994141
636	-1.000000	1.000000
637	-0.992188	0.996094
638	-0.984375	0.992188
639	-0.984375	0.990234
640	-0.992188	0.996094
641	-0.990234	0.994141
642	-0.984375	0.992188
643	-0.982422	0.990234
644	-1.000000	1.000000
645	-0.992188	0.996094
646	-0.976563	0.988281
647	-0.996094	0.998047
648	-0.984375	0.992188
649	-0.992188	0.996094
650	-0.992188	0.996094
651	-0.988281	0.994141
652	-0.988281	0.994141
653	-0.992188	0.996094
654	-0.968750	0.984375
655	-0.996094	0.998047
656	-0.988281	0.994141
657	-0.996094	0.998047
658	-0.992188	0.996094
659	-1.000000	1.000000
660	-0.988281	0.994141
661	-0.986328	0.986328
662	-0.984375	0.990234
663	-0.986328	0.992188
664	-0.992188	0.996094
665	-0.986328	0.992188
666	-0.994141	0.996094
667	-0.980469	0.990234
668	-0.992188	0.996094
669	-0.996094	0.998047
670	-0.990234	0.994141
671	-0.988281	0.994141
672	-0.992188	0.996094
673	-0.992188	0.996094
674	-0.986328	0.992188
675	-0.992188	0.996094
676	-0.996094	0.998047
677	-0.996094	0.998047
678	-0.996094	0.998047
679	-0.980469	0.986328
680	-0.992188	0.996094
681	-0.992188	0.996094
682	-1.000000	1.000000
683	-0.988281	0.994141
684	-1.000000	1.000000
685	-0.980469	0.980469
686	-0.986328	0.992188
687	-1.000000	1.000000
688	-0.992188	0.996094
689	-1.000000	1.000000
690	-1.000000	1.000000
691	-1.000000	1.000000
692	-0.992188	0.996094
693	-0.996094	0.998047
694	-1.000000	1.000000
695	-0.996094	0.998047
696	-0.996094	0.998047
697	-0.996094	0.998047
698	-0.996094	0.998047
699	-0.984375	0.992188
700	-0.988281	0.994141
701	-0.996094	0.998047
702	-0.992188	0.996094
703	-0.984375	0.992188
704	-1.000000	1.000000
705	-0.980469	0.990234
706	-0.996094	0.998047
707	-0.992188	0.996094
708	-0.988281	0.994141
709	-0.992188	0.996094
710	-0.996094	0.998047
711	-0.996094	0.998047
712	-0.988281	0.994141
713	-1.000000	1.000000
714	-0.976563	0.988281
715	-0.996094	0.998047
716	-1.000000	1.000000
717	-0.996094	0.998047
718	-0.996094	0.998047
719	-0.988281	0.994141
720	-0.984375	0.992188
721	-0.980469	0.990234
722	-0.982422	0.990234
723	-0.984375	0.992188
724	-0.988281	0.990234
725	-0.996094	0.998047
726	-0.996094	0.998047
727	-0.996094	0.998047
728	-0.992188	0.996094
729	-0.996094	0.998047
730	-0.992188	0.996094
731	-0.992188	0.996094
732	-0.988281	0.994141
733	-0.982422	0.990234
734	-0.988281	0.994141
735	-0.984375	0.992188
736	-0.996094	0.998047
737	-0.996094	0.998047
738	-0.996094	0.998047
739	-0.982422	0.990234
740	-0.996094	0.998047
741	-0.996094	0.998047
742	-0.996094	0.998047
743	-0.992188	0.996094
744	-0.992188	0.996094
745	-1.000000	1.000000
746	-1.000000	1.000000
747	-0.996094	0.998047
748	-0.996094	0.998047
749	-0.996094	0.998047
750	-1.000000	1.000000
751	-1.000000	1.000000
752	-0.992188	0.996094
753	-0.996094	0.998047
754	-0.990234	0.994141
755	-0.984375	0.988281
756	-0.988281	0.994141
757	-0.992188	0.996094
758	-0.988281	0.994141
759	-1.000000	1.000000
760	-1.000000	1.000000
761	-0.992188	0.996094
762	-0.988281	0.994141
763	-0.982422	0.990234
764	-0.996094	0.998047
765	-0.990234	0.994141
766	-0.980469	0.988281
767	-0.988281	0.994141
768	-0.996094	0.998047
769	-0.988281	0.994141
770	-1.000000	1.000000
771	-0.988281	0.994141
772	-0.988281	0.994141
773	-0.988281	0.994141
774	-0.992188	0.996094
775	-0.996094	0.998047
776	-0.980469	0.988281
777	-0.984375	0.990234
778	-0.988281	0.994141
779	-0.996094	0.998047
780	-0.996094	0.998047
781	-0.984375	0.992188
782	-0.988281	0.994141
783	-0.988281	0.994141
784	-0.996094	0.998047
785	-1.000000	1.000000
786	-1.000000	1.000000
787	-0.992188	0.996094
788	-0.992188	0.996094
789	-1.000000	1.000000
790	-0.992188	0.996094
791	-0.988281	0.994141
792	-0.996094	0.998047
793	-0.992188	0.996094
794	-0.996094	0.998047
795	-1.000000	1.000000
796	-0.992188	0.996094
797	-0.988281	0.994141
798	-1.000000	1.000000
799	-0.988281	0.994141
800	-0.996094	0.998047
801	-0.996094	0.998047
802	-0.992188	0.996094
803	-0.992188	0.996094
804	-0.996094	0.998047
805	-0.996094	0.998047
806	-0.996094	0.998047
807	-1.000000	1.000000
808	-0.990234	0.994141
809	-0.990234	0.994141
810	-0.992188	0.996094
811	-0.992188	0.996094
812	-0.992188	0.996094
813	-0.984375	0.992188
814	-0.996094	0.998047
815	-0.996094	0.998047
816	-1.000000	1.000000
817	-1.000000	1.000000
818	-1.000000	1.000000
819	-0.984375	0.992188
820	-1.000000	1.000000
821	-0.996094	0.998047
822	-1.000000	1.000000
823	-0.996094	0.998047
824	-0.992188	0.996094
825	-0.996094	0.998047
826	-1.000000	1.000000
827	-0.996094	0.998047
828	-0.992188	0.996094
829	-0.996094	0.998047
830	-0.984375	0.992188
831	-1.000000	1.000000
832	-0.992188	0.996094
833	-1.000000	1.000000
834	-0.996094	0.998047
835	-0.992188	0.996094
836	-0.996094	0.998047
837	-0.992188	0.996094
838	-0.988281	0.994141
839	-1.000000	1.000000
840	-0.990234	0.994141
841	-0.996094	0.998047
842	-0.992188	0.996094
843	-0.992188	0.996094
844	-0.984375	0.992188
845	-0.996094	0.998047
846	-0.992188	0.996094
847	-0.984375	0.992188
848	-0.992188	0.996094
849	-0.992188	0.996094
850	-0.986328	0.992188
851	-0.996094	0.998047
852	-0.992188	0.994141
853	-0.996094	0.998047
854	-0.996094	0.998047
855	-0.992188	0.996094
856	-1.000000	1.000000
857	-0.984375	0.992188
858	-0.980469	0.990234
859	-0.996094	0.998047
860	-0.992188	0.996094
861	-0.996094	0.998047
862	-0.994141	0.996094
863	-0.990234	0.994141
864	-0.986328	0.992188
865	-0.984375	0.992188
866	-0.996094	0.998047
867	-1.000000	1.000000
868	-0.984375	0.992188
869	-0.978516	0.988281
870	-0.996094	0.998047
871	-0.992188	0.996094
872	-0.994141	0.996094
873	-0.996094	0.998047
874	-0.992188	0.996094
875	-0.992188	0.996094
876	-1.000000	1.000000
877	-0.988281	0.994141
878	-0.984375	0.992188
879	-0.996094	0.998047
880	-1.000000	1.000000
881	-0.996094	0.998047
882	-0.988281	0.994141
883	-0.982422	0.990234
884	-0.992188	0.996094
885	-0.982422	0.990234
886	-0.992188	0.996094
887	-0.990234	0.994141
888	-0.988281	0.994141
889	-0.980469	0.990234
890	-0.992188	0.996094
891	-1.000000	1.000000
892	-0.996094	0.998047
893	-0.996094	0.998047
894	-0.992188	0.996094
895	-0.996094	0.998047
896	-0.992188	0.996094
897	-0.992188	0.996094
898	-0.988281	0.992188
899	-0.988281	0.994141
900	-0.992188	0.996094
901	-0.992188	0.996094
902	-0.992188	0.996094
903	-1.000000	1.000000
904	-0.992188	0.996094
905	-0.992188	0.996094
906	-0.988281	0.994141
907	-0.988281	0.994141
908	-0.990234	0.994141
909	-0.992188	0.996094
910	-0.986328	0.992188
911	-0.980469	0.990234
912	-0.988281	0.994141
913	-0.996094	0.998047
914	-0.992188	0.996094
915	-0.990234	0.994141
916	-0.992188	0.996094
917	-0.988281	0.994141
918	-0.992188	0.996094
919	-0.992188	0.996094
920	-0.990234	0.994141
921	-1.000000	1.000000
922	-0.996094	0.998047
923	-0.996094	0.998047
924	-0.984375	0.992188
925	-0.992188	0.996094
926	-0.996094	0.998047
927	-0.988281	0.994141
928	-0.994141	0.996094
929	-0.992188	0.996094
930	-0.996094	0.998047
931	-0.992188	0.996094
932	-0.992188	0.996094
933	-0.992188	0.996094
934	-0.984375	0.992188
935	-1.000000	1.000000
936	-1.000000	1.000000
937	-0.996094	0.998047
938	-0.996094	0.998047
939	-0.996094	0.998047
940	-0.992188	0.996094
941	-0.996094	0.998047
942	-0.982422	0.990234
943	-0.996094	0.998047
944	-0.990234	0.994141
945	-0.996094	0.998047
946	-1.000000	1.000000
947	-0.992188	0.996094
948	-0.996094	0.998047
949	-0.982422	0.990234
950	-0.988281	0.994141
951	-0.996094	0.998047
952	-0.988281	0.994141
953	-0.992188	0.996094
954	-0.992188	0.996094
955	-0.996094	0.998047
956	-0.988281	0.994141
957	-0.986328	0.992188
958	-0.986328	0.992188
959	-0.992188	0.996094
960	-0.996094	0.998047
961	-0.996094	0.998047
962	-0.992188	0.996094
963	-0.988281	0.994141
964	-0.988281	0.994141
965	-0.988281	0.994141
966	-0.984375	0.992188
967	-0.970703	0.982422
968	-0.996094	0.998047
969	-0.996094	0.998047
970	-0.996094	0.998047
971	-0.988281	0.994141
972	-1.000000	1.000000
973	-1.000000	1.000000
974	-0.992188	0.996094
975	-1.000000	1.000000
976	-0.992188	0.996094
977	-0.988281	0.994141
978	-0.984375	0.992188
979	-0.982422	0.990234
980	-0.992188	0.996094
981	-0.980469	0.990234
982	-0.996094	0.998047
983	-0.996094	0.998047
984	-0.988281	0.994141
985	-0.994141	0.996094
986	-0.994141	0.996094
987	-0.996094	0.998047
988	-0.992188	0.996094
989	-0.992188	0.996094
990	-0.996094	0.998047
991	-0.984375	0.992188
992	-0.988281	0.994141
993	-0.992188	0.996094
994	-0.992188	0.996094
995	-0.996094	0.998047
996	-0.992188	0.994141
997	-0.992188	0.996094
998	-0.988281	0.994141
999	-0.992188	0.996094
