0	-0.014648	0.010742
1	-0.407227	0.067871
2	-0.637695	0.122070
3	-0.750488	0.160156
4	-0.808594	0.203125
5	-0.838379	0.241699
6	-0.858887	0.262207
7	-0.876953	0.318848
8	-0.895996	0.360352
9	-0.903320	0.376953
10	-0.914063	0.402344
11	-0.929199	0.441406
12	-0.937500	0.506348
13	-0.940430	0.533691
14	-0.945313	0.549805
15	-0.943359	0.577148
16	-0.946289	0.622559
17	-0.951172	0.663086
18	-0.949707	0.684570
19	-0.955566	0.711914
20	-0.961914	0.739746
21	-0.962891	0.761719
22	-0.967285	0.791992
23	-0.967285	0.796875
24	-0.967773	0.796875
25	-0.969238	0.794434
26	-0.967773	0.790527
27	-0.971680	0.804199
28	-0.973633	0.818359
29	-0.975098	0.828613
30	-0.974121	0.840332
31	-0.974121	0.855957
32	-0.976074	0.873535
33	-0.976074	0.881348
34	-0.979492	0.892090
35	-0.979980	0.917480
36	-0.981445	0.943848
37	-0.987305	0.959961
38	-0.989258	0.972656
39	-0.990723	0.986328
40	-0.995117	0.995117
41	-0.998535	0.999023
42	-0.995605	0.997559
43	-0.998047	0.999023
44	-0.995117	0.997559
45	-0.998047	0.999023
46	-0.996582	0.998047
47	-0.999023	0.999512
48	-1.000000	1.000000
49	-1.000000	1.000000
50	-1.000000	1.000000
51	-1.000000	1.000000
52	-0.999023	0.999512
53	-1.000000	1.000000
54	-0.998047	0.999023
55	-0.998047	0.999023
56	-0.999023	0.999512
57	-0.997070	0.997559
58	-0.999023	0.999512
59	-1.000000	1.000000
60	-0.999023	0.999512
61	-0.998047	0.999023
62	-0.999023	0.999512
63	-0.998047	0.999023
64	-1.000000	1.000000
65	-1.000000	1.000000
66	-0.999023	0.999512
67	-0.999023	0.999512
68	-1.000000	1.000000
69	-0.998535	0.999023
70	-0.999023	0.999512
71	-0.999023	0.999512
72	-0.999023	0.999512
73	-0.999023	0.999512
74	-0.998047	0.999023
75	-0.998047	0.999023
76	-0.999023	0.999512
77	-0.997070	0.998535
78	-1.000000	1.000000
79	-0.999023	0.999512
80	-0.999023	0.999512
81	-0.999023	0.999512
82	-0.998047	0.999023
83	-1.000000	1.000000
84	-0.997070	0.998535
85	-0.999023	0.999512
86	-0.997070	0.998047
87	-0.999023	0.999512
88	-0.999023	0.999512
89	-0.999023	0.999512
90	-0.999023	0.999512
91	-0.999023	0.999512
92	-0.999023	0.999512
93	-0.999023	0.999512
94	-0.998047	0.999023
95	-0.999023	0.999512
96	-0.999023	0.999512
97	-1.000000	1.000000
98	-0.999023	0.999512
99	-0.999023	0.999512
100	-0.999023	0.999512
101	-0.998535	0.999023
102	-0.998047	0.999023
103	-0.999023	0.999512
104	-0.998047	0.999023
105	-0.999023	0.999512
106	-0.999023	0.999512
107	-0.997070	0.998535
108	-0.998047	0.999023
109	-0.996094	0.998047
110	-0.999023	0.999512
111	-1.000000	1.000000
112	-0.998047	0.999023
113	-0.999023	0.999512
114	-0.996094	0.998047
115	-1.000000	1.000000
116	-0.997070	0.998535
117	-0.996582	0.998047
118	-0.997070	0.998535
119	-1.000000	1.000000
120	-0.997070	0.998535
121	-0.997070	0.998535
122	-1.000000	1.000000
123	-0.999023	0.999512
124	-0.999023	0.999512
125	-0.998047	0.999023
126	-0.999023	0.999512
127	-0.999023	0.999512
128	-0.998047	0.998535
129	-0.999023	0.999512
130	-0.997070	0.998535
131	-1.000000	1.000000
132	-1.000000	1.000000
133	-0.998047	0.999023
134	-0.996094	0.998047
135	-1.000000	1.000000
136	-0.997070	0.998535
137	-1.000000	1.000000
138	-1.000000	1.000000
139	-0.998047	0.999023
140	-0.999023	0.999512
141	-0.999023	0.999512
142	-0.999023	0.999512
143	-1.000000	1.000000
144	-0.999023	0.999512
145	-0.999023	0.999512
146	-0.999023	0.999512
147	-1.000000	1.000000
148	-0.998535	0.999023
149	-1.000000	1.000000
150	-0.997070	0.998535
151	-0.998047	0.999023
152	-0.998047	0.999023
153	-0.999023	0.999512
154	-1.000000	1.000000
155	-0.998047	0.999023
156	-0.995117	0.997559
157	-1.000000	1.000000
158	-0.998047	0.999023
159	-1.000000	1.000000
160	-0.998535	0.999023
161	-0.999023	0.999512
162	-0.999023	0.999512
163	-0.999023	0.999512
164	-0.998047	0.999023
165	-1.000000	1.000000
166	-0.999023	0.999512
167	-0.997070	0.998535
168	-1.000000	1.000000
169	-1.000000	1.000000
170	-0.997070	0.998535
171	-0.998047	0.999023
172	-0.998047	0.999023
173	-0.999023	0.999512
174	-0.999023	0.999512
175	-1.000000	1.000000
176	-0.999023	0.999512
177	-0.997559	0.998535
178	-0.999023	0.999512
179	-0.999023	0.999512
180	-1.000000	1.000000
181	-0.999023	0.999512
182	-0.999023	0.999512
183	-0.996582	0.997559
184	-0.999023	0.999512
185	-0.999023	0.999512
186	-0.998047	0.999023
187	-0.998047	0.999023
188	-0.995117	0.997070
189	-0.999023	0.999512
190	-1.000000	1.000000
191	-0.999023	0.999512
192	-0.999023	0.999512
193	-1.000000	1.000000
194	-0.999023	0.999512
195	-0.997070	0.998535
196	-0.999023	0.999512
197	-1.000000	1.000000
198	-0.999023	0.999512
199	-0.996094	0.998047
200	-0.999023	0.999512
201	-0.997070	0.998535
202	-0.998047	0.999023
203	-0.999023	0.999512
204	-0.999023	0.999512
205	-0.999023	0.999512
206	-1.000000	1.000000
207	-0.997070	0.998535
208	-0.999023	0.999512
209	-1.000000	1.000000
210	-0.997070	0.998535
211	-0.999023	0.999512
212	-0.999023	0.999512
213	-0.999023	0.999512
214	-1.000000	1.000000
215	-1.000000	1.000000
216	-0.999023	0.999512
217	-0.997070	0.998535
218	-0.998047	0.999023
219	-0.997070	0.998535
220	-0.999023	0.999512
221	-0.999023	0.999512
222	-0.999023	0.999512
223	-0.997559	0.998535
224	-0.999023	0.999512
225	-0.999023	0.999512
226	-0.999023	0.999512
227	-1.000000	1.000000
228	-0.998047	0.999023
229	-0.999023	0.999512
230	-0.998047	0.999023
231	-0.999023	0.999512
232	-0.999023	0.999512
233	-0.996582	0.998047
234	-1.000000	1.000000
235	-0.999023	0.999512
236	-1.000000	1.000000
237	-0.998047	0.999023
238	-0.999023	0.999512
239	-1.000000	1.000000
240	-0.999023	0.999512
241	-0.998047	0.999023
242	-0.998047	0.999023
243	-0.997070	0.998535
244	-1.000000	1.000000
245	-1.000000	1.000000
246	-0.999023	0.999512
247	-0.999023	0.999512
248	-1.000000	1.000000
249	-0.999023	0.999512
250	-0.996094	0.998047
251	-0.999023	0.999512
252	-0.999023	0.999512
253	-0.999023	0.999512
254	-0.998535	0.999023
255	-0.998047	0.999023
256	-0.999023	0.999512
257	-0.998047	0.999023
258	-0.999023	0.999512
259	-0.999023	0.999512
260	-0.999023	0.999512
261	-1.000000	1.000000
262	-0.999023	0.999512
263	-0.999023	0.999512
264	-0.997559	0.998535
265	-0.998047	0.999023
266	-0.999023	0.999512
267	-1.000000	1.000000
268	-0.997070	0.998535
269	-1.000000	1.000000
270	-0.998047	0.999023
271	-0.998047	0.999023
272	-1.000000	1.000000
273	-0.996582	0.998047
274	-1.000000	1.000000
275	-0.998047	0.999023
276	-1.000000	1.000000
277	-0.997070	0.998535
278	-0.998047	0.999023
279	-0.998535	0.999023
280	-0.999023	0.999512
281	-0.998047	0.999023
282	-1.000000	1.000000
283	-0.998047	0.999023
284	-0.999023	0.999512
285	-0.997070	0.998535
286	-0.996094	0.998047
287	-0.999023	0.999512
288	-0.999023	0.999512
289	-0.999023	0.999512
290	-1.000000	1.000000
291	-0.998047	0.999023
292	-1.000000	1.000000
293	-0.997070	0.998535
294	-0.998535	0.999023
295	-0.998047	0.999023
296	-0.996094	0.998047
297	-0.998047	0.999023
298	-0.999023	0.999512
299	-0.998047	0.999023
300	-1.000000	1.000000
301	-0.996094	0.998047
302	-0.997559	0.998535
303	-0.997070	0.998535
304	-1.000000	1.000000
305	-0.998047	0.999023
306	-0.999023	0.999512
307	-0.999023	0.999512
308	-0.998047	0.999023
309	-0.998535	0.999023
310	-0.999023	0.999512
311	-0.999023	0.999512
312	-0.998047	0.999023
313	-0.998047	0.999023
314	-0.999023	0.999512
315	-0.998047	0.999023
316	-0.998047	0.999023
317	-0.996094	0.998047
318	-1.000000	1.000000
319	-1.000000	1.000000
320	-0.999023	0.999512
321	-0.999023	0.999512
322	-1.000000	1.000000
323	-0.998047	0.999023
324	-0.999023	0.999512
325	-0.998047	0.999023
326	-0.998047	0.999023
327	-0.999023	0.999512
328	-0.998047	0.999023
329	-0.999023	0.999512
330	-0.998047	0.999023
331	-0.999023	0.999512
332	-0.999023	0.999512
333	-0.997559	0.998535
334	-0.999023	0.999512
335	-0.997070	0.998535
336	-0.999023	0.999512
337	-0.998047	0.999023
338	-1.000000	1.000000
339	-1.000000	1.000000
340	-0.999023	0.999512
341	-0.999023	0.999512
342	-0.999023	0.999512
343	-0.999023	0.999512
344	-1.000000	1.000000
345	-0.998047	0.999023
346	-0.998047	0.999023
347	-1.000000	1.000000
348	-0.998047	0.999023
349	-0.996094	0.998047
350	-0.997070	0.998535
351	-0.999023	0.999512
352	-1.000000	1.000000
353	-0.999023	0.999512
354	-0.999023	0.999512
355	-0.998047	0.999023
356	-1.000000	1.000000
357	-0.999023	0.999512
358	-0.999023	0.999512
359	-0.998047	0.999023
360	-1.000000	1.000000
361	-1.000000	1.000000
362	-0.998047	0.999023
363	-1.000000	1.000000
364	-1.000000	1.000000
365	-0.997559	0.998535
366	-0.998047	0.999023
367	-1.000000	1.000000
368	-1.000000	1.000000
369	-0.997559	0.998535
370	-0.998535	0.999023
371	-0.999023	0.999512
372	-1.000000	1.000000
373	-1.000000	1.000000
374	-0.999023	0.999512
375	-0.999023	0.999512
376	-0.999023	0.999512
377	-0.998047	0.999023
378	-0.998047	0.999023
379	-0.996094	0.998047
380	-0.997070	0.998535
381	-0.998047	0.999023
382	-0.994629	0.997070
383	-0.999023	0.999512
384	-0.999023	0.999512
385	-0.999023	0.999512
386	-0.999023	0.999512
387	-0.999023	0.999512
388	-0.997070	0.998535
389	-0.998047	0.999023
390	-1.000000	1.000000
391	-1.000000	1.000000
392	-1.000000	1.000000
393	-0.999023	0.999512
394	-0.997070	0.998535
395	-0.999023	0.999512
396	-0.999023	0.999512
397	-0.998047	0.999023
398	-0.998047	0.999023
399	-1.000000	1.000000
400	-0.998047	0.999023
401	-0.999023	0.999512
402	-0.998047	0.999023
403	-1.000000	1.000000
404	-0.999023	0.999512
405	-0.999023	0.999512
406	-0.998047	0.999023
407	-0.997070	0.998535
408	-1.000000	1.000000
409	-0.999023	0.999512
410	-1.000000	1.000000
411	-1.000000	1.000000
412	-0.999023	0.999512
413	-1.000000	1.000000
414	-0.998047	0.999023
415	-0.998047	0.999023
416	-1.000000	1.000000
417	-0.999023	0.999512
418	-0.997070	0.998535
419	-0.999023	0.999512
420	-1.000000	1.000000
421	-0.998047	0.999023
422	-0.997070	0.998535
423	-0.999023	0.999512
424	-0.997559	0.998535
425	-0.997070	0.998535
426	-0.998047	0.999023
427	-0.997070	0.998535
428	-0.999023	0.999512
429	-0.996582	0.998047
430	-0.999023	0.999512
431	-0.999023	0.999512
432	-0.998047	0.999023
433	-0.998047	0.999023
434	-0.997070	0.998535
435	-0.998047	0.999023
436	-0.994141	0.996582
437	-0.998047	0.999023
438	-0.998047	0.999023
439	-0.994141	0.997070
440	-0.997070	0.998535
441	-0.998047	0.999023
442	-0.995117	0.997559
443	-0.999023	0.999512
444	-0.999023	0.999512
445	-1.000000	1.000000
446	-0.998047	0.999023
447	-0.999023	0.999512
448	-0.999023	0.999512
449	-0.999023	0.999512
450	-1.000000	1.000000
451	-1.000000	1.000000
452	-1.000000	1.000000
453	-0.997070	0.998535
454	-0.996582	0.998047
455	-0.999023	0.999512
456	-1.000000	1.000000
457	-0.999023	0.999512
458	-0.999023	0.999512
459	-0.994141	0.997070
460	-1.000000	1.000000
461	-0.999023	0.999512
462	-0.998047	0.999023
463	-0.999023	0.999512
464	-0.999023	0.999512
465	-1.000000	1.000000
466	-0.996094	0.997559
467	-1.000000	1.000000
468	-1.000000	1.000000
469	-0.999023	0.999512
470	-0.998047	0.999023
471	-1.000000	1.000000
472	-1.000000	1.000000
473	-0.999023	0.999512
474	-0.999023	0.999512
475	-0.999023	0.999512
476	-0.997070	0.998535
477	-0.995117	0.997559
478	-1.000000	1.000000
479	-1.000000	1.000000
480	-1.000000	1.000000
481	-1.000000	1.000000
482	-0.998047	0.999023
483	-0.999023	0.999512
484	-0.999023	0.999512
485	-1.000000	1.000000
486	-0.997070	0.998535
487	-0.999023	0.999512
488	-1.000000	1.000000
489	-0.999023	0.999512
490	-0.997559	0.998535
491	-1.000000	1.000000
492	-0.998047	0.999023
493	-1.000000	1.000000
494	-0.999023	0.999512
495	-0.998047	0.999023
496	-0.999023	0.999512
497	-0.999023	0.999512
498	-0.999023	0.999512
499	-0.999023	0.999512
500	-0.999023	0.999512
501	-0.995605	0.997559
502	-0.999023	0.999512
503	-0.999023	0.999512
504	-1.000000	1.000000
505	-1.000000	1.000000
506	-0.999023	0.999512
507	-1.000000	1.000000
508	-0.999023	0.999512
509	-0.998047	0.999023
510	-0.997070	0.998535
511	-0.998047	0.999023
512	-0.997559	0.998535
513	-0.999023	0.999512
514	-0.999023	0.999512
515	-0.997559	0.998535
516	-0.998047	0.999023
517	-0.998047	0.999023
518	-1.000000	1.000000
519	-1.000000	1.000000
520	-0.999023	0.999512
521	-0.996094	0.997559
522	-0.997070	0.998047
523	-1.000000	1.000000
524	-1.000000	1.000000
525	-1.000000	1.000000
526	-0.998047	0.999023
527	-1.000000	1.000000
528	-0.999023	0.999512
529	-1.000000	1.000000
530	-1.000000	1.000000
531	-0.998047	0.999023
532	-1.000000	1.000000
533	-1.000000	1.000000
534	-0.999023	0.999512
535	-1.000000	1.000000
536	-1.000000	1.000000
537	-1.000000	1.000000
538	-0.998047	0.999023
539	-0.998047	0.999023
540	-1.000000	1.000000
541	-0.998047	0.999023
542	-0.997559	0.998535
543	-0.998047	0.999023
544	-1.000000	1.000000
545	-1.000000	1.000000
546	-0.999023	0.999512
547	-0.999023	0.999512
548	-0.999023	0.999512
549	-0.998047	0.999023
550	-0.996582	0.997559
551	-0.999023	0.999512
552	-0.999023	0.999512
553	-1.000000	1.000000
554	-0.999023	0.999512
555	-0.998047	0.999023
556	-1.000000	1.000000
557	-1.000000	1.000000
558	-0.998047	0.999023
559	-0.999023	0.999512
560	-0.999023	0.999512
561	-0.998047	0.999023
562	-0.998047	0.999023
563	-1.000000	1.000000
564	-1.000000	1.000000
565	-0.999023	0.999512
566	-0.998047	0.999023
567	-0.998047	0.999023
568	-0.998047	0.999023
569	-0.997070	0.998535
570	-0.998047	0.999023
571	-1.000000	1.000000
572	-0.997070	0.998535
573	-0.996094	0.998047
574	-1.000000	1.000000
575	-0.999023	0.999512
576	-0.999023	0.999512
577	-0.995605	0.997559
578	-0.998047	0.999023
579	-0.998047	0.999023
580	-0.998047	0.999023
581	-0.994141	0.996582
582	-0.999023	0.999512
583	-1.000000	1.000000
584	-0.999023	0.999512
585	-1.000000	1.000000
586	-0.998047	0.999023
587	-0.996582	0.998047
588	-1.000000	1.000000
589	-1.000000	1.000000
590	-0.999023	0.999512
591	-0.999023	0.999512
592	-0.999023	0.999512
593	-0.998047	0.999023
594	-0.999023	0.999512
595	-0.999023	0.999512
596	-1.000000	1.000000
597	-1.000000	1.000000
598	-0.999023	0.999512
599	-0.998047	0.999023
600	-1.000000	1.000000
601	-0.998047	0.999023
602	-0.999023	0.999512
603	-0.997070	0.998535
604	-0.999023	0.999512
605	-1.000000	1.000000
606	-0.999023	0.999512
607	-0.997070	0.998535
608	-0.998047	0.999023
609	-0.995117	0.997559
610	-1.000000	1.000000
611	-0.998047	0.998535
612	-0.999023	0.999512
613	-1.000000	1.000000
614	-1.000000	1.000000
615	-0.997070	0.998535
616	-0.999023	0.999512
617	-1.000000	1.000000
618	-0.998047	0.999023
619	-0.998047	0.999023
620	-0.999023	0.999512
621	-0.999023	0.999512
622	-0.997070	0.998535
623	-0.998047	0.999023
624	-0.999023	0.999512
625	-0.998047	0.999023
626	-0.999023	0.999512
627	-0.999023	0.999512
628	-0.997070	0.998535
629	-0.999023	0.999512
630	-0.999023	0.999512
631	-0.999023	0.999512
632	-0.999023	0.999512
633	-0.998047	0.999023
634	-0.998047	0.999023
635	-0.998047	0.999023
636	-0.996582	0.998047
637	-0.998047	0.999023
638	-0.999023	0.999512
639	-0.998047	0.999023
640	-0.999023	0.999512
641	-0.998047	0.999023
642	-0.996094	0.998047
643	-0.999023	0.999512
644	-0.998047	0.999023
645	-0.999023	0.999512
646	-0.996094	0.998047
647	-0.999023	0.999512
648	-0.998047	0.999023
649	-0.996094	0.998047
650	-1.000000	1.000000
651	-1.000000	1.000000
652	-1.000000	1.000000
653	-1.000000	1.000000
654	-0.999023	0.999512
655	-0.998047	0.999023
656	-0.999023	0.999512
657	-0.999023	0.999512
658	-0.999023	0.999512
659	-0.999023	0.999512
660	-0.998047	0.999023
661	-0.998047	0.999023
662	-0.999023	0.999512
663	-0.999023	0.999512
664	-1.000000	1.000000
665	-0.999023	0.999512
666	-0.999023	0.999512
667	-0.997070	0.998535
668	-1.000000	1.000000
669	-0.998047	0.999023
670	-0.998047	0.999023
671	-0.999023	0.999512
672	-0.998047	0.999023
673	-1.000000	1.000000
674	-1.000000	1.000000
675	-0.999023	0.999512
676	-0.998047	0.999023
677	-1.000000	1.000000
678	-0.997070	0.998535
679	-0.999023	0.999512
680	-0.998047	0.999023
681	-0.999023	0.999512
682	-1.000000	1.000000
683	-0.994629	0.996582
684	-0.998047	0.999023
685	-0.998047	0.999023
686	-1.000000	1.000000
687	-1.000000	1.000000
688	-0.999023	0.999512
689	-0.999023	0.999512
690	-1.000000	1.000000
691	-0.999023	0.999512
692	-0.999023	0.999512
693	-1.000000	1.000000
694	-1.000000	1.000000
695	-0.997070	0.998535
696	-0.998047	0.999023
697	-0.998047	0.999023
698	-0.999023	0.999512
699	-0.997559	0.998535
700	-0.998047	0.999023
701	-0.999023	0.999512
702	-0.996094	0.998047
703	-0.999023	0.999512
704	-0.999023	0.999512
705	-0.998047	0.999023
706	-1.000000	1.000000
707	-1.000000	1.000000
708	-0.995605	0.997559
709	-0.999023	0.999512
710	-1.000000	1.000000
711	-0.996094	0.998047
712	-1.000000	1.000000
713	-0.997070	0.998047
714	-0.997070	0.998535
715	-0.996094	0.998047
716	-0.996094	0.998047
717	-0.999023	0.999512
718	-0.998047	0.999023
719	-0.997070	0.998535
720	-0.999023	0.999512
721	-0.995117	0.997559
722	-0.999023	0.999512
723	-0.997070	0.998535
724	-0.998047	0.999023
725	-0.997070	0.998535
726	-0.999023	0.999512
727	-1.000000	1.000000
728	-0.998047	0.999023
729	-0.999023	0.999512
730	-0.999023	0.999512
731	-0.999023	0.999512
732	-0.999023	0.999512
733	-1.000000	1.000000
734	-0.998047	0.999023
735	-0.997070	0.998535
736	-1.000000	1.000000
737	-0.996094	0.998047
738	-0.997070	0.998535
739	-0.997070	0.998535
740	-1.000000	1.000000
741	-0.999023	0.999512
742	-0.995117	0.997559
743	-0.999023	0.999512
744	-0.998047	0.999023
745	-1.000000	1.000000
746	-0.998047	0.999023
747	-0.999023	0.999512
748	-0.999023	0.999512
749	-1.000000	1.000000
750	-0.999023	0.999512
751	-1.000000	1.000000
752	-0.999023	0.999512
753	-1.000000	1.000000
754	-1.000000	1.000000
755	-0.999023	0.999512
756	-1.000000	1.000000
757	-0.997070	0.998535
758	-0.996094	0.998047
759	-1.000000	1.000000
760	-0.996094	0.998047
761	-1.000000	1.000000
762	-1.000000	1.000000
763	-0.996094	0.996582
764	-0.998535	0.999023
765	-0.998047	0.999023
766	-0.998047	0.999023
767	-0.999023	0.999512
768	-1.000000	1.000000
769	-1.000000	1.000000
770	-1.000000	1.000000
771	-0.998047	0.999023
772	-0.999023	0.999512
773	-0.999023	0.999512
774	-0.999023	0.999512
775	-0.997070	0.998535
776	-0.998047	0.999023
777	-0.998047	0.999023
778	-0.998047	0.999023
779	-0.998047	0.999023
780	-0.994141	0.997070
781	-0.999023	0.999512
782	-0.997070	0.998535
783	-0.995605	0.997559
784	-0.998047	0.999023
785	-0.999023	0.999512
786	-1.000000	1.000000
787	-0.999023	0.999512
788	-1.000000	1.000000
789	-0.998047	0.999023
790	-0.998047	0.999023
791	-0.997070	0.998535
792	-0.997559	0.998535
793	-0.998047	0.999023
794	-0.999023	0.999512
795	-0.998047	0.999023
796	-0.999023	0.999512
797	-0.996094	0.997070
798	-0.996094	0.997070
799	-0.997070	0.998535
800	-0.999023	0.999512
801	-0.997070	0.998535
802	-1.000000	1.000000
803	-0.998047	0.999023
804	-0.995117	0.997070
805	-0.999023	0.999512
806	-0.997070	0.998535
807	-0.997070	0.998535
808	-0.998047	0.999023
809	-1.000000	1.000000
810	-0.999023	0.999512
811	-1.000000	1.000000
812	-0.998047	0.999023
813	-0.997559	0.998535
814	-1.000000	1.000000
815	-0.998047	0.999023
816	-0.997070	0.998535
817	-0.999023	0.999512
818	-1.000000	1.000000
819	-0.999023	0.999512
820	-0.998047	0.999023
821	-0.997070	0.998535
822	-1.000000	1.000000
823	-0.997070	0.998535
824	-0.998047	0.999023
825	-0.999023	0.999512
826	-0.999023	0.999512
827	-0.997070	0.998535
828	-0.999023	0.999512
829	-1.000000	1.000000
830	-0.999023	0.999512
831	-0.999023	0.999512
832	-0.999023	0.999512
833	-1.000000	1.000000
834	-0.998047	0.999023
835	-0.998535	0.999023
836	-0.999023	0.999512
837	-0.998047	0.999023
838	-0.998047	0.999023
839	-0.996582	0.997559
840	-0.999023	0.999512
841	-0.995605	0.997559
842	-0.999023	0.999512
843	-0.999023	0.999512
844	-1.000000	1.000000
845	-0.996094	0.998047
846	-0.997070	0.998535
847	-0.998047	0.999023
848	-0.999023	0.999512
849	-1.000000	1.000000
850	-0.999023	0.999512
851	-0.999023	0.999512
852	-0.999023	0.999512
853	-1.000000	1.000000
854	-0.998047	0.999023
855	-0.998047	0.999023
856	-0.997070	0.998535
857	-0.996094	0.998047
858	-0.998047	0.999023
859	-0.999023	0.999512
860	-0.998047	0.999023
861	-0.998047	0.999023
862	-1.000000	1.000000
863	-0.999023	0.999512
864	-1.000000	1.000000
865	-0.999023	0.999512
866	-0.999023	0.999512
867	-0.999023	0.999512
868	-0.998047	0.999023
869	-0.999023	0.999512
870	-0.998047	0.999023
871	-0.995117	0.997559
872	-1.000000	1.000000
873	-0.999023	0.999512
874	-0.998047	0.999023
875	-0.998047	0.999023
876	-0.998047	0.999023
877	-0.998047	0.999023
878	-1.000000	1.000000
879	-0.994141	0.997070
880	-0.999023	0.999512
881	-0.999023	0.999512
882	-0.998047	0.999023
883	-0.996094	0.998047
884	-0.999023	0.999512
885	-0.994141	0.997070
886	-1.000000	1.000000
887	-0.999023	0.999512
888	-0.999023	0.999512
889	-0.997070	0.998535
890	-0.999023	0.999512
891	-0.999023	0.999512
892	-1.000000	1.000000
893	-0.999023	0.999512
894	-0.998047	0.999023
895	-0.993164	0.995605
896	-0.999023	0.999512
897	-0.999023	0.999512
898	-1.000000	1.000000
899	-0.999023	0.999512
900	-0.997070	0.998535
901	-0.998047	0.999023
902	-0.998047	0.999023
903	-1.000000	1.000000
904	-1.000000	1.000000
905	-0.998047	0.999023
906	-1.000000	1.000000
907	-0.999023	0.999512
908	-0.999023	0.999512
909	-0.998047	0.999023
910	-0.998047	0.999023
911	-1.000000	1.000000
912	-1.000000	1.000000
913	-0.998047	0.999023
914	-0.998047	0.999023
915	-0.997070	0.998535
916	-0.999023	0.999512
917	-1.000000	1.000000
918	-0.999023	0.999512
919	-0.998047	0.998535
920	-0.996094	0.997559
921	-0.997070	0.998535
922	-0.998047	0.999023
923	-0.999023	0.999512
924	-1.000000	1.000000
925	-0.996582	0.998047
926	-0.999023	0.999512
927	-0.999023	0.999512
928	-0.998047	0.999023
929	-0.998047	0.999023
930	-0.997559	0.998535
931	-0.997070	0.998535
932	-0.994629	0.997070
933	-0.999023	0.999512
934	-0.999023	0.999512
935	-0.999023	0.999512
936	-1.000000	1.000000
937	-1.000000	1.000000
938	-0.997070	0.998535
939	-1.000000	1.000000
940	-1.000000	1.000000
941	-0.998047	0.999023
942	-0.997559	0.998535
943	-0.999023	0.999512
944	-0.999023	0.999512
945	-1.000000	1.000000
946	-0.998047	0.999023
947	-0.998047	0.999023
948	-1.000000	1.000000
949	-1.000000	1.000000
950	-0.999023	0.999512
951	-0.998047	0.999023
952	-1.000000	1.000000
953	-1.000000	1.000000
954	-1.000000	1.000000
955	-0.999023	0.999512
956	-1.000000	1.000000
957	-0.999023	0.999512
958	-0.998047	0.999023
959	-0.999023	0.999512
960	-0.998047	0.999023
961	-0.999023	0.999512
962	-0.999023	0.999512
963	-0.999023	0.999512
964	-1.000000	1.000000
965	-0.995605	0.996582
966	-0.997559	0.998535
967	-0.999023	0.999512
968	-0.997559	0.998535
969	-0.998047	0.999023
970	-0.999023	0.999512
971	-0.999023	0.999512
972	-1.000000	1.000000
973	-0.997070	0.998535
974	-0.995605	0.997559
975	-0.999023	0.999512
976	-0.996094	0.998047
977	-0.999023	0.999512
978	-0.998047	0.999023
979	-0.996094	0.998047
980	-0.996094	0.998047
981	-0.997070	0.998535
982	-0.999023	0.999512
983	-0.997559	0.998535
984	-0.998047	0.999023
985	-1.000000	1.000000
986	-0.997070	0.998535
987	-0.999023	0.999512
988	-1.000000	1.000000
989	-0.997070	0.998535
990	-0.998535	0.999023
991	-1.000000	1.000000
992	-0.996094	0.998047
993	-0.998047	0.999023
994	-0.999023	0.999512
995	-0.998047	0.999023
996	-0.998047	0.999023
997	-0.998047	0.999023
998	-0.998047	0.999023
999	-1.000000	1.000000
