0	0.125000	0.000000
1	0.000000	0.125000
2	-0.250000	0.250000
3	-0.125000	0.125000
4	-0.375000	0.375000
5	-0.125000	0.000000
6	-0.375000	0.375000
7	-0.375000	0.375000
8	-0.625000	0.750000
9	-0.125000	0.250000
10	-0.500000	0.750000
11	-0.625000	0.750000
12	-0.375000	0.375000
13	-1.000000	1.000000
14	-0.750000	0.875000
15	-0.250000	0.375000
16	-1.000000	1.000000
17	-0.750000	0.875000
18	-0.500000	0.625000
19	-0.250000	0.125000
20	-0.750000	0.875000
21	0.000000	0.125000
22	0.000000	0.125000
23	-0.500000	0.750000
24	-0.625000	0.750000
25	-0.500000	0.750000
26	-0.250000	0.625000
27	-0.250000	0.375000
28	-0.375000	0.625000
29	-0.250000	0.125000
30	-0.375000	0.625000
31	-0.375000	0.625000
32	-0.375000	0.500000
33	-0.250000	0.000000
34	-0.250000	0.500000
35	-1.000000	1.000000
36	-0.375000	0.625000
37	-0.250000	0.125000
38	-0.375000	0.500000
39	-1.000000	1.000000
40	-1.000000	1.000000
41	-0.500000	0.625000
42	-0.250000	0.250000
43	0.250000	0.125000
44	-0.125000	0.250000
45	-0.750000	0.875000
46	-0.625000	0.750000
47	-1.000000	1.000000
48	-0.500000	0.625000
49	-0.125000	0.125000
50	-0.500000	0.750000
51	-1.000000	1.000000
52	-0.250000	0.125000
53	-0.375000	0.375000
54	-0.375000	0.500000
55	-0.375000	0.375000
56	-0.500000	0.750000
57	-0.125000	0.000000
58	-1.000000	1.000000
59	-0.750000	0.875000
60	-0.375000	0.375000
61	-0.500000	0.625000
62	-0.375000	0.500000
63	-0.375000	0.375000
64	-0.375000	0.500000
65	0.000000	0.125000
66	0.000000	0.250000
67	-0.375000	0.625000
68	-1.000000	1.000000
69	-0.500000	0.625000
70	-0.500000	0.625000
71	-0.500000	0.500000
72	-1.000000	1.000000
73	-0.750000	0.875000
74	-0.250000	0.000000
75	-0.500000	0.625000
76	-0.250000	0.250000
77	-0.250000	0.125000
78	-0.750000	0.875000
79	-0.625000	0.750000
80	-0.625000	0.750000
81	0.000000	0.250000
82	-0.500000	0.625000
83	-1.000000	1.000000
84	-0.750000	0.875000
85	-0.375000	0.625000
86	-0.125000	0.125000
87	-0.375000	0.625000
88	0.000000	0.250000
89	-0.250000	0.250000
90	-0.250000	0.375000
91	0.000000	0.250000
92	-0.500000	0.750000
93	-0.250000	0.250000
94	-0.125000	0.125000
95	-0.750000	0.875000
96	-0.750000	0.875000
97	-1.000000	1.000000
98	-0.625000	0.750000
99	-0.125000	0.250000
100	0.000000	0.375000
101	-0.500000	0.625000
102	-0.375000	0.250000
103	-0.375000	0.625000
104	-0.125000	0.125000
105	-0.250000	0.250000
106	-1.000000	1.000000
107	-0.250000	0.000000
108	-0.250000	0.375000
109	-0.125000	0.125000
110	-0.250000	0.500000
111	-0.250000	0.250000
112	-0.625000	0.750000
113	-1.000000	1.000000
114	-0.750000	0.875000
115	-0.750000	0.875000
116	-0.375000	0.250000
117	-0.375000	0.250000
118	-0.375000	0.125000
119	-0.750000	0.875000
120	-0.125000	0.000000
121	-0.625000	0.750000
122	-0.375000	0.250000
123	-0.375000	0.625000
124	-0.500000	0.625000
125	-0.375000	0.625000
126	-1.000000	1.000000
127	-0.250000	0.125000
128	-0.125000	0.375000
129	0.000000	0.250000
130	-0.375000	0.375000
131	-0.375000	0.375000
132	-1.000000	1.000000
133	-1.000000	1.000000
134	-0.375000	0.375000
135	-0.625000	0.750000
136	-0.250000	0.000000
137	-0.250000	0.250000
138	-0.250000	0.250000
139	-0.250000	0.250000
140	-0.500000	0.750000
141	0.000000	0.250000
142	-0.250000	0.125000
143	-0.250000	0.500000
144	-0.500000	0.625000
145	-0.625000	0.750000
146	-0.250000	0.250000
147	-0.250000	0.125000
148	-0.250000	0.500000
149	-0.250000	0.125000
150	-0.500000	0.625000
151	-0.375000	0.125000
152	-0.375000	0.500000
153	-0.750000	0.875000
154	-0.750000	0.875000
155	-0.750000	0.875000
156	-0.250000	0.375000
157	-0.375000	0.625000
158	-0.375000	0.625000
159	-0.375000	0.375000
160	-1.000000	1.000000
161	-0.250000	0.125000
162	-0.250000	0.125000
163	-0.250000	0.000000
164	0.000000	0.250000
165	-0.125000	0.375000
166	0.000000	0.250000
167	0.000000	0.375000
168	-0.250000	0.125000
169	-0.750000	0.875000
170	-0.500000	0.625000
171	0.000000	0.125000
172	-0.500000	0.625000
173	-0.750000	0.875000
174	-0.500000	0.750000
175	-0.500000	0.750000
176	-0.375000	0.500000
177	-0.375000	0.250000
178	-0.250000	0.000000
179	-0.250000	0.500000
180	-0.375000	0.500000
181	-0.500000	0.750000
182	-0.250000	0.250000
183	-0.125000	0.000000
184	-0.125000	0.250000
185	-0.125000	0.125000
186	-0.625000	0.750000
187	-1.000000	1.000000
188	-0.375000	0.500000
189	-0.125000	0.250000
190	0.000000	0.125000
191	0.000000	0.000000
192	0.000000	0.125000
193	-0.125000	0.375000
194	-0.500000	0.750000
195	-0.250000	0.500000
196	-0.125000	0.250000
197	-0.375000	0.375000
198	-0.125000	0.000000
199	-0.375000	0.250000
200	-0.625000	0.750000
201	-1.000000	1.000000
202	-0.750000	0.875000
203	-0.500000	0.750000
204	-0.250000	0.375000
205	-1.000000	1.000000
206	-0.500000	0.625000
207	-0.500000	0.750000
208	-0.750000	0.875000
209	-0.125000	0.250000
210	-0.500000	0.750000
211	-0.375000	0.625000
212	-1.000000	1.000000
213	-1.000000	1.000000
214	-1.000000	1.000000
215	-0.625000	0.750000
216	-0.750000	0.875000
217	-1.000000	1.000000
218	-1.000000	1.000000
219	-1.000000	1.000000
220	-0.375000	0.625000
221	-0.250000	0.500000
222	0.125000	0.000000
223	-0.125000	0.375000
224	-0.500000	0.750000
225	-1.000000	1.000000
226	-0.375000	0.250000
227	-0.625000	0.750000
228	-0.625000	0.750000
229	-0.375000	0.250000
230	-0.375000	0.375000
231	-0.250000	0.125000
232	-0.375000	0.250000
233	-0.125000	0.375000
234	-0.500000	0.625000
235	-0.500000	0.625000
236	-0.375000	0.500000
237	-0.500000	0.750000
238	-0.500000	0.750000
239	-0.125000	0.125000
240	-0.125000	0.375000
241	-0.750000	0.875000
242	-0.625000	0.750000
243	-0.250000	0.000000
244	-0.375000	0.375000
245	-0.750000	0.875000
246	-0.625000	0.750000
247	-0.125000	0.000000
248	-0.500000	0.625000
249	-0.125000	0.250000
250	-0.125000	0.375000
251	-0.125000	0.000000
252	-0.500000	0.625000
253	-0.500000	0.750000
254	-0.375000	0.125000
255	-0.375000	0.500000
256	-0.250000	0.250000
257	-0.125000	0.250000
258	-0.500000	0.750000
259	-1.000000	1.000000
260	-0.250000	0.375000
261	-0.125000	0.500000
262	-0.125000	0.250000
263	-0.625000	0.750000
264	-0.500000	0.625000
265	-0.500000	0.750000
266	-0.250000	0.125000
267	-0.375000	0.375000
268	-0.250000	0.250000
269	-0.125000	0.375000
270	-0.375000	0.375000
271	-0.375000	0.625000
272	-0.250000	0.250000
273	-0.125000	0.250000
274	-0.250000	0.250000
275	-0.125000	0.375000
276	0.000000	0.000000
277	0.000000	0.250000
278	-0.625000	0.750000
279	-0.625000	0.750000
280	-0.375000	0.125000
281	-0.750000	0.875000
282	-0.750000	0.875000
283	-1.000000	1.000000
284	-0.625000	0.750000
285	-0.250000	0.375000
286	-0.250000	0.250000
287	-0.500000	0.625000
288	-0.750000	0.875000
289	-0.375000	0.625000
290	-0.125000	0.500000
291	0.000000	0.250000
292	-0.375000	0.500000
293	-0.375000	0.375000
294	-0.250000	0.375000
295	-0.250000	0.375000
296	-0.125000	0.500000
297	0.000000	0.250000
298	-0.375000	0.500000
299	0.000000	0.250000
300	0.125000	0.250000
301	-0.250000	0.250000
302	-0.625000	0.750000
303	-0.125000	0.125000
304	-0.750000	0.875000
305	-0.375000	0.625000
306	-0.125000	0.250000
307	0.125000	0.250000
308	0.000000	0.000000
309	-0.500000	0.625000
310	-0.750000	0.875000
311	-0.625000	0.750000
312	-0.250000	0.500000
313	-0.375000	0.125000
314	-0.250000	0.250000
315	-0.500000	0.625000
316	-0.750000	0.875000
317	-0.625000	0.750000
318	-0.375000	0.250000
319	-0.500000	0.500000
320	-0.625000	0.750000
321	-1.000000	1.000000
322	-0.375000	0.375000
323	-0.375000	0.625000
324	-0.125000	0.500000
325	-0.250000	0.500000
326	-0.250000	0.125000
327	-0.750000	0.875000
328	-0.250000	0.125000
329	-0.125000	0.125000
330	-0.125000	0.125000
331	0.000000	0.125000
332	-0.625000	0.750000
333	-0.375000	0.250000
334	-0.250000	0.000000
335	-0.250000	0.125000
336	-0.375000	0.500000
337	-0.375000	0.500000
338	-0.250000	0.375000
339	-0.750000	0.875000
340	-0.500000	0.500000
341	-0.375000	0.375000
342	-0.125000	0.250000
343	-0.625000	0.750000
344	-1.000000	1.000000
345	-0.750000	0.875000
346	-0.500000	0.500000
347	-0.500000	0.625000
348	-0.500000	0.750000
349	0.125000	0.000000
350	-0.375000	0.625000
351	-1.000000	1.000000
352	-0.375000	0.625000
353	-0.625000	0.750000
354	-0.375000	0.500000
355	-0.500000	0.625000
356	-0.250000	0.250000
357	-0.375000	0.375000
358	-0.375000	0.500000
359	-0.250000	0.500000
360	-0.500000	0.625000
361	-0.750000	0.875000
362	-0.500000	0.500000
363	-0.750000	0.875000
364	-0.625000	0.750000
365	-0.375000	0.375000
366	-0.750000	0.875000
367	-0.250000	0.375000
368	-0.500000	0.625000
369	0.000000	0.250000
370	-0.500000	0.625000
371	0.000000	0.125000
372	-0.125000	0.250000
373	0.125000	0.125000
374	-0.125000	0.375000
375	-0.750000	0.875000
376	-0.375000	0.625000
377	-0.625000	0.750000
378	-0.500000	0.750000
379	-0.250000	0.250000
380	-0.500000	0.625000
381	-1.000000	1.000000
382	-1.000000	1.000000
383	-1.000000	1.000000
384	-0.750000	0.875000
385	-0.500000	0.625000
386	-0.250000	0.625000
387	-0.250000	0.125000
388	-0.375000	0.625000
389	-0.250000	0.375000
390	-0.500000	0.625000
391	-0.375000	0.375000
392	-0.375000	0.375000
393	-0.250000	0.250000
394	-0.500000	0.500000
395	-0.250000	0.125000
396	-0.500000	0.625000
397	-0.500000	0.750000
398	-0.250000	0.250000
399	-0.750000	0.875000
400	-0.750000	0.875000
401	-0.125000	0.125000
402	-0.250000	0.500000
403	-0.250000	0.500000
404	-0.750000	0.875000
405	-0.625000	0.750000
406	-0.625000	0.750000
407	-0.125000	0.250000
408	-0.375000	0.375000
409	-0.375000	0.625000
410	-0.125000	0.250000
411	0.000000	0.125000
412	-0.375000	0.375000
413	-0.375000	0.125000
414	-0.125000	0.250000
415	-0.500000	0.750000
416	-0.500000	0.750000
417	-0.500000	0.750000
418	-0.125000	0.250000
419	-0.125000	0.375000
420	-0.500000	0.625000
421	-0.375000	0.375000
422	-1.000000	1.000000
423	-0.375000	0.375000
424	-0.250000	0.250000
425	-0.125000	0.500000
426	-0.750000	0.875000
427	-0.750000	0.875000
428	-0.625000	0.750000
429	-0.500000	0.500000
430	-0.500000	0.625000
431	-0.750000	0.875000
432	-0.125000	0.375000
433	-0.500000	0.625000
434	-0.750000	0.875000
435	-0.250000	0.500000
436	-0.250000	0.500000
437	-0.250000	0.625000
438	-0.125000	0.250000
439	-0.625000	0.750000
440	-1.000000	1.000000
441	-0.750000	0.875000
442	-0.500000	0.750000
443	-0.750000	0.875000
444	-0.625000	0.750000
445	-0.375000	0.125000
446	-0.500000	0.500000
447	-0.500000	0.625000
448	-1.000000	1.000000
449	-1.000000	1.000000
450	-1.000000	1.000000
451	-0.625000	0.750000
452	-0.750000	0.875000
453	-0.750000	0.875000
454	-0.500000	0.625000
455	-0.625000	0.750000
456	-0.250000	0.000000
457	-0.375000	0.500000
458	-0.500000	0.750000
459	-1.000000	1.000000
460	-0.500000	0.750000
461	-0.250000	0.500000
462	-0.250000	0.125000
463	-0.375000	0.625000
464	-0.250000	0.125000
465	-0.125000	0.125000
466	-0.500000	0.625000
467	-0.125000	0.125000
468	-0.250000	0.125000
469	-0.375000	0.125000
470	-0.250000	0.375000
471	-0.375000	0.500000
472	-0.375000	0.125000
473	-0.375000	0.625000
474	-0.250000	0.375000
475	-0.375000	0.375000
476	-1.000000	1.000000
477	-0.375000	0.125000
478	-0.250000	0.250000
479	-0.750000	0.875000
480	-0.250000	0.125000
481	-0.250000	0.500000
482	-0.125000	0.250000
483	-0.375000	0.625000
484	-0.250000	0.250000
485	-0.250000	0.500000
486	-0.625000	0.750000
487	-0.250000	0.250000
488	-0.625000	0.750000
489	-0.375000	0.625000
490	-0.250000	0.375000
491	-0.750000	0.875000
492	-0.625000	0.750000
493	-0.625000	0.750000
494	-0.250000	0.375000
495	-0.250000	0.000000
496	-0.375000	0.375000
497	-0.625000	0.750000
498	-0.625000	0.750000
499	-1.000000	1.000000
500	-1.000000	1.000000
501	-0.500000	0.625000
502	-0.250000	0.250000
503	-0.125000	0.500000
504	-0.500000	0.750000
505	-1.000000	1.000000
506	-1.000000	1.000000
507	-0.375000	0.375000
508	-0.250000	0.125000
509	-0.500000	0.625000
510	-0.250000	0.000000
511	-0.375000	0.375000
512	-0.250000	0.000000
513	-0.375000	0.250000
514	-0.500000	0.625000
515	-0.250000	0.375000
516	-0.625000	0.750000
517	-0.250000	0.125000
518	-0.625000	0.750000
519	-0.250000	0.250000
520	-0.750000	0.875000
521	-1.000000	1.000000
522	-0.250000	0.375000
523	-0.750000	0.875000
524	-0.250000	0.000000
525	-0.375000	0.500000
526	-0.625000	0.750000
527	-0.750000	0.875000
528	-0.500000	0.750000
529	-0.500000	0.750000
530	0.000000	0.250000
531	-0.250000	0.375000
532	0.000000	0.125000
533	-0.375000	0.250000
534	-0.625000	0.750000
535	-0.250000	0.375000
536	-0.250000	0.250000
537	-0.250000	0.500000
538	-0.375000	0.625000
539	0.000000	0.250000
540	-0.250000	0.375000
541	-0.750000	0.875000
542	-0.375000	0.500000
543	-0.500000	0.750000
544	-0.500000	0.750000
545	-0.125000	0.125000
546	-0.375000	0.375000
547	-0.250000	0.000000
548	-0.750000	0.875000
549	-1.000000	1.000000
550	-0.500000	0.625000
551	-0.250000	0.500000
552	-0.125000	0.125000
553	-0.250000	0.000000
554	-0.125000	0.125000
555	-0.125000	0.250000
556	-0.250000	0.125000
557	-0.125000	0.125000
558	-0.125000	0.375000
559	-0.125000	0.250000
560	-0.250000	0.125000
561	-0.375000	0.250000
562	-0.125000	0.250000
563	-0.375000	0.125000
564	-0.250000	0.250000
565	-0.375000	0.625000
566	-0.375000	0.625000
567	-0.125000	0.375000
568	-0.375000	0.500000
569	-0.250000	0.500000
570	-0.125000	0.375000
571	-0.125000	0.125000
572	0.125000	0.125000
573	-0.250000	0.375000
574	-0.500000	0.750000
575	-0.750000	0.875000
576	-0.500000	0.750000
577	-0.125000	0.375000
578	-0.500000	0.750000
579	-0.125000	0.125000
580	-0.250000	0.500000
581	-0.375000	0.125000
582	-0.250000	0.500000
583	-0.375000	0.625000
584	-0.125000	0.125000
585	-0.125000	0.375000
586	-0.250000	0.125000
587	-0.125000	0.250000
588	-0.375000	0.375000
589	-0.750000	0.875000
590	0.000000	0.000000
591	0.000000	0.125000
592	-0.500000	0.750000
593	-1.000000	1.000000
594	-0.750000	0.875000
595	-0.250000	0.375000
596	-0.125000	0.250000
597	-0.125000	0.125000
598	-0.500000	0.625000
599	-0.500000	0.750000
600	0.125000	0.000000
601	0.000000	0.250000
602	0.125000	0.000000
603	-0.125000	0.125000
604	-0.375000	0.625000
605	-0.375000	0.625000
606	-0.375000	0.375000
607	-0.250000	0.250000
608	-0.375000	0.500000
609	-0.125000	0.375000
610	-0.375000	0.625000
611	-0.375000	0.500000
612	-1.000000	1.000000
613	-0.375000	0.250000
614	-0.750000	0.875000
615	-0.625000	0.750000
616	-0.250000	0.125000
617	-0.125000	0.250000
618	-0.375000	0.625000
619	-0.125000	0.250000
620	-0.250000	0.250000
621	0.000000	0.250000
622	-0.250000	0.125000
623	-0.750000	0.875000
624	-0.750000	0.875000
625	-0.750000	0.875000
626	-1.000000	1.000000
627	-0.375000	0.250000
628	-0.625000	0.750000
629	-0.250000	0.125000
630	-0.250000	0.250000
631	-0.500000	0.625000
632	-0.125000	0.250000
633	-1.000000	1.000000
634	-0.375000	0.250000
635	-0.125000	0.375000
636	-0.375000	0.625000
637	-0.625000	0.750000
638	-0.250000	0.375000
639	0.000000	0.250000
640	-0.250000	0.250000
641	-0.750000	0.875000
642	-0.625000	0.750000
643	-0.375000	0.625000
644	-0.250000	0.125000
645	-0.625000	0.750000
646	-0.125000	0.250000
647	-0.125000	0.125000
648	-0.250000	0.625000
649	-0.625000	0.750000
650	-0.250000	0.375000
651	-0.375000	0.500000
652	-0.500000	0.750000
653	-0.250000	0.375000
654	0.125000	0.125000
655	-0.125000	0.125000
656	-0.125000	0.375000
657	-0.375000	0.625000
658	-0.750000	0.875000
659	-0.625000	0.750000
660	-0.500000	0.750000
661	-0.375000	0.500000
662	-0.375000	0.500000
663	-1.000000	1.000000
664	-1.000000	1.000000
665	-0.375000	0.250000
666	-0.375000	0.250000
667	-0.750000	0.875000
668	-0.625000	0.750000
669	-0.500000	0.625000
670	-0.375000	0.625000
671	-0.375000	0.500000
672	-0.625000	0.750000
673	-0.500000	0.625000
674	-0.375000	0.500000
675	-0.375000	0.375000
676	-0.375000	0.125000
677	-0.250000	0.375000
678	-0.500000	0.750000
679	-1.000000	1.000000
680	-1.000000	1.000000
681	-0.625000	0.750000
682	-0.250000	0.125000
683	-0.250000	0.000000
684	-0.375000	0.625000
685	-0.625000	0.750000
686	-1.000000	1.000000
687	-0.375000	0.625000
688	-0.625000	0.750000
689	-0.750000	0.875000
690	-0.375000	0.500000
691	-0.125000	0.250000
692	-0.125000	0.250000
693	-0.125000	0.375000
694	-0.500000	0.750000
695	-0.750000	0.875000
696	-1.000000	1.000000
697	-0.750000	0.875000
698	-1.000000	1.000000
699	-0.125000	0.000000
700	-0.750000	0.875000
701	-1.000000	1.000000
702	-0.250000	0.375000
703	0.000000	0.125000
704	-0.125000	0.125000
705	-0.500000	0.625000
706	-0.250000	0.250000
707	-0.750000	0.875000
708	-0.750000	0.875000
709	-0.500000	0.625000
710	-0.250000	0.125000
711	-0.250000	0.250000
712	-0.125000	0.000000
713	-0.250000	0.500000
714	-0.500000	0.625000
715	-0.250000	0.250000
716	-0.375000	0.125000
717	-1.000000	1.000000
718	-0.750000	0.875000
719	-0.125000	0.125000
720	-0.250000	0.375000
721	-0.625000	0.750000
722	-0.250000	0.000000
723	-0.750000	0.875000
724	-0.250000	0.500000
725	-0.125000	0.250000
726	-0.375000	0.375000
727	-0.750000	0.875000
728	-0.375000	0.125000
729	-1.000000	1.000000
730	-0.500000	0.750000
731	-0.375000	0.500000
732	-0.750000	0.875000
733	-0.750000	0.875000
734	-0.250000	0.250000
735	-0.250000	0.500000
736	-0.500000	0.625000
737	-0.125000	0.125000
738	-0.375000	0.250000
739	-0.500000	0.500000
740	-0.125000	0.250000
741	0.125000	0.125000
742	-0.750000	0.875000
743	-1.000000	1.000000
744	-0.250000	0.250000
745	-0.125000	0.250000
746	-0.375000	0.250000
747	-0.375000	0.125000
748	-0.250000	0.625000
749	0.000000	0.375000
750	-0.500000	0.750000
751	-0.375000	0.625000
752	-0.500000	0.500000
753	-1.000000	1.000000
754	-0.500000	0.625000
755	-0.500000	0.750000
756	-0.500000	0.500000
757	-0.375000	0.625000
758	-1.000000	1.000000
759	-0.750000	0.875000
760	-0.500000	0.750000
761	-0.750000	0.875000
762	-1.000000	1.000000
763	-1.000000	1.000000
764	-0.375000	0.375000
765	-0.625000	0.750000
766	-0.375000	0.500000
767	-0.250000	0.250000
768	-0.375000	0.500000
769	-0.375000	0.375000
770	-0.125000	0.250000
771	-0.250000	0.500000
772	-0.750000	0.875000
773	-0.625000	0.750000
774	-0.500000	0.500000
775	-0.750000	0.875000
776	-0.500000	0.625000
777	-0.375000	0.375000
778	-0.375000	0.375000
779	-0.250000	0.125000
780	-0.250000	0.375000
781	-0.375000	0.625000
782	-0.625000	0.750000
783	-0.625000	0.750000
784	-1.000000	1.000000
785	-0.500000	0.750000
786	-0.750000	0.875000
787	-0.500000	0.750000
788	-0.750000	0.875000
789	-0.500000	0.750000
790	0.000000	0.125000
791	-0.375000	0.625000
792	-0.750000	0.875000
793	-1.000000	1.000000
794	-1.000000	1.000000
795	-1.000000	1.000000
796	-0.500000	0.625000
797	-0.375000	0.375000
798	-0.250000	0.625000
799	-0.375000	0.250000
800	-0.125000	0.125000
801	-0.125000	0.125000
802	-0.500000	0.750000
803	-0.750000	0.875000
804	-0.375000	0.500000
805	-0.250000	0.125000
806	-0.125000	0.250000
807	-0.250000	0.125000
808	-0.375000	0.500000
809	-0.750000	0.875000
810	-0.500000	0.750000
811	-0.625000	0.750000
812	-0.375000	0.500000
813	-0.625000	0.750000
814	-0.750000	0.875000
815	-0.375000	0.500000
816	-1.000000	1.000000
817	-1.000000	1.000000
818	-1.000000	1.000000
819	-0.750000	0.875000
820	-0.125000	0.250000
821	-0.375000	0.375000
822	-0.250000	0.000000
823	-0.500000	0.625000
824	-0.125000	0.375000
825	-0.125000	0.125000
826	-0.250000	0.500000
827	0.125000	0.125000
828	-0.125000	0.250000
829	-0.375000	0.500000
830	-0.750000	0.875000
831	-0.500000	0.625000
832	-0.250000	0.500000
833	-0.750000	0.875000
834	-0.750000	0.875000
835	-0.500000	0.750000
836	0.125000	0.125000
837	-0.125000	0.500000
838	-0.750000	0.875000
839	-1.000000	1.000000
840	-0.750000	0.875000
841	-0.500000	0.750000
842	-1.000000	1.000000
843	-0.625000	0.750000
844	0.000000	0.125000
845	-0.750000	0.875000
846	-1.000000	1.000000
847	-0.250000	0.250000
848	0.000000	0.125000
849	-0.375000	0.125000
850	-0.625000	0.750000
851	-0.750000	0.875000
852	-0.250000	0.625000
853	-0.375000	0.500000
854	-0.750000	0.875000
855	-1.000000	1.000000
856	-0.250000	0.500000
857	-0.125000	0.250000
858	-0.375000	0.500000
859	-0.375000	0.375000
860	-0.500000	0.625000
861	-0.500000	0.625000
862	-0.250000	0.250000
863	-0.250000	0.375000
864	-0.750000	0.875000
865	-1.000000	1.000000
866	-1.000000	1.000000
867	-0.375000	0.125000
868	-0.125000	0.125000
869	-0.625000	0.750000
870	-0.250000	0.250000
871	-0.750000	0.875000
872	-0.625000	0.750000
873	-0.125000	0.375000
874	-0.500000	0.625000
875	-0.500000	0.750000
876	-0.500000	0.625000
877	-1.000000	1.000000
878	-0.375000	0.500000
879	-1.000000	1.000000
880	-1.000000	1.000000
881	-0.250000	0.000000
882	-0.250000	0.500000
883	-0.375000	0.625000
884	-1.000000	1.000000
885	-0.375000	0.625000
886	-0.250000	0.000000
887	-1.000000	1.000000
888	-0.375000	0.250000
889	-0.250000	0.500000
890	-0.250000	0.000000
891	-0.125000	0.375000
892	-0.250000	0.250000
893	-0.250000	0.250000
894	-0.500000	0.750000
895	-0.500000	0.500000
896	-0.375000	0.375000
897	0.000000	0.125000
898	-0.375000	0.625000
899	-0.750000	0.875000
900	-0.625000	0.750000
901	0.000000	0.000000
902	-0.500000	0.625000
903	0.000000	0.375000
904	-0.250000	0.625000
905	-0.125000	0.250000
906	-0.250000	0.375000
907	-0.250000	0.000000
908	-0.125000	0.000000
909	-0.250000	0.000000
910	-0.750000	0.875000
911	-0.500000	0.750000
912	-0.125000	0.125000
913	-0.375000	0.375000
914	-0.625000	0.750000
915	-0.250000	0.000000
916	-0.375000	0.625000
917	-0.500000	0.625000
918	0.000000	0.125000
919	-0.250000	0.375000
920	-0.375000	0.625000
921	-0.625000	0.750000
922	-1.000000	1.000000
923	-0.375000	0.500000
924	-0.125000	0.500000
925	0.000000	0.500000
926	0.000000	0.125000
927	-0.625000	0.750000
928	-0.750000	0.875000
929	-0.125000	0.125000
930	-0.500000	0.625000
931	-0.750000	0.875000
932	-0.500000	0.750000
933	-0.750000	0.875000
934	-0.375000	0.625000
935	-0.125000	0.250000
936	-0.125000	0.000000
937	0.000000	0.250000
938	0.000000	0.125000
939	-0.750000	0.875000
940	-0.375000	0.250000
941	-0.250000	0.125000
942	-0.500000	0.625000
943	-0.250000	0.250000
944	-0.250000	0.500000
945	0.000000	0.000000
946	-0.250000	0.000000
947	-0.250000	0.250000
948	-0.375000	0.375000
949	-0.500000	0.625000
950	-0.250000	0.250000
951	-0.125000	0.125000
952	-0.125000	0.125000
953	-0.375000	0.625000
954	-0.375000	0.500000
955	-0.625000	0.750000
956	-0.500000	0.625000
957	-0.250000	0.500000
958	-0.125000	0.250000
959	-0.250000	0.500000
960	-0.500000	0.625000
961	-0.250000	0.500000
962	-0.375000	0.125000
963	-0.750000	0.875000
964	-0.750000	0.875000
965	-0.750000	0.875000
966	-0.375000	0.375000
967	-0.375000	0.500000
968	-0.500000	0.625000
969	-0.250000	0.000000
970	-0.125000	0.500000
971	-0.500000	0.750000
972	-0.375000	0.500000
973	-0.125000	0.250000
974	-0.250000	0.375000
975	-0.500000	0.750000
976	-0.250000	0.500000
977	0.125000	0.250000
978	0.000000	0.125000
979	-0.125000	0.250000
980	-0.500000	0.625000
981	-0.500000	0.750000
982	-0.125000	0.000000
983	-0.500000	0.750000
984	-0.625000	0.750000
985	-0.625000	0.750000
986	-0.500000	0.750000
987	-0.125000	0.250000
988	-0.125000	0.125000
989	-0.250000	0.250000
990	-0.250000	0.500000
991	-0.125000	0.500000
992	-0.250000	0.375000
993	-0.125000	0.125000
994	0.000000	0.375000
995	0.000000	0.375000
996	-0.125000	0.375000
997	-0.125000	0.375000
998	-0.250000	0.375000
999	-0.250000	0.500000
