0	-0.001953	0.006226
1	-0.374634	0.018799
2	-0.602295	0.026611
3	-0.710693	0.016968
4	-0.768799	0.022339
5	-0.802124	0.030396
6	-0.831421	0.033813
7	-0.856445	0.029541
8	-0.866089	0.029175
9	-0.876587	0.033691
10	-0.891113	0.024414
11	-0.898560	0.013794
12	-0.906128	0.007935
13	-0.912598	0.025513
14	-0.916992	0.037842
15	-0.923340	0.055176
16	-0.924072	0.060547
17	-0.923706	0.081177
18	-0.928955	0.089966
19	-0.930908	0.103882
20	-0.932129	0.115601
21	-0.938110	0.135132
22	-0.938354	0.142334
23	-0.940186	0.152222
24	-0.940918	0.159058
25	-0.942749	0.160156
26	-0.942993	0.167480
27	-0.944702	0.170654
28	-0.944702	0.181641
29	-0.946899	0.198242
30	-0.947388	0.208618
31	-0.948120	0.225464
32	-0.948608	0.232910
33	-0.949219	0.245972
34	-0.949463	0.253906
35	-0.950073	0.262329
36	-0.951416	0.260376
37	-0.953613	0.264893
38	-0.955933	0.267090
39	-0.954102	0.265259
40	-0.956299	0.266724
41	-0.956421	0.264282
42	-0.954956	0.278931
43	-0.953735	0.289917
44	-0.957520	0.300415
45	-0.957642	0.312622
46	-0.960083	0.318848
47	-0.960449	0.327637
48	-0.962646	0.330444
49	-0.965454	0.332397
50	-0.964966	0.329346
51	-0.965820	0.327026
52	-0.966187	0.324707
53	-0.967163	0.327148
54	-0.968262	0.327393
55	-0.967529	0.321289
56	-0.966064	0.319702
57	-0.965332	0.318604
58	-0.965698	0.316650
59	-0.968140	0.319580
60	-0.967285	0.314453
61	-0.966553	0.319580
62	-0.964600	0.323486
63	-0.964233	0.321289
64	-0.965454	0.313232
65	-0.964722	0.304565
66	-0.963379	0.296509
67	-0.963135	0.292603
68	-0.966553	0.287598
69	-0.966919	0.285645
70	-0.964966	0.279785
71	-0.964355	0.275269
72	-0.966431	0.270630
73	-0.964111	0.268188
74	-0.966675	0.268555
75	-0.964722	0.261108
76	-0.967285	0.259521
77	-0.965454	0.265503
78	-0.968506	0.268433
79	-0.967529	0.268921
80	-0.966431	0.268921
81	-0.969238	0.270142
82	-0.967285	0.265747
83	-0.965820	0.263306
84	-0.968872	0.263428
85	-0.965820	0.260742
86	-0.966064	0.263794
87	-0.965576	0.253540
88	-0.966187	0.257568
89	-0.969238	0.260986
90	-0.968018	0.260376
91	-0.966797	0.258911
92	-0.966919	0.254028
93	-0.967529	0.252686
94	-0.968262	0.249878
95	-0.968750	0.254395
96	-0.965820	0.250122
97	-0.968262	0.256836
98	-0.968994	0.251953
99	-0.966919	0.249023
100	-0.968628	0.250366
101	-0.967407	0.245850
102	-0.967529	0.243286
103	-0.968262	0.244751
104	-0.967896	0.240112
105	-0.967529	0.239624
106	-0.967896	0.235474
107	-0.966309	0.233765
108	-0.967163	0.234131
109	-0.968994	0.231079
110	-0.968384	0.226929
111	-0.968384	0.220703
112	-0.966187	0.221924
113	-0.968018	0.221802
114	-0.968628	0.230347
115	-0.967529	0.228760
116	-0.967773	0.226196
117	-0.969727	0.221802
118	-0.968750	0.219482
119	-0.968994	0.217529
120	-0.971191	0.215088
121	-0.970337	0.214600
122	-0.968750	0.206299
123	-0.970093	0.202759
124	-0.968384	0.204224
125	-0.967041	0.202148
126	-0.966187	0.189575
127	-0.968140	0.191040
128	-0.971558	0.188232
129	-0.969849	0.189331
130	-0.969116	0.186035
131	-0.968262	0.180420
132	-0.969971	0.181030
133	-0.968262	0.185547
134	-0.968506	0.184082
135	-0.969238	0.186279
136	-0.968140	0.182739
137	-0.969238	0.187012
138	-0.966187	0.189453
139	-0.969971	0.187866
140	-0.969482	0.189575
141	-0.971313	0.195190
142	-0.968994	0.195190
143	-0.968140	0.194092
144	-0.969482	0.203857
145	-0.966187	0.198242
146	-0.968872	0.196411
147	-0.967041	0.202148
148	-0.968628	0.203857
149	-0.966675	0.207275
150	-0.967529	0.209717
151	-0.968994	0.211060
152	-0.969604	0.211792
153	-0.968506	0.214600
154	-0.967651	0.208984
155	-0.965820	0.206787
156	-0.969238	0.198608
157	-0.969482	0.201538
158	-0.970581	0.206665
159	-0.969971	0.210693
160	-0.970215	0.218628
161	-0.966553	0.218262
162	-0.970459	0.221680
163	-0.968750	0.221313
164	-0.968750	0.222168
165	-0.965210	0.219971
166	-0.968750	0.219116
167	-0.966431	0.214111
168	-0.969604	0.219360
169	-0.969849	0.219849
170	-0.968628	0.213135
171	-0.969482	0.220825
172	-0.969116	0.226563
173	-0.968994	0.231079
174	-0.964966	0.224854
175	-0.968384	0.219849
176	-0.971436	0.221436
177	-0.969971	0.221680
178	-0.968628	0.228394
179	-0.968628	0.228516
180	-0.966309	0.235107
181	-0.967407	0.233154
182	-0.969360	0.228882
183	-0.965942	0.225952
184	-0.967407	0.229004
185	-0.968750	0.231567
186	-0.966919	0.229980
187	-0.967773	0.222534
188	-0.970215	0.227783
189	-0.971191	0.232544
190	-0.969971	0.228149
191	-0.967163	0.218628
192	-0.967529	0.213623
193	-0.964600	0.209229
194	-0.967773	0.197754
195	-0.966431	0.193115
196	-0.969604	0.190186
197	-0.969238	0.189453
198	-0.969116	0.192627
199	-0.967773	0.193726
200	-0.966309	0.189209
201	-0.969482	0.193237
202	-0.969116	0.192627
203	-0.967773	0.194702
204	-0.967651	0.193970
205	-0.968750	0.195557
206	-0.969360	0.191772
207	-0.969727	0.190430
208	-0.971802	0.190308
209	-0.971436	0.187500
210	-0.971191	0.185181
211	-0.970825	0.188721
212	-0.969727	0.188232
213	-0.967651	0.178955
214	-0.969604	0.183105
215	-0.967285	0.182861
216	-0.970215	0.181519
217	-0.966675	0.179199
218	-0.966553	0.183105
219	-0.967285	0.178711
220	-0.971191	0.185913
221	-0.967285	0.180176
222	-0.970459	0.178955
223	-0.967896	0.180542
224	-0.964722	0.176880
225	-0.968140	0.173462
226	-0.968384	0.180908
227	-0.970581	0.182617
228	-0.968872	0.188477
229	-0.968994	0.188965
230	-0.968628	0.183838
231	-0.968262	0.186157
232	-0.969360	0.182495
233	-0.967407	0.186890
234	-0.968018	0.188965
235	-0.970825	0.188721
236	-0.969360	0.195435
237	-0.968018	0.194092
238	-0.969116	0.197266
239	-0.967651	0.196899
240	-0.968628	0.199341
241	-0.970703	0.194824
242	-0.970581	0.187866
243	-0.968262	0.188477
244	-0.968262	0.190796
245	-0.969971	0.189331
246	-0.971069	0.187134
247	-0.968994	0.188354
248	-0.968262	0.190308
249	-0.967651	0.197510
250	-0.970947	0.203491
251	-0.968628	0.206299
252	-0.969116	0.201660
253	-0.969482	0.205688
254	-0.968018	0.200684
255	-0.970581	0.199707
256	-0.968628	0.205078
257	-0.971802	0.208862
258	-0.969849	0.203491
259	-0.970459	0.197266
260	-0.971680	0.196289
261	-0.969727	0.194092
262	-0.967896	0.188354
263	-0.968994	0.185791
264	-0.969849	0.182251
265	-0.971191	0.186768
266	-0.971313	0.181519
267	-0.970581	0.181152
268	-0.969482	0.177612
269	-0.970337	0.174927
270	-0.970825	0.175537
271	-0.971924	0.173218
272	-0.969482	0.183350
273	-0.967773	0.180542
274	-0.970825	0.181396
275	-0.969971	0.181152
276	-0.969116	0.178833
277	-0.973022	0.178955
278	-0.970459	0.177490
279	-0.970581	0.177612
280	-0.968872	0.180420
281	-0.969971	0.178223
282	-0.970459	0.178223
283	-0.970093	0.181030
284	-0.968750	0.182861
285	-0.970459	0.187500
286	-0.969604	0.187012
287	-0.970337	0.178589
288	-0.970703	0.174194
289	-0.971802	0.170166
290	-0.969360	0.160522
291	-0.968018	0.159424
292	-0.969116	0.158447
293	-0.969360	0.153931
294	-0.972412	0.155518
295	-0.970947	0.159424
296	-0.972290	0.157715
297	-0.972412	0.155884
298	-0.969482	0.155151
299	-0.966797	0.155518
300	-0.969604	0.159912
301	-0.968994	0.153687
302	-0.970703	0.150513
303	-0.968628	0.151733
304	-0.969727	0.161377
305	-0.970825	0.165649
306	-0.969116	0.156738
307	-0.970703	0.154419
308	-0.971680	0.157715
309	-0.971313	0.161255
310	-0.973145	0.158936
311	-0.973267	0.160278
312	-0.970947	0.163818
313	-0.971436	0.165283
314	-0.970093	0.166992
315	-0.971802	0.169189
316	-0.971069	0.168823
317	-0.970825	0.162354
318	-0.970459	0.167603
319	-0.969727	0.166626
320	-0.971436	0.159302
321	-0.969727	0.161865
322	-0.968140	0.160645
323	-0.967773	0.156494
324	-0.970337	0.158569
325	-0.971558	0.164063
326	-0.970947	0.166626
327	-0.970337	0.166626
328	-0.972656	0.168457
329	-0.969116	0.172974
330	-0.969482	0.175293
331	-0.967773	0.171509
332	-0.971191	0.178833
333	-0.970947	0.179810
334	-0.972046	0.182007
335	-0.970459	0.183838
336	-0.970093	0.187012
337	-0.972534	0.189453
338	-0.970459	0.190796
339	-0.967773	0.186646
340	-0.971680	0.192627
341	-0.968750	0.192139
342	-0.968384	0.190308
343	-0.968506	0.182617
344	-0.969849	0.183716
345	-0.971436	0.190918
346	-0.971680	0.185669
347	-0.970093	0.186035
348	-0.968872	0.180908
349	-0.970093	0.180908
350	-0.969360	0.181763
351	-0.970947	0.184082
352	-0.967896	0.182129
353	-0.971313	0.179688
354	-0.972656	0.178955
355	-0.970337	0.174683
356	-0.972900	0.174683
357	-0.971313	0.174683
358	-0.970581	0.165527
359	-0.972534	0.164185
360	-0.972778	0.167603
361	-0.971191	0.169189
362	-0.970703	0.171509
363	-0.969604	0.174805
364	-0.970337	0.175903
365	-0.973145	0.177246
366	-0.971924	0.179199
367	-0.971558	0.177246
368	-0.969360	0.175659
369	-0.970093	0.180664
370	-0.971436	0.176636
371	-0.970459	0.177856
372	-0.970215	0.181519
373	-0.971924	0.178955
374	-0.969604	0.181274
375	-0.970093	0.181274
376	-0.973145	0.182861
377	-0.971191	0.189453
378	-0.970703	0.189819
379	-0.972290	0.187622
380	-0.969727	0.191650
381	-0.968262	0.189575
382	-0.966919	0.193604
383	-0.968872	0.190430
384	-0.971680	0.195190
385	-0.970947	0.198730
386	-0.969604	0.204224
387	-0.969604	0.205933
388	-0.970825	0.206055
389	-0.968750	0.205566
390	-0.970581	0.201904
391	-0.971069	0.200195
392	-0.969727	0.203491
393	-0.969849	0.203491
394	-0.966797	0.202026
395	-0.970581	0.199585
396	-0.969604	0.202515
397	-0.971191	0.202393
398	-0.969360	0.201172
399	-0.969482	0.198975
400	-0.971313	0.198364
401	-0.967163	0.191895
402	-0.969727	0.189697
403	-0.968018	0.186035
404	-0.968750	0.191162
405	-0.967163	0.199707
406	-0.968506	0.198975
407	-0.970215	0.203491
408	-0.970337	0.203369
409	-0.969238	0.206299
410	-0.968994	0.202026
411	-0.967407	0.204834
412	-0.970215	0.211304
413	-0.969604	0.211670
414	-0.969849	0.212036
415	-0.970215	0.214478
416	-0.969482	0.212646
417	-0.967407	0.212891
418	-0.970215	0.207275
419	-0.969849	0.207886
420	-0.969849	0.208252
421	-0.966553	0.213501
422	-0.968872	0.213501
423	-0.966919	0.206421
424	-0.969604	0.200928
425	-0.970947	0.197266
426	-0.969727	0.197998
427	-0.970093	0.197388
428	-0.969849	0.189819
429	-0.969604	0.191406
430	-0.965698	0.191772
431	-0.968506	0.192993
432	-0.970947	0.193481
433	-0.970703	0.190430
434	-0.968140	0.189941
435	-0.968994	0.187744
436	-0.966919	0.188354
437	-0.966919	0.188354
438	-0.967773	0.189941
439	-0.966553	0.183838
440	-0.969238	0.180786
441	-0.968994	0.181885
442	-0.967651	0.180908
443	-0.968994	0.179443
444	-0.970825	0.179565
445	-0.972778	0.179810
446	-0.971069	0.180786
447	-0.970337	0.182861
448	-0.969727	0.179565
449	-0.967163	0.177490
450	-0.969971	0.169312
451	-0.967407	0.169189
452	-0.969849	0.159424
453	-0.970459	0.158813
454	-0.968994	0.157104
455	-0.968384	0.164551
456	-0.965942	0.163452
457	-0.968750	0.160767
458	-0.969116	0.157837
459	-0.969604	0.162720
460	-0.968750	0.167236
461	-0.970337	0.171021
462	-0.969604	0.168335
463	-0.971191	0.167236
464	-0.971558	0.161377
465	-0.971802	0.162842
466	-0.971069	0.165283
467	-0.970581	0.168213
468	-0.969971	0.166504
469	-0.967773	0.168579
470	-0.970459	0.167114
471	-0.968262	0.174438
472	-0.970703	0.172119
473	-0.966919	0.178589
474	-0.967285	0.177124
475	-0.968262	0.184082
476	-0.971191	0.182617
477	-0.967651	0.171631
478	-0.971802	0.173462
479	-0.969360	0.170288
480	-0.966431	0.169922
481	-0.969604	0.162476
482	-0.969116	0.171387
483	-0.970093	0.163208
484	-0.970703	0.166260
485	-0.970337	0.168579
486	-0.970703	0.168457
487	-0.970459	0.174072
488	-0.970215	0.176392
489	-0.968628	0.176270
490	-0.969360	0.172974
491	-0.972412	0.178711
492	-0.971924	0.182861
493	-0.970825	0.186279
494	-0.971313	0.190308
495	-0.968628	0.197876
496	-0.969604	0.197632
497	-0.970459	0.193115
498	-0.970459	0.195679
499	-0.969727	0.197388
500	-0.968872	0.201782
501	-0.970215	0.198242
502	-0.971680	0.196167
503	-0.968872	0.197388
504	-0.968994	0.187500
505	-0.969238	0.187988
506	-0.971191	0.192993
507	-0.970459	0.195923
508	-0.969849	0.190308
509	-0.970459	0.190796
510	-0.968994	0.196045
511	-0.972168	0.197998
512	-0.969238	0.197754
513	-0.972900	0.200928
514	-0.970947	0.201782
515	-0.971191	0.200073
516	-0.970703	0.194092
517	-0.969727	0.193359
518	-0.968506	0.195068
519	-0.968628	0.192871
520	-0.969604	0.195679
521	-0.971680	0.198608
522	-0.970825	0.202881
523	-0.970703	0.209473
524	-0.971436	0.205322
525	-0.970825	0.202637
526	-0.971313	0.206177
527	-0.972290	0.212402
528	-0.970947	0.215698
529	-0.968262	0.212280
530	-0.971069	0.211670
531	-0.969849	0.212524
532	-0.969727	0.207642
533	-0.972778	0.211182
534	-0.971558	0.210571
535	-0.970947	0.212158
536	-0.969238	0.210815
537	-0.969116	0.211304
538	-0.970093	0.212402
539	-0.970703	0.216309
540	-0.969971	0.214478
541	-0.970825	0.217407
542	-0.970337	0.212646
543	-0.970337	0.212524
544	-0.969971	0.209717
545	-0.971313	0.209229
546	-0.969604	0.211060
547	-0.968872	0.207886
548	-0.969116	0.208618
549	-0.969482	0.202515
550	-0.973267	0.198242
551	-0.971802	0.200073
552	-0.972900	0.196045
553	-0.972534	0.193481
554	-0.970703	0.195190
555	-0.968140	0.198242
556	-0.970703	0.196411
557	-0.969116	0.190430
558	-0.971436	0.186768
559	-0.970825	0.184204
560	-0.971191	0.191895
561	-0.971680	0.194336
562	-0.969727	0.186157
563	-0.971069	0.190796
564	-0.971436	0.187256
565	-0.971069	0.185669
566	-0.972412	0.188477
567	-0.971558	0.183838
568	-0.969849	0.190552
569	-0.970215	0.190674
570	-0.969727	0.191528
571	-0.972412	0.195313
572	-0.971802	0.201660
573	-0.970947	0.192627
574	-0.969604	0.193115
575	-0.968262	0.189453
576	-0.969727	0.189331
577	-0.968994	0.185669
578	-0.967773	0.180420
579	-0.967163	0.178467
580	-0.970093	0.178223
581	-0.971680	0.180786
582	-0.970703	0.179443
583	-0.969482	0.175537
584	-0.972046	0.176880
585	-0.968506	0.173584
586	-0.969849	0.176392
587	-0.968750	0.176270
588	-0.971313	0.177856
589	-0.970459	0.185791
590	-0.970825	0.184814
591	-0.969604	0.188110
592	-0.970093	0.194580
593	-0.972290	0.199951
594	-0.970093	0.200684
595	-0.967773	0.204468
596	-0.971313	0.197021
597	-0.968262	0.193359
598	-0.967651	0.195923
599	-0.968262	0.196167
600	-0.968506	0.200928
601	-0.970947	0.207153
602	-0.970825	0.208984
603	-0.968750	0.210693
604	-0.967529	0.226196
605	-0.968994	0.226440
606	-0.969360	0.232056
607	-0.970215	0.240723
608	-0.966431	0.241089
609	-0.969727	0.252686
610	-0.971313	0.253174
611	-0.968506	0.251953
612	-0.972168	0.254272
613	-0.970581	0.259155
614	-0.969971	0.264648
615	-0.970703	0.267090
616	-0.971802	0.270142
617	-0.969849	0.273315
618	-0.969604	0.281372
619	-0.967896	0.285400
620	-0.968384	0.284180
621	-0.970459	0.286987
622	-0.969482	0.284912
623	-0.969727	0.286255
624	-0.968750	0.283936
625	-0.969482	0.284546
626	-0.970703	0.291260
627	-0.969971	0.286743
628	-0.969238	0.286621
629	-0.970947	0.289185
630	-0.969360	0.288940
631	-0.969482	0.291382
632	-0.971436	0.292725
633	-0.971313	0.297974
634	-0.970215	0.299683
635	-0.972656	0.296265
636	-0.969727	0.292236
637	-0.968628	0.291504
638	-0.967407	0.289307
639	-0.969849	0.287842
640	-0.972412	0.291260
641	-0.971436	0.286987
642	-0.970093	0.283813
643	-0.969604	0.277832
644	-0.971558	0.278931
645	-0.969482	0.277832
646	-0.971069	0.271851
647	-0.970947	0.266357
648	-0.970337	0.261475
649	-0.969971	0.259766
650	-0.966675	0.247070
651	-0.970825	0.241577
652	-0.969971	0.234497
653	-0.972290	0.234985
654	-0.970581	0.236450
655	-0.970215	0.236328
656	-0.971802	0.233765
657	-0.967773	0.231079
658	-0.970703	0.227905
659	-0.968750	0.226074
660	-0.969727	0.222168
661	-0.967529	0.228760
662	-0.967529	0.222534
663	-0.970337	0.224243
664	-0.971313	0.229004
665	-0.969727	0.236572
666	-0.969360	0.236816
667	-0.967773	0.243164
668	-0.970215	0.244995
669	-0.969727	0.244263
670	-0.971680	0.242188
671	-0.971191	0.253052
672	-0.970947	0.249268
673	-0.969482	0.251099
674	-0.971680	0.244629
675	-0.970093	0.245483
676	-0.971436	0.245850
677	-0.967896	0.245239
678	-0.970093	0.247803
679	-0.967773	0.247437
680	-0.970581	0.254761
681	-0.971802	0.245850
682	-0.970947	0.241089
683	-0.970093	0.239380
684	-0.970581	0.237183
685	-0.970581	0.240845
686	-0.967041	0.237549
687	-0.969971	0.236450
688	-0.971924	0.238159
689	-0.971802	0.248169
690	-0.969360	0.256348
691	-0.969482	0.252808
692	-0.967163	0.256714
693	-0.967163	0.251221
694	-0.969849	0.251831
695	-0.967896	0.252319
696	-0.969360	0.257813
697	-0.970215	0.254395
698	-0.967896	0.254028
699	-0.968262	0.255615
700	-0.971313	0.261353
701	-0.973877	0.265503
702	-0.972412	0.263672
703	-0.970703	0.263062
704	-0.970337	0.262329
705	-0.967529	0.263916
706	-0.969971	0.263916
707	-0.968628	0.267822
708	-0.972168	0.267212
709	-0.970703	0.273926
710	-0.970825	0.272095
711	-0.969360	0.271484
712	-0.967041	0.272461
713	-0.970825	0.274780
714	-0.970947	0.278198
715	-0.970215	0.271484
716	-0.969727	0.268433
717	-0.970215	0.271973
718	-0.970825	0.265137
719	-0.971191	0.264893
720	-0.971558	0.266357
721	-0.972046	0.270752
722	-0.970825	0.263916
723	-0.971069	0.262451
724	-0.970459	0.260742
725	-0.968140	0.263062
726	-0.970581	0.269653
727	-0.967773	0.264893
728	-0.971436	0.258179
729	-0.968872	0.258911
730	-0.968750	0.251343
731	-0.968750	0.249268
732	-0.972046	0.247925
733	-0.968872	0.246582
734	-0.972534	0.247803
735	-0.970703	0.249268
736	-0.967285	0.247192
737	-0.968628	0.247803
738	-0.969482	0.249023
739	-0.971436	0.245972
740	-0.971436	0.249023
741	-0.971313	0.246216
742	-0.970459	0.247803
743	-0.970703	0.253052
744	-0.970581	0.248901
745	-0.968994	0.242065
746	-0.969238	0.243164
747	-0.971680	0.241699
748	-0.971313	0.241943
749	-0.969482	0.248047
750	-0.971680	0.254639
751	-0.968750	0.251709
752	-0.968262	0.252075
753	-0.970703	0.241577
754	-0.970459	0.241577
755	-0.968262	0.235962
756	-0.968018	0.232300
757	-0.969727	0.239502
758	-0.971802	0.241455
759	-0.969727	0.235474
760	-0.969238	0.236206
761	-0.969360	0.233521
762	-0.972656	0.242432
763	-0.969604	0.245850
764	-0.969604	0.249146
765	-0.970703	0.250122
766	-0.968140	0.248169
767	-0.970703	0.251221
768	-0.969604	0.258057
769	-0.972046	0.263184
770	-0.970337	0.270020
771	-0.972534	0.276611
772	-0.971313	0.271851
773	-0.970215	0.273193
774	-0.968506	0.270386
775	-0.968872	0.272461
776	-0.969116	0.273071
777	-0.970093	0.280151
778	-0.970825	0.274658
779	-0.971069	0.271973
780	-0.972046	0.273193
781	-0.971802	0.272583
782	-0.971313	0.282471
783	-0.973267	0.291016
784	-0.971680	0.284302
785	-0.969604	0.284180
786	-0.972168	0.288208
787	-0.971069	0.287720
788	-0.969849	0.279907
789	-0.973389	0.282715
790	-0.972290	0.283325
791	-0.971802	0.279419
792	-0.969727	0.282104
793	-0.969849	0.284912
794	-0.971191	0.282715
795	-0.970703	0.280029
796	-0.969116	0.282715
797	-0.970825	0.278320
798	-0.969482	0.274536
799	-0.970947	0.269165
800	-0.971191	0.266479
801	-0.971680	0.264404
802	-0.970825	0.260986
803	-0.968384	0.257568
804	-0.970581	0.260132
805	-0.969971	0.258301
806	-0.973267	0.263794
807	-0.971191	0.267700
808	-0.972412	0.262939
809	-0.972778	0.267456
810	-0.970093	0.263794
811	-0.968262	0.258667
812	-0.971313	0.262085
813	-0.968872	0.257080
814	-0.971558	0.251831
815	-0.970459	0.250610
816	-0.971802	0.253662
817	-0.972412	0.259155
818	-0.970703	0.256714
819	-0.971924	0.259521
820	-0.971802	0.262817
821	-0.972412	0.260010
822	-0.973267	0.252319
823	-0.973267	0.249512
824	-0.972290	0.241821
825	-0.971436	0.235718
826	-0.969727	0.238892
827	-0.971069	0.227539
828	-0.970825	0.219971
829	-0.970459	0.216675
830	-0.969971	0.218872
831	-0.968750	0.217529
832	-0.971069	0.216553
833	-0.970947	0.222046
834	-0.968628	0.219482
835	-0.968750	0.219971
836	-0.970825	0.214355
837	-0.971436	0.216553
838	-0.970459	0.215698
839	-0.970337	0.217041
840	-0.971802	0.219727
841	-0.970093	0.218994
842	-0.969604	0.219604
843	-0.968872	0.209106
844	-0.971924	0.208252
845	-0.971313	0.211304
846	-0.972534	0.204834
847	-0.971069	0.214478
848	-0.970825	0.214111
849	-0.972534	0.213257
850	-0.970825	0.213989
851	-0.968750	0.211670
852	-0.971924	0.215698
853	-0.969238	0.206543
854	-0.969360	0.198730
855	-0.968750	0.193604
856	-0.970215	0.195190
857	-0.972412	0.193726
858	-0.972290	0.195801
859	-0.971191	0.193481
860	-0.970459	0.185669
861	-0.972290	0.184937
862	-0.971680	0.186035
863	-0.972656	0.181519
864	-0.968994	0.170288
865	-0.972412	0.172485
866	-0.972656	0.170166
867	-0.971313	0.163940
868	-0.972534	0.164063
869	-0.971924	0.160400
870	-0.971436	0.160889
871	-0.972900	0.160889
872	-0.973633	0.164917
873	-0.973145	0.168091
874	-0.971924	0.166016
875	-0.971191	0.169067
876	-0.971069	0.167480
877	-0.973022	0.174316
878	-0.971802	0.174561
879	-0.970947	0.172485
880	-0.969238	0.172729
881	-0.971069	0.171509
882	-0.970459	0.162231
883	-0.970825	0.165894
884	-0.970703	0.172363
885	-0.973755	0.172852
886	-0.970459	0.181030
887	-0.970581	0.183350
888	-0.973389	0.186646
889	-0.971436	0.190430
890	-0.970581	0.187988
891	-0.972168	0.179077
892	-0.970947	0.177246
893	-0.969360	0.188232
894	-0.968018	0.191650
895	-0.970215	0.193848
896	-0.973022	0.202515
897	-0.970947	0.202148
898	-0.969116	0.204224
899	-0.969971	0.202881
900	-0.971680	0.196899
901	-0.969604	0.203613
902	-0.970703	0.205811
903	-0.970581	0.209229
904	-0.970459	0.206909
905	-0.971191	0.203735
906	-0.968018	0.203247
907	-0.971802	0.205566
908	-0.970215	0.199219
909	-0.972168	0.190186
910	-0.970703	0.192993
911	-0.970581	0.194580
912	-0.972656	0.197754
913	-0.968872	0.192749
914	-0.970825	0.200439
915	-0.969604	0.199463
916	-0.970947	0.203613
917	-0.968262	0.205933
918	-0.970093	0.200684
919	-0.972168	0.203735
920	-0.970581	0.201172
921	-0.969849	0.200928
922	-0.969727	0.203491
923	-0.968140	0.205078
924	-0.970581	0.208862
925	-0.970093	0.205444
926	-0.970825	0.203491
927	-0.969727	0.201416
928	-0.970459	0.191528
929	-0.967529	0.191162
930	-0.971436	0.188232
931	-0.969971	0.194824
932	-0.970215	0.198730
933	-0.967041	0.203125
934	-0.969116	0.204346
935	-0.967651	0.200317
936	-0.970459	0.204712
937	-0.971680	0.207397
938	-0.971069	0.208618
939	-0.971191	0.213867
940	-0.971069	0.211182
941	-0.970459	0.215698
942	-0.966675	0.213745
943	-0.970459	0.211792
944	-0.972412	0.216431
945	-0.971802	0.221069
946	-0.970581	0.222168
947	-0.969604	0.217896
948	-0.967529	0.211182
949	-0.967285	0.212036
950	-0.969238	0.210327
951	-0.966431	0.204346
952	-0.968994	0.208862
953	-0.969604	0.204468
954	-0.968506	0.205322
955	-0.969604	0.202026
956	-0.971924	0.206421
957	-0.973633	0.205078
958	-0.972656	0.202881
959	-0.970581	0.201660
960	-0.969971	0.195557
961	-0.966797	0.196289
962	-0.969482	0.193115
963	-0.968018	0.194336
964	-0.970581	0.190796
965	-0.970093	0.188599
966	-0.970215	0.192505
967	-0.968384	0.197876
968	-0.966431	0.189575
969	-0.970825	0.184570
970	-0.971069	0.182373
971	-0.970459	0.185913
972	-0.970215	0.183594
973	-0.970093	0.180786
974	-0.970215	0.179688
975	-0.970947	0.175049
976	-0.972046	0.175171
977	-0.971924	0.176147
978	-0.971436	0.177612
979	-0.971558	0.175171
980	-0.970581	0.173950
981	-0.969238	0.176880
982	-0.971069	0.171875
983	-0.969727	0.165894
984	-0.972412	0.169067
985	-0.968628	0.165527
986	-0.967773	0.161377
987	-0.968384	0.152466
988	-0.972534	0.153931
989	-0.968750	0.154663
990	-0.972168	0.154907
991	-0.969238	0.149780
992	-0.966064	0.144531
993	-0.969238	0.139038
994	-0.969238	0.136230
995	-0.971069	0.122681
996	-0.970825	0.123047
997	-0.971191	0.114380
998	-0.971313	0.111206
999	-0.970825	0.110840
